6_Funeral_Funeral_6_432
19
710 144 98 136 0.9998047 
823 212 120 151 0.9997967 
342 153 102 144 0.9997429 
451 293 39 53 0.9210901 
86 319 25 32 0.7123621 
176 292 33 41 0.60781246 
977 220 40 45 0.30780357 
592 165 88 125 0.0418301 
72 47 186 210 0.03650388 
20 -5 186 211 0.029523943 
589 20 28 34 0.02662516 
181 532 378 472 0.026460912 
34 399 17 25 0.025714383 
822 670 106 94 0.023450911 
189 81 85 113 0.023133645 
898 619 30 39 0.022718348 
255 553 210 263 0.022409318 
216 74 50 75 0.022165546 
108 344 23 28 0.021995595 
