6_Funeral_Funeral_6_109
113
122 216 31 40 0.9995116 
355 225 24 31 0.9986267 
388 311 27 35 0.9968766 
195 213 32 38 0.99670464 
716 293 22 29 0.9930936 
303 229 24 30 0.9919629 
778 229 17 20 0.9871997 
247 220 26 33 0.98704046 
423 238 22 29 0.9870235 
802 254 19 22 0.9824133 
459 224 22 29 0.9800417 
593 301 24 31 0.9783085 
303 197 21 27 0.9752892 
645 218 22 25 0.9693271 
618 220 18 23 0.96615213 
547 221 17 21 0.9661184 
915 220 20 24 0.9615289 
882 237 16 19 0.95868766 
411 205 19 23 0.95521605 
269 221 24 33 0.9503226 
520 232 20 25 0.9491086 
698 247 16 20 0.94371295 
369 204 20 26 0.9421204 
588 228 19 23 0.93878907 
568 210 16 20 0.92420727 
455 303 20 25 0.9144381 
740 254 16 19 0.86997104 
716 254 15 19 0.8562321 
836 241 16 19 0.8065728 
486 215 20 23 0.7735113 
572 323 21 28 0.7514288 
660 300 20 23 0.72073853 
491 235 22 27 0.6985008 
564 238 12 16 0.6015869 
982 217 16 18 0.46590683 
489 247 18 22 0.39189768 
501 230 20 27 0.37777337 
678 251 13 17 0.31304085 
899 265 13 16 0.23035935 
334 219 15 20 0.21671195 
860 262 12 17 0.21588558 
548 325 12 18 0.2057168 
710 236 11 13 0.18734956 
704 248 18 23 0.18288538 
835 275 13 16 0.17944284 
84 140 14 16 0.17153144 
361 210 23 32 0.1296465 
635 389 15 20 0.1153398 
828 266 15 19 0.105736956 
86 134 14 16 0.09739192 
630 255 14 18 0.09111299 
798 225 17 19 0.09090018 
158 221 21 28 0.06821834 
332 231 16 21 0.06491081 
860 255 10 14 0.0640387 
672 230 12 15 0.06153434 
543 278 11 14 0.061396293 
558 234 14 17 0.057028383 
839 259 23 29 0.052130513 
444 193 17 18 0.050271817 
426 373 16 22 0.045862906 
751 383 13 16 0.04479583 
522 172 11 15 0.041379612 
441 201 22 25 0.04085668 
223 197 14 18 0.04049878 
625 250 15 19 0.04021003 
709 375 16 17 0.040094268 
303 213 27 36 0.03914505 
487 232 18 22 0.03790999 
712 259 20 28 0.036687545 
509 189 13 15 0.035595767 
481 271 16 20 0.033778798 
854 217 13 18 0.03317163 
822 259 14 20 0.03271298 
712 276 11 15 0.03266854 
81 145 14 19 0.0312661 
556 210 18 25 0.03126486 
318 230 21 27 0.031146895 
827 3 52 64 0.029528683 
855 244 10 15 0.029278846 
754 210 15 17 0.029125579 
836 229 16 19 0.029063754 
548 239 13 17 0.028906947 
569 234 14 18 0.028298859 
856 195 12 14 0.027946834 
503 202 13 16 0.027719017 
591 195 13 15 0.026365085 
507 196 15 18 0.025703048 
852 260 18 26 0.025061876 
674 235 13 15 0.024707455 
525 177 12 15 0.024634749 
564 227 15 19 0.024509849 
582 316 23 29 0.024453592 
900 422 11 15 0.024398666 
395 208 16 21 0.023740131 
55 159 11 15 0.023739759 
162 155 25 31 0.022694329 
36 147 12 13 0.02255684 
854 236 11 15 0.02253531 
792 439 11 15 0.022510922 
137 218 26 34 0.022182211 
841 247 14 19 0.022140095 
685 242 19 25 0.021925047 
705 363 26 32 0.021864314 
831 247 14 19 0.02177303 
399 319 17 23 0.021608854 
586 328 16 21 0.02150479 
570 224 16 20 0.02111829 
354 103 37 41 0.021058226 
562 242 17 23 0.021020148 
251 -3 61 54 0.020623228 
318 117 11 13 0.020565849 
836 256 15 21 0.020484269 
