6_Funeral_Funeral_6_861
31
369 252 296 422 0.9960645 
84 504 408 424 0.5137587 
476 742 433 593 0.46951142 
-48 885 454 457 0.46028093 
2 21 499 598 0.3004465 
430 488 474 529 0.23162426 
279 1514 37 34 0.17928115 
234 1497 34 36 0.12055594 
201 234 348 516 0.099606104 
264 1512 35 38 0.09503235 
61 1321 144 142 0.088228434 
362 952 487 517 0.086872295 
-22 344 374 538 0.07730643 
227 1509 33 36 0.06970237 
245 1067 477 540 0.062252555 
184 74 508 425 0.05393379 
629 302 412 502 0.05364602 
45 680 344 495 0.047677442 
246 709 227 268 0.039377477 
209 1514 33 34 0.035267584 
292 727 383 377 0.033762444 
67 304 226 279 0.028841311 
236 1509 53 46 0.02748286 
357 136 152 133 0.02699941 
75 306 121 166 0.026810618 
45 1249 190 272 0.026654102 
746 1514 23 39 0.025676865 
411 811 16 18 0.024316894 
57 979 234 294 0.024064235 
488 1521 26 32 0.023840465 
601 1523 33 29 0.022106431 
