6_Funeral_Funeral_6_364
427
470 128 32 41 0.9983376 
170 137 33 41 0.99054235 
558 85 38 54 0.97848547 
6 602 14 20 0.5685316 
471 542 12 13 0.39589223 
356 556 10 12 0.37283406 
637 117 20 27 0.32998762 
308 656 15 20 0.3244061 
582 583 9 12 0.26911595 
615 624 9 13 0.26160875 
678 677 22 28 0.24419524 
29 598 13 16 0.21695703 
753 693 8 11 0.195617 
501 578 10 12 0.19307725 
516 583 11 14 0.1815413 
496 646 10 12 0.17777456 
335 548 12 15 0.17490506 
485 582 10 12 0.17304707 
678 662 20 27 0.168113 
624 638 12 15 0.16421796 
8 581 9 12 0.15851289 
496 582 9 11 0.15786313 
364 576 9 11 0.14748277 
565 572 11 14 0.14648016 
598 572 13 18 0.14086127 
565 567 10 12 0.13981517 
366 628 9 12 0.13716568 
628 134 29 34 0.13091578 
623 594 11 14 0.12993424 
270 675 12 14 0.12885804 
72 97 11 14 0.12557745 
772 696 9 11 0.124037296 
584 566 10 12 0.119316906 
20 597 13 17 0.11854848 
125 595 15 21 0.116587825 
622 644 13 16 0.11514387 
315 664 15 20 0.11441676 
367 619 12 15 0.112335645 
585 572 9 12 0.111855276 
783 672 9 10 0.111675814 
604 577 13 16 0.111544915 
713 687 11 13 0.11095181 
119 604 12 18 0.11050661 
392 587 13 16 0.10790103 
14 597 12 20 0.10521233 
500 644 10 13 0.10160912 
272 629 12 16 0.1004833 
550 672 13 19 0.10003274 
448 543 11 12 0.09875196 
416 549 10 12 0.09321847 
564 711 10 13 0.0928886 
629 626 14 16 0.09241166 
270 650 12 15 0.090132795 
361 632 9 11 0.0886753 
528 566 9 12 0.086801596 
513 587 11 14 0.08527697 
773 616 12 14 0.08339886 
362 580 9 11 0.08293509 
472 559 12 14 0.08135587 
340 542 10 12 0.08120457 
551 527 10 11 0.08017214 
446 556 15 17 0.08011001 
316 597 10 14 0.07926667 
807 563 10 14 0.07826579 
1 85 19 39 0.07734684 
451 548 10 12 0.07558652 
721 574 8 11 0.075091384 
417 543 9 11 0.07427985 
313 650 14 20 0.07414946 
350 614 8 12 0.073326655 
613 590 12 15 0.07198553 
750 579 12 15 0.06991364 
479 582 12 15 0.06872833 
133 641 16 21 0.06840171 
418 607 14 17 0.06676069 
452 583 15 18 0.066723295 
472 624 10 12 0.066144474 
285 539 10 12 0.06592922 
551 511 8 10 0.06488751 
738 677 9 12 0.06475559 
610 622 10 12 0.06309907 
302 691 25 33 0.06298477 
430 628 14 18 0.06287452 
317 645 12 15 0.062328726 
576 582 9 11 0.061349545 
290 572 11 13 0.061322123 
642 139 16 21 0.06121043 
369 613 13 16 0.05942806 
350 598 9 12 0.056643024 
757 688 9 12 0.056057636 
2 581 9 14 0.055034135 
486 536 9 10 0.054494783 
611 580 11 14 0.053991877 
327 556 9 12 0.05382002 
326 570 11 13 0.0536151 
606 526 10 12 0.052906103 
769 613 10 14 0.05269319 
518 642 11 12 0.052349903 
313 518 8 11 0.051885445 
788 671 9 10 0.051628914 
825 672 10 12 0.051146798 
614 667 24 31 0.05104029 
421 658 16 20 0.050965168 
50 682 14 18 0.05050116 
365 638 11 13 0.05032964 
776 676 10 13 0.05016708 
206 587 15 20 0.049297526 
791 610 13 16 0.04923194 
448 621 10 12 0.048680052 
509 556 9 11 0.048669104 
1008 692 10 12 0.048329987 
383 576 9 11 0.048306175 
32 575 10 12 0.04801596 
843 588 16 20 0.047329504 
508 550 10 13 0.047068838 
694 649 14 16 0.046824843 
688 682 17 21 0.046496514 
613 658 14 17 0.04595601 
619 621 14 17 0.045874942 
344 567 9 12 0.04557244 
397 550 8 11 0.045410078 
288 566 12 14 0.04493203 
327 532 8 11 0.044530395 
458 581 13 17 0.04440951 
312 611 12 14 0.0441951 
423 581 13 16 0.044176497 
566 605 11 13 0.044125594 
439 610 12 14 0.04403568 
789 540 8 10 0.043634266 
788 655 9 10 0.043333016 
614 651 14 17 0.043157905 
626 651 12 15 0.04288368 
780 611 13 18 0.042873252 
552 573 9 13 0.04280464 
382 598 11 15 0.042655185 
568 517 8 11 0.042478748 
346 518 8 10 0.042413596 
807 677 9 12 0.042397484 
607 566 12 15 0.04234226 
591 571 10 14 0.04183672 
344 525 10 11 0.041551203 
367 644 11 12 0.041490003 
767 655 8 11 0.041390575 
360 636 9 11 0.04121367 
336 581 10 14 0.041013375 
415 587 10 13 0.040980645 
511 543 9 10 0.040278897 
317 517 9 12 0.04009026 
73 582 10 12 0.039652526 
785 541 9 10 0.039608486 
761 612 9 13 0.039580576 
527 631 10 13 0.039508082 
746 588 14 17 0.03947393 
571 605 13 16 0.03941424 
706 13 9 12 0.039262436 
493 586 10 12 0.03908839 
467 541 10 13 0.038843796 
767 701 10 12 0.038791526 
487 551 10 12 0.03796427 
354 495 8 10 0.037772194 
798 573 11 15 0.03764939 
408 551 10 13 0.03760472 
431 626 22 28 0.037582655 
618 117 25 30 0.037280995 
792 618 12 15 0.037062787 
1 609 10 15 0.03701687 
222 541 15 19 0.03686453 
583 518 8 10 0.03684318 
611 116 17 22 0.036838382 
518 575 11 13 0.03683309 
476 627 10 13 0.036494628 
575 566 9 12 0.036239557 
373 605 11 14 0.036075305 
352 592 9 12 0.03582769 
363 588 12 14 0.03579614 
525 670 13 16 0.035792846 
566 561 9 11 0.03571064 
736 695 8 11 0.035531208 
312 602 13 16 0.035516758 
711 677 10 12 0.035431612 
309 543 9 11 0.03502618 
4 585 14 18 0.03501717 
636 623 12 15 0.034975063 
345 513 6 8 0.034631174 
744 653 9 11 0.03441657 
544 549 8 11 0.034382835 
572 574 9 12 0.034297723 
789 661 8 11 0.034221996 
277 602 14 18 0.034010015 
589 566 10 13 0.03398267 
599 110 24 29 0.033899743 
727 549 9 11 0.03367755 
545 512 7 8 0.03359837 
713 574 9 11 0.033203945 
743 647 9 11 0.033179063 
608 594 13 16 0.032984853 
582 560 10 12 0.032934926 
525 637 11 13 0.03291957 
719 661 9 13 0.032869805 
6 621 13 15 0.032773256 
360 542 8 11 0.03262535 
407 612 10 14 0.032527216 
559 560 9 12 0.032302514 
568 598 10 13 0.03223922 
749 637 10 12 0.03219569 
496 576 11 12 0.03217965 
598 567 11 15 0.03216112 
691 666 15 19 0.032092974 
575 588 10 11 0.03206705 
685 655 10 13 0.03193387 
252 577 14 20 0.0318827 
630 121 18 22 0.031689566 
391 593 13 16 0.03145119 
140 597 10 13 0.03131822 
417 582 10 14 0.03124535 
40 573 12 15 0.031239098 
505 565 10 12 0.031216715 
343 534 10 12 0.031169731 
462 558 9 12 0.031140465 
166 120 25 41 0.031080198 
472 587 12 15 0.03096893 
141 554 17 21 0.030741032 
243 530 23 31 0.030706361 
620 629 20 24 0.030467343 
495 534 8 11 0.030338176 
262 667 12 15 0.02998942 
363 621 10 14 0.02996683 
308 706 16 25 0.02995027 
772 700 11 12 0.029935839 
526 587 8 12 0.029710416 
610 571 13 16 0.029511873 
505 544 9 11 0.029385746 
352 633 9 11 0.02936379 
719 679 9 11 0.029296253 
71 598 11 15 0.029255573 
366 596 10 12 0.029229814 
760 662 9 11 0.029182198 
431 624 10 14 0.02908277 
561 619 49 58 0.028979046 
486 630 10 12 0.028959252 
134 630 15 17 0.02894256 
207 617 11 13 0.028909637 
310 645 15 18 0.028817609 
783 695 9 10 0.028726457 
781 675 9 12 0.028527893 
274 669 13 17 0.028444704 
510 642 11 13 0.028344423 
773 565 8 11 0.028341321 
590 709 12 13 0.028287364 
28 606 15 17 0.028276695 
391 619 11 14 0.028266218 
738 684 9 12 0.028259747 
575 536 8 9 0.02820049 
745 572 11 14 0.028195327 
328 549 11 14 0.028145632 
444 606 10 14 0.028088065 
562 604 10 13 0.028076876 
475 546 11 13 0.028053174 
551 518 9 11 0.027925933 
816 635 8 11 0.027847927 
375 502 8 11 0.027794063 
435 581 13 16 0.027540812 
439 638 15 20 0.027521005 
598 628 11 15 0.027517132 
734 653 9 12 0.027389789 
1001 687 10 13 0.0273557 
261 661 11 15 0.027291045 
53 592 16 21 0.02723937 
112 605 12 15 0.027221574 
576 559 9 12 0.027209075 
31 591 14 17 0.027178714 
831 581 9 12 0.027160171 
615 633 11 16 0.02712498 
486 576 10 12 0.02709755 
12 606 13 17 0.026974462 
360 612 9 13 0.02686665 
451 561 13 16 0.0268665 
44 574 15 19 0.026857587 
783 686 8 10 0.02683133 
384 623 9 12 0.026701836 
461 575 11 15 0.02669111 
288 633 12 16 0.026593877 
201 575 24 35 0.026509874 
766 661 8 10 0.026457258 
575 623 9 10 0.02644269 
789 599 20 26 0.026217135 
428 584 15 18 0.026162192 
214 538 26 31 0.026148504 
414 553 11 14 0.02611956 
830 597 12 14 0.026022892 
648 120 15 21 0.026003806 
750 568 12 14 0.025873004 
761 702 9 11 0.02583 
349 573 10 12 0.025735423 
723 678 10 12 0.025690332 
167 653 10 12 0.025600232 
487 662 11 14 0.025516957 
292 541 10 13 0.025497492 
24 556 9 12 0.025380863 
760 655 10 12 0.025330815 
230 610 16 21 0.025213737 
61 609 14 18 0.025115848 
511 595 12 16 0.024983607 
407 581 10 13 0.024901008 
454 575 13 15 0.024662225 
524 618 13 15 0.02464781 
519 540 8 10 0.024586452 
350 603 10 14 0.024546769 
415 628 12 15 0.024451079 
767 636 11 12 0.024420476 
357 562 10 13 0.024262648 
517 557 9 12 0.024212454 
327 602 10 13 0.024176432 
535 543 9 11 0.024126442 
353 500 8 11 0.02410981 
838 599 13 18 0.024047248 
798 627 10 12 0.024035074 
329 512 7 10 0.024021706 
782 631 10 11 0.023986477 
727 660 10 14 0.0239565 
736 647 9 12 0.023928246 
774 632 11 12 0.023927288 
767 709 9 11 0.023895346 
390 604 10 13 0.023750354 
162 621 13 17 0.023742089 
725 636 11 12 0.0236866 
509 575 11 13 0.023658799 
646 614 9 11 0.023612548 
317 591 10 13 0.023585826 
270 576 9 13 0.023582198 
551 548 8 11 0.023538996 
465 547 10 13 0.023404377 
622 612 12 14 0.023398569 
617 590 20 23 0.023386676 
761 543 8 10 0.023356525 
357 605 11 15 0.023319354 
385 629 9 12 0.023268785 
727 591 10 13 0.023261452 
493 650 12 14 0.023238376 
608 614 11 14 0.023192009 
603 575 22 25 0.023174968 
574 495 8 10 0.023070185 
291 578 12 14 0.023066483 
601 509 11 14 0.023008723 
405 604 12 15 0.022907296 
126 619 13 17 0.022890918 
268 581 11 14 0.022833863 
362 659 13 14 0.022828447 
655 491 13 16 0.022820793 
537 548 9 11 0.022638632 
784 573 10 12 0.022608312 
382 526 8 10 0.022604767 
833 589 24 29 0.022585232 
636 635 12 15 0.022543734 
277 658 12 17 0.022426102 
449 536 10 11 0.022413349 
124 607 14 18 0.022394914 
716 93 10 12 0.022372587 
571 641 17 21 0.022353526 
784 704 9 11 0.022259505 
630 511 10 12 0.022096612 
560 598 10 13 0.022092028 
598 586 12 14 0.022069873 
780 637 11 13 0.022030184 
800 564 11 15 0.02200684 
38 655 10 12 0.021869913 
239 564 13 17 0.021852741 
759 621 9 12 0.021848802 
509 577 18 23 0.021798676 
324 660 11 15 0.021759285 
774 637 11 14 0.021739444 
261 636 12 15 0.021719746 
569 525 8 10 0.021617161 
561 568 19 23 0.021570776 
821 595 12 14 0.021570459 
492 660 12 15 0.021570172 
504 586 10 13 0.021519419 
745 581 11 14 0.021498797 
774 573 9 11 0.021460349 
501 650 12 15 0.021373603 
428 575 12 15 0.02137208 
624 508 9 12 0.021360643 
377 581 8 11 0.0212846 
269 657 13 17 0.0212615 
797 597 12 15 0.02125646 
533 615 10 13 0.021254493 
277 581 10 14 0.021252906 
777 709 9 12 0.021236496 
578 577 19 24 0.021230897 
782 709 9 11 0.02113527 
409 543 9 10 0.021086726 
358 535 7 10 0.021065148 
769 610 21 25 0.021064581 
385 658 17 19 0.021049406 
517 551 9 11 0.021027794 
705 9 8 10 0.020965982 
324 694 12 16 0.020938003 
560 590 9 12 0.020928266 
558 511 8 10 0.020882884 
654 485 22 26 0.020791663 
590 675 12 14 0.020781234 
231 571 10 14 0.020730758 
432 542 10 12 0.020713124 
571 635 28 34 0.020704038 
273 518 9 12 0.020691479 
291 659 14 18 0.020673202 
358 595 11 14 0.020588204 
557 534 8 10 0.020524994 
646 498 11 14 0.020522824 
623 604 11 13 0.020484919 
576 628 9 11 0.020444557 
500 676 12 15 0.020387203 
479 536 9 12 0.020383697 
569 496 8 10 0.02035499 
455 527 9 11 0.020344889 
553 567 9 12 0.02032412 
318 665 21 28 0.020323556 
173 624 14 18 0.02029818 
238 533 17 24 0.020265814 
304 544 10 12 0.020259261 
159 626 13 16 0.020255102 
776 14 8 10 0.020198965 
532 572 9 11 0.020152507 
180 525 22 28 0.020129925 
526 509 9 11 0.020072594 
358 495 7 10 0.020010313 
391 511 10 11 0.020009018 
