6_Funeral_Funeral_6_696
64
459 170 60 81 0.99942565 
968 168 53 68 0.99886286 
679 113 63 87 0.9986303 
559 204 51 88 0.99850804 
264 150 28 34 0.9982926 
330 176 27 35 0.99804735 
5 173 26 34 0.99785197 
893 131 46 57 0.9975458 
21 200 25 32 0.99677795 
562 62 59 90 0.99659497 
160 191 32 43 0.99638236 
812 141 55 75 0.9958884 
59 194 25 33 0.9953047 
219 172 20 28 0.988564 
94 183 24 32 0.98314536 
362 174 22 30 0.97793657 
412 88 53 63 0.9756452 
90 156 20 23 0.9621177 
119 186 28 35 0.93824005 
23 162 20 24 0.85613537 
171 161 20 22 0.7826349 
295 163 17 23 0.6883984 
389 151 22 35 0.6535102 
59 174 20 23 0.64908594 
219 163 17 25 0.39561537 
348 159 12 14 0.38442278 
139 171 16 20 0.2499154 
957 153 26 38 0.21836531 
559 319 38 50 0.1590413 
804 162 16 22 0.1473095 
344 157 20 26 0.1197617 
805 155 28 42 0.10346339 
549 147 14 23 0.09691351 
165 170 27 31 0.09081872 
128 175 24 31 0.08323532 
378 164 21 29 0.069606334 
135 193 18 23 0.06819567 
117 171 16 20 0.06776985 
148 193 27 36 0.059522886 
279 155 25 32 0.053720344 
424 116 57 70 0.05100932 
367 169 13 18 0.050814457 
785 157 10 14 0.049530208 
389 135 42 56 0.04471377 
121 171 22 28 0.036777254 
310 47 8 11 0.036079895 
398 116 52 64 0.033862364 
162 178 18 22 0.033137422 
659 117 52 75 0.03246145 
960 157 14 19 0.03169033 
77 189 27 35 0.031613395 
392 150 12 20 0.03152873 
339 168 24 32 0.029580852 
962 378 10 13 0.027541095 
364 172 35 45 0.025080664 
95 167 19 22 0.023292566 
542 146 24 34 0.023124589 
669 139 13 18 0.022781737 
515 158 23 32 0.022488426 
384 172 28 35 0.021804856 
224 158 17 20 0.02156647 
51 301 110 118 0.02081243 
185 163 14 19 0.02016915 
127 201 26 32 0.020074757 
