6_Funeral_Funeral_6_140
78
81 90 61 85 0.9941811 
636 191 76 93 0.94839525 
499 216 57 65 0.9432184 
774 15 13 16 0.8354678 
881 48 21 27 0.71997136 
44 488 144 181 0.467233 
701 536 21 27 0.4634817 
720 232 73 84 0.32858205 
765 38 24 32 0.30180275 
1013 44 9 14 0.28252202 
824 43 24 29 0.14737983 
437 48 382 458 0.10475798 
756 15 41 53 0.092429854 
751 105 190 268 0.0863595 
723 512 14 18 0.08086021 
859 199 48 58 0.072734825 
978 73 15 19 0.06833011 
238 127 45 53 0.0674577 
485 429 92 109 0.061646223 
715 476 12 14 0.055512264 
737 596 29 31 0.05417311 
848 1 32 24 0.053185154 
287 518 44 58 0.052049067 
934 80 22 30 0.041823324 
353 510 10 12 0.03825462 
856 205 33 37 0.03757196 
923 403 17 19 0.037317082 
675 214 88 103 0.036717687 
10 428 45 56 0.035295986 
531 445 12 15 0.034055647 
102 269 37 39 0.03385124 
571 69 55 62 0.033649463 
563 30 67 56 0.0319184 
244 118 35 39 0.03135846 
815 151 9 12 0.031314354 
430 511 8 10 0.030490777 
368 536 8 10 0.029512316 
816 173 116 153 0.029253272 
787 532 28 33 0.027649892 
985 72 16 18 0.027380515 
392 519 7 8 0.02728983 
729 597 11 15 0.026961211 
917 0 12 12 0.026830677 
669 597 12 15 0.026687842 
1012 95 12 19 0.026463881 
69 473 15 17 0.026045434 
309 502 8 9 0.026043274 
382 160 9 12 0.025912467 
812 555 13 17 0.025786985 
727 495 12 16 0.02560304 
400 521 8 8 0.025268452 
394 535 7 10 0.02495734 
540 103 47 56 0.02465008 
329 480 8 9 0.024601242 
894 536 8 10 0.02423639 
717 555 12 14 0.024131889 
888 469 9 11 0.023781888 
885 2 16 19 0.023091178 
713 544 15 20 0.022391496 
332 533 31 43 0.022316169 
731 602 17 22 0.022275353 
134 280 65 64 0.022154376 
406 521 7 9 0.021686465 
383 542 8 10 0.021675587 
720 495 23 30 0.021657996 
807 555 12 17 0.021521777 
311 480 8 9 0.021308392 
318 531 12 15 0.02108618 
655 29 329 409 0.020977182 
496 117 199 275 0.020873893 
844 131 29 33 0.020761471 
576 48 62 62 0.020729447 
947 69 13 16 0.020645317 
932 91 29 35 0.020548042 
795 552 13 17 0.020463709 
797 530 15 19 0.020447731 
832 -2 51 44 0.02019442 
780 147 16 19 0.020053357 
