6_Funeral_Funeral_6_160
87
831 122 53 72 0.99922144 
871 246 66 95 0.9976803 
897 97 61 85 0.9973869 
781 209 49 72 0.9971187 
157 220 62 86 0.9959383 
202 177 67 92 0.9954295 
610 375 39 53 0.9925166 
363 304 45 59 0.99115974 
745 170 47 68 0.9903813 
719 157 36 49 0.98696923 
360 221 32 47 0.98608357 
24 223 65 110 0.9835841 
45 67 50 107 0.94802034 
275 196 44 68 0.8697892 
-1 143 53 116 0.67097944 
297 183 36 58 0.6707339 
176 200 68 94 0.6497447 
862 206 57 80 0.44454327 
120 475 87 62 0.32933185 
722 206 27 45 0.24093243 
90 189 47 58 0.15584667 
60 110 33 61 0.14466234 
142 182 29 33 0.13824596 
270 443 42 49 0.11269685 
501 465 18 20 0.0958348 
728 179 47 72 0.085105576 
895 225 61 84 0.07871777 
266 788 168 227 0.07390335 
997 88 24 60 0.072023995 
111 183 45 55 0.06714683 
66 212 60 87 0.06597458 
116 925 106 138 0.06452331 
549 278 33 40 0.06161066 
253 176 57 81 0.061308585 
130 179 50 57 0.06123622 
522 407 14 18 0.059026457 
14 90 59 120 0.05712611 
311 197 32 46 0.056864124 
6 173 66 130 0.05546381 
131 943 441 531 0.05105477 
381 1298 412 463 0.047400955 
264 208 37 55 0.047302354 
979 816 44 75 0.042826436 
326 351 29 41 0.041767314 
174 475 68 57 0.040367916 
322 232 27 42 0.040252354 
396 262 13 18 0.03980849 
290 1232 51 66 0.03785156 
981 106 41 81 0.033626195 
913 203 52 71 0.033092584 
264 459 36 42 0.032076787 
276 1218 97 119 0.030715123 
204 809 32 47 0.03050284 
288 245 29 35 0.030117981 
294 446 33 38 0.029514434 
43 182 55 77 0.029202847 
323 203 39 56 0.028592197 
536 235 14 17 0.028333759 
665 638 384 512 0.028287295 
388 254 22 31 0.026491243 
686 336 24 37 0.026071418 
1002 74 20 43 0.025911042 
84 437 92 102 0.024732811 
347 674 351 417 0.02463552 
997 183 28 44 0.023670804 
511 400 29 37 0.023630261 
134 175 27 30 0.023510909 
322 207 16 25 0.022591265 
335 214 39 57 0.022478076 
764 170 56 74 0.022430304 
162 191 16 20 0.022377713 
160 192 57 74 0.022193147 
184 243 43 57 0.022131238 
679 306 24 34 0.021957198 
298 1234 19 20 0.021850126 
146 196 20 25 0.021793244 
863 167 57 81 0.02158926 
139 191 19 22 0.02152339 
470 1162 110 128 0.021341985 
154 727 383 457 0.021203458 
560 261 36 42 0.021161119 
680 693 43 44 0.02085667 
261 174 30 42 0.02070738 
731 164 38 53 0.020695228 
437 400 122 143 0.020187017 
314 240 26 41 0.020092033 
728 216 34 53 0.020002011 
