6_Funeral_Funeral_6_280
22
470 51 225 135 0.8335913 
244 201 34 45 0.19496843 
144 151 24 27 0.16482365 
924 0 103 128 0.05759579 
690 7 39 35 0.054170445 
541 454 60 80 0.048263595 
873 280 93 132 0.041714333 
804 59 188 184 0.039470848 
696 136 116 161 0.032038987 
531 61 109 82 0.031274866 
227 143 24 30 0.029177817 
527 400 28 36 0.029054547 
204 176 44 60 0.028960343 
257 514 51 52 0.028222436 
886 307 56 81 0.02743722 
904 245 95 131 0.023079332 
799 199 121 152 0.02281992 
801 273 197 235 0.022120323 
747 331 154 182 0.021870404 
151 130 91 112 0.021215256 
127 29 360 427 0.020390986 
200 443 90 105 0.020354345 
