6_Funeral_Funeral_6_531
485
164 319 16 19 0.9799137 
135 323 19 26 0.95127076 
43 339 20 23 0.9371217 
81 330 21 27 0.9155728 
229 327 12 17 0.7380993 
267 284 14 17 0.67114514 
319 277 14 18 0.6622877 
384 268 11 13 0.63570434 
263 290 12 16 0.6291242 
205 358 10 14 0.44810697 
246 295 13 18 0.40096053 
222 313 14 18 0.39572203 
434 253 9 12 0.39261496 
353 278 11 12 0.35276377 
337 279 10 13 0.3423724 
864 223 10 13 0.3138908 
413 263 11 12 0.26692194 
114 329 13 17 0.2520712 
195 318 10 13 0.2303931 
292 311 11 15 0.22672983 
804 287 10 13 0.20275077 
829 237 12 14 0.19684279 
959 157 11 13 0.19400965 
905 141 8 10 0.19117545 
884 136 10 11 0.19089682 
409 263 9 12 0.18225233 
961 151 10 12 0.17110784 
976 206 9 11 0.16685122 
448 248 8 10 0.16095461 
981 186 13 17 0.16093639 
869 144 8 10 0.16083229 
785 127 9 12 0.15439002 
902 206 9 11 0.15282324 
713 199 10 13 0.15194976 
928 261 9 11 0.13964982 
950 216 11 15 0.13824132 
897 212 10 14 0.1357847 
896 206 10 13 0.13345784 
910 141 8 10 0.13341764 
889 245 9 11 0.12905405 
877 205 13 14 0.12608969 
994 243 16 19 0.120031394 
823 237 11 13 0.119147316 
909 204 10 11 0.11893427 
855 158 8 11 0.11829696 
192 311 12 13 0.117387556 
865 215 9 11 0.11443536 
223 321 16 20 0.111779116 
800 143 10 12 0.111542575 
421 72 14 17 0.10851562 
800 190 10 11 0.106637426 
934 213 9 13 0.10653599 
911 233 7 10 0.106231354 
831 208 11 13 0.10511073 
958 218 13 16 0.10456667 
287 300 12 14 0.1044576 
978 250 15 18 0.10396193 
735 163 11 13 0.10300826 
919 239 9 11 0.10097779 
936 160 9 10 0.099905744 
1001 181 11 14 0.09923093 
765 149 10 13 0.09773084 
504 101 10 14 0.09689903 
799 184 9 11 0.09635547 
860 182 9 12 0.09616965 
390 54 8 10 0.09305496 
252 292 13 17 0.090897776 
951 198 9 11 0.09068412 
458 256 8 10 0.08943709 
726 215 9 10 0.08776687 
734 222 9 11 0.08774554 
838 166 8 11 0.087645225 
896 151 7 9 0.08694548 
876 197 12 13 0.08662581 
791 165 12 15 0.0863632 
870 213 10 12 0.086060844 
836 211 11 12 0.08597431 
416 256 10 12 0.08593369 
862 160 9 10 0.08272089 
274 284 14 17 0.081977315 
855 244 10 14 0.08186637 
816 375 9 10 0.079726785 
813 245 10 12 0.079210356 
670 213 9 11 0.079039685 
815 239 9 12 0.07711377 
815 278 9 11 0.07643409 
831 244 11 13 0.07611738 
964 156 11 14 0.07604938 
848 158 9 12 0.07560537 
886 205 9 13 0.07274377 
829 253 10 11 0.0721818 
331 117 13 15 0.07151511 
424 62 24 31 0.071015455 
718 204 10 13 0.07042081 
215 333 10 14 0.070278235 
919 244 9 13 0.06950098 
944 216 9 13 0.06932947 
867 228 11 14 0.06830543 
514 85 11 12 0.068060726 
720 214 10 12 0.06800026 
385 47 8 10 0.06779453 
816 180 10 12 0.06662429 
742 136 9 12 0.06662127 
504 97 9 11 0.06618197 
870 149 9 10 0.065863974 
472 116 9 12 0.063397475 
776 196 11 14 0.063358285 
357 282 8 12 0.06330663 
847 129 8 10 0.06291936 
487 74 11 13 0.062484562 
807 181 9 12 0.062356118 
421 256 8 10 0.062231842 
856 228 10 13 0.06187765 
388 264 10 13 0.060902774 
522 49 9 11 0.060664814 
910 190 11 12 0.05907726 
438 247 9 12 0.058665335 
887 175 10 12 0.05829489 
974 163 11 12 0.05768253 
856 118 8 10 0.05704805 
797 173 10 12 0.056825873 
517 30 9 12 0.056277547 
896 159 7 9 0.055442754 
917 272 8 10 0.055155385 
975 195 12 15 0.054568514 
888 128 9 10 0.054403752 
919 175 9 11 0.054378714 
1008 160 8 11 0.054274015 
402 261 9 12 0.054200932 
974 244 15 18 0.05372978 
543 39 8 10 0.05357894 
872 207 11 13 0.053483054 
324 274 10 12 0.052454036 
543 95 10 11 0.05230053 
487 255 8 10 0.052278653 
825 151 9 11 0.052078344 
911 174 9 12 0.05200817 
802 271 12 13 0.05192511 
816 120 9 11 0.05156537 
503 53 9 11 0.05142924 
962 234 15 19 0.051209714 
836 235 12 14 0.05113869 
848 176 8 10 0.05109884 
987 196 12 15 0.050830275 
804 231 11 13 0.050741367 
904 168 9 11 0.05058329 
826 157 10 12 0.04874372 
981 241 20 24 0.04871322 
807 237 9 11 0.048421085 
767 144 10 12 0.048310075 
975 181 10 12 0.04808409 
856 141 8 10 0.048006177 
873 173 8 11 0.04756038 
952 174 11 13 0.046961237 
753 198 8 12 0.046414178 
974 176 10 12 0.046245627 
825 207 10 13 0.04543722 
478 241 8 10 0.045383126 
925 168 10 11 0.04534712 
903 200 11 12 0.045055788 
856 136 7 9 0.044623163 
951 246 9 13 0.04459788 
863 164 9 11 0.04457001 
919 151 9 13 0.044429388 
919 198 9 12 0.044386286 
217 315 12 16 0.044322405 
386 51 9 12 0.044283833 
820 174 11 13 0.04418195 
956 215 20 26 0.043788213 
894 127 9 10 0.04267252 
855 238 10 13 0.04194789 
786 119 9 11 0.04159259 
952 204 10 12 0.041566085 
663 207 10 11 0.041556865 
462 277 8 10 0.041498702 
896 200 9 12 0.040991813 
862 207 10 12 0.04095034 
912 236 8 11 0.040852852 
737 158 13 14 0.040634442 
869 246 10 11 0.040613938 
792 160 10 13 0.0405731 
647 229 9 12 0.040458534 
718 220 10 12 0.040297873 
833 165 9 11 0.040263593 
488 55 9 10 0.040097028 
957 199 9 12 0.039912768 
755 134 11 13 0.03974731 
285 291 12 15 0.039728843 
838 251 10 13 0.039647873 
880 151 9 11 0.03951791 
953 160 11 13 0.03932509 
831 144 8 10 0.03930629 
21 330 11 16 0.039026093 
517 81 10 12 0.03900239 
877 192 11 12 0.03900103 
735 109 10 12 0.038934067 
879 157 8 10 0.038841296 
847 152 10 11 0.038711686 
495 86 10 10 0.038703922 
102 325 12 16 0.038182076 
462 160 9 10 0.037815187 
960 226 14 18 0.03779962 
945 198 9 11 0.03777599 
913 150 9 12 0.037731793 
685 199 12 14 0.03750216 
935 209 9 10 0.03731041 
861 246 11 12 0.037267152 
742 202 10 13 0.03707375 
863 127 10 11 0.03699858 
774 245 8 11 0.036941063 
959 242 12 16 0.036803283 
979 204 11 14 0.036747687 
415 74 14 18 0.036714435 
461 260 8 11 0.03666539 
840 132 10 11 0.036634978 
437 260 9 11 0.03639693 
148 324 12 17 0.036259223 
358 273 9 12 0.03622707 
920 135 8 10 0.036074307 
869 236 10 12 0.035961557 
952 165 10 12 0.035943165 
856 153 8 11 0.03542598 
823 244 10 13 0.035378367 
439 239 8 10 0.03519944 
785 182 8 10 0.035191864 
800 236 10 13 0.034822706 
752 119 10 10 0.034648526 
862 310 13 16 0.034440015 
472 110 10 13 0.03439345 
830 151 8 11 0.03433862 
486 261 8 10 0.034240965 
806 175 9 12 0.034201514 
944 251 9 12 0.03396097 
447 91 11 14 0.033930678 
543 63 8 10 0.033929896 
728 115 10 12 0.03377571 
918 231 10 11 0.033691116 
102 318 11 15 0.03365797 
799 128 9 10 0.033567984 
846 231 9 12 0.033525135 
454 93 8 11 0.0333789 
913 180 10 12 0.03337 
773 136 9 10 0.03333901 
838 269 11 14 0.03332816 
792 143 9 11 0.033232935 
920 262 8 10 0.033202 
728 220 11 12 0.033168297 
526 103 8 10 0.03313183 
766 264 10 12 0.032853335 
879 219 10 12 0.03276818 
716 124 13 18 0.032667775 
517 119 10 12 0.032646447 
233 324 12 17 0.032609362 
808 198 8 10 0.032382257 
799 135 9 10 0.03199224 
470 55 9 11 0.031771313 
536 30 9 10 0.031740066 
823 166 11 13 0.031685315 
824 231 11 14 0.03157526 
904 248 8 9 0.03152837 
95 328 19 25 0.03147698 
871 255 9 10 0.031370748 
505 160 9 11 0.031197647 
135 310 10 12 0.030932333 
878 256 9 11 0.03081681 
31 349 11 14 0.030773059 
902 219 9 12 0.030687556 
943 172 9 12 0.030686684 
832 119 7 9 0.030524716 
758 196 11 14 0.03049103 
886 117 8 10 0.030372018 
985 158 10 13 0.030313289 
991 201 11 15 0.030233696 
772 224 8 10 0.03015412 
344 127 9 12 0.030151512 
846 311 9 12 0.030124066 
246 304 11 14 0.03000622 
365 271 9 11 0.029804736 
864 149 8 10 0.029779252 
960 144 11 12 0.029767336 
908 167 9 12 0.029530551 
387 274 11 12 0.029527465 
398 55 9 10 0.029481612 
1007 198 11 15 0.029392833 
488 167 9 12 0.02933819 
789 131 10 11 0.029286232 
781 192 10 13 0.029195737 
537 63 9 11 0.029180821 
495 129 9 11 0.02912535 
828 261 11 14 0.029073596 
513 126 9 10 0.029012147 
557 223 8 11 0.02896358 
892 240 10 12 0.02878638 
895 143 8 10 0.028382622 
714 222 9 12 0.02837739 
936 239 9 11 0.028304433 
510 93 11 13 0.028184488 
782 164 14 16 0.028166948 
781 151 11 13 0.028104324 
853 269 11 15 0.028062254 
870 262 10 12 0.028054828 
965 216 12 14 0.02789612 
192 318 18 23 0.027801165 
888 168 8 10 0.027781876 
465 101 9 12 0.027752463 
925 239 9 11 0.027685227 
3 335 14 19 0.027604 
415 151 10 12 0.027547188 
350 8 9 10 0.027543208 
552 32 8 9 0.027417034 
906 231 8 10 0.0274084 
863 269 10 13 0.027384311 
908 210 12 14 0.02737343 
800 214 10 12 0.027333684 
863 133 9 11 0.027301593 
518 91 11 13 0.027295548 
815 142 8 10 0.027240708 
896 262 10 12 0.027233547 
116 318 11 15 0.02700353 
772 142 10 12 0.027003443 
965 143 10 12 0.026801527 
886 112 8 10 0.026727982 
23 339 11 14 0.026656665 
14 329 12 16 0.026548387 
941 239 10 11 0.026402147 
791 182 10 11 0.026324928 
760 149 10 13 0.026245814 
0 358 8 13 0.026237376 
943 166 9 12 0.02622316 
796 156 11 14 0.02606824 
432 93 10 14 0.025957815 
824 143 8 10 0.025874747 
754 149 9 12 0.025800373 
400 257 9 11 0.025784882 
943 206 9 11 0.025755899 
752 107 11 12 0.025666606 
838 142 9 11 0.025658984 
784 214 9 11 0.025637941 
956 179 11 12 0.025560249 
497 271 7 9 0.025556559 
470 85 10 11 0.025444932 
766 198 10 13 0.025382608 
927 207 8 11 0.025369037 
463 239 8 11 0.025329424 
872 192 10 12 0.025178572 
829 318 11 13 0.025031572 
1011 203 11 16 0.024906904 
848 245 9 13 0.024848036 
220 336 12 16 0.024698503 
859 222 19 23 0.024639064 
182 317 10 14 0.02462227 
415 248 8 10 0.024618482 
736 254 8 10 0.024598321 
857 205 9 12 0.024549188 
783 143 10 12 0.024506623 
846 269 13 16 0.024374455 
553 111 10 12 0.024372354 
948 214 20 24 0.024259252 
776 180 9 11 0.024240088 
544 88 10 12 0.024200762 
924 245 10 12 0.02417922 
650 12 10 11 0.024123643 
803 147 11 14 0.024060002 
287 310 20 23 0.024042754 
174 311 11 13 0.024007892 
886 15 10 12 0.023983998 
806 207 10 11 0.023976425 
423 137 11 14 0.023948926 
757 141 11 13 0.023935324 
831 111 8 10 0.023901977 
462 271 9 10 0.02386167 
508 55 9 10 0.023838602 
821 120 8 10 0.023775961 
458 165 10 13 0.023730492 
501 128 9 11 0.023686815 
790 222 8 10 0.02366823 
533 164 9 12 0.023626061 
887 221 10 12 0.023584578 
519 62 10 12 0.023479925 
437 93 11 14 0.023433264 
488 83 11 12 0.02341952 
886 199 10 13 0.023409989 
823 222 10 12 0.023403732 
215 244 11 12 0.023388272 
832 268 10 13 0.02334878 
862 199 10 12 0.023282541 
481 77 9 12 0.023274107 
812 249 12 14 0.023265384 
702 230 10 11 0.023185993 
1013 180 9 13 0.023140708 
854 176 10 11 0.023029452 
303 109 8 11 0.022982605 
815 272 8 12 0.022960898 
544 44 8 11 0.022924205 
631 270 9 11 0.022778902 
477 125 9 11 0.022721393 
403 61 11 13 0.02271903 
886 147 10 12 0.022680242 
718 158 10 13 0.022650883 
774 150 12 14 0.022607012 
985 246 24 28 0.022553043 
551 79 8 10 0.022504615 
541 32 8 10 0.022432804 
974 210 11 14 0.022415977 
841 301 10 11 0.022367159 
878 173 9 12 0.022333032 
847 222 10 13 0.02232511 
1003 186 12 14 0.02229609 
439 232 7 9 0.022289049 
861 187 10 12 0.022219405 
840 294 9 12 0.022190312 
814 214 9 12 0.02217801 
951 140 11 13 0.022126926 
535 23 8 10 0.022067318 
981 213 11 14 0.022053275 
706 196 10 14 0.022047775 
168 302 10 12 0.021994324 
924 198 9 11 0.021969095 
1014 244 11 14 0.021966144 
926 135 8 10 0.021935875 
206 316 9 14 0.021925552 
864 104 8 9 0.021876656 
713 121 9 12 0.021863865 
958 191 9 11 0.02180746 
794 398 12 14 0.021746423 
632 293 10 12 0.021742651 
950 251 9 13 0.021725506 
744 182 8 10 0.021723902 
897 103 8 10 0.021678258 
543 69 8 10 0.02165998 
724 207 10 12 0.021655442 
178 322 12 16 0.021643423 
509 107 9 12 0.021636784 
710 150 8 10 0.021515293 
6 327 20 25 0.021498283 
805 262 10 13 0.02140152 
902 254 9 10 0.021395747 
1003 196 21 30 0.021294791 
736 269 9 11 0.021290073 
528 30 9 11 0.021252768 
841 182 9 12 0.021242285 
473 240 8 10 0.021219714 
839 161 9 11 0.021212583 
941 151 8 11 0.021131486 
976 148 9 12 0.021092048 
85 318 12 15 0.021049075 
749 247 10 13 0.020949928 
704 247 10 12 0.020935195 
200 352 10 12 0.020861385 
713 158 10 11 0.020840598 
832 127 8 10 0.020831201 
488 63 11 14 0.020818539 
534 140 10 13 0.020786755 
667 301 13 17 0.020759834 
880 111 8 11 0.020743456 
775 162 11 15 0.020729601 
990 218 11 14 0.020724375 
862 120 8 9 0.02071058 
800 255 10 12 0.020693112 
791 216 9 11 0.020686233 
474 245 8 9 0.020667192 
920 222 11 13 0.02054608 
800 221 10 13 0.02052592 
937 198 9 11 0.020457393 
535 36 11 13 0.020398242 
525 63 8 10 0.020391593 
895 269 11 13 0.020375242 
417 52 9 12 0.020297108 
490 69 12 15 0.02027405 
521 159 9 12 0.020251624 
704 261 11 13 0.0201791 
912 246 10 12 0.020155026 
927 127 8 10 0.020140395 
783 255 8 10 0.020133154 
104 301 9 12 0.020131601 
757 127 10 11 0.02012432 
896 134 9 10 0.020111676 
817 88 7 10 0.020099007 
816 137 8 10 0.020098587 
897 109 8 10 0.020091841 
918 191 10 12 0.020085651 
839 150 9 10 0.02006668 
445 42 13 15 0.020060042 
727 172 9 12 0.02002526 
493 253 8 10 0.020022828 
