6_Funeral_Funeral_6_759
158
691 50 29 38 0.9996253 
363 55 31 39 0.99962187 
497 30 29 38 0.9995695 
325 92 30 37 0.99938095 
777 214 32 40 0.9991923 
950 146 31 40 0.99919206 
604 81 30 35 0.99885917 
797 98 30 38 0.9987766 
316 0 30 32 0.99876297 
71 166 36 48 0.99862945 
850 274 27 37 0.9984956 
193 3 30 33 0.9983027 
127 92 33 40 0.9980369 
16 93 31 39 0.9977952 
385 15 25 33 0.9977738 
267 162 35 46 0.9976465 
452 3 26 31 0.99763477 
443 159 34 46 0.99756867 
683 11 28 36 0.99756444 
568 13 27 34 0.9975292 
197 158 34 40 0.99752384 
715 139 34 38 0.99752027 
898 284 38 52 0.9967409 
499 260 39 44 0.99641955 
911 43 33 40 0.995832 
652 184 37 48 0.99557894 
377 115 35 43 0.99542916 
726 63 35 40 0.9944621 
338 181 29 38 0.994335 
963 97 25 34 0.9931277 
96 75 31 37 0.99287146 
745 350 34 44 0.99270576 
958 216 32 41 0.99253935 
653 132 33 42 0.991823 
123 9 32 44 0.98932624 
801 30 24 32 0.98899174 
863 120 35 41 0.9844095 
313 274 42 49 0.9812231 
168 65 33 43 0.9803546 
633 25 26 34 0.9801364 
259 113 37 42 0.9780668 
109 271 39 52 0.9736546 
44 146 31 42 0.96864736 
434 72 24 35 0.9574243 
460 93 32 39 0.94726396 
776 13 27 36 0.93771595 
361 11 24 31 0.91350484 
180 156 31 38 0.90257657 
251 80 30 38 0.8988365 
955 58 27 36 0.84861475 
277 62 26 32 0.80558014 
660 100 30 35 0.7705199 
876 93 30 38 0.74875623 
62 312 22 28 0.7022954 
869 104 35 44 0.6797715 
233 62 31 39 0.6677862 
789 18 28 35 0.66429293 
974 330 38 41 0.6567834 
896 2 21 20 0.5654493 
46 133 26 29 0.5539855 
546 47 26 35 0.5360438 
551 175 33 34 0.49353498 
226 13 22 27 0.41510764 
28 307 15 20 0.3326985 
56 152 35 42 0.21470127 
500 3 26 28 0.19201691 
205 94 24 30 0.19097683 
512 3 26 29 0.17082986 
651 -1 19 19 0.16783577 
783 3 28 32 0.16060644 
495 3 16 18 0.1537858 
271 44 34 39 0.13509062 
25 161 15 21 0.1333999 
879 82 25 32 0.13307853 
547 34 18 24 0.13264294 
411 31 22 31 0.12231385 
773 22 18 24 0.113298886 
636 7 25 27 0.10964399 
230 54 26 29 0.106649704 
475 176 24 33 0.103053465 
459 66 27 34 0.094225876 
444 77 27 34 0.09382087 
915 0 20 18 0.08476795 
665 88 27 33 0.08366823 
494 13 27 29 0.07590137 
73 303 18 22 0.07106919 
804 10 26 31 0.067853525 
145 75 39 51 0.06123891 
524 6 25 26 0.05949937 
539 150 50 62 0.05837679 
884 1 28 29 0.05524143 
453 77 33 40 0.054882154 
227 2 23 26 0.054084226 
268 285 44 52 0.052630223 
61 306 18 22 0.052334215 
554 22 24 31 0.051431537 
733 163 33 47 0.04793923 
267 80 28 34 0.04627523 
265 64 28 35 0.044013433 
671 73 25 34 0.043170158 
966 294 49 65 0.043047015 
921 2 28 28 0.04296085 
560 54 16 23 0.042387683 
991 219 26 34 0.042369742 
782 3 17 19 0.041536838 
435 88 18 25 0.040605545 
427 144 30 37 0.03880649 
214 340 426 483 0.037198376 
710 330 38 52 0.03688133 
925 26 16 19 0.036020577 
262 51 27 31 0.033769965 
179 56 30 40 0.03305475 
696 377 27 45 0.03291087 
808 222 21 30 0.03267347 
298 282 45 51 0.032492105 
957 42 26 34 0.030434918 
67 143 31 37 0.029840317 
104 159 29 40 0.029218767 
883 74 18 21 0.028622983 
534 51 27 35 0.028533377 
461 168 31 41 0.02837645 
736 185 28 37 0.027950358 
80 297 16 21 0.027535014 
280 77 26 34 0.027161507 
428 159 14 18 0.026620414 
955 -2 39 35 0.026608348 
490 142 29 37 0.026591362 
442 421 25 28 0.026283922 
221 73 31 39 0.026197258 
364 6 17 19 0.02605334 
55 302 36 47 0.026027301 
966 64 19 23 0.02598124 
10 148 27 37 0.025618307 
390 6 27 30 0.025117798 
729 147 32 43 0.024993954 
876 11 24 31 0.024675326 
198 108 31 34 0.024227256 
328 72 24 28 0.024021404 
43 323 13 17 0.023856452 
25 307 24 33 0.023849761 
643 2 20 20 0.023791999 
379 98 32 38 0.023595817 
896 -1 44 44 0.023503695 
189 80 27 35 0.023363385 
733 329 42 58 0.02336194 
913 91 26 32 0.02273128 
651 113 30 38 0.022205392 
934 291 27 34 0.021639097 
288 66 25 31 0.021246897 
367 8 38 44 0.02112507 
512 -1 18 16 0.02111762 
1001 23 23 40 0.02103643 
801 2 18 20 0.020934803 
794 83 25 31 0.020882409 
947 220 27 38 0.020705128 
191 121 29 34 0.020459952 
10 460 15 18 0.020277927 
1014 415 9 14 0.020097757 
