6_Funeral_Funeral_6_909
31
805 243 100 130 0.99988735 
410 242 93 118 0.9998367 
620 286 75 142 0.46779922 
786 337 16 20 0.21370423 
521 709 71 63 0.10764526 
757 347 22 30 0.09432846 
-80 619 389 492 0.08724719 
720 336 12 17 0.081928276 
103 937 27 28 0.078541175 
782 339 26 35 0.05978451 
718 340 25 38 0.058836017 
728 339 27 36 0.05518249 
981 304 42 69 0.049497407 
423 667 32 41 0.048035994 
741 280 250 337 0.043252405 
764 344 28 38 0.041730847 
307 164 27 35 0.030464444 
703 334 11 15 0.03008203 
316 1272 61 63 0.030015936 
745 341 41 49 0.029437678 
696 734 49 87 0.02829115 
682 322 45 66 0.027539127 
706 322 43 57 0.026791237 
682 229 32 44 0.026103698 
654 315 52 84 0.024084209 
262 316 27 32 0.023174029 
806 388 137 198 0.023131054 
701 342 29 41 0.023124127 
686 376 27 37 0.022667104 
321 166 54 67 0.022601327 
167 333 34 38 0.022474017 
