6_Funeral_Funeral_6_1029
76
593 108 113 138 0.99988294 
275 123 108 138 0.9998807 
836 102 55 70 0.9991953 
-1 199 30 39 0.9985544 
79 141 34 49 0.99601495 
42 175 37 51 0.99201435 
980 91 46 94 0.9905455 
144 158 36 47 0.9814399 
419 201 31 59 0.95075065 
438 202 43 59 0.16736172 
374 236 46 58 0.16139625 
773 140 30 40 0.15351838 
447 75 13 19 0.12956114 
404 177 28 42 0.1257177 
373 172 27 44 0.12478865 
229 209 26 42 0.10658975 
342 990 383 466 0.10119915 
392 168 43 67 0.100156166 
485 189 32 42 0.085306615 
159 116 27 33 0.06628876 
387 176 29 41 0.06554058 
323 145 92 119 0.06273457 
462 111 22 30 0.061263632 
451 118 15 20 0.05758672 
94 715 60 94 0.052617956 
127 156 38 55 0.052077428 
190 215 17 20 0.05194278 
102 894 31 30 0.049160257 
399 227 33 58 0.04832574 
502 196 26 37 0.04493281 
453 207 45 61 0.042744134 
409 189 29 52 0.040911235 
19 955 389 469 0.040576268 
376 151 77 112 0.03997404 
127 107 12 14 0.038796227 
486 168 30 35 0.03783482 
405 184 16 22 0.037520755 
482 225 50 60 0.03523478 
826 575 139 127 0.034139927 
145 20 10 13 0.030827263 
205 205 47 57 0.029876504 
454 6 14 13 0.029087713 
164 109 14 19 0.028199248 
70 64 12 14 0.027370917 
512 201 19 26 0.027186874 
785 140 48 57 0.026027301 
485 144 26 31 0.025648404 
347 248 49 61 0.025477737 
108 142 41 57 0.025313552 
164 1393 31 26 0.025224369 
372 169 16 24 0.02504193 
823 1 54 48 0.024968052 
170 120 17 21 0.024891343 
450 676 104 100 0.02477322 
33 262 16 20 0.024598315 
63 344 45 56 0.023692593 
477 703 66 62 0.023587931 
484 124 12 16 0.023507165 
499 171 17 19 0.023457414 
778 115 44 57 0.023276879 
173 237 43 52 0.022916412 
764 144 46 59 0.022796948 
412 99 12 15 0.022592394 
729 93 33 43 0.02230157 
441 75 12 17 0.022183256 
632 827 360 521 0.021903306 
493 205 45 58 0.021642482 
468 1229 120 144 0.021634344 
738 107 49 70 0.0214857 
474 117 17 23 0.021374542 
64 0 11 10 0.021338474 
845 184 26 34 0.020962695 
479 67 13 17 0.020640783 
101 106 12 13 0.020600222 
151 124 32 38 0.020151084 
400 8 10 12 0.020082813 
