6_Funeral_Funeral_6_1006
36
31 1 61 71 0.99958414 
644 33 72 98 0.9967079 
441 173 72 89 0.99567187 
474 4 71 70 0.04175087 
716 23 60 77 0.041714977 
425 7 133 151 0.041366074 
1000 217 22 31 0.037668947 
159 147 366 477 0.037437417 
947 173 17 21 0.036283217 
974 3 16 18 0.033714324 
676 17 80 104 0.03348674 
930 212 14 18 0.032756392 
1014 98 11 17 0.032221794 
933 55 14 19 0.032168802 
995 159 16 20 0.027047964 
903 156 13 16 0.025523137 
235 209 109 179 0.025518933 
205 195 179 303 0.025489692 
425 109 96 135 0.025463384 
1005 243 14 17 0.024463922 
994 97 14 19 0.024387056 
853 38 13 17 0.024128508 
1005 117 14 18 0.023952736 
940 54 12 16 0.023906136 
911 18 13 17 0.023368992 
950 168 12 15 0.022869937 
939 251 14 18 0.02280822 
867 224 14 18 0.02194938 
395 25 103 149 0.02188281 
907 63 14 19 0.021750523 
900 163 15 19 0.021676172 
926 50 13 17 0.021608396 
964 99 14 18 0.020532705 
896 167 12 16 0.020528356 
982 205 12 15 0.020442715 
901 178 12 15 0.020144379 
