6_Funeral_Funeral_6_733
27
820 117 135 170 0.9994954 
654 146 84 104 0.9944675 
135 200 80 92 0.99075466 
26 279 27 40 0.9859051 
331 299 17 21 0.92465675 
210 288 36 43 0.861294 
299 306 15 17 0.7939432 
310 308 14 17 0.5843216 
392 303 11 14 0.46668667 
274 298 14 18 0.39672554 
304 393 12 17 0.14353041 
261 304 13 18 0.11508852 
601 275 16 20 0.0789716 
256 309 12 16 0.06347109 
268 300 16 21 0.05570722 
576 390 25 29 0.040190402 
774 572 10 15 0.037931822 
282 299 11 16 0.035634693 
587 305 14 17 0.03426684 
13 285 30 35 0.025740486 
915 391 79 118 0.024557486 
316 303 12 17 0.023191584 
608 274 16 20 0.021089863 
997 314 15 18 0.0208574 
278 356 13 19 0.020829644 
328 297 13 16 0.02056154 
390 298 18 22 0.020399824 
