6_Funeral_Funeral_6_177
415
446 259 26 38 0.99759895 
782 155 38 45 0.9969511 
877 155 31 40 0.9941772 
550 215 33 56 0.9934564 
624 185 38 46 0.9865515 
687 171 33 44 0.96541417 
422 261 27 39 0.9361915 
913 152 30 37 0.9211215 
226 234 27 41 0.92016995 
494 261 25 38 0.9130288 
900 193 31 35 0.88814294 
539 261 23 34 0.8786077 
262 179 32 53 0.8424637 
964 163 23 28 0.81972796 
360 189 9 13 0.55618685 
518 191 10 13 0.47256714 
449 187 10 14 0.3759925 
410 176 13 18 0.3326286 
155 184 32 33 0.30934653 
438 240 17 20 0.2871071 
414 400 32 37 0.2849269 
55 550 8 10 0.28041136 
30 504 8 11 0.2697314 
930 151 32 38 0.2397397 
158 581 9 10 0.19625579 
458 264 25 34 0.19406731 
127 469 7 9 0.1937499 
144 656 9 12 0.18364927 
127 588 9 11 0.17964076 
116 605 10 12 0.1788218 
60 574 10 12 0.17873251 
157 536 9 11 0.17346507 
98 598 10 12 0.17218257 
85 542 9 11 0.17015421 
290 542 8 10 0.17010862 
67 606 11 13 0.16924806 
378 189 13 18 0.16855793 
305 558 9 11 0.15994023 
316 213 17 23 0.15828533 
277 553 9 10 0.15594877 
102 550 9 11 0.15278158 
169 518 8 11 0.15208806 
73 559 10 12 0.14176914 
39 488 9 11 0.14167151 
44 566 9 11 0.14003652 
31 551 9 12 0.13860135 
213 235 27 33 0.12530294 
65 484 8 10 0.12091215 
153 462 7 9 0.11715564 
128 542 9 11 0.11647186 
165 201 15 18 0.1142842 
401 197 22 37 0.11336771 
510 170 11 14 0.11258866 
182 577 9 11 0.11151877 
97 476 8 10 0.11067322 
154 581 9 10 0.10549044 
145 595 10 12 0.102832116 
69 481 9 11 0.09975097 
302 215 28 33 0.098566554 
55 500 8 11 0.09426735 
262 538 10 13 0.09391656 
40 567 9 11 0.092095405 
85 491 10 11 0.09133401 
475 266 28 33 0.09107312 
323 209 15 23 0.09037205 
173 591 9 11 0.08946203 
73 432 9 11 0.08849311 
113 534 7 9 0.08830278 
827 138 14 20 0.08756361 
275 176 44 59 0.087377824 
144 479 8 10 0.087083824 
86 614 11 14 0.08707598 
370 192 22 33 0.085278004 
496 166 12 14 0.082170114 
297 496 10 12 0.081988595 
308 311 45 43 0.08128449 
478 274 16 21 0.078772336 
155 192 19 21 0.07827374 
356 152 15 19 0.07778609 
318 542 8 9 0.07715845 
576 175 11 14 0.07586185 
61 567 8 10 0.07578453 
185 528 8 11 0.07543646 
142 526 8 10 0.0750151 
47 609 9 12 0.07457387 
505 265 23 36 0.07433172 
103 424 9 12 0.07416392 
17 519 8 11 0.07185319 
259 226 25 40 0.07182977 
501 185 14 19 0.070752054 
999 197 26 45 0.069052115 
129 535 8 11 0.068512075 
85 416 9 11 0.06845629 
405 181 19 29 0.068028696 
552 175 10 14 0.067336865 
250 197 15 23 0.0671619 
284 600 9 11 0.06713092 
169 472 8 9 0.065989204 
509 149 11 13 0.06598429 
488 401 17 21 0.06493886 
522 189 11 15 0.06454518 
976 160 24 32 0.06451406 
133 495 9 10 0.06339493 
174 473 8 9 0.06291484 
118 558 9 11 0.0617126 
0 204 46 81 0.06126882 
372 165 12 15 0.06118306 
178 455 7 10 0.060439225 
362 467 17 20 0.059819657 
401 262 24 31 0.05929084 
44 439 9 10 0.058821995 
24 509 8 10 0.058520183 
405 194 14 22 0.05768269 
209 572 7 10 0.05652161 
253 442 9 12 0.056386333 
22 526 9 11 0.05624437 
251 190 25 39 0.0561744 
150 591 9 12 0.056053486 
311 484 10 11 0.05599864 
23 557 8 10 0.055986177 
37 551 9 11 0.055734385 
909 168 41 50 0.0556681 
158 479 8 9 0.05538071 
365 192 14 20 0.0547152 
117 480 8 11 0.053807437 
102 473 9 11 0.053625528 
525 224 12 20 0.05274886 
25 492 7 10 0.052639637 
726 158 23 40 0.05167274 
116 599 10 12 0.05131545 
316 424 10 11 0.05104839 
246 229 26 42 0.05049452 
116 660 11 11 0.050448358 
285 480 10 13 0.0499583 
166 576 9 11 0.049498536 
160 198 26 31 0.049292654 
56 623 11 14 0.049072396 
361 453 16 18 0.04875739 
133 486 8 11 0.048283476 
243 171 42 60 0.047371615 
193 513 7 9 0.04735137 
144 543 9 11 0.047052693 
492 230 17 22 0.046840105 
435 228 23 27 0.046783358 
672 171 35 50 0.046698023 
312 542 9 10 0.046404194 
501 169 13 16 0.04606805 
471 179 10 13 0.046021633 
394 159 23 28 0.0458794 
45 560 9 11 0.045385603 
89 559 9 11 0.045058787 
291 201 30 39 0.04466152 
103 181 10 15 0.043839693 
113 486 8 9 0.043756112 
0 196 12 19 0.043609027 
173 653 9 10 0.043480795 
526 259 26 37 0.043313876 
483 202 14 16 0.042990103 
90 564 9 12 0.04295722 
397 193 15 21 0.042708375 
905 192 45 52 0.04253825 
379 198 17 23 0.042324174 
239 103 32 32 0.0421676 
169 195 16 18 0.042125057 
153 520 8 10 0.041733086 
129 421 8 9 0.041365877 
47 488 8 11 0.0413118 
145 549 9 11 0.041176 
420 178 13 20 0.04088884 
541 196 12 16 0.04068828 
364 203 24 38 0.04060836 
434 246 23 32 0.040439676 
103 502 9 11 0.039888564 
366 161 13 16 0.039424278 
7 520 8 10 0.039241064 
17 553 8 10 0.039114226 
190 529 8 10 0.038935065 
390 207 14 20 0.03890451 
133 542 8 11 0.038411602 
102 543 8 10 0.03829863 
515 184 19 25 0.038058802 
21 519 8 11 0.038035758 
174 518 8 10 0.037901744 
21 567 9 10 0.037852462 
167 581 9 10 0.037601482 
237 221 25 43 0.037458684 
178 264 51 60 0.037350446 
54 545 8 10 0.03728404 
227 270 17 23 0.036815025 
358 160 14 16 0.03663396 
140 166 36 37 0.03658707 
45 509 9 11 0.03645824 
350 150 14 17 0.036448073 
396 207 16 23 0.03631442 
20 574 10 12 0.03627046 
143 472 8 10 0.03600005 
113 408 8 10 0.03597957 
63 495 8 11 0.03579013 
372 158 11 13 0.035712346 
512 192 13 16 0.03567476 
17 492 7 10 0.035593633 
58 445 9 12 0.035247948 
17 568 8 10 0.035104707 
118 551 9 11 0.03508408 
740 180 9 14 0.03504216 
136 584 9 11 0.035005365 
105 555 9 12 0.034832954 
23 213 45 62 0.034707885 
0 583 8 11 0.03463758 
95 580 9 12 0.034626298 
41 609 9 11 0.03439725 
75 564 10 13 0.034317087 
56 423 8 10 0.034264836 
157 526 8 10 0.03415545 
270 616 8 9 0.034108926 
403 257 37 46 0.033976596 
81 495 8 9 0.03391214 
182 454 7 10 0.03338339 
255 538 11 15 0.03337197 
296 333 35 35 0.033286527 
62 519 9 10 0.03321322 
36 623 10 13 0.03296466 
119 503 9 10 0.032839544 
129 548 9 10 0.03282975 
383 189 22 29 0.032535683 
62 439 8 10 0.032386255 
393 256 22 32 0.032281775 
479 195 13 17 0.03225611 
837 176 15 17 0.03204685 
183 471 7 9 0.03198464 
61 579 10 12 0.03197196 
491 220 15 20 0.031933367 
174 542 8 10 0.031844255 
119 407 8 9 0.03137774 
1012 445 13 21 0.03119917 
126 529 9 10 0.031153962 
73 502 8 10 0.031100834 
113 529 7 10 0.030979363 
178 195 14 18 0.030970342 
70 496 9 10 0.030827349 
268 535 11 13 0.030580102 
306 177 38 53 0.030357497 
6 487 7 11 0.030133203 
316 166 23 33 0.030096546 
47 503 9 11 0.030036202 
549 291 12 18 0.029970838 
77 573 11 12 0.029953131 
364 155 13 16 0.02992125 
509 154 12 16 0.029809937 
393 270 25 34 0.029800462 
500 225 16 25 0.029474808 
127 595 10 13 0.029219553 
951 154 39 50 0.02914194 
152 457 8 10 0.028922891 
119 430 8 10 0.028900795 
596 181 11 14 0.028751291 
502 158 11 14 0.028699396 
463 180 12 14 0.028283866 
76 430 9 11 0.028278641 
84 663 14 14 0.028189113 
39 580 9 11 0.028172702 
282 208 40 59 0.028138721 
463 190 11 14 0.028126242 
489 167 10 13 0.027857192 
110 425 8 9 0.027846217 
342 147 24 28 0.027799025 
516 170 11 14 0.027692696 
175 476 8 10 0.027691787 
504 161 20 26 0.027647296 
70 544 8 10 0.027578745 
606 166 8 10 0.027575979 
24 533 9 10 0.027521925 
87 548 10 12 0.027515449 
78 581 11 14 0.027510483 
717 172 29 40 0.027473161 
80 479 8 10 0.027450763 
131 177 27 32 0.027417406 
83 210 44 62 0.027288174 
7 492 8 11 0.027176762 
360 154 22 26 0.027051354 
169 654 9 11 0.027034324 
39 572 10 12 0.02698161 
150 495 8 10 0.02691986 
31 494 8 10 0.026908146 
251 525 12 14 0.026569271 
379 163 13 16 0.026512489 
486 388 13 17 0.026511444 
111 592 10 11 0.026497576 
244 201 25 37 0.026467362 
151 541 9 10 0.02645466 
72 551 8 10 0.02637206 
519 184 11 15 0.026366405 
83 605 11 13 0.026130559 
468 188 11 15 0.026126897 
143 521 8 10 0.026100159 
175 582 8 10 0.025953406 
168 513 9 10 0.025873434 
309 154 24 34 0.025802478 
37 527 9 10 0.02578566 
271 556 9 11 0.025704045 
135 566 10 11 0.025631137 
421 175 21 28 0.025575383 
391 160 16 19 0.025532823 
353 189 11 16 0.025516136 
329 207 14 22 0.02532222 
597 185 14 16 0.025171617 
174 536 8 9 0.025150135 
149 550 9 11 0.025146665 
536 188 11 16 0.025141988 
120 528 8 10 0.025084414 
164 213 18 22 0.025082836 
225 251 25 39 0.024895836 
214 568 7 10 0.024886666 
23 613 9 11 0.02480418 
362 183 13 16 0.0247983 
46 517 8 11 0.024753977 
282 343 35 34 0.024687734 
229 152 69 103 0.024568047 
57 580 9 11 0.02456294 
159 461 8 9 0.02451179 
411 208 13 20 0.024296662 
540 178 15 19 0.02424956 
134 559 9 11 0.024230063 
56 439 9 11 0.024181819 
452 404 24 37 0.02416909 
593 177 9 10 0.024022272 
141 186 14 18 0.023947742 
507 178 12 17 0.023897983 
1 526 8 10 0.023862004 
158 485 9 10 0.023816558 
167 220 41 55 0.023810998 
133 550 9 10 0.02378768 
80 600 10 11 0.023730451 
1 587 9 13 0.023718992 
134 597 11 13 0.023702037 
73 509 8 10 0.023700448 
32 526 9 11 0.023644181 
476 396 28 35 0.023563422 
50 213 44 59 0.02347706 
151 502 9 10 0.023440914 
96 592 10 13 0.023404988 
62 512 8 9 0.023357078 
81 536 8 10 0.023316463 
991 158 26 38 0.023315534 
149 558 9 11 0.023294521 
33 568 9 10 0.02328752 
146 485 8 10 0.023264496 
0 478 7 11 0.02323831 
133 534 9 11 0.023172487 
7 536 8 10 0.023102498 
120 471 8 10 0.022965332 
134 481 8 10 0.022961004 
70 600 9 12 0.02294413 
149 188 18 21 0.022923928 
138 519 8 10 0.022918604 
136 464 7 10 0.022824395 
432 233 15 19 0.022816036 
137 183 44 51 0.022667114 
197 583 9 10 0.022585966 
112 599 18 23 0.022543939 
43 573 11 12 0.022491612 
136 501 8 10 0.022483615 
372 381 31 36 0.02242926 
104 566 9 11 0.022401638 
273 657 10 13 0.022384865 
47 590 10 11 0.022373108 
120 437 8 11 0.022328403 
247 443 10 13 0.022327628 
40 505 8 10 0.022309033 
304 542 9 11 0.022274293 
536 180 11 15 0.022252478 
112 558 9 11 0.022223294 
30 608 9 11 0.022184612 
572 173 19 23 0.022068223 
236 189 26 35 0.022061225 
153 414 8 9 0.022024432 
145 495 9 10 0.02202032 
439 187 11 15 0.021947762 
40 518 9 10 0.021819428 
304 562 11 14 0.021622963 
426 279 21 28 0.02157145 
231 423 10 13 0.021561498 
182 460 7 10 0.021478808 
324 184 16 22 0.021365348 
32 626 11 13 0.021324607 
477 175 9 11 0.021226536 
197 589 9 10 0.021163821 
327 180 23 34 0.02115466 
300 229 17 23 0.021080106 
515 304 18 23 0.02105389 
199 527 8 10 0.020969933 
3 148 61 91 0.020952713 
168 595 10 12 0.020935165 
295 559 9 10 0.020888155 
504 144 22 28 0.020876294 
97 536 8 10 0.020871652 
54 488 8 10 0.02079339 
484 190 14 17 0.020741541 
381 157 12 14 0.02071421 
255 533 21 24 0.020699006 
343 149 12 15 0.020575406 
64 525 9 11 0.02055845 
255 318 34 37 0.020552883 
120 564 10 12 0.020499421 
315 202 18 24 0.02041177 
412 269 17 24 0.020410273 
95 550 9 12 0.020386891 
220 348 43 45 0.02035615 
16 504 7 10 0.020225625 
523 231 15 24 0.020210465 
119 425 7 9 0.020196972 
439 160 9 13 0.020149367 
184 478 8 10 0.02012348 
184 447 7 11 0.020068856 
977 173 39 53 0.020062964 
