32_Worker_Laborer_Worker_Laborer_32_595
130
397 183 39 43 0.9717571 
910 400 27 32 0.61979204 
338 124 24 27 0.6048496 
500 346 17 19 0.3194082 
928 277 25 30 0.3117816 
612 358 29 31 0.26651576 
207 142 22 29 0.22801678 
217 144 22 28 0.22081025 
834 455 24 30 0.16628742 
486 329 13 17 0.13154228 
825 391 13 19 0.12683009 
348 342 17 21 0.12658136 
964 508 23 30 0.1235627 
439 350 12 14 0.1208661 
227 138 18 24 0.10930862 
987 469 17 23 0.10778253 
424 123 10 13 0.104557805 
865 469 18 25 0.10454927 
886 418 22 26 0.09911893 
934 357 33 35 0.09633101 
829 368 16 21 0.093640886 
902 387 15 18 0.083963566 
918 280 26 32 0.078273 
943 436 29 32 0.07739299 
1006 440 14 19 0.07679439 
737 219 73 74 0.07508002 
382 140 13 15 0.07471666 
328 355 16 18 0.066093385 
960 514 14 18 0.063902535 
309 292 12 17 0.06291797 
908 359 16 20 0.060348775 
893 461 16 19 0.060113993 
887 313 32 40 0.05574423 
418 332 23 27 0.055678904 
999 507 11 13 0.053787436 
378 379 18 22 0.053133402 
625 354 35 35 0.051571283 
195 134 21 34 0.05119442 
929 403 16 21 0.05105928 
941 482 23 24 0.048691858 
354 128 17 22 0.048164103 
581 425 30 28 0.04813924 
828 428 14 20 0.04624416 
894 410 24 31 0.045546856 
240 551 9 10 0.04222443 
315 298 13 15 0.042100877 
232 184 35 39 0.040914837 
393 170 17 23 0.04024705 
427 121 11 13 0.03940336 
884 330 42 49 0.03913261 
567 338 29 29 0.03805458 
501 335 15 19 0.037951555 
235 171 29 32 0.037346978 
875 417 23 30 0.03722179 
948 314 25 28 0.036641892 
146 189 32 32 0.03650331 
912 451 23 30 0.03565967 
312 371 16 19 0.035389267 
541 396 31 33 0.035217613 
510 233 14 18 0.034557007 
85 550 11 14 0.034489136 
557 313 17 19 0.034218762 
913 361 22 30 0.03374675 
837 222 28 45 0.033164576 
996 321 25 30 0.03252201 
845 411 45 48 0.03238232 
914 316 29 34 0.03218218 
148 189 16 19 0.031932272 
403 108 11 14 0.031611513 
292 173 11 14 0.03157552 
900 348 26 33 0.031550813 
900 389 24 31 0.031464297 
923 359 26 33 0.030736087 
859 154 14 17 0.030611154 
1013 180 9 14 0.029777737 
425 669 9 11 0.028765548 
363 379 14 18 0.028694237 
789 228 57 71 0.028149726 
414 125 12 15 0.027871944 
288 171 11 15 0.027722308 
545 330 15 18 0.027427688 
860 491 17 19 0.027029736 
367 375 10 12 0.02646209 
899 376 23 28 0.0264349 
680 323 38 38 0.02624298 
925 508 14 16 0.026201306 
395 168 27 35 0.026018413 
907 299 33 40 0.02579229 
573 306 16 18 0.025695264 
852 419 27 30 0.024700306 
407 125 10 14 0.02397876 
992 541 11 13 0.02396304 
856 329 35 41 0.02394559 
383 294 13 15 0.023717845 
232 160 24 31 0.02366359 
277 171 12 15 0.023218386 
658 334 17 18 0.023138119 
782 455 14 18 0.022887312 
823 373 21 27 0.022854304 
723 401 18 22 0.022814779 
438 -86 410 458 0.022761052 
308 323 15 18 0.022703048 
835 319 45 57 0.022590632 
153 519 8 10 0.022552425 
904 285 26 31 0.022521356 
926 485 28 27 0.022468382 
1000 417 21 32 0.022378098 
160 471 8 10 0.022192411 
997 184 11 13 0.021816067 
851 492 14 18 0.021791935 
359 385 12 14 0.021762704 
783 25 26 30 0.021651369 
493 363 16 18 0.021632228 
763 158 32 36 0.021428285 
301 273 12 15 0.021425702 
902 522 15 19 0.021369182 
117 503 9 10 0.021206655 
185 495 10 11 0.021093534 
758 172 13 14 0.02097263 
207 607 9 10 0.020678656 
381 150 15 19 0.02063116 
240 543 8 10 0.020340411 
780 378 11 15 0.020324372 
840 451 17 20 0.02029116 
1006 307 18 22 0.020278366 
1012 424 12 20 0.020181686 
303 334 21 27 0.020107111 
1003 506 15 17 0.020056745 
764 169 15 19 0.020019606 
332 117 38 45 0.02000395 
