32_Worker_Laborer_Worker_Laborer_32_1038
50
433 211 98 111 0.9964418 
630 985 180 230 0.09875251 
314 0 20 14 0.09687796 
260 283 18 21 0.08649607 
476 90 15 20 0.08515827 
361 42 18 23 0.079178505 
452 826 36 34 0.075132966 
501 0 39 28 0.0702293 
412 868 33 34 0.07019491 
540 202 74 74 0.057596788 
353 74 24 32 0.054941826 
506 216 71 75 0.049046002 
339 320 19 23 0.046798393 
430 213 44 54 0.04675039 
1 889 15 22 0.044526305 
246 305 29 35 0.04204734 
612 107 13 18 0.04113908 
651 105 13 17 0.03917186 
310 28 14 16 0.036803707 
567 202 35 32 0.035597365 
646 100 12 14 0.034261856 
963 322 28 31 0.0335586 
315 322 18 21 0.031986706 
555 184 61 62 0.03027047 
475 189 127 116 0.030175552 
17 968 23 32 0.029817892 
354 1 16 18 0.02965448 
560 114 33 41 0.029294016 
350 39 24 30 0.029111315 
337 30 42 57 0.02762272 
559 225 69 68 0.02732125 
639 109 12 14 0.026535353 
79 874 14 19 0.026287101 
961 1208 30 35 0.02601329 
482 89 17 23 0.024695028 
428 182 67 93 0.02433234 
366 68 24 34 0.024291683 
872 276 15 18 0.023832489 
651 114 17 21 0.022900427 
340 5 14 15 0.022695571 
323 291 17 20 0.022613775 
645 115 15 17 0.021723026 
331 3 15 15 0.021523999 
74 854 29 43 0.021266574 
635 124 13 17 0.021021618 
681 1088 25 35 0.020878825 
641 102 22 26 0.020505477 
332 33 24 31 0.020367594 
529 209 119 106 0.020249737 
968 283 11 12 0.020142345 
