32_Worker_Laborer_Worker_Laborer_32_134
28
471 361 92 109 0.99832326 
851 810 31 36 0.22214115 
224 162 27 37 0.122575924 
612 1461 31 43 0.086175345 
992 1438 30 38 0.07693126 
614 1159 28 34 0.05542613 
461 62 194 274 0.050792675 
313 150 26 33 0.04691143 
858 1472 34 38 0.03960099 
183 614 437 550 0.03826629 
1 0 51 50 0.038085528 
-20 642 466 436 0.035945196 
482 684 446 495 0.03406356 
567 463 370 508 0.032948602 
52 1480 39 43 0.029688252 
0 1489 28 40 0.02834599 
581 1505 30 33 0.026063759 
953 83 29 36 0.025242854 
624 1455 18 23 0.02505919 
819 302 188 240 0.024907837 
727 1316 12 14 0.023584433 
28 1494 27 35 0.02258801 
356 171 46 59 0.022366898 
282 169 27 33 0.02229026 
731 1310 12 13 0.02210966 
344 98 44 62 0.02178672 
968 1429 45 53 0.021671476 
719 370 124 163 0.020273792 
