32_Worker_Laborer_Worker_Laborer_32_987
65
760 55 57 76 0.99903893 
609 61 57 77 0.9987478 
272 225 56 59 0.8942451 
895 82 85 119 0.59332716 
540 157 10 12 0.16529463 
522 144 7 9 0.09269571 
503 174 7 11 0.09152608 
503 158 8 10 0.087702654 
488 165 9 11 0.057866227 
211 181 16 20 0.05708076 
7 345 80 137 0.056426633 
517 166 8 10 0.05149953 
503 142 9 11 0.047812935 
43 324 89 121 0.046135206 
523 148 8 11 0.04479808 
401 591 19 31 0.04466813 
538 176 8 9 0.044364884 
497 141 8 10 0.04347367 
464 183 10 11 0.042262387 
497 127 8 9 0.0409903 
503 151 9 10 0.040700994 
482 135 8 9 0.040104788 
470 151 8 10 0.039318055 
470 143 7 8 0.038210172 
488 159 9 11 0.036134485 
453 140 9 11 0.036057297 
503 136 8 10 0.035382465 
453 129 9 10 0.03492014 
488 152 8 10 0.03327286 
466 188 9 11 0.032792937 
470 156 8 11 0.032792896 
487 175 8 11 0.03260773 
488 180 8 10 0.032158002 
525 142 9 11 0.03049329 
505 120 7 10 0.03014691 
709 57 45 59 0.02851941 
511 135 7 9 0.028412012 
304 173 20 24 0.02821251 
305 163 31 39 0.02789561 
554 174 8 9 0.026629254 
478 151 8 10 0.02656664 
480 191 8 10 0.02650982 
495 160 9 10 0.026494488 
520 135 9 10 0.026491577 
197 187 14 16 0.02618979 
201 179 29 34 0.026063021 
466 206 9 11 0.025179803 
727 37 11 16 0.024604034 
537 152 9 11 0.024156123 
465 135 7 9 0.023674643 
488 204 10 12 0.023516618 
512 128 8 9 0.023415148 
478 110 8 9 0.023090081 
533 142 9 10 0.022585591 
25 256 10 13 0.022490071 
509 143 8 10 0.022455573 
514 192 8 9 0.022393806 
4 208 14 18 0.022246137 
502 126 8 10 0.02193999 
528 168 7 9 0.02177017 
129 26 374 431 0.020798711 
520 160 8 9 0.02039754 
542 162 9 12 0.02030882 
67 206 12 16 0.020142363 
528 174 7 9 0.020005232 
