32_Worker_Laborer_Worker_Laborer_32_812
70
382 83 95 119 0.9995234 
61 461 22 28 0.3345911 
581 171 11 14 0.22248057 
363 310 47 53 0.1676912 
740 83 15 20 0.116742425 
937 336 26 30 0.091637895 
674 106 25 31 0.06774262 
22 428 9 11 0.0669103 
57 432 9 12 0.065234125 
49 471 10 12 0.061790094 
964 366 12 15 0.059243888 
3 442 13 16 0.058168888 
270 581 12 14 0.057840083 
98 11 74 70 0.051579364 
18 430 9 11 0.04998686 
440 484 109 165 0.04703942 
940 351 17 21 0.046506617 
54 469 12 14 0.04635218 
46 416 10 12 0.043282505 
38 399 8 10 0.041772474 
5 470 9 13 0.04142426 
34 509 14 18 0.04069975 
7 407 9 13 0.040654574 
37 452 9 11 0.038698606 
15 437 9 13 0.037081815 
964 502 28 35 0.036844127 
14 413 8 11 0.036670424 
14 408 8 11 0.035774726 
52 474 11 15 0.034272965 
141 446 9 11 0.033725984 
287 629 11 13 0.033594236 
197 405 10 15 0.03259762 
686 108 26 33 0.032559216 
110 465 13 16 0.0316128 
33 405 9 10 0.030659668 
33 448 10 12 0.030167732 
117 466 11 15 0.030151887 
124 461 10 12 0.029921345 
24 511 21 27 0.029540464 
757 72 13 17 0.029283863 
0 367 13 23 0.029047213 
564 167 10 11 0.02902145 
36 462 11 13 0.028987557 
169 413 9 11 0.02812112 
269 574 12 15 0.028117368 
478 -25 414 421 0.027556302 
94 501 11 14 0.027366292 
26 481 15 17 0.026370652 
533 387 32 36 0.026141547 
66 476 16 21 0.025990974 
19 509 14 17 0.025481753 
39 392 9 12 0.02431538 
31 502 14 16 0.024071548 
20 515 15 20 0.023591276 
276 580 10 13 0.022866229 
737 52 15 18 0.022690808 
255 486 27 35 0.022502005 
1 537 13 21 0.022420865 
-81 314 465 496 0.022420326 
593 183 9 12 0.02174489 
0 452 10 13 0.021660075 
28 374 9 12 0.021647284 
29 424 8 10 0.021571165 
2 411 10 15 0.021401005 
285 636 14 17 0.021072287 
44 397 10 12 0.0210223 
262 532 100 146 0.020975102 
745 606 10 13 0.020335779 
495 65 104 111 0.020174947 
16 471 11 14 0.020171013 
