32_Worker_Laborer_Worker_Laborer_32_738
18
263 348 136 149 0.9989034 
293 623 430 526 0.14039508 
417 460 191 255 0.11828423 
393 335 28 42 0.09388683 
184 461 412 523 0.06540372 
315 725 17 18 0.0428851 
206 1150 428 486 0.042663615 
971 464 25 34 0.037945397 
337 855 147 174 0.035712913 
531 494 93 122 0.034653883 
870 15 27 37 0.031210171 
963 348 27 34 0.028398566 
547 -68 451 560 0.024964882 
186 972 459 443 0.024787258 
530 729 423 413 0.024075951 
-32 423 160 267 0.023975946 
593 416 410 530 0.022041077 
1011 1139 12 18 0.020716963 
