32_Worker_Laborer_Worker_Laborer_32_516
38
256 112 34 43 0.9997912 
419 124 29 37 0.9990938 
225 129 28 35 0.9988341 
49 22 69 92 0.9986682 
844 117 32 36 0.99751115 
966 47 60 89 0.99640816 
520 100 39 46 0.9955492 
296 118 43 53 0.9927141 
756 100 41 51 0.9915336 
370 147 17 21 0.9884708 
880 145 33 41 0.9814777 
480 339 36 37 0.9685032 
277 306 47 54 0.9662711 
675 318 43 47 0.96298915 
767 333 47 49 0.88555545 
345 300 48 55 0.85426134 
575 353 43 41 0.77342147 
682 164 12 15 0.3089914 
213 138 28 39 0.16374055 
207 148 22 30 0.10007307 
212 149 13 18 0.07521488 
728 141 25 31 0.06475287 
676 159 21 25 0.06339095 
273 113 38 48 0.062876105 
340 87 22 30 0.06127409 
440 0 10 10 0.045922663 
113 10 46 61 0.032992583 
748 322 43 53 0.028335938 
108 39 44 62 0.027894637 
793 335 32 39 0.02591869 
706 83 30 33 0.024156738 
438 4 10 12 0.023754096 
332 102 27 38 0.023071975 
591 124 29 34 0.022952078 
714 99 26 32 0.022345923 
215 74 12 15 0.02162079 
168 98 13 18 0.020797962 
864 154 26 35 0.020026285 
