32_Worker_Laborer_Worker_Laborer_32_462
23
455 198 67 82 0.9846373 
125 432 114 108 0.089969866 
110 377 202 207 0.06637606 
890 238 14 17 0.047056917 
453 205 43 52 0.04115078 
538 154 50 64 0.035685997 
857 160 9 10 0.030688476 
213 3 17 21 0.029340552 
107 427 67 79 0.026541525 
862 157 9 11 0.026460601 
23 250 16 17 0.026257195 
15 261 10 13 0.025088144 
485 192 59 78 0.024929687 
541 123 32 36 0.024853732 
84 316 31 31 0.024323544 
518 0 50 59 0.024198681 
925 166 12 14 0.023048466 
313 96 17 22 0.022221817 
623 39 13 17 0.021733927 
598 86 12 15 0.021421202 
340 371 15 15 0.020464573 
989 5 10 12 0.02041135 
517 157 50 70 0.020382177 
