32_Worker_Laborer_Worker_Laborer_32_594
105
659 161 58 75 0.99919444 
784 624 9 12 0.10277131 
861 533 13 15 0.09393706 
781 628 11 14 0.082565084 
552 579 13 17 0.07342627 
508 541 10 12 0.07040565 
777 630 10 13 0.06976712 
936 494 8 10 0.068307854 
48 517 8 10 0.06416676 
182 494 10 13 0.06218031 
766 0 15 17 0.053947315 
738 607 9 11 0.05273143 
25 512 7 9 0.052310083 
95 535 9 10 0.05210165 
183 517 10 12 0.050806154 
1002 484 8 11 0.04714829 
847 598 10 13 0.046976358 
240 537 12 16 0.04611852 
544 550 10 12 0.045952573 
976 503 8 10 0.0426974 
58 534 9 12 0.0426312 
127 496 7 9 0.039743073 
540 562 11 15 0.039734475 
113 526 9 11 0.036229413 
440 538 17 23 0.034919452 
555 583 15 18 0.034802366 
114 533 8 10 0.034648243 
811 606 11 14 0.034019284 
739 212 16 20 0.03352757 
732 630 15 19 0.033065017 
935 471 7 9 0.03265353 
46 537 8 10 0.03233003 
943 479 8 9 0.03224428 
55 511 7 9 0.032054882 
445 524 13 16 0.032035116 
118 504 7 9 0.031719152 
496 552 12 15 0.03061144 
41 536 8 10 0.030321399 
115 504 7 9 0.02996013 
923 526 12 13 0.029753115 
113 520 8 10 0.029684156 
136 535 10 12 0.029413749 
104 511 7 9 0.029410068 
910 545 11 14 0.029316057 
950 469 8 10 0.029143894 
6 545 9 11 0.02910571 
45 541 10 12 0.029084466 
961 480 7 9 0.028974023 
198 470 8 10 0.02885023 
176 478 8 9 0.028749933 
166 488 8 10 0.028165959 
556 576 11 13 0.027841086 
56 505 8 10 0.027530132 
182 488 9 12 0.02737969 
94 176 12 16 0.02728017 
182 469 8 10 0.026932023 
951 479 8 10 0.026380192 
94 541 10 11 0.02613672 
549 550 8 10 0.026133643 
832 607 8 10 0.026103575 
10 477 8 10 0.026052747 
953 510 9 10 0.02571828 
177 513 9 11 0.025618125 
295 45 13 17 0.024765698 
952 495 7 10 0.024378303 
935 487 9 11 0.024187684 
172 523 12 15 0.024147635 
428 491 12 16 0.024077196 
962 486 8 10 0.023972059 
911 494 9 11 0.023792977 
160 503 7 10 0.023544692 
926 479 11 12 0.023532053 
1003 494 9 12 0.023415124 
176 519 10 12 0.023288513 
752 631 9 12 0.023263944 
958 510 8 10 0.022934452 
73 511 8 10 0.022921886 
475 501 16 21 0.022877604 
177 499 10 12 0.022833569 
853 601 12 17 0.022784242 
942 579 11 14 0.022768829 
951 465 9 10 0.022641437 
987 649 19 18 0.022569356 
199 463 8 9 0.022490963 
494 113 379 433 0.022071429 
300 568 18 21 0.022005096 
89 504 8 10 0.021953352 
57 529 8 9 0.021712203 
533 591 12 14 0.02129857 
918 501 9 10 0.021181827 
756 631 9 12 0.021095429 
126 448 8 10 0.02108387 
975 526 11 11 0.02100156 
137 511 7 10 0.020956403 
968 495 8 10 0.020896262 
167 471 7 10 0.02056625 
848 602 12 17 0.020424183 
957 555 13 16 0.020334583 
984 478 8 10 0.020285845 
64 506 7 9 0.020270215 
114 160 14 17 0.020244787 
1000 501 9 9 0.020127561 
982 470 9 10 0.02011548 
880 496 8 10 0.020110633 
871 607 11 14 0.020053545 
