42_Car_Racing_Nascar_42_911
23
502 121 275 355 0.9959377 
995 612 27 37 0.307178 
363 434 58 101 0.29174557 
912 553 27 31 0.25951532 
457 517 39 43 0.19657373 
225 46 222 239 0.09843386 
572 571 43 53 0.05960742 
91 60 436 467 0.050092004 
991 599 23 34 0.04024931 
354 43 350 402 0.031022653 
396 360 88 114 0.02871586 
566 649 52 54 0.027874565 
373 384 91 127 0.02621816 
607 661 46 61 0.026066832 
558 557 78 96 0.02437217 
806 171 29 41 0.024256643 
286 183 240 283 0.023573805 
439 523 43 56 0.02083588 
631 622 33 46 0.020755142 
996 528 23 37 0.020672753 
965 544 25 30 0.020221239 
990 613 17 27 0.020174406 
828 612 35 39 0.020139262 
