42_Car_Racing_Car_Racing_42_857
77
186 136 18 25 0.9280684 
100 123 20 26 0.9037462 
72 143 9 11 0.6414868 
160 140 10 13 0.5462034 
165 142 10 13 0.53058976 
246 152 10 11 0.41983655 
137 143 10 13 0.34854248 
213 144 13 14 0.3159331 
167 146 10 14 0.3014946 
222 147 10 12 0.27034763 
113 147 10 13 0.22107951 
279 141 11 13 0.1753211 
285 142 9 12 0.16909406 
230 147 9 11 0.15886338 
79 110 11 13 0.13026567 
227 226 12 17 0.093312375 
75 145 12 14 0.08673003 
54 148 9 10 0.08634032 
48 144 8 10 0.0809333 
272 143 11 12 0.08050093 
209 146 12 14 0.07991446 
67 142 9 11 0.07569368 
102 117 16 20 0.07555985 
248 143 10 13 0.06591636 
263 144 8 9 0.06459509 
128 148 11 13 0.06411331 
154 140 10 12 0.055976056 
800 5 41 49 0.054061133 
232 110 8 10 0.053525966 
252 149 9 12 0.052010942 
242 151 8 11 0.051181365 
254 143 9 11 0.05105182 
270 112 8 10 0.050057337 
117 143 10 14 0.0488349 
172 141 11 14 0.045873616 
64 147 11 13 0.04336282 
346 255 17 21 0.039684325 
49 148 8 11 0.039140344 
39 52 202 230 0.037469164 
190 111 7 9 0.03529894 
84 141 11 13 0.033641845 
224 222 11 16 0.033350334 
214 153 12 14 0.033237766 
109 138 12 17 0.03235097 
874 277 54 77 0.032268513 
133 153 11 14 0.03197419 
569 276 35 42 0.031750772 
249 110 10 12 0.030864581 
775 -5 33 34 0.030536823 
264 149 9 10 0.030163338 
117 156 10 12 0.029169757 
186 111 7 10 0.02822125 
171 416 29 33 0.027551712 
112 156 10 12 0.02725777 
270 178 15 18 0.02720522 
168 153 10 12 0.027197363 
172 167 10 13 0.026945723 
206 93 8 9 0.024697771 
171 135 20 26 0.024517134 
826 325 9 12 0.024455765 
158 136 17 22 0.024040291 
274 137 19 23 0.023939252 
133 137 17 23 0.022857185 
297 159 9 11 0.022591919 
168 197 9 11 0.022472821 
69 142 20 22 0.02212992 
608 203 15 17 0.022081936 
128 154 11 13 0.021832885 
215 143 19 22 0.02151491 
183 116 10 12 0.021199241 
628 5 15 17 0.021139354 
149 206 10 15 0.021061813 
300 215 9 13 0.02104765 
43 142 8 11 0.020598281 
453 101 478 439 0.020442719 
290 142 11 13 0.02021447 
264 110 11 13 0.020029318 
