42_Car_Racing_Car_Racing_42_1045
29
641 284 135 165 0.99986446 
393 253 157 218 0.99792826 
968 371 13 17 0.5070214 
777 187 41 60 0.4915848 
933 382 12 18 0.20955302 
924 381 21 28 0.1228223 
956 390 16 20 0.07660295 
931 -6 41 35 0.069155924 
792 176 28 52 0.057880137 
882 0 15 15 0.05238469 
759 201 63 88 0.051981565 
960 381 20 27 0.05108547 
974 748 10 12 0.040585816 
1007 388 15 19 0.04048539 
452 48 13 15 0.039056078 
928 561 94 168 0.03495348 
423 48 24 26 0.034624655 
915 372 27 32 0.033257894 
886 398 12 16 0.03247279 
932 385 23 29 0.027128799 
965 386 25 30 0.025617829 
880 -2 24 24 0.024367811 
990 396 11 14 0.02279455 
909 382 52 48 0.022549883 
999 390 11 15 0.021859756 
979 415 23 34 0.021769324 
945 388 26 30 0.021075306 
958 430 10 13 0.02080382 
591 48 45 38 0.020222453 
