42_Car_Racing_Nascar_42_661
53
819 255 31 41 0.9992747 
172 292 26 28 0.15368837 
170 206 16 20 0.12211274 
206 179 31 39 0.11907687 
129 212 11 13 0.10745602 
690 406 35 41 0.10321064 
807 376 16 20 0.09992716 
778 10 13 17 0.089410454 
622 135 79 106 0.06904085 
174 184 48 56 0.06796744 
247 -53 414 475 0.0589573 
948 359 30 31 0.056809764 
657 146 53 75 0.050912406 
92 293 11 16 0.04971775 
893 350 33 41 0.049338397 
623 322 15 17 0.048116677 
171 197 29 34 0.04759987 
665 525 59 74 0.04436301 
86 83 13 17 0.039825857 
145 12 14 16 0.03788768 
90 248 23 29 0.03697781 
642 357 51 52 0.03624352 
532 416 32 34 0.03419045 
384 268 9 10 0.03348299 
145 3 15 17 0.033369366 
130 291 13 19 0.033284195 
968 367 30 26 0.03304479 
874 384 32 43 0.032049507 
619 -22 421 491 0.031160466 
93 79 10 13 0.031074328 
875 366 103 115 0.02999782 
145 36 9 13 0.029620348 
475 179 103 129 0.028368317 
400 60 210 299 0.028167669 
710 155 84 120 0.027786309 
145 255 9 13 0.027745709 
80 84 12 17 0.02762071 
502 61 11 14 0.027591283 
116 203 11 13 0.026194757 
214 285 13 17 0.025805987 
231 305 405 505 0.02384027 
163 278 41 49 0.023558425 
780 452 15 18 0.023420664 
155 197 10 14 0.023147281 
772 4 22 27 0.022546297 
707 144 57 75 0.02238149 
382 181 331 432 0.022285594 
561 329 11 14 0.021652242 
60 122 14 17 0.021570208 
172 -6 93 103 0.021474663 
170 2 17 18 0.021354767 
148 80 15 18 0.0204574 
155 201 14 18 0.020366017 
