57_Angler_peoplefishing_57_401
27
619 213 22 26 0.9696166 
103 279 28 34 0.15856142 
254 399 9 10 0.11219785 
459 368 17 24 0.08862285 
785 301 42 56 0.08375998 
491 361 390 435 0.06755861 
437 367 49 48 0.058244508 
643 218 14 19 0.045406166 
425 381 31 30 0.04094971 
244 411 10 13 0.0352644 
442 377 17 20 0.031236524 
254 393 10 12 0.030476904 
635 215 15 21 0.029392099 
784 330 49 60 0.028996602 
453 374 16 21 0.027866155 
618 288 483 503 0.027015068 
75 365 29 33 0.025539966 
417 359 50 48 0.025029715 
110 334 29 36 0.024313463 
457 372 28 33 0.024205364 
450 376 55 50 0.023678448 
878 222 10 12 0.022896646 
681 220 11 13 0.022852331 
869 211 10 12 0.02235966 
641 231 16 19 0.0218624 
103 285 14 19 0.021827633 
177 366 30 34 0.020662637 
