57_Angler_peoplefishing_57_868
40
619 676 179 233 0.9993856 
579 221 218 349 0.5075462 
642 922 330 482 0.3134339 
644 319 115 194 0.178185 
127 544 55 62 0.16620943 
403 205 180 274 0.13717231 
-8 178 106 178 0.093626805 
536 980 108 104 0.0846215 
532 1041 57 59 0.07512351 
345 182 165 269 0.06802473 
864 1364 65 63 0.0650515 
751 312 95 135 0.058043476 
391 1424 197 205 0.05161432 
6 216 58 115 0.05154737 
564 983 69 62 0.049630072 
986 364 37 74 0.04222099 
683 184 193 289 0.038001757 
862 1412 94 99 0.03752531 
464 231 198 273 0.03751419 
567 1137 30 39 0.03529734 
377 501 65 90 0.03511328 
144 562 56 60 0.031074328 
608 1161 58 62 0.029263685 
686 1098 48 42 0.028640158 
699 314 100 152 0.02856491 
127 467 45 64 0.028145958 
857 85 183 288 0.027504157 
757 80 188 305 0.027139934 
143 193 59 91 0.026560549 
353 115 286 459 0.026307445 
343 137 118 186 0.02563095 
581 1128 91 106 0.02534118 
146 525 57 69 0.0250371 
187 70 54 73 0.024257006 
693 358 61 102 0.024001418 
525 1035 93 101 0.022648277 
54 869 49 73 0.022280233 
258 183 97 123 0.020855974 
28 184 135 171 0.020737035 
457 490 349 453 0.020312909 
