57_Angler_peoplefishing_57_15
18
437 159 16 23 0.42641604 
576 285 22 26 0.3857911 
674 165 21 30 0.26320148 
686 165 24 29 0.10205873 
697 159 20 31 0.096357375 
419 154 26 29 0.079782985 
434 183 15 18 0.06182596 
724 290 13 17 0.04485994 
485 167 9 11 0.043802645 
409 148 26 30 0.033158485 
3 475 13 17 0.029156182 
653 269 10 13 0.028307019 
585 292 17 21 0.027208073 
596 283 13 19 0.023077711 
68 238 450 486 0.022252358 
411 161 25 28 0.021605665 
715 228 16 23 0.021098664 
734 272 9 12 0.02050394 
