57_Angler_peoplefishing_57_661
80
102 427 14 19 0.9000159 
203 414 13 15 0.84606284 
364 410 11 13 0.5260797 
244 387 10 12 0.3987124 
402 409 9 11 0.33528933 
233 412 10 11 0.2783564 
282 419 9 11 0.20802689 
447 414 9 12 0.16875437 
36 419 12 16 0.16473812 
0 389 10 15 0.12660274 
244 392 12 16 0.12215105 
496 405 9 11 0.10873898 
368 383 9 11 0.102322094 
446 409 9 11 0.069366835 
452 414 9 12 0.06797963 
324 404 10 12 0.06295345 
579 352 25 34 0.05701084 
208 417 13 16 0.053283654 
304 403 11 12 0.053113766 
322 383 9 12 0.048957672 
0 437 11 14 0.046752345 
82 456 9 12 0.042756073 
320 397 11 13 0.04185198 
7 421 11 15 0.038991734 
308 396 9 13 0.038768616 
344 397 11 13 0.03695077 
97 432 12 15 0.036553428 
73 420 9 13 0.036135722 
142 439 11 13 0.03373422 
143 298 27 33 0.033552162 
287 384 11 13 0.033217724 
14 456 9 13 0.032619026 
1 430 9 14 0.032352842 
6 428 10 13 0.028453877 
442 414 10 13 0.028371144 
391 448 9 11 0.02765377 
308 406 9 12 0.026230115 
232 445 13 15 0.026061846 
16 388 10 12 0.026039418 
72 415 9 13 0.025718031 
237 419 11 14 0.02558229 
215 395 11 16 0.025393227 
456 395 9 12 0.025390998 
350 391 8 11 0.025196452 
311 413 9 11 0.02490175 
92 227 14 17 0.024789663 
566 344 46 52 0.024411721 
13 419 14 19 0.024312647 
390 421 11 13 0.024264103 
381 436 11 13 0.023973972 
220 396 12 17 0.023719544 
415 384 9 12 0.023637837 
338 398 8 12 0.023622015 
51 404 15 19 0.023559883 
83 254 17 21 0.023528796 
55 384 8 10 0.023245692 
13 469 9 12 0.02324543 
8 456 11 13 0.02282069 
663 447 68 75 0.022692278 
391 412 10 13 0.022104196 
571 360 25 32 0.022026416 
85 399 16 21 0.021991875 
343 402 11 14 0.02193257 
365 161 98 140 0.021746285 
295 422 11 14 0.021531448 
415 394 11 13 0.021343714 
408 388 10 13 0.021336203 
227 301 165 204 0.021287987 
440 419 11 14 0.020987585 
273 412 10 12 0.020983499 
6 413 11 15 0.020940432 
360 403 18 23 0.020598054 
90 488 44 48 0.020542458 
408 438 10 12 0.02044587 
613 478 184 240 0.02039948 
350 406 9 11 0.020311015 
277 407 10 12 0.020274414 
501 401 8 10 0.02026104 
664 398 106 129 0.02011167 
244 401 12 14 0.020066096 
