57_Angler_peoplefishing_57_566
43
422 436 9 12 0.92097646 
471 383 12 14 0.7634307 
263 413 13 17 0.57032853 
328 416 10 13 0.500211 
251 407 13 16 0.3017142 
503 221 8 10 0.18459043 
459 423 10 12 0.17652181 
506 447 16 23 0.15355602 
287 454 9 12 0.12058147 
508 438 12 17 0.079756424 
500 421 13 16 0.0770295 
486 415 23 26 0.07339717 
239 453 9 14 0.051567364 
566 464 7 9 0.047947675 
327 424 11 14 0.047868874 
407 432 8 10 0.04442206 
460 437 11 16 0.043963924 
431 461 9 11 0.04274509 
484 413 17 19 0.0376607 
291 453 10 12 0.037023082 
413 462 9 13 0.035362978 
395 303 14 15 0.034608915 
527 486 8 11 0.030888949 
478 400 27 32 0.03049244 
605 410 14 20 0.02925637 
254 414 15 18 0.02700836 
451 533 14 17 0.026636915 
484 399 12 14 0.02662658 
419 431 17 22 0.026284833 
504 456 13 17 0.025114762 
433 424 9 12 0.024721341 
410 378 97 119 0.024258435 
480 418 15 18 0.023920795 
417 431 11 14 0.023869257 
314 455 8 10 0.022712996 
326 455 15 17 0.02257819 
508 429 10 13 0.022531806 
437 462 8 10 0.02206812 
542 172 13 17 0.021882482 
332 426 12 14 0.021796348 
423 456 10 12 0.021108821 
424 460 12 14 0.020854285 
506 420 11 15 0.020084593 
