55_Sports_Coach_Trainer_sportcoaching_55_809
23
692 638 48 94 0.99820304 
812 367 82 101 0.99557257 
377 547 75 96 0.9915121 
3 585 45 50 0.42997757 
154 617 17 21 0.14764775 
664 283 46 39 0.13477072 
136 612 29 31 0.082008556 
43 723 55 62 0.07182813 
124 613 25 29 0.06713385 
139 691 52 64 0.063425474 
147 703 30 39 0.057962038 
151 909 101 129 0.05667947 
146 898 37 38 0.049227763 
17 569 44 60 0.032393187 
206 1167 51 54 0.03226418 
719 286 39 48 0.03012602 
0 602 33 45 0.028496135 
133 680 85 105 0.026593411 
53 688 88 109 0.024287561 
610 950 10 13 0.022943843 
111 621 12 13 0.020359123 
312 860 26 30 0.020246582 
149 718 17 21 0.02023604 
