55_Sports_Coach_Trainer_sportcoaching_55_643
106
6 295 27 32 0.9973236 
506 217 16 22 0.99307865 
421 267 14 20 0.9609371 
783 211 19 25 0.93882877 
295 257 21 29 0.9382841 
473 234 15 23 0.93758124 
667 259 14 18 0.92002875 
429 244 15 18 0.83644587 
597 255 15 21 0.62413156 
945 225 16 24 0.52604264 
861 249 13 18 0.42975274 
621 258 16 21 0.42375755 
649 255 15 19 0.37944704 
691 262 13 16 0.35972103 
550 271 14 19 0.31190693 
526 258 14 18 0.20401853 
277 246 15 19 0.18814296 
918 225 14 20 0.13758199 
578 258 18 25 0.12742713 
965 299 16 21 0.121662796 
866 250 14 18 0.098951675 
555 266 15 20 0.096708745 
333 279 12 15 0.09635533 
521 259 12 18 0.09362872 
856 245 13 17 0.09164698 
636 255 20 25 0.08667222 
368 218 12 18 0.0854256 
892 287 15 21 0.08261938 
877 251 13 18 0.07907375 
762 244 15 17 0.07864641 
645 262 17 21 0.07817515 
884 250 11 18 0.07582248 
875 290 13 17 0.07478095 
946 213 16 23 0.0671969 
564 260 14 19 0.067143306 
444 250 12 17 0.065721385 
697 372 13 15 0.06119417 
700 232 14 18 0.061062608 
783 290 12 16 0.05310806 
636 306 23 27 0.05220581 
585 263 17 21 0.046400566 
614 262 15 20 0.045646332 
615 282 13 17 0.045001 
425 259 18 23 0.044957515 
280 246 23 27 0.044544373 
542 273 16 18 0.040683225 
691 269 16 20 0.040668778 
787 285 13 16 0.039904397 
378 218 15 21 0.038834363 
372 213 13 19 0.038480647 
908 221 22 29 0.038161866 
628 255 13 19 0.03784988 
892 217 24 30 0.034126457 
854 235 12 16 0.033486973 
912 226 12 18 0.033345383 
531 263 16 20 0.03322304 
661 254 14 21 0.03117659 
708 340 13 17 0.030570518 
694 336 20 28 0.03041316 
697 261 14 17 0.030172316 
366 350 8 12 0.029894048 
675 263 14 19 0.029788233 
963 227 16 20 0.029650966 
652 248 13 18 0.02938303 
708 281 13 17 0.029329116 
575 253 14 19 0.02931572 
687 296 14 17 0.028782867 
923 221 16 21 0.028746514 
650 273 15 17 0.028746061 
70 271 17 22 0.028340429 
433 239 15 18 0.028238516 
589 253 17 23 0.028082 
530 254 15 19 0.027996443 
342 356 10 12 0.027713016 
921 230 17 20 0.027339125 
563 269 16 21 0.027197326 
617 264 21 28 0.02624101 
573 269 15 20 0.026146784 
767 218 12 16 0.025953284 
932 219 15 19 0.025811471 
428 331 17 19 0.025706409 
464 228 14 19 0.025701143 
1 317 23 33 0.025533684 
847 259 13 16 0.024855345 
970 293 16 20 0.02483936 
717 298 11 14 0.024736485 
390 270 12 16 0.024697173 
797 222 15 21 0.024621235 
854 254 14 19 0.02361986 
700 274 15 20 0.02318247 
505 267 15 19 0.023153622 
801 262 11 15 0.02312705 
534 273 14 16 0.022589233 
535 226 12 17 0.022320561 
424 248 13 19 0.022243792 
446 272 12 18 0.022217095 
663 320 14 19 0.022038838 
435 247 19 24 0.021998996 
648 308 16 19 0.021885742 
424 291 16 20 0.021365944 
550 261 15 20 0.020966709 
651 281 15 19 0.020947559 
860 265 14 17 0.020866819 
876 297 13 17 0.020827064 
405 282 11 15 0.02049309 
793 217 15 20 0.020464897 
