55_Sports_Coach_Trainer_sportcoaching_55_263
23
317 33 73 98 0.99659413 
156 150 12 16 0.21559262 
515 187 45 54 0.09271066 
265 104 28 31 0.072409265 
154 161 23 27 0.046504315 
126 99 14 19 0.041872695 
147 115 12 15 0.03570279 
142 262 12 16 0.03469999 
244 133 9 13 0.03324098 
150 150 20 26 0.0296653 
117 218 15 21 0.027485853 
158 300 12 13 0.0268053 
104 187 10 13 0.025097907 
262 106 42 52 0.024919871 
116 205 22 27 0.023346666 
106 183 9 12 0.023317942 
280 112 15 18 0.0231962 
116 104 25 31 0.023190789 
94 199 9 11 0.022727923 
235 108 13 16 0.022031361 
204 181 12 13 0.0214931 
74 245 12 15 0.020763265 
131 104 15 19 0.020189345 
