55_Sports_Coach_Trainer_sportcoaching_55_122
279
57 370 37 46 0.9982451 
812 273 31 35 0.99798054 
871 393 36 46 0.99721235 
345 287 26 34 0.9969559 
99 279 31 37 0.9956671 
25 218 26 32 0.99555063 
36 171 30 36 0.9906749 
864 300 31 40 0.9880244 
565 298 27 36 0.9876638 
724 372 39 48 0.9845005 
180 279 29 33 0.98153585 
259 271 27 32 0.98027337 
19 252 30 35 0.97896224 
966 222 33 38 0.9567067 
529 291 22 29 0.95562303 
631 267 24 29 0.919113 
384 266 22 28 0.86127824 
738 274 27 35 0.8367198 
619 175 16 20 0.80828685 
768 262 29 43 0.78510946 
457 309 25 31 0.7271424 
693 279 25 36 0.7073442 
360 244 22 31 0.68822825 
806 183 14 20 0.6229585 
670 301 24 30 0.61907977 
707 174 15 20 0.6162902 
118 272 26 31 0.5869678 
134 193 18 26 0.5618656 
604 257 22 28 0.5228293 
742 239 22 28 0.5142874 
806 322 36 49 0.4980969 
684 257 14 19 0.49057657 
781 319 22 31 0.46706754 
467 241 17 21 0.45825976 
374 204 14 18 0.4339105 
525 261 22 26 0.3839938 
288 274 14 19 0.37298942 
180 179 10 14 0.34147063 
621 212 23 29 0.32557216 
879 164 14 17 0.3158431 
772 192 17 21 0.29626212 
310 212 14 21 0.28822207 
419 278 16 22 0.28716233 
360 212 10 12 0.2759069 
740 323 22 27 0.26889983 
326 213 14 19 0.2650826 
587 198 16 22 0.26282203 
551 178 12 16 0.24553306 
537 183 10 13 0.24543038 
835 207 22 26 0.22438626 
433 276 20 27 0.21770462 
449 249 15 19 0.20521489 
211 191 16 22 0.18537065 
463 234 16 19 0.18537046 
170 265 24 31 0.17844771 
541 181 10 14 0.16398703 
328 191 14 18 0.15669836 
458 322 18 24 0.15427352 
367 206 13 16 0.13632652 
220 192 21 26 0.13500422 
329 180 12 14 0.13093768 
285 196 15 17 0.12815323 
427 279 16 22 0.1259519 
847 178 11 15 0.12569842 
284 206 19 24 0.12381339 
124 200 17 21 0.12331946 
248 260 23 30 0.117366746 
832 252 13 18 0.11610934 
565 194 10 15 0.11301166 
271 186 14 20 0.106849074 
565 179 10 13 0.104026966 
832 190 13 16 0.10255575 
504 234 14 18 0.10088109 
634 217 16 23 0.09957185 
691 192 17 22 0.09567624 
838 220 17 22 0.095327295 
340 233 15 20 0.09359008 
625 225 24 31 0.0899944 
694 182 22 28 0.0864071 
174 185 12 17 0.08412947 
830 257 25 32 0.08370587 
566 208 15 21 0.08266335 
596 294 21 29 0.0813509 
832 194 23 30 0.07916141 
228 198 17 24 0.077961735 
581 298 24 33 0.07476308 
699 276 17 22 0.068827 
678 279 14 18 0.06744233 
462 165 41 58 0.06484849 
245 258 17 22 0.06314342 
569 216 15 20 0.063115485 
778 198 15 22 0.061966635 
540 292 23 29 0.061720833 
530 189 15 20 0.061542206 
169 187 12 16 0.061470874 
399 462 11 13 0.06129362 
667 216 17 19 0.060437128 
301 182 9 13 0.05854703 
659 257 13 17 0.058428403 
948 178 14 17 0.05832122 
185 233 25 32 0.057090674 
593 195 15 20 0.056822103 
519 241 12 15 0.05629556 
398 305 13 17 0.055401586 
315 204 16 20 0.054868393 
420 218 15 20 0.054515872 
670 286 29 35 0.05355666 
477 271 15 21 0.053310655 
44 281 22 28 0.05307355 
274 190 18 21 0.05306476 
388 202 12 16 0.052881736 
557 176 10 14 0.052628964 
710 352 26 38 0.052479003 
378 198 15 19 0.052400406 
341 258 14 18 0.05164182 
276 183 11 15 0.051261842 
783 306 14 21 0.04890508 
372 260 25 31 0.047535684 
427 151 16 24 0.047322597 
324 203 16 21 0.046919983 
340 265 21 26 0.046815656 
700 299 15 23 0.045740128 
507 257 14 19 0.045344777 
732 223 14 18 0.04520569 
404 269 20 29 0.04371523 
654 290 29 32 0.04345443 
688 262 23 32 0.043427885 
227 188 15 20 0.04316201 
765 188 15 22 0.042324737 
263 214 20 31 0.0417613 
288 281 20 27 0.041627057 
731 218 40 52 0.041371573 
559 236 11 14 0.041349437 
733 181 14 17 0.041045602 
213 184 13 17 0.040942643 
558 187 12 16 0.040652543 
491 227 13 17 0.04064339 
753 328 15 21 0.040491953 
318 249 15 19 0.03935315 
831 162 13 15 0.039145906 
470 248 21 29 0.039030924 
842 197 23 29 0.038947914 
437 269 14 18 0.038754042 
892 179 15 19 0.038661044 
518 180 10 13 0.03842692 
352 206 12 15 0.037935074 
299 205 20 29 0.037708502 
387 231 14 19 0.037645232 
742 315 16 20 0.037585266 
166 195 13 17 0.03748149 
463 247 15 20 0.03726741 
571 204 13 19 0.037137125 
310 205 13 19 0.03711732 
175 175 17 23 0.036684446 
807 175 11 14 0.036326665 
404 316 14 17 0.036298145 
300 187 13 19 0.036294825 
770 308 34 49 0.035876624 
704 167 10 13 0.035626125 
665 385 18 21 0.035488784 
511 181 9 15 0.035440825 
883 174 16 22 0.03535216 
876 225 34 47 0.035351846 
383 230 13 16 0.035201043 
849 569 44 36 0.035122752 
727 242 43 55 0.035100807 
555 292 25 32 0.03505447 
569 243 17 21 0.034871753 
932 343 22 32 0.034550127 
706 343 24 33 0.03422888 
363 473 11 13 0.03302684 
544 177 9 12 0.032942392 
834 247 25 30 0.03288283 
216 464 10 12 0.03271884 
699 199 16 20 0.032708693 
448 281 15 20 0.032590594 
733 223 24 32 0.032313097 
287 246 24 32 0.032261692 
509 188 11 16 0.032107674 
290 55 15 18 0.0318934 
91 206 24 26 0.03119716 
812 173 11 15 0.03088941 
694 179 14 18 0.030809646 
486 219 13 17 0.030473238 
146 215 16 22 0.030080304 
472 173 26 32 0.030073108 
263 292 17 22 0.029993555 
485 233 13 17 0.029899215 
467 179 15 19 0.029786708 
429 206 22 29 0.029773066 
656 171 10 12 0.02970077 
701 217 12 17 0.029383788 
274 206 23 32 0.029275393 
673 314 18 22 0.029193006 
173 192 11 16 0.0291758 
313 212 24 29 0.02914723 
172 259 17 21 0.02909244 
700 209 14 18 0.028910905 
839 180 12 17 0.028826471 
680 273 25 32 0.028514601 
786 195 12 17 0.028415188 
357 207 19 24 0.028021103 
124 215 14 20 0.0278349 
360 217 13 17 0.027768372 
454 236 13 16 0.02758676 
343 272 24 31 0.027057726 
360 179 11 14 0.02693762 
159 484 11 13 0.026850756 
192 470 10 12 0.026693204 
572 233 16 18 0.026591072 
456 133 82 120 0.026480228 
869 254 14 21 0.026235323 
536 177 19 24 0.026170125 
234 194 14 20 0.026164522 
889 163 13 18 0.026149845 
529 268 23 32 0.026062472 
947 264 24 29 0.025964947 
844 184 14 19 0.025864089 
537 177 9 12 0.025847403 
721 259 38 50 0.025793979 
145 195 14 19 0.025605038 
445 212 12 18 0.025590632 
558 209 14 20 0.0255131 
597 278 23 31 0.025503768 
474 238 12 16 0.025397837 
462 182 22 29 0.025397219 
330 254 23 30 0.025086086 
396 201 12 18 0.02480486 
183 471 9 10 0.024716496 
237 188 11 15 0.024553088 
961 377 32 41 0.024359705 
237 208 14 19 0.024128709 
556 489 14 16 0.024101594 
293 189 13 18 0.023783728 
940 222 24 30 0.023768442 
412 223 15 19 0.023715591 
1005 167 11 15 0.023687216 
872 163 14 17 0.023604622 
726 220 14 20 0.023545232 
157 203 14 19 0.023434814 
861 240 23 33 0.023372382 
331 224 15 20 0.02335946 
813 181 21 26 0.023251269 
641 218 14 20 0.02324789 
862 204 12 16 0.022951681 
316 254 20 29 0.022930807 
703 275 25 36 0.022899874 
308 196 12 15 0.022874001 
616 216 15 21 0.022659868 
817 346 20 26 0.022626251 
499 150 14 20 0.022585275 
394 261 14 18 0.022381527 
739 318 36 47 0.022381078 
182 326 31 44 0.022257548 
580 232 14 18 0.02219385 
386 209 14 18 0.022153167 
298 225 14 19 0.022067465 
776 288 24 33 0.0219281 
163 282 24 32 0.021793438 
321 227 23 28 0.021674091 
941 228 16 17 0.021612773 
558 228 13 17 0.021593552 
0 197 13 17 0.02149021 
572 188 10 15 0.021406788 
439 265 22 32 0.021120835 
746 252 17 21 0.021067832 
483 209 15 19 0.021014124 
68 176 17 23 0.020920236 
727 186 14 18 0.020815954 
130 203 18 24 0.020744948 
373 217 13 15 0.020666232 
406 219 13 21 0.020653693 
370 244 27 34 0.020477325 
414 213 13 18 0.020464098 
821 561 42 35 0.020436356 
348 245 22 29 0.020406514 
237 249 14 20 0.020232126 
689 251 16 22 0.020049095 
310 281 21 33 0.020031108 
