55_Sports_Coach_Trainer_sportcoaching_55_179
23
128 280 35 43 0.48599797 
82 245 34 39 0.420792 
227 9 54 49 0.35241863 
148 152 40 38 0.25789088 
189 89 32 38 0.1950235 
84 15 37 49 0.15350775 
320 0 42 29 0.10000897 
182 67 26 30 0.08802534 
67 250 53 58 0.08399865 
101 264 51 60 0.06771785 
242 28 37 39 0.04575093 
268 2 16 18 0.044643614 
193 70 14 17 0.039311014 
96 255 27 36 0.039015133 
258 -2 28 28 0.032781817 
57 235 83 95 0.028281145 
175 67 42 52 0.02659038 
272 226 40 56 0.026381467 
127 159 59 57 0.02605392 
195 82 18 22 0.024384357 
26 -3 67 63 0.024200672 
228 3 38 32 0.02062795 
336 9 21 18 0.020155786 
