55_Sports_Coach_Trainer_sportcoaching_55_1013
31
373 105 128 166 0.9998636 
177 815 18 22 0.21544667 
10 12 12 15 0.10868396 
1001 830 16 21 0.05328866 
756 92 13 16 0.037571065 
782 230 10 13 0.035496484 
26 112 7 10 0.03247772 
84 599 16 18 0.031044846 
277 789 11 13 0.029737106 
935 820 27 35 0.029447142 
0 485 8 13 0.02809836 
272 790 11 13 0.026874457 
702 281 27 35 0.026411172 
158 580 25 32 0.02627851 
14 600 12 14 0.025964037 
692 696 87 118 0.02488952 
837 193 16 19 0.024829477 
0 405 10 15 0.024717212 
475 276 49 62 0.024489803 
177 764 10 14 0.024087746 
575 821 83 120 0.023243565 
5 405 8 12 0.022492705 
9 173 10 12 0.022338124 
180 710 16 21 0.021981977 
25 77 10 12 0.021691656 
876 222 15 18 0.021582635 
183 756 11 15 0.020891102 
6 7 19 26 0.020745145 
112 404 10 12 0.020660242 
954 883 53 64 0.020397564 
837 209 13 16 0.02025809 
