55_Sports_Coach_Trainer_sportcoaching_55_894
101
428 32 181 229 0.9995721 
26 333 12 16 0.36595947 
92 141 11 13 0.30518103 
693 241 61 76 0.22172551 
997 414 8 10 0.11554764 
958 406 7 9 0.11130407 
953 390 6 9 0.106828004 
960 425 7 10 0.10193794 
918 384 7 10 0.08677047 
661 254 71 80 0.07910568 
277 336 10 12 0.07679972 
1005 382 7 9 0.06719626 
944 401 7 9 0.06674683 
1014 357 8 11 0.06521127 
953 400 7 8 0.061267864 
1014 430 8 11 0.06100366 
1001 384 7 9 0.0597654 
902 421 8 10 0.05946634 
945 385 7 8 0.054653645 
643 252 26 47 0.05287254 
1002 441 8 10 0.0523421 
848 382 8 10 0.050298072 
976 384 7 9 0.049683597 
913 413 7 9 0.04855095 
47 364 11 15 0.048360053 
958 400 7 9 0.04683654 
952 385 7 9 0.046494264 
918 408 8 10 0.04633677 
329 389 10 12 0.04536367 
902 418 7 8 0.04525849 
274 340 10 11 0.044932492 
966 423 8 10 0.044426814 
985 399 6 8 0.04302392 
984 391 6 8 0.042039048 
2 348 12 14 0.041896116 
975 376 7 8 0.04118273 
998 408 8 10 0.041055568 
915 383 7 10 0.03957311 
645 249 53 72 0.039451517 
946 390 6 8 0.03877606 
905 368 7 9 0.038646564 
895 413 7 10 0.038415853 
272 364 10 12 0.038160134 
999 388 8 10 0.036227 
953 405 9 10 0.03534809 
984 367 7 9 0.034696117 
857 437 9 12 0.034155563 
9 326 7 9 0.03334758 
967 368 6 8 0.03275055 
935 392 7 8 0.032581672 
1000 369 7 9 0.031619336 
993 408 8 11 0.03159103 
970 376 6 8 0.031209225 
994 385 7 8 0.030698065 
87 136 19 22 0.030632026 
977 389 7 9 0.03060752 
1015 423 7 11 0.030249976 
969 384 7 9 0.029849041 
880 372 7 8 0.029125497 
244 410 11 13 0.028795797 
1010 358 6 10 0.028788373 
937 399 7 9 0.027827712 
24 329 10 14 0.027672369 
969 416 7 10 0.02738209 
213 423 10 12 0.027217329 
982 385 7 9 0.027072318 
936 368 6 9 0.026989711 
257 334 8 10 0.026879026 
1007 400 8 9 0.026856216 
953 429 8 10 0.026103677 
893 408 8 10 0.026084498 
87 145 16 18 0.026058841 
952 424 9 10 0.025913484 
977 358 7 9 0.025845027 
914 389 7 10 0.02552366 
1013 305 10 16 0.025168896 
27 341 16 21 0.025115717 
259 374 13 16 0.025089381 
863 383 8 10 0.025033562 
968 390 7 9 0.024996184 
1005 439 8 10 0.024904061 
993 375 6 8 0.02473926 
856 383 8 10 0.024528189 
717 231 39 59 0.024434742 
16 341 10 14 0.024342053 
297 367 10 12 0.024220105 
944 440 7 9 0.023688205 
999 351 7 10 0.023165837 
991 399 7 8 0.023060607 
98 139 12 16 0.022674002 
903 383 7 9 0.022624023 
960 384 7 9 0.022548676 
984 360 7 8 0.022526624 
930 391 6 8 0.0219615 
918 414 7 9 0.021067524 
894 446 9 11 0.020614438 
960 375 7 9 0.02038591 
890 414 8 10 0.020323895 
766 240 9 11 0.020121861 
992 420 8 11 0.020119807 
1006 375 7 11 0.020071456 
