55_Sports_Coach_Trainer_sportcoaching_55_196
100
509 164 30 39 0.977235 
795 38 44 72 0.9705418 
280 170 35 43 0.9224113 
170 169 32 34 0.7850558 
535 193 29 36 0.72533625 
841 38 48 74 0.52127695 
470 171 26 37 0.47473004 
319 226 33 33 0.4037168 
748 157 33 44 0.33243763 
553 187 27 37 0.1260481 
165 177 16 17 0.09866612 
229 151 16 20 0.08439097 
125 172 26 34 0.07948808 
573 158 12 14 0.07893532 
453 176 38 50 0.077828944 
224 123 13 15 0.076245315 
283 181 21 24 0.07439633 
438 185 42 50 0.0723872 
264 139 10 12 0.06974484 
793 35 30 50 0.06556428 
108 165 31 36 0.06163782 
425 197 32 36 0.05862169 
226 155 26 31 0.0530067 
563 184 18 24 0.05273474 
342 352 13 19 0.052154664 
568 180 13 18 0.048940472 
725 148 10 13 0.046455644 
244 111 9 10 0.04562571 
945 21 9 13 0.04456451 
183 178 20 20 0.04426522 
373 141 10 12 0.043151516 
519 172 33 45 0.043072596 
149 180 10 14 0.042292006 
503 124 10 13 0.04168232 
523 126 9 11 0.040535342 
373 196 12 15 0.040441312 
132 179 15 19 0.04041721 
238 126 10 12 0.04000001 
140 180 12 16 0.03853551 
543 114 12 16 0.038518053 
107 161 17 20 0.037532754 
224 154 12 16 0.035357982 
756 45 9 11 0.0348056 
521 198 28 40 0.03429015 
428 202 18 20 0.03310038 
160 171 25 29 0.032845248 
313 235 35 43 0.0324785 
399 170 12 15 0.031065295 
743 60 9 11 0.030627148 
238 250 38 56 0.02927905 
242 154 31 37 0.028924432 
77 261 27 33 0.02863854 
516 219 14 19 0.028591426 
565 245 42 53 0.027904648 
266 134 12 14 0.027793182 
360 84 10 12 0.026965328 
448 132 10 11 0.026886817 
161 178 12 15 0.026808832 
520 111 9 11 0.026792243 
534 200 17 25 0.026746795 
555 144 12 16 0.026608583 
408 165 23 33 0.026465653 
186 157 41 47 0.026204301 
143 266 13 16 0.025672007 
522 102 10 11 0.025083398 
749 169 16 20 0.024987599 
727 175 8 10 0.0249183 
755 174 16 21 0.024660999 
855 13 41 66 0.024404805 
238 339 14 19 0.024285456 
487 159 24 36 0.024277793 
457 190 44 60 0.024237456 
176 226 39 49 0.0242072 
101 169 17 22 0.023911878 
786 60 36 57 0.023590723 
385 180 13 16 0.023167985 
744 102 10 12 0.022846313 
338 345 23 30 0.02272786 
506 212 25 34 0.0225231 
192 176 16 19 0.022437643 
431 142 11 11 0.02236338 
158 173 52 60 0.021950334 
627 206 12 13 0.021786079 
756 111 9 12 0.021546062 
851 64 51 74 0.02153836 
569 162 11 14 0.021497712 
311 61 9 11 0.021369236 
462 107 11 13 0.021186383 
215 120 24 27 0.021108145 
1012 299 10 15 0.020871175 
709 190 9 11 0.020852521 
642 203 11 14 0.020838497 
520 117 9 11 0.020757202 
410 177 41 51 0.020723699 
756 39 9 12 0.020586558 
140 173 24 31 0.020477908 
298 190 15 21 0.020314958 
491 152 14 20 0.020268323 
305 116 10 13 0.02019256 
681 295 8 11 0.020008055 
