55_Sports_Coach_Trainer_sportcoaching_55_218
59
731 72 51 49 0.97679067 
892 200 75 93 0.5576586 
742 164 18 27 0.3725555 
653 218 42 34 0.26536688 
189 307 17 21 0.22689578 
640 197 22 34 0.21604522 
607 333 49 59 0.18759955 
149 306 26 36 0.15069842 
787 122 47 68 0.107205816 
838 261 103 117 0.06107823 
638 208 45 53 0.05331886 
859 300 68 66 0.05160296 
609 232 32 51 0.049912896 
316 123 13 15 0.048260413 
386 79 8 10 0.04670927 
225 251 10 13 0.046104185 
687 263 29 29 0.04481623 
858 222 99 114 0.04426043 
752 168 18 23 0.043553304 
88 9 9 11 0.043356124 
524 219 96 100 0.04321925 
337 127 10 11 0.040354248 
304 168 9 11 0.038089257 
764 70 36 44 0.037723836 
96 23 10 12 0.036891397 
781 115 75 116 0.036733504 
657 218 23 24 0.034918927 
746 77 56 63 0.034822986 
621 316 33 57 0.034239106 
159 148 8 11 0.03198387 
274 7 9 11 0.030988716 
185 236 12 14 0.030219283 
653 225 56 48 0.029429216 
287 128 8 10 0.029109672 
336 133 11 14 0.028788986 
249 206 9 11 0.028649949 
120 198 11 14 0.025210513 
137 206 11 13 0.025095845 
753 176 23 31 0.024916714 
488 87 7 10 0.024811842 
294 104 8 10 0.024280747 
769 106 56 67 0.023811517 
846 170 100 114 0.02360176 
489 243 97 103 0.022482442 
282 127 8 10 0.022248067 
279 222 8 10 0.022160197 
297 145 7 10 0.021913689 
761 170 15 19 0.021443335 
312 142 11 13 0.021365708 
317 86 8 11 0.021185325 
190 303 27 33 0.021167397 
182 214 7 9 0.02110842 
318 160 10 13 0.021061063 
385 84 9 13 0.0209935 
636 272 17 19 0.02070624 
128 189 11 13 0.02055543 
327 192 10 12 0.02049725 
417 49 7 10 0.020437067 
845 79 24 27 0.020294955 
