55_Sports_Coach_Trainer_sportcoaching_55_774
153
443 170 26 34 0.99940705 
846 59 56 81 0.99929106 
793 272 61 86 0.9982206 
750 122 62 83 0.99605006 
475 197 27 35 0.9937358 
603 146 27 33 0.9934366 
660 102 23 29 0.99326706 
125 263 42 53 0.9712812 
518 296 40 45 0.9620484 
329 78 20 22 0.918487 
381 72 14 19 0.8969416 
363 178 24 30 0.77725226 
384 6 11 13 0.6592666 
488 171 17 20 0.6102603 
420 42 12 13 0.5802091 
388 11 12 15 0.5689057 
420 107 14 19 0.4032219 
540 160 22 27 0.38196594 
341 98 23 30 0.3321473 
410 13 9 12 0.32297513 
673 13 9 11 0.27161595 
367 46 10 12 0.22150415 
321 18 11 14 0.20145538 
491 121 17 19 0.17062595 
413 73 11 17 0.16875839 
344 6 12 12 0.15788849 
361 164 16 19 0.14592494 
372 22 13 16 0.1397859 
413 60 10 13 0.13417207 
493 154 14 17 0.12061275 
376 52 9 11 0.10844475 
352 99 17 23 0.10739115 
546 159 14 17 0.09905136 
166 269 11 16 0.09890906 
374 46 10 13 0.09176361 
406 88 13 17 0.08330449 
448 126 11 13 0.077962026 
416 31 9 11 0.07040518 
542 142 12 15 0.064980395 
330 88 23 32 0.06412558 
365 194 19 23 0.06174962 
397 209 17 22 0.061724793 
375 179 16 21 0.060813423 
406 69 20 27 0.059125826 
532 140 11 14 0.05828737 
413 52 12 14 0.057903726 
382 54 7 10 0.05575775 
585 150 23 31 0.055735406 
348 173 39 47 0.055657923 
408 20 10 12 0.053908724 
445 324 34 33 0.05324932 
416 102 11 16 0.05260033 
374 15 10 13 0.052490868 
391 53 9 11 0.05209763 
359 69 13 17 0.0514799 
425 114 13 16 0.050837055 
413 8 10 12 0.05058893 
538 146 23 30 0.04968446 
455 315 33 32 0.048760813 
363 158 13 15 0.046333283 
160 282 26 31 0.044945642 
587 141 13 18 0.044805903 
365 72 14 17 0.042130314 
359 13 9 11 0.04109507 
167 289 15 20 0.0410837 
880 0 36 47 0.040836822 
361 106 15 21 0.039410166 
528 147 11 14 0.039034087 
348 12 10 12 0.0385394 
365 63 11 14 0.03672318 
431 0 11 10 0.036514126 
425 15 10 12 0.03646509 
407 71 12 15 0.03645888 
455 0 11 10 0.036105055 
413 22 8 10 0.035815913 
469 137 23 26 0.035523225 
374 39 11 14 0.03520741 
325 84 17 23 0.03465734 
343 2 12 11 0.034372125 
363 127 18 23 0.03417912 
354 166 26 32 0.033589542 
480 180 26 33 0.033507563 
367 82 13 16 0.03300679 
320 98 13 19 0.031958263 
421 32 10 12 0.031665493 
408 55 11 14 0.03164109 
586 148 11 16 0.031618383 
348 94 16 22 0.03116736 
424 1 11 10 0.030901406 
677 8 11 13 0.030261688 
380 18 13 17 0.030257637 
371 128 14 20 0.029820003 
428 20 12 14 0.029533591 
402 83 20 27 0.029303908 
357 22 10 12 0.02927558 
329 101 25 35 0.029087694 
976 5 28 32 0.02837372 
444 6 12 12 0.028308198 
375 78 12 18 0.028307548 
392 48 9 11 0.028289605 
467 309 26 30 0.028171787 
156 266 26 38 0.028089717 
985 -4 36 50 0.02808788 
354 92 17 21 0.027960397 
444 126 20 24 0.027478024 
326 133 16 24 0.02711753 
15 413 12 16 0.026946679 
380 27 11 14 0.026876528 
348 61 13 15 0.026431981 
526 133 20 25 0.026400855 
403 206 11 15 0.025774522 
335 20 10 13 0.025357107 
361 45 12 15 0.025171697 
358 51 12 14 0.02486927 
552 168 16 20 0.024767546 
397 20 10 13 0.0247038 
427 43 11 14 0.024188058 
319 13 18 25 0.024108283 
765 73 25 31 0.0240013 
340 0 20 23 0.023929425 
506 210 14 18 0.023890825 
947 0 46 50 0.023852523 
375 59 11 13 0.023802886 
638 1 14 15 0.023457045 
971 47 49 65 0.023375152 
429 165 13 18 0.023149068 
581 138 21 29 0.023006776 
350 68 14 17 0.022851365 
429 122 11 15 0.022817744 
351 111 27 32 0.022718832 
419 46 14 17 0.022665646 
535 137 21 26 0.022643806 
557 129 15 19 0.022616345 
324 106 11 17 0.02258139 
394 13 11 13 0.022533743 
438 118 10 13 0.022470186 
418 72 13 18 0.022359513 
416 0 11 10 0.022056635 
354 146 18 20 0.02203759 
585 132 13 16 0.02203434 
342 19 9 11 0.02178122 
541 134 13 16 0.021522522 
539 170 18 24 0.021153327 
351 28 13 15 0.020911086 
546 148 12 15 0.020839347 
352 22 10 12 0.020761888 
528 155 11 15 0.020731818 
533 156 13 16 0.020335525 
530 144 21 27 0.02033512 
425 172 23 31 0.020321177 
407 165 12 16 0.02018287 
357 60 23 28 0.020177625 
383 62 10 14 0.020012964 
