55_Sports_Coach_Trainer_sportcoaching_55_380
37
858 1 43 53 0.89796215 
574 289 22 27 0.8869452 
27 194 30 32 0.7665559 
464 175 55 50 0.7636694 
459 172 36 39 0.2838047 
455 472 14 18 0.25566328 
613 43 89 132 0.1409401 
603 328 17 20 0.12433244 
596 420 13 17 0.11036766 
452 183 32 45 0.10504213 
211 219 17 23 0.07765873 
433 169 24 31 0.057654984 
430 161 61 55 0.046724427 
827 -4 42 57 0.046321806 
572 477 17 22 0.04227348 
624 455 9 12 0.041365836 
464 171 21 26 0.039153494 
683 119 96 124 0.03579202 
599 324 15 19 0.03473295 
461 404 12 16 0.032857817 
398 156 65 55 0.032053586 
462 499 11 12 0.031661954 
583 360 11 13 0.029879319 
218 213 15 21 0.02923723 
648 97 101 120 0.029136982 
512 496 11 13 0.028176976 
519 483 11 13 0.026013535 
503 470 8 11 0.024668895 
19 180 30 39 0.023611946 
527 483 9 12 0.023228267 
31 234 28 31 0.022451393 
502 465 7 10 0.022009853 
646 94 14 16 0.021872453 
533 485 10 13 0.020855129 
521 465 7 10 0.020406768 
489 279 25 33 0.020382565 
11 130 18 23 0.020118989 
