55_Sports_Coach_Trainer_sportcoaching_55_569
102
890 36 51 62 0.9995952 
182 78 55 85 0.9989717 
340 46 45 60 0.9986455 
733 190 57 77 0.99767476 
251 255 42 54 0.98972577 
912 199 42 55 0.9739885 
378 247 20 30 0.9399006 
591 21 21 27 0.89006215 
61 246 20 26 0.8138371 
37 252 13 16 0.76827776 
445 -10 110 96 0.7446975 
630 73 13 17 0.74295825 
49 141 26 33 0.678894 
700 17 16 24 0.5545465 
104 241 20 26 0.27803555 
665 84 11 15 0.25774303 
632 31 9 11 0.23291129 
89 237 9 13 0.22294122 
1 235 9 12 0.14615937 
592 89 13 15 0.11511311 
706 19 21 26 0.10650409 
324 263 27 31 0.10102797 
43 297 16 19 0.084561564 
30 233 11 12 0.08263501 
937 -5 46 44 0.082114674 
563 81 13 17 0.080557026 
68 274 10 13 0.07805785 
367 243 37 47 0.07783789 
5 236 10 11 0.07591646 
70 232 9 12 0.075872496 
722 60 16 20 0.07272824 
21 247 9 11 0.0705629 
134 238 11 13 0.06911447 
9 255 9 11 0.065147355 
5 275 9 13 0.064348586 
7 269 9 11 0.06412439 
25 235 9 11 0.06148185 
93 244 12 15 0.0607939 
636 30 10 12 0.059210934 
9 261 10 13 0.0562709 
92 269 9 11 0.05567241 
65 231 9 11 0.055208378 
78 260 9 13 0.055123802 
12 252 11 12 0.053959467 
508 225 139 127 0.052439183 
15 248 9 11 0.05235124 
577 98 11 13 0.05166229 
36 237 10 12 0.051522553 
63 267 13 17 0.050366484 
28 317 11 12 0.048603974 
462 56 248 287 0.048386745 
47 231 7 9 0.046542495 
1 271 8 12 0.046507537 
14 236 8 10 0.045834046 
157 292 15 21 0.044420715 
94 238 21 27 0.04415737 
68 235 12 15 0.041619763 
109 119 25 35 0.041256513 
626 28 10 12 0.03925884 
566 29 10 13 0.03788384 
78 231 8 10 0.037825204 
683 0 11 11 0.037763894 
596 16 15 19 0.037355687 
42 247 12 15 0.037190583 
86 263 10 13 0.036085848 
132 262 11 13 0.035872914 
584 23 12 16 0.035844095 
129 268 11 13 0.03573231 
12 267 10 12 0.035496294 
0 308 9 15 0.03463092 
88 253 9 12 0.034386355 
647 29 10 12 0.034124605 
94 100 42 57 0.034075342 
652 48 11 12 0.033760175 
54 270 10 14 0.032133956 
0 254 8 11 0.030559665 
182 271 11 13 0.029492408 
929 271 37 42 0.029365042 
92 262 11 13 0.02933705 
112 245 16 21 0.02828409 
38 232 9 12 0.027710421 
47 269 13 14 0.027155852 
41 255 15 18 0.027132671 
695 13 14 21 0.026889972 
129 238 11 14 0.026766423 
23 261 10 12 0.025742615 
75 252 10 14 0.025380515 
743 24 14 17 0.02363376 
46 237 10 12 0.02315326 
44 126 27 35 0.022723116 
92 233 11 12 0.02208638 
140 235 10 13 0.02172753 
132 115 13 19 0.021623312 
114 236 15 19 0.02148952 
78 266 11 14 0.020981375 
55 238 10 13 0.020685088 
32 247 10 13 0.020557445 
645 66 14 17 0.020517962 
8 248 9 12 0.020428967 
591 6 11 12 0.020139335 
0 261 8 12 0.020060742 
47 275 14 17 0.02000338 
