55_Sports_Coach_Trainer_sportcoaching_55_130
35
238 734 253 219 0.99991393 
488 946 254 338 0.99949837 
303 432 241 227 0.99905187 
522 553 390 261 0.99835724 
444 459 330 444 0.68619126 
224 268 374 469 0.4328752 
386 423 239 350 0.27184716 
564 924 419 409 0.2658443 
175 81 374 506 0.24676403 
196 513 403 396 0.14837159 
715 556 223 187 0.14252423 
815 930 205 268 0.1386301 
75 74 219 284 0.13414562 
669 1268 222 269 0.094162196 
53 26 181 234 0.08664329 
12 857 47 63 0.080631055 
636 1061 398 546 0.07281418 
12 832 46 58 0.056766085 
576 1400 60 53 0.048191816 
408 -36 446 416 0.039682247 
230 592 240 262 0.03620576 
30 678 356 440 0.035777394 
139 128 261 316 0.032811083 
31 847 33 43 0.031790085 
651 700 395 456 0.031303726 
650 80 390 530 0.03071845 
126 197 143 136 0.03063512 
315 794 223 236 0.030598963 
453 746 401 514 0.026044322 
577 1370 112 99 0.022702686 
-12 1010 478 548 0.0207537 
-2 844 73 113 0.02057576 
24 890 101 121 0.020226225 
507 240 142 123 0.02022276 
10 819 40 42 0.020159494 
