1_Handshaking_Handshaking_1_579
1015
623 234 27 35 0.9996063 
586 250 27 36 0.9995265 
649 278 31 41 0.9994154 
78 363 30 33 0.9984738 
146 313 30 41 0.99829286 
942 426 34 46 0.9982822 
169 283 26 29 0.9980235 
497 405 34 46 0.99745756 
530 313 27 33 0.9973023 
635 195 24 31 0.9970349 
750 305 28 34 0.9967397 
383 279 24 31 0.9965838 
676 364 33 42 0.9964812 
583 319 34 41 0.9962082 
777 354 28 38 0.9957015 
469 349 28 37 0.9951556 
882 272 30 39 0.9949202 
892 173 24 31 0.99281 
860 257 24 33 0.99225277 
272 215 25 32 0.991577 
307 258 22 28 0.9908104 
531 195 21 28 0.9886037 
530 239 19 25 0.98706776 
789 410 33 42 0.986072 
237 195 24 31 0.9859583 
595 419 34 42 0.9840641 
396 381 32 39 0.98309636 
499 202 18 23 0.9829642 
440 309 24 33 0.9821552 
859 343 33 43 0.9812744 
908 147 18 23 0.97887796 
443 132 14 18 0.9776219 
243 147 18 23 0.9772167 
644 170 18 22 0.9746114 
736 144 17 21 0.9739942 
1004 230 20 32 0.96808696 
647 126 14 17 0.96792936 
378 177 17 22 0.965638 
33 162 19 23 0.9646519 
88 211 21 27 0.9643091 
886 143 17 21 0.9637761 
798 137 14 19 0.9621957 
587 205 20 25 0.9603085 
265 145 16 20 0.95858115 
494 285 23 29 0.95789504 
35 116 15 20 0.95394933 
485 160 19 21 0.9535537 
131 152 20 24 0.9529542 
174 244 21 25 0.9497683 
150 205 22 27 0.94936293 
126 129 16 21 0.94312483 
799 219 26 31 0.93927133 
303 77 10 13 0.9310915 
780 203 15 22 0.93047976 
522 129 15 19 0.9294181 
27 204 22 29 0.92782265 
5 259 18 24 0.926551 
839 138 16 21 0.9261547 
564 142 14 17 0.9229066 
387 75 13 16 0.9211079 
949 160 16 22 0.91518474 
874 235 24 32 0.91225076 
180 313 29 35 0.91158813 
765 152 14 21 0.91022635 
615 98 11 15 0.9095842 
1006 135 17 23 0.8990146 
741 188 22 28 0.8989111 
220 181 18 23 0.8987656 
729 111 14 18 0.8921647 
418 333 29 37 0.89055437 
73 188 19 24 0.8891597 
568 187 19 24 0.8823523 
927 107 13 16 0.87752396 
277 308 23 27 0.87469643 
678 94 12 16 0.87287784 
830 242 22 27 0.868567 
465 226 17 21 0.8672792 
310 153 14 18 0.8667656 
475 134 12 16 0.8629496 
977 191 21 25 0.86046094 
721 160 17 21 0.85871583 
827 111 14 18 0.8582756 
510 117 12 15 0.8548813 
121 254 21 25 0.82893777 
622 119 12 16 0.8241884 
256 395 23 29 0.81879956 
574 77 12 15 0.8177511 
990 105 11 16 0.79651576 
425 99 11 14 0.7954424 
838 513 23 39 0.79385763 
961 109 14 17 0.7875118 
303 102 10 13 0.76602304 
145 86 11 14 0.7619999 
200 231 19 25 0.7577834 
170 119 14 17 0.75528914 
8 114 12 16 0.7532059 
73 326 24 31 0.7492592 
322 344 31 36 0.74487144 
244 123 11 16 0.7369971 
663 187 19 26 0.73338157 
780 123 13 18 0.7311654 
869 154 13 16 0.71660197 
402 152 15 18 0.7107913 
649 145 14 17 0.71010554 
271 113 13 16 0.7099913 
423 152 12 16 0.70567733 
847 120 14 17 0.69033974 
191 150 16 21 0.6854729 
870 183 17 21 0.68432254 
591 98 10 13 0.68140286 
707 92 12 15 0.6811927 
904 96 11 14 0.6671776 
190 195 24 26 0.6663251 
678 127 14 16 0.66387355 
418 66 10 13 0.65922695 
455 165 15 19 0.6580902 
708 129 13 16 0.6486203 
697 78 11 13 0.6441889 
326 206 19 27 0.64305127 
101 117 13 17 0.64149 
397 98 10 13 0.641345 
28 256 16 22 0.6369332 
21 193 17 19 0.63053864 
886 479 43 54 0.6298449 
364 199 18 25 0.6268866 
102 184 15 20 0.6057611 
371 258 20 27 0.60084116 
1 295 22 31 0.5892935 
59 280 14 18 0.584848 
554 164 15 18 0.5769714 
603 166 12 15 0.5379166 
457 117 10 14 0.5370319 
356 102 11 15 0.53168166 
335 95 11 13 0.5269482 
833 177 15 21 0.5255013 
745 69 12 14 0.5242817 
771 160 15 20 0.5155355 
71 160 23 25 0.51202637 
473 80 10 13 0.50985605 
947 142 14 17 0.49786392 
0 186 11 17 0.479874 
374 94 11 14 0.47543493 
543 115 14 17 0.46814993 
638 101 11 14 0.46385416 
613 71 10 13 0.45973167 
318 293 23 26 0.4581556 
340 71 12 14 0.44453245 
640 82 11 13 0.44388428 
953 211 14 18 0.42683965 
112 310 18 21 0.4238355 
294 60 9 11 0.41896462 
444 223 13 17 0.41545436 
358 173 13 17 0.41437218 
453 81 9 11 0.4142289 
229 142 13 18 0.4015747 
836 207 14 19 0.39868385 
279 133 11 14 0.39386302 
660 66 11 14 0.3934514 
919 180 14 21 0.38771778 
967 164 15 19 0.38661873 
328 303 25 28 0.3865432 
21 130 13 16 0.38231587 
757 253 25 32 0.38097137 
133 108 12 16 0.3612478 
264 182 20 25 0.3581276 
341 117 11 13 0.34508687 
349 72 11 13 0.34476197 
363 140 12 16 0.33625606 
230 246 22 27 0.33583236 
419 200 15 18 0.3248675 
790 78 13 16 0.32473627 
819 167 16 22 0.32207865 
666 132 11 15 0.3201582 
679 138 12 16 0.31851718 
250 106 10 13 0.3183348 
954 185 15 18 0.31642175 
402 212 15 20 0.31431887 
183 119 11 15 0.31119597 
617 178 14 19 0.30505913 
478 111 12 14 0.30146012 
367 301 14 18 0.29954273 
374 253 14 19 0.29922536 
175 91 10 13 0.29153964 
866 82 12 16 0.28628308 
70 154 17 20 0.2787524 
996 363 26 38 0.27629292 
389 125 11 14 0.2755366 
782 74 13 17 0.27476823 
559 232 23 30 0.27476004 
826 283 24 28 0.27240446 
822 154 14 18 0.26913774 
296 130 13 17 0.26900885 
165 191 16 20 0.26231354 
9 394 28 32 0.25365484 
547 90 13 16 0.25207326 
173 298 28 36 0.24874464 
335 116 10 13 0.24286346 
926 295 17 21 0.24026398 
354 243 15 20 0.24016371 
446 380 20 27 0.23861688 
477 95 9 11 0.23334976 
163 178 17 23 0.23288077 
263 334 25 30 0.23198214 
450 276 14 17 0.23115805 
78 267 14 18 0.22917786 
361 127 9 12 0.22879069 
325 155 15 18 0.22576676 
85 265 15 20 0.22451931 
515 357 23 28 0.22290775 
397 235 13 17 0.22227141 
215 385 21 33 0.2156073 
1000 336 20 29 0.21261573 
375 410 26 40 0.20938553 
532 156 13 15 0.20878874 
783 104 13 17 0.20591511 
863 154 13 16 0.2047275 
585 92 12 15 0.20203471 
323 133 13 16 0.20107225 
695 117 11 14 0.20073865 
609 142 10 13 0.19947048 
840 514 38 55 0.19762139 
11 291 24 32 0.1972798 
654 456 25 42 0.19634919 
702 85 11 13 0.19604059 
532 148 14 17 0.19583572 
292 340 21 29 0.19519217 
91 263 16 20 0.190628 
419 329 20 23 0.18911706 
473 63 9 11 0.18853979 
357 96 9 12 0.18828061 
668 221 13 17 0.1849143 
709 189 16 19 0.18161952 
381 48 8 10 0.1784527 
40 257 15 19 0.1738757 
693 156 12 15 0.1733584 
819 139 14 17 0.17222588 
471 249 14 18 0.17147338 
548 111 11 13 0.17030483 
820 148 14 18 0.1691075 
451 136 13 17 0.16895898 
404 257 14 19 0.1689524 
62 217 14 21 0.16638313 
504 156 12 16 0.16589256 
794 310 23 30 0.16300297 
365 230 16 22 0.16137134 
201 80 10 12 0.15543649 
431 286 14 16 0.15450932 
739 201 21 27 0.15403515 
322 329 27 34 0.15298758 
972 86 11 13 0.15011673 
165 110 10 12 0.14959507 
125 223 16 21 0.14926454 
469 101 10 12 0.1486751 
264 91 10 13 0.14792635 
249 281 20 27 0.1478591 
529 133 14 17 0.14737868 
90 386 23 27 0.14707729 
161 103 9 12 0.14691381 
933 186 14 17 0.14677972 
78 339 26 31 0.1467465 
702 150 12 15 0.14542167 
361 131 11 15 0.1437341 
651 190 19 28 0.1433442 
404 144 10 13 0.14242063 
189 320 28 36 0.1416217 
380 53 9 11 0.14131063 
537 60 9 12 0.13926503 
67 211 14 20 0.13782337 
461 110 11 14 0.13755187 
583 131 12 15 0.13732159 
522 101 10 12 0.13722733 
805 204 14 18 0.13665067 
828 172 15 19 0.13603465 
589 88 9 12 0.13579579 
74 174 23 27 0.13421859 
162 316 31 36 0.13398826 
317 305 18 21 0.13106094 
354 232 21 27 0.12841153 
80 121 14 18 0.12723976 
393 96 11 13 0.12681279 
453 385 22 28 0.12662128 
298 192 21 25 0.12601824 
520 79 10 12 0.1259971 
511 368 26 30 0.1251043 
21 42 23 30 0.123197556 
916 132 13 16 0.12291732 
352 156 11 13 0.122230515 
551 157 15 18 0.121674806 
895 92 9 13 0.12010589 
75 205 20 27 0.11992909 
491 251 16 20 0.11989088 
490 326 21 25 0.119877726 
375 133 11 14 0.11834662 
260 133 11 14 0.117140986 
564 119 10 12 0.11712901 
313 56 8 11 0.11644456 
386 31 8 11 0.11611856 
803 210 18 22 0.11579296 
7 367 24 31 0.11539236 
15 189 14 17 0.11534144 
582 85 11 14 0.11390324 
369 77 10 12 0.11274441 
742 215 15 18 0.11272491 
1001 83 11 13 0.11204574 
-2 321 20 34 0.11128419 
498 299 18 22 0.11051238 
560 118 9 12 0.10992003 
424 320 26 34 0.10892424 
6 385 23 31 0.10807166 
330 94 9 12 0.10758063 
846 166 13 16 0.1069393 
744 81 11 14 0.10563708 
445 100 10 13 0.10477384 
519 71 8 9 0.10328497 
923 255 22 29 0.10203142 
757 47 8 10 0.10090574 
35 290 23 29 0.09946808 
389 220 13 17 0.099253036 
358 146 12 16 0.096564434 
187 110 11 13 0.09558224 
861 310 23 26 0.09504778 
413 84 11 13 0.09381489 
26 402 17 22 0.09345024 
301 127 11 14 0.093418896 
116 84 12 14 0.09120939 
540 97 14 16 0.09117065 
759 109 11 14 0.09086394 
408 84 10 13 0.09062662 
225 103 9 11 0.09014064 
869 264 26 34 0.09010902 
624 164 12 15 0.089740135 
262 70 8 11 0.089047655 
414 47 8 11 0.08803452 
382 60 10 12 0.087871164 
854 149 13 16 0.08775691 
915 224 15 18 0.087165974 
600 114 10 13 0.08706805 
280 336 24 32 0.0867545 
415 103 9 12 0.086594716 
320 138 13 15 0.086256705 
880 468 35 46 0.08604213 
424 54 9 11 0.085976526 
17 260 21 25 0.08429526 
833 114 15 17 0.08429413 
373 72 10 13 0.084212445 
308 167 17 19 0.0839876 
229 101 10 13 0.08388819 
385 389 29 42 0.08369568 
312 30 7 9 0.08335209 
458 121 13 16 0.08295702 
257 71 9 11 0.082854904 
537 77 10 11 0.082619876 
871 248 31 38 0.08261148 
205 83 9 11 0.08232746 
94 82 12 14 0.08184721 
622 193 15 20 0.08154718 
375 140 10 14 0.08140585 
424 144 11 14 0.08106247 
677 108 11 13 0.080789775 
390 37 8 10 0.08065571 
836 69 11 14 0.07982908 
505 162 15 18 0.07929026 
620 94 10 14 0.07903824 
663 116 9 12 0.07898841 
287 78 10 13 0.078556776 
322 125 10 13 0.07847435 
431 343 19 26 0.078265294 
536 94 11 13 0.07818116 
99 259 16 20 0.07816494 
30 109 15 19 0.078141406 
712 47 9 11 0.0778521 
79 356 23 24 0.07741218 
250 93 9 12 0.07724587 
229 95 9 11 0.07648158 
542 78 10 11 0.07624237 
26 34 15 19 0.07606092 
801 232 20 26 0.07591663 
685 147 12 14 0.0758882 
954 477 28 36 0.07481878 
443 279 21 23 0.074803606 
643 107 13 15 0.074797034 
245 53 8 10 0.07445418 
354 265 17 22 0.07441914 
526 96 9 12 0.07392834 
612 146 11 13 0.07392467 
886 70 10 12 0.07324715 
672 112 9 13 0.0731011 
988 125 12 14 0.0728086 
764 132 12 16 0.0727403 
139 306 27 37 0.071598336 
85 78 12 15 0.07098258 
381 131 11 15 0.07076859 
441 93 9 13 0.07069631 
340 97 12 14 0.070577875 
108 258 15 20 0.07022291 
462 45 9 12 0.06878872 
434 282 20 23 0.06871046 
231 152 13 17 0.068656884 
752 53 10 12 0.06791199 
913 140 15 19 0.067101546 
557 225 16 20 0.067082755 
413 154 13 16 0.0668451 
851 169 13 18 0.066515595 
923 174 13 16 0.06644607 
65 275 18 23 0.06594399 
611 76 10 12 0.06535706 
5 292 13 19 0.06504517 
853 356 24 35 0.064951696 
703 139 13 17 0.064276725 
496 85 12 15 0.06376193 
677 118 11 13 0.06367022 
569 208 16 20 0.063141555 
133 52 9 11 0.06310828 
271 104 10 12 0.06307496 
775 70 11 13 0.06288988 
349 124 10 13 0.062496003 
325 314 28 32 0.06194904 
373 126 12 15 0.061514106 
790 292 21 27 0.061259747 
299 382 15 24 0.061221506 
734 102 11 14 0.061032243 
778 135 16 20 0.06036604 
435 252 15 19 0.06021824 
664 127 10 14 0.05977673 
-1 303 15 24 0.059487015 
62 401 21 29 0.059227042 
222 121 10 14 0.05890094 
228 184 22 27 0.058797136 
852 68 9 12 0.05828067 
889 91 10 13 0.057953116 
241 120 11 14 0.05778359 
867 170 15 18 0.0576174 
269 323 28 33 0.057367533 
108 111 12 16 0.057365563 
1008 164 12 14 0.05695145 
325 118 11 13 0.056880318 
671 192 20 29 0.056847617 
261 76 9 11 0.0564295 
703 64 8 10 0.05615617 
343 120 12 15 0.05582948 
569 197 16 21 0.05560572 
450 83 10 13 0.055505063 
409 47 10 12 0.05529442 
341 112 9 12 0.055237997 
190 133 13 16 0.0543884 
953 145 15 19 0.054190516 
555 93 10 12 0.053982534 
596 95 10 13 0.053916324 
249 89 8 10 0.053608276 
384 225 14 18 0.053495318 
500 277 15 18 0.053339478 
490 184 15 18 0.052975923 
407 102 9 12 0.052905925 
459 138 12 15 0.05252413 
465 103 11 12 0.05234953 
478 100 9 12 0.05210177 
336 358 19 24 0.052008945 
994 104 11 13 0.05198119 
568 102 10 13 0.051631924 
653 117 11 14 0.05123121 
351 94 11 14 0.050348777 
557 110 9 12 0.05023986 
769 149 17 21 0.04996532 
701 72 9 11 0.049932607 
19 283 24 30 0.049776964 
352 171 13 17 0.04970598 
963 210 14 19 0.049635272 
149 149 12 15 0.0495928 
983 142 11 15 0.04955114 
622 200 21 27 0.049519513 
451 315 23 29 0.049486715 
435 274 16 19 0.04946744 
748 63 12 15 0.04933407 
390 337 20 26 0.049067806 
322 45 8 10 0.048929315 
140 300 17 19 0.048759773 
403 239 14 18 0.048642267 
503 79 10 12 0.048311535 
305 117 10 13 0.04820582 
855 466 29 37 0.047893636 
126 102 12 15 0.047825538 
561 164 14 17 0.04779746 
669 137 13 16 0.04758381 
24 251 15 22 0.047418594 
655 407 24 26 0.047408488 
67 220 16 22 0.047387682 
711 351 16 20 0.047363956 
50 284 20 25 0.04734 
608 85 9 12 0.047293223 
622 111 11 14 0.047229733 
881 70 11 13 0.046964787 
871 426 30 39 0.046950124 
270 305 18 22 0.04678791 
302 421 14 18 0.04671023 
463 70 9 12 0.046580147 
192 209 24 29 0.04604511 
70 269 15 18 0.046021767 
781 53 9 11 0.04600276 
450 220 14 18 0.04576284 
589 117 10 12 0.045696005 
472 115 11 15 0.04559056 
781 95 11 14 0.04510619 
661 456 15 26 0.044992823 
276 136 13 18 0.04451169 
34 399 15 23 0.04444498 
484 132 11 16 0.04440784 
225 95 9 11 0.044276472 
430 55 10 12 0.044045947 
33 48 16 21 0.0440324 
776 107 11 14 0.043902498 
542 71 9 11 0.04389403 
180 88 9 12 0.043881297 
342 238 16 22 0.043791104 
684 200 17 23 0.043513946 
321 40 8 10 0.04344963 
356 324 21 27 0.04342014 
373 119 10 11 0.04319475 
863 501 44 58 0.043176472 
467 235 20 26 0.043035485 
568 109 10 12 0.04295864 
474 125 14 18 0.04271457 
958 279 13 19 0.04247222 
234 259 18 23 0.042244177 
365 190 14 18 0.042226247 
301 73 17 22 0.04207758 
454 211 14 17 0.041711442 
241 48 8 11 0.041480012 
190 140 14 17 0.04135397 
840 202 16 20 0.041319165 
831 204 14 19 0.04129071 
458 172 16 21 0.041120052 
654 111 10 13 0.04107469 
106 164 21 27 0.04088045 
503 141 11 14 0.04062424 
471 69 9 11 0.04057906 
776 166 16 20 0.040544912 
971 409 29 40 0.04045645 
398 47 9 10 0.040385485 
834 277 17 20 0.04024797 
696 73 10 13 0.040098585 
319 77 10 12 0.04003338 
145 191 24 28 0.03999199 
188 233 21 25 0.039665986 
960 84 10 13 0.03944928 
494 160 19 22 0.039378904 
289 55 9 11 0.039375074 
711 106 11 15 0.03926816 
680 68 8 11 0.039205603 
497 55 9 11 0.039119013 
169 93 11 13 0.039079465 
84 115 18 23 0.039053496 
488 280 21 28 0.039048694 
634 456 37 52 0.038885623 
855 477 44 53 0.038852107 
332 132 11 14 0.038816415 
433 266 17 20 0.03877504 
988 130 13 17 0.03857827 
537 69 10 12 0.03840976 
78 413 26 33 0.03840689 
268 88 9 11 0.038301453 
180 138 14 18 0.03813223 
587 93 19 24 0.03789258 
561 122 12 15 0.03780386 
280 54 8 11 0.037725706 
265 400 26 34 0.037702445 
824 163 16 20 0.03763043 
441 100 9 13 0.03758753 
487 72 9 10 0.037429247 
672 146 13 16 0.037304472 
637 47 8 10 0.0372234 
276 126 12 16 0.03720016 
246 48 8 10 0.036972284 
438 71 11 13 0.036932226 
432 229 11 15 0.03686947 
662 449 29 42 0.036830433 
411 256 13 19 0.036829107 
969 89 11 14 0.036796052 
3 284 14 19 0.03671934 
763 139 14 18 0.03662599 
200 334 17 23 0.036611598 
334 123 11 13 0.03660595 
913 79 9 11 0.03646767 
326 78 8 11 0.03623654 
439 383 17 22 0.03620974 
301 379 25 33 0.036153384 
547 96 15 18 0.036059927 
456 44 10 12 0.03605715 
918 263 16 22 0.035964947 
326 40 9 11 0.035929978 
266 195 23 29 0.035488892 
216 46 9 12 0.035401974 
300 137 13 17 0.035368375 
263 65 8 10 0.035322398 
441 109 10 12 0.03531222 
17 365 23 30 0.03513697 
870 91 10 13 0.034982257 
247 63 8 9 0.03485082 
279 47 8 10 0.03462496 
416 177 12 15 0.03454257 
414 78 10 13 0.03448413 
102 280 15 19 0.034469433 
1001 341 25 43 0.03445168 
470 109 11 13 0.03442463 
166 60 9 11 0.03441011 
529 159 19 22 0.03439853 
390 148 11 14 0.034142636 
336 88 10 12 0.034078795 
859 458 18 24 0.0340301 
372 244 14 20 0.034020167 
252 125 11 15 0.03393679 
126 117 13 16 0.03387289 
662 182 15 20 0.033855107 
440 129 13 15 0.033759717 
775 119 14 17 0.03368614 
422 159 13 16 0.033574615 
735 96 9 12 0.03356726 
297 417 24 31 0.033553552 
455 39 10 12 0.033446785 
467 172 13 18 0.03344231 
951 193 17 21 0.033439845 
125 270 16 20 0.03341079 
987 139 12 16 0.033378523 
495 107 10 14 0.033187296 
11 156 15 19 0.033137713 
94 373 19 23 0.03297553 
315 59 10 13 0.0328888 
794 105 14 17 0.03287099 
471 56 9 9 0.03286826 
863 159 18 24 0.032838956 
438 61 8 10 0.03276932 
94 111 14 19 0.03274887 
705 98 11 14 0.032503083 
12 181 14 19 0.03238282 
424 39 7 9 0.03228618 
1 364 17 22 0.032275733 
647 120 13 15 0.032123383 
437 55 9 10 0.03203992 
422 47 9 10 0.031993218 
588 125 12 15 0.03181631 
555 177 16 21 0.03177106 
0 344 11 18 0.031624116 
506 149 13 17 0.031311005 
692 141 13 16 0.031298295 
859 326 30 38 0.031219305 
303 55 9 11 0.03113199 
929 112 14 17 0.031120135 
983 122 12 14 0.031002192 
223 40 8 9 0.030985719 
494 277 14 18 0.030915132 
477 276 14 19 0.030892659 
4 172 15 20 0.030884637 
68 200 15 21 0.030847728 
625 179 16 18 0.030798143 
271 65 8 9 0.030768033 
501 60 9 11 0.030678038 
369 95 10 13 0.03065154 
812 77 11 13 0.030624239 
314 272 24 30 0.030547583 
366 99 10 14 0.030546185 
309 141 13 16 0.030433323 
556 100 10 14 0.030302202 
768 261 18 22 0.030253706 
301 97 17 22 0.030063482 
113 79 10 12 0.030050525 
184 104 10 12 0.03004373 
55 267 22 25 0.030002378 
215 120 13 16 0.029952481 
764 103 11 14 0.02991202 
396 104 12 15 0.02982157 
916 91 12 14 0.029803576 
255 32 7 8 0.029646654 
278 61 9 11 0.029616894 
483 109 11 14 0.02951634 
917 191 15 19 0.029422836 
253 87 9 11 0.029379899 
513 64 8 11 0.029377915 
414 51 10 12 0.029350052 
443 214 15 18 0.029324066 
611 164 13 17 0.029295575 
265 55 8 9 0.029263252 
318 408 31 39 0.029261485 
455 62 9 11 0.029093798 
230 30 10 11 0.02902676 
256 65 8 10 0.029023265 
773 197 17 20 0.029017927 
508 231 15 20 0.029007781 
366 118 10 12 0.028978482 
778 101 12 16 0.028903104 
376 58 11 13 0.028875412 
342 87 10 12 0.028862325 
237 280 22 32 0.02884501 
477 38 9 11 0.028788215 
273 178 18 21 0.028783517 
392 46 9 11 0.028744463 
757 52 9 12 0.028742945 
854 78 11 13 0.028685614 
762 268 18 22 0.028553288 
363 261 21 29 0.028482055 
476 210 15 18 0.028449843 
101 128 14 17 0.028430376 
362 312 16 21 0.028388066 
1013 179 11 16 0.028367821 
524 107 11 13 0.028304212 
653 46 9 11 0.028270282 
154 298 32 45 0.028237324 
924 121 13 16 0.02819508 
139 131 13 16 0.028108187 
459 332 24 31 0.028091233 
950 102 11 14 0.028072797 
100 83 11 14 0.028035378 
948 135 13 16 0.027998181 
341 64 11 13 0.02791625 
524 70 9 11 0.027842307 
25 194 22 27 0.027805082 
392 94 19 23 0.027795905 
560 181 21 26 0.027728349 
860 440 28 37 0.027682235 
702 191 16 19 0.027656374 
350 163 13 17 0.02765286 
445 194 15 18 0.027649418 
0 272 11 18 0.027591437 
576 46 11 13 0.027540995 
495 72 8 10 0.027525516 
644 95 11 12 0.027511 
160 124 11 14 0.02750588 
487 382 25 30 0.027505644 
385 120 18 24 0.027491555 
251 115 12 15 0.027458373 
217 103 8 10 0.02740986 
6 405 26 34 0.027391633 
318 30 8 10 0.027306376 
879 94 9 12 0.027304947 
171 412 25 35 0.027279792 
303 148 13 18 0.027211297 
778 144 16 20 0.027182607 
375 88 10 13 0.027141714 
359 87 8 11 0.02713784 
560 134 14 16 0.027123066 
29 100 26 30 0.027093122 
392 53 9 11 0.027060665 
717 46 9 12 0.027025871 
955 242 16 23 0.027009014 
974 145 11 16 0.027005732 
254 194 24 30 0.026994895 
617 121 12 16 0.026981326 
848 64 11 12 0.026966527 
28 278 25 30 0.026881203 
804 167 16 21 0.026878688 
863 192 15 17 0.026817517 
901 498 36 44 0.026814515 
968 197 23 30 0.026809413 
304 48 8 9 0.026766203 
563 219 15 18 0.02672818 
245 403 31 33 0.026719157 
233 266 23 33 0.026693476 
965 203 14 19 0.026648939 
513 70 8 9 0.02662687 
299 333 23 33 0.026611798 
340 302 16 20 0.026570214 
309 71 10 12 0.026564384 
493 233 14 17 0.026490215 
344 188 13 17 0.026429776 
223 88 8 10 0.02641851 
80 251 23 27 0.026332896 
806 77 12 14 0.026261766 
997 156 12 15 0.026250985 
877 489 36 54 0.026230043 
828 103 16 19 0.026226643 
140 107 11 16 0.026122443 
605 111 10 13 0.026090391 
316 215 16 21 0.026078725 
287 71 10 11 0.026067901 
59 394 17 21 0.026058106 
221 46 9 10 0.026031818 
812 208 23 27 0.026014306 
132 299 18 21 0.026008101 
439 164 10 13 0.02596938 
487 46 8 11 0.025952028 
605 160 13 16 0.025933184 
122 210 21 27 0.025902811 
399 252 14 20 0.025892334 
287 315 18 25 0.025881922 
317 201 23 27 0.025839288 
444 301 16 19 0.025796415 
964 146 13 17 0.025737623 
254 183 20 26 0.025657253 
720 79 9 11 0.025592735 
510 78 10 13 0.02558856 
65 290 23 28 0.025516996 
492 132 11 14 0.025478577 
384 82 11 13 0.02546005 
895 115 11 14 0.025455138 
462 79 10 11 0.025323212 
669 126 13 16 0.025308194 
243 370 31 36 0.025231324 
700 108 12 15 0.025217064 
160 95 9 13 0.025193553 
827 256 24 30 0.025137186 
713 130 13 17 0.025011003 
265 97 11 14 0.025002988 
407 39 10 11 0.024993699 
973 472 24 35 0.024905004 
654 54 9 10 0.02488263 
689 78 10 12 0.024836143 
473 254 17 20 0.024803558 
348 192 21 27 0.024752315 
477 68 10 11 0.024740925 
443 202 15 18 0.024704792 
399 39 8 9 0.024641223 
445 243 14 17 0.024622213 
358 306 14 18 0.024595112 
614 65 9 11 0.024594916 
62 58 13 17 0.024512768 
415 117 10 12 0.0243366 
439 88 10 12 0.02432499 
990 343 15 20 0.024303809 
118 100 14 16 0.02427718 
380 247 13 16 0.024266623 
11 121 14 18 0.024265744 
477 220 14 17 0.024256669 
235 142 15 19 0.02419733 
934 91 11 13 0.024193902 
237 31 8 10 0.024180757 
646 151 15 19 0.02416122 
277 104 9 11 0.024153767 
674 140 19 23 0.02415036 
48 294 16 21 0.024082942 
624 88 9 11 0.02407623 
536 85 11 13 0.024065241 
636 98 19 23 0.024054471 
885 177 18 23 0.024051582 
24 30 13 17 0.02403801 
776 82 13 16 0.023994345 
1 114 12 18 0.023991508 
75 251 18 21 0.023975138 
42 109 17 20 0.023967138 
962 186 14 18 0.023957808 
125 86 9 12 0.023956567 
448 430 25 37 0.023924876 
874 174 16 20 0.023922827 
619 161 20 25 0.023900263 
364 185 24 30 0.0238856 
406 93 9 13 0.023830136 
97 267 21 26 0.023822838 
381 212 13 16 0.023788994 
344 307 16 19 0.023786085 
359 115 11 14 0.023736564 
679 89 10 13 0.023717223 
500 231 15 20 0.02371113 
914 298 25 29 0.023665573 
915 84 12 15 0.023628645 
916 200 16 19 0.02359976 
507 141 13 15 0.02357057 
460 206 13 16 0.023522858 
964 190 22 27 0.023504632 
687 71 8 10 0.023447476 
323 284 17 20 0.023421803 
488 39 8 9 0.023371615 
479 337 25 32 0.023310324 
312 159 16 20 0.023259182 
757 232 15 18 0.023257945 
988 345 28 38 0.023249324 
970 158 14 17 0.02324362 
716 101 10 13 0.02324329 
518 65 9 11 0.023239195 
318 71 9 11 0.023230271 
432 47 9 11 0.023148363 
161 62 10 12 0.02313237 
516 349 18 22 0.023116767 
151 390 29 32 0.023112932 
294 389 15 21 0.02309988 
206 138 12 16 0.023085102 
464 94 9 12 0.02307735 
6 162 15 18 0.02307234 
665 200 21 29 0.023058744 
43 300 17 22 0.023019176 
672 54 9 10 0.023014426 
401 223 15 21 0.022957647 
0 263 15 22 0.02295418 
182 195 14 19 0.022935336 
470 75 17 22 0.022918396 
493 127 9 12 0.022902558 
614 202 15 21 0.02287772 
706 153 14 18 0.022793088 
471 148 13 16 0.022772063 
239 310 21 30 0.022765419 
500 373 25 29 0.022737494 
63 33 9 11 0.022707025 
298 78 10 14 0.022706803 
421 251 13 18 0.022693379 
415 39 8 10 0.02262272 
330 413 16 21 0.022598328 
539 162 14 18 0.022583023 
661 85 9 12 0.02257392 
479 156 14 18 0.022565115 
334 62 12 14 0.022556681 
688 54 8 10 0.022475831 
169 198 15 20 0.022468409 
848 529 20 30 0.022463785 
649 45 9 11 0.022452898 
757 60 10 13 0.022445949 
305 30 8 11 0.022421211 
464 51 9 12 0.022394348 
173 96 11 15 0.022379817 
458 379 17 21 0.022374569 
495 78 10 13 0.022331022 
867 300 25 30 0.022315945 
523 83 12 14 0.022275593 
610 67 17 22 0.022224903 
579 72 11 13 0.022198828 
631 108 10 13 0.022191552 
630 69 10 12 0.022166006 
421 290 13 19 0.02215945 
470 45 9 11 0.022073736 
568 61 10 12 0.022052962 
83 391 25 32 0.02204055 
273 47 8 10 0.021969466 
380 267 21 28 0.021944545 
659 172 13 18 0.02194019 
126 279 15 18 0.021921288 
908 319 35 44 0.021889599 
1012 128 11 16 0.021887237 
189 412 32 45 0.021868901 
452 101 11 14 0.021850228 
1004 170 15 20 0.021846354 
572 132 12 17 0.021824842 
448 37 9 11 0.021821925 
830 142 18 24 0.021788225 
503 134 11 14 0.021786304 
830 61 11 15 0.021771163 
725 78 10 12 0.021756895 
566 239 25 32 0.02168157 
884 116 12 14 0.021608135 
55 222 15 20 0.021603629 
360 60 9 11 0.021589594 
383 148 10 14 0.021585243 
827 90 14 17 0.021544304 
337 15 8 10 0.02153433 
395 123 12 15 0.021533625 
872 99 9 12 0.021517912 
118 356 23 29 0.021517491 
447 55 9 11 0.021464098 
888 65 10 12 0.02142146 
879 114 11 15 0.021420468 
885 110 10 12 0.021416415 
447 61 9 11 0.021413537 
363 109 11 13 0.02135645 
888 100 10 13 0.02133872 
342 53 10 12 0.021322658 
422 87 9 12 0.021322196 
788 72 13 15 0.021300627 
281 77 9 13 0.021279523 
555 86 10 13 0.021258352 
695 102 10 13 0.021246038 
125 388 16 24 0.02124276 
336 112 20 23 0.021215195 
405 205 19 24 0.021181619 
399 134 10 13 0.02118057 
943 165 16 21 0.021144345 
319 93 9 12 0.021120269 
773 66 21 26 0.021119297 
285 323 25 34 0.021094961 
444 231 15 20 0.02108563 
622 126 12 16 0.021070201 
879 76 10 13 0.021045046 
936 182 19 24 0.021030499 
536 140 14 16 0.02101004 
710 63 9 12 0.021005953 
798 203 15 20 0.02093368 
294 432 14 20 0.020914882 
911 126 12 14 0.020866321 
180 408 26 43 0.020846618 
447 31 9 11 0.020771645 
343 67 18 23 0.020735981 
958 133 13 15 0.020722449 
225 174 16 20 0.020722026 
332 239 16 20 0.020706104 
206 125 10 14 0.020700121 
239 38 8 9 0.020680642 
923 269 16 21 0.02067728 
528 63 10 11 0.020665338 
904 292 26 30 0.020657483 
129 47 9 11 0.020639293 
334 54 11 13 0.02062128 
879 147 14 19 0.020620454 
648 53 9 11 0.020604225 
309 308 23 28 0.020588364 
247 102 18 23 0.020567052 
334 31 9 11 0.020544333 
390 241 13 17 0.020519257 
509 177 14 18 0.02050207 
373 282 24 31 0.020453565 
208 31 8 10 0.020453043 
579 52 12 14 0.020394985 
679 78 9 11 0.020380251 
402 187 14 18 0.020363022 
926 476 30 40 0.020357937 
588 244 19 23 0.020318909 
901 430 44 52 0.02029009 
366 248 15 20 0.02027387 
535 81 22 26 0.02026534 
289 54 19 24 0.020259153 
819 204 16 19 0.020246476 
487 125 11 15 0.020240465 
94 185 16 21 0.020237269 
21 355 26 30 0.020237198 
444 269 16 20 0.02021951 
409 352 27 35 0.020207454 
119 212 12 16 0.020195719 
769 67 10 14 0.020191345 
974 81 9 12 0.020102987 
415 92 10 13 0.020102376 
786 113 15 19 0.020096103 
695 91 10 12 0.02005571 
924 434 46 51 0.020032896 
