1_Handshaking_Handshaking_1_602
133
249 344 28 30 0.9016054 
639 245 11 14 0.8146049 
915 270 12 15 0.8075991 
609 227 11 14 0.79347676 
842 236 12 15 0.7779673 
372 240 14 17 0.6823538 
645 222 9 13 0.64499635 
754 246 7 10 0.62354857 
506 227 13 17 0.6028988 
687 227 10 13 0.5273037 
509 226 8 11 0.45244977 
719 237 10 13 0.41769576 
944 243 17 25 0.38853896 
546 225 8 10 0.3341191 
365 237 15 18 0.32932574 
477 218 10 13 0.30351007 
577 221 9 12 0.280409 
438 233 8 10 0.26178035 
136 197 8 11 0.23358314 
398 323 12 18 0.22852935 
613 291 12 21 0.22394665 
677 306 13 18 0.20852666 
930 247 20 23 0.19822377 
468 247 13 19 0.1891694 
722 258 13 16 0.1763235 
693 237 11 14 0.1469155 
924 249 17 19 0.14234844 
773 256 9 11 0.1408139 
679 231 9 11 0.120556906 
676 244 12 15 0.1018926 
831 264 9 11 0.09548211 
576 227 11 15 0.093163356 
546 227 11 14 0.08923436 
291 285 14 17 0.081782565 
618 294 15 21 0.07780504 
664 251 8 12 0.077585444 
768 254 9 12 0.07691697 
189 189 9 10 0.076761365 
495 335 33 35 0.07347553 
541 241 15 18 0.07213732 
654 300 15 20 0.0690043 
757 251 9 12 0.06797873 
486 232 13 17 0.06469303 
576 246 12 14 0.06381463 
725 266 12 15 0.06209207 
674 231 9 12 0.06178519 
641 225 12 16 0.0588042 
677 235 11 14 0.053943586 
547 236 14 18 0.052928437 
469 257 13 17 0.0522299 
732 259 13 15 0.051123828 
886 260 10 12 0.049996596 
383 253 424 456 0.04646533 
671 249 11 14 0.04546191 
645 238 11 15 0.044025443 
492 234 12 16 0.0440082 
687 232 12 16 0.04319763 
635 244 11 14 0.042586926 
714 237 11 14 0.041923467 
512 338 46 43 0.041140642 
442 236 12 16 0.04013322 
671 298 13 19 0.04006044 
753 249 10 14 0.040032435 
605 295 16 23 0.03857489 
515 235 13 17 0.037653897 
486 254 10 13 0.03677359 
506 229 21 26 0.035991263 
436 238 14 18 0.03521581 
676 296 12 16 0.035187338 
474 295 16 18 0.03516456 
932 308 12 14 0.033756893 
910 295 11 14 0.03262505 
769 259 9 12 0.032220334 
608 284 13 19 0.031592365 
434 235 11 15 0.03135952 
580 253 10 13 0.030722836 
598 299 21 29 0.030690609 
921 244 12 18 0.030599725 
557 245 10 12 0.029898388 
915 261 16 19 0.029526321 
111 301 10 15 0.029501872 
423 289 14 18 0.029319653 
139 197 10 13 0.02930858 
740 254 12 14 0.02912932 
766 248 9 12 0.029053636 
850 290 12 16 0.0287994 
478 234 12 17 0.02862931 
631 237 12 15 0.028455235 
475 258 12 17 0.027239548 
579 235 11 14 0.027107533 
120 306 10 13 0.0270864 
599 266 12 14 0.026563099 
595 311 17 21 0.02637681 
538 248 15 18 0.026196618 
490 228 20 26 0.026059972 
752 261 10 12 0.025856748 
540 302 27 28 0.025279986 
472 228 11 14 0.025054758 
98 301 23 28 0.024892475 
674 233 19 26 0.024889365 
237 352 16 19 0.0246643 
129 190 10 14 0.02453185 
263 343 17 24 0.024522724 
672 313 12 15 0.024187088 
495 323 23 33 0.024115702 
286 278 13 15 0.02404385 
535 243 13 18 0.024039755 
685 245 11 15 0.023476692 
470 290 15 20 0.023433669 
471 237 11 16 0.023282608 
457 251 12 15 0.023152301 
477 226 14 18 0.023076544 
615 246 10 13 0.02287153 
554 304 13 17 0.022805909 
130 196 10 12 0.02279707 
846 270 10 12 0.022432053 
514 230 12 14 0.022299144 
605 245 11 14 0.021810722 
580 216 10 13 0.021790054 
721 262 21 27 0.021495806 
682 300 15 18 0.021399844 
483 222 12 14 0.021370923 
725 275 11 13 0.021064833 
515 300 12 14 0.021062408 
723 232 11 13 0.020972546 
637 267 14 18 0.02096653 
834 254 9 12 0.020946924 
668 244 20 24 0.020845484 
526 278 11 14 0.02067791 
511 610 127 126 0.02064637 
1010 230 14 22 0.020515947 
530 352 26 32 0.020355444 
838 251 10 12 0.020342546 
