56_Voter_peoplevoting_56_122
201
560 79 33 46 0.97275203 
935 74 38 62 0.9677212 
419 137 26 32 0.96485484 
687 48 41 62 0.9644935 
440 39 24 34 0.947924 
82 66 35 44 0.9448368 
904 31 35 54 0.9216488 
532 14 26 31 0.88040537 
836 58 38 51 0.87852967 
210 36 23 28 0.868229 
484 5 23 28 0.8394689 
963 12 34 42 0.8105456 
486 14 26 35 0.79759884 
251 10 21 31 0.7415665 
602 3 28 34 0.7389259 
298 17 19 26 0.7204728 
705 5 38 40 0.6516348 
141 39 26 38 0.5766781 
771 21 35 53 0.5726798 
402 92 17 22 0.53502107 
201 20 22 28 0.5207242 
694 359 101 87 0.48998028 
32 26 22 33 0.46532416 
153 24 27 34 0.4449765 
403 10 21 31 0.364363 
75 18 15 20 0.3546237 
146 52 32 45 0.31552866 
103 396 93 169 0.27716723 
349 25 26 34 0.2588521 
147 17 23 29 0.25398386 
259 14 24 32 0.24881756 
614 53 30 47 0.21701296 
437 1 16 20 0.21023668 
909 186 47 55 0.19484515 
403 5 13 17 0.17802764 
180 0 15 13 0.17209856 
281 109 52 60 0.17031962 
797 9 28 37 0.16582258 
785 3 29 39 0.15886223 
607 13 32 36 0.15206607 
438 34 16 21 0.14956518 
723 370 107 101 0.13060725 
229 65 29 46 0.118345864 
192 20 21 27 0.11644515 
717 349 181 205 0.10666383 
20 22 26 35 0.1057079 
811 108 31 47 0.10321336 
240 122 30 47 0.10193255 
901 84 23 34 0.09999539 
373 11 22 30 0.099178545 
244 11 19 25 0.094848886 
287 55 43 53 0.09443516 
0 451 137 183 0.09334389 
653 393 36 49 0.09231704 
74 22 22 28 0.091117755 
919 46 48 67 0.089409284 
154 9 26 28 0.08864409 
54 1 12 11 0.08782478 
664 380 54 61 0.08778456 
680 365 63 66 0.086869806 
111 25 22 30 0.086501256 
757 25 31 51 0.082345404 
663 0 26 34 0.08197846 
869 264 24 27 0.07853099 
269 124 43 45 0.07596271 
305 58 27 36 0.075183034 
107 0 14 14 0.07462826 
891 40 28 47 0.07108771 
613 32 29 38 0.07080709 
42 32 14 22 0.063345805 
82 20 15 19 0.059932876 
475 0 24 29 0.05901323 
173 0 17 17 0.057854127 
476 120 15 17 0.057457447 
308 107 45 58 0.055891234 
556 66 26 41 0.055658 
459 0 18 21 0.054291196 
704 44 50 67 0.051600613 
562 1 27 33 0.049023263 
383 8 23 32 0.04859273 
584 85 32 43 0.048284598 
241 62 29 45 0.04755473 
795 378 184 234 0.04699355 
269 70 51 62 0.046831124 
493 108 25 30 0.046806134 
264 23 28 33 0.04662782 
613 1 31 33 0.04508967 
61 18 15 21 0.045078468 
356 15 27 35 0.044340663 
139 34 16 21 0.043943167 
143 7 23 28 0.04392589 
308 2 23 32 0.0439056 
809 15 20 25 0.043279316 
255 79 33 47 0.043180726 
370 120 26 30 0.0396345 
346 10 26 30 0.03949028 
11 31 25 32 0.03948952 
77 49 30 36 0.03891431 
645 362 59 62 0.0381844 
9 15 26 33 0.037695505 
896 164 49 61 0.03718676 
415 69 15 18 0.036838308 
739 36 39 59 0.03661192 
3 43 12 18 0.03578108 
34 20 16 24 0.035474185 
598 14 15 24 0.034818947 
162 2 18 19 0.034497403 
178 20 23 29 0.034075376 
415 123 26 37 0.033908293 
480 130 39 46 0.03385036 
545 6 28 35 0.03359294 
739 421 36 38 0.033483885 
67 30 28 33 0.03331853 
440 491 48 50 0.033291295 
199 32 25 34 0.033271763 
899 183 80 86 0.03303483 
931 16 41 55 0.032950647 
18 12 15 17 0.032901075 
91 19 15 19 0.032821257 
417 123 17 22 0.0323651 
100 26 25 30 0.03216065 
661 3 17 21 0.032159843 
49 32 15 21 0.03194622 
1004 23 20 32 0.03187368 
165 6 26 27 0.031389397 
441 7 17 19 0.0313641 
45 416 131 191 0.03118453 
105 74 26 36 0.031019922 
400 23 22 31 0.030614397 
411 17 21 28 0.030392986 
58 0 14 13 0.030183235 
786 -1 21 26 0.029824216 
476 116 25 30 0.029354116 
494 29 21 25 0.029283468 
856 45 40 56 0.028312374 
594 389 32 45 0.027973466 
682 11 44 59 0.027798938 
223 40 17 23 0.027784962 
677 60 30 45 0.027585423 
274 12 16 21 0.027530432 
48 0 12 11 0.027513636 
120 27 17 23 0.027093137 
58 6 22 26 0.02690556 
220 10 14 18 0.026884796 
967 11 23 26 0.026877077 
3 27 22 34 0.026861055 
309 49 18 21 0.0267404 
156 62 32 42 0.026388275 
219 78 30 43 0.025809685 
430 41 23 30 0.025704546 
414 152 14 18 0.025462627 
107 19 16 21 0.025298905 
208 14 23 29 0.024912706 
835 42 30 49 0.024906794 
903 190 29 40 0.024743004 
281 12 23 29 0.024553442 
98 57 27 38 0.024504662 
162 16 27 31 0.024420565 
36 36 24 34 0.02430677 
112 2 14 16 0.023886863 
397 39 14 20 0.023836508 
86 2 16 16 0.023494689 
698 373 35 43 0.023305433 
724 5 33 34 0.023241531 
259 5 17 22 0.022673147 
321 -1 23 31 0.022658812 
66 116 61 60 0.02261465 
637 418 39 41 0.022588653 
673 31 42 64 0.02240503 
83 25 27 32 0.022217922 
329 101 32 50 0.022211777 
983 117 32 38 0.022118889 
188 114 34 44 0.021831943 
198 89 27 35 0.02166221 
392 42 13 17 0.021637756 
247 104 43 62 0.021599347 
678 0 40 44 0.021592217 
130 33 23 34 0.021564519 
409 148 28 35 0.021409681 
478 26 26 35 0.0214005 
879 52 29 46 0.02133959 
167 30 19 24 0.021265693 
92 0 16 14 0.021197401 
333 1 24 28 0.021099374 
495 114 16 18 0.020978928 
602 18 20 28 0.020923382 
372 31 15 21 0.020866001 
489 119 28 33 0.020815883 
330 6 16 22 0.020762278 
975 85 39 57 0.020749278 
152 49 19 25 0.020736292 
260 95 34 49 0.02070999 
399 162 51 55 0.020648664 
90 -2 26 24 0.020518342 
298 78 49 63 0.02043513 
585 3 23 33 0.020259105 
223 124 33 46 0.020225294 
313 47 26 34 0.02015756 
871 241 16 20 0.020106198 
12 2 28 27 0.020066077 
603 54 28 43 0.020030618 
