56_Voter_peoplevoting_56_459
42
243 90 32 48 0.99829775 
742 89 37 49 0.995116 
354 75 28 46 0.9934848 
864 89 31 43 0.9504935 
496 81 18 35 0.5496621 
86 43 21 40 0.50761104 
971 157 15 18 0.4639824 
634 97 35 35 0.29252228 
272 167 40 45 0.17573169 
323 97 29 36 0.11727297 
389 151 37 38 0.0985262 
121 36 26 40 0.074082345 
757 373 10 13 0.06880162 
884 200 33 29 0.06335796 
820 140 14 15 0.052351836 
769 388 9 12 0.047156923 
993 111 9 11 0.046804205 
369 141 28 37 0.043497276 
859 70 27 49 0.040939506 
333 91 36 37 0.036955222 
49 269 10 13 0.03568251 
805 208 13 15 0.032220185 
740 357 10 13 0.032188933 
761 414 11 13 0.031420857 
965 150 15 17 0.03112116 
830 173 12 16 0.030375158 
159 252 8 11 0.030051637 
376 147 35 38 0.029997347 
744 316 9 11 0.02968684 
279 208 29 30 0.029556245 
779 136 18 21 0.028465701 
367 122 31 41 0.0283102 
760 334 9 11 0.027214807 
179 175 24 31 0.026042543 
833 170 17 21 0.024668533 
846 163 14 19 0.02414035 
544 478 28 28 0.023779335 
809 134 25 29 0.022799069 
628 89 27 37 0.021610634 
895 103 30 33 0.020630375 
803 189 25 29 0.02048247 
273 188 31 36 0.020172354 
