56_Voter_peoplevoting_56_1046
26
428 432 115 153 0.9999304 
446 311 50 67 0.2223298 
585 581 237 233 0.08720112 
792 366 12 15 0.06677074 
799 339 12 13 0.05774858 
449 299 38 50 0.05135246 
976 384 20 28 0.04590881 
60 1469 27 34 0.04500787 
-25 593 401 440 0.041625056 
330 321 46 55 0.04025838 
550 9 112 126 0.038482018 
326 1067 420 525 0.03793058 
597 18 66 71 0.03217801 
873 398 9 11 0.03194691 
714 206 212 279 0.03141757 
125 961 37 41 0.02852352 
673 0 38 33 0.028443363 
851 1206 27 31 0.028147642 
85 637 231 194 0.026131665 
740 619 243 226 0.025388066 
133 344 14 17 0.02522965 
998 367 27 33 0.024905408 
881 372 11 13 0.023209797 
906 459 22 24 0.023078538 
40 345 14 18 0.022502057 
885 370 13 15 0.021599222 
