56_Voter_peoplevoting_56_874
259
972 255 44 65 0.9951114 
139 353 24 30 0.98864263 
667 252 26 31 0.9873115 
595 333 28 32 0.98655987 
686 445 83 145 0.9844125 
13 298 18 22 0.9751927 
153 392 27 34 0.9688324 
477 367 61 70 0.96509826 
90 340 24 30 0.9646306 
358 279 13 17 0.94797117 
66 282 13 18 0.9439356 
566 298 24 29 0.9414621 
234 394 44 50 0.9342315 
38 336 20 26 0.9273814 
771 291 51 73 0.9094008 
191 256 14 18 0.8995393 
367 252 13 17 0.894063 
512 276 19 25 0.8854522 
156 283 16 23 0.8585429 
404 272 14 17 0.8310002 
111 298 14 17 0.74244547 
336 252 14 19 0.7163935 
514 212 15 17 0.6558281 
452 371 82 111 0.6112159 
422 250 9 13 0.57424265 
968 223 31 40 0.55057234 
407 245 10 14 0.521415 
275 273 16 20 0.4491213 
530 310 22 26 0.42797202 
455 289 17 20 0.4064086 
960 396 69 122 0.38653904 
171 311 15 19 0.36963093 
455 244 12 16 0.3295483 
415 250 11 14 0.29753807 
270 252 14 18 0.2516403 
454 250 15 19 0.24174088 
598 215 11 14 0.23996988 
5 275 16 19 0.2306939 
672 190 10 12 0.22425412 
429 227 10 13 0.21245055 
398 224 10 12 0.21138297 
544 311 21 29 0.20909394 
284 272 14 19 0.18079856 
221 319 15 19 0.17200325 
384 341 31 53 0.17051181 
486 239 10 12 0.17047377 
910 424 18 24 0.16169494 
332 231 10 12 0.1514318 
464 226 10 13 0.14458334 
318 253 12 16 0.1426061 
397 254 12 15 0.14075118 
554 317 18 26 0.13949151 
511 217 12 16 0.1374743 
466 206 8 10 0.12616423 
608 340 17 23 0.120574676 
657 183 7 10 0.11504843 
165 357 11 16 0.11289403 
478 220 9 11 0.11276974 
275 245 12 15 0.11177865 
293 243 13 16 0.110280864 
448 215 11 13 0.109782174 
726 111 16 19 0.10878619 
135 290 13 15 0.10617452 
888 291 33 54 0.102875225 
496 215 8 11 0.1011384 
220 257 13 15 0.09743704 
126 439 30 40 0.0959562 
506 229 10 13 0.09468029 
550 199 9 10 0.09451602 
745 158 9 11 0.09127403 
159 429 33 44 0.084073365 
312 267 11 14 0.080775276 
832 445 21 32 0.0764365 
84 574 55 67 0.07567416 
631 196 10 12 0.072630286 
374 228 12 15 0.07185531 
573 172 9 11 0.07083688 
287 238 14 17 0.07057376 
189 243 20 25 0.06954357 
473 214 8 12 0.068893895 
97 319 17 21 0.0688754 
233 268 12 15 0.06718566 
299 251 11 14 0.06708351 
637 193 8 10 0.06579281 
432 276 10 15 0.06469818 
966 225 44 66 0.062941305 
522 376 45 58 0.06292358 
657 187 9 12 0.059933104 
722 134 9 12 0.05896745 
762 72 16 20 0.05674623 
310 352 40 60 0.055753868 
577 205 9 10 0.05441441 
318 377 28 42 0.05408813 
491 361 41 44 0.052809704 
663 189 9 12 0.051932193 
867 442 17 21 0.051626623 
115 265 13 17 0.051219054 
625 176 8 10 0.051051978 
173 259 10 13 0.04977566 
7 289 19 25 0.04935535 
318 247 10 14 0.04842577 
401 237 13 16 0.04795706 
235 261 12 14 0.047689553 
610 367 22 27 0.046822947 
536 201 9 11 0.046329346 
344 221 11 13 0.044542145 
581 207 8 9 0.0444092 
452 353 62 71 0.044271678 
985 218 17 22 0.04362403 
680 125 10 13 0.04344733 
672 167 9 11 0.043410152 
153 354 16 21 0.043401726 
152 228 10 13 0.04287177 
393 347 42 65 0.042560767 
656 176 7 10 0.042558458 
437 281 12 17 0.04185646 
390 228 11 13 0.041057844 
393 223 9 12 0.041037977 
160 288 19 28 0.040577587 
673 185 9 12 0.040512834 
229 252 12 15 0.04044194 
139 143 33 37 0.04010855 
244 237 10 12 0.039941244 
485 231 10 12 0.03991199 
742 282 55 68 0.03986733 
222 246 10 13 0.039235845 
504 234 12 16 0.038450174 
593 199 8 11 0.038091753 
424 206 10 11 0.0379024 
544 199 9 12 0.037689697 
425 224 10 13 0.03652203 
131 385 16 25 0.0358033 
140 387 25 33 0.035780113 
467 253 11 14 0.035770554 
214 268 12 14 0.035409313 
170 300 17 22 0.035363335 
236 253 12 14 0.03489407 
679 255 17 22 0.034760904 
220 265 12 15 0.03437086 
127 293 10 14 0.03428586 
751 126 10 13 0.03428037 
161 388 17 24 0.03424649 
766 125 10 13 0.034227915 
505 223 10 13 0.03391791 
330 342 48 69 0.033561468 
481 229 9 12 0.03335282 
630 175 8 10 0.032656044 
960 209 30 44 0.03256833 
593 211 20 24 0.032517415 
663 257 19 21 0.03241346 
204 278 10 13 0.03241269 
423 211 11 14 0.032321744 
471 221 9 12 0.031863593 
726 102 13 15 0.03179992 
699 409 60 82 0.031681553 
430 214 9 11 0.03144589 
200 225 9 12 0.03141869 
963 271 33 51 0.031053334 
444 284 12 16 0.030842055 
420 381 70 97 0.030712156 
502 242 14 20 0.03049716 
593 212 12 15 0.030434672 
672 172 8 11 0.030112498 
724 280 45 59 0.030058268 
660 183 8 10 0.029402217 
338 246 16 19 0.029397083 
742 113 10 14 0.029080443 
687 176 9 11 0.028688816 
327 226 20 24 0.028625146 
693 496 106 137 0.028522225 
423 235 12 15 0.028459294 
407 207 8 9 0.028451517 
189 316 9 13 0.02840079 
108 261 16 19 0.028322445 
178 308 14 19 0.028298717 
771 104 15 17 0.02823393 
388 236 12 15 0.02812764 
139 410 45 55 0.028126914 
74 372 17 19 0.02802793 
264 245 13 16 0.027853563 
277 237 14 17 0.027705 
52 436 28 34 0.027608816 
189 310 9 12 0.027282165 
446 228 12 14 0.0270454 
335 232 22 28 0.02694965 
255 390 38 49 0.026413992 
336 222 22 26 0.026260793 
521 211 13 16 0.02591384 
638 175 8 9 0.025842577 
447 236 13 16 0.025745615 
625 182 8 11 0.025720272 
592 206 9 11 0.025636762 
509 367 41 50 0.025609666 
856 429 28 34 0.025505869 
728 158 6 9 0.025260901 
392 257 12 15 0.025035523 
291 245 20 24 0.024839893 
349 215 10 12 0.024835085 
685 120 9 11 0.02472779 
348 242 14 18 0.024682526 
597 199 9 11 0.024578758 
955 226 32 44 0.02448727 
390 270 13 16 0.02433276 
560 325 16 21 0.023968082 
548 326 25 28 0.023961144 
623 189 9 12 0.023867846 
217 253 21 24 0.023828153 
194 235 15 19 0.023813901 
74 282 13 17 0.023674538 
597 207 10 13 0.023492511 
99 307 15 18 0.023302948 
647 198 8 10 0.023280943 
145 400 28 38 0.023243139 
157 351 21 27 0.023186382 
559 300 16 20 0.023107205 
459 238 11 14 0.022940533 
908 2 14 16 0.022786882 
724 281 26 40 0.022676643 
618 190 8 11 0.022653216 
324 251 13 18 0.02260347 
511 209 13 15 0.022504339 
403 241 18 22 0.022480054 
597 225 12 16 0.022357939 
334 261 13 17 0.02233175 
516 310 29 36 0.022280565 
569 169 8 11 0.022177666 
153 277 13 17 0.02205913 
368 228 12 15 0.021927562 
686 100 10 14 0.021926684 
299 236 15 18 0.021896297 
382 234 12 16 0.021872217 
103 298 15 18 0.021729933 
439 215 9 11 0.021719323 
593 189 9 10 0.021717627 
286 250 12 15 0.021646371 
557 199 8 10 0.021511164 
231 265 20 26 0.021465857 
760 131 9 11 0.021419354 
470 284 12 17 0.02127529 
843 443 15 20 0.021255247 
141 361 28 38 0.021166166 
593 183 9 11 0.02104365 
270 239 13 16 0.020926269 
217 253 11 14 0.02076248 
156 223 9 12 0.020693973 
671 204 12 13 0.020534135 
186 284 13 16 0.020369045 
77 306 16 19 0.020368125 
450 292 26 30 0.020327033 
617 198 9 10 0.020311277 
289 268 15 20 0.020281315 
241 232 9 12 0.020280331 
429 271 19 26 0.020251516 
428 244 10 14 0.020228783 
364 264 15 21 0.020224659 
325 242 14 19 0.02018887 
523 314 40 46 0.020104798 
655 199 8 10 0.020082286 
398 215 9 11 0.020045843 
