56_Voter_peoplevoting_56_305
21
71 228 27 36 0.9893393 
442 201 30 45 0.9388326 
754 226 22 39 0.108743735 
548 103 16 20 0.054219 
771 299 42 67 0.046622377 
426 198 35 46 0.03686028 
435 221 33 38 0.033943594 
685 290 41 63 0.031341102 
548 183 11 14 0.029608034 
535 179 11 16 0.02778902 
735 242 39 51 0.02742889 
992 407 8 10 0.025964279 
52 257 17 22 0.025583979 
888 400 8 9 0.023944087 
543 89 7 10 0.023104694 
848 400 8 9 0.021521397 
543 93 10 13 0.021046098 
887 406 8 10 0.020844957 
854 400 7 9 0.020569267 
662 235 405 484 0.020184796 
849 415 8 10 0.020056412 
