56_Voter_peoplevoting_56_717
19
412 5 107 103 0.99983025 
826 5 104 116 0.9996556 
263 3 68 86 0.99357116 
567 61 74 96 0.99097997 
193 186 13 17 0.2646149 
346 606 109 152 0.19456561 
-14 158 160 266 0.115927756 
172 -4 60 50 0.077930905 
240 187 11 15 0.05444836 
707 489 61 78 0.053203445 
452 404 130 133 0.04843309 
219 189 12 15 0.04099335 
355 265 25 27 0.036100354 
17 67 62 61 0.03607395 
849 52 73 87 0.026044883 
367 108 45 63 0.025862655 
445 32 98 121 0.02486907 
331 112 26 44 0.024587883 
175 182 9 11 0.021804957 
