56_Voter_peoplevoting_56_410
357
826 430 18 20 0.9723164 
492 445 16 20 0.9703789 
270 468 17 21 0.9653215 
472 435 14 17 0.9425273 
123 451 15 18 0.92702067 
322 442 14 18 0.89007473 
283 423 18 21 0.86907786 
177 433 15 19 0.86089003 
743 475 18 20 0.827319 
931 456 18 25 0.75129545 
424 430 17 21 0.7404524 
57 443 19 23 0.7324091 
936 425 15 20 0.7116042 
194 421 19 27 0.71099913 
214 459 16 20 0.67139405 
550 446 14 19 0.66989046 
285 442 14 18 0.66062707 
614 461 15 21 0.6358765 
27 419 26 36 0.5661891 
619 410 13 17 0.54808 
367 435 16 19 0.50999093 
527 429 13 16 0.4806234 
84 434 15 17 0.4355667 
96 434 16 21 0.42124456 
147 443 15 21 0.3988724 
694 470 23 30 0.39404744 
963 444 15 21 0.3782253 
236 453 14 18 0.33623156 
644 465 15 21 0.31030825 
447 429 12 16 0.30199975 
510 427 13 16 0.30169126 
987 451 14 19 0.29571837 
810 472 28 31 0.26981997 
598 422 12 15 0.26153353 
155 412 15 19 0.24399512 
891 465 17 21 0.22071613 
138 419 12 16 0.20429292 
364 419 14 19 0.20328481 
403 401 15 18 0.19027266 
414 432 16 21 0.18814401 
404 372 14 20 0.17657965 
529 433 14 17 0.17283024 
189 469 13 16 0.1716556 
985 442 14 18 0.1707613 
349 441 13 18 0.16081418 
186 426 20 26 0.15890309 
451 395 14 17 0.15847194 
969 449 14 19 0.15456803 
869 463 24 32 0.1508206 
894 435 15 18 0.15062375 
922 442 16 20 0.14211579 
228 432 17 18 0.1420884 
863 442 15 20 0.13181178 
924 450 18 23 0.1260789 
982 455 20 26 0.1251059 
19 428 27 35 0.12497069 
571 448 13 18 0.12101396 
563 433 14 16 0.11924477 
893 448 17 23 0.11924277 
303 442 13 19 0.11309329 
286 445 19 25 0.11235545 
270 415 10 12 0.11036387 
590 422 11 14 0.108454645 
406 417 12 15 0.107803784 
583 427 12 16 0.1014078 
119 419 11 15 0.10108659 
318 413 13 15 0.09952896 
423 455 16 19 0.097484075 
85 436 21 24 0.095785275 
35 414 17 21 0.09448349 
217 452 17 21 0.09420821 
365 441 22 25 0.09395588 
91 442 21 28 0.090942614 
169 58 27 28 0.08932535 
136 368 10 11 0.0849428 
813 465 17 20 0.08361485 
429 403 12 16 0.082916595 
575 398 10 14 0.081690386 
172 422 13 17 0.07965134 
861 471 26 32 0.076555654 
392 373 10 13 0.075589 
406 466 15 19 0.074856885 
119 434 13 17 0.0742728 
602 436 14 18 0.072251275 
819 460 26 30 0.07010692 
246 57 28 29 0.07007432 
172 474 12 15 0.068687014 
381 426 15 21 0.06717496 
341 441 15 19 0.06607517 
351 468 21 27 0.06574277 
223 428 14 17 0.065116644 
587 466 11 15 0.06341269 
620 462 22 26 0.061840236 
917 436 15 18 0.061275583 
226 453 20 24 0.061090745 
94 455 13 18 0.060517948 
938 456 22 28 0.05988969 
542 435 13 15 0.058454003 
548 429 12 16 0.05829607 
210 428 14 17 0.05745094 
124 419 12 16 0.057216775 
243 412 12 16 0.05593126 
35 391 25 29 0.055513438 
558 429 14 17 0.055429935 
709 439 16 21 0.05538635 
749 427 21 28 0.05522344 
760 489 23 29 0.055184916 
119 444 15 20 0.054974314 
501 435 13 17 0.054714352 
93 391 17 21 0.05466738 
443 452 14 17 0.054363467 
565 455 15 22 0.05417173 
183 473 12 15 0.053905703 
543 448 16 20 0.053768475 
205 461 20 26 0.053469628 
548 436 14 16 0.05306447 
399 372 12 17 0.052923538 
194 467 12 15 0.052431043 
817 459 18 20 0.05236564 
553 449 20 28 0.052334215 
407 442 22 27 0.052188426 
603 428 11 14 0.051790107 
504 430 12 16 0.05141121 
452 423 12 15 0.050947726 
435 403 13 17 0.050776403 
290 456 15 20 0.049734246 
567 444 13 17 0.04966792 
423 399 11 14 0.04921725 
324 418 12 14 0.049164563 
437 429 13 17 0.049122814 
628 441 16 21 0.04851577 
385 392 14 18 0.048231605 
357 426 15 20 0.04730266 
385 419 14 18 0.04707999 
460 457 13 19 0.046614382 
332 430 13 16 0.046278223 
134 415 13 16 0.04614877 
411 459 13 18 0.0457872 
930 444 14 18 0.045784064 
898 428 13 16 0.04574019 
289 432 15 20 0.045710832 
131 417 20 25 0.044978052 
371 422 12 17 0.0446928 
452 460 16 20 0.044663083 
26 384 24 29 0.044384744 
494 397 12 14 0.043217756 
250 477 11 15 0.043112483 
612 452 15 21 0.042896956 
514 422 13 16 0.042806778 
325 435 19 24 0.042642314 
831 458 23 27 0.04227348 
358 413 13 15 0.04224141 
153 448 14 19 0.042192392 
574 421 12 17 0.04159819 
202 428 17 22 0.041580874 
379 448 15 19 0.040432837 
404 384 13 18 0.040414102 
175 419 22 27 0.04031871 
642 446 22 29 0.04016636 
917 431 12 15 0.039954193 
588 434 12 15 0.039915264 
859 486 24 30 0.039874706 
137 410 21 27 0.039449062 
875 459 15 21 0.03922352 
811 429 22 27 0.039189313 
372 429 20 24 0.039186776 
326 429 13 17 0.039114498 
473 387 10 14 0.039040744 
589 434 21 28 0.038252972 
446 422 12 16 0.03808661 
174 495 13 18 0.037856948 
496 391 11 13 0.037764795 
854 465 12 18 0.037482332 
740 480 24 27 0.03746878 
228 443 16 19 0.037252672 
278 422 14 18 0.037161022 
262 415 10 12 0.03709309 
580 512 13 17 0.036811896 
823 402 12 15 0.036792256 
77 450 13 17 0.036680706 
130 443 16 21 0.036642816 
669 437 15 18 0.03663949 
648 441 17 19 0.036226913 
848 422 10 13 0.036118854 
586 422 18 24 0.03609519 
263 419 12 16 0.035871107 
196 474 14 15 0.03536552 
322 60 27 28 0.03530896 
423 479 24 28 0.035135396 
897 443 14 18 0.03499103 
122 422 19 24 0.034880534 
546 452 18 24 0.034779534 
752 467 17 22 0.03472986 
83 466 13 17 0.034264352 
951 420 12 16 0.034257676 
254 413 11 14 0.034164753 
162 411 14 17 0.03415462 
600 440 21 28 0.033873066 
308 439 18 23 0.03382985 
313 413 10 14 0.033691395 
171 385 14 16 0.033674803 
474 449 14 19 0.032893475 
844 462 16 22 0.03283688 
959 438 14 17 0.03273378 
445 412 12 15 0.03240622 
638 467 25 32 0.032337718 
493 409 12 15 0.03219077 
112 418 13 17 0.03209628 
83 448 16 20 0.03193489 
188 459 21 25 0.031458095 
445 400 14 19 0.031327326 
992 457 16 23 0.031096032 
143 502 10 14 0.031093815 
420 462 23 29 0.03097061 
647 459 17 22 0.030878605 
873 445 22 30 0.030855935 
235 461 15 20 0.030672142 
133 457 11 14 0.030551692 
909 478 14 16 0.030525295 
933 463 29 35 0.030446084 
430 453 22 27 0.030199258 
434 483 17 23 0.029491013 
979 427 22 28 0.029473044 
440 421 11 15 0.029452708 
917 456 16 20 0.02939709 
351 427 12 17 0.02938217 
442 437 20 25 0.029332237 
151 428 12 17 0.029115595 
423 410 13 15 0.02911173 
167 469 11 16 0.029096795 
318 413 22 26 0.028900841 
403 427 14 19 0.028816476 
302 412 10 14 0.028783562 
53 437 18 21 0.028720135 
357 435 15 19 0.02871717 
516 450 15 20 0.028619695 
543 423 10 12 0.028616393 
852 444 20 28 0.028113544 
732 31 13 13 0.027929027 
593 417 20 24 0.027867384 
222 445 14 16 0.027761754 
279 433 16 19 0.027708404 
452 452 15 18 0.027670419 
967 465 14 19 0.02755108 
905 514 17 19 0.027491966 
532 441 14 17 0.027452793 
401 376 21 30 0.027396318 
897 472 15 19 0.027395947 
946 464 17 22 0.027316408 
399 419 13 16 0.027173659 
912 430 11 14 0.027109714 
544 398 10 12 0.027109366 
330 -132 407 472 0.027094707 
269 416 20 26 0.026924295 
880 465 28 35 0.02682854 
386 430 15 21 0.026825065 
681 462 42 52 0.02674189 
847 426 12 17 0.026733963 
861 460 12 16 0.02670013 
523 451 13 18 0.026656259 
421 387 11 14 0.026643071 
143 437 15 21 0.026473861 
766 24 18 19 0.02588555 
333 413 11 14 0.025835592 
166 418 14 17 0.025813034 
86 457 13 19 0.025810989 
972 377 15 19 0.025802432 
464 435 13 17 0.025799854 
550 421 11 15 0.02569781 
557 458 21 30 0.025559718 
946 425 14 18 0.02547328 
903 425 23 28 0.025213439 
685 462 25 32 0.025164722 
487 428 11 14 0.025004044 
892 417 24 28 0.024997763 
180 422 14 16 0.024842221 
516 434 12 16 0.024828186 
970 452 21 27 0.024774073 
251 484 11 14 0.024728585 
400 438 21 28 0.024688886 
908 458 13 18 0.024578696 
542 378 8 11 0.024554648 
524 442 14 17 0.024477934 
488 421 11 15 0.024255019 
286 464 13 18 0.024250839 
145 422 23 31 0.024244243 
126 413 13 16 0.024159448 
927 425 19 25 0.02410558 
537 427 20 25 0.024079183 
549 76 19 20 0.023986537 
461 442 12 17 0.02391486 
640 460 14 19 0.023889065 
269 441 13 18 0.023856139 
965 455 16 21 0.02366053 
341 428 12 16 0.02363094 
853 464 24 30 0.023605807 
105 439 16 21 0.023591945 
54 453 16 21 0.02353747 
317 446 22 28 0.023530437 
800 442 14 21 0.02352841 
946 453 14 18 0.023425492 
52 416 16 22 0.023389928 
409 466 23 27 0.023366176 
805 481 18 20 0.023060145 
608 459 15 20 0.022999518 
499 501 11 16 0.022987895 
697 457 28 32 0.022970233 
885 448 17 23 0.022932278 
452 442 14 18 0.022882525 
231 485 9 11 0.022851063 
952 414 12 15 0.02280187 
817 445 25 30 0.022797946 
204 474 12 16 0.022740722 
398 428 13 18 0.022705665 
431 362 15 18 0.022595888 
402 406 20 24 0.022546556 
508 441 14 18 0.022535414 
701 442 14 18 0.02249348 
128 429 22 27 0.022491865 
269 453 12 15 0.022462707 
403 363 24 32 0.022450313 
435 439 15 20 0.022376446 
470 421 13 15 0.02216011 
557 421 12 15 0.022122318 
531 422 12 14 0.0220672 
496 382 11 13 0.022024982 
298 453 16 21 0.021896735 
658 437 22 27 0.02188731 
622 472 29 31 0.021878166 
308 467 13 18 0.021863906 
48 400 16 20 0.021581274 
341 467 15 22 0.021421483 
351 420 13 17 0.021407358 
169 470 20 25 0.021391355 
206 467 12 15 0.021363733 
489 399 9 12 0.021276893 
911 440 13 18 0.021276755 
752 423 12 15 0.021255994 
798 528 15 18 0.021175148 
858 455 23 30 0.021140093 
150 339 13 16 0.021089792 
619 451 17 23 0.02102584 
153 335 11 13 0.021001179 
77 458 14 19 0.020929636 
853 493 18 23 0.020805025 
399 469 14 17 0.020771239 
691 444 15 17 0.020688783 
238 416 14 17 0.020673787 
685 446 26 30 0.020620137 
362 453 18 23 0.02053669 
928 437 39 50 0.020425951 
662 369 15 20 0.020309564 
582 462 20 27 0.020282079 
571 434 13 17 0.020269204 
355 411 21 27 0.020209057 
535 452 11 17 0.020204637 
722 434 18 23 0.020014461 
