56_Voter_peoplevoting_56_346
22
469 183 147 192 0.99934083 
554 1163 44 50 0.10781048 
541 1131 29 35 0.066472545 
533 1154 46 56 0.04237224 
500 565 13 16 0.04144214 
467 499 14 20 0.041438147 
420 509 38 51 0.039714474 
258 582 209 267 0.035945356 
410 472 25 34 0.029662404 
424 504 24 35 0.029485384 
360 17 9 12 0.029221393 
202 1034 369 482 0.029197142 
575 1171 36 46 0.027414918 
521 1174 26 39 0.027300037 
403 495 41 56 0.026975226 
462 474 11 15 0.026803154 
559 1163 10 12 0.026248584 
550 1137 30 37 0.025363816 
466 615 52 55 0.021300996 
448 499 28 42 0.02049014 
550 1185 36 41 0.020111263 
305 22 9 12 0.020093577 
