56_Voter_peoplevoting_56_781
146
365 197 61 72 0.99589914 
289 108 40 52 0.97500813 
652 156 24 32 0.96718633 
364 83 56 72 0.93426913 
777 128 23 29 0.9167412 
677 102 26 35 0.83482045 
105 78 51 64 0.8170212 
644 119 26 33 0.7959366 
750 113 21 29 0.7487987 
831 131 14 17 0.6192068 
598 138 22 27 0.491901 
814 136 16 21 0.4538837 
949 136 18 21 0.3526389 
994 121 15 21 0.30676427 
607 314 14 20 0.2705542 
878 113 15 17 0.2262008 
456 218 46 78 0.17996094 
893 120 14 19 0.1667961 
236 427 32 43 0.16125388 
756 84 14 18 0.15397006 
676 119 16 24 0.15157928 
875 122 16 20 0.1410577 
340 72 28 36 0.14022557 
435 128 24 31 0.13745686 
218 129 32 37 0.132498 
853 116 13 17 0.12436834 
788 129 21 28 0.10812433 
648 141 27 35 0.092498355 
279 165 25 32 0.09106781 
349 75 47 59 0.08705434 
845 167 15 21 0.085138336 
688 109 24 32 0.08188069 
595 134 17 22 0.07705121 
761 121 23 29 0.0734762 
319 117 30 38 0.069899864 
317 58 14 16 0.06986346 
427 111 42 54 0.06717953 
890 78 9 12 0.0660107 
810 99 14 19 0.060775533 
898 116 14 18 0.05989667 
573 151 21 30 0.05872722 
1007 93 11 14 0.05770848 
882 117 19 25 0.057071704 
704 68 12 15 0.0566437 
472 257 31 51 0.054054808 
655 131 19 23 0.053407636 
1001 122 15 21 0.052306775 
621 229 14 19 0.051632624 
740 134 15 21 0.050260097 
823 130 19 25 0.050018925 
749 124 16 23 0.048442468 
910 111 11 15 0.047269054 
128 81 56 68 0.046844188 
943 129 15 21 0.046117507 
355 67 28 45 0.04429899 
469 214 27 46 0.043223638 
199 125 49 60 0.042711705 
845 129 12 18 0.04245765 
942 103 16 21 0.04108855 
804 129 19 26 0.04027704 
572 229 17 25 0.040218554 
871 128 15 17 0.040156867 
751 76 14 18 0.040075526 
25 199 112 149 0.039718375 
669 79 11 13 0.039468743 
834 154 24 33 0.039161943 
666 123 21 27 0.038712557 
852 127 16 22 0.038677905 
232 84 48 55 0.038339734 
394 191 50 66 0.03818901 
605 199 14 19 0.037596386 
603 176 16 22 0.036796212 
410 72 46 61 0.03627786 
356 76 17 27 0.036259394 
917 176 12 15 0.036252543 
604 235 24 35 0.035429265 
644 107 16 22 0.035102032 
751 129 20 28 0.034704674 
381 36 14 20 0.0345305 
869 78 9 11 0.03449591 
345 69 19 23 0.034393262 
178 93 35 41 0.034170054 
577 224 22 30 0.03370823 
888 83 11 13 0.033501565 
440 204 51 70 0.032922734 
836 168 16 21 0.032505065 
493 120 29 33 0.0324466 
750 143 14 20 0.03233814 
943 75 10 13 0.03175489 
940 111 14 20 0.031061161 
685 57 12 15 0.030103942 
398 109 53 65 0.030091554 
617 229 24 30 0.029973583 
260 99 23 31 0.029708298 
60 120 42 57 0.028463302 
574 124 13 17 0.0280824 
340 89 28 46 0.027986083 
756 99 17 21 0.027859032 
646 157 19 25 0.027799353 
552 466 11 16 0.027656598 
261 94 43 55 0.027312765 
735 68 13 19 0.026990043 
290 100 28 38 0.026924895 
524 279 14 18 0.02681613 
243 98 31 33 0.026788432 
872 115 14 17 0.026728304 
928 178 11 15 0.026249219 
1012 123 12 19 0.026097529 
985 116 20 28 0.026000256 
760 87 16 19 0.025952091 
892 110 14 19 0.025921663 
771 162 16 20 0.025605705 
918 152 10 13 0.025514374 
964 187 10 13 0.025309708 
857 123 14 18 0.025176348 
843 100 12 16 0.02516514 
217 106 32 40 0.025031526 
702 11 10 12 0.02501389 
960 183 9 14 0.024972172 
250 77 24 26 0.024539215 
665 77 10 12 0.024286976 
594 215 42 58 0.024172278 
758 39 10 13 0.023601424 
661 164 21 27 0.023457522 
877 103 14 17 0.023440586 
318 77 27 33 0.023161668 
424 68 25 40 0.023126932 
331 127 16 23 0.022965254 
586 104 14 16 0.022947118 
639 119 18 25 0.02280148 
739 71 14 20 0.02279883 
960 138 15 19 0.022749357 
935 127 14 21 0.02272967 
276 175 51 69 0.022707531 
918 156 13 19 0.022691395 
598 169 16 21 0.022657292 
497 124 40 48 0.022287745 
748 70 13 16 0.022195246 
331 79 29 39 0.021866277 
182 94 54 58 0.021774087 
839 96 11 14 0.021388292 
281 76 15 18 0.02111871 
145 62 86 102 0.020297732 
305 84 45 55 0.020029865 
670 96 24 31 0.020020768 
808 140 23 29 0.020019086 
