56_Voter_peoplevoting_56_819
20
483 442 36 42 0.9983323 
292 352 39 47 0.9982963 
599 392 46 58 0.997017 
114 428 46 57 0.9951395 
277 614 45 58 0.9931236 
749 208 46 52 0.99248815 
643 192 47 56 0.9808513 
859 227 39 46 0.9720365 
397 466 33 42 0.93195915 
493 609 47 59 0.10573481 
910 225 21 27 0.063809216 
611 571 96 125 0.05439972 
396 459 17 22 0.046919983 
226 402 42 51 0.044460252 
407 563 14 18 0.038900662 
816 296 23 30 0.038376257 
662 263 374 493 0.028676534 
466 571 25 33 0.02192784 
930 266 15 19 0.020898966 
806 202 24 33 0.020645227 
