56_Voter_peoplevoting_56_902
19
700 191 160 215 0.99662554 
589 234 93 146 0.66676885 
2 153 62 117 0.4278567 
171 109 247 305 0.23334889 
111 147 107 169 0.22661911 
19 149 98 139 0.13753477 
118 187 65 99 0.13422972 
41 45 323 416 0.118997924 
300 197 29 37 0.100681365 
83 64 172 285 0.081137866 
616 -27 466 515 0.04594273 
55 158 107 147 0.045540676 
468 182 32 42 0.04428199 
197 9 385 466 0.039533637 
291 186 31 39 0.03922013 
567 172 21 30 0.03451731 
33 133 61 99 0.024597181 
916 464 95 142 0.02286771 
532 199 166 251 0.02192772 
