56_Voter_peoplevoting_56_441
858
218 252 93 141 0.9959371 
989 607 13 17 0.9098904 
900 558 13 17 0.8148103 
978 648 15 20 0.7931461 
834 429 10 12 0.7031296 
901 484 14 16 0.6456053 
854 531 12 17 0.6373281 
720 499 10 13 0.58039093 
773 556 9 12 0.56554425 
835 510 11 15 0.53874546 
791 500 12 14 0.47356266 
828 376 10 12 0.45565605 
492 535 58 64 0.45295808 
621 472 9 12 0.44274187 
873 595 14 18 0.4378406 
987 674 23 31 0.41381335 
821 351 7 10 0.403563 
819 590 13 15 0.39968145 
741 548 11 13 0.39755154 
909 428 11 15 0.3954528 
972 512 12 16 0.3950539 
815 408 9 11 0.38320732 
686 334 11 13 0.35548875 
795 529 12 16 0.33553272 
964 494 11 14 0.3314214 
843 406 11 15 0.32977882 
961 543 11 15 0.2977456 
924 565 11 13 0.2865216 
883 486 9 12 0.26157093 
734 416 8 10 0.25931376 
964 380 10 13 0.25495538 
952 395 8 11 0.2515651 
712 531 11 13 0.24172845 
822 469 9 10 0.2333081 
950 438 10 14 0.23150647 
1015 380 8 13 0.23107973 
929 523 9 11 0.22904398 
778 327 8 10 0.22861989 
942 358 8 11 0.22479226 
725 526 11 14 0.22155672 
757 513 9 11 0.22037823 
814 510 9 11 0.21693718 
717 530 13 15 0.20497693 
673 358 9 11 0.20415884 
986 577 13 15 0.19194108 
584 476 12 13 0.19060841 
690 470 9 12 0.18379228 
799 390 8 11 0.18160675 
440 369 7 9 0.18042904 
759 367 9 12 0.17921633 
1014 494 8 12 0.17920752 
700 544 9 12 0.17895816 
793 477 9 11 0.17858832 
733 565 10 12 0.1781338 
760 472 9 12 0.17788446 
1008 526 12 16 0.17777641 
630 437 8 9 0.17721967 
985 539 11 13 0.17513546 
460 358 9 12 0.16804628 
790 459 8 11 0.16158275 
1001 590 11 13 0.1609503 
761 371 9 11 0.15650584 
840 391 9 11 0.1557898 
720 454 9 12 0.15569448 
912 534 11 14 0.15058245 
868 240 9 11 0.1502212 
972 398 10 14 0.14790337 
746 399 7 10 0.14380488 
758 414 8 10 0.14256996 
677 461 8 10 0.13799182 
736 490 9 12 0.1364844 
907 487 13 16 0.13369817 
847 351 8 10 0.13286987 
332 324 10 12 0.1325225 
999 437 10 13 0.13249935 
806 431 7 11 0.1319565 
800 336 9 11 0.1311708 
982 407 9 11 0.13065653 
953 312 7 9 0.12960674 
784 419 8 11 0.12611562 
777 368 7 10 0.12426618 
704 557 9 12 0.12321693 
354 383 15 19 0.119982585 
749 551 8 10 0.11878176 
754 457 7 9 0.11875417 
914 400 9 12 0.11760526 
25 372 52 61 0.11704604 
725 476 9 11 0.1155876 
760 406 8 10 0.1150445 
791 550 10 13 0.11502096 
799 304 8 10 0.11385199 
791 473 9 11 0.11328696 
991 366 8 11 0.11196242 
799 472 8 10 0.110996865 
998 445 9 13 0.109618284 
841 398 8 10 0.109222576 
951 423 10 13 0.10859377 
909 469 10 12 0.108006164 
726 405 9 10 0.1067394 
961 375 9 13 0.10627971 
901 590 13 15 0.105842374 
958 388 10 14 0.10562236 
657 473 9 12 0.10470909 
993 446 10 14 0.10380313 
820 489 14 17 0.10307242 
738 544 10 13 0.10257627 
915 577 14 18 0.1024911 
924 502 10 14 0.10204964 
792 375 8 9 0.099398345 
894 508 11 13 0.09900786 
684 487 10 12 0.09874136 
789 405 8 11 0.09781426 
866 390 9 12 0.097715795 
745 464 8 10 0.097574025 
994 352 7 9 0.09735666 
823 392 8 10 0.09730718 
768 552 12 14 0.097200975 
723 495 10 12 0.095095664 
862 359 9 12 0.09376674 
694 523 9 12 0.09350652 
855 598 10 13 0.092710234 
694 359 8 10 0.092259 
991 431 8 10 0.091421776 
757 456 7 9 0.09022551 
946 444 11 14 0.09021203 
932 519 10 13 0.0901873 
821 334 8 10 0.08993039 
871 344 9 11 0.088980846 
626 437 8 10 0.08846213 
840 342 8 10 0.088308156 
832 536 11 13 0.088208854 
808 375 8 11 0.08759787 
824 296 8 10 0.08616454 
706 351 7 9 0.08565252 
796 496 10 13 0.0853393 
999 317 9 11 0.08521487 
1014 319 8 11 0.08513687 
681 334 10 12 0.084499046 
937 352 8 10 0.08443837 
993 406 9 13 0.084122136 
865 351 8 9 0.08408797 
676 469 11 14 0.08380083 
807 380 10 12 0.0837525 
721 406 8 10 0.083300404 
831 464 8 10 0.08227159 
858 524 13 16 0.082250096 
863 334 8 10 0.08110013 
809 408 9 11 0.081094936 
1006 388 9 12 0.0809199 
880 308 11 13 0.08064903 
288 254 7 10 0.079601005 
863 327 8 11 0.0791961 
740 487 10 12 0.07890023 
801 431 8 11 0.0787954 
783 390 7 8 0.07750106 
962 366 8 10 0.077497624 
775 454 8 11 0.07744841 
985 358 8 10 0.076967634 
884 490 10 14 0.07669694 
704 399 8 10 0.07649274 
814 376 8 11 0.07632337 
818 344 7 9 0.076295674 
760 401 8 9 0.076200135 
805 588 12 14 0.07607816 
681 489 10 14 0.07546625 
785 457 8 11 0.075201504 
1006 534 12 16 0.07498742 
751 461 9 11 0.0740111 
841 303 7 9 0.0736427 
447 345 7 9 0.07324129 
744 476 9 11 0.072710305 
758 384 8 10 0.07259682 
992 357 9 11 0.07207716 
814 429 9 10 0.071869716 
793 309 8 10 0.07178972 
780 555 11 13 0.07162705 
704 405 7 9 0.07153192 
1014 413 8 12 0.071354486 
724 399 10 12 0.071249984 
663 446 7 9 0.070997275 
991 335 7 10 0.06925128 
1009 383 8 12 0.06905432 
417 229 9 11 0.06899814 
899 530 13 19 0.06864732 
997 358 10 12 0.06853432 
807 461 9 11 0.06852855 
956 440 9 11 0.06834234 
800 369 7 10 0.06786904 
959 358 9 11 0.0677838 
978 311 7 10 0.067749605 
813 248 8 10 0.06773216 
976 461 8 11 0.06770212 
800 352 9 11 0.06745631 
722 449 7 9 0.06744092 
808 412 8 12 0.06743926 
712 336 8 9 0.06699221 
504 350 8 11 0.06697719 
744 470 8 10 0.06662183 
926 589 12 15 0.06540845 
921 269 9 11 0.06538316 
761 556 10 12 0.06537341 
992 490 11 15 0.06498928 
711 312 8 9 0.06462286 
763 295 7 9 0.0642938 
805 351 8 10 0.06379664 
305 103 399 472 0.06364422 
769 525 9 12 0.06310855 
996 511 9 12 0.06298733 
783 476 9 11 0.062778965 
999 432 8 11 0.0627192 
975 281 7 9 0.062679194 
705 345 7 9 0.062375855 
793 368 7 10 0.06216621 
745 359 7 8 0.062004242 
785 384 7 9 0.061635975 
711 358 7 9 0.06087201 
875 579 14 18 0.060357407 
775 342 8 10 0.06024254 
878 348 8 11 0.060005084 
903 423 10 14 0.059779577 
820 407 8 11 0.059415303 
718 415 7 9 0.059164673 
719 359 7 9 0.058919035 
990 478 10 13 0.05877923 
822 356 8 10 0.05850752 
953 270 9 11 0.05848513 
775 403 9 11 0.058475085 
753 360 7 8 0.058140967 
880 262 10 12 0.058100186 
782 343 7 9 0.058057416 
862 409 9 11 0.057877306 
1014 407 8 11 0.05784363 
850 445 9 12 0.05727891 
977 326 9 10 0.05726435 
985 335 7 9 0.056687832 
703 564 12 15 0.056681227 
783 400 9 11 0.056409854 
695 319 9 10 0.056296773 
1014 367 8 12 0.05627512 
789 421 8 10 0.056199457 
916 537 11 14 0.056195803 
712 485 8 11 0.05546783 
890 516 9 12 0.05542159 
902 414 9 12 0.05485785 
810 247 7 9 0.054623917 
832 320 10 13 0.05441796 
776 416 8 11 0.054118954 
753 326 8 10 0.054059844 
749 400 8 10 0.05393007 
434 367 7 9 0.0536357 
902 405 9 11 0.05346833 
806 325 8 10 0.052972183 
953 351 8 11 0.052734196 
744 376 7 9 0.05199752 
951 357 8 11 0.051902313 
766 368 8 10 0.05178439 
941 546 11 14 0.051777396 
942 352 8 10 0.051736783 
958 422 10 13 0.0514274 
799 373 8 10 0.051276546 
955 670 12 17 0.05098413 
957 352 8 11 0.05096126 
1004 437 11 14 0.050517987 
720 478 9 12 0.05037295 
966 413 9 11 0.050333552 
776 333 8 12 0.05029457 
977 319 8 10 0.05027425 
704 304 8 10 0.050068904 
614 447 9 10 0.049974374 
777 478 8 11 0.049593743 
800 384 9 11 0.04951975 
755 366 8 10 0.049340263 
796 484 9 11 0.049201824 
985 365 9 11 0.0491673 
841 337 7 9 0.04914398 
734 313 7 9 0.048898615 
974 344 7 9 0.048664737 
1008 493 11 15 0.04857918 
946 423 9 13 0.048530713 
982 326 7 10 0.048517633 
857 380 9 11 0.04824135 
639 429 8 10 0.048093054 
663 442 7 8 0.048065815 
839 366 8 11 0.047929764 
776 351 7 9 0.04761788 
677 456 8 10 0.047605947 
646 463 8 9 0.047520813 
784 500 12 15 0.047286343 
905 563 13 15 0.046929702 
993 437 9 12 0.046877924 
886 481 9 12 0.046800256 
990 484 11 15 0.04645086 
1001 280 9 11 0.04638612 
880 303 10 12 0.04631993 
989 269 9 10 0.046026424 
724 454 9 11 0.04590567 
775 359 8 9 0.045863062 
821 344 8 9 0.04582041 
799 280 7 9 0.045758884 
939 604 14 16 0.04565743 
807 632 13 17 0.045571476 
842 351 7 10 0.04533299 
838 324 8 11 0.04529838 
814 500 11 14 0.04528724 
995 319 7 10 0.045220897 
981 310 8 10 0.045214616 
915 484 13 16 0.04516573 
688 518 10 14 0.04513727 
970 281 8 10 0.045083277 
786 404 8 11 0.045025777 
977 508 13 17 0.044844013 
802 413 9 12 0.0448415 
957 310 8 10 0.04461115 
498 287 7 10 0.044581875 
673 455 8 11 0.044538274 
722 473 8 9 0.04428305 
768 336 8 10 0.044131275 
367 361 7 10 0.0439877 
945 450 11 14 0.043794278 
966 489 11 13 0.04376388 
1008 519 11 15 0.04374055 
845 398 9 12 0.043668892 
918 421 9 13 0.043619387 
904 267 9 11 0.043597598 
1015 309 8 11 0.043506607 
729 312 8 10 0.043170005 
758 461 8 11 0.042980455 
362 366 8 9 0.04289866 
905 477 14 17 0.042768773 
824 248 7 9 0.042496786 
765 477 8 10 0.042486038 
728 560 9 12 0.04247699 
727 377 7 8 0.042470794 
854 444 10 13 0.042296804 
951 335 7 10 0.04228175 
744 448 8 9 0.04223675 
806 302 8 11 0.042190783 
818 263 7 10 0.04210811 
999 468 11 14 0.04189357 
1006 279 8 10 0.04170882 
799 455 8 10 0.041546836 
816 485 11 14 0.0413945 
716 319 8 10 0.041318182 
816 463 9 11 0.04125646 
813 514 11 14 0.041140605 
761 319 8 9 0.040803704 
969 403 11 14 0.04076459 
728 328 7 9 0.04072242 
912 574 12 16 0.040596437 
991 342 8 10 0.04053067 
609 457 9 10 0.040392645 
898 246 8 10 0.040320393 
767 400 8 10 0.040206984 
774 486 9 11 0.040205922 
1006 470 9 12 0.04019042 
945 342 8 10 0.03998214 
1000 312 9 10 0.039924204 
854 407 10 13 0.039922982 
596 312 8 10 0.039905094 
1004 597 12 14 0.03982056 
797 287 8 10 0.039751537 
758 328 7 9 0.039724916 
769 453 8 10 0.03967247 
830 468 9 11 0.039648935 
993 515 11 13 0.039487332 
857 336 8 10 0.039187554 
794 318 9 11 0.039085597 
726 381 8 9 0.038925085 
425 280 6 8 0.038923737 
911 268 9 11 0.038858753 
846 356 9 12 0.038770624 
753 514 10 12 0.03876964 
930 595 15 16 0.038743228 
805 341 8 10 0.038667284 
1014 498 9 14 0.038661428 
982 389 10 13 0.038557228 
1000 389 9 12 0.0385559 
927 325 10 11 0.03848427 
838 383 9 11 0.038467553 
917 492 11 14 0.038369767 
688 368 8 9 0.038346685 
441 344 7 9 0.038311817 
758 360 7 9 0.038271584 
1013 228 9 14 0.03825941 
929 350 8 11 0.038202964 
734 408 7 9 0.038089532 
906 584 15 18 0.038013972 
407 318 7 10 0.037970837 
754 384 8 10 0.03781332 
770 342 8 9 0.037759326 
912 375 10 12 0.037588894 
759 551 9 11 0.03753706 
847 271 8 10 0.037426013 
480 360 8 9 0.037376847 
400 233 7 9 0.03732983 
759 335 7 9 0.03729342 
488 345 6 8 0.037121154 
989 289 8 9 0.037105612 
845 365 10 12 0.036924526 
658 440 7 10 0.03669378 
1006 398 8 11 0.036692247 
790 400 8 10 0.036676634 
940 380 12 15 0.036658354 
713 415 8 9 0.03662054 
917 415 10 13 0.036585398 
445 368 7 9 0.03656669 
656 447 7 9 0.036366805 
808 493 11 14 0.036192965 
710 352 8 10 0.03604746 
757 486 11 13 0.036027506 
815 424 8 10 0.035982396 
916 469 11 14 0.0359468 
369 279 7 9 0.035896897 
821 264 8 9 0.035867054 
753 335 7 9 0.035864063 
377 273 7 10 0.03578516 
960 342 8 9 0.0357621 
745 320 7 8 0.03566692 
863 497 9 11 0.035583355 
769 486 9 11 0.03554803 
862 382 9 10 0.0355157 
746 403 8 11 0.035476804 
801 408 8 11 0.035444736 
965 386 11 14 0.03537125 
932 492 10 13 0.03515925 
506 345 6 9 0.035081193 
694 340 9 10 0.035022233 
824 329 7 10 0.034983896 
1015 461 9 13 0.03462302 
881 480 9 13 0.034550536 
703 454 8 10 0.034524787 
890 370 14 18 0.034477748 
817 479 10 13 0.03442951 
719 483 9 12 0.03438162 
975 262 8 10 0.03425291 
973 501 12 16 0.03416731 
718 327 8 9 0.034110125 
679 365 8 10 0.034108926 
734 318 7 9 0.034099437 
696 383 7 9 0.0339913 
919 561 19 24 0.033848375 
847 336 7 10 0.033803754 
873 334 8 10 0.03376507 
862 321 8 10 0.033760283 
976 626 11 15 0.03371686 
458 363 7 10 0.033690576 
842 272 8 10 0.033675946 
480 311 6 8 0.033607837 
789 591 47 56 0.03360492 
1016 358 8 12 0.03355668 
834 455 9 12 0.033543635 
831 503 11 14 0.03340966 
990 372 9 11 0.033338886 
1013 324 9 12 0.03330916 
712 317 9 11 0.033119403 
702 463 8 10 0.033061467 
711 293 10 11 0.032828096 
370 230 8 11 0.032809313 
719 335 7 9 0.032719795 
968 459 9 12 0.03260642 
919 525 10 12 0.032601353 
1001 532 13 16 0.032519694 
799 396 7 10 0.032517914 
885 268 9 11 0.032502413 
1007 312 8 10 0.0324687 
757 389 9 11 0.03243839 
718 295 9 11 0.03239106 
442 350 7 9 0.032315955 
761 312 7 9 0.032232467 
1008 318 8 10 0.03222658 
880 255 9 11 0.03213721 
752 304 7 9 0.03210301 
1008 366 9 11 0.031825695 
983 462 9 12 0.031800125 
854 343 7 10 0.031734418 
720 521 9 11 0.03173355 
896 239 9 11 0.031656604 
983 279 7 9 0.03165441 
919 505 12 15 0.031651247 
801 589 26 32 0.031650454 
735 334 9 11 0.031583615 
847 343 8 10 0.03147898 
917 366 9 11 0.03146289 
992 470 9 11 0.031283252 
726 486 9 12 0.031272557 
984 436 9 12 0.031266693 
990 600 11 15 0.031265367 
730 318 7 9 0.031229349 
701 520 10 13 0.031187112 
750 406 8 10 0.031173486 
860 375 10 12 0.031164693 
806 456 9 10 0.03115171 
656 453 9 11 0.031148462 
668 198 22 30 0.031098833 
881 417 9 12 0.031057736 
457 312 6 8 0.031035142 
447 349 7 9 0.03102031 
948 605 11 15 0.030937724 
461 353 7 8 0.030937165 
734 560 10 11 0.030824998 
928 341 9 12 0.030775985 
480 345 7 9 0.03074102 
1015 419 9 13 0.03073289 
815 252 7 10 0.03066144 
918 475 12 16 0.03061741 
997 410 11 14 0.03057464 
433 343 7 9 0.030547427 
831 368 9 11 0.030433258 
672 353 8 11 0.030404942 
345 233 8 9 0.030402629 
401 320 7 10 0.030316455 
794 336 7 9 0.030130414 
966 360 8 10 0.030128546 
744 327 8 9 0.030126138 
705 309 8 10 0.0299844 
812 588 22 27 0.029860977 
775 310 8 10 0.02983398 
647 254 9 12 0.02979499 
986 342 7 9 0.02977983 
697 374 8 10 0.029779444 
975 240 8 9 0.029671246 
968 319 7 9 0.029643273 
767 520 9 11 0.029592538 
941 520 10 13 0.029518439 
897 428 10 13 0.029488454 
781 542 10 13 0.029467678 
414 343 7 9 0.029465688 
824 309 8 10 0.029458849 
502 287 8 9 0.029246574 
991 389 11 13 0.029230462 
839 359 8 10 0.029203108 
1007 414 10 13 0.02915631 
857 362 10 13 0.029127944 
815 367 9 11 0.028992923 
985 431 8 11 0.028968368 
653 481 11 15 0.028942285 
682 406 8 10 0.02893878 
1013 468 10 14 0.02882176 
730 422 8 11 0.028791113 
818 391 8 11 0.028644223 
842 277 8 10 0.028609661 
881 268 9 11 0.028540615 
782 368 8 9 0.028537588 
935 375 9 12 0.028536972 
840 309 9 10 0.02853404 
997 583 12 15 0.028515976 
885 255 9 10 0.028515778 
1005 529 19 26 0.028372852 
929 563 12 15 0.028328495 
481 351 7 8 0.028310737 
911 528 10 13 0.028309327 
824 370 17 23 0.028222688 
896 590 12 14 0.028211173 
955 650 12 18 0.028171312 
473 289 7 9 0.027935637 
709 287 9 11 0.027838266 
968 312 7 9 0.027799862 
896 352 8 10 0.027781699 
694 465 10 12 0.027770173 
929 373 8 11 0.027734252 
675 220 13 15 0.027695637 
704 367 7 10 0.02766945 
375 247 7 10 0.027593201 
652 218 29 35 0.027572889 
1015 488 9 14 0.027559968 
765 319 7 9 0.027505333 
797 308 8 10 0.027474284 
753 342 8 10 0.02744704 
613 453 9 12 0.027443053 
383 272 7 10 0.027371502 
808 501 10 12 0.027273111 
973 605 10 12 0.027159598 
481 547 35 44 0.027028782 
833 359 8 10 0.027005685 
984 352 7 10 0.02697328 
725 449 7 9 0.026965763 
776 543 9 12 0.026836 
826 491 12 16 0.02680191 
871 328 10 12 0.0267906 
899 506 11 14 0.026755314 
154 271 124 115 0.02673447 
496 262 7 9 0.02672356 
806 423 8 10 0.026721848 
981 319 8 10 0.026693162 
744 295 8 9 0.026641326 
791 382 7 9 0.026556177 
854 350 8 10 0.026520614 
919 392 8 9 0.026490051 
522 352 7 9 0.026479354 
710 390 8 11 0.026457496 
786 240 6 9 0.026410624 
612 461 13 15 0.026400132 
335 238 7 10 0.026394084 
896 479 12 15 0.02637833 
758 350 7 9 0.026346592 
736 367 7 8 0.026335342 
614 466 18 23 0.026283817 
409 359 8 10 0.026259424 
777 389 7 9 0.02622433 
805 356 8 11 0.026141863 
832 424 16 22 0.026134105 
781 332 8 11 0.026120625 
721 375 7 10 0.026047273 
783 495 11 13 0.026030483 
769 359 8 9 0.026021251 
943 573 11 14 0.02600757 
681 516 10 14 0.025990797 
1013 385 10 14 0.02598189 
408 287 7 9 0.025980292 
431 360 8 9 0.025950275 
687 439 9 11 0.025932798 
1005 629 19 31 0.02585073 
969 349 9 11 0.02584606 
913 413 10 13 0.02581027 
487 305 8 9 0.025761947 
688 383 7 9 0.025753835 
400 345 8 9 0.025740456 
125 299 427 423 0.025699167 
919 558 12 14 0.025698673 
442 311 7 9 0.025686383 
384 248 7 9 0.025621252 
719 537 12 14 0.025620004 
465 239 8 10 0.025572805 
703 447 8 10 0.025571879 
829 545 11 16 0.025536578 
743 335 8 10 0.025452536 
721 366 8 9 0.025437094 
735 328 7 9 0.02539511 
1001 384 9 11 0.025343418 
592 305 8 9 0.025332311 
732 532 10 13 0.025260098 
871 471 8 10 0.025259728 
913 365 9 11 0.02524148 
831 387 10 12 0.02521582 
725 271 8 10 0.025215467 
862 270 8 9 0.02520326 
867 343 7 10 0.025150202 
974 367 8 10 0.025143811 
967 302 7 9 0.025114847 
293 254 7 10 0.025066774 
737 544 18 22 0.025039617 
989 293 8 10 0.025021136 
792 539 12 15 0.025014313 
896 421 10 13 0.024994075 
935 312 7 9 0.024890538 
944 404 10 14 0.024857264 
971 492 11 15 0.02478307 
784 375 8 9 0.024733933 
1001 262 9 11 0.024710057 
775 384 8 10 0.02469196 
712 408 7 9 0.02467824 
686 399 8 10 0.024647843 
831 414 10 12 0.024625484 
974 349 8 10 0.024604224 
416 238 8 10 0.024600375 
650 452 8 11 0.024598908 
802 422 8 10 0.024597695 
705 534 9 12 0.024594167 
974 392 9 12 0.024576867 
991 424 9 11 0.02455069 
816 327 8 10 0.02450278 
343 254 8 10 0.024461662 
997 498 10 14 0.0244572 
880 248 9 10 0.024418114 
425 352 8 9 0.0244113 
688 464 9 12 0.024372842 
793 431 7 10 0.02436501 
519 230 9 11 0.024352813 
480 364 9 12 0.024309903 
703 525 9 13 0.024264066 
777 460 8 11 0.024260813 
791 351 9 10 0.024185205 
751 470 9 11 0.024181312 
445 373 7 9 0.024159696 
753 279 7 9 0.024139822 
510 344 7 10 0.024106389 
822 269 9 10 0.024025105 
879 315 9 11 0.0240237 
864 252 10 12 0.023984853 
432 280 7 8 0.023983436 
698 406 7 9 0.02398222 
886 416 10 13 0.023957865 
1009 374 10 12 0.023918891 
990 585 12 16 0.023907566 
959 337 7 9 0.023899918 
693 326 10 12 0.023898816 
917 463 10 12 0.02388356 
708 558 10 13 0.023835383 
986 270 8 11 0.0238116 
835 522 12 15 0.023810865 
750 554 10 13 0.023792583 
463 313 6 8 0.02377273 
688 414 7 9 0.023730267 
857 438 10 13 0.023723915 
1015 454 9 12 0.02372276 
522 304 6 9 0.023715714 
639 461 9 11 0.023714254 
912 392 9 11 0.023666907 
969 327 7 9 0.02366295 
17 352 80 104 0.02364937 
944 387 11 14 0.023639502 
726 392 7 9 0.023604421 
672 416 7 9 0.023573356 
951 611 11 15 0.023572214 
335 247 8 10 0.023558488 
975 598 9 12 0.023530014 
673 432 7 9 0.02352911 
794 293 8 9 0.02350629 
967 438 8 10 0.023490217 
422 226 8 10 0.023432894 
793 281 8 9 0.023391927 
950 412 10 12 0.023379378 
433 337 7 9 0.023378137 
282 253 9 12 0.02337748 
696 495 9 12 0.023346182 
457 351 8 9 0.023344683 
760 288 8 9 0.023340344 
897 400 10 12 0.023316931 
737 469 8 11 0.023270579 
407 239 7 9 0.023223303 
854 424 9 11 0.023143169 
717 313 8 8 0.023126936 
791 492 19 22 0.023121323 
833 342 8 10 0.02309929 
448 312 6 9 0.023080284 
945 319 7 9 0.023043994 
927 332 12 14 0.023009196 
807 320 9 11 0.022996679 
409 344 8 10 0.022936547 
320 260 9 11 0.022902975 
741 500 11 12 0.022895094 
994 670 16 23 0.022859398 
864 591 19 24 0.022856673 
708 583 14 16 0.022848578 
661 453 10 13 0.022833904 
752 374 8 10 0.022811787 
692 474 11 13 0.022803288 
592 264 8 10 0.022793386 
806 367 7 10 0.022784855 
776 304 7 9 0.022670468 
970 645 19 28 0.022656173 
360 311 7 9 0.02262006 
479 207 9 11 0.022619236 
960 460 11 13 0.022606974 
702 374 7 10 0.022560246 
855 463 8 10 0.022506947 
999 526 12 15 0.02242945 
935 343 8 10 0.022355657 
919 274 11 12 0.022343319 
336 270 9 12 0.022302274 
856 391 9 11 0.022283444 
883 596 12 16 0.022265557 
823 445 9 13 0.022235136 
766 312 8 10 0.02214187 
545 336 6 9 0.022124697 
895 489 12 16 0.022110434 
969 343 8 10 0.022038303 
393 232 8 10 0.02201653 
847 439 9 12 0.022013228 
999 323 9 11 0.022011578 
650 448 8 10 0.021974925 
680 512 9 12 0.02197199 
720 526 19 23 0.021969248 
770 351 7 9 0.021935495 
783 350 7 9 0.021912368 
825 279 8 10 0.021895202 
951 487 9 13 0.021887459 
696 366 8 10 0.021877404 
896 332 9 12 0.02185928 
681 400 8 10 0.021850009 
809 310 8 9 0.021849243 
864 470 8 11 0.021809971 
941 596 14 18 0.021742694 
996 584 19 23 0.021722566 
671 465 18 23 0.021700269 
553 321 8 10 0.021692602 
1000 399 9 12 0.021649161 
729 287 8 9 0.021599451 
295 247 7 9 0.021592947 
377 342 8 11 0.021591954 
986 294 8 10 0.021507787 
837 374 9 11 0.021483013 
877 328 8 11 0.021471016 
696 534 9 12 0.021438565 
843 581 11 15 0.021412384 
959 407 9 12 0.021386635 
864 421 9 11 0.021373115 
657 384 8 10 0.021368409 
961 295 7 10 0.021330096 
1013 278 8 11 0.021302605 
637 453 9 13 0.02128754 
995 485 13 16 0.021275796 
765 560 14 15 0.02125182 
448 286 6 8 0.021177694 
567 312 8 10 0.021167282 
424 239 7 10 0.021128869 
489 232 8 10 0.021116931 
1006 404 9 13 0.02110822 
999 342 9 10 0.021086602 
947 312 7 9 0.021079602 
585 478 17 19 0.021070674 
850 246 8 10 0.021047434 
736 464 8 10 0.021019569 
921 334 9 11 0.021018706 
711 366 7 9 0.021017583 
928 531 11 13 0.02096889 
496 256 7 10 0.020928081 
880 374 10 12 0.020915134 
738 564 12 15 0.020914081 
840 231 8 10 0.020906454 
782 485 10 11 0.020895353 
672 438 8 10 0.020887084 
861 594 13 17 0.02087481 
998 475 12 14 0.020856153 
1006 342 8 9 0.020847373 
663 375 8 10 0.020843217 
961 494 17 23 0.020818083 
949 574 11 13 0.020791719 
997 432 18 24 0.020764714 
674 333 11 13 0.020755734 
859 326 8 11 0.020709531 
805 470 8 11 0.020701105 
825 594 12 16 0.020698907 
808 297 7 9 0.020688321 
417 280 6 8 0.020669093 
960 488 10 14 0.020668793 
417 286 7 8 0.020657051 
797 604 13 17 0.020612184 
931 498 11 15 0.02057777 
745 288 8 9 0.020547183 
353 341 8 10 0.020534746 
493 519 87 110 0.020524314 
695 312 8 10 0.020495575 
945 335 8 11 0.02049431 
974 358 9 11 0.020466952 
369 238 7 10 0.020461613 
935 546 13 17 0.020442145 
710 280 9 10 0.020423122 
377 295 7 10 0.020413283 
772 551 20 23 0.020395635 
1007 514 20 27 0.020385843 
847 231 7 9 0.020379027 
824 369 9 11 0.020375213 
381 348 9 11 0.020374687 
793 325 8 10 0.020364897 
1008 325 10 11 0.02034766 
920 304 8 10 0.020274987 
383 294 7 10 0.020266516 
726 460 9 11 0.020262614 
400 238 8 9 0.020261794 
530 310 6 8 0.020223672 
929 357 7 10 0.020217419 
376 303 7 9 0.020187631 
336 263 7 9 0.020124199 
801 326 8 9 0.02010204 
950 405 11 14 0.020071574 
960 304 7 9 0.020065187 
846 303 7 10 0.02002669 
