56_Voter_peoplevoting_56_118
41
282 93 91 118 0.9997327 
361 13 79 99 0.99067104 
107 7 60 62 0.96614957 
568 130 53 79 0.7131496 
668 67 40 50 0.4551932 
450 -1 46 69 0.4474681 
697 120 42 60 0.42077655 
658 84 64 86 0.3708191 
574 96 56 84 0.35232976 
586 245 112 101 0.18910803 
227 455 61 75 0.12431562 
72 417 109 102 0.08928284 
109 122 43 62 0.08719411 
813 -3 58 49 0.084250234 
589 82 89 112 0.076398864 
988 338 35 69 0.06681689 
525 223 187 220 0.055227607 
554 99 52 92 0.050119277 
423 -10 69 103 0.05004071 
435 154 323 403 0.04113877 
587 136 60 88 0.04086546 
247 441 86 101 0.039106358 
801 9 54 59 0.037411537 
943 424 86 158 0.037290458 
793 29 49 60 0.0356681 
843 -4 67 55 0.031730186 
525 21 33 39 0.03153512 
211 464 98 109 0.028285917 
911 14 117 181 0.027268596 
3 310 201 216 0.026997223 
404 6 56 82 0.026505416 
468 14 52 72 0.026342973 
108 118 76 99 0.023905199 
88 408 200 185 0.02286463 
304 58 88 116 0.021997174 
506 20 48 62 0.021857882 
36 383 124 109 0.021704577 
543 61 104 135 0.021283641 
42 431 37 38 0.020866737 
635 241 65 72 0.020297216 
513 15 32 42 0.02006959 
