30_Surgeons_Surgeons_30_554
46
853 223 52 64 0.95061123 
767 217 41 49 0.86862683 
515 232 31 41 0.802934 
61 0 289 275 0.6083886 
660 335 99 102 0.5833916 
43 283 49 55 0.4940577 
263 474 15 21 0.36059296 
209 228 61 76 0.26089182 
394 248 23 31 0.1576451 
910 584 110 137 0.101662196 
377 259 15 18 0.074717976 
873 242 40 47 0.06869088 
58 274 59 71 0.061245818 
642 340 70 78 0.060783364 
412 460 34 54 0.0578221 
274 473 16 18 0.045843802 
173 210 86 105 0.043922596 
37 303 38 41 0.042964395 
152 216 57 67 0.03988533 
203 225 30 53 0.039221514 
370 255 24 29 0.03905382 
185 10 162 176 0.038781226 
725 342 55 67 0.03861912 
294 474 48 50 0.03678457 
338 261 51 54 0.035833582 
29 19 195 168 0.034701467 
363 264 15 17 0.034033615 
391 255 17 21 0.033052146 
317 470 13 15 0.032268483 
38 290 32 36 0.02955266 
354 256 31 34 0.027803743 
775 201 55 70 0.027444085 
950 358 44 45 0.026824234 
130 245 52 66 0.0263056 
631 372 110 137 0.025419185 
439 488 37 40 0.02472763 
457 483 32 38 0.024684293 
226 209 54 70 0.023521585 
422 476 36 46 0.023014635 
325 282 17 17 0.022741621 
486 230 47 50 0.022305008 
422 455 46 53 0.021756934 
330 277 19 20 0.021576528 
889 265 33 41 0.021507157 
30 315 33 38 0.021062505 
890 260 19 25 0.020333935 
