30_Surgeons_Surgeons_30_911
24
572 415 142 178 0.989374 
350 492 85 110 0.37607747 
807 729 79 133 0.100087665 
830 328 18 23 0.09979247 
416 657 32 43 0.07301644 
753 387 17 22 0.066819504 
869 297 21 26 0.035192497 
764 295 10 13 0.035009403 
335 435 35 39 0.030480912 
568 318 14 16 0.030237552 
524 767 45 63 0.028366655 
762 410 16 20 0.028242784 
449 653 34 41 0.027913123 
407 343 52 63 0.027005918 
210 838 242 247 0.024619237 
611 454 82 102 0.024369936 
753 393 24 31 0.024128757 
794 324 16 21 0.023362942 
841 384 24 32 0.023175705 
868 656 26 36 0.0222791 
818 414 32 40 0.022112211 
795 315 25 32 0.021975698 
558 327 14 18 0.021039115 
330 536 101 146 0.020276122 
