30_Surgeons_Surgeons_30_122
23
277 302 37 46 0.91877913 
526 295 34 36 0.79691553 
255 265 28 45 0.72231287 
129 311 40 53 0.4486784 
850 433 36 34 0.24985328 
741 280 33 34 0.10014863 
218 271 33 41 0.07854646 
105 326 43 48 0.06969715 
729 268 23 33 0.055805925 
502 348 33 38 0.053705927 
812 410 42 52 0.04576869 
304 340 45 70 0.036735993 
231 269 40 47 0.035369907 
967 425 57 66 0.032559153 
832 418 47 44 0.02974813 
860 544 34 38 0.028250026 
266 268 15 22 0.0276955 
149 311 35 55 0.02457893 
196 350 48 58 0.024321143 
926 370 46 56 0.023993328 
270 291 73 102 0.02168106 
849 451 37 37 0.020955993 
264 274 41 58 0.020805025 
