30_Surgeons_Surgeons_30_95
69
763 223 59 91 0.99334586 
561 160 39 46 0.9292789 
597 202 61 61 0.90738535 
357 196 57 66 0.5506018 
742 620 47 41 0.42217773 
573 168 42 55 0.22220637 
626 191 58 58 0.13025223 
317 171 49 63 0.11859565 
763 598 58 54 0.11394608 
448 402 53 56 0.07488301 
375 182 49 63 0.066393755 
648 181 48 57 0.065560184 
167 185 15 22 0.061219558 
96 366 10 13 0.061112106 
464 72 50 45 0.060559746 
207 28 115 119 0.059915327 
238 6 117 108 0.05937591 
331 194 58 69 0.052618455 
791 228 66 81 0.051370718 
45 634 42 46 0.047778703 
31 355 10 16 0.047532156 
215 189 9 13 0.046773918 
18 337 15 20 0.04656391 
803 227 96 112 0.04402485 
211 329 13 18 0.04397421 
588 181 39 48 0.043761384 
473 411 47 54 0.043341555 
34 451 12 15 0.04263734 
831 434 128 164 0.040254105 
719 613 107 79 0.03677673 
731 196 30 32 0.036055926 
795 543 46 63 0.03583267 
168 167 8 11 0.034940783 
29 342 10 15 0.03424607 
762 120 16 22 0.03374569 
89 366 8 11 0.03234481 
422 386 57 59 0.031507894 
114 322 13 18 0.03027852 
472 71 28 30 0.029377682 
9 329 26 32 0.029183662 
163 238 11 14 0.027959866 
834 166 19 21 0.027323088 
786 586 56 61 0.027045492 
254 189 10 13 0.027009329 
312 167 34 47 0.026692467 
39 291 475 522 0.02612349 
426 403 17 21 0.026044786 
417 395 32 37 0.025454339 
758 632 39 40 0.02521351 
0 319 39 54 0.025040394 
740 203 17 17 0.024789145 
10 623 46 49 0.024599936 
180 180 12 15 0.024537824 
180 188 11 14 0.02452862 
331 0 38 26 0.02417922 
679 239 416 436 0.023725186 
569 150 26 34 0.023593696 
39 374 10 13 0.023544328 
182 156 25 28 0.023321396 
45 643 14 20 0.022805154 
578 111 13 17 0.022687424 
751 246 8 12 0.022505341 
182 170 13 16 0.022336924 
872 195 12 16 0.022212755 
81 367 8 10 0.021605423 
68 366 10 12 0.021025095 
301 186 11 15 0.020848744 
15 311 202 261 0.020827506 
746 577 95 98 0.020566236 
