30_Surgeons_Surgeons_30_107
33
683 311 204 216 0.9997894 
524 813 116 93 0.9035082 
287 69 24 30 0.19391705 
721 949 182 242 0.17681615 
292 388 151 181 0.1641687 
509 590 12 13 0.13490662 
535 921 117 120 0.1331709 
430 603 15 18 0.0806749 
-45 813 341 442 0.07968755 
795 348 148 166 0.074558035 
501 776 177 173 0.0730443 
171 191 97 133 0.06341132 
211 380 122 158 0.04964234 
438 600 12 14 0.03736872 
368 118 9 10 0.033290695 
458 632 16 20 0.033165198 
192 224 217 302 0.03232466 
417 29 126 117 0.030580105 
443 601 13 18 0.029102787 
507 589 19 24 0.02842015 
153 591 344 461 0.028077899 
183 135 11 14 0.027768003 
276 694 43 52 0.027730174 
379 77 11 14 0.027192986 
156 63 10 12 0.025251605 
697 385 32 35 0.02429775 
70 925 170 245 0.023533538 
620 335 207 257 0.02320404 
69 709 320 487 0.02252438 
560 583 9 11 0.022317985 
524 847 137 144 0.020852245 
498 832 75 74 0.020522123 
99 350 25 35 0.020140832 
