30_Surgeons_Surgeons_30_256
21
321 440 142 154 0.991835 
430 45 121 116 0.9878776 
658 470 143 140 0.87121946 
688 194 146 128 0.3886662 
343 292 133 134 0.2724523 
266 259 188 138 0.11475223 
666 126 208 236 0.09494071 
328 265 197 254 0.06661236 
255 238 131 99 0.056988534 
785 119 58 58 0.042887047 
766 107 92 108 0.03994784 
506 204 73 71 0.038825776 
595 99 433 427 0.029366143 
722 206 27 36 0.027535085 
387 80 385 412 0.026089616 
697 226 86 70 0.02579451 
19 36 175 182 0.025724778 
681 491 87 84 0.022116262 
387 319 82 85 0.020887893 
467 384 66 73 0.020783277 
31 10 114 121 0.020254718 
