53_Raid_policeraid_53_54
36
643 172 61 82 0.99873847 
354 169 36 41 0.99541795 
668 131 24 30 0.3541924 
172 171 30 32 0.34728158 
125 176 27 31 0.3237153 
137 184 16 19 0.17658865 
187 160 23 36 0.1619932 
149 164 23 32 0.14193505 
51 168 33 38 0.12766394 
68 169 31 33 0.10737526 
133 167 27 35 0.06578891 
171 188 29 32 0.06060027 
310 179 13 18 0.058100954 
148 185 11 16 0.054847516 
642 99 14 18 0.05479684 
300 284 25 31 0.039454814 
297 187 24 29 0.03636749 
539 475 14 21 0.032523353 
284 327 13 16 0.032296836 
35 169 31 37 0.031664703 
162 177 20 22 0.031422924 
198 149 23 38 0.031006902 
169 181 21 22 0.030809427 
853 682 15 18 0.027381148 
127 153 26 34 0.026956044 
171 201 30 37 0.026699208 
670 118 13 16 0.026548848 
120 180 14 16 0.02651911 
623 77 12 15 0.025017366 
658 127 43 50 0.024858415 
745 538 30 31 0.023739172 
61 176 15 19 0.023032434 
676 157 405 480 0.022594778 
196 272 15 20 0.022424147 
665 116 26 34 0.02060313 
652 101 13 16 0.020054163 
