53_Raid_policeraid_53_256
49
572 120 72 75 0.99064773 
644 87 65 76 0.9744743 
970 93 46 67 0.9388955 
835 126 43 74 0.9072103 
91 36 38 66 0.6218202 
795 241 29 47 0.15938576 
380 103 48 60 0.15088253 
830 190 26 40 0.1456731 
751 55 22 31 0.14345329 
757 201 34 38 0.112233244 
623 99 59 66 0.10482876 
406 77 33 37 0.092839025 
929 128 50 68 0.092329144 
951 112 45 66 0.07472953 
377 100 24 40 0.05304945 
811 131 50 73 0.04744296 
647 545 28 28 0.045950055 
663 3 28 28 0.042181335 
391 82 50 59 0.04174547 
751 190 29 38 0.04018353 
991 101 36 61 0.03976133 
748 138 43 57 0.037753325 
152 271 10 13 0.032181073 
708 134 46 62 0.030280352 
746 50 37 52 0.030132094 
535 104 49 67 0.029990515 
510 33 58 75 0.02912577 
764 146 53 60 0.029031757 
418 65 49 56 0.028910253 
396 96 62 67 0.028156172 
345 358 32 36 0.02811807 
811 197 43 53 0.027614987 
432 98 54 61 0.02660002 
823 246 47 61 0.026493432 
29 35 42 64 0.026473934 
366 280 25 31 0.02587504 
777 226 41 56 0.025550477 
810 169 43 60 0.024320627 
332 352 16 19 0.023340922 
455 102 51 69 0.022686845 
829 91 15 21 0.022529002 
822 90 15 20 0.022228587 
402 58 80 93 0.02140201 
841 203 16 25 0.021397077 
819 85 26 32 0.020979313 
788 261 29 48 0.020836068 
885 122 81 94 0.020631148 
447 78 49 63 0.020164398 
280 381 44 63 0.020122774 
