53_Raid_policeraid_53_340
20
555 114 50 56 0.9954875 
461 45 38 47 0.99209774 
903 53 24 29 0.13020842 
631 137 50 61 0.08478476 
384 171 18 24 0.058626 
479 205 35 30 0.05389055 
419 167 22 31 0.043033388 
154 392 59 59 0.04088199 
596 112 16 21 0.03441049 
605 426 495 392 0.033428717 
601 150 26 36 0.0314752 
67 223 16 18 0.029037904 
907 46 16 21 0.027483229 
-65 192 406 431 0.026331406 
616 151 97 107 0.023114936 
461 195 52 59 0.022722952 
573 315 16 18 0.022598205 
494 211 21 20 0.02161505 
662 178 105 104 0.021031043 
585 109 31 38 0.020824885 
