53_Raid_policeraid_53_178
47
883 274 35 44 0.9173641 
616 121 56 79 0.7966104 
1 169 27 38 0.2604013 
139 262 29 33 0.19970453 
862 279 39 45 0.14276126 
137 397 58 85 0.12751234 
131 256 25 35 0.11209275 
990 102 10 13 0.10151935 
576 124 70 80 0.096389376 
641 108 35 65 0.089131184 
391 274 38 53 0.07192864 
464 334 70 88 0.06763539 
172 333 29 46 0.056673095 
804 578 50 70 0.04793566 
694 209 113 144 0.04652352 
329 363 29 30 0.045373518 
66 290 15 20 0.038890444 
224 332 10 13 0.038466264 
935 405 30 34 0.03694972 
340 364 33 37 0.036732495 
848 449 62 69 0.034995057 
230 299 10 15 0.034696333 
543 106 57 87 0.034062188 
670 528 71 51 0.03362088 
152 268 20 24 0.033248756 
71 277 11 14 0.032470413 
605 142 42 53 0.031072108 
977 94 10 12 0.030932033 
688 159 193 230 0.030119387 
174 282 13 18 0.028536214 
881 441 37 36 0.027717143 
982 88 9 12 0.0268327 
985 101 10 12 0.02658573 
283 286 14 18 0.025883172 
124 272 31 42 0.024420686 
1001 93 8 11 0.02439225 
1000 89 8 10 0.02389607 
205 285 10 13 0.023603337 
709 -89 430 445 0.022666236 
923 288 80 117 0.021283234 
452 347 106 117 0.020913707 
139 274 32 38 0.020894442 
253 325 14 18 0.0208361 
406 273 45 55 0.020768108 
945 206 16 21 0.020464731 
126 259 15 24 0.020375866 
197 291 11 14 0.020295445 
