53_Raid_policeraid_53_597
39
456 178 220 293 0.9999523 
49 175 43 59 0.2456036 
636 731 106 130 0.21814702 
268 817 228 277 0.18381019 
993 809 20 24 0.099465504 
431 864 18 22 0.081403136 
188 636 358 507 0.07756807 
260 470 12 16 0.07715531 
575 670 161 241 0.07651624 
714 791 17 21 0.06789102 
877 680 99 135 0.0675568 
252 497 16 20 0.045063466 
175 547 26 32 0.04091944 
529 961 106 92 0.040058993 
530 109 50 63 0.03989172 
-2 870 27 52 0.03771884 
212 497 12 16 0.036939565 
251 505 15 21 0.034871902 
511 -43 403 515 0.03455413 
659 648 407 409 0.03438988 
919 722 60 84 0.0327488 
704 350 18 22 0.030409968 
399 687 364 476 0.028569127 
794 770 118 147 0.027676418 
225 337 14 19 0.027130604 
755 732 200 227 0.026440086 
285 867 138 160 0.026369117 
245 498 15 19 0.024047572 
597 1007 54 64 0.022683552 
259 494 16 21 0.022126682 
1003 789 20 32 0.021914497 
237 511 15 19 0.02157601 
833 701 108 130 0.021541875 
946 793 16 24 0.021527141 
226 162 14 19 0.021027654 
998 751 26 37 0.020929536 
685 1065 17 17 0.020832844 
449 889 53 80 0.02080739 
25 905 25 33 0.020107903 
