53_Raid_policeraid_53_854
38
844 390 28 33 0.96993536 
707 280 17 22 0.21171445 
413 672 12 14 0.1614398 
825 524 76 57 0.12608047 
730 226 30 38 0.092572376 
598 264 27 50 0.06917853 
796 549 12 17 0.068229586 
626 279 32 32 0.06486775 
699 525 18 20 0.06293463 
821 100 10 13 0.06057829 
812 404 13 17 0.043138623 
816 529 119 87 0.03958295 
724 219 47 64 0.0386403 
822 532 38 35 0.038305808 
596 583 28 39 0.036925007 
689 528 29 30 0.035649374 
713 539 15 18 0.030548226 
615 271 31 38 0.030464886 
874 588 39 37 0.029998098 
814 537 239 284 0.028765796 
647 268 27 33 0.02763666 
677 527 50 57 0.027457051 
848 502 65 68 0.02714035 
702 532 25 28 0.027076242 
816 95 11 14 0.026749464 
445 258 13 18 0.026711749 
695 265 39 51 0.025833795 
866 393 16 21 0.025526274 
681 538 30 37 0.024458405 
806 188 13 17 0.022806527 
828 392 31 32 0.022411427 
590 560 32 43 0.022206813 
812 398 23 28 0.022190606 
824 270 28 37 0.021970162 
578 316 14 15 0.021568038 
695 282 13 17 0.021443011 
547 355 17 23 0.02093232 
873 423 24 27 0.0208166 
