53_Raid_policeraid_53_686
18
373 309 63 81 0.99948597 
632 305 56 84 0.99807537 
160 224 81 113 0.9903413 
786 156 50 99 0.58012676 
797 157 79 109 0.09241295 
677 308 45 67 0.059746888 
829 136 69 101 0.036668777 
151 110 58 71 0.03594375 
41 634 41 62 0.030877706 
470 64 12 15 0.03059671 
552 66 15 17 0.029485587 
793 106 66 89 0.025831439 
532 303 16 22 0.024478834 
539 300 15 21 0.024354836 
521 294 22 31 0.02391675 
160 93 38 43 0.02341471 
1000 466 12 18 0.02236569 
502 140 28 32 0.021867149 
