53_Raid_policeraid_53_43
35
766 89 49 56 0.9980533 
654 39 31 37 0.997954 
470 123 38 41 0.9979062 
617 127 42 58 0.9869741 
90 92 35 37 0.9858436 
264 129 36 40 0.779359 
356 127 21 32 0.21368375 
14 211 11 16 0.1410012 
209 274 43 43 0.13200156 
147 200 55 74 0.10383277 
338 126 16 24 0.06852004 
495 281 41 55 0.061246216 
259 104 47 57 0.047350295 
344 122 24 33 0.044617258 
322 201 24 34 0.040669087 
648 138 48 54 0.036654208 
673 140 39 49 0.030055989 
363 140 16 22 0.02909493 
296 374 26 31 0.028932484 
359 202 41 52 0.02573706 
166 219 49 68 0.025549298 
328 129 23 29 0.025376039 
231 181 52 72 0.02468665 
0 286 11 18 0.023934249 
273 146 34 43 0.023478352 
511 278 29 38 0.023449142 
175 160 30 34 0.02312977 
370 136 15 21 0.022313746 
393 437 43 34 0.022217631 
861 765 11 13 0.022142056 
497 309 34 42 0.021484312 
5 0 33 31 0.021232428 
525 771 11 12 0.02089629 
808 91 30 43 0.020797003 
246 157 52 75 0.020780534 
