53_Raid_policeraid_53_107
22
230 98 33 44 0.99605834 
853 306 39 34 0.52784294 
868 299 29 33 0.1979865 
425 242 89 105 0.16500786 
139 116 12 15 0.1480749 
512 292 12 15 0.087103024 
240 85 26 38 0.08077352 
360 320 38 49 0.05146797 
927 594 44 47 0.04560018 
834 421 53 42 0.044197064 
535 272 46 60 0.04304163 
149 116 10 12 0.037884865 
761 424 16 17 0.031183131 
209 110 32 34 0.030492494 
508 281 21 29 0.028737325 
250 85 16 23 0.028566746 
573 301 10 14 0.02848888 
295 422 12 15 0.02726251 
617 436 12 16 0.026897011 
153 114 8 10 0.025282983 
993 319 11 13 0.023419917 
881 292 25 34 0.023066597 
