53_Raid_policeraid_53_6
32
944 229 22 36 0.95863384 
780 281 25 37 0.90836835 
383 244 22 27 0.8327793 
972 232 23 33 0.7332044 
568 226 24 27 0.3818079 
551 269 22 28 0.3276464 
841 361 16 26 0.27290073 
547 284 18 21 0.23225929 
587 233 14 22 0.1397497 
580 230 16 22 0.12799421 
632 253 12 17 0.099005595 
958 234 30 35 0.0646672 
700 278 15 20 0.06169354 
768 277 27 35 0.05820754 
732 282 16 21 0.053244796 
555 261 16 24 0.04965067 
560 266 17 23 0.04437897 
777 274 21 26 0.039275482 
567 266 22 29 0.0370895 
844 366 25 29 0.036764 
837 98 25 25 0.03532249 
561 276 16 22 0.034031156 
793 436 10 12 0.028532483 
577 271 18 21 0.028221942 
724 287 17 20 0.027386611 
874 100 16 19 0.026634077 
796 387 10 13 0.02567628 
1006 238 17 34 0.024135124 
353 521 14 18 0.024042966 
934 218 39 52 0.022802752 
351 519 24 30 0.021937303 
945 236 33 43 0.021708215 
