53_Raid_policeraid_53_92
41
712 261 28 38 0.99919945 
644 288 27 34 0.99304926 
501 224 32 50 0.9855466 
296 479 10 13 0.08115066 
468 291 29 34 0.064498335 
397 218 12 15 0.053329278 
587 236 11 14 0.050136577 
745 315 13 16 0.0500883 
397 228 11 14 0.049837217 
108 236 14 17 0.04875577 
135 221 8 11 0.048521005 
544 303 11 13 0.042999465 
244 438 9 12 0.039901804 
737 344 50 46 0.03946222 
587 287 13 16 0.038757242 
410 201 26 31 0.03871708 
273 474 13 16 0.035777748 
38 417 43 58 0.03538954 
482 217 32 38 0.034508884 
400 206 26 32 0.034471527 
374 416 10 12 0.03286338 
473 224 30 37 0.032604784 
706 320 18 21 0.02795747 
544 274 12 14 0.027199384 
406 201 17 21 0.026422836 
312 479 9 12 0.026348662 
15 271 9 12 0.025683187 
608 261 12 16 0.024241706 
636 294 20 23 0.024064664 
632 296 13 18 0.023820587 
584 232 11 13 0.023406457 
424 202 16 20 0.02314819 
391 210 24 28 0.023120685 
136 260 9 13 0.022739073 
293 455 12 15 0.022112504 
263 487 9 11 0.022107331 
358 207 26 31 0.021623688 
301 484 9 11 0.02151945 
396 236 12 16 0.02099223 
682 367 16 20 0.02009304 
531 217 12 16 0.020026254 
