53_Raid_policeraid_53_736
75
376 176 36 43 0.93386304 
491 185 39 49 0.58682907 
150 348 23 28 0.2798928 
277 207 28 35 0.2608185 
120 226 27 32 0.19956096 
614 309 47 58 0.18157907 
190 231 30 33 0.13230418 
476 192 44 54 0.07877192 
78 323 24 27 0.07642145 
186 233 20 24 0.06947523 
154 209 16 19 0.06946055 
171 245 24 31 0.061068192 
252 242 27 36 0.060732886 
459 198 40 52 0.049181357 
207 211 10 13 0.048260033 
213 221 12 17 0.04824046 
264 216 39 52 0.045872703 
108 218 28 34 0.045116134 
308 495 25 34 0.04446419 
106 212 15 18 0.042511843 
656 371 50 72 0.042352084 
229 247 17 20 0.042079482 
103 215 22 29 0.040835023 
257 243 17 21 0.040689416 
690 188 9 11 0.03802601 
743 553 14 17 0.037205443 
310 322 15 20 0.036968336 
83 336 17 19 0.036943473 
414 277 14 19 0.036480553 
344 447 10 12 0.03379311 
259 326 16 19 0.031737495 
88 325 16 19 0.031713195 
80 278 24 30 0.03160015 
162 267 24 30 0.031561058 
90 357 14 17 0.03139357 
200 220 22 30 0.031383026 
579 450 14 17 0.03099215 
101 224 14 19 0.030082496 
77 281 15 19 0.029310144 
194 226 19 22 0.029272735 
276 284 39 51 0.02913008 
105 233 28 30 0.028879449 
622 614 8 10 0.028710023 
448 211 32 43 0.028688064 
820 321 54 66 0.028408749 
91 292 15 18 0.027831666 
130 232 25 33 0.027577672 
603 299 36 45 0.02622948 
289 204 33 41 0.026032526 
79 268 11 16 0.025989857 
132 219 15 21 0.025733521 
216 242 25 30 0.024814274 
170 261 18 22 0.02478579 
308 310 24 30 0.024687408 
92 288 29 32 0.02393951 
336 240 18 18 0.023598969 
220 289 17 20 0.023155548 
195 218 16 20 0.02315356 
392 185 33 44 0.023108708 
255 239 14 16 0.023085209 
139 244 23 29 0.023035495 
157 277 26 35 0.022942513 
628 330 43 48 0.022562921 
439 340 14 15 0.022510301 
121 319 26 30 0.022482358 
154 254 27 31 0.022212453 
358 438 10 12 0.021941664 
723 515 13 14 0.021859098 
119 209 27 35 0.021455288 
190 219 14 17 0.021189056 
703 240 11 13 0.02117 
208 230 18 23 0.021044565 
95 226 12 18 0.02070339 
181 239 16 21 0.020499332 
119 244 29 33 0.020394607 
