53_Raid_policeraid_53_674
67
843 64 33 38 0.98245806 
69 58 28 29 0.9765887 
279 54 55 61 0.97322065 
499 63 44 51 0.97221136 
638 92 26 30 0.9139549 
173 97 12 15 0.5414062 
162 100 14 17 0.5101261 
119 102 11 14 0.17187816 
687 132 13 17 0.1313359 
356 110 26 31 0.12447278 
128 95 9 12 0.12058075 
353 103 17 18 0.10507585 
126 99 11 15 0.10237945 
174 86 9 12 0.08681266 
179 95 12 18 0.06792525 
118 92 10 13 0.062153414 
654 294 17 21 0.05934821 
158 110 13 16 0.059051316 
897 104 8 10 0.055118393 
131 98 12 15 0.052980028 
347 105 27 29 0.05103378 
91 90 12 15 0.046495877 
153 106 13 17 0.045609888 
681 127 23 27 0.044045277 
651 84 16 23 0.04380078 
363 98 15 17 0.04334725 
452 108 11 13 0.042088114 
166 95 14 19 0.039076224 
198 94 41 50 0.03859119 
445 101 13 16 0.03704402 
370 99 15 18 0.036392298 
434 96 15 19 0.03587614 
547 124 20 22 0.035431094 
902 109 11 13 0.034898758 
45 203 46 71 0.034616254 
81 47 10 12 0.03327193 
212 99 14 19 0.033124227 
197 98 13 16 0.033077963 
176 115 10 13 0.03281688 
901 103 10 12 0.031929333 
112 88 11 13 0.030653678 
345 109 12 16 0.03023539 
362 105 18 19 0.029191187 
79 77 26 32 0.028139953 
325 128 15 18 0.027384782 
121 95 19 23 0.026550027 
839 404 10 12 0.025946954 
542 123 13 15 0.025921622 
172 104 13 17 0.02589107 
194 96 25 29 0.025560763 
380 101 11 15 0.02534022 
648 101 18 23 0.025321694 
430 93 13 18 0.02521754 
446 118 14 16 0.025046691 
132 228 29 39 0.024830129 
223 404 46 53 0.024797492 
303 67 54 60 0.024638612 
356 95 15 17 0.02450718 
660 79 10 14 0.024243291 
205 97 16 20 0.02422227 
693 127 11 14 0.02414026 
660 122 13 15 0.023881732 
113 88 21 26 0.022734975 
127 89 9 12 0.021395499 
476 378 16 17 0.02122607 
112 98 14 18 0.020850973 
90 65 14 19 0.020739196 
