36_Football_Football_36_23
48
382 94 56 67 0.99955696 
736 54 56 73 0.9994123 
227 54 55 75 0.99916136 
600 46 61 82 0.9908228 
547 117 28 35 0.7880181 
71 0 23 25 0.42783672 
140 5 20 24 0.4072098 
565 25 18 22 0.3310419 
180 25 19 22 0.29880244 
369 12 19 23 0.29505828 
228 -1 52 56 0.26371908 
83 33 18 23 0.24042642 
361 13 29 38 0.17953852 
303 -1 27 25 0.17708251 
27 55 25 32 0.15784696 
801 13 19 23 0.12212414 
224 27 54 70 0.102453284 
494 34 17 22 0.07888163 
73 8 27 32 0.06815671 
640 5 30 36 0.05981996 
963 120 25 28 0.05269607 
14 114 34 40 0.05139055 
424 522 33 41 0.05040875 
349 20 36 48 0.043396804 
850 74 26 31 0.0415558 
10 0 29 29 0.040108465 
58 -2 29 31 0.03891111 
428 443 29 37 0.033736933 
954 101 41 48 0.030886494 
615 16 61 85 0.030249558 
554 74 17 21 0.029048648 
148 7 25 33 0.02841295 
195 42 43 62 0.027581468 
446 35 23 31 0.026494065 
207 1 49 55 0.025276287 
169 8 28 36 0.024593936 
485 3 17 20 0.024310684 
541 82 42 58 0.024137583 
934 114 27 33 0.024134189 
660 0 29 35 0.022393005 
413 2 27 33 0.021645773 
172 13 42 54 0.021279931 
819 77 23 29 0.021086065 
996 209 18 23 0.021063957 
556 54 11 14 0.020741837 
63 13 42 49 0.02069042 
552 36 72 102 0.020374285 
135 2 17 22 0.020311827 
