36_Football_Football_36_110
36
506 145 32 37 0.999752 
290 158 34 45 0.99970514 
815 157 31 41 0.9996761 
781 271 36 46 0.9989195 
715 121 31 40 0.99886596 
130 316 37 44 0.9988508 
506 333 33 39 0.9986511 
78 156 34 42 0.9983936 
603 138 33 42 0.9983113 
383 306 33 42 0.998295 
398 151 34 39 0.99818367 
636 292 37 45 0.99772125 
222 311 36 44 0.9963013 
179 151 38 43 0.9949477 
1001 70 11 12 0.07249108 
605 15 9 11 0.069431126 
456 454 23 29 0.06698625 
602 16 8 11 0.059821 
638 14 8 10 0.052238453 
663 289 24 34 0.04186878 
491 355 16 20 0.039196797 
653 9 8 10 0.033077348 
624 13 9 12 0.031990383 
1003 74 11 14 0.029694228 
553 15 8 10 0.028982148 
622 21 9 11 0.027495135 
541 6 8 10 0.026555732 
588 36 10 11 0.02645176 
592 7 9 10 0.026154501 
566 24 10 12 0.02568501 
213 44 9 12 0.02497926 
492 342 25 33 0.023940857 
360 459 57 50 0.023329925 
557 14 9 10 0.023147497 
223 8 8 9 0.020457668 
624 8 9 11 0.020433344 
