36_Football_Football_36_157
634
739 218 31 34 0.99767536 
607 240 27 32 0.9954591 
48 128 23 29 0.99474573 
869 85 20 26 0.99251634 
606 141 24 29 0.99233186 
755 118 18 22 0.9909031 
163 201 21 27 0.9881462 
964 138 17 22 0.9874391 
876 171 20 26 0.9864764 
285 133 17 23 0.98494256 
95 238 24 27 0.9839851 
91 107 15 18 0.98107177 
564 104 21 26 0.9807725 
498 246 24 30 0.98042876 
662 252 21 26 0.980045 
786 56 19 24 0.9749052 
41 256 22 26 0.9719268 
508 175 20 25 0.9712777 
581 185 23 28 0.9710949 
978 198 16 24 0.9685324 
74 195 21 27 0.9684286 
541 26 21 27 0.9666853 
144 96 18 22 0.96575856 
846 50 19 23 0.96381783 
546 192 17 22 0.9635776 
344 133 20 26 0.96334946 
493 6 19 24 0.9628302 
178 93 18 23 0.9617456 
150 150 21 25 0.96150666 
233 77 19 22 0.9607584 
339 103 19 23 0.9604027 
614 75 21 25 0.958288 
392 82 20 23 0.95715874 
479 120 21 24 0.9547589 
907 217 22 28 0.9542565 
907 168 19 22 0.953584 
425 261 21 27 0.9499901 
115 200 18 22 0.9479446 
855 0 20 22 0.9451893 
461 33 21 26 0.944147 
535 74 21 27 0.9416646 
579 6 21 23 0.9400334 
0 181 20 28 0.93987846 
898 24 19 26 0.93954253 
544 107 19 24 0.93870777 
119 110 19 23 0.9365817 
184 183 22 26 0.9350963 
984 247 22 26 0.93472385 
229 173 19 23 0.9320215 
431 345 27 38 0.9306184 
579 84 18 23 0.9296488 
248 117 17 23 0.92923 
303 159 19 23 0.9266161 
157 176 20 25 0.92584854 
361 114 17 22 0.9255672 
970 24 17 22 0.9208071 
411 140 18 22 0.9190466 
144 270 17 24 0.91606814 
632 188 24 28 0.91566503 
113 134 19 26 0.91314346 
334 179 20 25 0.9119435 
666 31 21 26 0.9052486 
390 196 34 34 0.89793897 
903 103 18 24 0.8951458 
890 131 16 19 0.8888577 
432 217 20 26 0.88822967 
898 83 22 27 0.8801302 
897 192 17 21 0.8789941 
814 109 15 19 0.8721885 
234 247 29 33 0.86947167 
565 133 18 23 0.8656565 
833 108 16 20 0.8442973 
246 196 18 19 0.84427005 
336 43 19 23 0.8413269 
348 5 17 19 0.83804536 
197 0 19 20 0.8276284 
515 51 19 24 0.82606506 
516 145 19 22 0.82316434 
230 235 28 34 0.8230379 
415 7 23 27 0.81790495 
787 172 24 30 0.81756115 
293 92 19 22 0.81686413 
273 42 18 21 0.81540626 
424 98 19 21 0.8048992 
382 128 17 21 0.7968134 
299 219 20 23 0.7961652 
614 41 21 23 0.78833246 
413 53 16 19 0.7865577 
552 103 22 29 0.78364587 
44 186 19 22 0.76489735 
524 110 20 23 0.7582148 
15 117 20 25 0.74960417 
407 120 17 20 0.74178565 
642 -1 19 18 0.73776966 
942 95 14 19 0.7283652 
356 175 19 22 0.7188905 
489 88 16 20 0.71161973 
229 128 16 18 0.70027226 
87 132 21 27 0.69874275 
873 215 23 32 0.69844735 
79 153 18 23 0.6854881 
102 169 20 23 0.65892243 
455 104 15 18 0.65081507 
319 78 22 25 0.64670205 
853 187 15 19 0.6227792 
851 165 16 22 0.61794806 
781 110 18 22 0.61679065 
483 358 17 21 0.59103775 
0 144 14 20 0.58842665 
585 159 18 22 0.56938505 
441 165 19 22 0.5550255 
819 18 14 17 0.5336398 
932 173 20 26 0.49317023 
149 49 16 18 0.4907471 
249 153 17 19 0.43731347 
216 158 17 20 0.43550366 
966 98 12 16 0.38851818 
142 198 20 26 0.38730934 
81 141 20 27 0.37504363 
300 120 20 24 0.3679791 
667 172 15 20 0.36271316 
265 26 16 19 0.35869965 
412 64 17 21 0.354754 
954 193 15 19 0.34157664 
841 188 17 21 0.33565453 
485 203 16 19 0.33072722 
271 163 15 19 0.3302185 
474 64 16 19 0.31961057 
750 186 23 28 0.31372687 
25 47 25 30 0.27702487 
23 167 20 26 0.27446312 
957 233 21 26 0.27015382 
418 0 20 21 0.26565948 
353 70 18 20 0.24784906 
363 97 16 18 0.2385498 
271 203 15 20 0.23081009 
153 19 14 17 0.2279543 
786 234 29 35 0.22640228 
926 6 11 13 0.22385691 
203 99 15 19 0.22121032 
186 146 17 20 0.22068715 
763 206 27 37 0.21804829 
276 184 17 20 0.21293004 
494 356 26 32 0.21050964 
583 245 20 25 0.20796853 
98 4 16 19 0.20709467 
186 171 22 26 0.19981849 
1 232 16 22 0.19893618 
329 152 19 21 0.19725151 
733 123 17 21 0.19246405 
293 63 14 18 0.18931916 
385 112 17 21 0.18916275 
635 168 22 27 0.18630677 
242 149 18 20 0.18609884 
45 193 22 28 0.18509008 
477 99 15 19 0.18184192 
33 175 23 27 0.17984726 
186 155 22 25 0.17861971 
15 106 16 19 0.17548554 
32 153 17 19 0.17547749 
935 165 15 18 0.1738613 
947 101 16 20 0.17256093 
766 149 16 19 0.16915311 
860 132 21 25 0.16838725 
1006 94 12 16 0.16683362 
306 258 20 22 0.15928817 
695 20 21 28 0.15874727 
952 20 11 15 0.15713991 
749 0 15 18 0.15332839 
267 35 19 22 0.15332422 
154 305 16 20 0.14725913 
980 159 13 18 0.143261 
41 18 17 20 0.14289707 
814 13 15 18 0.14227374 
779 119 18 23 0.14038178 
957 199 16 20 0.13724782 
679 29 21 27 0.13722791 
638 163 16 20 0.13661048 
321 69 18 22 0.13654114 
284 181 16 20 0.13515374 
484 94 19 23 0.13294046 
204 92 14 16 0.1316063 
804 229 31 38 0.12987179 
956 99 14 19 0.12920645 
165 131 15 18 0.12870744 
728 47 22 25 0.12609598 
28 125 16 21 0.12593009 
631 318 29 36 0.1258176 
900 198 22 27 0.12575696 
427 108 17 22 0.12552635 
1008 75 14 17 0.12509435 
754 -1 15 14 0.12480777 
166 65 15 18 0.12414882 
590 138 17 20 0.12389863 
850 177 18 23 0.12333504 
215 265 17 22 0.12014487 
398 118 21 26 0.11973772 
587 144 20 25 0.11972957 
685 126 23 27 0.11927594 
972 242 22 28 0.118460566 
483 215 16 21 0.116813816 
632 125 21 25 0.11559505 
925 14 16 20 0.11526961 
632 438 30 38 0.114902265 
65 0 18 19 0.11420775 
325 134 17 20 0.11338662 
964 237 21 27 0.10852517 
1004 198 14 18 0.1074688 
786 241 19 21 0.1061766 
273 214 20 25 0.105751835 
798 0 11 12 0.10501401 
223 167 20 24 0.10491427 
348 16 17 19 0.10470571 
389 124 22 26 0.10374051 
416 108 20 26 0.10207424 
113 298 24 31 0.10112593 
742 195 30 39 0.099780396 
31 122 23 30 0.098010354 
941 6 13 15 0.09678459 
999 137 12 15 0.095452175 
483 223 18 26 0.0954369 
578 339 15 19 0.09543143 
282 1 18 19 0.09238286 
957 209 17 21 0.092019275 
409 128 17 22 0.09174421 
223 256 24 29 0.09155172 
190 130 14 17 0.09135028 
501 125 13 17 0.09122526 
1012 109 11 17 0.08595227 
270 187 15 18 0.08472179 
826 188 23 25 0.08292178 
133 239 21 27 0.082640044 
0 63 11 21 0.08226478 
332 159 22 27 0.08100935 
208 1 15 18 0.07779756 
452 59 15 20 0.0776266 
327 122 14 19 0.077358164 
731 34 22 24 0.07565801 
988 217 17 21 0.07492315 
112 171 16 19 0.074669525 
131 196 20 27 0.074530944 
962 195 15 19 0.07421181 
931 5 14 16 0.074154496 
674 10 17 20 0.07378463 
258 171 14 19 0.0732594 
564 -2 13 12 0.07262765 
773 206 14 19 0.07221632 
964 198 19 25 0.07212037 
299 39 16 20 0.07186163 
949 216 16 21 0.07116819 
590 237 25 33 0.07101282 
303 211 18 22 0.07042286 
0 51 10 17 0.06880695 
321 91 17 21 0.06865637 
335 37 16 20 0.06740556 
163 91 13 16 0.06587651 
869 49 13 18 0.06565951 
877 27 14 18 0.06394882 
233 229 19 22 0.06391201 
1010 97 13 17 0.06356937 
276 196 23 28 0.06311544 
480 61 18 21 0.062713854 
657 0 17 19 0.06261253 
505 364 18 23 0.062469468 
952 0 11 13 0.061943643 
371 94 14 18 0.061725523 
28 159 22 25 0.0611929 
163 180 22 28 0.06075528 
708 142 16 20 0.06051277 
710 162 21 27 0.06027719 
252 177 17 20 0.059835777 
965 179 14 18 0.059820324 
924 61 16 21 0.058140565 
467 69 18 21 0.05813885 
152 33 17 19 0.057956055 
271 224 16 22 0.056594413 
903 178 20 26 0.055553243 
502 347 32 42 0.055539686 
603 110 21 24 0.054814048 
884 65 16 19 0.054797273 
784 101 21 25 0.054725543 
700 0 17 18 0.054613873 
290 122 23 26 0.05428327 
362 72 15 18 0.053847507 
183 50 15 17 0.053614106 
570 329 25 31 0.05326983 
669 18 22 27 0.05299924 
925 119 14 18 0.05263191 
971 96 11 15 0.052555572 
765 1 14 18 0.052478008 
725 392 52 65 0.05216002 
53 195 23 29 0.05176562 
767 7 23 27 0.051027235 
317 429 42 50 0.050616827 
230 163 21 23 0.050610006 
819 191 18 20 0.050422225 
917 15 14 20 0.050419107 
973 14 13 16 0.050333973 
434 204 23 28 0.050245214 
179 107 16 21 0.050070968 
553 170 21 24 0.0498608 
346 172 21 26 0.049831405 
332 129 21 26 0.049743213 
336 325 32 38 0.049516935 
451 -1 16 14 0.049361594 
470 175 14 19 0.048862122 
438 145 16 19 0.048178103 
19 215 22 28 0.048159715 
595 295 32 40 0.047500756 
699 12 16 19 0.047478158 
646 1 23 25 0.046864167 
391 211 29 32 0.046741933 
881 21 22 28 0.046335477 
287 185 22 28 0.046204686 
400 73 20 24 0.045799777 
308 197 12 15 0.045247428 
424 327 38 48 0.04505615 
514 154 24 26 0.044570845 
68 179 17 20 0.044367258 
261 80 17 22 0.044348177 
723 458 51 67 0.044300437 
132 185 17 21 0.04414357 
295 101 21 23 0.044101093 
746 68 24 28 0.043509245 
76 284 16 22 0.04283274 
752 213 30 37 0.04280932 
705 -1 16 14 0.04220445 
974 168 15 20 0.042096127 
891 64 16 18 0.04182065 
75 212 16 22 0.041443657 
148 -1 13 12 0.04127002 
478 132 17 21 0.041214895 
215 271 23 29 0.04114593 
1006 132 11 16 0.040974725 
270 123 14 18 0.040467206 
509 9 13 17 0.040406983 
708 29 15 22 0.040262036 
184 102 15 20 0.040259514 
268 194 15 21 0.039901294 
9 213 21 28 0.03982086 
906 78 21 27 0.03944086 
921 5 12 15 0.039370574 
828 12 13 17 0.039163668 
237 114 19 25 0.039122578 
307 202 15 21 0.039003994 
594 10 15 19 0.03882583 
921 166 20 26 0.038610842 
456 110 19 22 0.03824672 
793 247 16 21 0.0381895 
938 215 20 26 0.03817524 
692 505 15 20 0.038128667 
5 285 14 18 0.03806981 
483 363 29 35 0.037986223 
565 312 28 35 0.037954032 
623 35 18 23 0.037943978 
654 242 35 45 0.03793586 
2 216 16 21 0.037883133 
400 240 24 31 0.037714843 
156 107 12 17 0.037266165 
53 182 21 27 0.037166346 
1005 171 16 18 0.037032466 
486 230 21 27 0.036881536 
243 352 47 63 0.0366411 
0 133 12 19 0.036587454 
965 275 24 29 0.036542766 
955 0 14 17 0.03623111 
279 1 13 13 0.03622545 
575 130 21 25 0.036218632 
920 147 13 16 0.0361382 
227 117 16 20 0.03612699 
57 250 20 28 0.03607674 
527 0 11 11 0.03601344 
1001 99 11 15 0.03601285 
595 142 19 23 0.035650246 
237 259 31 36 0.03564188 
641 255 21 27 0.03556513 
949 112 15 18 0.03536724 
533 0 11 10 0.03521674 
453 87 21 25 0.03518596 
473 449 23 22 0.035089318 
485 311 28 35 0.03502415 
934 9 20 24 0.034929194 
185 139 14 19 0.03491848 
174 194 21 27 0.034861583 
850 33 20 25 0.03475572 
317 4 12 14 0.034747437 
609 216 26 30 0.034578312 
11 44 22 30 0.034225795 
156 84 15 18 0.03416898 
343 22 21 26 0.034087002 
951 233 17 22 0.03393653 
837 27 15 18 0.03391519 
626 131 22 26 0.03386513 
54 119 14 16 0.03383008 
519 125 22 27 0.03382338 
858 32 17 21 0.033748224 
380 396 38 39 0.033427704 
514 10 14 17 0.033395335 
803 4 15 18 0.033344407 
337 29 21 25 0.033268042 
34 23 26 33 0.03324967 
198 103 14 19 0.03317483 
295 254 25 29 0.03307614 
352 1 17 17 0.03299071 
319 21 13 16 0.032842528 
807 9 15 21 0.032776028 
529 145 15 20 0.032750107 
798 236 45 52 0.032742593 
628 296 35 43 0.032710336 
36 247 35 44 0.03270543 
587 126 23 27 0.032679945 
953 121 14 17 0.03259376 
843 112 15 20 0.032506187 
342 72 15 19 0.032416955 
815 23 16 20 0.032347955 
223 124 16 20 0.03230178 
643 251 15 20 0.03229694 
989 168 15 21 0.032278344 
162 51 13 15 0.032254014 
254 49 13 17 0.03204206 
793 99 15 18 0.031934038 
615 52 21 25 0.031794414 
941 41 13 16 0.031750333 
690 28 18 24 0.031735238 
10 288 14 19 0.031708784 
484 345 28 35 0.03161543 
970 186 15 20 0.031568766 
456 78 23 25 0.031418204 
459 64 20 24 0.031332936 
235 137 16 18 0.031091798 
642 172 24 30 0.031072829 
612 321 29 36 0.03100683 
478 160 15 19 0.03096856 
611 348 15 18 0.030689195 
989 0 14 12 0.03066901 
517 224 17 21 0.0304963 
223 115 14 18 0.030462569 
699 133 20 27 0.030461244 
843 178 18 24 0.030449923 
931 21 15 19 0.030380486 
448 64 15 19 0.02999974 
327 198 24 31 0.029990258 
446 155 20 26 0.029863779 
293 191 23 29 0.029699147 
894 109 21 26 0.029641146 
307 268 18 21 0.029640565 
248 260 19 22 0.02960466 
308 0 12 12 0.029534895 
912 13 12 17 0.029468985 
812 6 15 18 0.029444246 
994 212 16 19 0.029271087 
458 148 15 19 0.029146109 
281 209 15 20 0.02904171 
164 96 14 18 0.029023614 
407 50 16 20 0.028748114 
539 61 15 18 0.028692072 
989 44 12 15 0.028668402 
948 13 14 18 0.028659241 
0 46 17 30 0.02851744 
9 128 23 29 0.028430158 
959 183 20 25 0.028366257 
195 285 13 16 0.028251462 
489 103 18 22 0.028147496 
264 44 22 27 0.028010124 
194 138 14 19 0.027920032 
307 110 15 19 0.027906356 
417 347 31 42 0.02780377 
853 107 13 18 0.027696718 
259 164 14 18 0.027684806 
409 249 25 32 0.027634773 
987 116 13 17 0.027598133 
408 206 18 22 0.027463293 
5 96 19 28 0.027448272 
951 14 19 25 0.027349459 
277 6 17 19 0.02734837 
479 70 21 23 0.027308276 
313 126 20 25 0.027261646 
667 -1 14 14 0.027185904 
744 3 15 18 0.02707061 
965 4 11 14 0.027062653 
313 255 22 28 0.027028989 
303 26 15 19 0.026960023 
271 27 17 20 0.026912909 
506 129 15 18 0.02690659 
456 162 15 21 0.026890188 
986 237 17 21 0.026793169 
255 196 19 24 0.02679088 
996 245 20 28 0.026746633 
976 31 14 18 0.026692599 
667 174 22 31 0.026689481 
66 255 17 22 0.026674388 
574 147 21 25 0.02658462 
325 0 12 11 0.02654007 
571 320 17 20 0.026459854 
437 154 19 24 0.026433967 
140 138 16 19 0.026406886 
360 256 32 37 0.02635325 
84 296 16 19 0.026336592 
868 32 15 19 0.026243608 
214 27 14 17 0.026243579 
517 330 32 46 0.026219418 
192 299 18 19 0.026169369 
194 125 15 18 0.0261641 
937 183 22 28 0.026076514 
995 168 23 26 0.025807956 
603 332 26 33 0.025716973 
617 141 25 28 0.025633987 
806 215 32 37 0.025236841 
497 90 14 18 0.02518114 
454 153 14 20 0.025153464 
246 29 12 16 0.025111526 
918 35 13 16 0.02498993 
973 116 12 16 0.024779372 
917 67 20 26 0.024750058 
374 372 45 52 0.024745828 
502 508 14 19 0.024742052 
817 235 18 23 0.024691409 
907 250 16 19 0.024656901 
372 210 14 18 0.02463236 
228 246 19 25 0.024600126 
128 133 21 26 0.024500564 
741 9 16 20 0.024368146 
129 315 17 22 0.024366155 
83 2 15 17 0.024351746 
907 21 20 27 0.024350744 
256 386 36 52 0.024301514 
158 129 14 18 0.024298053 
220 151 16 19 0.024242077 
738 388 33 42 0.024166947 
428 317 29 31 0.02404875 
650 242 17 22 0.023971008 
969 13 10 14 0.023952568 
147 140 16 20 0.02392786 
860 216 39 47 0.023859354 
291 275 25 31 0.02384255 
920 216 17 23 0.023823762 
156 75 16 18 0.02370025 
506 441 14 19 0.023549749 
1 129 21 30 0.023536626 
240 199 16 19 0.023530195 
334 29 14 19 0.023517914 
728 419 56 75 0.023460276 
665 2 21 22 0.02336713 
900 253 23 28 0.023329685 
363 137 15 19 0.023304174 
145 107 17 22 0.023293877 
0 100 11 18 0.023280917 
1003 208 16 18 0.023261538 
322 24 14 19 0.023224939 
352 183 24 30 0.023192342 
464 102 20 25 0.023190266 
489 115 18 22 0.023119565 
610 295 36 43 0.023066016 
810 194 30 33 0.02304186 
307 20 15 19 0.022971269 
876 154 15 18 0.02296065 
450 172 15 20 0.022918569 
530 129 16 21 0.022915937 
933 1 12 12 0.022914521 
252 0 12 12 0.02289768 
217 2 15 16 0.022896934 
572 303 29 34 0.022834703 
428 84 14 18 0.022773076 
104 10 13 17 0.02275583 
535 326 26 41 0.022696104 
495 539 35 30 0.02267446 
391 226 28 36 0.022650186 
139 179 14 20 0.0225985 
380 4 16 19 0.02259216 
549 178 17 20 0.022585068 
312 199 22 29 0.022562103 
602 11 14 19 0.022537576 
291 2 27 29 0.022484343 
573 158 16 20 0.022464933 
733 13 21 26 0.022422701 
85 158 20 25 0.022410857 
167 117 21 26 0.022386482 
155 55 15 18 0.022370657 
49 0 24 25 0.02236128 
981 214 17 23 0.022347035 
603 306 33 43 0.02225026 
607 40 16 19 0.022245664 
545 279 16 19 0.022229237 
957 86 13 16 0.022128152 
983 5 11 13 0.022073667 
326 158 17 22 0.022043457 
10 170 20 28 0.021936057 
197 85 15 18 0.021851137 
333 -1 13 11 0.021835878 
477 229 18 24 0.021823566 
452 71 17 20 0.021741899 
934 211 14 22 0.021715062 
817 103 15 19 0.021660656 
204 223 22 26 0.021659592 
295 112 21 25 0.021606928 
513 246 22 28 0.02152076 
517 0 13 11 0.021389477 
532 208 14 20 0.021255642 
236 92 15 20 0.021234015 
1008 112 11 16 0.021170696 
132 168 16 20 0.021154882 
443 140 16 19 0.021148194 
517 435 16 20 0.021118132 
1004 188 14 16 0.021101886 
844 100 13 18 0.021077983 
888 221 17 24 0.021056691 
195 74 15 19 0.021025712 
791 254 14 19 0.020944739 
237 176 19 23 0.02092009 
957 178 16 21 0.02086427 
222 154 21 23 0.020756751 
178 129 21 25 0.02074426 
835 194 20 24 0.020690078 
621 29 16 18 0.020670552 
926 184 15 22 0.020626798 
81 282 25 30 0.020543426 
776 214 17 23 0.020494921 
244 340 33 50 0.020493431 
142 0 16 17 0.020411188 
612 339 14 18 0.020391025 
255 255 17 22 0.020356359 
559 -10 25 24 0.020341635 
220 363 49 63 0.020319857 
730 27 19 21 0.020253016 
292 133 20 25 0.020239158 
340 236 16 20 0.020237293 
0 208 13 20 0.020235114 
631 170 16 19 0.02017494 
584 253 26 30 0.020166755 
572 342 27 35 0.020166438 
810 253 48 54 0.020121282 
915 154 17 21 0.02006971 
830 5 14 17 0.020061165 
950 137 15 22 0.020005489 
