36_Football_Football_36_138
236
131 53 26 37 0.998572 
881 86 27 36 0.9918263 
644 218 21 27 0.99158365 
749 131 20 26 0.9580842 
406 216 23 29 0.9099112 
539 230 16 26 0.8896993 
499 314 16 19 0.83290106 
290 81 22 35 0.8148352 
520 204 10 14 0.7612011 
557 200 12 16 0.73969895 
709 184 15 18 0.56460047 
980 74 14 17 0.54515046 
89 24 9 11 0.4548374 
667 120 14 17 0.43585226 
679 196 13 17 0.42691076 
389 190 11 14 0.40965864 
452 194 15 19 0.39206493 
283 74 22 27 0.35835746 
285 157 31 31 0.35329643 
681 100 17 21 0.29855433 
567 195 11 15 0.27992493 
755 225 23 29 0.27930775 
861 78 9 13 0.25604433 
469 212 12 14 0.24295746 
924 89 13 18 0.24082996 
678 85 12 15 0.20678017 
448 203 11 15 0.1745928 
405 336 14 21 0.16429266 
441 181 10 11 0.1637315 
735 154 14 18 0.14384218 
385 187 11 14 0.12901078 
469 259 12 14 0.12864748 
677 91 15 19 0.12806465 
448 187 13 17 0.12707362 
356 227 11 15 0.12077439 
420 208 15 20 0.11446057 
445 183 11 14 0.105972365 
970 153 15 23 0.09882891 
626 309 12 15 0.0981903 
168 18 12 15 0.09480153 
86 37 9 12 0.09202015 
865 180 16 19 0.09191582 
41 23 9 11 0.09036241 
590 210 12 16 0.086313814 
112 23 10 11 0.08210426 
493 184 8 10 0.08044781 
957 129 26 32 0.07664654 
351 189 9 12 0.07305796 
572 191 11 16 0.07199437 
323 203 11 16 0.07199097 
372 146 22 28 0.07084347 
514 203 12 16 0.06811862 
529 224 20 30 0.067453876 
528 221 12 17 0.06634905 
942 128 14 16 0.066155024 
261 85 23 31 0.065612756 
735 203 15 19 0.06302991 
74 20 8 10 0.06267908 
747 182 12 15 0.061647113 
741 76 10 14 0.06094423 
509 183 10 11 0.06038077 
684 116 12 15 0.05970751 
461 202 14 18 0.059663493 
448 300 10 14 0.059050616 
649 279 14 18 0.0584658 
599 250 14 18 0.0577513 
506 190 9 11 0.05577869 
525 211 10 14 0.053995438 
631 245 13 18 0.053984974 
85 45 11 13 0.053019587 
490 186 10 13 0.052995365 
928 79 12 14 0.05243584 
112 38 10 13 0.052310415 
582 211 14 17 0.0518555 
506 182 8 10 0.051504772 
336 32 10 12 0.051026624 
748 118 13 15 0.0503073 
116 36 11 14 0.050151505 
459 308 14 17 0.04993454 
505 308 17 21 0.04734634 
539 303 15 19 0.047173716 
56 20 11 12 0.04672694 
743 55 9 13 0.04505531 
531 225 35 44 0.044731844 
528 301 11 15 0.044325445 
558 192 10 13 0.043836094 
247 17 12 14 0.043751348 
254 18 12 15 0.043430768 
365 227 11 14 0.043363918 
827 132 13 18 0.043363288 
839 148 14 17 0.042996068 
739 195 15 17 0.04265427 
701 164 14 17 0.04264821 
573 212 13 16 0.042600896 
708 174 15 20 0.042311918 
671 200 16 19 0.041751634 
429 193 14 16 0.041155748 
277 73 19 22 0.04047102 
445 209 11 15 0.040442098 
116 29 11 14 0.040351283 
866 174 14 16 0.040240623 
543 203 11 13 0.040109012 
836 142 23 28 0.040063202 
972 133 13 17 0.03984453 
407 339 22 28 0.039068624 
583 205 12 15 0.03871994 
604 257 14 17 0.038687382 
81 39 10 11 0.038160924 
929 91 16 19 0.0381141 
440 218 12 15 0.03796909 
532 304 13 18 0.037625454 
465 257 11 13 0.037592415 
563 201 13 17 0.037521817 
741 177 20 26 0.037181683 
668 261 13 16 0.036475748 
352 198 9 12 0.036257073 
529 259 11 15 0.035723712 
518 199 16 23 0.03572107 
759 90 14 17 0.035198215 
755 117 14 15 0.03502921 
949 127 11 15 0.034979142 
477 268 10 13 0.03492929 
361 141 22 28 0.034878206 
475 212 11 15 0.034510843 
673 120 14 17 0.03451019 
527 332 10 14 0.03443348 
967 135 25 29 0.034397382 
400 332 13 21 0.03427918 
965 132 14 20 0.03419086 
671 101 21 26 0.03407692 
669 268 14 17 0.033375517 
405 205 16 17 0.033335548 
690 104 13 17 0.033078954 
278 21 9 11 0.03305521 
605 267 13 17 0.032884087 
744 80 10 15 0.03284648 
149 47 13 16 0.032553457 
809 155 9 13 0.032422327 
410 206 22 26 0.032091696 
748 54 9 12 0.03161985 
328 19 9 12 0.030941082 
837 264 16 17 0.030894926 
407 267 11 13 0.030746752 
372 223 9 12 0.030562216 
275 82 26 32 0.03033045 
393 194 13 16 0.03020999 
747 84 12 14 0.03019107 
267 74 25 30 0.029949758 
106 39 9 12 0.029656194 
833 126 24 31 0.029589552 
516 188 11 14 0.029333267 
471 241 13 17 0.029298192 
237 23 9 11 0.029285623 
437 190 20 26 0.029126577 
78 22 9 10 0.02841774 
566 210 13 16 0.028334614 
438 186 14 17 0.02820171 
934 115 14 18 0.027869178 
259 19 13 15 0.027717847 
440 227 11 15 0.027625347 
928 100 24 27 0.027567131 
232 24 11 12 0.027516773 
579 217 15 20 0.027483681 
677 116 12 15 0.027466742 
511 198 11 15 0.027244335 
518 184 9 10 0.027125651 
858 191 18 21 0.027014589 
742 122 16 19 0.026762301 
373 161 16 18 0.02676055 
451 183 14 17 0.026534405 
476 200 9 12 0.026519954 
411 348 27 28 0.02629036 
270 18 11 13 0.026057864 
452 291 13 19 0.0258724 
523 200 10 14 0.025723638 
646 300 12 15 0.0255886 
903 130 42 51 0.025522139 
671 92 14 17 0.02548834 
413 353 15 18 0.025213966 
463 254 21 24 0.025131041 
937 98 16 19 0.025013728 
505 196 10 12 0.024926169 
596 257 14 18 0.024818208 
979 134 12 16 0.024800736 
631 302 11 14 0.024365224 
758 196 11 15 0.024239281 
822 122 22 29 0.024166575 
387 283 13 14 0.023963194 
425 204 15 20 0.023876058 
555 205 16 20 0.02360592 
386 189 18 22 0.0234763 
832 155 12 15 0.023423677 
339 35 12 13 0.023397395 
440 235 10 15 0.023370536 
461 288 15 20 0.023317952 
596 207 11 14 0.023309076 
628 225 13 17 0.02330539 
376 171 11 13 0.023286972 
352 221 19 25 0.023266727 
769 251 13 17 0.02321851 
134 22 10 11 0.023216467 
863 181 26 30 0.023153411 
666 33 444 501 0.023102976 
548 306 14 17 0.02306843 
783 168 10 13 0.022980481 
367 245 10 13 0.022940427 
593 261 10 15 0.022568256 
408 191 11 13 0.022564232 
966 125 12 16 0.022413941 
469 286 15 20 0.022235954 
462 274 14 16 0.022231847 
111 29 22 27 0.02171161 
919 94 15 20 0.021631157 
476 288 13 18 0.021565586 
468 265 14 16 0.021552477 
446 198 23 28 0.021550326 
740 68 12 17 0.021513144 
514 306 14 19 0.02146736 
376 185 12 16 0.02131852 
439 297 13 17 0.02130386 
857 73 18 24 0.021295466 
748 173 12 16 0.021064378 
568 198 21 26 0.02101868 
400 220 15 20 0.020982277 
40 27 9 12 0.020900145 
561 206 22 27 0.020894453 
639 279 22 28 0.020864852 
149 27 11 13 0.020745346 
357 145 15 19 0.020728683 
935 127 14 18 0.020681003 
438 255 11 14 0.020505013 
639 307 11 15 0.02044086 
417 357 29 31 0.020392025 
943 124 25 28 0.020352218 
445 177 11 13 0.020314632 
90 45 11 14 0.02012591 
