36_Football_americanfootball_ball_36_114
40
727 96 68 90 0.9959293 
45 27 31 38 0.99338126 
216 29 33 41 0.99033 
437 12 31 34 0.9765237 
603 22 32 41 0.9467619 
111 54 29 36 0.5582453 
54 252 99 124 0.47716734 
106 84 56 88 0.17550644 
68 87 56 76 0.17165849 
657 96 32 41 0.1274148 
905 26 34 50 0.103618294 
109 98 81 120 0.081273265 
620 77 42 51 0.06752401 
107 60 48 68 0.06698554 
502 112 47 61 0.058893435 
1 643 49 108 0.053331606 
19 107 58 77 0.05076868 
529 117 50 66 0.047249414 
93 112 56 79 0.046126544 
20 265 13 17 0.044179194 
24 211 32 39 0.04323248 
627 81 18 23 0.04026221 
622 71 30 36 0.038968194 
555 135 28 39 0.033052985 
641 71 46 59 0.0312621 
22 144 62 84 0.030086813 
456 292 45 61 0.029034879 
-2 365 36 75 0.026219593 
13 258 16 20 0.025815522 
436 112 56 70 0.02519261 
588 166 46 58 0.024773898 
0 125 53 74 0.024152653 
391 779 40 46 0.02252131 
95 44 44 60 0.02238843 
660 101 41 58 0.022317879 
460 110 52 65 0.020994542 
621 86 17 21 0.020902125 
573 91 49 58 0.020646414 
613 81 30 35 0.02022002 
602 87 44 53 0.020116638 
