27_Spa_Spa_27_768
130
336 267 53 75 0.9993055 
191 333 51 84 0.99872917 
566 244 57 84 0.99768734 
739 320 51 79 0.99485284 
967 307 8 10 0.20560557 
229 337 51 67 0.17527786 
54 357 11 13 0.150425 
964 327 8 11 0.14429216 
904 342 8 10 0.1404467 
957 320 9 10 0.12508337 
895 295 7 9 0.11887075 
898 321 8 10 0.10368161 
885 304 9 11 0.08049452 
927 321 8 9 0.079459116 
943 360 9 12 0.07942458 
880 310 9 10 0.078839384 
883 342 10 12 0.07839413 
949 404 11 14 0.07071333 
968 344 9 9 0.07018255 
895 398 8 9 0.06921555 
882 280 8 9 0.06858829 
390 792 10 11 0.068246655 
839 550 106 160 0.06417585 
20 382 11 12 0.06118218 
882 347 9 12 0.059233975 
973 343 9 10 0.05873552 
864 272 8 9 0.058682527 
854 296 7 9 0.056065664 
857 366 10 11 0.055947676 
944 384 9 10 0.054025445 
885 336 8 10 0.053828076 
910 285 10 11 0.05192344 
926 334 8 12 0.050962657 
959 344 9 10 0.050360724 
977 321 8 9 0.050347794 
76 374 12 14 0.049894854 
880 285 9 11 0.048405394 
937 333 9 11 0.04602167 
68 408 9 11 0.04509193 
895 302 9 10 0.044925716 
847 303 9 10 0.04476138 
757 290 11 14 0.04148322 
864 278 9 10 0.040912814 
901 318 9 11 0.04054842 
843 305 7 9 0.040173322 
954 326 10 12 0.03932434 
920 320 8 10 0.039255857 
210 347 49 62 0.03896982 
22 387 10 12 0.038826816 
9 390 9 12 0.03871358 
897 349 8 11 0.037804354 
872 288 8 10 0.037208397 
877 327 8 9 0.036572274 
952 332 10 11 0.035789985 
26 398 10 12 0.035472903 
984 304 8 10 0.035070334 
53 363 13 15 0.03492123 
73 419 11 13 0.03451191 
935 328 9 9 0.034304533 
757 280 8 10 0.03319899 
949 358 10 11 0.033134505 
984 309 8 10 0.0330901 
904 310 8 10 0.032705247 
885 286 8 10 0.032442976 
980 387 10 11 0.03225656 
951 311 8 9 0.031483818 
877 319 9 11 0.031417355 
895 277 8 10 0.030483656 
869 272 8 9 0.030188777 
929 326 7 9 0.029976621 
948 383 10 11 0.029851329 
879 293 7 9 0.029523743 
966 382 9 11 0.029216565 
17 376 8 9 0.029051779 
910 334 8 11 0.028954832 
857 287 8 9 0.028887635 
911 327 8 11 0.028543279 
896 336 8 9 0.028538521 
921 335 8 11 0.028197497 
881 335 8 10 0.02817571 
840 288 7 9 0.027824393 
959 329 12 13 0.02779436 
942 388 11 13 0.027394855 
838 345 8 11 0.027059594 
887 359 8 11 0.02664229 
976 326 9 10 0.026388748 
941 319 9 10 0.025809648 
25 405 10 12 0.025772756 
981 335 9 10 0.025603598 
969 350 9 10 0.025580976 
54 370 11 13 0.025204286 
935 353 8 9 0.025110127 
929 303 9 12 0.02492383 
65 412 10 13 0.024907354 
721 285 8 10 0.02464735 
13 388 11 14 0.024358952 
880 405 10 12 0.024292616 
957 350 10 12 0.024063922 
69 414 10 13 0.024062438 
825 742 146 210 0.023953117 
1009 309 11 12 0.023825372 
897 343 8 12 0.023741327 
845 307 10 12 0.02362118 
0 366 7 12 0.02357097 
903 346 10 12 0.02329506 
871 293 10 10 0.023044543 
861 311 9 11 0.02286868 
755 285 10 14 0.022859544 
15 421 10 12 0.022676919 
864 343 9 10 0.022545561 
999 373 11 13 0.022006296 
874 368 8 9 0.021980613 
911 305 8 9 0.021761755 
863 335 8 9 0.021364192 
20 377 10 11 0.021150036 
782 281 9 10 0.021112826 
124 387 11 13 0.021042557 
887 319 8 11 0.021024521 
982 342 8 11 0.021004686 
921 327 7 9 0.020782355 
969 357 10 12 0.020711275 
991 304 10 11 0.020681553 
940 328 9 10 0.020679299 
895 289 7 9 0.020576224 
44 413 11 12 0.020429334 
864 295 8 10 0.020216558 
921 341 9 11 0.020087693 
856 310 9 10 0.020050809 
1002 326 9 11 0.020046052 
960 311 9 10 0.020016257 
