27_Spa_Spa_27_109
18
311 380 157 105 0.47705978 
431 20 421 501 0.07389474 
196 361 60 59 0.06612528 
290 266 50 74 0.058301475 
571 263 445 462 0.056720026 
189 338 95 95 0.045776732 
247 438 59 63 0.036186922 
209 554 162 185 0.034962647 
220 399 103 99 0.032255594 
210 367 94 96 0.03143008 
373 369 42 37 0.02648355 
287 -43 364 516 0.024384273 
254 306 33 38 0.023265434 
343 375 90 69 0.023066204 
237 332 31 37 0.021694655 
175 373 64 68 0.021553282 
320 340 230 222 0.02123723 
269 400 103 106 0.020010725 
