27_Spa_Spa_27_512
80
356 627 97 109 0.9985831 
505 151 24 27 0.29883006 
42 906 14 17 0.19905731 
600 752 8 10 0.12566169 
634 744 8 10 0.09307326 
688 721 8 9 0.08679791 
441 89 197 226 0.070825614 
679 733 9 10 0.06929559 
704 750 9 10 0.0626141 
116 850 18 23 0.061854735 
687 999 61 72 0.058768857 
547 757 8 11 0.058108073 
887 1074 26 30 0.057230618 
653 516 12 14 0.054928053 
545 753 9 10 0.05421924 
686 726 9 10 0.051835306 
660 502 11 13 0.04792755 
681 728 9 10 0.045045428 
781 954 12 15 0.04059421 
759 703 10 13 0.03871926 
704 743 9 10 0.038690448 
710 743 8 10 0.038299136 
696 736 8 10 0.038236044 
701 736 9 10 0.037976854 
694 740 10 11 0.037856523 
337 760 324 432 0.035507552 
654 509 11 13 0.03474034 
601 511 8 10 0.034271732 
695 720 7 9 0.03366579 
673 726 7 10 0.033429727 
558 744 8 10 0.033145677 
622 813 10 12 0.033124212 
574 819 13 18 0.032293595 
637 749 8 10 0.03180611 
570 767 8 9 0.031542074 
600 786 10 13 0.03102987 
584 735 7 9 0.030700248 
682 720 7 9 0.030172784 
560 728 9 10 0.030075416 
503 727 7 10 0.029805565 
654 772 9 11 0.029429723 
670 511 11 11 0.02865454 
996 1184 12 14 0.028187595 
695 759 8 10 0.027572623 
532 744 9 10 0.027483495 
697 712 7 9 0.027480528 
485 726 8 10 0.027009014 
899 1183 38 38 0.026949873 
582 791 8 11 0.026598094 
664 758 8 11 0.026055166 
549 751 8 10 0.02523284 
595 751 8 10 0.024876568 
868 774 10 14 0.024360083 
632 737 8 9 0.024302907 
592 525 10 11 0.024296286 
672 721 6 9 0.02350526 
663 711 7 10 0.023337541 
793 767 8 9 0.023213705 
488 711 9 10 0.023199936 
685 525 31 37 0.023087123 
624 488 8 8 0.02303307 
574 768 8 9 0.022902673 
591 496 7 9 0.022774294 
687 733 8 10 0.022771174 
622 736 8 9 0.022648087 
619 557 30 37 0.022585057 
778 711 8 9 0.02197264 
631 728 7 9 0.021951796 
648 501 10 12 0.021556057 
489 703 8 10 0.021265537 
29 930 17 19 0.02121107 
575 744 9 10 0.021176932 
688 741 10 12 0.020836508 
576 719 8 10 0.020826727 
591 736 8 9 0.020741124 
654 496 10 12 0.020538757 
103 860 14 18 0.020525545 
713 760 8 9 0.02039262 
554 744 7 9 0.020090226 
558 775 7 9 0.02008642 
