37_Soccer_Soccer_37_170
26
945 66 67 79 0.9991074 
466 220 69 79 0.9982766 
619 89 71 88 0.9976497 
602 1 25 30 0.9965733 
743 77 41 49 0.9963456 
516 0 15 12 0.24784274 
730 0 15 15 0.1264757 
0 0 10 12 0.08861555 
615 5 20 25 0.08856008 
641 33 25 29 0.053581342 
29 0 11 9 0.047171608 
975 13 46 53 0.03518417 
754 267 28 38 0.030173767 
499 36 17 22 0.029878557 
645 6 23 30 0.029764252 
643 18 26 32 0.029417438 
716 111 31 38 0.027946873 
625 1 17 21 0.027917897 
645 27 15 18 0.027760815 
629 4 23 30 0.02369318 
522 1 13 15 0.023204912 
440 0 12 12 0.021629948 
633 54 433 527 0.021540876 
633 0 16 18 0.02125434 
787 389 19 19 0.020123668 
499 34 28 35 0.02001006 
