37_Soccer_soccer_ball_37_926
30
508 140 10 12 0.27108932 
939 237 10 13 0.1929229 
454 655 7 10 0.1891625 
73 243 425 435 0.16417637 
570 623 10 12 0.1225189 
439 671 8 10 0.06996501 
536 633 8 10 0.06991412 
552 169 499 508 0.06966428 
445 607 8 10 0.068898864 
484 646 9 11 0.06509868 
938 233 9 11 0.06500346 
505 289 8 10 0.052354235 
526 647 9 11 0.051900815 
504 654 11 13 0.05051356 
522 669 11 13 0.041409533 
559 656 10 13 0.037352186 
940 253 12 14 0.037316985 
439 640 8 10 0.033285893 
392 655 7 9 0.03325765 
576 646 9 12 0.030094644 
507 293 10 13 0.029038964 
453 658 10 12 0.02695958 
473 613 9 11 0.026696282 
528 653 9 12 0.023513624 
490 264 7 10 0.02324848 
495 308 9 12 0.022735909 
535 677 9 10 0.022513544 
532 655 9 12 0.022250177 
525 661 11 13 0.0216549 
483 651 11 13 0.020570366 
