37_Soccer_soccer_ball_37_907
367
167 51 35 42 0.9991811 
258 71 34 45 0.99911994 
674 87 38 48 0.99793553 
422 110 39 46 0.995155 
14 295 33 45 0.9950984 
43 59 35 48 0.99382025 
190 273 35 48 0.9934382 
540 81 39 50 0.99286276 
911 171 42 52 0.99057806 
125 175 39 53 0.9846779 
335 112 33 37 0.98324263 
148 303 33 44 0.9691385 
24 183 38 53 0.9620164 
1001 79 23 39 0.9417153 
920 68 28 42 0.90825206 
994 438 16 19 0.72328126 
313 321 20 26 0.68905467 
360 425 20 21 0.68557477 
965 439 17 22 0.6429562 
724 2 28 29 0.595388 
303 427 17 18 0.59496343 
334 431 21 25 0.5134344 
409 404 18 23 0.4915214 
356 295 18 20 0.46314004 
501 57 34 47 0.44793615 
622 799 39 34 0.3926929 
625 546 20 23 0.36875242 
900 284 25 32 0.29728663 
228 529 522 531 0.29500377 
427 807 21 23 0.27331272 
397 803 20 21 0.27249944 
389 435 22 26 0.2716359 
911 80 30 41 0.26699036 
939 442 17 20 0.2564159 
651 86 22 30 0.2519 
685 544 22 27 0.25091437 
399 320 22 28 0.23429452 
317 400 19 20 0.21879087 
1003 362 17 23 0.20643595 
630 439 16 21 0.20639165 
990 6 12 15 0.19523452 
571 440 18 21 0.19298187 
716 545 23 27 0.19267221 
827 425 17 18 0.1750728 
985 517 14 17 0.17463468 
326 293 17 21 0.17445724 
1 89 24 35 0.16839087 
469 294 22 28 0.16633292 
552 294 18 21 0.16138642 
963 429 14 17 0.15550746 
543 444 18 21 0.15072139 
352 232 17 21 0.1492251 
678 317 13 16 0.1487356 
723 823 29 32 0.13812105 
909 428 18 19 0.13586845 
683 284 16 19 0.13480826 
361 804 25 28 0.13449542 
853 425 19 20 0.13304517 
315 287 21 29 0.1320563 
924 66 18 25 0.13169362 
275 424 18 20 0.13103896 
459 808 20 23 0.12732777 
302 289 18 22 0.1262881 
889 0 19 15 0.12324651 
354 476 14 18 0.121111505 
505 257 22 26 0.11759982 
279 307 22 27 0.11516667 
298 351 19 23 0.11121981 
850 329 17 22 0.105780676 
839 279 13 15 0.104496785 
339 256 19 22 0.103810064 
413 833 18 22 0.103065856 
424 173 449 542 0.10020459 
421 436 19 23 0.09969717 
752 546 19 21 0.09890151 
571 325 18 20 0.09780873 
328 429 15 19 0.09586591 
1013 295 11 19 0.09255429 
316 260 13 17 0.091791004 
131 203 31 42 0.09148837 
156 1 30 27 0.09067386 
605 795 33 39 0.08911569 
779 544 25 28 0.08841119 
546 328 17 21 0.085116126 
497 298 18 23 0.082577474 
653 546 22 27 0.07880437 
972 108 23 29 0.07798443 
1002 543 16 21 0.07738158 
840 278 21 27 0.076465115 
349 -2 19 15 0.07503541 
776 324 31 42 0.0740517 
301 282 14 17 0.07385464 
1013 756 11 15 0.073692344 
379 471 18 20 0.07067438 
606 258 21 29 0.06827034 
780 400 14 18 0.06740158 
970 37 18 24 0.06713317 
577 511 20 21 0.066952966 
430 577 15 18 0.06646 
285 521 21 24 0.06633833 
972 543 22 27 0.06628898 
393 366 18 21 0.06532323 
863 -1 25 23 0.06471018 
916 440 15 19 0.06456219 
589 816 17 19 0.06430714 
965 750 15 21 0.062403157 
349 823 21 27 0.06136339 
389 296 16 21 0.060623527 
557 255 21 25 0.06044814 
870 327 22 28 0.060126048 
21 500 39 52 0.059894685 
845 293 22 27 0.059782986 
449 333 21 30 0.059388816 
756 508 23 26 0.059076924 
1010 252 13 20 0.059014052 
843 338 21 29 0.058055826 
823 290 23 28 0.0572639 
432 512 19 19 0.056281716 
989 294 15 20 0.05408473 
302 554 16 20 0.05385929 
990 429 15 18 0.053750217 
968 408 22 28 0.053554017 
361 434 22 26 0.053472023 
293 456 15 19 0.053150173 
930 295 22 28 0.052291792 
391 802 15 21 0.05182029 
980 374 14 16 0.05038526 
260 0 27 21 0.049265627 
945 548 24 30 0.04909023 
285 450 15 20 0.04871397 
511 324 21 29 0.047651682 
383 538 18 21 0.04758087 
333 496 18 21 0.0472833 
271 418 17 21 0.047067616 
457 501 28 40 0.047047164 
432 249 35 46 0.046673264 
831 283 23 28 0.04582485 
324 233 14 16 0.045823347 
459 655 27 29 0.044630725 
5 299 27 41 0.04455019 
849 433 26 29 0.04434357 
1008 329 15 20 0.044168375 
307 622 18 22 0.043629717 
84 8 46 53 0.043306634 
431 61 24 28 0.043038197 
533 254 19 27 0.04290483 
324 285 17 21 0.042894498 
805 539 27 32 0.0423318 
674 311 23 26 0.042132128 
533 368 16 22 0.041958194 
671 617 18 21 0.041581444 
280 434 17 19 0.041434348 
523 295 17 20 0.04129439 
639 512 18 18 0.040863138 
332 357 17 21 0.040762957 
541 335 16 22 0.040737294 
998 525 23 33 0.040354416 
980 433 22 26 0.040325347 
798 425 16 19 0.0403057 
276 158 27 39 0.0401932 
442 247 45 57 0.040011883 
726 649 15 19 0.03991483 
325 657 17 20 0.039816342 
475 285 28 37 0.03979092 
962 424 24 28 0.038213685 
568 517 27 31 0.037862554 
349 536 17 20 0.037839163 
996 421 20 26 0.03778986 
892 522 25 30 0.03722004 
0 1 22 24 0.037131473 
1000 146 23 37 0.036874495 
331 857 18 23 0.03664776 
169 0 30 27 0.03662467 
922 443 13 18 0.036500223 
493 810 23 26 0.03638544 
1004 417 14 17 0.036088705 
365 258 17 23 0.036025953 
347 467 17 21 0.035702627 
726 516 26 30 0.03500411 
903 95 29 36 0.03469 
374 825 15 19 0.03455132 
586 293 15 22 0.03438143 
265 232 16 21 0.034276802 
859 542 27 31 0.034270804 
317 234 14 17 0.033991 
592 798 30 34 0.033606414 
980 330 16 20 0.033586524 
350 251 23 29 0.03357533 
396 411 26 28 0.033462178 
850 278 17 21 0.033207502 
443 477 18 20 0.033122838 
972 504 25 31 0.033064842 
898 367 16 20 0.032806877 
657 441 17 20 0.032390755 
932 66 24 37 0.032364964 
1007 762 10 14 0.032290116 
670 261 10 13 0.031718258 
365 567 15 19 0.03154461 
651 418 23 26 0.031450823 
730 607 102 159 0.031053944 
632 779 40 42 0.030943831 
588 252 23 30 0.030725725 
375 235 12 17 0.030674255 
330 3 20 21 0.03053377 
959 2 14 16 0.030457215 
323 526 18 21 0.030419938 
389 832 16 20 0.030394768 
561 817 19 20 0.030048996 
776 42 31 35 0.030039616 
429 287 41 52 0.029966874 
123 479 31 39 0.029941607 
60 333 26 32 0.02958328 
362 299 17 21 0.029475642 
316 817 18 23 0.029456947 
101 491 43 49 0.029252607 
364 857 15 18 0.029082367 
462 66 13 17 0.029044032 
647 480 17 20 0.028957365 
490 258 26 36 0.02891808 
818 837 17 19 0.028913412 
324 352 405 508 0.028854733 
925 331 15 20 0.02880232 
450 271 44 54 0.028781999 
520 254 21 28 0.028664172 
657 691 34 47 0.02866052 
954 32 23 27 0.028640257 
403 396 19 25 0.028497342 
363 445 17 20 0.028376589 
887 290 27 33 0.028205317 
310 236 14 17 0.02814121 
57 440 17 21 0.028056642 
176 194 40 50 0.02801161 
278 350 15 21 0.027798938 
959 515 16 19 0.027743194 
740 573 17 22 0.0275995 
477 268 28 35 0.027301822 
879 427 13 18 0.027181223 
683 796 18 20 0.027125586 
903 433 22 26 0.027028067 
159 306 21 27 0.026921097 
683 440 20 23 0.026897933 
110 300 34 45 0.026890995 
785 838 17 21 0.026792059 
604 438 16 21 0.026765566 
462 254 46 57 0.026733506 
201 445 25 32 0.026339084 
853 651 13 16 0.026220264 
990 49 16 21 0.026089353 
350 117 21 26 0.02603574 
546 254 21 27 0.02589807 
921 371 15 19 0.025889087 
87 1 33 33 0.025821581 
438 318 26 36 0.02579721 
482 266 16 20 0.025774715 
562 535 28 35 0.02576835 
938 427 17 19 0.025644204 
760 461 23 31 0.025618771 
283 321 18 21 0.025495792 
161 299 18 21 0.025448728 
973 404 15 17 0.025348729 
789 446 15 19 0.02509492 
332 800 22 25 0.025051339 
691 519 27 29 0.0250405 
948 32 19 22 0.025022853 
277 487 14 18 0.02481686 
846 505 17 20 0.02475579 
831 297 25 30 0.02473546 
410 267 29 40 0.024585802 
309 753 17 20 0.024583604 
677 288 24 32 0.024561055 
939 415 23 27 0.024528833 
157 155 44 56 0.024347266 
868 33 24 31 0.024303762 
22 130 26 34 0.024238447 
985 543 25 30 0.024193607 
855 299 18 20 0.02416344 
990 560 24 34 0.024068467 
2 431 28 39 0.024067705 
864 155 37 50 0.024021192 
738 559 23 28 0.023997225 
295 425 15 20 0.02388793 
663 84 29 39 0.023873948 
344 424 20 26 0.023821663 
992 290 21 29 0.023813382 
731 831 28 34 0.023780223 
815 319 22 29 0.023693845 
302 229 10 12 0.02363656 
567 423 22 26 0.023506984 
886 137 15 21 0.02348089 
373 698 15 17 0.023397127 
941 63 26 35 0.023387587 
592 604 108 137 0.023382697 
28 9 30 36 0.02336874 
924 0 19 19 0.023354206 
457 329 19 25 0.023281794 
773 424 16 19 0.023279171 
346 760 20 22 0.023220064 
307 237 21 28 0.0231388 
885 295 17 22 0.02309304 
408 327 16 22 0.02301112 
96 482 30 35 0.023003992 
478 652 34 40 0.022975946 
538 287 25 29 0.022902118 
1007 515 15 18 0.022840131 
287 294 23 27 0.022839358 
997 48 24 32 0.022814637 
363 507 16 21 0.02274797 
498 53 26 35 0.022743104 
666 299 14 18 0.022724623 
785 -1 30 33 0.022714244 
525 814 24 25 0.022681467 
312 302 26 29 0.022649178 
566 434 17 23 0.022631267 
296 0 22 20 0.022530278 
363 -1 19 18 0.022390435 
28 379 21 27 0.022378897 
539 437 17 20 0.02227528 
991 246 27 29 0.022249343 
958 336 14 18 0.022154916 
945 435 16 21 0.022121457 
380 436 21 27 0.022015698 
848 425 14 18 0.02197096 
301 611 30 35 0.021966288 
955 417 23 30 0.021916827 
793 621 24 29 0.021860417 
185 0 19 15 0.021838116 
419 260 30 37 0.021811398 
615 393 453 499 0.021802412 
444 59 23 30 0.021720994 
616 263 15 19 0.021707404 
763 818 19 20 0.02162423 
341 326 22 27 0.021510255 
666 511 20 20 0.021482721 
435 409 17 20 0.021449689 
315 426 13 18 0.021331575 
412 272 42 54 0.02132828 
557 479 17 20 0.02130206 
643 583 19 22 0.021285893 
228 68 23 31 0.021261526 
334 286 23 29 0.021198476 
264 93 30 40 0.021081265 
392 295 25 33 0.021029491 
178 177 34 42 0.02100998 
795 0 14 12 0.020980524 
366 329 14 19 0.02097549 
113 160 42 57 0.020936387 
980 285 23 31 0.020925492 
663 287 24 30 0.020915197 
737 610 18 23 0.020911759 
293 245 14 21 0.020828566 
913 900 17 19 0.020808065 
897 538 17 21 0.02078665 
874 136 23 32 0.02060805 
1002 510 22 33 0.020540886 
688 288 16 20 0.020389771 
597 793 17 18 0.02037483 
363 41 25 32 0.020341294 
75 24 45 55 0.020245342 
811 276 13 14 0.020237787 
627 870 25 33 0.020198384 
981 796 14 15 0.020190937 
426 172 45 49 0.020153461 
10 -2 28 25 0.020145593 
797 819 18 20 0.02008547 
935 435 15 19 0.02005124 
958 284 13 16 0.020026235 
409 469 19 22 0.02001771 
