37_Soccer_soccer_ball_37_720
47
860 186 28 34 0.9994149 
449 30 44 59 0.9964976 
120 106 40 57 0.9925925 
516 336 17 21 0.9887156 
581 347 14 19 0.986406 
712 260 21 26 0.9592259 
446 310 39 40 0.23114559 
990 174 22 29 0.13465749 
274 199 14 15 0.0889256 
14 549 8 10 0.065677635 
567 354 50 60 0.06353676 
0 559 10 14 0.060791336 
748 217 24 30 0.052231796 
200 550 7 10 0.050399143 
683 431 17 21 0.04386241 
994 238 29 38 0.041759606 
624 494 12 13 0.040322907 
9 550 8 10 0.03762707 
999 184 18 23 0.036120005 
525 458 14 17 0.035714764 
992 423 6 8 0.035138786 
920 456 9 10 0.03349273 
593 429 14 16 0.03343174 
1007 324 13 16 0.032771975 
926 251 11 13 0.031861342 
573 375 29 32 0.03139666 
824 430 9 9 0.031193558 
583 427 28 26 0.031027125 
739 413 18 22 0.030069113 
146 511 7 8 0.029836727 
981 462 9 11 0.029146276 
41 502 7 10 0.029105226 
460 295 33 42 0.02885028 
708 290 16 21 0.025373397 
551 328 87 110 0.02458214 
77 526 8 10 0.024421949 
964 177 23 29 0.023894684 
744 225 14 19 0.023858037 
430 297 35 39 0.02344729 
9 544 7 10 0.02342364 
575 119 12 15 0.023140483 
607 388 12 18 0.022334196 
1009 415 8 9 0.021535117 
727 408 32 37 0.020791903 
558 94 11 15 0.020755801 
573 387 17 21 0.02017375 
1 552 8 12 0.020050555 
