37_Soccer_soccer_ball_37_60
27
849 481 30 39 0.99846554 
509 229 52 80 0.9855033 
229 447 30 35 0.9845286 
402 403 111 145 0.3098814 
412 291 52 60 0.29366723 
113 510 10 13 0.22191435 
373 456 108 111 0.13598558 
245 444 28 34 0.12407979 
539 699 46 32 0.11307378 
423 284 29 51 0.08586074 
804 45 183 250 0.065487064 
520 703 38 33 0.061068572 
774 557 12 16 0.05896892 
328 383 33 36 0.041704718 
509 684 36 37 0.038366895 
119 531 12 15 0.03276328 
323 399 18 23 0.029715303 
396 271 85 102 0.029293425 
318 394 58 58 0.028478466 
249 458 19 26 0.028051497 
786 480 25 31 0.02337748 
396 332 70 75 0.022300959 
467 854 12 15 0.021818463 
543 258 59 66 0.02169582 
530 709 41 34 0.02077956 
449 129 56 54 0.020415016 
817 457 24 27 0.020049306 
