37_Soccer_soccer_ball_37_583
607
795 252 45 56 0.9963074 
668 257 43 53 0.9943553 
285 287 45 56 0.9926373 
405 79 42 56 0.9919526 
796 98 40 54 0.9908375 
669 89 38 51 0.9907995 
272 97 38 50 0.9907761 
563 102 40 53 0.9844706 
417 266 41 52 0.98307264 
185 74 41 53 0.9780983 
527 274 42 52 0.97734 
137 45 10 11 0.27749297 
117 100 16 19 0.25943276 
98 47 8 10 0.22076613 
6 3 10 13 0.19260317 
129 7 8 9 0.19160007 
463 23 8 10 0.18651152 
856 87 8 10 0.17222795 
78 63 8 10 0.16713554 
121 78 8 10 0.16276717 
145 6 9 10 0.15484154 
432 23 7 10 0.15204537 
31 111 9 12 0.14260541 
65 76 8 11 0.13923058 
901 8 9 10 0.13753171 
119 96 10 13 0.13350633 
85 8 8 9 0.13089453 
65 71 7 10 0.12455075 
1008 85 8 10 0.12256432 
128 63 9 11 0.12184913 
121 47 9 10 0.12175719 
64 8 8 11 0.119532004 
646 55 6 8 0.11501697 
52 86 8 10 0.113232 
716 103 14 17 0.11313345 
398 2 8 8 0.10871194 
351 79 8 10 0.10838954 
334 427 14 15 0.10810892 
1 38 8 12 0.10646124 
366 71 7 8 0.106438674 
377 56 8 10 0.10331385 
48 88 9 11 0.101738855 
536 65 7 9 0.101348504 
535 2 8 8 0.10108765 
176 2 8 9 0.1001488 
494 15 7 9 0.09904781 
13 104 7 11 0.09888246 
310 41 6 8 0.09853465 
382 14 8 10 0.09662087 
656 40 6 8 0.09531706 
46 92 9 11 0.094300635 
82 7 7 9 0.09382556 
126 55 7 8 0.09364809 
367 24 7 9 0.09134605 
1001 70 7 9 0.08969463 
906 96 7 10 0.08866466 
681 53 8 11 0.08814102 
97 31 8 10 0.08770854 
279 14 7 9 0.086595945 
608 117 11 14 0.08596873 
576 14 7 9 0.08321048 
354 55 7 9 0.083148874 
327 71 7 9 0.0823135 
519 16 7 8 0.081399664 
671 16 6 8 0.08085283 
181 2 9 8 0.080805674 
440 23 8 10 0.080738515 
855 92 8 10 0.07914187 
505 32 7 8 0.07848714 
258 14 8 10 0.07834697 
544 85 9 11 0.077570185 
528 64 8 10 0.077292606 
330 39 7 9 0.07642437 
128 86 9 10 0.07600124 
311 69 7 9 0.07514951 
840 69 9 9 0.07457838 
143 2 8 9 0.07414218 
57 65 8 10 0.07321578 
681 48 7 9 0.07314003 
1005 61 8 11 0.07298585 
447 21 7 10 0.07289386 
160 37 7 9 0.07095831 
696 30 7 8 0.07061466 
352 39 7 9 0.07025262 
74 63 8 9 0.06978669 
537 29 7 10 0.069285385 
432 27 8 11 0.06723457 
345 32 6 8 0.0671137 
109 23 7 9 0.067056306 
328 31 6 8 0.066850334 
522 47 8 11 0.06629717 
353 9 7 10 0.06620125 
639 93 10 13 0.06619892 
664 39 7 9 0.0661332 
38 78 8 9 0.06589583 
121 0 8 9 0.065542705 
141 96 8 11 0.06538609 
494 71 8 12 0.065341525 
366 0 7 8 0.06504013 
111 55 7 8 0.06497119 
518 85 9 11 0.06478606 
54 81 7 9 0.06473892 
62 64 7 9 0.06467967 
742 95 10 12 0.06378076 
302 16 6 8 0.06374506 
600 57 7 9 0.06355256 
165 54 8 10 0.06310585 
136 95 9 11 0.06299208 
289 48 9 10 0.061535165 
69 78 8 10 0.061482746 
413 28 9 11 0.06116976 
957 98 8 9 0.061158888 
294 53 8 11 0.061136477 
141 40 8 11 0.060561854 
968 86 7 9 0.06026089 
135 22 7 9 0.059978265 
1014 79 8 11 0.059711713 
368 78 7 10 0.058905777 
394 0 8 9 0.05887622 
489 23 7 8 0.058454555 
258 8 7 9 0.05763714 
289 15 7 9 0.05749488 
363 24 7 8 0.05748909 
5 39 8 11 0.057457116 
361 1 7 7 0.057414137 
575 10 7 9 0.057264365 
537 114 14 18 0.057175886 
679 6 8 8 0.056240264 
712 64 10 12 0.055553082 
110 15 8 10 0.055520944 
1001 64 8 10 0.055472 
98 39 8 10 0.05503168 
128 13 8 11 0.05465895 
335 9 6 7 0.05413639 
981 95 8 10 0.054107413 
357 86 8 10 0.05381948 
155 21 6 9 0.05348617 
559 8 6 8 0.053416736 
102 38 7 10 0.05336244 
125 1 9 9 0.053116985 
512 87 9 12 0.052830175 
992 48 6 9 0.052825317 
52 109 12 14 0.05259139 
504 86 8 11 0.05248132 
592 9 6 8 0.052371956 
513 17 7 9 0.05207504 
113 6 7 9 0.052050516 
543 16 7 8 0.051994704 
310 46 7 8 0.051817477 
134 86 8 10 0.05155067 
398 5 9 10 0.051512413 
270 0 7 8 0.051379222 
329 45 8 10 0.05130453 
666 33 7 9 0.05111447 
152 16 8 9 0.050827567 
738 69 8 10 0.050673768 
17 33 7 9 0.050206136 
77 115 10 12 0.05004185 
495 39 6 9 0.05001066 
490 15 7 9 0.04995343 
70 71 8 11 0.049900997 
873 96 8 9 0.049627874 
929 95 7 9 0.049394853 
125 79 9 10 0.049205046 
568 54 6 9 0.049106177 
1 60 9 11 0.049082987 
39 45 7 9 0.049027644 
904 62 8 10 0.048987057 
87 63 7 9 0.048942693 
26 76 8 11 0.048941717 
447 17 7 9 0.048913386 
8 78 8 9 0.047732797 
32 64 7 9 0.047696155 
336 14 7 9 0.0475957 
458 23 7 10 0.04757347 
105 15 8 10 0.04752292 
537 25 8 9 0.04702504 
56 8 8 10 0.04693661 
69 94 8 10 0.046692345 
47 71 7 9 0.046660643 
110 106 14 17 0.046595838 
86 88 9 10 0.04639852 
74 25 7 8 0.04629707 
136 116 13 18 0.04588218 
71 87 7 9 0.045868363 
167 49 8 10 0.045782637 
505 93 9 10 0.045637593 
85 14 8 11 0.045613583 
321 63 7 10 0.04542668 
959 71 9 11 0.04541991 
161 48 9 10 0.045317743 
16 38 9 10 0.044734832 
88 119 8 11 0.044686165 
519 32 7 8 0.04462972 
441 16 7 10 0.04420719 
121 86 8 11 0.044082765 
34 38 8 10 0.044020154 
495 584 11 15 0.043730702 
488 300 27 34 0.043692138 
630 54 6 9 0.043664515 
7 119 9 11 0.043020092 
47 16 8 10 0.04290485 
495 9 7 9 0.042763013 
382 9 8 10 0.04272762 
318 16 7 9 0.04264806 
536 6 7 9 0.042648017 
358 56 7 9 0.042641424 
553 70 8 10 0.042538192 
360 62 7 8 0.042355403 
657 1 6 8 0.042232975 
687 31 7 9 0.042064916 
474 6 9 11 0.041760482 
82 46 7 9 0.041715275 
650 33 6 8 0.041706547 
40 72 8 10 0.04143594 
953 97 7 9 0.041356552 
111 38 9 10 0.041207574 
1007 104 9 11 0.041129403 
632 9 7 8 0.040873542 
103 52 8 9 0.04055484 
849 95 7 9 0.040473253 
648 141 10 12 0.040440395 
32 31 9 10 0.04036483 
63 40 8 9 0.04032547 
352 47 7 8 0.040171996 
312 65 8 9 0.04015021 
86 93 10 12 0.040081177 
88 55 7 9 0.040041696 
393 24 6 9 0.039573725 
47 22 9 10 0.039489683 
153 86 9 11 0.03947905 
975 87 8 9 0.039477255 
982 114 9 10 0.039471004 
38 40 7 9 0.039250698 
343 56 7 9 0.039130736 
111 87 10 12 0.03911384 
351 73 7 8 0.03903586 
325 64 7 10 0.03903491 
125 94 21 25 0.03903442 
664 46 7 9 0.038992897 
89 69 7 10 0.038956 
410 45 8 10 0.03894249 
479 544 22 29 0.03888225 
543 23 7 10 0.038839363 
158 0 8 7 0.03878246 
261 30 8 11 0.0385408 
1005 56 8 10 0.03848971 
170 2 7 7 0.038252156 
134 98 12 15 0.03820493 
431 16 8 9 0.037862312 
553 1 7 7 0.03783819 
464 38 8 10 0.037777923 
95 64 7 9 0.037708383 
157 16 8 10 0.03764653 
330 77 7 9 0.037554357 
97 51 8 10 0.03712305 
234 446 18 24 0.037085105 
896 31 8 9 0.037075065 
103 93 9 11 0.03706236 
520 9 7 8 0.036980033 
945 97 7 10 0.036944434 
782 263 14 20 0.036853157 
372 109 16 20 0.036712587 
72 57 7 8 0.03666704 
31 21 10 12 0.036632337 
125 94 11 13 0.036531437 
10 108 9 11 0.036490567 
81 40 6 8 0.036070984 
377 15 7 10 0.036054663 
702 52 7 9 0.035990056 
329 8 7 8 0.035988253 
63 54 8 10 0.035834838 
472 94 9 11 0.03567072 
149 7 8 9 0.03558095 
33 102 9 12 0.035503328 
337 56 7 8 0.035437826 
567 22 6 8 0.035288274 
30 16 9 10 0.035148196 
1001 111 8 10 0.034838676 
472 1 9 9 0.034757927 
128 31 7 10 0.034694538 
495 76 9 12 0.03463658 
534 94 9 11 0.034580268 
177 40 9 12 0.034532093 
864 48 7 9 0.03438089 
73 30 8 10 0.034240976 
178 366 23 34 0.03423057 
137 50 9 11 0.034110144 
863 144 9 12 0.03403523 
102 32 7 10 0.03392535 
698 48 7 9 0.033882353 
40 87 8 11 0.033766832 
145 13 8 11 0.03374221 
88 122 11 14 0.03373472 
95 94 8 11 0.033732817 
386 22 6 9 0.033639107 
134 78 9 12 0.03359624 
521 64 7 9 0.03344171 
410 40 7 10 0.03342279 
409 29 8 11 0.033283614 
718 55 7 9 0.033150967 
561 15 7 8 0.033150125 
440 614 26 26 0.03314768 
333 46 7 9 0.03271559 
24 71 10 12 0.03266842 
679 3 7 7 0.03257745 
41 94 8 11 0.032553393 
47 47 6 8 0.03253515 
670 39 6 9 0.032496374 
511 92 8 10 0.03246814 
586 46 7 9 0.03232798 
446 7 7 9 0.0322193 
48 7 8 10 0.032208614 
272 39 8 9 0.032157842 
929 32 6 9 0.032129534 
511 0 9 8 0.032116186 
607 55 7 8 0.032055035 
359 15 7 9 0.031854276 
784 56 7 9 0.03180839 
703 48 7 10 0.031692185 
49 79 8 9 0.031689517 
56 13 7 10 0.031476434 
961 78 8 9 0.031451024 
131 67 11 14 0.031399075 
79 67 9 10 0.031315237 
394 6 8 10 0.031314667 
111 61 8 10 0.03129206 
346 79 8 10 0.03125559 
2 71 8 11 0.031248052 
314 15 7 10 0.031220999 
880 40 7 9 0.03111084 
296 15 8 9 0.031068876 
93 119 11 13 0.03104641 
134 6 7 9 0.03082096 
95 24 7 9 0.030814445 
918 79 7 10 0.030786945 
934 96 7 9 0.03062068 
458 31 6 9 0.030443199 
134 108 11 14 0.03043028 
537 86 9 10 0.030407974 
279 9 7 9 0.030264102 
886 101 8 11 0.030254994 
256 30 10 12 0.030244347 
673 22 7 9 0.030125167 
552 46 7 9 0.030122967 
495 47 7 9 0.030104745 
591 47 6 8 0.030104276 
584 15 6 8 0.02988232 
358 7 8 10 0.029844722 
992 88 7 9 0.029784556 
288 32 7 10 0.029752424 
81 87 8 10 0.029742368 
296 9 7 9 0.029699134 
666 14 7 10 0.029695326 
545 40 7 9 0.029689051 
271 74 15 17 0.029678943 
16 63 8 9 0.029663097 
80 23 8 9 0.029447207 
868 438 14 18 0.029397786 
624 15 7 9 0.029353768 
716 67 9 13 0.029320426 
1002 55 8 9 0.029240789 
321 56 6 9 0.029089868 
527 41 7 8 0.02899618 
965 71 8 10 0.02899269 
861 84 8 11 0.02885114 
936 39 7 9 0.028818693 
943 79 6 9 0.028793637 
0 86 8 12 0.02879104 
991 64 7 10 0.028758017 
407 16 7 8 0.028667616 
655 7 8 9 0.028652351 
327 25 7 8 0.02864431 
56 31 7 8 0.028537903 
903 32 7 9 0.028530601 
390 95 9 13 0.028520856 
721 101 13 16 0.02849602 
177 60 9 12 0.028446153 
335 108 13 15 0.028118443 
111 30 8 10 0.028054394 
984 47 7 9 0.027990494 
69 14 8 10 0.027979191 
849 88 7 9 0.02789716 
362 69 8 10 0.027864514 
480 38 8 9 0.027859194 
191 30 9 11 0.027817253 
103 115 11 15 0.027810985 
975 56 7 8 0.02769279 
966 79 7 9 0.027629893 
881 71 7 9 0.027552368 
767 56 7 9 0.027515685 
470 24 7 9 0.027506027 
142 79 9 11 0.027459541 
308 453 11 15 0.027455471 
663 1 7 7 0.027451564 
258 99 22 33 0.02740994 
593 56 7 9 0.027404742 
976 63 7 9 0.027340047 
390 101 12 16 0.027328944 
913 86 8 10 0.027294122 
425 23 8 10 0.027258728 
559 1 6 7 0.027221117 
857 81 8 10 0.027188776 
903 39 7 8 0.027126703 
113 76 10 12 0.027123578 
817 46 8 10 0.027099185 
896 15 9 9 0.027063489 
70 8 7 9 0.027002469 
374 23 7 9 0.026907662 
326 55 7 9 0.02688507 
548 86 10 12 0.026872192 
499 277 28 35 0.026846522 
158 6 8 9 0.02682716 
665 8 7 9 0.026777878 
87 22 7 10 0.026737262 
640 16 7 9 0.026727537 
8 23 8 10 0.026511395 
976 47 7 9 0.026498556 
982 118 9 11 0.026498403 
511 31 7 9 0.02644888 
944 49 6 8 0.026431333 
0 32 7 11 0.026389392 
639 64 8 10 0.026323192 
912 32 7 9 0.026286418 
510 273 15 19 0.02620496 
306 45 8 9 0.026170952 
495 64 7 9 0.026083812 
969 56 7 9 0.026070593 
32 77 8 10 0.02601976 
705 38 7 9 0.026017925 
440 7 9 10 0.025965424 
6 61 8 10 0.025906136 
585 10 7 9 0.02587582 
545 47 7 8 0.02585636 
887 46 7 9 0.025693247 
909 7 7 9 0.025665887 
335 79 7 8 0.025632616 
698 15 7 10 0.025587235 
6 73 8 10 0.02551386 
574 72 9 11 0.025480922 
143 86 8 11 0.025473516 
262 24 7 9 0.025393428 
862 80 8 10 0.02521736 
607 91 10 13 0.025211224 
837 451 25 28 0.025075959 
454 114 16 18 0.025024962 
342 61 7 9 0.024979195 
78 30 7 10 0.024910772 
2 77 8 12 0.024847481 
711 46 6 9 0.02482787 
542 63 7 10 0.024799708 
257 21 8 10 0.024796987 
553 7 7 9 0.024754362 
205 5 10 11 0.02471366 
992 94 7 9 0.024700074 
546 56 6 9 0.024667203 
64 32 6 8 0.02456181 
504 16 7 8 0.024452612 
389 79 8 10 0.024451874 
480 55 9 12 0.02445141 
160 32 7 9 0.024396826 
394 64 7 9 0.024342924 
939 79 7 8 0.024272379 
904 25 7 8 0.024266826 
128 22 8 9 0.024229001 
2 0 10 12 0.024162956 
440 2 8 8 0.024117958 
269 61 11 13 0.024021596 
15 87 8 10 0.02396461 
519 22 7 9 0.023859484 
166 78 9 12 0.023852047 
604 111 21 27 0.023848554 
840 86 8 9 0.023805927 
287 63 9 11 0.023740334 
339 470 12 13 0.023579612 
709 40 7 9 0.023558697 
737 65 8 9 0.023540793 
48 103 10 12 0.023538183 
652 285 11 15 0.02351451 
849 102 8 9 0.023486683 
94 69 8 11 0.023477817 
920 33 6 8 0.023445053 
407 6 8 9 0.023380684 
455 16 8 10 0.023351287 
625 49 7 10 0.023345875 
943 31 6 8 0.023316061 
104 62 9 10 0.023297481 
1001 79 8 10 0.023288291 
26 15 9 11 0.02327889 
79 56 8 9 0.02325701 
448 172 15 17 0.023209604 
438 28 8 9 0.023204673 
136 2 9 9 0.023201711 
912 16 7 8 0.023164965 
170 6 8 9 0.02316304 
505 37 7 9 0.02314591 
289 22 8 9 0.023106748 
929 88 7 9 0.023081312 
1001 103 8 10 0.023067087 
872 64 6 9 0.023061145 
111 48 8 9 0.022981899 
862 40 8 9 0.022933628 
895 24 8 10 0.022903536 
347 38 6 9 0.02287742 
616 65 7 8 0.022846 
705 65 10 10 0.022812553 
593 0 7 8 0.022790419 
494 22 7 9 0.022774467 
322 31 7 8 0.022760304 
479 14 7 9 0.022708127 
30 70 8 11 0.02270683 
471 46 7 9 0.022611933 
137 107 21 28 0.022556394 
1004 69 9 10 0.022466075 
937 47 6 8 0.022370022 
353 1 8 8 0.022304218 
592 14 7 8 0.022272376 
558 64 8 9 0.022263411 
504 0 8 8 0.022240682 
985 70 8 10 0.022201871 
615 16 6 8 0.02212183 
574 292 12 16 0.0221193 
650 38 7 9 0.022117008 
680 40 8 9 0.02209347 
385 71 8 10 0.022084985 
58 54 8 9 0.022068605 
35 44 8 11 0.022041647 
954 72 7 10 0.022016931 
951 120 8 10 0.021981169 
601 0 7 7 0.021966176 
716 92 13 15 0.021942738 
140 0 21 25 0.021937557 
303 21 7 9 0.021926412 
366 29 9 9 0.02189511 
999 32 7 8 0.02186335 
501 79 9 12 0.021817472 
909 95 8 9 0.02181743 
502 55 8 9 0.021781923 
959 47 7 8 0.02174912 
705 69 12 15 0.021733658 
6 123 10 13 0.021708976 
314 8 7 8 0.021700142 
320 23 7 9 0.021678114 
33 86 7 10 0.021647142 
990 69 8 10 0.021644445 
737 7 8 10 0.02159208 
673 1 7 8 0.021591457 
111 92 11 14 0.02158063 
678 16 8 9 0.02157663 
747 100 10 14 0.021554647 
679 22 9 10 0.021520156 
344 85 8 11 0.021466726 
632 49 7 9 0.021466715 
361 29 8 10 0.021446636 
863 53 7 9 0.02143378 
600 41 7 9 0.021307642 
490 8 7 10 0.021304127 
641 22 7 9 0.02129519 
506 24 7 9 0.021274509 
293 71 8 10 0.021195156 
159 79 10 13 0.021187946 
449 39 8 9 0.021132478 
314 297 30 45 0.021130601 
893 86 7 9 0.02108637 
734 90 21 26 0.021073192 
156 90 12 16 0.021049554 
817 15 8 9 0.021045353 
954 100 8 11 0.021044917 
332 428 21 24 0.021016909 
230 4 9 12 0.020963348 
112 71 9 12 0.020961381 
550 24 7 9 0.020959808 
49 31 7 9 0.020951044 
984 64 8 10 0.020916173 
262 6 8 10 0.020910382 
119 40 8 10 0.020865193 
868 119 11 12 0.020861033 
311 86 9 12 0.020846326 
13 119 9 11 0.020832065 
345 72 7 9 0.02080073 
522 39 7 9 0.0207714 
377 47 7 9 0.020730337 
451 571 14 17 0.020698683 
63 47 8 10 0.020651577 
431 8 8 9 0.020615479 
356 116 12 14 0.020591632 
498 83 9 12 0.020431744 
983 88 7 10 0.020389857 
366 64 7 9 0.020387804 
257 53 8 11 0.020361573 
921 95 6 9 0.020329166 
200 2 10 10 0.02027296 
706 0 7 8 0.020252215 
346 47 7 9 0.020242482 
147 115 13 16 0.020231096 
275 80 17 18 0.020189997 
142 110 13 17 0.02018437 
241 17 7 9 0.020174453 
748 95 8 11 0.020162346 
289 10 7 9 0.020137563 
975 80 7 9 0.020113979 
710 0 8 8 0.020081071 
57 39 7 9 0.020050416 
322 68 8 10 0.020046754 
639 47 7 9 0.02001984 
585 56 8 10 0.020012537 
978 113 8 9 0.020011842 
