37_Soccer_soccer_ball_37_867
212
685 108 49 64 0.99878675 
386 206 33 44 0.9984989 
251 238 48 62 0.9977825 
518 219 48 67 0.9960097 
507 58 52 68 0.99598527 
85 290 29 36 0.9816722 
900 226 42 54 0.937853 
480 256 26 36 0.45021054 
443 373 15 20 0.33463755 
7 240 8 10 0.21373837 
575 304 37 52 0.12978035 
23 300 9 12 0.12643972 
153 363 12 16 0.12601955 
50 281 8 9 0.11911728 
16 312 9 12 0.11370779 
64 288 10 12 0.11195826 
451 385 18 23 0.104568996 
64 438 12 13 0.09968355 
33 266 8 10 0.0984676 
485 312 15 18 0.09342422 
792 271 8 9 0.08717076 
79 276 9 11 0.083790556 
105 370 13 15 0.082971066 
20 228 10 11 0.07691742 
6 298 9 12 0.07518221 
31 280 9 10 0.07454928 
150 289 8 11 0.06607312 
471 337 16 20 0.0655335 
753 269 15 17 0.06344158 
3 240 8 11 0.063367434 
53 278 8 11 0.062039852 
844 277 10 11 0.061322507 
120 209 8 10 0.059963025 
21 308 10 13 0.05976082 
513 545 38 39 0.05227239 
356 322 26 31 0.052250333 
13 239 8 10 0.051942278 
123 386 13 17 0.051252156 
36 191 391 518 0.051163558 
261 111 8 10 0.050210226 
94 185 8 10 0.04973091 
24 280 8 11 0.04705277 
17 299 11 13 0.046778347 
88 184 8 9 0.045757342 
215 184 7 9 0.044338524 
25 247 8 11 0.044151455 
557 152 47 58 0.04388891 
240 128 8 10 0.042970236 
447 378 19 22 0.04266611 
120 231 8 10 0.042213097 
814 273 9 11 0.042210303 
31 128 6 8 0.041552532 
50 112 6 8 0.04099556 
459 687 13 15 0.04062707 
101 390 10 12 0.04040107 
125 379 26 34 0.040083632 
29 247 9 10 0.039373115 
175 287 10 11 0.03899734 
178 229 7 10 0.038855594 
31 150 6 9 0.037950043 
266 137 8 9 0.037771292 
200 273 8 11 0.037253726 
239 133 9 12 0.036984976 
135 375 27 36 0.03661769 
14 183 7 10 0.035699673 
242 261 9 13 0.035210814 
797 270 8 11 0.035197068 
19 370 13 15 0.035181735 
126 175 8 10 0.03510968 
169 304 9 11 0.03509242 
17 111 8 10 0.03496518 
9 314 10 13 0.034960646 
253 209 9 11 0.034514483 
178 142 8 9 0.0342358 
17 223 10 12 0.033530477 
108 262 9 11 0.033306383 
126 208 7 9 0.03291115 
71 208 8 9 0.03283402 
23 332 12 15 0.032774985 
138 159 8 10 0.032615446 
840 251 12 15 0.032391347 
73 277 9 11 0.032368764 
105 159 7 9 0.03231817 
47 183 8 10 0.032280672 
333 342 10 13 0.032107897 
24 341 13 15 0.032063115 
32 200 8 11 0.031933803 
15 246 7 9 0.03172116 
80 185 7 8 0.031715874 
186 239 8 9 0.03153655 
110 167 7 10 0.03131404 
144 272 8 10 0.03119891 
22 160 9 10 0.031101111 
301 167 10 12 0.030747995 
39 167 7 10 0.030744389 
63 279 9 11 0.030454315 
152 245 9 12 0.030382719 
914 252 33 40 0.030316204 
285 156 8 11 0.030257609 
137 312 9 11 0.030199809 
77 166 9 10 0.029897852 
55 166 8 10 0.029797304 
63 183 7 9 0.029718831 
80 111 7 9 0.029692195 
810 276 10 11 0.029561523 
2 299 9 13 0.029353123 
834 230 8 9 0.029149992 
54 112 7 9 0.029091323 
137 189 7 10 0.028919557 
135 184 8 10 0.028714037 
22 112 7 9 0.028687852 
786 269 8 11 0.02855976 
24 127 8 10 0.028519794 
48 158 8 9 0.02824814 
112 207 8 10 0.02808309 
95 167 8 10 0.02803922 
15 191 8 11 0.028006844 
539 427 14 17 0.027994297 
79 207 8 10 0.027959337 
22 192 7 9 0.027913459 
47 152 8 10 0.027631722 
150 369 12 17 0.027611015 
36 268 9 11 0.027575294 
58 191 8 10 0.027569292 
72 272 9 11 0.02754963 
485 396 10 14 0.027239671 
144 133 8 10 0.027229086 
822 290 12 13 0.027019253 
21 316 10 11 0.026828326 
183 255 8 10 0.026810158 
39 191 7 9 0.026756091 
53 284 9 12 0.026381241 
249 183 7 9 0.026327725 
280 153 8 11 0.026227618 
182 142 8 9 0.026220245 
731 269 10 12 0.026111579 
10 183 7 10 0.025936713 
224 177 7 9 0.025852436 
24 253 9 11 0.025711175 
105 167 8 10 0.025557792 
22 166 9 11 0.025414148 
38 279 9 11 0.02518775 
64 129 7 8 0.02515866 
125 255 9 10 0.024928391 
38 284 9 11 0.024862617 
420 277 14 19 0.02484232 
65 160 7 9 0.02470331 
41 128 7 9 0.024588648 
126 376 11 14 0.024475131 
833 224 8 10 0.02437196 
25 174 9 11 0.024290428 
57 199 7 9 0.024196146 
55 160 7 9 0.024145283 
103 201 8 10 0.02400618 
34 192 6 8 0.023916623 
57 183 8 10 0.02374776 
153 310 10 12 0.023709292 
96 216 8 9 0.02370549 
92 285 15 19 0.02353907 
73 135 8 9 0.023522899 
209 200 7 9 0.023308864 
40 173 7 10 0.02329417 
120 191 8 10 0.023239728 
542 419 13 15 0.02311839 
231 119 8 9 0.023039233 
24 182 8 10 0.022810718 
63 272 7 9 0.022635944 
178 224 8 10 0.022544233 
64 207 9 11 0.022267735 
121 292 12 15 0.022188842 
152 223 8 9 0.022108736 
139 318 9 11 0.022104876 
120 129 7 9 0.022066386 
165 232 8 9 0.021929745 
41 159 7 9 0.021904407 
356 452 14 16 0.021843283 
129 223 7 9 0.021789325 
113 212 8 11 0.02177173 
337 321 11 17 0.021700274 
42 315 13 15 0.021333257 
136 273 9 10 0.021326618 
94 279 12 13 0.021274472 
262 116 9 11 0.021170855 
88 167 8 9 0.021160008 
62 197 8 10 0.021140411 
102 459 12 14 0.02106314 
88 159 7 9 0.021060172 
104 239 8 10 0.021036891 
194 191 7 9 0.02099909 
45 485 13 19 0.020994859 
126 231 8 10 0.02095068 
269 141 8 9 0.020948881 
25 262 8 10 0.020926738 
62 191 8 11 0.020830486 
47 135 7 8 0.020810815 
191 260 8 10 0.020810185 
192 143 7 9 0.020774907 
61 436 23 25 0.020695126 
79 135 7 10 0.020614013 
182 230 7 10 0.020578295 
90 189 8 10 0.020543234 
254 149 8 11 0.02053884 
161 175 9 12 0.020432895 
136 223 8 10 0.020389382 
839 273 11 12 0.020347048 
281 127 8 10 0.020268332 
233 160 8 10 0.020237135 
129 246 8 11 0.020169102 
145 112 7 9 0.020141883 
147 364 23 31 0.02012999 
129 238 8 10 0.02007236 
96 160 7 9 0.020032022 
