37_Soccer_soccer_ball_37_113
41
519 149 125 173 0.9996675 
715 80 67 93 0.9848257 
428 102 38 47 0.9724426 
74 117 34 43 0.91813767 
205 26 51 62 0.898791 
274 168 35 42 0.8381376 
430 163 40 47 0.80000013 
224 238 38 47 0.32842803 
142 250 43 50 0.216842 
135 183 44 49 0.18727355 
83 110 48 58 0.1307073 
859 49 36 44 0.10808445 
354 820 347 453 0.09811917 
59 179 38 42 0.08533832 
989 133 34 47 0.08148773 
284 891 201 303 0.080961406 
98 198 27 35 0.07787521 
549 38 15 23 0.06542056 
923 266 58 60 0.052042436 
883 111 52 68 0.046664696 
734 107 60 90 0.044094313 
104 1053 481 522 0.04234819 
155 190 32 37 0.04106526 
538 167 329 465 0.041041054 
66 95 80 98 0.039334223 
280 155 32 40 0.03689787 
317 143 21 27 0.030877994 
475 525 290 301 0.02997031 
234 226 30 38 0.027397301 
903 86 47 65 0.026957102 
57 184 57 62 0.026562983 
183 296 18 23 0.024292922 
287 855 144 169 0.02398956 
155 42 44 55 0.023885239 
142 233 37 45 0.022196649 
270 367 56 57 0.021958904 
551 47 16 21 0.021880379 
39 162 92 100 0.021581013 
460 85 44 57 0.021348227 
680 97 35 42 0.020609098 
918 248 93 98 0.020229086 
