37_Soccer_soccer_ball_37_698
30
42 388 83 101 0.9765322 
889 453 48 59 0.96348464 
683 456 45 61 0.9305737 
500 473 72 89 0.9271209 
302 451 108 142 0.864189 
618 350 27 38 0.108593106 
744 454 39 51 0.08061773 
593 346 26 38 0.0656694 
711 455 46 60 0.04917865 
203 330 41 53 0.04464189 
616 691 11 15 0.043381155 
301 513 111 142 0.043333486 
710 529 46 55 0.041090682 
596 534 11 14 0.038000893 
852 435 40 49 0.036234174 
760 472 26 36 0.03403631 
551 710 11 13 0.029172026 
216 437 39 53 0.028153513 
839 445 37 47 0.026671154 
774 467 28 36 0.02648019 
773 504 15 17 0.026457595 
690 489 48 67 0.026402393 
145 365 9 12 0.024591336 
788 470 24 30 0.021931008 
598 351 40 53 0.021767259 
840 495 45 51 0.021542178 
149 359 8 10 0.021348007 
816 461 27 35 0.020944187 
672 539 42 50 0.020731043 
785 534 26 31 0.020531889 
