37_Soccer_soccer_ball_37_512
33
497 62 70 109 0.99502736 
256 344 53 71 0.29608256 
979 180 30 37 0.16340126 
910 10 38 51 0.1359356 
95 280 42 50 0.08385466 
44 328 41 51 0.079484515 
410 448 58 71 0.074111685 
257 53 51 77 0.060799424 
288 -1 29 31 0.058388744 
241 -3 89 118 0.051956546 
820 234 42 56 0.049201723 
894 360 41 50 0.048110276 
267 9 53 75 0.04363105 
796 60 81 122 0.042363834 
977 14 45 74 0.041216984 
4 -1 25 20 0.03915569 
1011 407 13 28 0.03804994 
-1 426 37 63 0.03752861 
572 383 39 52 0.036824163 
717 312 30 41 0.035676554 
413 286 117 123 0.035172492 
740 59 31 38 0.034846447 
0 72 23 33 0.032498516 
977 229 44 67 0.025514506 
195 383 38 52 0.025208494 
985 260 28 34 0.024901241 
977 187 46 66 0.024613315 
189 330 30 33 0.02395974 
732 293 42 54 0.023824535 
156 4 61 55 0.022585914 
650 428 45 56 0.022489453 
631 0 30 27 0.021507597 
467 10 22 29 0.020418523 
