37_Soccer_Soccer_37_114
144
459 179 54 75 0.9989286 
196 67 35 53 0.94514704 
143 51 16 19 0.735965 
514 97 18 22 0.7096668 
901 115 15 21 0.6736892 
78 120 15 19 0.5871081 
863 81 16 19 0.5277795 
139 126 17 20 0.51421386 
244 155 56 81 0.49855906 
991 93 23 31 0.4959196 
456 99 17 21 0.3342631 
443 27 17 20 0.3228497 
474 130 17 22 0.3094375 
949 54 17 20 0.29712108 
806 22 26 32 0.26718614 
896 43 17 21 0.24540077 
182 128 27 31 0.2201944 
402 76 15 19 0.20754777 
510 65 20 26 0.18993434 
864 190 17 22 0.18159004 
160 81 18 24 0.1802312 
129 147 16 21 0.17175099 
78 123 21 29 0.17034484 
804 95 17 24 0.165821 
105 24 15 19 0.16153122 
58 4 18 20 0.15635316 
657 58 26 49 0.15356241 
579 43 15 19 0.13954958 
759 513 63 56 0.11061698 
925 78 21 26 0.110108204 
989 170 15 19 0.108826526 
430 120 16 20 0.10150113 
69 217 22 27 0.09199625 
726 27 37 58 0.08942152 
206 83 42 40 0.086822905 
904 1 19 20 0.08383167 
558 306 14 18 0.082572185 
90 0 16 18 0.08130503 
88 55 17 20 0.080806985 
88 179 24 31 0.07860516 
51 231 12 15 0.07612951 
555 1 14 15 0.07303871 
531 19 22 28 0.071994565 
367 97 12 16 0.06979868 
253 28 27 38 0.068519905 
971 44 24 33 0.06730747 
636 1 17 18 0.06697419 
19 138 16 23 0.06597009 
507 59 16 21 0.06286417 
313 3 17 19 0.060639113 
741 7 29 38 0.05975392 
962 43 23 30 0.05952013 
307 9 28 34 0.05791174 
541 115 20 27 0.057165157 
708 51 39 59 0.056850918 
397 129 37 49 0.05631576 
46 229 21 29 0.053426888 
499 134 24 29 0.05244025 
568 291 12 14 0.05163589 
557 135 15 22 0.05042715 
215 56 47 59 0.050350886 
671 52 45 59 0.048757717 
117 104 15 18 0.048747897 
765 1 18 20 0.048706576 
967 34 13 16 0.048534665 
749 1 29 32 0.046034165 
658 35 24 40 0.04493163 
444 160 14 19 0.044049885 
620 90 14 20 0.043503575 
434 2 17 18 0.04314732 
795 108 28 35 0.039614286 
132 135 20 27 0.039200556 
29 92 23 29 0.03847863 
899 10 22 27 0.03652184 
708 23 30 49 0.03647157 
645 67 27 41 0.036140524 
414 124 26 31 0.036010627 
269 382 31 32 0.035223838 
829 110 16 21 0.034977943 
968 23 41 52 0.034467194 
625 58 15 21 0.03427549 
466 60 15 18 0.03414476 
115 114 22 31 0.033715002 
32 0 18 19 0.033420514 
546 126 22 28 0.033156604 
937 66 14 19 0.032688014 
484 58 14 20 0.031128416 
474 132 28 33 0.03082421 
751 15 18 22 0.030430686 
21 141 22 31 0.030290829 
911 12 21 27 0.029789655 
722 66 43 58 0.029261755 
511 203 14 19 0.027975863 
922 19 15 19 0.0277918 
367 107 23 36 0.027162513 
45 55 16 20 0.027002368 
738 13 47 59 0.026984373 
659 63 16 29 0.026692057 
457 107 19 23 0.026662577 
437 155 46 60 0.02659069 
10 129 22 29 0.026406804 
988 6 23 28 0.026320564 
54 224 25 32 0.026260823 
335 84 24 30 0.025946112 
560 300 20 27 0.02556228 
963 41 47 61 0.025289658 
550 295 23 33 0.025168346 
83 139 16 23 0.024648238 
439 152 23 31 0.024638018 
499 146 28 35 0.024635376 
724 0 38 39 0.024518082 
132 147 22 29 0.02430124 
73 0 26 24 0.023884187 
499 193 31 40 0.023564005 
228 79 37 45 0.023333546 
28 149 22 30 0.023203764 
857 67 24 31 0.023103349 
507 52 15 18 0.022834511 
137 192 18 22 0.02275358 
875 16 23 31 0.022566762 
58 210 36 48 0.022529786 
573 32 20 26 0.022222847 
257 25 18 24 0.022174146 
209 351 36 42 0.022088667 
931 70 21 28 0.021849714 
736 87 48 57 0.021843933 
180 124 41 52 0.0217604 
307 26 33 40 0.021685777 
233 47 45 59 0.021259006 
271 84 10 13 0.021223191 
531 342 13 16 0.021137865 
848 136 27 35 0.02108927 
245 22 28 32 0.021006834 
705 2 18 17 0.020848544 
892 1 18 20 0.020730048 
67 160 473 456 0.020652534 
187 110 28 36 0.020532405 
508 103 25 31 0.020524759 
831 0 28 26 0.02047945 
527 347 13 17 0.020374054 
904 345 9 11 0.020296656 
886 47 25 33 0.020236209 
257 39 31 41 0.020162446 
970 77 41 53 0.020124905 
