37_Soccer_soccer_ball_37_643
52
332 87 55 84 0.9994229 
739 42 58 79 0.9988398 
88 172 26 31 0.6191955 
109 218 30 37 0.5728005 
26 157 26 32 0.36036226 
986 312 30 40 0.27616638 
887 6 27 31 0.2191861 
808 1 24 28 0.21522579 
279 82 35 61 0.18883897 
-1 186 25 34 0.15579301 
260 142 23 32 0.10321121 
543 57 30 33 0.09467742 
0 237 26 46 0.07912218 
234 0 26 28 0.07265325 
526 155 45 54 0.07085593 
125 148 25 33 0.06892841 
202 41 19 25 0.058692493 
623 94 31 36 0.058456086 
951 157 23 27 0.056216396 
549 46 43 51 0.051932957 
445 70 23 27 0.047154497 
616 161 29 32 0.04516973 
11 335 33 40 0.044936184 
50 261 30 35 0.044553123 
180 251 29 34 0.040610537 
947 62 27 34 0.038796235 
596 209 26 32 0.038609125 
162 59 19 23 0.037844166 
653 127 40 54 0.0370394 
529 136 33 39 0.035468597 
550 317 48 57 0.03426099 
193 195 28 32 0.032588102 
96 75 25 29 0.031466883 
48 -1 19 15 0.031383574 
844 32 26 32 0.03051088 
181 73 39 47 0.029032605 
550 20 25 29 0.028473634 
464 236 48 64 0.028159577 
634 38 42 56 0.02729036 
405 128 29 34 0.026365926 
0 -3 15 22 0.025626658 
0 147 14 22 0.025214225 
187 97 17 21 0.024483504 
628 1 18 22 0.02397068 
979 142 24 29 0.023075312 
832 24 44 55 0.021629274 
-1 229 13 23 0.021584272 
13 0 32 27 0.021538153 
977 291 45 69 0.021526037 
345 81 33 43 0.021124512 
471 229 34 43 0.021095438 
443 67 40 49 0.020245928 
