37_Soccer_Soccer_37_52
27
378 437 64 91 0.998988 
739 391 48 64 0.2606934 
472 982 51 59 0.101021826 
477 1012 62 56 0.08717109 
914 187 25 33 0.08116584 
753 378 32 56 0.070725404 
706 404 70 78 0.06483129 
284 487 56 66 0.06359246 
869 82 12 17 0.06216046 
859 348 17 19 0.04283408 
916 85 10 14 0.036237646 
750 82 56 68 0.035559013 
923 189 29 36 0.03536691 
992 133 10 14 0.033990856 
670 407 104 148 0.031323344 
900 27 16 20 0.029868117 
290 576 214 204 0.027367804 
297 850 204 266 0.026651982 
899 51 104 156 0.02606115 
156 127 101 122 0.025586724 
809 67 9 13 0.025061276 
261 509 60 71 0.024969732 
750 101 13 15 0.024863848 
87 -1 356 460 0.024187146 
710 80 97 115 0.022470444 
697 108 12 14 0.02163657 
1000 149 11 13 0.02003053 
