37_Soccer_soccer_ball_37_506
32
458 237 29 35 0.99556255 
610 264 31 40 0.9934263 
690 254 34 41 0.98902553 
408 246 28 35 0.9787617 
534 354 15 19 0.2550567 
499 388 15 19 0.20139202 
584 43 11 14 0.11679441 
712 224 11 12 0.06456586 
567 441 12 18 0.05837097 
535 313 13 16 0.0534183 
428 366 14 16 0.045414206 
600 45 11 13 0.041139644 
441 245 28 31 0.0376081 
552 302 8 11 0.03655207 
585 52 9 11 0.036442943 
-59 120 436 502 0.03236253 
525 292 10 14 0.030983144 
393 221 13 15 0.030187735 
440 222 12 13 0.029190196 
0 467 38 79 0.02851265 
583 432 11 12 0.027669854 
373 367 8 12 0.024877252 
622 271 20 25 0.024598328 
553 307 9 13 0.023490295 
423 370 14 17 0.023195745 
524 287 10 13 0.02275687 
397 349 12 15 0.022243453 
380 294 11 15 0.022220118 
586 39 12 15 0.020319123 
540 51 426 498 0.020314429 
513 349 9 14 0.020120354 
405 349 13 16 0.020091828 
