37_Soccer_soccer_ball_37_341
21
396 186 19 22 0.46710077 
396 232 24 35 0.43432686 
451 94 48 71 0.25169918 
364 266 27 30 0.23086943 
543 223 235 239 0.19517243 
596 338 197 265 0.18975961 
979 480 42 63 0.15402852 
379 183 12 16 0.108481206 
381 184 25 31 0.056278143 
627 459 130 159 0.053411324 
353 259 47 53 0.047864147 
521 144 55 78 0.0450208 
375 262 28 38 0.032347716 
464 127 57 78 0.0291178 
389 239 28 45 0.026136229 
492 143 56 71 0.025118511 
13 362 13 16 0.023437817 
434 120 353 421 0.02333938 
354 251 15 20 0.022387113 
58 259 488 448 0.02022945 
375 181 21 26 0.020092424 
