37_Soccer_Soccer_37_651
582
903 294 31 39 0.9998022 
495 306 29 40 0.9995307 
104 225 37 39 0.99428385 
3 211 25 39 0.98361266 
303 219 25 36 0.9358628 
463 98 16 19 0.52077276 
126 3 17 19 0.51813465 
323 475 28 33 0.5176769 
979 42 15 19 0.50655854 
217 105 16 20 0.49200433 
650 98 15 18 0.4158881 
584 179 16 19 0.3539974 
186 28 12 14 0.34645495 
411 101 13 15 0.34026507 
365 0 15 13 0.3149314 
239 224 22 29 0.31129932 
419 14 19 22 0.30242056 
661 155 14 17 0.29044643 
1006 2 17 17 0.26539293 
805 112 17 21 0.24316494 
545 11 11 13 0.23697285 
731 174 15 18 0.23424834 
174 171 13 17 0.22470841 
249 223 23 29 0.2247026 
674 130 14 17 0.22317412 
102 20 15 19 0.21375196 
193 228 19 21 0.21249135 
67 73 12 16 0.2097271 
709 137 14 18 0.20939055 
288 163 13 16 0.2068712 
1008 82 10 14 0.20678739 
460 53 12 15 0.20577188 
741 0 12 12 0.20033813 
565 53 12 17 0.19237986 
772 157 15 20 0.19166955 
777 204 16 20 0.18289147 
826 171 17 20 0.18035132 
215 238 22 29 0.17479192 
418 163 16 20 0.17469081 
617 127 10 13 0.17366657 
700 88 18 20 0.1681359 
434 105 15 19 0.16294785 
740 127 11 13 0.15815338 
604 83 13 15 0.1553177 
206 173 11 13 0.15401673 
368 77 12 13 0.14518625 
540 60 10 14 0.1448691 
68 11 12 15 0.14442347 
233 4 10 13 0.14065583 
867 53 10 13 0.1353338 
564 110 12 14 0.1330476 
276 75 13 17 0.13190845 
806 91 12 15 0.13056089 
254 3 12 13 0.13053218 
748 71 11 14 0.12998857 
38 74 12 16 0.12951078 
460 18 13 16 0.12893337 
93 86 11 13 0.12631689 
571 127 12 14 0.12335338 
1010 75 13 20 0.122072056 
390 98 12 15 0.12112388 
821 256 16 18 0.1204568 
213 228 21 26 0.11998519 
77 9 13 16 0.119378865 
226 81 15 16 0.114286155 
502 121 12 14 0.11346399 
1012 324 11 18 0.11096421 
232 170 15 18 0.10968919 
329 47 10 14 0.1089932 
647 175 13 16 0.10854018 
184 2 10 10 0.10759836 
641 85 11 15 0.10714972 
366 11 14 16 0.107142285 
716 135 14 19 0.10661613 
565 84 10 13 0.10645917 
605 92 13 17 0.1062704 
405 126 13 15 0.102339745 
706 168 17 21 0.10041399 
0 69 10 16 0.10000092 
944 81 11 16 0.09970566 
1011 135 13 21 0.09706908 
550 126 10 13 0.09702667 
738 25 14 15 0.09573632 
182 5 11 12 0.09124512 
172 173 21 26 0.09094113 
516 68 13 15 0.09033544 
358 21 11 13 0.08790623 
204 24 14 17 0.0874918 
973 90 17 20 0.08661117 
32 20 12 15 0.086206794 
844 148 13 18 0.08591508 
153 171 10 14 0.08412363 
600 4 11 14 0.08343356 
219 247 23 31 0.08337477 
20 22 12 15 0.08185907 
270 92 10 12 0.08185361 
108 69 12 16 0.0813856 
172 184 15 18 0.080100425 
161 227 25 25 0.08008165 
199 0 11 10 0.08007824 
665 147 15 18 0.07864726 
309 70 10 14 0.07821096 
131 89 14 16 0.07790191 
311 125 12 14 0.07741442 
97 167 9 11 0.07735479 
188 110 12 15 0.07726809 
359 0 14 13 0.076137744 
245 27 12 13 0.0739269 
975 34 15 18 0.07307934 
117 19 12 15 0.07262801 
588 5 10 13 0.072359696 
304 61 10 13 0.07142528 
46 164 10 12 0.071386665 
176 13 10 13 0.0709304 
401 47 10 14 0.07070953 
646 30 9 13 0.07057199 
78 1 12 13 0.07031818 
495 18 12 14 0.06979138 
119 186 11 14 0.068644345 
94 47 11 15 0.067688584 
374 137 404 430 0.067515135 
584 125 10 14 0.06736862 
167 27 13 15 0.06699808 
237 3 10 11 0.06699002 
261 3 10 12 0.06652698 
247 45 10 12 0.06638099 
64 178 10 13 0.06602348 
405 177 12 17 0.0653643 
336 179 24 31 0.06436747 
1005 66 15 20 0.063911065 
775 133 11 15 0.063194886 
1013 119 10 16 0.06301347 
351 0 13 13 0.06250992 
207 178 12 15 0.06239096 
997 56 15 21 0.061526325 
805 126 17 20 0.061113436 
469 60 13 17 0.060973626 
599 101 10 13 0.060708947 
647 0 9 9 0.060519148 
988 5 13 15 0.060322154 
532 12 11 13 0.05929742 
510 85 13 17 0.058684137 
976 23 10 14 0.05867782 
515 74 14 18 0.058486607 
613 159 15 19 0.058397938 
663 161 17 19 0.05831166 
207 92 11 14 0.0572692 
699 203 12 16 0.057258315 
188 121 16 20 0.05684667 
302 13 10 11 0.056845643 
782 68 11 14 0.056682553 
249 4 10 12 0.05576439 
517 38 13 16 0.05539343 
740 139 12 16 0.054951537 
59 237 17 19 0.05480944 
235 98 15 18 0.054772373 
447 114 13 17 0.054635126 
564 12 11 14 0.05460006 
485 2 16 17 0.054190125 
30 38 11 14 0.054083787 
669 138 16 19 0.05400946 
705 97 15 18 0.053635404 
644 90 15 19 0.05353893 
550 196 13 18 0.053424668 
15 25 12 15 0.053330664 
429 0 12 13 0.052811157 
222 58 12 16 0.05224313 
534 198 11 14 0.052227426 
568 254 23 27 0.052037224 
407 62 10 15 0.052016187 
781 82 12 16 0.052014228 
180 11 11 15 0.05176606 
223 223 23 30 0.05161705 
328 1 9 10 0.051608417 
205 165 14 17 0.051293485 
396 15 11 13 0.050988425 
37 82 13 16 0.0504735 
24 92 9 13 0.05037243 
175 53 12 14 0.05004115 
16 0 11 11 0.049845215 
374 99 10 12 0.04970758 
394 245 27 35 0.049553953 
385 98 10 14 0.049088996 
990 127 11 13 0.04904124 
678 156 15 18 0.048667565 
974 49 14 18 0.048410326 
371 72 12 14 0.048293635 
359 94 10 13 0.047543265 
214 87 10 13 0.046933778 
444 138 16 20 0.04665663 
156 100 11 13 0.04660508 
180 52 14 15 0.04656351 
527 13 12 15 0.04605267 
560 336 17 24 0.045963116 
0 15 9 12 0.045298357 
488 37 11 13 0.045294624 
269 485 24 27 0.04529295 
442 108 14 18 0.04528555 
900 0 13 11 0.04524098 
541 66 11 15 0.04509727 
259 161 16 18 0.045092955 
659 17 14 17 0.045018718 
240 45 10 12 0.04493167 
353 22 10 12 0.044887993 
285 3 11 12 0.04452887 
52 20 11 15 0.04447407 
213 92 11 15 0.04444554 
568 91 9 12 0.044237968 
256 75 10 13 0.04401481 
701 57 13 16 0.043941103 
845 139 14 20 0.043894846 
173 20 11 15 0.043852355 
515 90 16 19 0.04368863 
453 107 14 19 0.043679338 
536 135 10 13 0.043605074 
628 0 11 11 0.04354444 
701 105 16 19 0.043516517 
303 0 9 10 0.043481804 
942 123 11 15 0.04347231 
179 183 15 19 0.043374192 
285 39 10 12 0.04332692 
280 52 9 12 0.043290198 
82 3 13 16 0.043258276 
591 103 9 11 0.04307254 
462 25 13 16 0.043070886 
37 38 10 13 0.04304034 
127 173 10 13 0.043025255 
302 7 10 12 0.042795185 
222 101 22 25 0.04270751 
201 232 16 18 0.042653978 
692 13 11 14 0.042500395 
62 15 13 18 0.042392377 
271 35 11 13 0.04233337 
392 18 11 14 0.042179774 
32 14 10 12 0.0420373 
725 7 11 13 0.04172297 
292 399 23 31 0.041516617 
566 103 10 12 0.04088156 
847 133 13 16 0.0405624 
230 122 13 17 0.04050995 
459 207 13 16 0.040504273 
467 53 12 16 0.040270954 
311 0 11 10 0.040098444 
731 162 16 19 0.040052895 
305 66 12 15 0.039995622 
750 81 12 15 0.039941918 
421 6 15 17 0.03993163 
184 34 13 15 0.039916407 
397 162 12 16 0.039915692 
131 172 12 13 0.03976031 
968 55 10 15 0.039564673 
724 22 11 14 0.039362222 
87 93 12 14 0.039361052 
421 101 11 15 0.039308347 
254 38 12 15 0.039247368 
325 317 25 32 0.039052103 
204 0 9 9 0.03900124 
200 26 11 15 0.038876355 
504 91 12 17 0.038870268 
167 84 11 14 0.038828842 
694 38 10 13 0.038754623 
168 186 11 15 0.038663108 
120 76 10 14 0.038623422 
500 20 12 13 0.038443383 
67 174 10 13 0.038315434 
119 167 10 11 0.038279593 
174 224 24 27 0.038246326 
414 138 12 16 0.03820239 
694 45 9 12 0.03819707 
655 14 12 15 0.03817034 
434 142 18 21 0.03810178 
202 123 15 18 0.038021296 
188 52 14 15 0.037965953 
687 131 11 15 0.037945606 
735 4 12 14 0.03753855 
271 1 11 11 0.03733443 
278 3 12 12 0.037268143 
805 96 15 18 0.03706805 
714 188 14 17 0.037024003 
1007 502 18 45 0.036927894 
262 117 12 15 0.036647424 
639 161 13 17 0.036646955 
227 185 15 20 0.036608104 
701 0 10 9 0.03646117 
280 37 9 12 0.03606675 
296 45 9 11 0.0359035 
302 56 9 12 0.035860937 
636 53 10 13 0.03585829 
547 17 14 15 0.03572003 
141 212 12 16 0.03569364 
95 1 11 13 0.035541248 
843 158 16 22 0.035360307 
318 109 11 14 0.035347182 
700 129 20 26 0.035160907 
182 22 13 16 0.03502662 
259 170 14 17 0.034943055 
366 111 10 13 0.03491604 
33 77 11 14 0.03470323 
816 252 26 31 0.034643438 
475 136 14 18 0.03457103 
260 37 11 14 0.034564134 
556 36 10 13 0.034347042 
495 146 14 18 0.03432327 
212 26 12 16 0.03422212 
560 115 10 14 0.034071665 
660 3 14 16 0.03406291 
659 166 16 19 0.034000818 
892 507 17 21 0.033987876 
984 290 31 37 0.03391344 
261 76 10 14 0.033636235 
326 101 12 14 0.03358449 
242 93 13 16 0.03357624 
610 98 12 16 0.03349997 
196 53 10 13 0.033375416 
125 77 15 17 0.03329046 
369 83 13 15 0.03300122 
561 7 10 12 0.032941226 
0 29 8 13 0.032928575 
706 158 16 19 0.03292211 
991 57 13 19 0.03291646 
639 77 12 16 0.03290367 
324 106 13 15 0.0327753 
624 13 11 14 0.032775197 
267 161 15 18 0.032659724 
756 70 11 15 0.032603998 
271 83 14 17 0.032537904 
166 46 11 14 0.032376017 
972 57 12 15 0.032252748 
246 123 12 15 0.032235205 
54 239 16 21 0.032221694 
707 52 12 15 0.032197893 
190 0 12 10 0.03219039 
317 0 11 10 0.032116435 
553 194 18 22 0.03203474 
999 5 11 13 0.031988043 
30 93 10 13 0.031973686 
536 55 12 15 0.0319353 
227 113 15 19 0.03187764 
328 13 11 15 0.031857494 
535 8 10 13 0.03185652 
115 70 13 16 0.03169484 
94 78 11 13 0.031624608 
832 158 20 26 0.03140979 
241 22 11 14 0.031316154 
359 12 12 15 0.031052366 
157 232 16 19 0.03100384 
691 129 14 18 0.030979121 
165 53 11 13 0.030882759 
150 161 19 25 0.03069575 
957 98 11 15 0.030598283 
1009 145 13 18 0.030586122 
391 85 9 11 0.03057686 
253 126 11 14 0.030506626 
170 265 466 486 0.030504366 
228 92 14 16 0.0304572 
162 84 9 11 0.030348713 
90 96 15 18 0.03034609 
732 154 14 17 0.030293953 
519 395 25 28 0.030241564 
584 104 9 12 0.030176573 
127 167 11 13 0.030130701 
693 54 12 15 0.030121205 
21 88 10 13 0.030111963 
856 6 11 13 0.030101473 
139 3 13 17 0.029995231 
744 66 18 23 0.02997415 
169 90 14 15 0.029842898 
280 46 10 13 0.029761484 
228 176 16 20 0.029738814 
335 193 26 32 0.029697718 
490 0 14 13 0.029669764 
444 58 14 19 0.029506806 
492 35 11 12 0.029414177 
599 161 13 17 0.029370734 
251 29 12 14 0.029216804 
466 155 16 20 0.029186478 
221 171 13 17 0.029163642 
644 70 10 13 0.02914254 
204 157 16 18 0.028990172 
654 0 10 12 0.028939283 
274 71 11 14 0.028856793 
986 49 14 18 0.028854173 
68 17 13 17 0.028767016 
409 168 22 28 0.028744753 
362 84 10 13 0.02871762 
890 24 14 18 0.028709592 
64 166 10 12 0.028507905 
377 51 12 16 0.02849581 
649 85 17 20 0.028480284 
968 83 12 16 0.028410869 
749 0 10 11 0.028389355 
296 15 9 11 0.028355323 
294 21 9 11 0.02816458 
175 0 10 11 0.02810469 
490 389 17 21 0.028032478 
269 194 11 15 0.027959427 
981 174 11 15 0.027949968 
542 193 13 18 0.027833397 
275 159 21 25 0.027807493 
558 125 9 13 0.027761212 
21 14 11 13 0.0277193 
246 38 13 15 0.027695626 
201 172 12 15 0.027517317 
741 145 12 18 0.027509842 
229 26 11 15 0.027357189 
439 54 10 13 0.027351417 
14 85 10 13 0.027346186 
205 11 11 15 0.02717537 
551 120 10 12 0.02715951 
423 169 16 18 0.02701731 
176 7 11 13 0.027004976 
221 501 22 26 0.02689861 
188 103 11 13 0.026785519 
371 92 12 15 0.026747018 
1001 83 11 14 0.02673135 
1011 154 12 17 0.026726011 
307 237 25 35 0.026694298 
19 3 12 14 0.02668324 
596 5 22 28 0.026439315 
93 55 13 19 0.026322093 
165 0 11 11 0.026287012 
121 3 12 16 0.026239092 
488 322 28 38 0.026207495 
151 95 11 14 0.026170915 
522 69 11 13 0.026123602 
525 42 11 15 0.026086442 
367 99 11 14 0.025932286 
233 158 17 19 0.025930544 
238 160 24 25 0.025926614 
823 176 22 28 0.025843987 
160 52 11 15 0.025827661 
602 11 13 16 0.02570987 
674 147 15 18 0.025704361 
468 481 14 16 0.025543237 
163 162 21 26 0.025435407 
373 111 9 13 0.025344584 
784 118 10 13 0.025252718 
6 7 9 11 0.025241535 
461 86 14 17 0.02519996 
32 8 11 13 0.025176466 
262 54 9 12 0.025137305 
144 20 11 14 0.025134139 
101 204 12 16 0.025121484 
69 81 12 16 0.025097487 
468 146 16 22 0.025056722 
908 53 10 13 0.024993777 
572 93 10 13 0.024982551 
240 13 10 13 0.024966344 
839 152 15 19 0.02491046 
6 20 11 16 0.024877794 
78 235 15 17 0.024818853 
383 127 10 14 0.024792213 
579 252 16 21 0.024686562 
172 59 13 15 0.02457511 
104 209 26 32 0.024554458 
175 47 11 14 0.024530698 
119 84 11 14 0.024487523 
500 49 13 16 0.024415674 
412 80 14 17 0.024390662 
109 202 15 18 0.024219282 
72 103 9 11 0.024182018 
275 87 14 17 0.024153503 
204 3 10 13 0.02413483 
790 307 39 49 0.024105558 
603 137 13 17 0.024102867 
221 66 13 16 0.02399121 
5 125 10 13 0.023984686 
160 46 10 12 0.023952909 
313 129 13 16 0.023950228 
40 174 11 12 0.023940844 
736 130 13 17 0.023912871 
4 14 10 13 0.023860784 
598 106 10 13 0.023810888 
943 89 10 15 0.023800917 
123 179 11 15 0.02377849 
0 92 8 14 0.023772836 
419 145 22 28 0.023726314 
332 85 12 14 0.023719864 
99 12 16 20 0.023643447 
668 0 10 11 0.023612875 
997 28 14 16 0.023611285 
205 184 14 18 0.023607308 
295 0 10 11 0.023593454 
995 125 13 16 0.023588616 
310 28 11 14 0.023493417 
206 175 21 24 0.02346975 
114 213 27 36 0.02344514 
214 35 13 17 0.02342038 
294 40 9 11 0.02341374 
351 95 11 14 0.023388654 
360 164 11 13 0.023359325 
365 90 13 16 0.023356862 
524 86 11 15 0.023342492 
172 100 13 14 0.023340909 
150 231 27 33 0.023184728 
71 13 22 25 0.023116931 
406 146 13 17 0.023033483 
756 13 11 13 0.023025203 
428 139 17 20 0.023011833 
220 92 14 16 0.022984644 
927 0 10 11 0.02296458 
693 18 11 15 0.022940705 
271 44 11 13 0.022900002 
480 115 12 17 0.022808705 
450 52 20 25 0.022762295 
349 399 25 33 0.022728348 
84 206 11 14 0.022705566 
946 77 12 16 0.022685384 
332 94 13 15 0.022665244 
212 165 14 15 0.022533283 
194 116 14 18 0.022519266 
115 195 14 19 0.022518497 
712 194 13 16 0.022507155 
417 26 11 16 0.022498827 
478 106 12 17 0.022393962 
169 570 13 17 0.022310117 
727 52 13 15 0.02225731 
584 1 11 12 0.022202399 
521 14 10 14 0.022176607 
315 114 14 17 0.022156665 
869 24 10 13 0.022148302 
545 125 11 14 0.022138432 
601 80 10 13 0.02206874 
238 52 9 12 0.022064582 
194 110 13 15 0.022063347 
603 1 13 13 0.021984274 
540 30 12 14 0.021984117 
406 128 21 24 0.021901537 
110 166 10 12 0.021873463 
457 113 18 19 0.02182823 
719 26 12 16 0.021815171 
562 78 10 14 0.02177693 
44 169 12 15 0.021744493 
509 94 18 21 0.021734329 
320 103 11 14 0.021721942 
249 164 23 28 0.02171282 
510 42 14 17 0.021626517 
786 203 14 18 0.02161485 
424 23 15 19 0.021606753 
406 138 15 18 0.021576896 
722 133 14 18 0.021546738 
235 408 13 16 0.021546077 
537 166 10 14 0.02154344 
467 69 17 21 0.021515774 
36 26 12 15 0.021473952 
86 25 12 17 0.021447858 
755 82 12 16 0.02127559 
663 127 10 14 0.02123793 
868 58 11 14 0.021215802 
417 134 21 26 0.021106618 
614 122 18 22 0.02109801 
300 46 10 12 0.021072257 
787 124 13 18 0.020975938 
1002 15 18 19 0.020922804 
453 85 13 16 0.020840673 
475 53 14 17 0.020786507 
184 107 21 25 0.020765897 
572 247 14 15 0.020755986 
755 267 17 23 0.020724703 
733 12 11 14 0.020705193 
315 76 11 13 0.02067127 
210 171 15 17 0.020644195 
158 180 11 15 0.020623868 
908 19 12 16 0.020539287 
263 85 10 13 0.020520637 
444 100 14 19 0.020480106 
977 84 16 19 0.020354144 
446 53 12 15 0.020344827 
382 84 10 12 0.02033058 
663 142 14 17 0.020322457 
218 168 22 27 0.020318786 
701 21 10 13 0.020298872 
212 207 12 15 0.02029495 
655 162 14 20 0.02028144 
263 223 17 23 0.020251246 
695 6 12 14 0.020229435 
246 13 11 14 0.020212654 
549 84 9 13 0.020209037 
533 20 11 14 0.020179393 
725 1 11 11 0.020113003 
33 84 10 14 0.020096138 
398 4 11 13 0.020047776 
