37_Soccer_soccer_ball_37_841
22
419 347 93 127 0.9997713 
694 663 104 112 0.99937963 
520 568 115 133 0.09454952 
68 618 141 205 0.08437292 
12 539 316 452 0.074704446 
750 1317 14 18 0.06100547 
-44 -27 409 455 0.060382184 
542 609 82 74 0.059731543 
210 -4 50 43 0.049515128 
167 66 34 41 0.049246836 
763 831 108 110 0.04890158 
8 173 407 473 0.04125601 
234 337 398 393 0.031934664 
487 1233 31 32 0.031607307 
50 227 228 291 0.02830461 
139 387 109 114 0.027729345 
526 760 65 81 0.023968149 
341 476 133 145 0.023823908 
-13 733 480 425 0.02380366 
803 1308 12 16 0.021984493 
520 760 105 131 0.021638364 
87 334 365 464 0.020443315 
