37_Soccer_soccer_ball_37_238
22
758 289 25 31 0.99837554 
617 297 24 33 0.99635196 
414 248 24 30 0.99401915 
66 142 20 26 0.98501194 
778 320 28 31 0.10278758 
579 52 469 521 0.0541242 
6 322 520 565 0.047688212 
61 206 15 21 0.041068695 
754 460 25 34 0.040958382 
769 330 30 34 0.037927996 
783 331 29 28 0.036083322 
26 -29 397 514 0.03250776 
81 225 24 33 0.032303344 
731 341 13 16 0.029754354 
99 302 12 16 0.026561184 
801 354 18 22 0.025826631 
760 312 42 44 0.024966277 
784 344 31 30 0.02391651 
767 441 109 170 0.023638787 
725 338 12 14 0.021940792 
760 298 31 35 0.021766244 
749 340 14 16 0.020216161 
