54_Rescue_rescuepeople_54_817
28
785 645 67 77 0.9969228 
473 449 68 90 0.94220686 
260 717 422 557 0.35049886 
212 696 47 51 0.19581766 
179 592 376 526 0.11687382 
568 664 104 128 0.113902174 
437 2 34 27 0.10116396 
522 571 179 238 0.080766596 
426 445 79 104 0.076973066 
409 473 47 66 0.07674262 
59 509 361 538 0.061936714 
303 366 379 505 0.038798567 
263 690 25 33 0.036358483 
294 797 246 365 0.034340415 
691 310 166 252 0.0316122 
48 80 349 493 0.031332936 
231 685 47 51 0.031311296 
166 905 508 611 0.028024131 
172 353 196 275 0.02558777 
402 480 30 42 0.02443247 
356 483 29 40 0.021459918 
394 468 28 38 0.021253807 
386 444 81 111 0.020473866 
568 381 47 66 0.020408448 
272 444 102 126 0.020310078 
404 468 16 20 0.020199105 
591 1165 385 469 0.020152027 
558 304 100 140 0.02002285 
