54_Rescue_rescuepeople_54_531
32
363 125 206 299 0.9998981 
288 842 175 277 0.65962976 
644 983 44 71 0.47410247 
626 914 84 127 0.21564355 
614 133 55 55 0.13895443 
655 543 208 274 0.113944575 
384 542 54 71 0.08832683 
624 441 116 122 0.08259034 
287 382 101 114 0.07322185 
677 915 88 121 0.06007087 
311 434 58 72 0.05788125 
810 610 70 72 0.055828936 
262 704 358 484 0.04866187 
718 920 83 120 0.047478333 
683 481 118 141 0.04585294 
374 553 82 95 0.04483031 
662 459 70 75 0.044695772 
623 470 64 79 0.039134193 
284 868 415 507 0.037255432 
676 1124 98 110 0.034443248 
326 932 103 183 0.032614574 
315 451 36 46 0.03150816 
305 830 109 181 0.031185102 
749 591 126 106 0.031168848 
710 545 132 107 0.028728642 
584 404 43 46 0.027178533 
-4 242 182 290 0.026525354 
564 380 101 109 0.02573425 
610 912 65 96 0.02452104 
335 533 91 122 0.022660956 
299 34 134 129 0.021937352 
581 487 364 426 0.020469569 
