54_Rescue_rescuepeople_54_493
45
822 384 14 17 0.12364583 
703 319 10 12 0.09911754 
344 67 32 40 0.08920327 
406 84 10 13 0.08691128 
310 117 26 34 0.07108611 
713 310 8 11 0.057115614 
790 88 28 32 0.055139933 
1 64 17 36 0.051584873 
734 321 9 10 0.047307122 
680 502 21 34 0.046237912 
320 113 28 34 0.045698836 
53 200 12 15 0.043157954 
318 32 13 16 0.039928358 
687 383 11 13 0.03958171 
702 107 14 19 0.03808378 
804 413 13 16 0.03611308 
709 319 8 11 0.03581469 
62 201 13 16 0.033951532 
727 320 9 11 0.03307191 
716 310 10 11 0.031708144 
792 121 16 17 0.029737303 
710 325 8 11 0.029570485 
736 326 10 13 0.029487424 
875 86 34 34 0.028343063 
736 332 11 13 0.028041517 
726 383 9 13 0.027913485 
662 101 16 19 0.027740179 
718 320 9 10 0.027524054 
687 311 8 11 0.026329508 
306 122 15 21 0.025924753 
318 92 30 37 0.025507249 
697 302 9 11 0.025467705 
0 189 11 19 0.025126114 
431 151 22 29 0.025087224 
84 190 16 21 0.024774894 
667 285 11 13 0.023136742 
703 434 13 16 0.023132596 
724 342 9 11 0.021486131 
704 243 13 14 0.02116784 
702 296 9 10 0.021154983 
686 436 11 13 0.021134734 
353 121 25 37 0.020778893 
1 237 11 15 0.020767953 
65 -40 229 230 0.02070662 
0 212 10 16 0.020439405 
