54_Rescue_rescuepeople_54_924
31
641 305 29 32 0.97834396 
838 254 23 29 0.8837887 
472 249 28 34 0.61945885 
380 155 18 24 0.13059601 
873 248 20 31 0.065127805 
847 251 24 29 0.057796028 
636 403 11 12 0.056389503 
631 305 14 19 0.047298957 
567 93 10 11 0.04500642 
459 242 31 38 0.043629717 
463 257 42 43 0.043233328 
646 319 43 43 0.042779967 
639 108 16 19 0.038196433 
653 404 12 14 0.037978653 
573 378 12 17 0.036888555 
605 95 11 13 0.036468532 
653 338 35 40 0.036024068 
833 292 25 29 0.033852205 
567 394 12 18 0.028488856 
630 298 27 34 0.027203167 
971 460 11 13 0.026023176 
578 380 14 18 0.025094079 
458 224 27 29 0.024473011 
458 272 29 42 0.024408462 
471 233 36 38 0.023609607 
637 366 23 29 0.023384525 
648 420 13 16 0.022742521 
612 305 13 19 0.02225071 
651 415 24 28 0.02178422 
531 330 16 19 0.021480497 
463 226 16 18 0.021072602 
