54_Rescue_rescuepeople_54_54
45
729 390 37 35 0.98989797 
793 410 28 37 0.45077035 
128 506 24 27 0.09949114 
809 412 32 34 0.09806712 
100 512 22 29 0.06059985 
464 70 49 74 0.060370557 
616 18 53 76 0.059257448 
679 368 23 29 0.055099785 
47 38 188 217 0.05244314 
613 505 63 62 0.050376818 
519 85 28 36 0.0481354 
734 372 31 40 0.047557604 
634 293 28 29 0.04566305 
125 512 15 20 0.04043907 
55 23 124 143 0.040137753 
676 1 57 65 0.03761167 
547 429 37 56 0.03421123 
538 691 18 23 0.031299304 
529 96 17 20 0.031222165 
420 69 14 16 0.029505866 
507 66 58 74 0.02605861 
526 691 25 31 0.025883026 
893 564 56 74 0.025768626 
391 14 51 62 0.025593238 
474 85 29 37 0.02458145 
272 -1 57 48 0.0244296 
113 510 24 30 0.024127321 
175 494 23 28 0.023538645 
823 416 19 23 0.023531575 
634 7 60 77 0.023372702 
94 25 12 16 0.022108216 
559 138 12 16 0.022099312 
820 307 14 15 0.02201441 
702 470 31 35 0.021762919 
856 537 88 119 0.021548651 
485 96 14 18 0.021510033 
462 19 27 34 0.021207536 
590 29 55 72 0.021087952 
93 61 72 88 0.021014739 
66 35 15 17 0.02083585 
132 517 16 19 0.020643247 
622 575 53 51 0.02044956 
606 271 10 13 0.02031587 
906 482 18 22 0.02028622 
903 468 14 17 0.020245533 
