54_Rescue_rescuepeople_54_1049
18
447 217 111 154 0.99991 
638 393 96 125 0.9996742 
110 89 136 155 0.7815703 
636 138 106 124 0.610521 
69 61 212 284 0.15536651 
517 50 129 154 0.15313628 
598 209 54 69 0.08380339 
607 172 95 111 0.0687355 
627 195 117 132 0.058102965 
580 75 135 152 0.048591036 
17 20 355 456 0.04473649 
611 218 16 19 0.03771579 
610 241 31 39 0.033516027 
606 217 32 40 0.025798948 
71 221 36 44 0.022032687 
716 396 60 67 0.021932246 
524 -70 404 501 0.020151816 
617 70 188 240 0.020087693 
