54_Rescue_rescuepeople_54_159
335
884 25 33 41 0.99272716 
636 116 17 21 0.9530816 
632 173 29 39 0.9370193 
799 100 25 31 0.8982413 
351 116 20 27 0.8744827 
779 32 20 24 0.869563 
589 94 21 26 0.85679865 
808 37 18 22 0.8519646 
687 114 24 28 0.8493976 
811 61 19 23 0.8410851 
778 102 17 21 0.8389004 
716 87 19 21 0.7802214 
792 79 20 25 0.75182 
753 52 20 25 0.7446113 
795 87 24 29 0.5530892 
483 427 25 33 0.53121644 
299 206 18 24 0.502984 
357 399 21 29 0.49585542 
396 317 24 31 0.4943928 
571 86 13 17 0.40580878 
155 80 30 36 0.3663877 
520 181 19 24 0.3517317 
733 19 14 18 0.30795026 
511 393 24 32 0.29029083 
426 230 16 19 0.28771177 
299 554 131 134 0.25208718 
67 177 30 35 0.24569659 
686 94 16 19 0.22636673 
740 96 21 27 0.22109976 
850 18 24 31 0.20911235 
173 127 15 18 0.17302167 
387 244 14 19 0.17033742 
657 119 20 25 0.15640135 
847 16 16 21 0.14937155 
892 13 29 39 0.14403936 
221 278 21 26 0.1436911 
447 58 25 29 0.13448957 
711 18 14 18 0.1320872 
829 50 15 21 0.12696461 
141 20 17 19 0.12234927 
804 14 17 21 0.112560935 
753 132 25 33 0.11024319 
418 219 16 20 0.1059875 
210 292 16 19 0.105141476 
240 212 19 22 0.101726435 
746 90 17 22 0.09798113 
660 52 12 16 0.0977546 
549 171 20 27 0.09723826 
266 128 20 22 0.09503454 
445 49 15 17 0.09269666 
713 142 18 22 0.0916899 
900 3 25 30 0.089767955 
738 26 13 16 0.08721804 
761 102 17 22 0.08687636 
698 113 22 29 0.08657431 
294 80 46 59 0.08414804 
553 353 23 28 0.07997967 
707 112 15 22 0.07937439 
778 22 17 21 0.07643483 
798 71 22 26 0.07622983 
624 174 25 32 0.074906036 
353 322 26 33 0.073625825 
715 21 16 20 0.07303748 
858 24 23 33 0.06856632 
453 45 14 17 0.065366104 
621 162 25 31 0.06227819 
336 13 10 12 0.062252942 
725 16 18 24 0.060546476 
128 68 11 16 0.060200766 
149 65 15 19 0.059936907 
445 417 22 24 0.059201837 
356 280 15 21 0.05854208 
213 283 22 26 0.05784124 
783 103 23 30 0.057628863 
914 77 18 21 0.056834567 
101 83 12 15 0.055331886 
555 227 15 20 0.055192713 
620 160 16 19 0.05449352 
107 109 13 16 0.05371315 
434 413 13 16 0.051801793 
205 296 16 18 0.05086434 
173 246 25 28 0.05052561 
379 51 11 14 0.0504088 
359 52 13 15 0.050234083 
308 116 14 18 0.050058447 
312 273 18 23 0.04983259 
579 91 14 19 0.04942978 
447 94 30 33 0.04934242 
194 878 39 45 0.04910821 
692 14 13 15 0.0490323 
492 444 25 35 0.047454704 
132 188 29 31 0.046457544 
828 76 15 19 0.04627532 
395 45 11 13 0.045090225 
685 13 13 15 0.04455598 
652 126 17 20 0.04399778 
653 115 15 21 0.043870937 
740 13 12 15 0.043636594 
510 282 15 19 0.043606583 
373 387 27 36 0.04355312 
146 282 28 34 0.04335632 
794 31 21 26 0.042581845 
167 45 11 14 0.04169043 
677 118 16 22 0.041622095 
302 121 26 32 0.04116111 
703 13 13 15 0.04081117 
497 462 18 23 0.040086154 
104 114 14 17 0.040084258 
743 5 11 13 0.039753243 
154 231 15 20 0.039726373 
677 62 22 28 0.039424483 
291 423 24 27 0.039373618 
572 91 14 21 0.038744453 
288 201 25 33 0.03868201 
733 30 16 20 0.037929296 
203 33 25 30 0.03754199 
410 327 16 24 0.036483422 
539 370 16 20 0.036422208 
394 243 12 17 0.0361214 
785 64 16 19 0.036091406 
660 137 16 20 0.035717797 
521 388 17 24 0.035455868 
700 81 14 20 0.035217248 
341 118 24 32 0.034963246 
762 60 17 21 0.034840174 
500 403 26 31 0.034604028 
725 86 21 26 0.03430206 
108 98 16 20 0.034269903 
212 108 24 31 0.034244917 
763 45 14 18 0.034151036 
565 93 14 20 0.03412505 
351 23 11 13 0.03405192 
109 129 24 31 0.033918593 
447 280 15 18 0.033881474 
726 131 14 19 0.033329498 
416 226 14 18 0.033181503 
459 43 12 17 0.033093777 
475 26 16 21 0.033027966 
408 14 9 11 0.032929823 
346 110 34 46 0.032849725 
37 223 16 21 0.032672513 
378 528 26 30 0.032657523 
25 221 25 30 0.032650907 
103 39 10 13 0.03251525 
183 230 29 32 0.032219928 
536 151 44 53 0.03215845 
370 400 15 24 0.03200988 
687 18 14 15 0.031934187 
819 103 14 20 0.031887643 
415 52 12 15 0.031484894 
93 4 14 14 0.031217007 
690 41 25 30 0.030969577 
211 183 17 20 0.030736893 
443 77 31 36 0.030313112 
170 83 28 34 0.030239454 
734 98 15 21 0.030205298 
484 245 11 15 0.03019363 
261 304 24 29 0.030180963 
292 160 14 18 0.030153519 
285 156 16 17 0.030027702 
525 397 27 36 0.03002076 
308 77 29 34 0.029927846 
300 77 16 20 0.029894851 
56 266 31 35 0.02987819 
562 341 24 32 0.029751807 
350 350 27 32 0.029747345 
433 229 14 18 0.029727068 
263 93 12 15 0.029647006 
365 117 24 32 0.02954816 
248 76 12 14 0.029525863 
906 32 16 23 0.02951281 
143 97 27 32 0.029404754 
723 138 15 21 0.029351812 
648 184 17 25 0.02932226 
478 456 58 53 0.029288301 
300 137 16 19 0.029135788 
118 70 10 13 0.029067414 
568 80 12 16 0.0290294 
387 252 15 20 0.02899604 
24 62 11 14 0.028994447 
544 361 25 30 0.02897132 
250 112 16 19 0.02883821 
100 77 23 28 0.028706731 
252 73 14 17 0.028674731 
792 108 25 31 0.028522698 
394 50 13 17 0.028374655 
640 170 20 25 0.028283892 
302 162 12 16 0.028054655 
149 508 14 13 0.02797637 
711 85 15 20 0.027884878 
463 30 11 14 0.027823046 
409 355 17 20 0.027657308 
484 458 28 31 0.027581267 
477 432 18 22 0.027551826 
583 342 14 20 0.027436303 
316 117 14 17 0.027347885 
789 127 15 21 0.027097708 
205 76 22 30 0.026902653 
144 65 27 33 0.0268053 
315 124 24 30 0.026803602 
475 108 27 31 0.026613815 
759 27 13 16 0.02655761 
316 313 13 17 0.026521599 
833 137 15 18 0.026495412 
475 261 14 18 0.026416235 
203 312 32 36 0.026332887 
731 59 13 17 0.02622657 
445 23 12 14 0.026215393 
405 251 16 21 0.026033321 
438 354 15 18 0.025871277 
243 89 13 16 0.025819289 
190 306 14 19 0.025763312 
243 204 16 20 0.02570908 
398 15 9 11 0.025624925 
817 68 17 23 0.025588317 
712 148 25 32 0.025545446 
408 21 10 12 0.02551978 
620 177 18 24 0.02547589 
667 116 14 21 0.025436904 
118 13 11 13 0.025339603 
113 71 9 11 0.025177578 
375 45 12 15 0.025148908 
652 108 14 17 0.025133973 
305 107 30 38 0.025127092 
429 54 12 14 0.02481311 
542 354 45 48 0.02479468 
101 114 25 32 0.024762375 
693 165 21 28 0.024674287 
556 165 14 16 0.024640325 
197 241 24 28 0.024612844 
778 11 14 18 0.024502566 
811 95 23 31 0.024435472 
218 233 26 30 0.024423199 
536 386 32 37 0.02427308 
419 344 15 18 0.024236593 
357 316 16 19 0.024115264 
415 214 14 18 0.024086878 
36 235 45 55 0.024037568 
375 238 24 32 0.024005484 
558 94 13 17 0.024003156 
112 139 13 17 0.023955366 
298 197 17 21 0.023897853 
251 350 22 28 0.023882017 
403 308 15 20 0.02387689 
397 70 23 27 0.023687558 
567 317 27 41 0.023631768 
184 294 27 33 0.023588572 
274 133 27 29 0.023576232 
429 61 12 15 0.023485152 
458 50 13 17 0.023434978 
85 13 11 13 0.02340321 
600 96 14 21 0.023275556 
162 76 18 23 0.023200449 
502 62 10 13 0.023199264 
708 6 12 15 0.023129899 
308 94 17 24 0.023100419 
831 78 21 27 0.023067048 
763 21 13 17 0.023012513 
299 18 13 17 0.022971377 
668 60 14 18 0.022966497 
651 225 24 31 0.022931322 
709 100 21 27 0.022888778 
580 55 14 17 0.022884771 
745 49 20 27 0.022856524 
561 335 43 52 0.022705017 
195 305 16 19 0.022704374 
268 260 17 24 0.022662397 
494 470 34 35 0.02264206 
391 16 10 12 0.022635596 
446 493 32 45 0.022538535 
18 310 31 29 0.022526853 
127 62 21 26 0.02245452 
88 111 27 34 0.022312451 
295 244 44 61 0.022237126 
237 863 44 56 0.02222855 
434 404 15 18 0.022193965 
677 31 12 15 0.022105409 
309 318 24 31 0.022100272 
405 155 13 15 0.022087848 
119 184 31 37 0.022072999 
437 12 11 13 0.022035645 
605 201 15 18 0.022031493 
692 95 22 28 0.022009205 
652 98 15 19 0.021994324 
456 482 58 67 0.021992765 
700 26 14 16 0.02198371 
858 6 29 36 0.021963472 
680 11 12 14 0.021915218 
411 200 25 31 0.021771535 
130 235 24 30 0.021586677 
323 362 27 32 0.021583693 
194 100 49 56 0.021572951 
183 298 45 53 0.021564055 
375 312 39 48 0.021518566 
138 20 12 15 0.021495095 
631 82 13 17 0.021441052 
196 270 16 19 0.021332942 
262 87 11 14 0.021317579 
108 88 15 20 0.021247083 
394 303 37 50 0.021244865 
693 25 14 15 0.021191932 
466 433 25 32 0.021179093 
282 399 26 25 0.021171018 
62 165 14 16 0.02112256 
404 302 13 15 0.021061117 
103 103 21 26 0.021037795 
119 76 42 48 0.021026919 
306 80 17 21 0.020990277 
137 61 20 30 0.02098763 
34 309 15 17 0.020974183 
199 299 28 31 0.020960374 
768 59 22 25 0.0209554 
-1 108 39 66 0.020864898 
412 14 10 12 0.020852735 
702 125 22 31 0.020794984 
189 246 18 21 0.0207782 
675 161 14 18 0.020767445 
413 117 12 16 0.020709865 
577 334 27 34 0.020697521 
847 5 26 31 0.02059971 
776 6 13 15 0.020561036 
323 98 44 53 0.020360675 
742 451 13 18 0.02035442 
480 239 10 11 0.02034639 
94 29 10 12 0.020242913 
715 817 252 238 0.020239778 
855 791 51 62 0.020219047 
548 183 17 21 0.02018399 
460 427 22 31 0.02015991 
662 143 21 27 0.020138947 
223 81 26 33 0.020116469 
526 184 23 27 0.020088796 
771 132 14 18 0.020045731 
452 420 22 29 0.02002584 
641 125 18 21 0.020014083 
