54_Rescue_rescuepeople_54_191
40
809 254 55 66 0.999752 
931 275 38 46 0.9982864 
447 279 53 64 0.99743974 
663 276 37 39 0.99405307 
783 300 25 29 0.3761188 
85 362 15 18 0.27732512 
915 251 27 32 0.19857866 
1008 417 11 16 0.17025909 
662 493 53 44 0.12826027 
873 320 45 47 0.11203859 
780 308 32 40 0.073093325 
985 292 37 52 0.06704505 
586 202 413 455 0.058437534 
685 337 48 56 0.050749727 
932 202 25 28 0.049830616 
736 358 16 22 0.04518425 
979 290 27 34 0.04382958 
554 402 17 21 0.041923486 
643 376 16 21 0.04031825 
773 263 12 15 0.039898023 
708 301 17 21 0.03729731 
212 350 13 15 0.036902424 
663 365 25 30 0.036832567 
980 295 16 20 0.036805827 
892 224 13 17 0.034834582 
1003 294 20 26 0.031135213 
102 394 13 18 0.026606617 
568 540 11 15 0.026491107 
887 227 13 16 0.024705905 
495 289 13 16 0.024252491 
927 210 15 17 0.024091247 
1006 410 17 27 0.02392011 
499 192 28 35 0.0230078 
824 575 48 50 0.022604551 
997 311 29 42 0.022588149 
653 318 27 33 0.022005787 
892 306 34 39 0.021854555 
931 265 16 21 0.021213079 
701 346 30 34 0.020398837 
1000 277 22 34 0.020297155 
