54_Rescue_rescuepeople_54_840
69
65 771 202 301 0.5628398 
647 548 44 57 0.34650227 
410 691 116 92 0.25861472 
327 685 209 347 0.20994258 
222 23 179 202 0.18667415 
116 813 122 177 0.1633386 
934 565 106 90 0.16270545 
127 980 106 180 0.09718106 
921 889 29 44 0.08679777 
230 830 44 59 0.08114615 
732 -6 233 298 0.0786695 
534 861 55 83 0.076391324 
136 743 303 392 0.07152603 
784 760 46 62 0.067461826 
-62 265 396 456 0.065883055 
794 837 92 107 0.063510716 
643 700 43 53 0.05990757 
320 1076 27 35 0.056460444 
818 50 113 135 0.05278107 
673 561 32 51 0.048449837 
310 51 109 147 0.0458014 
456 701 121 99 0.045389798 
196 857 58 81 0.044629008 
787 688 99 89 0.041299064 
560 708 81 109 0.040661212 
881 846 64 85 0.039519336 
266 842 49 56 0.03910452 
526 1026 59 72 0.03825068 
384 796 129 209 0.037743885 
329 995 17 23 0.03755065 
657 572 34 46 0.037264686 
282 551 89 124 0.037085 
65 108 410 520 0.036976572 
440 713 47 43 0.036367632 
468 0 34 25 0.034683123 
826 872 44 48 0.03417994 
934 892 27 37 0.03342286 
75 1299 64 74 0.033222012 
848 198 39 47 0.03295875 
951 950 31 37 0.031192457 
908 513 111 115 0.030828567 
-1 724 335 474 0.030441374 
881 781 52 55 0.030306363 
214 502 374 399 0.02956452 
826 225 104 130 0.028493963 
118 866 165 287 0.027619148 
299 35 179 243 0.027412446 
851 796 111 126 0.027239295 
325 568 90 127 0.027168699 
321 942 31 35 0.02635705 
666 548 33 42 0.026301764 
806 513 224 189 0.026240366 
793 720 60 82 0.025844343 
281 850 29 35 0.02449954 
937 212 75 130 0.023693858 
410 730 73 65 0.023455596 
231 816 34 49 0.023049401 
215 848 55 70 0.022443658 
666 591 17 22 0.022223337 
449 801 125 161 0.022223247 
733 1405 245 223 0.022017384 
538 528 37 45 0.021972552 
684 427 40 37 0.021551406 
541 724 64 87 0.021492288 
688 695 35 45 0.021316102 
644 578 32 42 0.021283528 
607 535 46 61 0.021095779 
266 484 179 270 0.020725459 
798 679 61 64 0.020375472 
