54_Rescue_firemanrescue_54_478
25
526 89 64 80 0.98723793 
742 347 29 47 0.08444654 
477 10 39 59 0.052687217 
697 205 34 48 0.05091782 
775 287 34 37 0.03658455 
727 317 54 71 0.036475167 
3 264 15 20 0.033543285 
2 293 8 12 0.029130407 
435 306 342 435 0.028719803 
827 595 50 65 0.02813267 
990 95 9 11 0.027163181 
858 593 63 83 0.026216257 
91 531 25 32 0.025524335 
694 276 46 56 0.025073303 
989 100 9 11 0.024858091 
985 136 9 10 0.023629017 
1 287 9 13 0.023327945 
508 9 15 19 0.022681357 
976 94 9 11 0.022331074 
984 95 8 11 0.022184765 
604 238 57 58 0.021883206 
710 222 39 45 0.021547368 
718 292 53 64 0.021364802 
944 125 9 12 0.021072164 
789 589 150 163 0.020383993 
