54_Rescue_rescuepeople_54_188
34
398 94 212 253 0.99970514 
291 99 95 110 0.9989171 
692 14 55 62 0.9976394 
950 167 47 46 0.83143485 
233 21 51 75 0.33263105 
596 1 45 38 0.23926246 
843 129 25 31 0.23800598 
850 120 22 32 0.14230606 
251 5 33 40 0.11860121 
855 272 58 76 0.076997936 
21 55 13 15 0.07643686 
380 25 25 37 0.061950453 
316 179 61 71 0.057023484 
84 224 47 60 0.0567479 
93 78 44 62 0.054914124 
853 117 14 21 0.050260983 
955 446 40 51 0.043712363 
229 388 55 75 0.04226263 
115 222 44 53 0.037972882 
859 122 24 36 0.0340315 
782 271 32 44 0.032145005 
443 137 404 522 0.0320776 
0 328 202 281 0.03040457 
753 -2 35 33 0.03024575 
2 81 27 33 0.027023528 
311 35 15 19 0.025970852 
56 22 83 116 0.02515158 
827 262 57 68 0.024839897 
82 49 16 18 0.024660617 
942 173 33 40 0.023528365 
577 -6 62 68 0.023118462 
4 97 17 22 0.022748144 
837 134 20 24 0.022256033 
171 180 67 78 0.020630665 
