54_Rescue_rescuepeople_54_135
217
874 480 63 78 0.9986155 
503 1 52 67 0.9913657 
868 208 28 50 0.9873059 
942 218 24 38 0.9668522 
329 46 34 50 0.93081677 
43 554 71 60 0.870494 
997 230 24 32 0.47362363 
956 470 46 69 0.32896852 
962 367 36 44 0.30538 
696 340 17 20 0.2300302 
434 369 27 40 0.21376014 
175 165 12 19 0.21095805 
452 0 45 51 0.20144767 
155 179 21 30 0.19131234 
73 229 27 32 0.18621929 
118 373 38 55 0.18343091 
453 378 16 24 0.17830534 
662 579 44 68 0.17819375 
148 210 15 21 0.17674103 
166 231 13 17 0.16294245 
29 579 70 58 0.16222042 
949 213 34 42 0.15119438 
176 57 16 22 0.14193758 
907 398 39 52 0.1193675 
643 28 10 13 0.1147472 
850 362 46 57 0.111589745 
1005 411 17 34 0.110688694 
743 44 10 13 0.0979363 
669 500 53 63 0.09770673 
75 184 15 21 0.09252438 
149 201 15 21 0.08881284 
831 351 51 60 0.087668695 
165 170 24 34 0.08675655 
603 266 23 32 0.08463631 
686 127 9 12 0.08439451 
155 63 15 20 0.08128044 
770 329 15 20 0.07245871 
968 370 48 60 0.06933684 
252 159 28 37 0.06860458 
66 224 22 34 0.06848358 
86 229 27 29 0.06762328 
587 271 25 36 0.06713565 
499 1 35 41 0.06692414 
984 228 37 55 0.06569735 
795 296 24 32 0.065651506 
795 586 54 62 0.06367859 
651 489 44 59 0.062296372 
100 171 13 17 0.06071931 
101 176 19 29 0.05853039 
877 383 44 53 0.058416408 
739 410 31 48 0.057761762 
700 432 22 30 0.056631304 
82 104 8 11 0.056275103 
793 377 55 65 0.05624399 
414 25 28 36 0.054025568 
907 427 45 56 0.053327356 
825 320 49 59 0.05329583 
862 165 11 18 0.052774865 
922 414 32 46 0.05079239 
525 351 10 12 0.049645595 
763 323 18 23 0.04886427 
284 144 16 18 0.04832264 
213 352 36 56 0.04809972 
665 530 63 85 0.04756093 
76 271 17 22 0.04717964 
628 559 25 38 0.04697274 
780 326 59 78 0.046659913 
900 200 26 40 0.046363056 
150 548 28 41 0.045772944 
329 413 41 54 0.045577604 
413 17 45 59 0.04522432 
701 44 9 11 0.045096368 
737 318 10 14 0.045038596 
45 598 44 37 0.044369403 
684 578 95 97 0.043317124 
876 168 15 18 0.042994406 
963 219 41 53 0.04260591 
597 33 12 14 0.04206878 
835 334 28 31 0.04192478 
7 260 29 38 0.04189092 
868 169 14 17 0.04153577 
16 248 25 36 0.04079729 
623 29 8 12 0.04035386 
120 188 21 28 0.038221914 
123 306 32 35 0.037982088 
113 181 21 30 0.037703156 
878 220 33 37 0.037238386 
925 381 48 59 0.03711004 
953 464 32 48 0.036664985 
77 110 22 31 0.036219805 
84 107 11 15 0.03541923 
95 167 13 16 0.03505723 
476 333 11 13 0.03497712 
64 125 10 14 0.034854762 
57 210 16 20 0.03426621 
791 296 48 60 0.0339337 
159 221 22 28 0.03336092 
855 163 13 19 0.03333635 
849 213 42 59 0.033179145 
52 382 27 39 0.03260504 
100 222 22 32 0.032568008 
93 119 13 19 0.032556858 
742 319 9 12 0.0323169 
110 131 12 15 0.03218676 
811 340 86 98 0.031900648 
769 313 26 33 0.03151945 
159 177 12 15 0.031480428 
770 327 24 33 0.031377416 
923 276 38 60 0.031081032 
554 326 25 28 0.030739397 
925 209 33 51 0.030699475 
330 295 35 42 0.030687813 
282 23 48 63 0.030526169 
930 444 48 57 0.03035249 
0 309 40 59 0.030092096 
758 324 15 18 0.02986958 
112 139 11 13 0.029804612 
57 216 24 36 0.029650377 
71 166 11 16 0.029397003 
607 501 40 57 0.02915766 
991 391 32 49 0.029147396 
795 280 27 36 0.028915823 
36 359 45 61 0.028798308 
118 110 9 13 0.028258294 
811 297 51 63 0.02769017 
0 364 10 16 0.027450824 
149 211 24 31 0.027044443 
124 200 15 20 0.027016971 
134 250 23 27 0.026831053 
200 365 36 48 0.026617633 
779 334 29 43 0.026568588 
555 420 12 16 0.026515756 
804 401 47 59 0.026466949 
667 565 75 91 0.026320102 
947 362 79 94 0.026015935 
834 270 45 56 0.026000747 
132 209 27 31 0.025831146 
356 295 13 17 0.025731757 
298 136 26 30 0.025722513 
781 382 29 43 0.025624087 
127 197 23 27 0.02545915 
258 360 42 51 0.02540284 
233 169 45 54 0.025113089 
331 135 33 48 0.024983618 
60 260 15 20 0.024740648 
300 302 26 29 0.024668185 
846 385 47 64 0.02456491 
140 194 40 52 0.024407474 
276 125 48 54 0.02432331 
75 244 19 23 0.024207914 
748 317 12 15 0.024153126 
938 366 49 61 0.024128845 
71 247 28 33 0.024116306 
634 475 50 62 0.024058405 
167 394 30 35 0.02397935 
413 366 38 48 0.023963666 
595 281 15 21 0.023799554 
600 518 32 43 0.023777694 
688 234 32 33 0.023706699 
899 390 34 44 0.023701975 
899 458 54 71 0.023648085 
827 234 14 16 0.023644296 
1008 237 16 23 0.023592148 
787 306 15 18 0.023582017 
13 316 46 64 0.023483433 
83 130 13 14 0.023405574 
775 249 13 17 0.023303997 
11 586 58 60 0.023179127 
826 409 42 57 0.023071766 
578 266 23 36 0.023026643 
34 340 36 48 0.022836175 
973 394 34 48 0.022828894 
705 343 16 21 0.022813287 
252 154 46 55 0.022769414 
63 181 22 33 0.022700593 
500 0 20 20 0.02255999 
573 280 16 24 0.022239547 
202 170 44 55 0.022199804 
959 228 20 26 0.022177435 
175 163 29 38 0.022107396 
291 139 16 20 0.02205536 
556 325 16 18 0.021907544 
277 201 30 34 0.021611817 
934 491 52 70 0.021590292 
278 340 43 52 0.02152096 
776 305 27 33 0.021504365 
177 173 17 25 0.021462712 
860 198 14 19 0.021460008 
184 387 24 35 0.021391753 
780 281 47 59 0.02133261 
393 15 44 59 0.021321224 
67 115 21 28 0.02110049 
638 497 33 48 0.02107151 
922 405 18 27 0.021046963 
294 335 32 37 0.021001518 
516 416 17 23 0.020999739 
153 180 13 19 0.020922365 
76 169 12 16 0.02079224 
142 149 13 17 0.020761073 
346 294 24 32 0.020727754 
171 176 28 38 0.020616705 
117 139 11 15 0.020584777 
162 56 19 25 0.020564225 
344 364 36 50 0.020546492 
987 221 27 38 0.020530717 
796 249 25 29 0.020487148 
458 372 23 30 0.020352896 
397 21 26 36 0.020300806 
333 109 48 71 0.020289904 
0 300 26 46 0.02026018 
262 431 22 35 0.020222928 
239 411 41 57 0.020201381 
140 190 23 30 0.020081243 
976 359 29 41 0.020072632 
732 595 58 67 0.020072067 
54 204 14 20 0.020053197 
657 514 28 40 0.020007916 
