54_Rescue_rescuepeople_54_102
158
407 252 28 34 0.8955231 
548 236 9 11 0.797209 
397 246 29 32 0.17060213 
534 221 9 11 0.15360747 
493 216 7 9 0.14653476 
510 212 12 15 0.12809663 
512 208 9 11 0.12396387 
1013 306 10 17 0.10709602 
233 236 10 12 0.098656565 
580 364 26 30 0.09637822 
174 199 11 13 0.09283835 
264 239 9 10 0.08828503 
405 253 16 19 0.08613257 
732 371 41 58 0.08423451 
990 231 8 9 0.07412694 
518 207 7 9 0.06887914 
157 192 9 12 0.06766133 
1009 228 9 12 0.062280167 
344 308 34 39 0.06205162 
201 208 9 11 0.060594026 
565 222 8 10 0.05742887 
490 219 8 10 0.056715455 
984 196 9 11 0.053794257 
792 288 43 39 0.052038122 
542 215 7 10 0.049657945 
183 234 12 14 0.048422724 
678 191 8 9 0.047693983 
944 241 9 10 0.047380574 
949 240 9 11 0.046939388 
725 356 31 45 0.046835687 
974 232 9 11 0.046278454 
506 214 10 12 0.04552981 
483 251 15 19 0.045417532 
268 240 10 11 0.04525093 
30 200 8 11 0.044097073 
552 214 8 9 0.04403931 
478 219 9 11 0.043869425 
454 241 12 17 0.04349492 
878 240 14 16 0.04263312 
694 175 8 11 0.042388692 
223 238 9 12 0.042076692 
559 157 8 11 0.040902544 
1014 236 9 16 0.040731877 
469 576 18 21 0.03970391 
505 255 10 13 0.039099853 
511 248 10 12 0.038975846 
289 287 10 15 0.038251042 
679 169 6 8 0.03625861 
551 208 8 10 0.03589761 
537 244 10 11 0.03583609 
238 232 10 12 0.035627495 
495 198 8 11 0.035400733 
177 190 10 12 0.035371732 
397 256 17 20 0.035370313 
968 233 9 11 0.034989357 
562 254 8 10 0.034971535 
167 204 11 13 0.03493978 
257 238 10 11 0.034770735 
662 183 7 9 0.034419157 
504 199 7 9 0.03423224 
205 259 28 30 0.033615984 
182 184 8 10 0.033401452 
519 201 8 9 0.03331839 
442 309 13 15 0.03308433 
300 282 24 29 0.033077702 
559 248 9 10 0.032647304 
560 196 8 10 0.032225154 
418 261 27 34 0.032118857 
88 233 8 10 0.032055285 
673 175 7 9 0.03190725 
663 168 7 9 0.031547 
705 176 8 10 0.031028071 
53 166 15 17 0.030257547 
799 295 56 58 0.030203503 
54 172 24 29 0.030163478 
535 228 8 11 0.02923775 
536 199 8 10 0.029146984 
222 245 9 11 0.028994722 
332 523 13 17 0.028707791 
424 258 17 22 0.028524669 
998 230 10 11 0.028506743 
520 231 9 12 0.02841881 
169 198 10 13 0.02829768 
470 250 13 16 0.028116481 
160 204 10 13 0.028043345 
543 182 8 10 0.027777102 
472 219 10 12 0.027656304 
512 201 8 10 0.027617233 
688 184 7 8 0.02747729 
543 208 8 10 0.027425617 
59 169 15 18 0.027097613 
449 562 15 18 0.027073108 
244 239 10 11 0.026690274 
229 318 46 55 0.026635084 
454 216 8 10 0.026453726 
545 151 8 10 0.026351636 
541 219 10 11 0.026221685 
561 222 8 11 0.02604048 
754 370 53 71 0.026035307 
524 237 10 13 0.025956068 
153 195 11 13 0.02588447 
676 521 33 33 0.02578072 
446 231 10 13 0.025575113 
1013 224 9 13 0.025502024 
990 192 8 9 0.025499731 
182 188 8 12 0.025061456 
201 269 27 31 0.024985105 
506 206 9 12 0.024831755 
219 260 18 21 0.0244751 
544 231 17 22 0.024444088 
510 253 11 12 0.024388997 
424 329 25 30 0.024346966 
339 295 32 35 0.024309745 
662 198 7 10 0.024114164 
550 243 9 12 0.024101576 
551 152 8 9 0.0239549 
673 169 8 9 0.023863556 
959 239 8 10 0.023841284 
60 602 131 155 0.023778524 
390 258 16 19 0.023658779 
447 235 13 18 0.023645617 
679 247 9 12 0.023427559 
453 250 11 14 0.023339475 
744 359 45 61 0.02329924 
998 300 13 17 0.023295809 
551 252 9 10 0.023290047 
985 236 9 10 0.023190266 
543 255 8 10 0.022726344 
236 259 13 16 0.022672025 
231 242 11 14 0.022513721 
910 240 10 10 0.022218315 
576 208 8 10 0.02218484 
489 198 9 12 0.022104805 
657 177 6 8 0.021970375 
455 220 9 11 0.021943608 
518 387 30 34 0.021876125 
827 297 50 54 0.02184873 
145 277 8 12 0.021811001 
537 190 8 10 0.021687735 
529 215 9 11 0.021667074 
205 211 9 12 0.021541947 
546 0 436 506 0.021319143 
355 254 18 20 0.021291375 
165 292 14 15 0.021179331 
210 274 16 19 0.02108296 
492 253 11 15 0.020950455 
559 215 7 9 0.020871485 
703 193 8 9 0.020802004 
935 240 9 10 0.02076023 
990 235 9 12 0.02073391 
551 222 9 10 0.02068174 
1006 301 13 18 0.020664344 
542 190 8 10 0.020570947 
567 192 8 10 0.020524338 
514 190 8 10 0.020441422 
30 290 23 29 0.020394659 
496 348 12 14 0.020156018 
84 551 42 51 0.02009732 
