43_Row_Boat_Canoe_43_942
87
180 476 24 28 0.99247015 
910 460 27 31 0.9778867 
370 452 24 26 0.9585492 
467 437 19 24 0.9555487 
263 382 14 18 0.7155482 
835 383 13 16 0.2345404 
316 346 15 18 0.19270921 
948 475 12 14 0.124284826 
268 369 20 25 0.11453806 
478 469 21 28 0.114341594 
274 364 18 22 0.101045996 
1000 391 10 13 0.10009754 
484 461 16 20 0.09403105 
426 262 8 10 0.09370999 
540 399 10 11 0.07883216 
322 355 15 19 0.062834665 
366 512 24 29 0.062679105 
517 473 16 19 0.05310927 
844 368 14 17 0.052494347 
513 459 17 19 0.04932373 
191 475 18 22 0.0473088 
122 279 8 10 0.047195036 
841 365 11 14 0.044931322 
827 366 11 13 0.043409664 
395 452 11 14 0.04248668 
310 343 15 18 0.040462792 
425 258 8 10 0.037465565 
400 255 7 9 0.036932416 
914 475 19 22 0.035702076 
976 488 9 12 0.033837467 
549 387 14 17 0.03286456 
813 375 9 11 0.032617517 
373 515 33 36 0.032554045 
797 359 9 11 0.031654775 
266 378 24 29 0.03053482 
950 481 12 14 0.030457366 
191 342 9 12 0.030153003 
793 360 9 11 0.030104633 
193 485 16 22 0.030032715 
325 350 24 27 0.03000616 
943 468 19 23 0.028969131 
369 262 9 10 0.028785039 
408 152 8 11 0.027990106 
292 452 15 19 0.02753257 
405 507 14 21 0.027506549 
452 487 17 19 0.027115794 
263 356 38 44 0.026438905 
772 365 10 13 0.026377596 
77 279 7 10 0.025295231 
96 364 24 29 0.025229247 
386 452 13 18 0.024946116 
543 373 9 11 0.024855975 
510 455 13 16 0.024698988 
216 343 9 11 0.024468128 
409 507 19 29 0.02429136 
465 255 8 11 0.024221998 
80 272 7 10 0.023984352 
168 334 9 12 0.02373777 
528 320 10 12 0.023710612 
551 375 10 11 0.023501378 
334 373 10 12 0.0234264 
544 389 10 14 0.023211198 
190 490 25 29 0.023130188 
923 459 24 31 0.022956992 
288 336 10 12 0.022822147 
819 382 12 13 0.022543216 
638 379 11 12 0.022405425 
400 273 8 11 0.022369245 
556 450 12 14 0.022177402 
349 477 23 27 0.021890176 
278 368 28 32 0.021879507 
623 -26 411 493 0.021762831 
379 466 26 29 0.021604259 
165 244 8 11 0.021547168 
550 382 12 13 0.021182735 
91 285 11 12 0.021140998 
362 447 40 46 0.021042455 
844 377 14 17 0.020972252 
218 441 23 26 0.02094914 
552 447 12 13 0.02094808 
783 366 12 13 0.020633759 
933 465 13 18 0.020541858 
162 351 13 15 0.020527607 
557 381 10 11 0.020390363 
403 521 16 22 0.020369727 
288 369 17 19 0.02030275 
823 371 11 13 0.02021372 
