43_Row_Boat_Canoe_43_940
66
397 203 31 38 0.99910957 
676 300 28 35 0.9988617 
757 299 28 35 0.9986206 
309 187 32 40 0.9978066 
511 211 30 36 0.99764353 
248 239 25 38 0.9973808 
117 396 28 35 0.99321485 
525 426 37 44 0.9651975 
236 251 28 35 0.19260663 
3 269 27 41 0.14243972 
461 268 11 13 0.10955097 
222 300 14 19 0.1089955 
430 246 12 15 0.104646936 
778 377 18 23 0.090626106 
462 295 22 26 0.080217436 
421 304 14 16 0.07642714 
578 269 16 22 0.07064195 
366 252 15 19 0.06670355 
618 420 24 43 0.06641615 
93 231 24 31 0.065971605 
82 225 42 57 0.063470945 
20 257 37 51 0.061638843 
95 230 13 15 0.054634757 
229 259 26 32 0.053018168 
44 259 16 21 0.05274875 
455 267 13 16 0.05249724 
422 252 12 16 0.052224413 
608 241 41 53 0.05102034 
455 299 14 18 0.048339512 
628 431 13 23 0.047849327 
80 257 12 16 0.041452844 
101 238 14 19 0.041126456 
37 251 40 53 0.037710182 
627 251 14 18 0.03627425 
227 295 12 17 0.03575283 
444 285 11 14 0.034804765 
468 267 13 15 0.033365756 
222 310 12 15 0.033334617 
786 381 16 20 0.033120774 
383 244 10 13 0.032151695 
619 246 24 34 0.030847173 
38 252 12 16 0.029573372 
449 268 11 15 0.029423218 
621 245 15 20 0.029372973 
415 282 13 17 0.029126037 
63 236 15 16 0.027991194 
447 276 11 15 0.027784534 
567 272 13 19 0.027757045 
220 293 23 31 0.027579745 
107 235 14 19 0.027010756 
447 263 10 12 0.026509728 
608 267 12 17 0.025436126 
9 384 100 153 0.024896609 
477 266 14 16 0.024673231 
94 382 46 58 0.024645358 
456 263 20 24 0.02430785 
38 263 15 21 0.02430349 
574 269 38 45 0.024091931 
526 430 55 66 0.023881527 
623 239 12 14 0.023503987 
25 433 129 146 0.02308915 
689 388 17 20 0.023060054 
18 251 16 18 0.022780629 
10 251 24 31 0.02099567 
59 232 28 28 0.020762393 
879 329 171 235 0.020233737 
