43_Row_Boat_Canoe_43_251
30
460 245 21 27 0.917011 
623 275 13 16 0.45023242 
600 180 18 23 0.36661276 
579 238 13 16 0.19983293 
573 243 15 17 0.11511307 
566 244 15 19 0.10090285 
552 233 12 18 0.07885836 
621 311 14 16 0.07777861 
592 216 8 11 0.05423971 
611 252 14 16 0.0533056 
609 183 16 20 0.046502322 
454 284 11 14 0.04621161 
546 277 16 18 0.043682415 
461 367 15 19 0.04025208 
626 270 13 16 0.040220674 
467 410 12 14 0.039731406 
592 220 10 12 0.037934218 
472 248 17 21 0.035561714 
413 294 13 14 0.029763822 
554 234 21 26 0.026690386 
558 259 14 18 0.025795382 
620 189 12 16 0.02566945 
590 253 10 13 0.024251882 
574 230 13 15 0.022546781 
446 338 16 18 0.022290353 
597 261 10 12 0.02211447 
598 174 15 18 0.021883674 
86 336 21 33 0.021718258 
636 260 11 13 0.02019441 
501 268 11 14 0.020046785 
