43_Row_Boat_Canoe_43_438
34
423 349 21 30 0.98936903 
758 349 22 27 0.52081287 
723 397 36 36 0.217614 
938 103 10 12 0.11269888 
380 183 9 12 0.10551695 
392 262 10 13 0.09132582 
594 166 9 11 0.07419648 
747 348 18 24 0.0731241 
991 112 9 11 0.058627885 
456 200 9 11 0.05599321 
1014 165 9 15 0.04750672 
906 173 11 14 0.04099585 
795 45 36 41 0.034784254 
382 252 8 11 0.034186676 
936 174 10 12 0.03341462 
455 401 14 16 0.029223684 
391 191 12 15 0.0285016 
933 118 10 12 0.028489325 
471 287 10 11 0.028464014 
375 208 8 11 0.027942752 
991 82 13 16 0.027441787 
431 200 9 11 0.023713283 
594 161 8 10 0.023325033 
415 297 9 10 0.02332329 
942 97 8 10 0.022606561 
613 198 9 11 0.022288045 
940 205 10 11 0.02212532 
449 207 8 10 0.021665176 
441 215 10 12 0.021302605 
1000 110 9 12 0.021164933 
768 354 18 23 0.021037348 
372 303 11 13 0.021012222 
413 216 8 10 0.02070816 
392 257 9 11 0.020352583 
