43_Row_Boat_Rowboat_43_563
19
615 106 49 56 0.9676248 
202 396 60 77 0.12270949 
0 439 8 11 0.0919189 
85 398 9 11 0.03431782 
109 390 9 12 0.03424141 
152 416 8 11 0.033540923 
9 430 7 10 0.03144087 
46 388 9 11 0.030346623 
6 399 8 12 0.028370738 
974 546 35 40 0.027576242 
82 399 8 10 0.027405947 
40 383 10 12 0.027099898 
87 376 8 11 0.026602801 
211 386 94 102 0.022565773 
13 387 10 12 0.02206178 
58 398 9 11 0.020849943 
14 380 11 15 0.02060653 
899 569 23 32 0.020464526 
32 382 9 11 0.020168643 
