43_Row_Boat_Canoe_43_341
18
404 620 45 62 0.96187973 
401 456 26 33 0.8094453 
440 627 41 52 0.08402362 
672 948 18 21 0.078940056 
595 601 96 113 0.06852039 
317 552 22 30 0.068215966 
233 350 23 28 0.05076475 
924 928 100 207 0.03718167 
414 465 27 29 0.031001959 
229 1075 10 14 0.030800296 
28 388 13 15 0.029285077 
320 548 14 19 0.026985377 
398 608 34 57 0.024770183 
385 451 38 48 0.02400932 
631 290 467 531 0.021408066 
887 444 12 16 0.02137318 
363 474 14 19 0.020573338 
332 1147 15 20 0.02008283 
