43_Row_Boat_Canoe_43_1048
239
437 281 53 66 0.99949586 
762 227 54 71 0.99939954 
665 268 54 68 0.99938715 
334 240 54 73 0.9993315 
209 217 58 72 0.99917275 
566 248 54 78 0.9991586 
1009 400 8 10 0.18627584 
57 401 7 9 0.14327964 
992 396 8 10 0.11128923 
868 214 17 20 0.10619684 
1012 366 8 11 0.101284444 
88 367 7 9 0.097864576 
141 365 9 10 0.096450046 
927 397 7 10 0.09604352 
65 448 8 10 0.09025821 
926 375 8 11 0.08926887 
949 368 8 10 0.08891338 
926 174 12 14 0.088182755 
1007 350 10 12 0.08462774 
48 345 7 9 0.08122245 
77 382 8 10 0.08103494 
42 352 8 9 0.07911284 
20 124 12 17 0.077384576 
101 398 8 10 0.07439764 
855 244 24 34 0.071692035 
1 327 6 10 0.07009532 
146 440 7 9 0.06840252 
952 421 10 12 0.06812978 
78 327 7 10 0.0677363 
931 184 14 20 0.06434464 
61 137 14 20 0.061593566 
949 373 8 10 0.0599706 
89 384 7 9 0.05893627 
96 392 8 9 0.057329353 
1009 356 9 12 0.056377072 
977 407 8 10 0.056365304 
1015 389 8 11 0.05565448 
121 409 7 8 0.055608105 
65 391 7 9 0.054631554 
121 367 8 9 0.054499283 
991 364 8 11 0.054146398 
952 464 8 10 0.05327709 
953 416 7 9 0.052821334 
994 429 8 10 0.05275878 
984 447 8 10 0.05240705 
910 147 14 18 0.05212209 
1014 341 9 12 0.051262237 
61 126 15 20 0.051095057 
976 453 7 10 0.05067826 
6 396 10 14 0.04979244 
950 439 8 10 0.04935911 
71 390 8 9 0.04885554 
0 403 9 13 0.048181996 
1 397 10 15 0.048085723 
960 342 9 11 0.04794367 
976 439 7 9 0.047687065 
15 324 9 12 0.047228284 
992 424 8 11 0.04719757 
1001 438 8 11 0.046654228 
144 384 9 11 0.04520178 
149 439 7 9 0.045117255 
967 399 7 9 0.045034498 
105 488 9 11 0.04441093 
66 336 7 10 0.04431432 
985 351 8 10 0.044082165 
105 360 7 7 0.04357275 
983 399 8 9 0.042868882 
998 429 8 11 0.04285846 
0 356 6 10 0.042537425 
13 398 9 10 0.041577365 
73 384 9 10 0.04152963 
174 407 7 10 0.041396014 
985 422 8 10 0.041242264 
14 418 13 17 0.041222177 
317 261 20 35 0.04102881 
1000 343 7 9 0.04083806 
39 408 8 11 0.040734373 
999 414 8 9 0.040608253 
63 360 7 9 0.040377796 
136 376 8 9 0.04021434 
141 360 9 10 0.0388932 
978 448 7 9 0.038793053 
1014 439 8 11 0.038737394 
977 391 7 10 0.038429264 
18 127 21 30 0.038382377 
990 359 10 11 0.038319036 
959 440 6 8 0.038291257 
977 400 7 9 0.038116675 
967 447 8 9 0.038043384 
120 359 8 9 0.03795527 
985 358 9 11 0.03745172 
47 348 8 11 0.037432294 
183 468 7 10 0.037368096 
945 353 8 10 0.037114453 
900 165 10 14 0.03707197 
22 319 8 11 0.037037656 
59 115 16 24 0.036313012 
7 454 9 11 0.035897724 
958 423 8 10 0.035885967 
168 445 10 13 0.035625987 
989 448 8 10 0.03531264 
975 341 8 10 0.034973953 
86 408 8 10 0.034388673 
58 360 7 9 0.03400506 
126 408 7 9 0.033971295 
121 381 7 10 0.033897802 
53 345 7 10 0.033261597 
870 216 24 31 0.03321874 
998 424 9 11 0.033032503 
97 440 7 10 0.03288175 
136 383 9 10 0.032626778 
62 398 8 11 0.032583404 
80 400 6 7 0.032418244 
994 406 8 11 0.032285254 
129 432 8 9 0.03182597 
120 375 8 10 0.031588983 
999 408 8 10 0.03152292 
31 360 7 9 0.031324185 
989 351 9 10 0.031087866 
809 231 24 41 0.031077439 
27 136 16 21 0.030912247 
921 367 7 9 0.030858723 
17 319 9 12 0.0308388 
966 423 8 10 0.030834448 
79 377 7 8 0.030819418 
866 248 17 24 0.030660197 
967 376 8 10 0.030594897 
921 374 9 11 0.0304891 
41 356 8 10 0.030417364 
32 321 7 8 0.030264229 
8 368 7 10 0.030215189 
169 452 8 10 0.030211452 
152 525 10 10 0.030152071 
53 125 25 32 0.03014111 
70 448 7 10 0.030067738 
1013 404 8 11 0.030047983 
78 352 7 9 0.02995091 
78 343 7 9 0.02981874 
940 194 12 17 0.029710237 
960 428 8 11 0.029431086 
138 457 6 8 0.029041208 
74 376 7 9 0.028890513 
177 468 8 10 0.028694743 
103 376 7 10 0.028591838 
318 259 14 18 0.028333846 
984 375 9 10 0.028309997 
16 351 7 9 0.028196387 
73 461 8 10 0.028140636 
144 457 7 9 0.028063165 
968 441 8 9 0.02799754 
14 405 9 11 0.027869383 
975 359 7 10 0.02777896 
876 209 13 17 0.027698014 
7 445 8 11 0.027554467 
54 455 9 11 0.027456827 
1014 336 8 11 0.027415074 
966 455 8 10 0.027315078 
1014 383 8 12 0.027288955 
960 384 7 9 0.026987342 
922 183 22 32 0.02689944 
103 407 7 9 0.026775885 
967 405 7 10 0.026716067 
67 122 13 19 0.026483746 
934 366 8 10 0.026460119 
89 426 9 10 0.026324073 
967 364 9 11 0.0261849 
1015 420 8 12 0.026179696 
90 390 8 9 0.026093159 
1002 381 8 10 0.025948063 
54 325 8 11 0.025721593 
1007 441 9 10 0.025481638 
976 352 7 9 0.025470937 
933 415 9 11 0.025399461 
47 319 7 10 0.024990676 
1015 414 8 12 0.024963098 
136 423 8 11 0.024798501 
953 408 7 9 0.024696793 
884 216 14 20 0.024672376 
88 373 8 9 0.024506252 
982 407 7 9 0.024470974 
837 234 34 47 0.024432031 
78 424 8 10 0.024388693 
87 439 9 11 0.024380805 
998 365 8 11 0.024101734 
78 332 8 11 0.0240412 
24 439 9 11 0.023981066 
49 374 7 9 0.023837086 
992 414 8 10 0.023831856 
1007 382 9 11 0.023790546 
917 406 8 11 0.023737412 
921 171 22 30 0.023563666 
910 381 9 12 0.02350272 
157 374 11 14 0.023444474 
73 320 8 9 0.023442088 
959 406 8 10 0.023428028 
945 463 8 10 0.02325975 
144 461 6 9 0.023184747 
40 369 7 8 0.023167977 
49 422 8 10 0.022935169 
999 456 8 11 0.02289604 
94 425 8 10 0.02283961 
1000 336 7 10 0.022816101 
72 455 8 10 0.022712005 
142 374 9 10 0.022609048 
961 447 7 8 0.022590248 
81 358 8 10 0.022572784 
142 351 9 10 0.022527603 
984 464 8 9 0.022422599 
919 170 13 16 0.022406941 
10 343 7 10 0.022242257 
111 390 8 10 0.022176782 
40 374 8 9 0.02216324 
916 165 12 16 0.021974785 
716 280 16 24 0.021907855 
913 407 9 12 0.021854483 
935 358 8 10 0.021805802 
162 445 8 11 0.021765739 
983 390 8 11 0.021728856 
983 415 8 9 0.021520576 
957 480 8 10 0.021507097 
983 440 7 10 0.021470556 
986 365 9 11 0.021377625 
1015 431 8 11 0.021355001 
64 385 7 9 0.021209732 
48 369 7 8 0.021121427 
106 430 8 9 0.020938361 
75 429 8 11 0.020930663 
30 342 7 10 0.020912914 
990 344 8 9 0.020836903 
102 413 8 10 0.020805655 
102 439 8 11 0.020745143 
112 385 7 8 0.020633312 
31 366 7 9 0.0205923 
1000 375 8 11 0.020549968 
136 350 8 9 0.020343786 
182 455 8 10 0.020169618 
214 345 17 21 0.020093724 
984 344 8 10 0.020031968 
50 399 9 10 0.020007916 
