43_Row_Boat_Canoe_43_458
95
885 429 11 14 0.9555242 
849 429 7 10 0.53456724 
710 424 7 10 0.449144 
8 298 13 17 0.38905948 
819 428 8 11 0.37341022 
792 429 7 9 0.34446988 
686 417 7 9 0.23872295 
730 422 7 9 0.20720963 
749 422 7 10 0.18563855 
657 416 7 10 0.093174614 
776 454 8 10 0.08639699 
793 469 10 11 0.07543794 
807 440 9 11 0.074957386 
720 432 7 10 0.068706304 
837 440 9 11 0.06596802 
711 428 8 10 0.055934053 
765 469 8 10 0.05535451 
655 420 8 10 0.054183565 
847 473 11 13 0.053875577 
720 436 8 11 0.053190906 
783 441 8 10 0.052109547 
662 409 7 9 0.050037164 
682 422 8 10 0.047007635 
608 439 7 9 0.046626866 
746 417 7 10 0.04526261 
783 461 9 11 0.04433452 
759 432 8 9 0.043938335 
833 440 9 11 0.042217337 
745 463 8 10 0.042000286 
614 430 6 9 0.04165966 
776 425 7 9 0.041644678 
639 410 6 9 0.040573172 
742 437 8 11 0.04014718 
678 431 8 10 0.039933704 
610 431 7 9 0.038785677 
792 464 9 11 0.038405642 
745 456 8 11 0.038400717 
737 438 8 11 0.03819027 
625 417 7 9 0.03702336 
802 456 7 9 0.037012093 
557 150 12 13 0.036407016 
759 438 8 9 0.03626451 
782 455 8 11 0.03621049 
753 439 8 10 0.03575432 
319 337 6 8 0.03533448 
836 455 9 11 0.034930058 
698 432 7 9 0.03438973 
615 425 6 9 0.03388132 
678 437 7 10 0.033124227 
727 429 9 10 0.033082273 
775 429 8 10 0.032734197 
690 448 8 9 0.032292288 
650 424 6 8 0.032021016 
704 431 8 9 0.031846795 
734 446 8 11 0.031374283 
559 155 13 15 0.03132374 
777 448 8 10 0.030876452 
821 435 9 12 0.030465482 
798 463 7 10 0.030206373 
835 445 8 11 0.030066883 
21 294 9 11 0.029042656 
872 440 9 12 0.028905058 
177 280 9 11 0.028464595 
640 431 7 11 0.028333131 
852 424 9 10 0.02826816 
726 464 9 12 0.027980099 
490 400 6 8 0.027955137 
2 299 11 17 0.027431762 
751 457 8 11 0.027054751 
796 429 8 10 0.02584393 
148 398 226 287 0.025550762 
736 431 8 10 0.025191965 
674 431 7 10 0.023994582 
743 430 8 11 0.023133898 
696 438 9 12 0.023087747 
778 439 8 11 0.022975266 
486 407 6 8 0.022929765 
706 457 8 11 0.022885734 
753 429 8 10 0.022310907 
824 472 10 12 0.02225987 
806 456 7 9 0.022140404 
801 440 8 10 0.02198963 
670 448 7 9 0.021927934 
842 470 9 12 0.021927845 
536 414 6 8 0.021760628 
523 390 6 9 0.021667968 
808 462 7 10 0.021376418 
920 208 11 14 0.021270985 
777 459 9 12 0.020922033 
328 335 7 9 0.020900173 
702 437 7 11 0.020810349 
786 429 8 10 0.020705217 
681 121 9 11 0.020527808 
882 425 11 12 0.020360358 
688 456 8 10 0.020167977 
