43_Row_Boat_Canoe_43_325
138
991 363 14 20 0.957455 
187 384 16 20 0.93504757 
692 395 18 23 0.9345586 
798 417 14 20 0.86356056 
918 420 15 21 0.7726858 
322 403 13 19 0.7713369 
421 352 10 12 0.47560787 
226 349 10 13 0.44111317 
546 360 8 10 0.42016697 
468 349 9 11 0.37665197 
314 358 10 12 0.37593862 
687 360 9 12 0.26598245 
386 375 16 23 0.23452643 
600 403 12 14 0.21292238 
575 408 11 13 0.19924577 
146 380 14 21 0.1580285 
788 369 9 11 0.14642695 
675 370 14 17 0.14441992 
658 352 8 11 0.14148417 
925 416 12 16 0.13189022 
494 379 14 19 0.12696955 
809 419 12 15 0.1220101 
376 327 10 13 0.113569796 
207 383 10 14 0.10794954 
595 352 8 11 0.107943796 
798 407 13 17 0.105886966 
580 396 10 12 0.10485532 
803 405 15 17 0.09566133 
438 406 8 10 0.092998795 
576 499 16 19 0.09204346 
203 411 17 20 0.0920001 
331 390 12 15 0.089997426 
176 298 198 249 0.08053428 
600 409 14 17 0.07994012 
157 330 11 14 0.07751832 
671 366 11 15 0.07623272 
612 391 11 14 0.067947865 
678 377 12 16 0.06449859 
577 390 9 13 0.061515085 
593 356 9 11 0.057523247 
929 420 12 16 0.05654207 
129 359 9 11 0.053857367 
384 384 12 18 0.05369444 
465 354 10 13 0.05304321 
343 404 10 13 0.05300541 
698 425 15 20 0.052825112 
447 389 10 14 0.051331457 
806 399 12 15 0.050971672 
684 379 12 15 0.05075401 
200 417 13 18 0.050236154 
133 365 12 17 0.046650223 
604 399 10 13 0.046629965 
566 397 9 13 0.04613387 
438 373 10 14 0.04426881 
183 374 11 17 0.043356936 
914 419 13 17 0.04280823 
660 355 10 13 0.0420695 
187 376 15 18 0.04159014 
313 353 9 12 0.040980417 
456 409 10 12 0.040412884 
500 374 13 19 0.039323114 
327 402 15 18 0.039072752 
429 367 9 12 0.038026948 
401 402 17 19 0.03799469 
264 385 23 28 0.037812065 
276 388 13 15 0.037793525 
558 426 15 18 0.03725287 
837 446 10 13 0.03639852 
423 345 11 13 0.036215812 
612 402 14 17 0.03517016 
912 415 10 12 0.035102844 
364 461 16 22 0.03367467 
809 431 23 26 0.032999944 
164 332 11 13 0.03200646 
501 367 10 12 0.031912945 
619 492 23 28 0.031418156 
599 417 14 16 0.031355284 
891 451 16 19 0.030699106 
424 363 10 13 0.030690763 
440 381 11 16 0.03014238 
569 405 9 12 0.029489016 
620 403 12 14 0.029330812 
811 403 12 15 0.029004913 
529 464 27 34 0.028954582 
302 496 33 34 0.02887402 
605 390 23 26 0.028168445 
1000 349 11 14 0.028074542 
195 383 20 24 0.028071612 
672 379 11 15 0.028062861 
704 395 14 18 0.027873578 
768 437 10 12 0.027821444 
566 390 10 14 0.027664324 
606 380 9 13 0.027403878 
412 400 15 18 0.027375432 
683 368 14 19 0.02669507 
139 371 15 20 0.026652928 
248 388 10 15 0.02633241 
246 374 13 18 0.026146533 
438 399 10 13 0.025719842 
665 363 10 14 0.0256191 
905 383 8 10 0.025617454 
432 371 10 14 0.025219234 
693 228 15 19 0.025084715 
1001 453 16 20 0.024846233 
407 389 11 14 0.024772285 
309 409 14 17 0.024257638 
222 337 19 25 0.023780195 
446 407 9 12 0.023584371 
445 383 11 15 0.023384543 
127 382 13 16 0.023334693 
175 374 12 15 0.023325521 
772 381 10 13 0.023217214 
691 359 10 12 0.023124084 
161 466 28 35 0.02307071 
308 393 23 28 0.023065839 
323 387 21 26 0.02250642 
671 386 11 14 0.022474704 
221 324 23 27 0.022448294 
426 356 12 13 0.022197407 
655 489 15 20 0.022025136 
592 362 9 11 0.022024047 
694 380 12 16 0.021992765 
562 418 27 29 0.021954546 
560 406 9 11 0.021750815 
554 178 150 108 0.021656074 
253 375 14 19 0.021606533 
165 338 12 14 0.02157732 
118 462 32 37 0.021569401 
604 374 11 15 0.021507362 
691 372 12 16 0.021011418 
599 399 19 23 0.020904852 
489 378 13 17 0.020744408 
679 373 21 26 0.020696074 
565 494 24 27 0.020671165 
131 374 21 27 0.020328237 
412 389 11 16 0.020252362 
668 358 12 14 0.020118061 
405 395 13 17 0.020087512 
