43_Row_Boat_Canoe_43_93
45
630 252 21 26 0.97922975 
933 437 8 11 0.21128365 
358 25 9 11 0.12552997 
916 438 10 14 0.0767528 
645 352 17 21 0.07595626 
239 30 9 11 0.05091798 
832 30 8 10 0.046698574 
452 77 11 13 0.042987615 
267 63 11 12 0.038470373 
119 32 9 11 0.037681706 
877 479 10 13 0.03712595 
354 29 10 13 0.036842857 
636 346 30 34 0.034713436 
696 323 9 11 0.034534216 
643 290 24 29 0.03241096 
825 30 8 10 0.031193651 
130 23 11 12 0.030457266 
246 138 16 18 0.029258812 
417 29 8 10 0.02910842 
416 23 7 9 0.028297158 
133 28 9 11 0.027795397 
689 449 17 19 0.027424734 
128 29 10 12 0.02713703 
105 31 9 11 0.026171694 
363 38 13 15 0.025991958 
896 438 8 12 0.025639838 
465 348 17 20 0.02554593 
414 53 9 11 0.024872078 
348 37 10 14 0.02403681 
336 425 11 15 0.023958365 
832 56 8 11 0.02312609 
840 57 8 10 0.02300017 
838 472 8 11 0.02256663 
790 71 8 11 0.022154098 
238 35 10 12 0.021980722 
801 72 9 10 0.021952406 
110 30 10 11 0.02192945 
873 41 8 10 0.021525174 
449 1 9 9 0.021473251 
878 39 7 10 0.021408174 
808 22 8 10 0.021206416 
889 39 7 9 0.021103472 
808 61 8 10 0.021078637 
165 31 8 10 0.021033732 
815 39 8 8 0.020592447 
