43_Row_Boat_Canoe_43_429
44
344 315 20 28 0.9652626 
405 297 16 19 0.17668466 
440 298 11 14 0.13046105 
469 278 11 12 0.07318008 
654 385 11 15 0.06964409 
614 370 10 12 0.064916186 
429 309 12 16 0.06361122 
661 371 9 12 0.06255256 
397 297 16 19 0.062174067 
423 308 13 16 0.05907591 
653 276 9 11 0.05239997 
657 373 9 11 0.042062186 
1 749 10 14 0.037836827 
614 359 10 12 0.037056018 
63 558 8 10 0.035330042 
383 303 10 12 0.035085276 
413 304 13 16 0.03481438 
608 373 9 11 0.032966163 
391 301 12 15 0.03245964 
621 373 10 11 0.029785026 
605 382 10 11 0.0297029 
599 376 7 9 0.027234994 
546 359 8 10 0.027149964 
609 367 11 13 0.027097296 
547 277 27 32 0.026939372 
485 283 12 14 0.026529051 
399 212 411 482 0.025547124 
464 284 10 12 0.02553797 
549 365 7 10 0.025037223 
663 269 9 11 0.024961218 
260 307 12 13 0.02348231 
574 267 11 13 0.023425423 
580 268 10 12 0.023388173 
444 294 11 16 0.023321917 
648 273 9 12 0.023104528 
478 283 13 16 0.022441024 
318 306 11 12 0.022409976 
672 264 8 10 0.02219203 
430 301 14 17 0.021110937 
72 566 9 10 0.020836348 
137 590 8 10 0.020713529 
455 307 11 14 0.020587817 
880 309 9 11 0.02030224 
97 117 475 489 0.020179167 
