43_Row_Boat_Rowboat_43_907
27
407 146 22 29 0.9861704 
497 147 23 27 0.9548892 
800 156 23 28 0.95370954 
195 161 20 22 0.8780027 
814 184 25 33 0.40569663 
459 37 139 155 0.28350797 
366 137 35 42 0.2157948 
663 63 423 469 0.07540111 
366 119 37 42 0.070500806 
454 100 30 36 0.06733121 
512 115 31 34 0.06568965 
938 197 12 15 0.06514499 
493 180 13 16 0.060863487 
385 136 40 46 0.04415478 
811 152 24 30 0.038061462 
110 -10 57 63 0.033795502 
608 85 36 53 0.032095324 
627 80 49 62 0.030477656 
208 305 12 15 0.029379738 
797 164 39 49 0.025817998 
503 131 30 35 0.025312755 
690 99 55 73 0.023926502 
800 186 28 36 0.02378449 
825 186 27 36 0.023336304 
74 19 417 477 0.022814747 
7 320 12 17 0.022174435 
644 85 58 66 0.020009315 
