21_Festival_Festival_21_943
254
738 191 9 10 0.823424 
112 194 12 16 0.70358455 
807 190 9 12 0.62560517 
888 180 10 14 0.62134504 
293 187 15 17 0.5724467 
353 179 9 13 0.51646155 
761 184 8 12 0.4753206 
69 195 11 13 0.46640846 
492 190 8 11 0.427348 
831 196 9 11 0.40012944 
134 195 9 12 0.35384682 
153 196 9 11 0.30714434 
938 199 8 9 0.29558307 
544 187 10 12 0.26777422 
711 192 12 14 0.25300974 
548 183 12 14 0.24543937 
256 189 8 12 0.22644456 
191 196 9 11 0.20959957 
104 180 10 15 0.1924659 
260 188 12 16 0.18769209 
214 189 8 11 0.16784267 
169 192 9 10 0.16618372 
855 197 8 10 0.16453972 
811 190 10 12 0.16024351 
157 198 9 11 0.15753224 
398 188 13 14 0.12744518 
129 191 11 12 0.12710258 
400 216 9 13 0.12439739 
592 437 13 15 0.12403147 
85 189 11 13 0.117961235 
186 190 8 12 0.11314676 
640 197 9 12 0.1084531 
597 430 13 15 0.107923135 
693 219 12 15 0.10648637 
167 196 9 11 0.106104605 
765 187 9 12 0.10406298 
325 191 9 12 0.10368481 
319 190 11 14 0.101800025 
385 185 8 11 0.1016316 
687 220 13 16 0.09975759 
648 197 9 11 0.0989152 
519 184 8 11 0.09873507 
239 168 9 12 0.09625403 
231 185 7 10 0.094899535 
109 231 14 16 0.091422744 
800 195 11 13 0.08660221 
1005 222 9 11 0.08422535 
911 278 27 28 0.08336022 
882 179 9 14 0.08309003 
173 191 9 10 0.082816646 
253 184 10 13 0.08230216 
741 193 9 13 0.08217078 
569 192 9 10 0.07787398 
814 196 8 10 0.07629964 
337 188 9 12 0.07560858 
118 231 9 12 0.075159 
617 228 10 14 0.072294764 
997 199 9 11 0.07177667 
168 223 9 12 0.07038812 
976 207 9 12 0.070357785 
276 184 12 17 0.070126496 
250 184 8 11 0.06824594 
514 183 7 10 0.06650599 
224 185 8 10 0.06561491 
257 194 9 12 0.06541038 
637 222 13 18 0.0645895 
270 185 13 17 0.06421332 
238 198 9 12 0.06397383 
304 173 9 12 0.06337798 
399 195 12 15 0.06315412 
93 189 11 14 0.0625254 
64 190 12 15 0.062458985 
827 198 9 11 0.06175404 
508 197 10 13 0.06105818 
943 223 7 9 0.06000029 
214 185 10 11 0.05997262 
898 337 17 20 0.058498863 
619 223 10 13 0.05783485 
513 189 9 11 0.05755804 
835 196 9 11 0.057538718 
662 442 15 16 0.05742914 
155 192 11 12 0.057415914 
81 191 8 12 0.056727882 
868 301 30 31 0.05561889 
622 442 15 17 0.05502171 
558 183 8 11 0.05489147 
214 214 9 12 0.054835785 
567 217 10 12 0.053723957 
525 190 9 11 0.053261563 
701 207 11 14 0.052617643 
236 189 10 11 0.05183229 
420 187 12 17 0.051575102 
352 185 9 12 0.051434156 
391 188 9 12 0.051200237 
997 204 9 11 0.05063 
209 196 10 11 0.049799234 
945 230 7 10 0.04876045 
1014 214 8 11 0.04835689 
505 182 8 10 0.04743042 
193 202 9 12 0.047301345 
798 205 10 12 0.046962716 
602 425 12 15 0.046582248 
300 181 12 17 0.04626835 
169 213 9 12 0.04466534 
893 185 9 13 0.04451481 
109 253 14 17 0.044115797 
311 187 10 14 0.04312649 
239 219 10 14 0.042846277 
664 227 12 15 0.041657962 
100 203 13 17 0.041257747 
873 191 9 12 0.040533856 
189 186 10 12 0.040300425 
1000 215 8 10 0.040278565 
935 215 8 11 0.04005306 
344 182 10 12 0.039881255 
98 210 13 16 0.039516818 
745 224 10 13 0.039197236 
1008 203 11 13 0.039193965 
792 238 8 10 0.0375924 
334 238 9 13 0.037294105 
86 183 11 14 0.03652457 
647 201 11 14 0.036404908 
341 187 9 12 0.035992835 
851 197 8 10 0.035974376 
652 192 9 11 0.035970952 
700 240 16 17 0.03596148 
54 181 8 12 0.03594483 
753 183 9 11 0.035861995 
285 182 15 19 0.035759415 
184 185 9 11 0.035492226 
525 182 9 12 0.03538834 
679 217 23 26 0.034766573 
699 219 12 14 0.034515657 
209 184 9 12 0.03426533 
774 183 9 11 0.034246895 
630 219 25 30 0.034222655 
642 236 14 20 0.03353894 
238 184 9 10 0.03315795 
104 174 20 25 0.033081796 
583 414 10 13 0.03265855 
870 294 15 18 0.032616854 
676 440 16 18 0.03254096 
727 196 10 12 0.03224783 
239 202 9 13 0.032237954 
175 185 9 10 0.031658467 
393 218 11 15 0.03163679 
492 194 10 13 0.031229459 
223 228 9 12 0.03111589 
158 203 11 13 0.031085238 
521 198 8 10 0.030917715 
166 205 10 14 0.030857185 
538 189 9 11 0.030506084 
793 223 7 10 0.030091722 
772 320 16 22 0.030010296 
638 203 10 13 0.029778419 
358 187 9 12 0.029624343 
88 189 22 28 0.029488323 
482 189 9 12 0.029374296 
197 191 8 11 0.02933567 
422 156 10 12 0.02927746 
509 204 9 11 0.02927413 
848 191 9 11 0.029059852 
208 204 10 12 0.028712595 
649 438 22 26 0.028607385 
668 439 16 19 0.02821653 
213 205 9 12 0.028181678 
885 176 17 23 0.028031845 
278 62 452 429 0.028026972 
84 234 12 18 0.028015448 
1000 227 9 11 0.027864305 
478 155 10 13 0.027488107 
299 193 13 15 0.027419576 
215 219 10 13 0.027200956 
638 215 9 12 0.027196633 
572 196 8 10 0.027104 
172 195 11 13 0.026999954 
196 198 8 10 0.026905553 
830 202 9 12 0.026649823 
686 205 11 12 0.026553575 
773 188 9 11 0.026523605 
81 184 20 25 0.026510654 
1013 204 9 14 0.026329475 
877 188 10 13 0.026314689 
576 222 10 12 0.026276583 
398 201 10 14 0.025813976 
798 211 9 12 0.025679585 
825 203 9 11 0.025459504 
172 263 12 14 0.025272384 
781 358 12 14 0.025091922 
734 185 17 22 0.025085323 
559 187 9 11 0.024870196 
729 191 8 10 0.024802214 
943 239 9 11 0.024644457 
367 190 11 14 0.024475161 
634 198 10 13 0.024331413 
69 232 16 20 0.024142109 
222 223 9 12 0.024124824 
693 243 14 16 0.024003003 
616 218 20 25 0.023917044 
917 214 7 10 0.023857977 
501 259 11 12 0.023771252 
179 288 17 20 0.023735879 
691 214 21 25 0.02370951 
392 203 11 13 0.02366423 
929 254 8 10 0.023597931 
582 222 9 12 0.023590423 
272 178 19 26 0.023487281 
950 232 8 10 0.023456931 
394 183 21 24 0.02343714 
674 261 14 16 0.02343428 
668 221 24 26 0.023358107 
767 207 9 12 0.023291761 
913 231 8 9 0.023287848 
77 194 11 14 0.023282347 
741 185 10 13 0.023262188 
485 155 11 11 0.023149718 
715 378 17 18 0.023139158 
703 307 13 14 0.023006676 
230 245 8 11 0.022915237 
732 386 16 17 0.022634031 
588 415 10 13 0.022590505 
628 448 14 17 0.022573762 
95 216 11 16 0.022566933 
487 185 11 14 0.02254006 
862 198 7 9 0.022510158 
247 174 10 11 0.022322409 
800 185 9 11 0.02230263 
70 200 11 14 0.02223668 
0 218 17 32 0.022176856 
367 218 11 15 0.022118168 
197 205 9 11 0.022063289 
116 201 10 14 0.022055645 
504 190 9 10 0.021956792 
865 208 7 9 0.021856604 
244 167 11 13 0.021694664 
96 183 10 13 0.02162268 
142 197 8 11 0.021572987 
663 197 12 13 0.02152221 
938 221 7 9 0.021429319 
526 197 8 10 0.021392874 
168 185 9 11 0.0213581 
802 185 18 23 0.021285594 
870 215 8 10 0.02127999 
937 194 9 11 0.02127879 
621 198 9 12 0.021269983 
912 222 7 9 0.021097451 
543 194 10 12 0.020947972 
233 168 8 12 0.020800577 
62 235 12 17 0.020601243 
764 315 26 35 0.020484574 
893 227 10 13 0.020413024 
60 471 16 19 0.020373112 
793 189 8 11 0.020043287 
92 229 13 16 0.020020654 
