21_Festival_Festival_21_340
653
701 293 13 16 0.6962363 
593 256 10 12 0.6464637 
252 358 14 20 0.6100084 
62 291 411 484 0.5942327 
361 263 10 12 0.53924257 
416 232 10 12 0.5303839 
462 263 9 11 0.47291836 
171 371 15 21 0.4721734 
566 264 8 11 0.4679833 
101 321 11 14 0.44701204 
706 239 9 10 0.38643333 
237 338 12 17 0.3232441 
472 248 9 12 0.3164926 
561 267 11 14 0.31329346 
481 231 10 12 0.30701938 
429 283 11 14 0.3048599 
400 223 8 10 0.29743502 
456 232 9 11 0.2927424 
73 343 8 10 0.27970698 
96 318 12 15 0.2728745 
479 262 11 15 0.2691655 
441 262 9 12 0.2626383 
660 279 10 12 0.26157027 
440 267 10 13 0.25467223 
310 244 9 11 0.25277504 
55 304 8 11 0.24465565 
380 238 9 11 0.23828337 
97 280 9 11 0.22736654 
222 338 13 18 0.22486281 
582 294 12 17 0.22236922 
121 302 11 13 0.222041 
454 278 12 15 0.21674731 
73 277 8 10 0.20143242 
328 255 8 10 0.20142898 
399 253 9 11 0.1997927 
177 285 10 14 0.19246618 
143 275 8 11 0.18520886 
335 260 8 10 0.18382898 
77 343 9 12 0.18247047 
318 301 13 15 0.17910674 
445 253 11 13 0.17587014 
655 262 9 11 0.17438021 
237 277 8 11 0.17021452 
551 263 10 12 0.1677424 
128 352 10 13 0.1612342 
23 349 10 14 0.15555908 
622 260 10 12 0.15342936 
503 259 11 16 0.15073328 
142 304 9 12 0.15063481 
167 263 9 11 0.14900094 
368 231 8 10 0.14697918 
230 327 10 13 0.14324725 
126 325 9 12 0.14056665 
124 270 8 11 0.13827042 
87 304 8 10 0.13606513 
49 302 8 10 0.13549373 
659 334 12 14 0.13472356 
167 331 10 13 0.13176805 
294 264 10 11 0.1316374 
22 344 8 11 0.13005303 
30 351 10 13 0.12772478 
352 247 8 11 0.12678997 
182 343 11 13 0.12344481 
165 354 11 12 0.12328292 
71 372 10 12 0.12287708 
78 287 8 10 0.12272845 
119 309 10 13 0.121100456 
20 354 12 16 0.11951049 
695 253 8 10 0.11853598 
736 246 8 10 0.118292905 
168 269 8 10 0.11779946 
191 280 9 10 0.11626316 
79 309 8 10 0.115716286 
94 363 9 11 0.11530749 
617 261 10 11 0.11524917 
80 305 8 10 0.11509879 
174 347 13 15 0.114809215 
329 239 8 10 0.113986515 
266 298 13 16 0.11375097 
306 276 9 12 0.113671415 
56 332 9 12 0.1110425 
111 270 8 11 0.110994555 
189 342 10 12 0.10830137 
166 256 8 9 0.10790884 
120 317 9 12 0.10640507 
61 333 8 11 0.10628288 
396 143 27 29 0.105786055 
241 302 11 14 0.10563149 
351 239 8 9 0.10561882 
351 310 10 12 0.10429838 
137 310 9 12 0.10343703 
383 271 10 12 0.10212286 
71 349 10 13 0.101890914 
142 287 9 12 0.101499155 
73 273 7 10 0.10148158 
607 278 9 12 0.10067347 
382 233 7 9 0.100104146 
136 255 9 11 0.10006291 
62 319 8 10 0.10002923 
708 242 10 12 0.09947564 
227 338 15 18 0.098908015 
144 358 11 14 0.09632303 
205 350 10 13 0.095939346 
176 265 8 10 0.09446885 
655 270 9 11 0.091538064 
89 363 9 12 0.090816446 
136 318 9 12 0.09070316 
557 60 12 14 0.09002527 
351 252 8 10 0.08998104 
375 315 12 15 0.089259684 
278 291 10 13 0.089163095 
559 255 7 9 0.088616975 
85 308 9 11 0.08836847 
73 286 8 11 0.08692001 
63 356 9 12 0.08659916 
112 255 8 9 0.084112875 
290 262 8 11 0.084104486 
56 271 8 10 0.08408498 
81 317 8 11 0.08273649 
85 263 9 10 0.08225034 
33 343 9 12 0.081562914 
304 271 8 11 0.08138136 
552 256 9 11 0.07989739 
220 302 10 13 0.079890326 
333 240 9 10 0.07914796 
238 273 9 10 0.07852628 
152 247 6 8 0.07630479 
167 246 7 9 0.07582499 
78 333 7 10 0.07577241 
135 293 8 11 0.07568575 
183 264 7 10 0.07396463 
537 255 8 11 0.07336816 
47 325 8 12 0.07318753 
356 247 9 10 0.07308993 
378 270 8 11 0.07300947 
200 358 10 12 0.072959535 
488 309 11 14 0.07272522 
193 257 8 9 0.071353264 
142 260 7 9 0.07069003 
125 264 7 9 0.07049974 
304 310 11 15 0.07030706 
222 276 8 11 0.069985464 
63 293 9 11 0.0691427 
330 260 8 11 0.06856036 
75 387 15 21 0.06818511 
20 332 10 13 0.06799028 
41 304 7 9 0.067905195 
161 351 10 13 0.06733195 
335 244 8 11 0.066531055 
327 277 8 10 0.065615185 
655 285 9 12 0.06520088 
610 273 7 9 0.064934745 
49 332 10 13 0.06490262 
176 239 8 9 0.06470305 
127 319 9 12 0.06457802 
71 291 9 12 0.064351805 
192 241 7 8 0.06417528 
430 313 12 16 0.06383352 
322 254 7 10 0.06362289 
101 283 8 10 0.06344572 
701 232 21 24 0.063253775 
208 263 8 9 0.06297169 
433 222 9 11 0.06278489 
310 271 8 11 0.061990976 
312 302 10 14 0.06161768 
161 254 8 10 0.061540864 
309 315 11 15 0.061124176 
191 262 8 10 0.060927395 
120 287 9 11 0.06085588 
319 321 14 18 0.060299937 
774 93 43 63 0.059891015 
77 278 8 11 0.05971651 
309 308 11 15 0.059593912 
37 341 8 12 0.05930222 
329 247 8 10 0.058934283 
704 260 10 13 0.0584503 
198 248 7 9 0.058318164 
74 335 8 10 0.057838492 
536 259 10 14 0.05778239 
611 277 10 12 0.057665117 
365 279 8 11 0.057422124 
319 295 12 14 0.05721964 
388 271 11 12 0.057112463 
476 246 11 13 0.05707892 
75 309 7 10 0.056579266 
222 353 12 16 0.0565719 
146 240 7 9 0.056412924 
48 297 7 9 0.05585597 
321 307 15 17 0.055523764 
736 253 10 12 0.055411026 
168 367 14 17 0.055167425 
307 246 8 10 0.055166665 
296 255 8 10 0.055110894 
741 247 8 10 0.054792006 
298 331 15 19 0.054587122 
24 309 8 11 0.054548692 
613 271 9 10 0.054495964 
78 292 8 10 0.054434296 
172 333 11 14 0.054297127 
126 331 10 13 0.0541871 
233 287 10 10 0.053780403 
543 262 10 13 0.05376291 
272 270 8 9 0.053725995 
279 279 8 11 0.05352852 
30 304 8 10 0.05342046 
97 271 8 9 0.053151492 
438 214 8 10 0.05295949 
545 267 10 13 0.05228288 
392 239 8 10 0.052118957 
301 264 8 10 0.051969394 
183 325 10 13 0.051943872 
398 236 9 12 0.05186333 
127 296 9 12 0.051717497 
627 284 12 14 0.051492278 
344 254 8 11 0.05134307 
391 255 10 12 0.051330533 
199 263 8 9 0.051095117 
602 279 9 11 0.051046886 
496 260 13 17 0.050836604 
377 242 10 13 0.050690793 
199 342 9 13 0.050618354 
416 272 9 11 0.05050261 
79 328 8 11 0.05005449 
352 314 11 15 0.05002681 
160 248 7 8 0.049751557 
310 322 12 15 0.049673475 
182 332 11 13 0.04953229 
672 239 8 10 0.049396086 
197 254 8 10 0.049219664 
78 367 8 11 0.048805032 
61 327 9 12 0.04878239 
566 312 23 32 0.048658993 
233 273 8 11 0.048533596 
584 275 11 13 0.048476268 
320 288 9 11 0.048428256 
176 281 8 10 0.048394207 
141 319 8 12 0.048327517 
735 259 9 11 0.048304256 
279 241 8 9 0.04809274 
152 240 6 9 0.048032116 
783 237 57 73 0.047866903 
375 232 9 11 0.047711622 
293 294 9 13 0.047703218 
721 285 9 11 0.047580503 
338 224 7 9 0.047251504 
201 348 10 13 0.047223233 
277 272 8 9 0.046875373 
565 44 10 13 0.046847045 
678 246 8 11 0.046605006 
121 294 10 12 0.046366464 
504 274 12 15 0.046222817 
65 342 8 11 0.046085544 
18 342 8 11 0.046018537 
737 284 10 13 0.045879655 
723 269 11 12 0.04577132 
73 328 9 11 0.045738384 
418 233 12 16 0.045608975 
721 276 10 12 0.04557626 
233 239 7 9 0.045398187 
403 253 10 12 0.0450744 
103 367 9 11 0.044937875 
327 271 8 11 0.0449137 
320 270 8 11 0.04471956 
381 244 10 12 0.04462412 
678 285 8 11 0.04437373 
121 275 9 11 0.044322193 
289 258 7 9 0.044284534 
376 262 9 12 0.04421468 
734 242 9 10 0.04411972 
22 287 8 10 0.044047333 
695 339 14 18 0.043921735 
399 217 9 11 0.04371555 
384 254 9 11 0.04328698 
287 279 8 10 0.043234125 
246 295 10 12 0.0432164 
249 286 9 10 0.042977918 
437 274 11 15 0.042739693 
30 309 8 10 0.042728018 
453 255 10 12 0.042322602 
96 264 7 9 0.042220216 
459 235 11 13 0.042189717 
591 251 16 22 0.04202844 
761 261 9 11 0.04198476 
357 317 11 15 0.04191112 
61 303 8 10 0.041738335 
135 323 9 13 0.041640833 
125 308 11 14 0.04157838 
46 320 8 10 0.04141318 
49 279 8 10 0.04135736 
160 238 7 9 0.04128233 
26 302 9 12 0.041217174 
205 342 11 15 0.040960558 
673 246 9 11 0.04095756 
137 288 9 11 0.040842075 
514 239 9 10 0.040702548 
239 294 9 11 0.040606 
708 256 10 11 0.040552046 
169 278 8 10 0.04018273 
349 278 8 10 0.040093783 
264 265 7 9 0.040021274 
50 308 8 10 0.03992363 
204 392 13 19 0.039903283 
97 332 9 12 0.03989901 
216 307 10 13 0.039871134 
222 295 8 10 0.039751865 
232 262 7 9 0.03971831 
197 279 8 10 0.039699323 
456 270 11 13 0.039695714 
537 50 11 14 0.03965733 
31 319 8 11 0.03960157 
40 320 9 11 0.03945819 
360 256 9 12 0.039309807 
272 277 9 12 0.039193068 
289 237 8 10 0.03906578 
313 264 8 10 0.038941488 
425 327 11 15 0.038870174 
160 232 7 9 0.03886846 
381 309 12 16 0.038819037 
273 285 10 13 0.038609374 
194 246 7 8 0.038604666 
424 278 11 15 0.038537525 
688 247 9 11 0.038400292 
678 279 9 11 0.038314596 
349 231 9 10 0.03817663 
470 260 11 14 0.038025673 
101 311 11 14 0.037963808 
423 254 8 11 0.037948996 
192 270 8 10 0.037819803 
63 262 7 9 0.03780301 
677 252 8 11 0.03755298 
225 328 10 13 0.03743861 
175 300 10 13 0.037378088 
730 240 8 10 0.037366334 
24 317 7 11 0.037245654 
180 352 13 15 0.03716428 
96 313 9 11 0.03714297 
303 254 8 10 0.0370644 
290 268 9 11 0.03702383 
183 320 9 12 0.036965482 
730 246 8 10 0.036767375 
199 286 8 10 0.036731858 
278 312 14 17 0.03631543 
25 294 8 11 0.036220923 
175 317 9 11 0.03613457 
62 362 10 15 0.035961278 
45 262 8 10 0.035712183 
369 235 9 11 0.035676077 
103 271 8 10 0.035549358 
391 147 15 18 0.035531297 
33 285 9 11 0.0354607 
454 299 11 13 0.03527641 
137 272 9 11 0.035249855 
231 291 11 12 0.03524832 
136 303 9 12 0.03518951 
672 254 10 12 0.0351716 
472 220 8 11 0.0349047 
472 277 9 13 0.034860205 
749 271 9 11 0.034683045 
70 379 14 19 0.034627255 
697 298 9 13 0.034604866 
59 264 7 9 0.034551706 
81 257 7 8 0.034377567 
366 307 17 19 0.034328878 
577 292 12 17 0.034181744 
22 327 9 12 0.034137573 
71 257 7 9 0.03408818 
662 239 9 10 0.033967692 
279 256 8 9 0.033959463 
311 284 9 11 0.033880454 
319 264 7 10 0.03370617 
651 332 22 28 0.03369197 
184 281 8 10 0.03360432 
513 316 11 16 0.033575807 
55 370 11 15 0.033519782 
276 297 13 16 0.033480536 
512 245 9 12 0.033444848 
240 330 17 21 0.03336665 
122 355 11 14 0.033321746 
119 255 8 9 0.033187695 
390 260 11 12 0.033106763 
255 278 8 11 0.033002865 
56 286 8 10 0.03299541 
965 349 11 14 0.03269516 
335 230 8 10 0.032684393 
541 254 10 12 0.03262169 
271 265 8 9 0.032603864 
353 262 8 10 0.03256806 
726 263 9 11 0.03253633 
236 326 13 17 0.032490484 
516 320 13 20 0.03243039 
162 270 8 10 0.032339305 
168 309 11 15 0.032304283 
71 262 7 9 0.032259643 
439 209 8 10 0.03213161 
198 362 10 13 0.03210839 
480 224 9 10 0.03208659 
508 254 11 15 0.031847652 
55 278 8 10 0.03183238 
387 313 15 18 0.031780846 
463 256 10 12 0.03172319 
207 310 9 11 0.031652935 
358 257 18 23 0.031650666 
761 256 8 10 0.03164854 
432 269 11 13 0.03153281 
48 271 8 10 0.03126033 
263 269 8 10 0.031153997 
105 249 7 9 0.031119294 
345 276 9 11 0.031070074 
112 262 8 11 0.031041715 
678 240 8 10 0.031033838 
205 269 9 11 0.031033643 
448 299 10 13 0.031009668 
58 320 7 9 0.03098157 
447 294 10 13 0.030876167 
441 247 10 12 0.030788096 
111 250 7 8 0.030749783 
721 254 8 10 0.030718308 
590 269 10 12 0.030625118 
396 325 14 20 0.030517714 
434 285 12 14 0.030477548 
327 286 8 11 0.030293534 
188 325 9 12 0.030137192 
649 271 10 12 0.030089607 
625 280 10 13 0.030075172 
405 247 9 11 0.03000486 
74 304 7 10 0.029989175 
110 317 9 13 0.029815271 
57 295 7 10 0.02977495 
448 275 11 13 0.029734055 
416 254 9 11 0.029708808 
446 214 8 10 0.029614802 
173 310 9 12 0.029547958 
941 366 11 14 0.029406114 
163 262 7 10 0.02935436 
58 355 10 15 0.0293442 
655 256 9 11 0.02926726 
358 240 8 10 0.02915766 
183 239 8 10 0.02905427 
450 230 10 12 0.029048027 
232 320 10 12 0.029038856 
421 270 10 12 0.028930051 
478 257 19 25 0.028895805 
134 339 10 14 0.028889738 
350 303 10 13 0.028883422 
257 264 7 9 0.028849967 
77 355 10 13 0.028759763 
480 329 9 12 0.02873808 
592 28 10 12 0.028720016 
540 31 11 13 0.028699396 
184 245 7 9 0.028672703 
670 261 9 11 0.02864808 
287 294 10 13 0.028643504 
135 247 7 8 0.028512806 
344 304 9 11 0.028482469 
351 271 8 10 0.028271824 
133 362 13 17 0.028214345 
319 320 24 27 0.028136559 
174 327 10 13 0.027992195 
175 375 18 22 0.02797493 
496 158 9 12 0.027966628 
216 287 9 11 0.027819032 
565 257 9 10 0.027800398 
216 256 7 10 0.02770034 
184 256 7 10 0.027696602 
105 253 8 10 0.027681936 
424 261 9 11 0.027655937 
62 270 8 11 0.02764738 
153 254 8 10 0.027542343 
702 255 11 13 0.027475722 
648 286 12 13 0.02747227 
527 23 8 9 0.027404875 
562 259 17 22 0.027337082 
540 36 13 16 0.027326953 
535 286 11 13 0.027281046 
330 233 7 10 0.027263993 
65 289 7 10 0.027194027 
679 270 8 11 0.027171161 
371 298 14 19 0.027126899 
198 300 10 13 0.026934497 
104 348 10 13 0.026916087 
176 245 8 9 0.026665622 
167 240 8 10 0.02664401 
345 247 8 10 0.026625758 
247 280 8 10 0.026589096 
21 374 10 15 0.02652864 
183 269 8 10 0.02652353 
202 232 6 8 0.026396498 
39 335 9 12 0.026393104 
274 246 7 9 0.026361383 
365 284 10 11 0.02625895 
87 269 7 10 0.026229177 
422 245 9 12 0.026199123 
391 299 11 14 0.026148174 
173 281 19 23 0.02606275 
307 332 13 17 0.02603703 
312 295 11 14 0.026021114 
199 270 9 10 0.02599693 
176 338 20 23 0.025901066 
703 232 10 10 0.025870781 
190 319 9 11 0.025838388 
345 307 12 15 0.025820548 
367 225 8 10 0.02569226 
320 240 8 9 0.02568361 
121 241 7 8 0.025614701 
646 276 12 14 0.025554894 
598 237 8 11 0.025381 
216 294 9 12 0.025230212 
258 270 8 11 0.025157351 
269 294 22 25 0.02513945 
40 280 8 11 0.02511447 
391 329 13 16 0.025026115 
598 269 8 10 0.025020719 
218 273 8 11 0.02496008 
106 322 11 15 0.024897026 
535 37 10 14 0.024876717 
391 246 9 12 0.024820969 
206 287 8 10 0.02480853 
707 286 10 13 0.024730554 
425 279 19 22 0.024665676 
540 285 12 14 0.024658404 
135 388 13 16 0.024652682 
87 279 8 11 0.02459756 
180 290 9 13 0.024548 
87 318 9 12 0.024522029 
278 244 7 10 0.024455152 
94 302 8 10 0.024305174 
285 286 9 11 0.02429204 
72 316 9 12 0.024272725 
461 223 10 11 0.02421998 
312 251 9 11 0.024188263 
111 275 8 11 0.024165025 
125 361 14 16 0.02414875 
57 351 9 12 0.024144743 
361 231 9 10 0.024102733 
380 321 13 16 0.024073856 
229 335 22 27 0.02400043 
661 200 106 114 0.02395297 
465 245 9 12 0.023815311 
718 246 10 12 0.023811186 
94 274 18 23 0.023755878 
146 246 7 8 0.023731327 
355 309 12 16 0.023715204 
572 263 10 12 0.023661563 
120 247 8 9 0.023622807 
30 381 11 17 0.023550943 
507 267 10 15 0.023532802 
96 254 7 9 0.023497239 
149 271 8 11 0.02348635 
128 246 7 10 0.02346845 
31 336 10 13 0.0234683 
574 268 10 14 0.023428958 
489 303 10 14 0.023426676 
715 238 11 11 0.023407795 
597 28 10 12 0.023406077 
135 241 7 8 0.023327187 
128 241 7 8 0.02331972 
182 301 9 13 0.023290234 
239 262 7 9 0.02320884 
263 302 13 19 0.023195174 
178 232 7 9 0.02318606 
125 350 20 24 0.023069397 
238 315 12 15 0.023061562 
334 287 9 12 0.022917885 
162 331 11 15 0.022874935 
629 365 14 17 0.022854595 
494 253 12 17 0.022846794 
280 262 7 9 0.022831338 
206 334 10 13 0.022760142 
216 241 7 8 0.022756608 
431 227 10 12 0.022755997 
892 328 14 18 0.022749793 
542 278 10 12 0.022709789 
167 292 9 12 0.022682564 
357 299 12 16 0.02260344 
264 240 7 9 0.022588866 
39 310 8 9 0.022556514 
511 229 11 13 0.022544626 
581 288 11 14 0.022494294 
537 248 8 10 0.022409525 
294 287 8 11 0.022404173 
471 268 10 13 0.022341965 
306 311 20 24 0.022338832 
609 262 10 11 0.022326108 
529 88 33 53 0.02232524 
183 224 7 8 0.022324122 
245 271 9 10 0.022264289 
221 287 9 11 0.022238841 
336 292 9 12 0.02222252 
361 283 10 11 0.022216173 
41 268 8 12 0.02216875 
209 257 8 9 0.022167064 
345 230 8 10 0.022149734 
563 52 13 17 0.022112563 
273 241 8 9 0.022041462 
296 247 8 10 0.022033302 
274 254 7 9 0.022032456 
636 335 29 36 0.022025116 
84 349 10 12 0.02197678 
489 295 10 12 0.021965774 
485 251 12 15 0.021953497 
735 292 9 11 0.021948028 
199 310 9 11 0.02192232 
471 284 10 15 0.021910619 
225 240 6 9 0.021858063 
770 203 96 130 0.021845756 
346 239 7 10 0.021803215 
688 302 9 11 0.02176305 
510 33 9 12 0.021626737 
233 245 8 10 0.02159461 
342 223 8 10 0.02159051 
102 341 10 13 0.021534968 
688 335 24 29 0.021524379 
679 263 7 9 0.021501113 
535 266 10 14 0.021479985 
87 256 8 9 0.021377426 
142 351 19 25 0.021365333 
395 222 9 10 0.021138646 
397 268 11 14 0.021040991 
205 300 10 13 0.021028705 
704 279 10 13 0.020965992 
141 385 13 17 0.020962225 
30 293 8 11 0.02093748 
527 39 10 13 0.02080786 
671 270 8 10 0.020718375 
79 272 7 9 0.020717049 
652 291 10 12 0.020688564 
407 229 11 13 0.020688416 
88 296 7 9 0.020654952 
239 256 8 10 0.020634055 
159 293 9 10 0.020547355 
575 276 10 13 0.020498743 
732 217 98 111 0.020494627 
594 249 9 11 0.020480476 
626 261 11 13 0.020475345 
533 50 23 28 0.02046671 
263 275 10 13 0.020463938 
696 259 10 11 0.020430341 
129 230 7 9 0.020310268 
661 271 10 11 0.02030908 
456 224 10 12 0.020283524 
177 223 7 8 0.020273218 
126 339 12 17 0.02026934 
343 287 9 12 0.02025771 
317 328 15 20 0.020218858 
36 357 8 13 0.020214312 
485 247 10 12 0.020189162 
126 287 9 11 0.020170428 
334 277 8 11 0.020151969 
600 40 11 13 0.020128503 
257 248 8 9 0.020123249 
253 316 12 14 0.02011553 
559 249 8 11 0.020056598 
574 286 11 14 0.020043151 
