21_Festival_Festival_21_218
71
541 211 31 42 0.9873245 
571 193 33 50 0.9849572 
304 117 32 49 0.9719856 
949 141 39 48 0.9699508 
858 116 42 58 0.9611953 
97 155 43 56 0.94962364 
318 190 30 42 0.66232485 
637 170 37 46 0.54650056 
433 255 18 19 0.4028335 
528 246 26 35 0.32001138 
785 170 58 86 0.284089 
36 366 16 22 0.24362843 
649 181 39 57 0.1946906 
553 208 32 41 0.1789902 
797 220 35 45 0.11305329 
669 186 43 62 0.0878519 
715 147 98 106 0.08019966 
691 198 15 20 0.07681277 
469 345 51 88 0.07474092 
681 193 26 38 0.05994327 
401 231 27 33 0.057233173 
473 261 17 22 0.056884464 
533 229 28 38 0.056623716 
641 169 21 27 0.054507367 
967 144 32 38 0.054240678 
317 626 41 44 0.04746943 
419 244 14 17 0.047309343 
668 171 12 18 0.045150027 
433 239 27 30 0.04356967 
531 244 15 20 0.043482553 
466 222 37 49 0.040340085 
414 236 43 49 0.04018795 
830 244 92 125 0.0363847 
363 229 18 21 0.034861013 
322 187 22 22 0.03227222 
491 229 28 39 0.03185304 
461 230 26 37 0.031741135 
417 241 25 29 0.029843878 
36 360 41 67 0.029405113 
437 297 13 16 0.029092725 
448 231 27 34 0.027876709 
622 186 24 40 0.027392384 
190 108 46 62 0.027207358 
641 193 30 47 0.02698464 
146 194 18 21 0.026809849 
474 246 26 35 0.025992783 
460 238 16 22 0.02533615 
426 354 14 18 0.024893736 
45 40 24 34 0.024788873 
446 348 14 18 0.02462514 
288 125 36 48 0.024035111 
987 611 31 38 0.023885986 
246 71 24 31 0.023673654 
460 217 16 19 0.023058126 
506 329 16 21 0.022038585 
565 504 31 37 0.021968504 
630 171 26 35 0.021628749 
141 185 29 35 0.021521233 
986 154 17 21 0.021376826 
75 196 19 26 0.021296524 
470 289 15 20 0.021131197 
461 366 15 21 0.020985782 
79 176 31 44 0.020848408 
988 20 34 75 0.020847218 
6 367 44 66 0.020791827 
354 328 31 30 0.020596953 
0 434 35 75 0.020260133 
461 375 15 23 0.020231485 
427 -1 47 43 0.020227555 
404 246 17 21 0.0202219 
18 376 27 39 0.020113437 
