21_Festival_Festival_21_201
183
773 307 29 46 0.9829942 
905 308 19 23 0.8999345 
677 298 24 29 0.88248754 
43 381 25 37 0.8441632 
218 429 19 23 0.77948207 
553 313 20 25 0.733262 
276 362 17 20 0.68902767 
394 368 22 31 0.67584777 
506 350 22 30 0.5461018 
719 379 23 28 0.5048032 
12 434 13 18 0.49457964 
613 330 16 23 0.47593385 
290 343 16 24 0.42151046 
242 384 16 19 0.4127941 
403 341 16 20 0.3907562 
640 296 16 23 0.36370307 
438 345 14 20 0.349206 
377 339 15 20 0.26705456 
575 344 14 19 0.26670617 
7 58 383 475 0.26455557 
481 52 223 269 0.2621552 
665 314 12 15 0.25696623 
904 147 66 58 0.21870725 
650 328 14 17 0.1600376 
11 399 16 20 0.15951398 
389 -37 368 434 0.15921593 
246 400 21 28 0.14789465 
628 317 12 14 0.14610459 
281 350 19 24 0.14280118 
329 403 25 33 0.13552636 
603 314 14 17 0.13160999 
113 292 106 78 0.12790848 
453 319 11 14 0.12006839 
3 195 108 176 0.11177827 
13 410 14 18 0.110213466 
22 134 222 283 0.1058416 
361 392 27 33 0.10177691 
430 327 11 13 0.09867829 
405 333 15 17 0.09768005 
574 352 13 18 0.092444174 
267 377 30 34 0.09056525 
451 330 14 20 0.090216786 
596 323 13 15 0.089035496 
592 377 10 12 0.08806401 
507 337 22 28 0.08705432 
939 307 19 25 0.08201871 
619 326 13 16 0.075208835 
107 270 82 66 0.07361779 
444 338 15 20 0.07347729 
477 327 17 22 0.07248746 
890 122 103 101 0.071351476 
657 -76 397 497 0.06816354 
260 389 28 32 0.06799916 
592 324 10 13 0.061687566 
492 332 12 15 0.06017145 
980 254 28 40 0.058041163 
645 406 11 14 0.05723878 
386 345 40 53 0.05706627 
147 318 45 38 0.053375218 
639 81 111 131 0.05308333 
467 292 27 32 0.052327815 
57 241 125 108 0.052017976 
463 201 27 36 0.051250808 
446 423 38 54 0.05108258 
238 390 23 28 0.04733709 
300 372 26 30 0.0468842 
406 367 21 31 0.04647617 
602 320 22 27 0.044748086 
362 331 24 31 0.042960394 
921 140 42 41 0.042796962 
673 291 19 21 0.042626284 
400 333 12 16 0.042520463 
569 349 12 16 0.04101358 
957 107 57 70 0.040998064 
899 282 17 22 0.040720914 
633 416 9 12 0.040705122 
666 305 24 30 0.040390495 
1 424 9 13 0.040113933 
593 380 13 15 0.039935376 
-1 660 82 120 0.03982182 
-43 348 351 478 0.039257113 
661 340 14 20 0.039220877 
436 333 12 14 0.03879044 
469 226 450 443 0.037599936 
450 325 11 15 0.036452007 
575 361 12 17 0.034881774 
656 444 15 17 0.03487789 
256 400 19 23 0.034120195 
318 400 41 53 0.034091223 
771 300 15 22 0.033757202 
654 438 11 14 0.033751324 
856 383 13 18 0.033619534 
486 318 13 16 0.033140924 
498 328 24 27 0.03292493 
803 176 55 52 0.032863885 
630 358 13 17 0.032723375 
422 139 25 32 0.03243567 
610 315 12 15 0.03233278 
971 243 27 42 0.031799167 
474 104 136 146 0.031217316 
315 119 18 22 0.030795483 
582 74 115 144 0.030650115 
380 339 21 29 0.030183917 
940 83 52 70 0.029827371 
447 376 21 33 0.029800944 
346 108 29 34 0.02949727 
679 284 25 28 0.029441083 
203 433 40 55 0.029137097 
31 434 12 15 0.029085271 
416 94 107 134 0.02880317 
482 321 23 30 0.028084991 
641 125 68 81 0.028029546 
351 382 29 37 0.027702238 
899 178 49 67 0.027698705 
549 296 27 35 0.027663196 
467 379 14 17 0.02761796 
629 358 20 28 0.02760751 
350 314 46 58 0.027459215 
661 331 12 17 0.027154969 
5 429 15 18 0.027013814 
95 425 27 36 0.026988743 
916 271 23 31 0.02669055 
758 366 26 33 0.026504433 
120 331 67 54 0.02645913 
638 413 11 14 0.026394121 
667 321 14 17 0.02639004 
947 210 40 54 0.025969433 
432 339 15 19 0.025962476 
364 373 15 21 0.025865389 
319 290 12 15 0.02581015 
207 424 24 31 0.025716463 
573 298 15 18 0.02562946 
370 410 18 24 0.025617246 
453 169 49 67 0.025583073 
637 321 11 16 0.02556778 
634 300 10 15 0.025393955 
888 268 28 37 0.024601184 
226 398 13 15 0.024501698 
920 171 57 81 0.024480976 
8 410 23 29 0.024144059 
541 355 12 16 0.024135562 
328 452 47 61 0.02395315 
781 70 240 267 0.023933373 
754 300 39 47 0.023847386 
99 346 38 36 0.02377339 
471 311 28 33 0.02348244 
772 253 16 22 0.02347192 
323 128 13 17 0.023360744 
655 328 20 28 0.02302684 
202 385 17 20 0.022931587 
993 284 28 41 0.022841884 
515 333 14 19 0.022727117 
750 284 16 17 0.022535214 
228 399 26 29 0.022416633 
441 115 60 78 0.022410937 
419 369 16 23 0.02236172 
365 352 14 19 0.022310395 
670 287 14 19 0.022288116 
139 364 35 35 0.022259386 
457 325 19 27 0.022031827 
4 421 13 15 0.021921784 
492 318 14 16 0.02190887 
500 420 12 16 0.021901703 
297 336 26 31 0.021638919 
635 443 11 15 0.021367246 
659 487 13 17 0.021301866 
331 364 16 20 0.02121167 
471 326 14 19 0.021132194 
669 77 56 76 0.021040443 
523 323 15 18 0.02102747 
180 316 373 453 0.021019736 
323 417 44 59 0.021004269 
188 407 30 40 0.020858929 
371 461 43 49 0.0207756 
597 338 13 16 0.02069893 
339 207 29 40 0.02055807 
812 304 26 40 0.020514902 
366 389 42 51 0.020493004 
347 407 30 36 0.020445254 
503 339 14 18 0.020434504 
670 358 12 16 0.020413628 
310 398 28 37 0.02026108 
404 347 26 35 0.020185191 
