21_Festival_Festival_21_354
45
275 157 402 533 0.999752 
767 442 61 70 0.4802416 
765 553 86 79 0.35654706 
121 43 48 62 0.12884852 
746 422 66 75 0.08148719 
641 511 34 39 0.075385444 
626 521 31 32 0.06738489 
320 517 438 494 0.066385575 
341 980 10 13 0.05966521 
61 743 42 41 0.054022435 
76 729 101 118 0.052713893 
637 669 272 283 0.05164382 
51 696 57 50 0.051629845 
-7 576 41 85 0.049043488 
657 504 27 37 0.044746444 
676 462 52 66 0.04382404 
47 613 48 60 0.040602345 
91 600 57 65 0.040442683 
142 43 57 78 0.03749781 
163 63 60 88 0.03702207 
277 952 8 10 0.03588505 
334 387 278 319 0.034577142 
97 603 33 42 0.03346098 
662 481 46 55 0.032896586 
800 446 49 60 0.03270928 
667 500 15 20 0.03245951 
617 506 49 53 0.03163349 
84 574 93 107 0.030062722 
724 430 64 83 0.028153555 
116 725 66 72 0.027356386 
694 451 60 76 0.027295368 
74 618 52 58 0.027240224 
49 718 57 53 0.025796143 
644 513 18 23 0.025430417 
586 677 450 469 0.025088016 
102 576 61 65 0.024375958 
639 488 48 55 0.02414248 
0 40 84 133 0.02248046 
822 457 27 42 0.021500502 
788 475 44 49 0.021240834 
116 716 40 44 0.021201681 
129 582 34 35 0.02089621 
84 609 32 41 0.020589685 
71 750 66 75 0.02037529 
532 480 404 412 0.020243537 
