21_Festival_Festival_21_830
21
467 134 356 502 0.99970645 
9 505 45 63 0.6214766 
59 572 413 514 0.48408127 
332 452 557 545 0.36278814 
964 503 51 58 0.29252812 
940 509 54 59 0.23979181 
823 514 50 66 0.21650015 
108 813 268 290 0.18564008 
989 491 35 54 0.096635126 
340 71 371 462 0.06842364 
676 666 255 266 0.066215314 
933 497 26 38 0.06522321 
923 526 55 69 0.057735838 
186 484 415 501 0.05393479 
27 302 95 158 0.049213387 
108 91 83 147 0.03602873 
922 501 49 65 0.034153312 
185 501 18 20 0.0327898 
98 534 13 18 0.031099454 
54 50 355 516 0.02669469 
906 522 88 110 0.026499799 
