21_Festival_Festival_21_140
171
430 459 22 30 0.9357276 
517 494 46 52 0.77529484 
347 481 19 21 0.53295237 
342 475 15 20 0.2975963 
948 447 14 19 0.27644902 
796 660 95 125 0.21368639 
214 765 15 24 0.2109621 
305 445 14 18 0.16746125 
1003 513 22 42 0.13232791 
433 1221 62 75 0.13011165 
126 634 12 15 0.10432879 
424 446 22 31 0.09149631 
423 420 13 17 0.091195635 
120 721 9 11 0.09075441 
427 518 26 39 0.09064263 
693 720 39 50 0.09043386 
364 475 15 22 0.08906261 
22 754 11 16 0.07973739 
468 404 12 14 0.0710373 
435 420 16 19 0.069895394 
172 443 12 16 0.069766484 
820 650 54 88 0.067297466 
122 364 16 19 0.066635795 
54 643 10 12 0.06650557 
390 415 12 15 0.0655046 
338 439 16 20 0.0648068 
102 694 10 14 0.061703246 
462 428 13 15 0.060058437 
262 461 24 27 0.059805945 
347 471 17 20 0.05780667 
427 418 17 20 0.05754323 
124 355 15 17 0.053546775 
28 856 13 18 0.050574716 
391 584 11 15 0.049819745 
14 950 13 18 0.04872157 
46 655 12 14 0.04836137 
673 432 24 28 0.04828344 
725 427 10 13 0.04633652 
303 438 12 14 0.046067648 
629 667 13 18 0.045331404 
137 701 9 12 0.04526929 
123 724 10 12 0.044541474 
117 736 10 12 0.042917576 
48 619 7 11 0.04225612 
914 563 25 27 0.042196736 
301 460 11 13 0.041853715 
348 546 38 41 0.04144448 
319 445 11 15 0.041332353 
741 477 9 11 0.041085355 
142 696 9 12 0.04074335 
108 1241 14 18 0.040564563 
181 512 64 52 0.040370703 
486 1193 13 16 0.040232163 
910 572 23 27 0.04015266 
782 665 67 93 0.039926264 
95 734 8 12 0.03966822 
118 635 13 15 0.039269865 
295 529 12 17 0.03917578 
802 553 17 22 0.03905401 
337 477 13 18 0.037809845 
86 717 9 14 0.037775625 
849 564 26 31 0.037633516 
976 461 25 32 0.037311822 
477 426 13 17 0.036916837 
441 425 13 17 0.036583025 
883 555 13 16 0.035433557 
339 1155 32 32 0.034910776 
85 636 11 15 0.034198266 
389 434 14 17 0.034106173 
423 451 14 21 0.034054477 
334 826 10 14 0.03330679 
437 512 27 41 0.033278596 
982 1196 29 49 0.033081554 
425 429 24 30 0.03301016 
990 503 29 48 0.03262783 
196 694 13 16 0.03232116 
16 954 17 21 0.031344455 
483 429 14 19 0.031329565 
243 1240 43 41 0.031067923 
466 408 16 19 0.029937543 
108 366 40 50 0.029274287 
891 415 13 14 0.029194621 
876 558 15 16 0.029189087 
29 849 10 13 0.028632179 
385 510 17 22 0.0285035 
344 614 12 16 0.027787281 
791 491 9 12 0.027604628 
80 860 11 13 0.027497286 
79 870 11 14 0.027462248 
25 847 10 13 0.02734308 
85 710 11 14 0.027263157 
465 418 17 21 0.027220082 
80 812 10 14 0.02699373 
342 895 24 29 0.026844906 
754 509 10 11 0.026764374 
755 482 13 17 0.026693223 
768 507 9 12 0.02659272 
294 443 12 17 0.026184844 
415 428 10 14 0.026112901 
799 484 11 14 0.026022153 
619 402 14 16 0.026015157 
39 645 10 12 0.025507784 
908 585 18 22 0.025492514 
48 377 12 18 0.025265336 
385 583 11 14 0.025102645 
242 706 17 21 0.02507067 
325 512 16 21 0.025015553 
280 443 12 16 0.024794273 
756 490 10 14 0.024731377 
113 634 11 16 0.024625128 
556 446 43 55 0.024386907 
965 457 26 32 0.024383903 
150 707 11 14 0.024242045 
327 876 35 38 0.02423377 
743 473 9 12 0.024199605 
300 469 11 14 0.024181468 
318 439 11 14 0.024062673 
443 529 16 20 0.024025941 
818 561 15 19 0.024007432 
771 682 28 46 0.023983961 
130 630 13 16 0.023837091 
312 711 444 521 0.023575705 
852 579 29 31 0.02357061 
168 438 21 26 0.023343204 
803 568 17 21 0.023246344 
792 542 9 12 0.023101667 
288 804 11 16 0.023050172 
798 502 10 14 0.023008779 
440 456 25 31 0.022852428 
650 462 15 18 0.022785462 
652 453 12 12 0.022748267 
205 764 27 42 0.022728406 
130 364 12 15 0.022699535 
72 449 17 18 0.022629706 
967 455 40 51 0.022285895 
100 436 13 16 0.022157801 
796 558 16 20 0.022056855 
464 426 23 28 0.021831235 
187 824 24 29 0.021819869 
101 686 11 15 0.02173822 
280 829 10 13 0.021708965 
65 884 11 15 0.021633169 
300 843 12 15 0.021569207 
1006 1255 14 21 0.021542134 
668 435 18 21 0.021414626 
736 473 10 12 0.021389468 
295 438 9 14 0.021270927 
457 658 15 17 0.021223418 
169 743 81 103 0.021205971 
5 959 14 22 0.021036174 
621 654 23 32 0.021027798 
851 559 19 22 0.021004159 
800 468 11 15 0.020966697 
771 629 48 78 0.02093186 
96 692 13 18 0.020913713 
388 581 20 25 0.020889707 
752 477 12 14 0.020842517 
423 434 12 17 0.020803032 
110 718 12 14 0.020556312 
99 690 22 28 0.02048057 
454 521 42 48 0.02041026 
626 642 14 18 0.020230211 
507 498 37 39 0.020223958 
47 645 10 14 0.020202732 
805 468 10 13 0.020117091 
953 448 22 29 0.020109605 
294 444 20 28 0.020096337 
88 723 9 13 0.020053536 
418 421 11 14 0.02005241 
86 421 16 18 0.02003834 
389 974 28 30 0.020016886 
