21_Festival_Festival_21_585
359
121 332 23 30 0.9715621 
26 258 14 18 0.88088787 
255 338 19 23 0.84297824 
58 349 19 24 0.8028735 
181 337 21 26 0.7946033 
201 317 15 21 0.7445251 
214 290 14 18 0.7391714 
116 285 14 17 0.7367596 
22 236 11 15 0.7327718 
309 325 14 19 0.63575923 
292 243 13 17 0.58674234 
198 244 12 16 0.5706776 
79 285 11 15 0.5256865 
124 304 16 20 0.5230444 
17 302 14 16 0.47393766 
20 354 17 21 0.47323307 
52 206 8 11 0.45601177 
251 307 17 19 0.40117714 
32 208 10 12 0.34859514 
59 257 14 16 0.3419874 
67 229 10 13 0.31869215 
19 326 18 22 0.30817252 
7 207 10 14 0.29963088 
52 235 11 15 0.27736437 
111 238 10 11 0.27037203 
132 281 14 17 0.25091815 
288 531 14 16 0.24322326 
267 261 12 15 0.23512638 
182 255 10 13 0.2218123 
71 200 9 11 0.2188842 
93 198 8 10 0.21367894 
0 346 12 21 0.18633479 
95 257 12 15 0.18178055 
47 289 13 16 0.18025383 
566 54 35 35 0.17996368 
198 192 7 10 0.16539718 
366 521 11 15 0.16216417 
49 231 10 13 0.15669578 
251 277 12 15 0.1540792 
79 220 10 12 0.14353259 
324 531 9 13 0.14291032 
153 195 9 11 0.13574056 
175 191 8 10 0.13406044 
158 240 9 12 0.13114457 
129 205 8 10 0.12241824 
161 176 8 10 0.11833253 
102 212 9 12 0.116890065 
121 165 9 11 0.11625713 
76 280 12 15 0.11619125 
53 285 12 16 0.11339666 
594 57 29 33 0.11068257 
117 198 8 10 0.10615156 
61 276 12 16 0.103153914 
100 255 12 14 0.10021275 
353 509 10 12 0.098278046 
119 192 8 10 0.09764133 
127 175 9 10 0.09639077 
505 494 9 12 0.0952386 
79 243 11 13 0.09357514 
231 250 12 15 0.09210277 
142 262 11 13 0.09129998 
270 526 12 15 0.08996728 
124 283 13 17 0.08848788 
561 551 8 9 0.08652771 
347 493 11 13 0.08439285 
20 461 15 18 0.08433822 
217 245 10 13 0.08185628 
61 182 8 11 0.080354765 
263 232 9 11 0.07822416 
70 276 11 15 0.07590476 
1 349 18 29 0.07581039 
810 421 73 105 0.07496198 
550 560 7 9 0.07320279 
53 355 25 31 0.071188726 
156 192 9 11 0.06968221 
80 215 11 13 0.06828684 
369 62 23 38 0.06626534 
62 234 12 14 0.066020705 
249 415 17 20 0.06599267 
168 254 9 12 0.06491925 
341 519 10 13 0.0646892 
207 371 15 18 0.06391285 
192 322 22 26 0.06379294 
442 542 11 15 0.06375939 
165 175 9 11 0.06348735 
192 343 17 20 0.06311106 
84 214 11 12 0.061519675 
176 254 10 13 0.060789667 
192 402 24 32 0.060282376 
253 272 10 12 0.06010051 
498 180 10 13 0.05921469 
565 540 10 12 0.05905878 
190 168 9 10 0.05903063 
32 182 8 10 0.058917228 
264 254 9 13 0.058764394 
248 271 10 12 0.05869827 
499 444 11 13 0.05820207 
166 181 8 10 0.05671011 
73 169 8 10 0.056579158 
182 183 8 10 0.056495193 
264 265 12 15 0.05626948 
194 195 9 11 0.056042675 
-1 396 12 22 0.055645496 
233 497 13 17 0.054525755 
160 214 8 10 0.05448039 
77 205 10 11 0.053779062 
190 316 17 20 0.0532051 
206 183 8 9 0.05251394 
128 180 8 12 0.05202603 
78 168 9 10 0.051796127 
301 510 11 14 0.051464837 
175 230 10 12 0.05115195 
358 517 13 15 0.05106536 
559 52 27 30 0.050944507 
87 206 9 11 0.0506454 
64 224 10 12 0.05055576 
429 534 10 12 0.04989648 
251 317 18 21 0.049762253 
0 282 11 18 0.04953809 
269 306 14 17 0.049249932 
232 239 10 12 0.04918702 
68 234 11 14 0.048956107 
153 238 9 11 0.045373693 
143 466 33 34 0.045184374 
61 267 13 17 0.045094997 
78 313 15 20 0.04472736 
53 211 9 12 0.044350803 
207 176 7 9 0.044082005 
565 558 8 10 0.0439717 
310 526 9 11 0.04382732 
95 230 9 12 0.0434627 
88 168 8 9 0.04335591 
237 247 11 14 0.043191675 
351 515 11 14 0.042865917 
191 174 8 9 0.04258181 
476 535 10 12 0.04232464 
549 566 8 10 0.042115692 
316 282 13 17 0.041412313 
552 533 8 11 0.041400507 
18 315 17 20 0.04105842 
31 196 11 13 0.040478557 
65 197 10 12 0.040163152 
78 295 14 17 0.04000344 
559 50 15 19 0.039976276 
142 247 9 11 0.03984051 
274 550 13 14 0.039552007 
47 223 9 11 0.039478544 
561 542 10 13 0.03941682 
144 181 9 10 0.03927631 
119 288 19 24 0.039159104 
159 365 22 28 0.039154932 
135 200 8 10 0.039098404 
248 590 57 58 0.03905283 
70 224 10 12 0.03846659 
108 252 12 14 0.03832592 
88 260 11 15 0.037891086 
104 245 11 13 0.037673544 
333 544 10 12 0.037594806 
283 402 15 17 0.03735788 
144 164 9 10 0.037344247 
201 182 7 9 0.037280153 
87 173 9 11 0.03712076 
408 -20 367 430 0.036983456 
110 278 16 19 0.036874723 
93 415 17 24 0.036765527 
464 510 11 12 0.03663559 
196 310 16 21 0.036344353 
76 200 8 11 0.03561391 
176 184 9 10 0.035523005 
144 237 8 10 0.035188694 
232 183 9 10 0.03493758 
55 313 14 20 0.034649543 
53 201 10 11 0.03426765 
545 575 8 9 0.034260087 
111 150 8 11 0.034206785 
360 74 40 58 0.034157295 
336 523 12 14 0.034091994 
15 243 12 16 0.03393146 
289 241 11 14 0.03382745 
113 206 8 10 0.03333601 
95 205 8 11 0.03289256 
435 508 12 14 0.03286537 
561 567 9 13 0.032841768 
176 338 17 20 0.03281425 
97 213 10 12 0.0327208 
574 567 8 10 0.03238689 
217 296 14 17 0.032332096 
191 239 13 16 0.032114096 
238 175 8 10 0.03192463 
24 195 9 12 0.03187816 
359 517 20 24 0.031635143 
105 238 10 12 0.03147437 
37 182 9 10 0.03142204 
449 517 10 12 0.031404812 
541 550 8 9 0.03127545 
560 518 7 10 0.03112924 
60 309 14 17 0.030581243 
278 238 10 12 0.030516764 
151 182 7 9 0.030354414 
110 267 12 14 0.03016069 
205 344 16 21 0.030146763 
127 278 13 17 0.030110892 
62 189 8 11 0.029985325 
170 191 8 10 0.029879758 
9 355 27 31 0.029742043 
310 386 16 18 0.029562712 
153 244 10 13 0.029400628 
574 36 29 37 0.029338386 
578 59 34 39 0.029331362 
266 331 17 21 0.029102715 
212 460 12 16 0.02903805 
130 288 16 20 0.028928371 
34 211 11 13 0.028884733 
100 264 14 16 0.028873933 
246 245 11 14 0.028852943 
121 172 9 11 0.028609736 
12 251 12 16 0.028520044 
190 250 11 15 0.028283222 
119 244 10 13 0.0281171 
3 277 12 16 0.027872514 
348 501 13 15 0.027806062 
286 549 14 16 0.027795712 
447 509 11 14 0.027484817 
429 192 12 15 0.02743474 
186 167 8 11 0.02734564 
760 98 32 43 0.027276097 
117 310 16 21 0.027216444 
48 201 9 11 0.027170256 
437 494 10 12 0.027115574 
69 300 12 15 0.026962189 
25 182 9 11 0.026943797 
222 250 11 14 0.02693584 
273 301 15 18 0.026882812 
454 510 10 12 0.026808754 
44 471 22 27 0.026732124 
142 199 8 10 0.026694061 
53 297 12 16 0.026693296 
40 289 13 17 0.026672626 
199 231 10 12 0.026628012 
200 176 8 10 0.02661939 
298 245 12 14 0.026537389 
62 223 18 23 0.026504159 
117 298 17 21 0.026409635 
270 295 11 15 0.02640204 
88 191 8 11 0.02625869 
143 176 9 11 0.026211284 
269 322 15 19 0.026195144 
121 467 34 39 0.026148055 
542 544 8 11 0.026082393 
520 446 9 11 0.026079366 
65 311 20 26 0.025956934 
323 282 11 14 0.025895376 
48 241 12 15 0.025887735 
895 101 13 16 0.025843052 
94 160 9 11 0.025808286 
183 247 10 13 0.025742266 
89 254 10 14 0.025594873 
305 525 10 12 0.025329052 
311 279 13 17 0.025298592 
583 509 8 10 0.025145384 
138 261 10 13 0.025125084 
319 263 10 12 0.02500686 
147 301 16 20 0.024957083 
220 371 18 22 0.024924522 
516 460 11 17 0.02486503 
102 230 10 12 0.02482229 
209 373 21 26 0.024743387 
2 210 9 13 0.024675945 
551 271 15 21 0.02465328 
550 582 8 11 0.024536312 
48 226 17 22 0.024313856 
175 195 8 11 0.024257213 
111 174 7 9 0.024221344 
152 176 8 10 0.024119733 
404 175 23 27 0.024104279 
233 175 8 9 0.023996653 
68 254 12 15 0.023990648 
159 251 10 13 0.023955328 
63 214 9 11 0.023950731 
264 341 17 21 0.023874287 
161 158 8 11 0.023834674 
181 190 8 11 0.0237866 
72 243 12 14 0.02374483 
568 520 8 10 0.023696013 
302 327 24 31 0.023661146 
15 189 9 12 0.023518762 
274 338 14 19 0.023355793 
239 229 11 13 0.023274044 
134 175 8 11 0.023173388 
30 217 12 15 0.023117429 
94 166 9 10 0.022950334 
447 501 11 13 0.022922475 
168 166 8 9 0.022901962 
45 297 14 17 0.022871835 
115 239 10 11 0.022849903 
553 529 6 8 0.022775175 
22 223 10 13 0.022754256 
527 520 8 10 0.022654574 
110 335 27 33 0.02264562 
472 540 10 12 0.02262174 
216 173 8 10 0.022573361 
608 59 20 27 0.022566289 
542 525 8 10 0.02241608 
239 182 8 10 0.022376196 
277 253 10 13 0.022358125 
247 337 17 23 0.022343019 
566 566 9 12 0.0223303 
412 526 10 13 0.022313384 
55 265 13 17 0.02231178 
25 241 14 16 0.022273758 
198 159 9 10 0.022073295 
561 535 8 11 0.022005705 
601 41 26 38 0.02200187 
127 462 14 20 0.021948602 
319 269 10 11 0.02188343 
512 526 8 10 0.021836298 
309 541 10 13 0.021793712 
438 476 14 17 0.021716021 
271 199 7 10 0.02169456 
8 244 12 16 0.021670675 
7 238 10 12 0.021631958 
477 190 14 18 0.021566382 
96 143 8 11 0.021474198 
120 252 10 13 0.02141102 
17 230 10 13 0.021380575 
438 502 10 13 0.021377321 
450 136 9 11 0.021327076 
350 525 13 15 0.021321442 
121 183 8 10 0.02127627 
165 215 8 10 0.021140039 
545 568 8 10 0.021034744 
46 189 9 11 0.020950885 
36 189 10 14 0.020871408 
125 189 9 11 0.02085994 
138 304 19 26 0.020859446 
215 184 8 10 0.020848582 
354 528 17 18 0.02083583 
148 472 19 22 0.020832261 
248 268 21 25 0.020824015 
413 532 10 13 0.020745978 
39 229 10 13 0.020652525 
48 200 17 23 0.020613074 
166 160 9 10 0.020587008 
174 175 9 10 0.020580316 
86 265 11 15 0.020559663 
60 242 12 15 0.02050498 
55 157 9 11 0.0204892 
149 159 9 11 0.020450857 
158 261 10 12 0.020406514 
223 174 8 10 0.020319263 
334 531 10 14 0.020314846 
469 502 11 13 0.020254547 
234 388 16 19 0.02025168 
259 302 15 17 0.020221928 
255 251 10 14 0.020218754 
818 403 56 75 0.020160621 
409 3 27 28 0.020152511 
70 213 10 11 0.020099828 
319 526 18 23 0.020020045 
