21_Festival_Festival_21_219
415
560 278 84 114 0.99159664 
769 363 11 14 0.43297395 
718 344 8 10 0.31257838 
788 359 11 13 0.25719035 
794 335 8 10 0.24855804 
839 350 10 12 0.20862547 
868 406 15 19 0.20235151 
807 359 10 12 0.1996706 
711 381 9 10 0.18477137 
807 334 9 10 0.1766919 
768 340 11 14 0.17548716 
276 548 10 13 0.172201 
12 559 9 10 0.16327313 
847 326 9 10 0.1515314 
838 242 11 14 0.14796828 
702 352 8 10 0.13417207 
832 351 10 12 0.13229911 
906 375 9 11 0.1314092 
718 348 9 11 0.12959923 
783 320 7 9 0.1278476 
294 563 10 13 0.120495036 
825 325 8 11 0.11975644 
317 540 8 10 0.11924231 
230 542 7 10 0.10974476 
706 380 8 11 0.10905114 
752 372 9 11 0.10891253 
822 302 8 10 0.1062152 
784 364 13 14 0.10239408 
774 182 8 10 0.10106588 
259 555 11 14 0.092722744 
831 320 7 9 0.091188475 
837 372 10 12 0.091154546 
800 169 12 15 0.09107498 
830 286 8 10 0.090935 
797 335 9 11 0.09071175 
807 329 9 10 0.08910251 
753 342 10 11 0.0889885 
751 356 11 13 0.088551715 
806 342 11 13 0.08829507 
783 325 8 10 0.087955356 
812 349 11 13 0.085049495 
1012 316 10 14 0.08426795 
830 325 8 10 0.08211403 
806 349 12 14 0.08192593 
328 518 9 11 0.08006465 
734 166 10 13 0.08005357 
1014 278 8 11 0.079582416 
47 520 7 9 0.07566025 
841 296 7 10 0.0748099 
735 352 10 12 0.07468459 
982 271 9 10 0.074439 
780 409 15 18 0.07431468 
807 318 8 9 0.074275814 
825 334 8 11 0.07421112 
272 544 9 12 0.0730325 
26 562 8 10 0.07286209 
798 403 13 17 0.07200964 
753 349 10 13 0.07188688 
145 544 8 11 0.07172594 
46 470 8 11 0.069540225 
792 328 8 10 0.068592615 
16 536 8 10 0.0683131 
785 371 11 12 0.06761484 
772 347 11 13 0.06750772 
334 524 8 10 0.06744324 
762 327 8 10 0.06733543 
823 349 9 12 0.06666169 
30 561 8 10 0.06600714 
765 326 9 9 0.06568905 
840 344 10 12 0.065577775 
703 357 8 10 0.064814895 
889 279 8 9 0.0630431 
0 524 8 10 0.06288241 
788 409 14 17 0.06229954 
842 326 8 10 0.06216517 
777 318 8 10 0.061721597 
128 542 8 10 0.06171088 
698 350 9 11 0.061679617 
824 342 9 11 0.061206825 
792 319 8 10 0.06116469 
314 537 9 10 0.060752664 
848 367 9 12 0.060618524 
31 527 8 9 0.060470898 
759 335 9 12 0.060415495 
182 536 7 9 0.059468307 
309 565 9 12 0.059317548 
177 534 8 10 0.059262034 
921 297 9 12 0.059125047 
840 300 9 11 0.05807293 
918 335 12 13 0.057413515 
746 327 8 10 0.057303708 
990 246 9 11 0.056946248 
757 340 9 13 0.056806266 
729 332 9 11 0.056132466 
801 348 10 12 0.055810273 
302 561 9 11 0.05557785 
726 351 10 12 0.054874342 
863 365 10 13 0.054814104 
848 332 9 11 0.05480308 
799 341 9 12 0.054504786 
208 549 7 9 0.053670347 
830 334 8 10 0.05293736 
865 335 8 11 0.051759515 
89 549 9 11 0.051419977 
811 355 11 13 0.050935194 
226 543 8 11 0.05090476 
712 349 9 10 0.050338473 
782 351 10 12 0.05029304 
94 548 8 11 0.049587876 
729 327 7 10 0.049059678 
799 362 11 13 0.04891612 
41 519 7 9 0.04891386 
722 356 9 11 0.048906054 
17 519 7 8 0.048725203 
878 336 9 11 0.048252273 
820 373 12 14 0.048212226 
1008 145 12 16 0.048156846 
239 559 10 11 0.04795942 
829 343 9 11 0.04792807 
832 239 9 12 0.047571644 
775 312 8 10 0.047264203 
87 567 10 12 0.04723375 
992 287 8 11 0.046884943 
600 220 482 562 0.0465698 
709 329 8 10 0.046500634 
740 351 11 12 0.046325322 
832 371 10 13 0.046317272 
844 350 9 11 0.04623955 
800 313 8 11 0.046090405 
466 460 17 20 0.04556375 
922 280 9 11 0.04527179 
918 380 11 12 0.045035686 
834 264 7 9 0.044644922 
7 520 7 9 0.04443109 
804 182 10 12 0.044259403 
831 311 8 11 0.04423428 
778 324 9 10 0.044131465 
1008 247 8 9 0.04412018 
976 144 9 11 0.04410606 
800 229 8 12 0.043541245 
745 333 9 11 0.043524053 
247 550 8 10 0.04352342 
193 533 8 10 0.0433076 
831 281 8 10 0.04308469 
751 335 10 12 0.042975347 
738 372 9 12 0.04281285 
94 568 9 12 0.042767882 
792 312 9 11 0.042740613 
121 374 10 13 0.042469554 
752 182 9 12 0.042406265 
925 299 9 11 0.042292036 
758 357 9 13 0.041741595 
841 320 8 10 0.041585326 
826 240 8 10 0.04153677 
301 627 14 13 0.04139953 
289 559 9 11 0.041000415 
767 320 8 9 0.040781938 
769 175 9 12 0.040671572 
69 399 9 11 0.04009292 
825 280 9 11 0.039833087 
302 536 8 9 0.039829418 
6 422 7 11 0.03973552 
906 310 8 11 0.039554898 
845 301 9 11 0.039364766 
89 544 8 11 0.038748123 
25 462 9 10 0.03856591 
815 312 8 10 0.03818526 
183 541 8 10 0.037612725 
868 270 10 12 0.03754963 
789 350 11 14 0.037539642 
1 429 8 12 0.03702601 
767 354 19 23 0.036707282 
13 553 8 10 0.036086462 
246 543 9 11 0.035895824 
773 337 11 12 0.03587806 
277 575 10 12 0.03580756 
768 200 9 12 0.035784226 
855 366 9 12 0.035521045 
263 542 10 12 0.035439495 
956 268 12 13 0.03519047 
721 320 8 9 0.035186082 
62 431 9 10 0.035125773 
713 390 10 12 0.035123777 
703 365 8 9 0.035123236 
903 303 7 9 0.035117712 
48 524 7 10 0.03507605 
983 264 8 10 0.034890056 
145 560 9 11 0.03462716 
873 340 10 12 0.03453939 
23 519 7 9 0.034513913 
1008 277 9 11 0.034421455 
311 560 9 11 0.034412045 
309 520 8 10 0.034398776 
935 405 12 15 0.034353767 
824 355 10 13 0.034324642 
838 199 7 9 0.034168575 
508 45 12 13 0.0339032 
128 537 7 10 0.033815138 
785 292 8 11 0.033580963 
435 438 18 19 0.033322904 
885 397 11 13 0.033151787 
73 377 7 9 0.032982234 
1000 261 8 11 0.032879006 
742 367 11 14 0.03287035 
200 545 7 9 0.032836895 
759 382 9 12 0.032765016 
781 340 10 12 0.03272965 
838 286 8 10 0.032684803 
709 184 14 16 0.032237556 
1009 270 9 11 0.032229986 
790 184 8 10 0.032206975 
845 342 9 11 0.032153137 
801 189 9 11 0.032128662 
17 440 8 11 0.032085218 
993 293 8 10 0.03207016 
1000 256 9 10 0.03171656 
815 318 7 9 0.031688184 
918 349 10 11 0.03160268 
71 567 8 10 0.031564005 
831 293 7 9 0.03156345 
40 463 8 10 0.031485543 
14 443 8 11 0.031390406 
698 356 9 12 0.031146765 
807 278 7 9 0.031018263 
830 303 8 10 0.030786283 
862 359 10 12 0.030671012 
902 398 8 11 0.030514553 
921 310 10 12 0.03049339 
517 451 11 14 0.030346934 
191 543 8 10 0.03029762 
985 311 9 11 0.030191932 
903 357 10 12 0.030162334 
784 286 8 11 0.030144943 
914 334 10 12 0.030137457 
352 527 7 10 0.030108621 
751 320 8 9 0.03008845 
65 552 7 9 0.029801592 
823 296 9 10 0.029778648 
706 333 8 10 0.029580832 
816 378 12 14 0.029478138 
872 335 9 11 0.0294117 
57 405 8 11 0.029163357 
87 513 7 9 0.029161137 
718 337 8 9 0.029139424 
838 262 8 10 0.029108444 
832 270 8 9 0.02904382 
742 180 10 13 0.029025778 
839 281 8 10 0.028976034 
208 528 9 10 0.028925037 
856 358 8 11 0.0289063 
72 521 7 9 0.028629495 
54 558 8 10 0.02835702 
23 431 7 9 0.02835547 
392 527 8 10 0.028311322 
813 342 11 13 0.028157411 
26 367 8 10 0.028151907 
783 183 8 11 0.028136672 
81 513 7 9 0.027912578 
709 357 8 10 0.027900921 
758 365 10 12 0.027897768 
744 342 10 11 0.027842345 
31 463 8 10 0.027827226 
1001 390 8 10 0.02780392 
13 563 10 11 0.027743896 
836 236 20 26 0.027728863 
910 351 10 11 0.027674608 
334 568 10 11 0.027647102 
789 244 8 12 0.027515143 
25 422 8 10 0.027443403 
217 551 7 9 0.02738966 
310 526 8 10 0.027352419 
79 537 8 10 0.027313355 
130 550 7 9 0.027126838 
817 394 11 13 0.027086454 
9 536 8 10 0.026944865 
1014 252 8 12 0.026910732 
97 439 8 10 0.026860205 
904 367 9 13 0.026812527 
481 427 12 15 0.02664685 
40 486 8 10 0.026564624 
118 520 8 10 0.026503015 
313 549 9 12 0.026457991 
710 333 8 10 0.026348908 
893 279 7 9 0.026175227 
326 511 9 12 0.026136778 
864 328 8 9 0.026119849 
945 240 8 11 0.026026601 
863 389 12 14 0.025970092 
88 495 9 12 0.025892418 
716 208 13 15 0.025818303 
908 318 9 10 0.025734136 
560 447 6 9 0.025688112 
703 422 9 11 0.025587106 
105 367 7 10 0.025585962 
1013 248 8 11 0.025473079 
63 377 8 10 0.025461882 
276 553 11 15 0.025435911 
772 370 12 13 0.025410887 
24 456 9 11 0.025389312 
24 542 10 12 0.025270177 
824 307 8 11 0.02517872 
897 295 8 10 0.025159502 
1007 263 10 11 0.025148174 
320 528 8 10 0.025115224 
209 532 9 11 0.025099471 
0 502 7 11 0.024988603 
784 334 9 11 0.024977028 
223 550 9 11 0.024974272 
80 541 7 10 0.024817577 
758 166 8 11 0.02480652 
785 254 9 13 0.024734927 
569 456 7 8 0.024723621 
713 396 10 12 0.024708508 
241 543 8 10 0.024464812 
961 406 10 12 0.024456128 
791 302 8 11 0.024437398 
74 542 7 10 0.02443266 
760 320 8 9 0.024420518 
840 166 8 10 0.02435982 
38 559 8 10 0.024251351 
702 344 9 10 0.024177842 
839 310 8 10 0.024159836 
32 521 8 9 0.024125835 
151 559 8 11 0.02405412 
906 150 8 11 0.024024153 
197 528 9 11 0.023875145 
528 437 8 9 0.023854785 
903 288 7 9 0.02383294 
945 142 9 12 0.023799025 
41 567 8 11 0.023798998 
775 303 8 10 0.023771685 
5 470 8 11 0.023760822 
1000 279 8 10 0.023701143 
1015 283 9 13 0.023628408 
733 328 8 9 0.023545492 
41 432 8 10 0.023391703 
757 183 9 11 0.023391433 
512 462 11 14 0.023260217 
263 564 10 12 0.023250848 
798 222 9 13 0.023228465 
517 398 10 12 0.023214879 
881 285 8 9 0.023161463 
902 350 10 12 0.022946924 
114 519 8 10 0.02291372 
81 569 8 11 0.022890383 
878 271 10 12 0.022724122 
822 367 12 13 0.022662297 
776 187 8 10 0.02264183 
533 437 8 9 0.022600774 
8 511 7 10 0.0225948 
193 527 9 11 0.022573624 
686 183 11 13 0.02254617 
899 341 10 11 0.022500494 
806 272 7 10 0.022483453 
38 367 8 10 0.022403687 
847 356 9 12 0.022397462 
990 189 9 11 0.022386055 
853 319 9 10 0.022318428 
135 544 8 10 0.022254404 
46 433 8 9 0.022165617 
787 382 12 12 0.0221419 
881 278 8 10 0.0221386 
97 365 7 10 0.02212121 
40 512 7 9 0.022120312 
998 134 9 12 0.022101972 
319 565 9 11 0.021996353 
897 287 7 9 0.02198066 
242 551 8 10 0.021895748 
816 295 10 12 0.021864574 
143 521 7 9 0.02181028 
807 380 11 14 0.021778276 
79 475 11 13 0.021762526 
454 458 24 27 0.021754047 
848 310 8 10 0.021702794 
902 295 7 10 0.021682454 
310 471 7 9 0.0216561 
88 476 8 11 0.021647295 
577 448 7 9 0.021620559 
766 336 18 23 0.021616073 
544 446 8 9 0.021603385 
824 129 7 8 0.021468397 
825 244 8 11 0.021412399 
782 354 20 23 0.021354193 
824 270 8 10 0.021294016 
330 438 9 10 0.021274148 
798 391 12 15 0.021215253 
949 346 14 15 0.02117284 
967 381 8 11 0.021161376 
98 399 7 8 0.021131486 
813 335 9 10 0.021032613 
82 550 7 11 0.021031553 
694 375 8 11 0.020984244 
687 211 13 16 0.020929862 
6 525 7 9 0.020869246 
47 438 7 9 0.020813473 
696 343 9 12 0.020782946 
770 311 8 11 0.02077956 
22 438 7 10 0.020729123 
923 327 15 15 0.02069775 
87 556 9 11 0.020656936 
329 567 9 11 0.020615987 
168 533 8 10 0.020609796 
545 442 8 8 0.020534167 
872 143 8 11 0.02046158 
271 566 10 13 0.020421784 
864 311 10 12 0.020409923 
976 319 11 12 0.02034687 
994 128 8 9 0.020328559 
232 520 9 10 0.020281533 
55 553 8 9 0.020260675 
112 479 7 10 0.020254988 
435 177 32 39 0.02017369 
801 395 14 18 0.020085083 
977 359 9 11 0.02003401 
984 398 8 11 0.02000452 
