21_Festival_Festival_21_640
18
172 223 11 14 0.11136854 
47 437 22 28 0.08815856 
122 433 24 34 0.051823486 
50 426 15 17 0.049808234 
619 594 13 15 0.0472212 
171 246 13 16 0.037974373 
124 428 14 17 0.036780935 
1002 190 8 11 0.035484802 
43 430 36 47 0.035172038 
261 182 22 30 0.034674454 
667 483 10 14 0.034482114 
965 245 13 17 0.02972796 
269 149 11 16 0.02945953 
748 437 14 17 0.02825536 
670 589 12 15 0.025328644 
620 602 14 16 0.02475788 
0 365 8 14 0.020889668 
110 232 11 14 0.020500641 
