21_Festival_Festival_21_225
39
666 210 46 61 0.99914026 
749 283 49 61 0.9990689 
626 470 52 60 0.99872094 
849 306 48 61 0.9982687 
381 442 50 64 0.99807775 
492 181 94 115 0.964427 
962 235 11 14 0.3218229 
746 519 43 38 0.1818309 
267 604 30 32 0.16960628 
268 672 24 28 0.113268375 
245 675 15 18 0.086342596 
267 615 17 20 0.06132353 
277 701 13 15 0.052376196 
420 428 28 37 0.04158491 
185 674 17 21 0.041327003 
973 234 12 15 0.03692071 
239 682 11 16 0.035461176 
293 692 22 29 0.03227725 
269 652 12 14 0.032212682 
589 438 45 55 0.030765807 
283 690 12 16 0.030689456 
410 263 36 33 0.028746085 
280 608 20 21 0.026191836 
756 534 38 31 0.024705017 
280 675 16 20 0.024611661 
285 661 13 15 0.02412247 
270 658 13 15 0.02408249 
459 428 11 13 0.024007667 
1012 258 11 15 0.023507608 
274 616 29 32 0.023418589 
282 699 14 17 0.022707716 
268 685 15 19 0.022393914 
205 678 11 15 0.022280503 
285 650 13 16 0.022100456 
433 439 17 21 0.021034122 
1007 305 19 31 0.020987596 
1012 310 11 17 0.020963252 
613 450 49 59 0.020840008 
298 638 26 31 0.020747826 
