21_Festival_Festival_21_331
105
745 225 57 71 0.99951684 
349 291 48 60 0.99842834 
237 276 30 38 0.99716514 
264 271 32 40 0.99682176 
58 364 40 48 0.99096 
156 410 85 98 0.98791194 
163 282 19 23 0.98047847 
662 276 53 60 0.974856 
142 317 26 29 0.9617164 
520 299 28 33 0.95760965 
887 239 24 38 0.88543147 
459 269 12 17 0.64039093 
992 268 32 40 0.3958217 
423 303 26 34 0.35904855 
716 294 34 48 0.23837653 
497 292 16 19 0.20685449 
620 316 27 30 0.19184089 
303 394 37 40 0.18511708 
476 281 15 20 0.15979661 
453 268 22 28 0.15434933 
680 291 50 57 0.14901534 
854 214 27 34 0.13293196 
576 271 8 11 0.12614822 
865 314 37 44 0.12257682 
611 327 29 34 0.11880026 
465 273 21 28 0.11019403 
467 321 28 30 0.10528868 
995 289 29 35 0.10337045 
482 285 21 24 0.08940828 
974 259 42 52 0.08278079 
650 280 30 36 0.07839301 
137 318 41 46 0.0711493 
505 299 29 34 0.06880987 
502 319 16 22 0.063161545 
958 281 14 20 0.056965996 
406 290 38 45 0.055389065 
865 218 28 36 0.054237243 
123 328 45 52 0.053005945 
0 297 18 40 0.052372336 
613 333 13 17 0.047592543 
974 340 12 15 0.047062147 
928 269 12 14 0.04703647 
444 260 26 30 0.04520002 
866 233 38 54 0.045046125 
467 344 15 18 0.044680648 
140 308 18 23 0.0439457 
468 319 18 20 0.043351807 
1001 305 21 25 0.043273937 
457 269 38 47 0.043214016 
866 333 27 37 0.042183105 
376 134 35 44 0.042157758 
618 295 41 50 0.03943799 
1 283 39 71 0.039174095 
462 330 29 35 0.038742766 
643 287 24 32 0.03814591 
789 223 36 46 0.037257306 
959 275 22 30 0.03676409 
490 362 29 38 0.036393333 
534 302 20 24 0.036225136 
696 257 46 55 0.03541687 
863 205 27 31 0.035144232 
494 298 26 31 0.032300007 
438 265 17 20 0.03143471 
550 268 11 12 0.031184 
990 238 14 16 0.030808607 
487 309 27 32 0.030166907 
962 334 48 60 0.030105392 
253 278 32 39 0.029526826 
654 456 14 18 0.02929973 
79 362 34 40 0.028586263 
605 273 16 21 0.027792716 
568 270 9 11 0.027473608 
619 341 17 22 0.027244007 
268 290 30 39 0.027174488 
841 213 27 38 0.026705526 
380 286 43 51 0.025488222 
207 481 33 40 0.02535085 
485 267 14 17 0.024540408 
555 305 16 20 0.024359332 
101 338 46 54 0.02405948 
908 233 27 34 0.024008092 
564 288 15 18 0.023853276 
611 340 17 22 0.023639215 
625 336 17 22 0.02356935 
891 229 32 41 0.02352838 
152 319 33 33 0.02352124 
431 291 38 46 0.023511676 
990 305 35 41 0.023426393 
1008 281 15 20 0.023334784 
451 286 18 22 0.02329207 
607 369 45 57 0.022787467 
999 201 11 15 0.022715872 
483 275 14 19 0.022629933 
987 284 19 22 0.022560133 
104 370 42 49 0.021732967 
491 304 17 21 0.02142785 
871 297 31 38 0.021401023 
148 291 15 17 0.021253422 
875 305 19 22 0.021146087 
483 306 16 20 0.020988522 
413 282 26 32 0.020953301 
211 329 26 35 0.02063876 
334 271 41 57 0.020549688 
116 270 23 32 0.020109925 
467 299 14 18 0.020020299 
