21_Festival_Festival_21_936
45
381 211 295 386 0.99720496 
244 275 135 208 0.9724215 
778 56 213 308 0.79349977 
263 230 199 300 0.324451 
678 435 181 243 0.1811233 
231 156 25 30 0.10339438 
719 1074 240 273 0.09612165 
773 1419 22 27 0.083250865 
625 967 411 434 0.0703328 
34 108 27 31 0.06350862 
116 347 50 55 0.062369622 
84 427 52 66 0.06016892 
31 370 37 39 0.059032124 
29 538 674 494 0.058182213 
371 1058 218 266 0.0577933 
714 456 122 132 0.057186436 
187 89 28 35 0.050786793 
796 610 46 62 0.046503 
795 628 15 20 0.046375286 
735 394 118 139 0.045561116 
147 87 29 34 0.045017995 
129 365 84 107 0.040329363 
289 471 505 402 0.038436256 
838 654 46 70 0.03685822 
719 9 351 493 0.03456583 
683 175 67 84 0.031390313 
569 345 359 445 0.030254519 
876 97 153 220 0.030164465 
197 318 112 152 0.02950158 
814 604 32 43 0.029490925 
30 383 43 50 0.028376987 
782 583 87 120 0.027830694 
208 114 25 34 0.02715088 
792 623 30 39 0.025239099 
59 176 128 162 0.025015134 
100 326 86 100 0.024929808 
71 419 85 108 0.024155917 
867 171 17 20 0.02394598 
-1 568 26 51 0.02307855 
433 874 136 93 0.022289043 
-1 114 11 21 0.021974588 
157 376 31 36 0.021837564 
150 154 28 32 0.02127234 
714 959 43 50 0.021228354 
807 97 137 173 0.020656718 
