21_Festival_Festival_21_604
1985
10 544 17 21 0.9823232 
925 534 14 15 0.9700276 
686 501 13 17 0.9642437 
164 629 18 22 0.94596523 
205 625 22 26 0.9447069 
72 590 17 23 0.9277303 
294 494 10 13 0.9213445 
762 554 16 22 0.9103779 
731 585 15 20 0.8836879 
8 476 11 15 0.834982 
412 462 14 16 0.81634814 
99 539 13 16 0.81374544 
861 512 11 13 0.7924254 
199 496 13 16 0.77898765 
694 575 16 20 0.7730655 
56 561 16 19 0.7612166 
61 504 12 16 0.72636664 
256 485 11 13 0.7234238 
896 460 9 11 0.7160789 
27 495 12 16 0.7094076 
759 517 13 15 0.69732386 
946 463 12 14 0.68079555 
216 478 9 12 0.6508651 
289 564 13 16 0.64561737 
709 553 14 16 0.61880827 
219 454 9 11 0.6068242 
660 494 12 16 0.60129684 
967 483 10 14 0.57837725 
41 478 11 13 0.5753583 
248 463 9 12 0.5663053 
973 467 11 15 0.5554588 
138 472 9 12 0.55491686 
239 447 9 11 0.5547072 
739 502 13 16 0.5510997 
823 445 7 11 0.5509591 
87 556 12 15 0.54857486 
848 483 9 11 0.53103864 
950 514 12 15 0.5051799 
966 527 12 15 0.49084848 
207 596 14 18 0.48526672 
429 415 8 10 0.46757114 
874 461 9 12 0.46109554 
715 582 14 17 0.4609131 
901 438 10 12 0.45308122 
1013 539 10 16 0.4467268 
61 431 9 10 0.43837282 
910 462 9 11 0.43391356 
870 480 11 13 0.42575043 
662 455 11 13 0.4218158 
508 438 10 12 0.42102152 
222 509 10 13 0.41852394 
275 626 14 19 0.41723198 
98 446 10 12 0.4105772 
131 585 16 20 0.40633258 
147 598 14 18 0.4036673 
374 446 8 10 0.4002788 
684 459 10 12 0.39908144 
313 446 9 11 0.3990268 
392 429 8 11 0.39664102 
134 549 11 16 0.3945162 
425 415 8 10 0.3941864 
893 486 9 12 0.3895572 
304 479 9 12 0.3892273 
892 659 20 19 0.38593054 
628 443 11 13 0.38407448 
749 538 13 16 0.3797957 
804 516 10 13 0.37761328 
207 436 8 10 0.37224093 
946 417 7 9 0.36542362 
397 478 12 14 0.36500767 
141 453 9 12 0.36305794 
101 439 9 11 0.35539132 
805 552 14 18 0.34842733 
158 555 13 17 0.34700695 
703 550 13 16 0.34286475 
768 469 10 12 0.34254503 
439 447 9 10 0.33915505 
957 440 9 12 0.3322288 
79 470 11 12 0.33164567 
55 508 11 15 0.33135375 
703 475 9 13 0.32481632 
830 535 11 14 0.31652567 
342 469 9 12 0.31287876 
285 597 16 19 0.3116472 
974 502 10 13 0.31112573 
824 524 10 12 0.30816102 
158 478 8 11 0.3079893 
863 495 9 11 0.30704546 
882 416 8 10 0.30660424 
295 530 11 14 0.3059555 
271 511 11 14 0.30319545 
736 422 8 9 0.30107674 
263 541 14 16 0.30064738 
64 477 9 11 0.29341713 
375 469 11 12 0.2930492 
992 401 8 10 0.2928844 
287 437 7 10 0.29219314 
861 592 15 19 0.29158005 
201 540 13 16 0.291496 
809 538 13 15 0.29081607 
367 480 10 13 0.28831443 
309 477 11 13 0.28522953 
46 470 10 11 0.28423178 
885 430 9 11 0.28093022 
294 471 8 11 0.27874097 
20 627 16 21 0.27743015 
721 448 8 10 0.27665296 
238 484 10 13 0.27189076 
80 413 8 10 0.27009562 
644 477 10 12 0.26984516 
719 478 10 12 0.26910117 
909 455 9 11 0.26879582 
72 415 8 9 0.26572025 
340 553 13 15 0.2648153 
359 453 9 10 0.26327184 
913 423 9 11 0.2615395 
192 399 7 9 0.26129544 
750 446 10 12 0.26107815 
240 431 8 10 0.25917506 
699 469 8 12 0.25878546 
206 572 15 17 0.25411448 
908 492 9 10 0.2521018 
810 613 15 19 0.24917378 
232 534 12 15 0.24914058 
997 401 8 9 0.24685536 
808 414 8 10 0.24654123 
457 425 9 10 0.24082953 
621 444 12 14 0.23654096 
314 452 9 11 0.23429948 
174 492 12 13 0.23408487 
663 431 8 11 0.23388623 
192 445 8 10 0.23387787 
1006 479 10 14 0.23094165 
166 398 7 10 0.22974636 
724 452 10 12 0.2293764 
748 451 11 13 0.22314593 
3 408 8 12 0.2223413 
990 473 8 10 0.22227728 
223 424 8 10 0.22203504 
1003 454 9 12 0.2215399 
778 502 9 12 0.2214282 
238 478 9 13 0.2208564 
884 541 10 13 0.22059065 
967 445 8 11 0.22009063 
884 437 10 13 0.21985784 
247 599 13 18 0.21733685 
94 408 8 9 0.21732417 
178 421 8 10 0.21713258 
112 470 10 13 0.21527357 
854 446 8 11 0.21392125 
990 383 7 9 0.21248308 
881 509 10 13 0.210205 
37 446 8 10 0.21017343 
261 490 11 13 0.21015424 
402 408 8 9 0.20818612 
351 448 8 10 0.20724995 
278 478 9 10 0.20698169 
45 381 8 10 0.2065972 
264 407 8 10 0.20577697 
8 634 14 16 0.20551844 
918 422 8 11 0.20506206 
141 493 12 15 0.20483834 
341 492 9 11 0.20477007 
900 391 8 10 0.20244507 
241 425 8 9 0.20198369 
335 487 11 13 0.19915856 
29 468 11 13 0.19880731 
926 470 11 13 0.19809522 
176 416 8 10 0.19712663 
93 525 11 15 0.19638361 
463 448 10 12 0.19638322 
983 416 8 9 0.19628328 
920 416 8 9 0.19474572 
679 405 8 10 0.19212873 
289 501 10 12 0.1920656 
113 383 8 9 0.18969877 
37 510 10 13 0.18916528 
631 457 12 15 0.18898438 
1006 430 9 11 0.18843621 
787 491 12 14 0.18721576 
766 415 9 10 0.18714733 
832 417 7 10 0.18657605 
192 441 7 10 0.1860902 
694 424 7 9 0.18435115 
656 472 11 14 0.1834089 
680 455 11 13 0.18262115 
665 423 8 11 0.18163481 
885 423 9 11 0.18116939 
799 430 10 13 0.18105605 
352 453 8 10 0.1801983 
178 453 8 11 0.17865567 
807 479 10 13 0.17855695 
206 563 13 16 0.17698127 
966 409 8 9 0.17693917 
214 482 10 13 0.17558369 
798 453 8 11 0.17550962 
818 448 8 10 0.17547832 
863 424 9 10 0.17499763 
808 375 8 10 0.17497124 
319 533 9 13 0.17458536 
950 400 7 9 0.17429478 
790 447 8 10 0.17407057 
353 422 8 10 0.17350592 
254 512 11 14 0.17079414 
785 441 7 10 0.16995999 
959 389 7 9 0.16952471 
711 390 7 9 0.16935591 
111 410 7 9 0.16929816 
711 440 8 10 0.16917248 
223 495 8 11 0.16900925 
241 439 9 11 0.1678849 
287 454 9 11 0.16727434 
39 538 13 18 0.1672154 
383 508 13 16 0.16707253 
54 416 8 9 0.16568057 
324 562 12 15 0.16420215 
863 559 11 14 0.16384162 
399 446 7 9 0.16372634 
824 441 8 11 0.16302164 
766 445 8 10 0.1629157 
888 527 11 13 0.16220932 
705 415 8 10 0.16211505 
327 428 8 10 0.1619766 
326 480 11 13 0.16195248 
342 476 10 13 0.16125976 
1015 438 8 12 0.16072142 
988 533 11 14 0.16053401 
189 512 10 13 0.16050398 
110 478 9 13 0.15971003 
1007 388 8 10 0.15948875 
830 493 9 11 0.15836963 
769 557 14 17 0.15803057 
441 398 8 10 0.15765984 
414 376 8 10 0.1558872 
54 469 10 11 0.15583467 
295 489 10 12 0.1557783 
677 535 10 13 0.15526606 
156 561 15 21 0.15505151 
984 447 9 10 0.15498197 
28 431 9 11 0.15476777 
886 532 11 14 0.15456624 
173 483 14 16 0.15451266 
123 616 12 18 0.15378866 
903 455 9 12 0.15353179 
342 464 9 11 0.15351164 
372 529 14 16 0.15343972 
944 399 8 9 0.15338898 
919 447 9 12 0.15280387 
145 431 8 10 0.15234639 
281 438 9 11 0.15231346 
922 408 6 8 0.15187232 
168 469 9 12 0.15043199 
62 436 8 11 0.1504155 
71 392 8 10 0.15040526 
662 399 7 9 0.15036967 
767 422 10 11 0.14978838 
40 421 8 11 0.14875162 
392 617 13 18 0.14872323 
48 447 8 11 0.14852956 
969 368 6 8 0.14841363 
47 414 9 11 0.14836328 
440 431 8 9 0.14821623 
804 523 11 14 0.14818266 
726 528 12 14 0.1477815 
374 475 11 14 0.14772336 
265 423 8 10 0.14763479 
786 445 8 11 0.14736916 
672 515 12 17 0.14719513 
214 514 12 14 0.14696558 
955 642 15 21 0.14604127 
398 439 8 10 0.14603841 
992 431 8 10 0.14592604 
888 406 7 9 0.14511941 
773 432 9 11 0.1441594 
759 484 10 12 0.14391047 
104 558 11 14 0.14390408 
832 462 8 10 0.14374822 
728 430 8 10 0.14364187 
76 524 12 15 0.14364167 
364 538 13 16 0.14275733 
149 431 9 11 0.14222525 
216 448 9 11 0.14153072 
337 438 8 10 0.14149342 
829 517 9 13 0.14091536 
89 423 8 11 0.14035745 
646 471 9 13 0.14032458 
847 453 8 10 0.13971475 
832 369 7 7 0.13881859 
366 464 9 10 0.138751 
431 366 7 9 0.13834639 
277 470 9 12 0.1378409 
263 383 8 10 0.13753307 
817 468 9 11 0.13749248 
663 436 8 11 0.13742575 
246 510 11 14 0.13714851 
152 453 9 11 0.1367825 
869 429 8 10 0.13637437 
903 518 9 13 0.13538817 
856 440 9 11 0.13500364 
208 399 8 10 0.13472643 
361 503 8 11 0.13353497 
647 423 9 11 0.13344337 
401 392 8 9 0.13338538 
294 376 7 8 0.13289368 
271 430 8 10 0.13286947 
319 479 8 11 0.13258994 
948 474 12 15 0.13248813 
88 408 8 10 0.13116692 
912 508 10 14 0.13093483 
950 416 9 11 0.13050576 
791 575 13 15 0.13046958 
1008 384 8 10 0.130228 
15 375 8 9 0.12872371 
311 501 8 10 0.12865825 
248 424 7 10 0.12687907 
927 407 8 10 0.12636772 
312 360 7 9 0.12620834 
870 408 7 9 0.1260171 
333 424 8 9 0.1259631 
1005 461 9 11 0.12581134 
896 491 9 12 0.12555279 
958 537 13 17 0.12538493 
25 405 8 11 0.12528397 
848 543 11 14 0.12522957 
669 457 9 11 0.12492529 
716 508 9 11 0.1248234 
660 468 11 14 0.1244026 
418 359 7 9 0.124239415 
191 461 10 12 0.124118835 
387 383 7 9 0.12378516 
172 538 13 16 0.123396 
836 540 11 14 0.12294434 
743 493 13 15 0.12273189 
800 399 7 10 0.12268 
281 641 16 21 0.122257486 
271 453 9 11 0.12191096 
805 432 10 11 0.12182351 
882 391 7 9 0.12163338 
262 440 9 9 0.12117452 
746 485 10 12 0.120803684 
991 453 9 12 0.12077488 
862 428 10 12 0.1207284 
289 376 6 8 0.1206562 
839 389 8 10 0.12037328 
992 485 11 13 0.12033735 
732 533 11 13 0.12008945 
144 375 8 9 0.11927435 
857 407 7 10 0.11922966 
802 511 10 13 0.11884013 
256 446 9 10 0.11879066 
1000 431 8 11 0.11861646 
336 520 8 10 0.11840359 
462 399 8 11 0.11796003 
157 455 8 10 0.1176063 
415 445 8 10 0.11745897 
48 509 11 14 0.11734493 
870 561 11 14 0.11711816 
960 413 8 11 0.1171045 
761 444 9 11 0.11696003 
151 423 8 9 0.11646844 
825 399 7 10 0.11611104 
741 612 12 14 0.11607333 
1012 429 8 12 0.1160134 
911 467 8 11 0.115869366 
954 385 6 8 0.11578496 
69 508 11 15 0.115645036 
396 429 8 11 0.11540969 
62 472 9 11 0.11509101 
350 555 12 16 0.11496646 
816 451 9 12 0.11494049 
359 439 7 9 0.11491479 
710 471 8 11 0.11490961 
726 582 13 18 0.11467654 
951 368 7 9 0.11455379 
678 423 8 9 0.11398904 
193 405 7 9 0.113976315 
857 494 10 12 0.1135575 
984 422 7 10 0.11344572 
848 447 9 11 0.113174565 
359 508 10 12 0.113172166 
319 383 7 9 0.11303206 
93 485 11 15 0.11290064 
383 416 7 9 0.11244162 
271 423 8 10 0.11193992 
118 475 11 13 0.11193728 
794 453 8 11 0.111819126 
9 399 8 10 0.11072594 
86 413 7 10 0.11063212 
879 457 8 11 0.11051712 
840 431 9 10 0.10998473 
742 539 14 17 0.109886706 
72 445 9 12 0.10902986 
981 469 10 13 0.10869471 
799 423 8 10 0.10834525 
136 392 8 9 0.108215176 
424 453 9 12 0.10807279 
751 594 12 17 0.107945904 
782 542 11 14 0.10773797 
243 188 16 19 0.10751965 
896 587 12 15 0.107376516 
839 504 10 12 0.10694342 
694 428 8 11 0.10678396 
126 548 13 17 0.10606917 
885 547 9 12 0.105913594 
866 392 7 9 0.105786994 
855 632 15 21 0.10575188 
192 431 7 9 0.105649635 
680 401 8 9 0.10556182 
257 440 8 9 0.10538214 
358 430 8 10 0.10528644 
710 400 7 9 0.105242684 
941 439 9 11 0.1047439 
231 416 7 9 0.1046901 
928 423 8 10 0.10414114 
901 549 13 17 0.103995405 
199 473 8 10 0.10391203 
357 423 8 10 0.10375066 
478 463 9 10 0.103641465 
223 429 8 10 0.1036094 
710 421 7 10 0.103438176 
745 478 9 12 0.10305658 
16 452 10 12 0.10289971 
144 449 8 10 0.10287268 
879 502 10 13 0.10199656 
839 448 9 11 0.10150391 
680 445 11 12 0.101069756 
369 446 8 10 0.10099307 
293 631 15 21 0.10027073 
288 400 7 10 0.10000942 
840 453 9 11 0.100001834 
464 474 10 13 0.099936165 
61 463 8 11 0.09992304 
99 509 12 13 0.09957793 
943 483 9 12 0.09933414 
903 415 7 9 0.09918521 
864 408 8 9 0.09911656 
383 504 11 13 0.09899987 
437 357 8 10 0.098855644 
184 516 10 13 0.098624386 
904 488 10 13 0.098561496 
24 400 8 11 0.09818785 
728 399 7 9 0.097958334 
896 399 8 9 0.09737835 
46 377 8 9 0.09666736 
175 501 10 13 0.096551724 
321 423 8 10 0.09621253 
456 375 7 8 0.095876135 
94 532 13 18 0.09586307 
16 391 7 10 0.095819004 
997 486 10 13 0.09557747 
831 511 9 11 0.0954688 
118 554 14 16 0.09545605 
958 471 9 12 0.095080666 
476 562 22 27 0.094440766 
117 381 8 10 0.09418855 
359 448 8 10 0.093985856 
826 532 11 14 0.09374914 
81 382 7 9 0.09357324 
249 580 14 18 0.093521684 
950 534 10 15 0.093467936 
393 482 10 13 0.09336988 
961 409 8 9 0.0932826 
879 496 9 10 0.09323232 
73 369 7 8 0.09303036 
447 431 8 11 0.093029596 
191 470 11 13 0.09281534 
933 424 8 9 0.09273571 
954 391 6 8 0.092707045 
705 440 9 11 0.09236876 
865 485 9 11 0.09230312 
775 507 10 14 0.092106245 
287 433 8 10 0.092030905 
23 391 7 9 0.0919237 
256 409 7 9 0.09184114 
12 470 10 14 0.0916424 
118 377 7 9 0.09160293 
413 166 14 17 0.091567226 
799 650 19 19 0.09148548 
888 400 7 9 0.091135465 
242 462 10 12 0.09113219 
392 406 7 9 0.09110292 
949 504 11 13 0.091056466 
384 439 7 9 0.09096506 
55 422 9 10 0.09083215 
750 463 10 12 0.09078861 
72 493 11 14 0.09015942 
152 449 8 10 0.09010761 
1013 468 9 14 0.090096086 
279 432 8 10 0.09009257 
254 425 8 9 0.0899381 
38 493 10 13 0.08983144 
927 446 9 12 0.089773275 
997 436 9 11 0.08969287 
238 490 11 14 0.089684 
839 385 7 9 0.08955346 
505 443 9 11 0.08952509 
277 464 8 10 0.08936946 
410 374 7 10 0.089325406 
287 405 8 9 0.08926159 
280 486 10 13 0.08924331 
15 398 7 10 0.089176804 
220 542 12 14 0.08890894 
831 488 8 10 0.08888075 
8 390 8 10 0.088855065 
806 447 8 10 0.08870424 
751 468 10 12 0.08859799 
320 407 7 8 0.088576585 
983 430 10 11 0.08855368 
984 452 10 12 0.088177525 
29 437 9 11 0.08816971 
742 421 7 10 0.08790568 
270 367 7 9 0.08785876 
918 365 8 9 0.087794945 
834 471 8 11 0.08769411 
271 390 8 9 0.08751517 
772 515 9 13 0.0874869 
71 421 8 10 0.0874551 
184 392 7 9 0.08742313 
886 392 7 9 0.08707912 
925 491 9 12 0.08690589 
911 428 9 11 0.08690022 
296 477 10 12 0.086689696 
137 357 7 9 0.08660828 
42 377 7 8 0.086487085 
671 417 8 10 0.08648646 
975 366 6 9 0.08647883 
979 578 15 18 0.086274855 
25 468 10 12 0.086260766 
157 448 8 10 0.08611118 
305 400 7 8 0.08610477 
973 446 9 10 0.08596598 
719 415 7 9 0.08594746 
264 415 8 9 0.085770205 
251 570 12 16 0.08561725 
96 517 11 14 0.08560356 
945 537 10 13 0.08557231 
783 399 7 10 0.085398436 
102 390 7 10 0.08533461 
975 439 9 11 0.08523184 
409 429 9 10 0.08522372 
836 535 10 12 0.0849267 
341 501 9 12 0.08482916 
890 369 7 9 0.084824204 
56 464 9 12 0.08462534 
310 472 10 12 0.08448581 
9 453 9 12 0.084314585 
54 448 7 10 0.08430806 
1013 408 8 10 0.08397633 
445 391 8 11 0.08382497 
895 481 9 12 0.08373836 
911 447 8 10 0.083724014 
104 366 7 9 0.083461314 
397 424 9 11 0.08335981 
1014 463 9 12 0.083333805 
831 446 8 10 0.0832859 
215 439 7 9 0.08326871 
152 554 13 18 0.082987435 
384 399 7 9 0.082927756 
800 449 9 11 0.08288657 
351 417 8 9 0.08282888 
872 456 10 12 0.08278287 
933 429 8 10 0.08274279 
433 360 8 10 0.082198046 
460 428 9 12 0.08219522 
1004 448 10 11 0.08156833 
74 350 7 10 0.08147628 
680 468 12 14 0.08138834 
296 446 9 11 0.081376806 
1015 443 9 12 0.08126889 
72 409 9 10 0.08122149 
264 389 8 10 0.08078641 
151 399 7 9 0.08078364 
160 360 7 9 0.080579504 
784 416 9 10 0.080561385 
295 399 7 10 0.080167644 
936 383 7 9 0.08005385 
968 399 7 9 0.07977214 
134 415 8 9 0.07976521 
903 408 7 9 0.07967087 
249 414 7 9 0.07953057 
730 425 7 9 0.079394646 
888 456 8 10 0.079313435 
342 433 9 10 0.07931027 
953 510 13 15 0.078984074 
344 520 9 11 0.07894183 
181 415 8 11 0.07875746 
892 525 10 12 0.07868648 
809 410 8 9 0.07857457 
851 479 10 13 0.07855937 
967 374 7 9 0.078370415 
580 397 11 14 0.07836641 
304 416 7 10 0.07828428 
169 375 7 8 0.078267284 
318 562 13 19 0.07826393 
1008 533 14 18 0.078079365 
374 546 12 15 0.07797596 
690 582 17 22 0.07786724 
369 406 7 9 0.07776602 
821 384 7 9 0.077744015 
865 399 7 9 0.07769651 
239 471 10 11 0.07765792 
15 447 10 12 0.077507086 
897 416 7 9 0.07743891 
337 471 9 11 0.07735981 
41 415 8 12 0.07729834 
735 539 12 16 0.07725056 
777 401 7 9 0.07711775 
346 448 8 10 0.07707405 
999 366 7 9 0.07692612 
54 452 8 11 0.0767151 
263 471 9 10 0.07662472 
223 502 10 14 0.07649326 
942 457 9 11 0.07647939 
336 431 8 9 0.07643915 
882 399 8 9 0.076420255 
418 416 8 10 0.07635552 
853 470 9 11 0.07614655 
767 475 11 13 0.075871974 
135 407 8 10 0.0758555 
215 401 7 9 0.07578978 
727 495 10 13 0.07571928 
822 469 8 10 0.07536706 
917 381 8 11 0.07468983 
851 485 10 12 0.074560784 
880 384 7 9 0.074462324 
983 538 11 14 0.07432293 
799 471 9 11 0.07424081 
262 446 9 11 0.074125454 
997 501 11 16 0.07412275 
355 377 6 8 0.07391245 
974 391 8 9 0.073838584 
936 453 8 11 0.07370019 
345 416 8 9 0.07365889 
772 422 9 11 0.07363963 
351 393 8 9 0.073601015 
105 540 14 17 0.07355011 
349 477 9 13 0.073540725 
282 399 8 10 0.07350635 
799 553 12 17 0.07348277 
997 492 11 14 0.073358744 
102 453 10 12 0.07334216 
929 464 8 11 0.07318299 
146 500 13 16 0.073142834 
303 462 8 10 0.0731163 
336 408 7 9 0.07309943 
192 476 10 12 0.07309898 
129 415 7 9 0.073054805 
169 369 7 9 0.073024675 
163 563 14 18 0.07280439 
401 413 8 9 0.07276726 
876 563 10 13 0.07268476 
784 391 6 9 0.07265828 
710 461 8 11 0.07253598 
935 405 7 9 0.072461575 
712 503 11 13 0.07235302 
239 558 12 16 0.07229361 
711 416 7 9 0.07196175 
221 459 10 11 0.0719564 
32 453 9 11 0.0718473 
360 479 10 13 0.07173937 
769 399 7 9 0.0717116 
937 391 6 8 0.07170465 
929 428 8 11 0.071571626 
528 373 9 10 0.07155089 
814 376 6 9 0.071507536 
822 452 9 12 0.0714574 
311 566 12 19 0.07136612 
672 445 9 11 0.071209066 
247 587 14 19 0.07116206 
936 400 7 9 0.07113826 
695 439 7 10 0.0711092 
968 392 8 9 0.07108392 
96 412 7 9 0.07099435 
729 393 7 8 0.0709677 
277 510 11 15 0.0709404 
375 441 8 10 0.07088652 
840 478 9 11 0.070578046 
1007 501 11 16 0.07050419 
866 480 10 12 0.07042573 
639 469 12 15 0.07032876 
326 541 9 12 0.070217125 
768 501 10 12 0.070194 
670 421 8 11 0.07015133 
200 377 7 8 0.070096344 
789 549 11 13 0.07004233 
765 512 13 15 0.070001826 
81 375 7 10 0.06986172 
116 497 12 16 0.06973924 
799 477 11 14 0.069734335 
255 538 13 16 0.069680996 
896 519 10 12 0.069659635 
813 479 11 13 0.06965076 
301 594 12 19 0.06965037 
812 556 13 16 0.069537364 
880 534 12 16 0.06943195 
722 401 7 8 0.06942129 
990 389 7 9 0.069351666 
659 502 14 18 0.06931491 
167 464 9 10 0.06923347 
655 489 12 14 0.06898797 
342 437 8 10 0.0689699 
104 414 8 9 0.06896858 
201 432 8 10 0.06895385 
863 446 8 10 0.06875727 
385 431 8 10 0.06864602 
197 557 12 17 0.0685567 
895 423 8 10 0.06841358 
145 400 6 9 0.0684108 
46 423 9 10 0.06837478 
63 424 8 9 0.06834647 
15 383 8 9 0.06830042 
334 414 8 10 0.06824768 
219 424 7 10 0.06823377 
177 524 12 14 0.06804744 
422 359 7 10 0.067569435 
136 398 7 8 0.06748943 
287 476 9 11 0.067446426 
721 461 9 11 0.06742164 
192 547 12 17 0.06737179 
766 439 9 10 0.06719816 
952 406 8 9 0.06715121 
743 417 8 10 0.06715119 
197 454 9 11 0.066952795 
991 375 8 9 0.0669331 
57 359 6 9 0.06686636 
694 400 7 9 0.066697955 
817 391 8 10 0.06664514 
756 596 13 18 0.06662658 
376 415 8 9 0.0665109 
178 409 7 9 0.06647781 
300 526 11 15 0.06622955 
17 462 9 11 0.0662099 
848 439 8 10 0.06616777 
278 423 8 10 0.06590397 
987 603 19 22 0.06570835 
856 369 8 9 0.065660514 
43 635 45 44 0.06553726 
320 400 7 9 0.06529256 
254 430 7 9 0.065247 
814 408 7 10 0.065181665 
175 382 9 10 0.06517076 
207 366 6 8 0.06511934 
151 461 9 11 0.06506719 
817 382 8 9 0.06499841 
391 401 7 9 0.064874746 
430 420 9 11 0.064840846 
919 428 8 10 0.06482146 
166 393 7 9 0.0647879 
415 423 8 9 0.06454021 
383 422 8 11 0.06452604 
173 470 9 11 0.06446066 
312 392 6 9 0.06441155 
86 383 7 9 0.064397156 
113 390 8 10 0.06438701 
502 352 9 12 0.0643394 
917 503 10 13 0.0640918 
868 525 10 12 0.06407088 
959 526 10 14 0.064063415 
431 455 8 12 0.06393047 
671 480 9 12 0.06380726 
919 400 7 9 0.063728705 
197 447 9 10 0.06368277 
138 547 13 17 0.063455835 
743 527 10 12 0.06322819 
804 603 15 20 0.06321541 
100 523 13 17 0.06310637 
463 415 8 10 0.06304793 
311 441 9 11 0.06302738 
31 475 12 13 0.06299738 
209 485 10 12 0.06295485 
102 482 12 16 0.06292494 
665 416 8 10 0.06285176 
747 612 11 15 0.06279768 
767 496 9 10 0.062784865 
98 391 7 9 0.06262783 
62 592 16 21 0.062558725 
105 410 7 9 0.06253015 
216 431 7 10 0.0625179 
849 367 7 9 0.06245802 
824 486 8 10 0.062449433 
887 443 9 11 0.06238991 
31 422 9 10 0.0622229 
103 385 7 8 0.062101845 
830 401 7 8 0.062075056 
149 517 11 14 0.06202719 
807 495 8 12 0.061864953 
1000 422 8 10 0.06181043 
368 469 10 11 0.061739985 
337 524 9 11 0.061657764 
152 470 10 12 0.061508574 
564 405 10 13 0.061487462 
769 430 9 12 0.061212324 
868 516 9 12 0.06098627 
367 400 7 9 0.060975883 
190 393 8 10 0.060732014 
870 392 7 9 0.060728736 
832 455 8 11 0.06068844 
848 392 7 10 0.06068811 
191 563 11 14 0.06068778 
382 446 8 10 0.060666054 
929 400 7 9 0.060610514 
864 414 8 9 0.060569916 
660 532 11 14 0.06055163 
0 438 7 11 0.060530722 
406 414 7 9 0.060412627 
264 452 9 12 0.060152028 
811 591 16 22 0.06014986 
751 416 7 8 0.060006425 
725 479 10 13 0.059969503 
665 498 13 16 0.059918158 
94 424 8 10 0.059808206 
279 446 9 10 0.059606086 
674 540 11 13 0.05947772 
903 511 9 12 0.059447598 
423 447 8 10 0.059421513 
936 478 9 12 0.059401173 
752 406 7 9 0.059232898 
592 383 8 10 0.059225366 
825 405 8 10 0.059212726 
52 568 22 27 0.059174966 
977 432 9 10 0.059154328 
945 502 10 12 0.05908295 
248 430 8 10 0.059036814 
848 415 8 9 0.05899776 
985 407 7 8 0.05874827 
306 393 7 8 0.05871328 
786 369 7 9 0.058585186 
849 408 8 9 0.05840548 
322 429 7 10 0.058289096 
898 431 9 11 0.05812156 
401 398 8 10 0.058110975 
300 494 9 12 0.058026146 
781 508 10 12 0.057912547 
855 533 10 13 0.05788573 
266 430 8 10 0.057639543 
856 400 7 8 0.057540454 
32 360 7 9 0.057508368 
838 416 8 10 0.05744059 
321 416 7 9 0.0574199 
48 465 9 11 0.057398606 
136 496 11 15 0.057319697 
143 406 8 9 0.057149317 
447 417 7 9 0.057079356 
85 476 10 12 0.05707556 
77 351 8 10 0.056953654 
406 392 7 10 0.056926534 
926 414 8 11 0.056909665 
824 494 10 11 0.056901734 
944 515 13 15 0.056805037 
54 407 8 10 0.05677846 
223 407 7 8 0.05667409 
183 430 8 10 0.056639586 
860 438 10 12 0.056598786 
88 369 7 8 0.05645777 
191 415 8 9 0.056433976 
232 399 7 9 0.056397762 
36 572 12 17 0.056367435 
413 473 12 15 0.056337383 
647 427 10 13 0.05632577 
217 384 7 9 0.0561843 
137 459 10 12 0.05612828 
772 478 10 13 0.055792738 
991 424 8 10 0.05579015 
268 492 10 13 0.05575705 
958 559 13 17 0.055536896 
831 503 9 12 0.055492766 
162 399 7 10 0.055352576 
58 436 8 10 0.055350967 
335 509 10 12 0.055342592 
670 441 8 10 0.05521493 
15 440 8 10 0.055096123 
847 463 8 10 0.05507252 
103 433 8 10 0.055016812 
319 518 8 11 0.05486695 
311 398 7 9 0.054795988 
240 367 7 8 0.05465877 
856 586 12 18 0.05456613 
829 439 8 10 0.054525137 
849 398 7 9 0.05442793 
457 382 8 11 0.054037604 
230 349 8 9 0.054029465 
54 494 11 14 0.054013506 
145 424 7 9 0.05396129 
721 406 7 8 0.053947102 
753 516 13 15 0.05388874 
929 392 7 8 0.053815212 
178 390 8 9 0.053751968 
273 463 9 10 0.05356373 
249 408 8 10 0.05349806 
288 460 9 10 0.053469103 
103 460 10 13 0.053380363 
693 516 11 14 0.05335697 
1000 417 8 9 0.053318914 
710 455 8 11 0.05328715 
266 368 8 9 0.053270333 
751 441 9 10 0.053243406 
738 590 15 19 0.05321197 
806 397 8 10 0.053136505 
174 508 9 13 0.053103045 
378 392 6 8 0.05302457 
447 370 8 10 0.05301212 
847 469 9 10 0.053004842 
425 366 8 9 0.05294316 
621 451 12 15 0.05292073 
766 383 7 8 0.05291823 
839 421 8 10 0.052871257 
246 484 9 12 0.052846562 
431 408 8 10 0.05284239 
1000 391 8 9 0.052818727 
303 440 9 11 0.052812457 
697 445 8 11 0.05270162 
297 422 8 9 0.05269738 
16 370 7 8 0.052679624 
414 429 8 10 0.052667923 
304 446 8 11 0.052576836 
334 455 9 11 0.05256601 
263 511 11 14 0.05250637 
104 422 8 10 0.05243287 
357 415 8 10 0.05232429 
856 413 8 10 0.052235402 
304 455 8 10 0.052195285 
822 500 11 13 0.05213423 
223 438 8 10 0.052052036 
208 406 7 9 0.052047387 
40 367 7 9 0.05203954 
707 390 7 9 0.051992867 
992 506 13 15 0.051807273 
277 209 13 16 0.051791012 
929 375 8 9 0.051771443 
132 594 22 26 0.05176591 
382 105 44 54 0.051747814 
733 527 10 13 0.051717144 
231 581 13 16 0.051690012 
718 440 7 9 0.05167165 
837 549 11 13 0.05164875 
786 374 7 8 0.051607788 
161 405 8 10 0.05155775 
895 501 10 12 0.05154385 
150 548 13 17 0.05149476 
914 360 8 10 0.051485326 
288 448 7 9 0.051417787 
948 483 10 12 0.051416457 
935 446 9 13 0.051343143 
319 440 8 10 0.051325403 
710 475 10 13 0.05127107 
946 368 8 10 0.051207952 
358 550 11 14 0.051088747 
121 583 20 26 0.051015794 
77 446 9 11 0.050989255 
27 360 6 9 0.050888196 
211 591 14 18 0.050831154 
863 368 7 10 0.050826576 
969 463 9 13 0.050789185 
936 439 10 12 0.050760113 
750 524 12 15 0.05069483 
47 439 8 10 0.050680686 
126 421 9 11 0.050582174 
680 429 8 10 0.050538942 
760 491 10 12 0.05050381 
177 448 8 12 0.05048834 
679 476 11 13 0.0504441 
295 463 9 10 0.050399825 
245 454 10 11 0.05027223 
130 408 8 10 0.05019162 
711 385 8 10 0.05009061 
369 441 8 10 0.050030645 
639 416 8 9 0.049998462 
900 594 14 18 0.049974803 
698 555 12 14 0.04987169 
176 353 7 9 0.049831897 
928 452 9 11 0.04980147 
388 100 30 38 0.04976835 
327 455 10 12 0.04968656 
90 400 7 9 0.04954722 
209 516 11 14 0.049524136 
272 416 7 9 0.04946127 
181 502 11 14 0.049433917 
871 448 7 9 0.049401846 
438 440 10 12 0.049351633 
432 384 8 9 0.04928323 
50 451 9 11 0.049085367 
266 400 7 9 0.048940722 
36 499 12 15 0.04889084 
56 475 10 12 0.04877287 
978 499 12 14 0.048740778 
756 536 12 15 0.048702218 
404 485 12 16 0.048686974 
952 430 9 11 0.04861637 
993 359 8 10 0.048574306 
734 439 8 10 0.048424102 
118 540 13 17 0.048420887 
688 399 7 9 0.04840394 
121 423 9 10 0.048389442 
255 413 7 9 0.04837287 
230 344 8 10 0.04836082 
816 499 9 11 0.048327547 
880 514 10 13 0.048299726 
876 480 9 11 0.048265167 
662 406 8 9 0.04824366 
374 374 7 9 0.048223104 
214 494 10 12 0.04821585 
240 336 7 10 0.04818681 
183 461 9 11 0.048182804 
390 525 11 13 0.0480788 
742 532 14 16 0.04803736 
838 524 10 12 0.04801516 
361 461 9 11 0.047927022 
197 544 14 18 0.047921106 
823 510 12 13 0.04788013 
101 501 11 15 0.047879636 
183 447 8 11 0.047859598 
251 659 17 21 0.047797773 
79 592 17 20 0.047667816 
800 405 7 9 0.047442377 
400 368 8 11 0.04742079 
999 447 10 13 0.047418553 
246 439 8 10 0.04738906 
29 401 8 10 0.047384065 
246 564 12 16 0.04729961 
838 471 8 11 0.04729705 
153 392 7 9 0.04718155 
497 353 9 12 0.047157817 
902 397 7 10 0.047149695 
240 341 7 9 0.046866648 
25 384 7 8 0.046863444 
152 417 7 9 0.04684975 
907 335 11 13 0.046792544 
945 510 10 13 0.046760134 
889 373 7 9 0.046745818 
908 439 8 10 0.04674155 
137 383 7 9 0.04673875 
263 376 8 9 0.046718076 
718 472 10 11 0.046682477 
405 477 10 13 0.04662584 
957 431 9 10 0.046624683 
986 400 8 10 0.046539325 
168 444 9 11 0.04643533 
1010 476 12 15 0.04639739 
206 376 7 9 0.046356227 
288 351 8 9 0.046306446 
687 407 8 9 0.046154436 
944 376 7 8 0.04614069 
687 439 9 11 0.04610192 
230 194 10 14 0.046049945 
47 430 7 10 0.04603206 
9 386 7 9 0.04602282 
269 407 8 9 0.046018742 
200 438 8 10 0.046012275 
458 404 8 10 0.045870498 
720 432 8 9 0.0458428 
72 440 7 11 0.045827124 
1008 424 9 11 0.04575358 
360 393 7 9 0.045741376 
989 447 10 12 0.04562808 
311 431 8 10 0.045607563 
985 375 7 9 0.045503706 
992 633 24 33 0.04543521 
86 376 7 9 0.04540998 
281 376 8 9 0.04535195 
744 471 9 12 0.045328062 
406 580 11 14 0.045326557 
392 437 9 10 0.045320593 
80 58 18 22 0.04510301 
389 503 11 13 0.045082673 
244 447 10 11 0.045065958 
104 477 11 15 0.045029797 
279 453 9 11 0.0450073 
335 551 13 14 0.044944882 
814 431 8 10 0.04492917 
169 621 16 20 0.044916242 
154 359 7 9 0.044847246 
318 495 9 10 0.044846863 
707 406 7 10 0.044800904 
831 432 8 10 0.044732127 
290 392 6 8 0.044678807 
217 360 6 9 0.044663716 
295 382 7 9 0.044480614 
902 385 7 9 0.04444024 
1012 424 9 11 0.044430073 
254 453 10 11 0.04440321 
285 508 10 14 0.04438475 
464 439 9 11 0.044371847 
385 406 8 10 0.0443539 
96 429 8 10 0.044231895 
846 422 9 10 0.04419612 
221 448 9 11 0.044004004 
440 376 7 9 0.043928683 
209 479 8 11 0.04391533 
733 477 11 13 0.043855507 
959 476 10 13 0.043854408 
894 369 7 10 0.043849412 
889 562 15 20 0.04382723 
47 408 9 11 0.043773927 
120 392 7 9 0.043703493 
694 406 7 9 0.043595944 
381 463 9 11 0.043514643 
320 484 9 11 0.043488313 
337 383 7 9 0.043434296 
763 422 8 11 0.043426726 
752 400 8 10 0.043372527 
637 437 9 12 0.04337138 
907 598 13 17 0.04333574 
159 516 10 14 0.043302707 
327 437 9 11 0.04320323 
64 377 7 8 0.043146797 
70 429 9 10 0.0431265 
344 453 9 10 0.04308297 
914 400 7 8 0.04304612 
695 464 9 12 0.043022353 
110 463 10 12 0.0429148 
661 475 10 12 0.0428705 
865 602 15 17 0.042831637 
674 407 8 9 0.042792387 
192 500 12 14 0.042759977 
775 484 9 12 0.04275186 
870 413 8 10 0.042723622 
176 357 7 9 0.04271937 
79 369 6 8 0.042714868 
22 463 10 12 0.042598676 
9 631 24 27 0.04254462 
81 553 12 17 0.042453703 
0 461 7 12 0.042453397 
414 399 8 9 0.042449724 
292 606 15 21 0.042448014 
374 407 7 9 0.04234588 
261 479 9 12 0.042172145 
438 353 8 10 0.04217026 
296 616 12 16 0.04209663 
78 500 9 12 0.042089727 
331 167 22 29 0.042075343 
695 384 8 9 0.042069584 
314 383 7 9 0.042043533 
144 436 9 11 0.041973587 
66 391 8 10 0.04189085 
759 391 8 10 0.041797686 
234 484 9 13 0.041781455 
378 422 8 10 0.04177098 
857 374 8 9 0.041766763 
351 397 8 10 0.04174545 
168 438 9 11 0.04169592 
937 483 9 13 0.04168127 
75 510 11 14 0.041616123 
0 470 10 15 0.041608706 
361 495 9 11 0.041563895 
701 523 10 13 0.041449282 
942 587 13 18 0.041420165 
224 415 7 9 0.041404948 
128 393 7 9 0.041404296 
384 392 7 8 0.041377034 
246 369 7 8 0.04134522 
447 421 8 10 0.04125818 
198 312 8 10 0.04121301 
690 430 9 10 0.041143503 
793 423 8 10 0.0411384 
897 443 9 11 0.04108327 
241 509 11 13 0.0410754 
145 416 7 9 0.041058455 
710 405 7 9 0.04103845 
231 431 8 10 0.040972833 
47 390 8 9 0.04090427 
705 454 9 11 0.040832564 
747 589 13 18 0.04076781 
175 375 7 9 0.04074672 
870 399 7 9 0.040636484 
535 472 10 12 0.04052846 
703 463 10 13 0.040499434 
66 344 8 10 0.04040624 
64 351 7 9 0.0402916 
38 464 9 10 0.040282097 
258 376 7 9 0.040203955 
775 496 10 12 0.04012232 
346 398 7 10 0.040102866 
201 351 7 9 0.040099297 
310 460 11 12 0.04008193 
695 521 11 15 0.040054444 
39 440 9 12 0.040019706 
199 600 15 19 0.03998829 
328 407 7 9 0.03995673 
234 367 7 9 0.039927334 
935 376 8 10 0.039898187 
193 360 7 9 0.03981385 
645 483 10 14 0.039799083 
678 416 7 10 0.039795488 
801 394 7 9 0.039783947 
168 508 11 16 0.039744295 
98 367 7 8 0.03972359 
761 408 7 9 0.039721787 
359 376 6 8 0.039711546 
112 366 6 9 0.03965983 
462 376 7 8 0.039562795 
658 401 8 9 0.039558206 
824 463 9 11 0.0394965 
259 383 7 9 0.0394812 
136 375 7 9 0.03945711 
31 415 9 12 0.039428286 
816 560 12 15 0.039413225 
45 632 14 17 0.039379608 
234 447 8 10 0.039252657 
245 532 11 16 0.039216686 
920 486 10 13 0.039195195 
426 392 7 9 0.03914838 
305 405 7 9 0.039055627 
790 373 7 9 0.039032463 
159 482 10 13 0.03892115 
1016 397 8 10 0.03890542 
215 544 14 18 0.03890084 
982 438 10 11 0.038862776 
319 460 9 11 0.03884896 
794 429 10 13 0.038846273 
967 520 12 16 0.038837157 
807 369 7 8 0.0387783 
287 179 12 14 0.038773574 
835 390 7 10 0.038772665 
839 463 9 10 0.03876904 
255 481 18 22 0.038768403 
350 484 9 11 0.0387441 
689 415 8 10 0.038672466 
762 383 8 9 0.038664687 
862 374 7 9 0.038639937 
1009 375 10 10 0.03862797 
807 452 9 11 0.038547862 
352 440 8 9 0.038542 
71 635 28 32 0.038499117 
143 382 8 9 0.03847248 
130 376 6 8 0.038464412 
406 397 8 10 0.038398493 
231 493 10 13 0.03836421 
370 373 7 9 0.03835436 
689 382 8 9 0.03829527 
247 173 14 16 0.038246535 
381 477 9 12 0.038226236 
656 430 9 12 0.03822104 
958 422 9 10 0.038165458 
984 367 7 9 0.03814079 
358 408 8 9 0.038009383 
231 423 7 9 0.03800838 
175 519 11 13 0.03789492 
144 370 7 8 0.037743628 
657 437 9 10 0.037721075 
913 417 8 9 0.037720703 
746 407 7 8 0.03771482 
288 525 11 14 0.037713002 
821 390 7 10 0.037688542 
30 575 14 18 0.03763045 
647 434 10 13 0.037528068 
328 550 11 14 0.037476268 
266 553 14 17 0.037348725 
425 399 8 10 0.037345733 
469 471 9 12 0.03729789 
1 549 9 14 0.03723956 
47 631 24 31 0.03718853 
892 556 14 18 0.03716378 
864 461 9 12 0.037138857 
326 400 7 9 0.036970083 
307 360 6 9 0.036961615 
305 366 8 10 0.03693646 
923 565 12 15 0.03687963 
647 399 7 9 0.03686514 
822 479 9 11 0.03685636 
231 107 25 29 0.03681719 
888 493 9 12 0.03680455 
160 391 8 10 0.036764663 
354 430 8 10 0.03675823 
624 458 10 13 0.036729664 
833 476 9 11 0.03671772 
759 549 14 20 0.036686737 
254 469 9 11 0.036670912 
767 409 7 8 0.036660805 
287 415 8 10 0.036646236 
1013 506 9 13 0.03657929 
543 479 9 12 0.036561146 
857 422 8 11 0.036554694 
31 383 7 9 0.03649997 
1014 391 7 10 0.036492903 
44 543 14 20 0.036403634 
272 448 9 11 0.03639027 
159 461 9 11 0.036388066 
806 420 9 10 0.03638078 
925 554 12 15 0.036251806 
430 467 10 13 0.036231805 
295 392 6 8 0.036215127 
312 376 7 8 0.036102936 
3 499 12 14 0.036070336 
88 427 8 11 0.035970073 
115 377 7 9 0.035948224 
434 439 8 11 0.035924733 
865 454 8 11 0.03591732 
129 354 8 9 0.035916276 
159 430 9 11 0.035903525 
998 373 8 10 0.03589876 
902 502 8 11 0.035893876 
749 600 13 20 0.035873752 
91 561 11 15 0.0358552 
934 572 14 16 0.035825644 
815 368 7 8 0.03581703 
158 472 10 12 0.035810146 
185 398 8 10 0.03580916 
39 471 11 13 0.035788227 
67 477 11 13 0.035762843 
375 451 9 11 0.035745054 
66 564 14 17 0.035693843 
661 525 12 16 0.03560907 
79 440 8 10 0.035582326 
247 374 7 8 0.035546325 
55 367 7 9 0.035454962 
334 476 11 13 0.035442337 
377 399 7 9 0.035368063 
869 495 8 11 0.035367984 
282 404 8 10 0.035365168 
815 422 7 10 0.0353488 
858 515 10 13 0.03531753 
736 445 9 11 0.03529832 
174 369 6 8 0.035241622 
183 408 7 8 0.03523967 
830 406 8 10 0.035152286 
319 378 7 8 0.035150636 
360 398 7 9 0.03511482 
887 518 9 12 0.035055455 
280 557 11 15 0.035027888 
791 407 8 9 0.035004392 
950 454 11 13 0.034985285 
94 399 8 10 0.034930944 
1003 577 16 20 0.034920204 
520 376 8 11 0.03490918 
157 423 8 10 0.03488113 
430 389 8 11 0.034797836 
150 353 7 9 0.034780927 
872 367 7 9 0.034770045 
62 455 9 11 0.03474438 
45 495 10 13 0.034734447 
852 621 16 20 0.034706507 
215 500 11 14 0.03470231 
438 460 12 15 0.034690417 
257 391 8 9 0.034669925 
319 391 7 9 0.034593176 
200 359 8 10 0.034589786 
46 501 10 15 0.03454356 
253 499 12 14 0.034521233 
745 447 10 12 0.03449189 
409 444 10 11 0.034482114 
328 415 8 10 0.0344623 
826 415 9 11 0.034446903 
71 453 9 11 0.034408737 
980 462 10 12 0.034375794 
24 413 9 11 0.03437287 
895 509 10 13 0.03417806 
51 633 14 19 0.03417409 
461 383 9 10 0.03413475 
64 416 9 10 0.034101836 
561 399 9 12 0.034094553 
216 629 16 22 0.034088403 
766 453 9 11 0.034064688 
37 453 9 11 0.034059234 
735 514 12 16 0.03403818 
104 470 9 12 0.034034412 
295 439 8 11 0.034011535 
493 564 12 18 0.03392444 
365 453 9 10 0.03392428 
975 454 9 11 0.033843488 
868 500 10 13 0.033788368 
221 484 9 12 0.03377577 
501 562 11 17 0.03370301 
570 390 24 30 0.033701826 
345 392 7 9 0.033685904 
89 390 7 9 0.033679456 
958 449 11 14 0.03359175 
294 430 8 10 0.033572033 
693 567 13 16 0.03350166 
839 519 9 12 0.033466727 
776 405 7 8 0.03346338 
41 389 8 10 0.03345314 
369 413 8 10 0.033421524 
179 532 13 16 0.03341613 
765 485 10 12 0.033412695 
763 415 7 9 0.033394244 
210 557 14 18 0.033347122 
422 353 8 10 0.033346783 
48 398 9 10 0.03332914 
981 342 8 11 0.033256687 
398 490 12 15 0.033195913 
439 403 8 11 0.033188634 
635 444 11 15 0.033176526 
315 592 14 19 0.033163775 
247 500 9 13 0.032968353 
967 452 9 11 0.032961987 
790 440 8 10 0.032885075 
695 417 7 8 0.03283658 
734 247 10 12 0.03275877 
295 453 10 12 0.032683488 
767 391 7 9 0.032662917 
458 452 10 11 0.03265884 
169 353 7 9 0.032656483 
794 460 9 11 0.032645155 
614 376 8 10 0.03262061 
63 481 11 15 0.032620188 
479 456 10 12 0.032602873 
151 384 7 8 0.032597285 
361 535 11 15 0.0325901 
745 400 8 9 0.03256793 
24 367 7 9 0.032536726 
87 524 12 18 0.03253044 
32 377 6 8 0.032461558 
184 359 7 8 0.032392573 
136 422 8 10 0.032374986 
199 380 7 9 0.032358564 
937 416 7 9 0.032353666 
825 420 9 11 0.03231769 
127 663 14 16 0.0323136 
790 369 7 9 0.0322902 
337 463 9 10 0.03221071 
534 373 9 9 0.03211889 
29 485 13 16 0.0321187 
46 570 14 18 0.03209416 
147 625 14 20 0.032074522 
206 359 7 10 0.03197131 
302 420 8 9 0.03195315 
41 407 8 10 0.031950597 
72 462 9 11 0.03191484 
14 317 9 12 0.031891875 
904 469 9 11 0.031843845 
224 374 7 9 0.03181705 
936 636 24 28 0.031816263 
657 405 7 10 0.031811517 
1007 415 9 10 0.031799376 
11 481 11 15 0.03179651 
927 439 8 11 0.03179581 
1000 478 9 12 0.031776384 
446 436 9 12 0.031775642 
246 494 10 12 0.031733904 
409 439 8 10 0.03172666 
348 519 10 12 0.031682823 
134 560 13 18 0.031642195 
812 414 8 9 0.03163389 
282 563 12 16 0.03162896 
643 398 8 10 0.031616155 
166 432 9 10 0.031612754 
778 554 13 18 0.031587783 
923 642 17 21 0.031563375 
142 488 11 13 0.031561278 
284 619 12 18 0.03156036 
207 415 7 9 0.031557634 
977 424 8 8 0.03151205 
142 358 7 9 0.031500336 
894 456 19 23 0.031499773 
966 422 8 10 0.031494807 
898 386 7 8 0.031470694 
366 492 9 12 0.031455666 
798 627 28 30 0.031453468 
280 500 11 14 0.031292275 
975 361 8 10 0.031277113 
409 382 8 8 0.03126753 
319 361 6 9 0.031233305 
343 383 6 8 0.031229598 
204 608 17 20 0.031162174 
135 437 9 12 0.03115114 
974 398 8 9 0.031112637 
839 408 8 9 0.031107118 
41 427 9 11 0.03106709 
98 360 7 8 0.031038195 
7 439 8 9 0.031003393 
418 465 12 15 0.030972911 
901 479 10 11 0.030947547 
154 595 13 18 0.030938981 
617 437 10 15 0.030927533 
609 376 10 12 0.030884871 
312 407 7 9 0.030862179 
873 467 9 12 0.030820198 
0 367 6 9 0.030744191 
311 577 12 17 0.030737836 
433 375 7 9 0.03073163 
64 382 8 10 0.030711167 
920 440 8 10 0.030666137 
143 353 8 9 0.030642979 
733 399 7 9 0.030636692 
706 429 9 11 0.0306132 
216 405 7 9 0.030583112 
739 572 13 16 0.03056611 
371 480 13 16 0.030522041 
921 571 11 15 0.030518698 
641 422 8 10 0.030510457 
882 406 7 9 0.030509247 
233 471 9 12 0.03045026 
224 384 6 8 0.030428639 
863 521 12 14 0.030396897 
434 446 8 10 0.030346442 
22 487 12 14 0.030328402 
323 534 10 13 0.030321699 
657 460 12 15 0.03032124 
73 374 7 9 0.030227963 
623 433 9 11 0.030227652 
230 284 10 13 0.030215524 
288 381 7 9 0.030187018 
784 523 10 13 0.030131703 
721 525 11 15 0.030117784 
163 588 13 18 0.030094462 
229 561 14 17 0.03001869 
100 489 12 17 0.030006915 
983 611 25 29 0.029953035 
974 573 14 19 0.029940352 
53 592 16 22 0.029929422 
616 420 9 12 0.02992932 
775 455 9 10 0.029903082 
783 453 9 11 0.029900474 
223 400 7 8 0.02988202 
310 589 13 18 0.02985024 
240 406 7 9 0.029849837 
167 485 12 14 0.029846791 
816 612 16 19 0.02979714 
952 546 11 16 0.029787933 
841 397 7 9 0.029784445 
127 461 11 12 0.029774621 
187 569 13 16 0.029759597 
975 495 10 14 0.029744456 
336 446 8 10 0.02974085 
944 393 6 8 0.029700356 
111 397 9 10 0.029693583 
913 407 7 9 0.029691882 
87 336 8 8 0.029678706 
173 438 8 10 0.029601837 
347 524 11 13 0.029590046 
137 581 14 19 0.02955878 
303 500 9 12 0.029529348 
168 535 11 14 0.029495075 
39 399 8 9 0.029490957 
65 408 8 9 0.029437283 
456 417 9 10 0.029435132 
71 513 18 25 0.029401679 
193 484 9 12 0.029351424 
678 454 19 23 0.029330436 
688 392 8 9 0.029312124 
694 542 12 14 0.02926615 
218 415 8 9 0.029262332 
240 180 11 14 0.02925982 
983 580 24 28 0.029257739 
993 351 8 10 0.029239176 
287 486 9 12 0.029162128 
997 358 8 11 0.029149037 
744 391 7 9 0.029111775 
942 382 7 9 0.02909678 
1012 381 9 11 0.029095149 
264 463 8 10 0.029091828 
26 620 15 22 0.029069202 
446 383 9 10 0.02901965 
993 590 25 30 0.028986702 
186 367 7 9 0.028962722 
319 502 8 10 0.028952276 
208 445 8 10 0.02894965 
772 548 14 18 0.028945474 
272 436 8 11 0.028940924 
669 508 12 17 0.028904792 
0 373 6 10 0.028899854 
76 484 12 14 0.028887408 
441 423 8 10 0.028858854 
631 406 8 10 0.028857887 
662 447 10 12 0.028836193 
940 444 10 13 0.028830858 
703 502 11 13 0.028787566 
848 384 6 8 0.02877314 
847 532 10 13 0.028758978 
469 414 9 11 0.028732218 
656 446 9 12 0.028700612 
110 423 9 10 0.028630268 
291 490 17 22 0.02858382 
110 517 10 12 0.028572239 
1 494 9 14 0.02857188 
198 488 10 12 0.028529534 
759 469 9 12 0.028525997 
249 180 14 16 0.028525632 
518 381 7 10 0.028521976 
1008 470 10 14 0.028443292 
840 436 9 11 0.02839372 
993 368 7 8 0.028383 
757 463 9 12 0.028380672 
438 525 12 15 0.02837989 
964 479 19 23 0.02833971 
1007 493 12 16 0.028283749 
617 430 9 12 0.02827065 
229 502 10 13 0.028270349 
834 384 7 9 0.028251067 
297 417 8 10 0.02824676 
632 465 11 15 0.028239014 
391 416 8 8 0.028237311 
818 587 14 21 0.028216444 
984 473 10 14 0.028215168 
191 366 8 10 0.028199926 
366 392 7 8 0.028191162 
801 501 9 12 0.028178306 
774 446 8 10 0.028175 
70 344 7 9 0.028157806 
790 553 12 16 0.02814703 
893 580 19 25 0.02812793 
7 460 10 12 0.02811403 
736 376 8 9 0.028082324 
199 345 8 9 0.028079133 
1009 408 8 10 0.02807881 
896 433 19 22 0.028048662 
238 441 18 23 0.028025135 
758 399 8 10 0.028016798 
401 385 7 8 0.028007442 
8 448 9 11 0.028000042 
32 622 21 26 0.027990386 
232 407 7 8 0.027985215 
792 478 9 12 0.02790057 
729 437 8 10 0.027844734 
726 469 9 11 0.027835801 
1006 476 19 25 0.02781751 
407 369 7 9 0.027751876 
801 367 8 10 0.027743593 
825 432 9 11 0.027728416 
456 478 10 12 0.027725458 
272 469 10 12 0.027715264 
341 508 9 11 0.027712362 
640 430 9 12 0.027630506 
59 353 6 9 0.027570665 
444 462 9 12 0.027555184 
86 439 9 11 0.027459865 
288 356 7 9 0.027408237 
112 493 10 15 0.027401112 
70 486 13 15 0.027326116 
573 348 13 15 0.027317213 
703 481 10 13 0.027306054 
864 384 7 8 0.027288752 
237 528 13 16 0.027287014 
973 537 13 15 0.027277831 
215 443 18 23 0.027215047 
908 513 11 15 0.027200984 
923 544 16 17 0.027161147 
858 429 10 13 0.027137555 
366 431 8 10 0.027134635 
688 588 13 18 0.027122324 
753 376 7 8 0.027107129 
719 423 7 9 0.027074834 
353 509 9 11 0.027056385 
345 422 8 10 0.027007643 
66 397 9 10 0.026962472 
789 499 10 13 0.026960611 
686 106 25 29 0.026863996 
337 391 7 9 0.026710995 
920 476 10 13 0.026699496 
337 400 7 8 0.026667709 
921 470 9 12 0.026654474 
844 558 14 17 0.026641004 
685 524 12 14 0.026616594 
221 472 9 12 0.026567908 
462 356 8 11 0.026536226 
972 517 13 16 0.026534468 
675 483 11 13 0.026531128 
871 539 12 16 0.026523208 
425 408 8 11 0.026473576 
928 369 9 10 0.0263995 
64 445 9 11 0.02638852 
125 601 17 21 0.026350472 
761 431 9 10 0.026317894 
139 572 13 16 0.026317075 
784 488 11 13 0.026297007 
358 512 12 15 0.026289497 
328 360 7 9 0.026267042 
136 369 7 8 0.026260031 
6 579 12 17 0.02624611 
369 360 7 8 0.02615246 
233 359 8 10 0.026130281 
252 166 13 15 0.026054092 
72 470 9 12 0.026029477 
255 358 7 9 0.025984896 
303 472 10 12 0.025981346 
886 502 9 12 0.025907442 
1012 527 11 15 0.025898311 
17 405 7 10 0.02584905 
968 383 7 9 0.025846142 
249 391 7 9 0.02584379 
807 393 8 10 0.025837507 
278 391 7 9 0.025818236 
108 547 11 16 0.02581573 
135 465 17 23 0.025763143 
848 375 7 8 0.02575703 
328 502 8 11 0.02571627 
0 431 7 12 0.025716174 
289 368 6 8 0.025712434 
170 416 7 9 0.02567616 
311 558 10 14 0.025656769 
860 607 18 21 0.025645066 
159 366 7 9 0.025639838 
423 441 8 9 0.02563272 
375 383 6 8 0.025615979 
832 374 7 8 0.025592139 
995 580 24 27 0.025591271 
869 424 8 10 0.025590409 
1013 436 21 26 0.025520163 
212 473 18 23 0.025488447 
282 344 7 9 0.025475156 
54 400 8 10 0.025473597 
125 477 9 12 0.025456041 
98 384 7 9 0.025449451 
153 368 7 8 0.025380751 
887 568 20 25 0.025367215 
727 405 7 9 0.025366856 
738 564 13 16 0.025322312 
97 375 7 8 0.0253074 
1007 368 8 9 0.025278963 
683 531 12 15 0.02527006 
183 469 10 12 0.025248071 
6 431 8 10 0.025239367 
782 517 11 13 0.025238797 
286 423 9 10 0.02521635 
846 525 10 13 0.02517001 
218 390 7 10 0.02516947 
377 507 13 14 0.025060952 
78 399 8 9 0.02503384 
200 392 8 9 0.025001414 
879 443 9 12 0.02497896 
80 422 8 11 0.024936995 
248 400 7 8 0.02491237 
353 382 7 8 0.02490241 
229 583 21 25 0.024806768 
793 400 7 9 0.024805963 
506 433 10 12 0.024770696 
245 457 18 23 0.024762698 
732 652 15 19 0.024724443 
342 142 13 15 0.024717528 
132 508 12 14 0.024704458 
734 73 13 14 0.02470069 
240 374 7 9 0.02469081 
788 517 11 13 0.024648568 
136 447 10 12 0.024629995 
859 582 14 18 0.024622444 
854 452 8 11 0.024610808 
120 415 7 9 0.024596345 
892 480 17 22 0.024589527 
735 381 8 9 0.02456129 
861 539 11 16 0.024538545 
200 423 7 8 0.0245305 
962 484 10 13 0.02451709 
280 382 8 9 0.024515036 
742 384 8 8 0.024479315 
416 366 8 10 0.024476454 
923 629 27 33 0.024445005 
383 495 10 13 0.024399133 
77 391 7 9 0.024390686 
165 614 15 19 0.02430935 
218 505 18 22 0.024297444 
226 344 8 10 0.024284152 
200 407 7 9 0.024254084 
840 483 10 12 0.024244836 
161 376 7 8 0.024198849 
444 526 12 15 0.024123702 
861 565 13 19 0.024063215 
51 581 22 28 0.024055166 
463 392 8 10 0.024050504 
129 398 7 8 0.024034029 
271 334 6 9 0.024031233 
944 405 7 9 0.024001004 
918 391 8 9 0.023954554 
233 568 20 25 0.023954496 
110 430 8 10 0.023913326 
10 359 7 9 0.023906639 
376 502 12 13 0.023899829 
205 352 7 9 0.023898244 
772 522 10 14 0.023893673 
477 554 16 21 0.023847558 
654 423 9 11 0.023835659 
49 547 20 26 0.02380476 
330 376 7 8 0.023793314 
647 531 11 13 0.023770453 
62 358 7 10 0.023769561 
38 361 8 9 0.023729159 
950 374 7 8 0.023715239 
878 468 9 11 0.0237115 
740 648 15 19 0.023679042 
151 566 15 21 0.02364346 
168 492 11 13 0.02364049 
761 376 8 8 0.02359635 
207 423 8 9 0.023581129 
839 375 7 9 0.023564106 
222 390 7 9 0.023560088 
317 472 9 11 0.023524025 
733 495 12 14 0.023515316 
21 576 15 18 0.023478154 
305 373 7 9 0.023458354 
1 382 7 10 0.023420725 
935 510 10 12 0.023419868 
730 382 6 8 0.02338426 
270 360 7 9 0.023358416 
96 469 10 12 0.023351226 
269 247 14 16 0.023340676 
734 429 9 11 0.023320211 
239 500 10 14 0.023314139 
392 376 7 9 0.02329229 
128 368 7 9 0.023208195 
791 576 20 26 0.023171779 
310 441 18 23 0.023159467 
388 423 19 24 0.02314836 
391 390 7 9 0.023129243 
728 376 7 9 0.023095803 
797 594 16 20 0.023075432 
673 529 19 24 0.023074394 
320 365 7 9 0.023062445 
94 545 13 16 0.022996282 
111 351 7 9 0.022979202 
194 381 8 10 0.02295918 
935 462 9 11 0.02295256 
766 368 7 7 0.02291665 
735 392 6 8 0.022913588 
960 368 7 9 0.022905085 
303 508 10 13 0.022901403 
880 408 19 24 0.022890244 
184 375 7 9 0.02288456 
977 415 7 10 0.02286723 
48 368 7 9 0.02286468 
816 439 8 10 0.022863869 
866 510 11 14 0.022859996 
439 382 7 10 0.02285694 
1013 366 9 12 0.022833107 
807 360 7 9 0.022826906 
953 435 18 22 0.022823056 
695 453 9 12 0.022821559 
119 367 7 8 0.022807278 
875 605 12 16 0.022806335 
780 598 13 17 0.022774443 
454 369 8 9 0.022751871 
889 578 13 17 0.022744322 
696 560 24 26 0.022707064 
73 384 7 8 0.02269517 
949 534 18 24 0.022689166 
272 352 6 9 0.022680722 
687 548 11 15 0.022644801 
727 536 12 17 0.022618018 
108 455 10 11 0.02260696 
269 503 12 14 0.0225899 
704 571 19 24 0.022581164 
239 383 8 9 0.022568924 
424 408 18 23 0.022546824 
238 360 8 9 0.022540707 
335 167 13 17 0.022540687 
946 634 17 20 0.022533102 
112 361 7 9 0.022522286 
711 514 12 15 0.022509683 
945 495 9 12 0.022496331 
897 466 11 12 0.022490172 
183 352 7 9 0.022486612 
166 477 10 13 0.022483837 
103 374 7 9 0.022433752 
117 483 13 13 0.02240374 
140 562 13 17 0.022402717 
944 409 18 25 0.022322262 
968 470 17 23 0.022274183 
319 511 8 10 0.022252038 
120 446 9 11 0.022239987 
815 518 10 12 0.022210216 
528 376 43 51 0.022175832 
656 415 7 9 0.022172399 
752 392 8 10 0.02215458 
201 366 7 9 0.022135556 
362 538 21 25 0.02213362 
416 407 8 10 0.022130806 
918 376 8 10 0.022094877 
331 561 16 19 0.0220912 
337 533 9 12 0.022075469 
150 406 7 9 0.02207098 
350 503 10 11 0.02205542 
229 544 15 18 0.022053326 
974 564 13 18 0.022052782 
336 376 7 9 0.022050077 
845 652 12 15 0.022040932 
803 587 19 23 0.022038791 
676 523 13 16 0.022038646 
296 369 7 8 0.022034403 
128 358 7 9 0.022022773 
963 645 14 20 0.022013994 
157 588 13 17 0.022006625 
96 461 11 13 0.021983102 
43 617 25 30 0.021980828 
377 430 9 11 0.021963827 
194 375 7 9 0.02193163 
354 407 8 10 0.02192776 
889 481 9 12 0.021924268 
7 516 11 16 0.021907168 
957 463 10 12 0.021896735 
508 556 13 18 0.02189363 
117 619 19 29 0.021859651 
911 480 9 11 0.021831583 
990 394 18 23 0.021821113 
681 392 8 9 0.021801181 
182 478 10 13 0.021793654 
119 428 10 11 0.02176756 
122 361 7 7 0.021767356 
56 424 18 24 0.021751728 
335 553 21 26 0.021741478 
143 522 12 16 0.021728313 
470 439 8 11 0.021724444 
25 423 9 11 0.021714956 
372 465 19 24 0.021703504 
864 359 8 9 0.021683568 
384 360 8 9 0.021678189 
747 500 10 14 0.021667397 
60 472 20 23 0.02162154 
789 415 8 10 0.021620559 
206 393 8 10 0.021583913 
363 508 11 13 0.021573653 
720 392 7 8 0.02155306 
567 339 25 28 0.02154597 
742 376 7 8 0.021531451 
55 375 7 9 0.021516422 
79 429 8 10 0.0214998 
48 360 8 9 0.021487433 
615 399 7 9 0.021484956 
169 382 8 9 0.021477075 
268 535 12 15 0.021452127 
399 352 8 9 0.021430228 
78 357 8 9 0.02141177 
967 578 12 17 0.02135227 
774 463 9 10 0.021333365 
548 375 42 51 0.021302717 
467 445 10 13 0.02127893 
239 400 8 9 0.02124704 
954 555 21 29 0.021222403 
970 507 9 12 0.021215124 
62 495 11 15 0.021143747 
177 427 9 12 0.021138547 
484 568 27 30 0.0211229 
560 396 21 28 0.021114305 
327 446 9 11 0.021107707 
344 365 7 10 0.021087835 
248 352 7 9 0.021080581 
129 382 7 8 0.021070153 
997 351 8 11 0.02105382 
349 471 8 11 0.02101439 
167 359 7 8 0.021003786 
408 457 11 13 0.020980777 
801 507 17 22 0.020971783 
469 335 8 10 0.0209679 
22 631 25 28 0.020955717 
150 376 7 9 0.020924583 
838 494 9 12 0.020913644 
759 451 10 13 0.020899616 
361 468 10 12 0.020892907 
366 423 8 10 0.020887481 
889 459 8 12 0.020822916 
256 398 7 9 0.020814413 
240 417 8 9 0.020807426 
29 565 14 18 0.020804498 
591 404 10 12 0.020796953 
719 494 11 14 0.02077366 
97 434 18 22 0.020747669 
1012 586 10 16 0.020738617 
457 356 9 11 0.020727083 
13 579 12 16 0.020722061 
932 595 15 18 0.020703975 
164 547 13 18 0.020686852 
658 453 10 13 0.020668216 
803 374 7 10 0.020665277 
801 361 8 8 0.020634618 
385 377 8 9 0.020633902 
1008 422 18 25 0.020608725 
328 382 8 9 0.020608574 
998 447 18 23 0.02060744 
71 337 7 9 0.020599598 
820 224 58 76 0.020596033 
671 390 8 10 0.020573812 
279 416 8 10 0.020546041 
177 399 8 9 0.020537551 
679 493 12 17 0.020451806 
734 471 10 11 0.020442566 
914 391 8 9 0.020441592 
63 577 22 27 0.02040663 
468 405 9 11 0.020359762 
329 472 9 11 0.020335365 
608 432 9 12 0.020307757 
639 471 19 23 0.020297818 
629 535 10 12 0.02027907 
564 398 11 14 0.020275936 
78 466 10 11 0.020272033 
190 540 12 18 0.020258665 
966 429 9 11 0.020253474 
961 563 20 28 0.02023301 
301 151 10 13 0.020229382 
221 561 13 17 0.02020123 
679 505 13 17 0.020178096 
197 462 9 10 0.020168526 
881 424 18 22 0.020162739 
288 531 12 15 0.02009064 
844 479 18 22 0.020082911 
784 477 10 12 0.020074312 
729 416 8 9 0.020059513 
945 391 21 26 0.020011285 
194 495 11 14 0.020005139 
