21_Festival_Festival_21_210
48
755 187 81 108 0.99597317 
13 369 24 33 0.99587005 
121 378 23 27 0.98856366 
391 162 67 116 0.9818081 
228 390 22 27 0.8395218 
68 395 19 24 0.6974405 
181 388 13 18 0.3993042 
240 391 15 22 0.24531019 
180 163 22 28 0.2426284 
858 386 61 84 0.20075074 
331 259 13 18 0.1908494 
221 397 20 24 0.12131908 
272 278 31 38 0.10975905 
604 292 30 36 0.10858147 
128 164 28 32 0.09613401 
278 263 28 38 0.08976991 
115 139 27 30 0.07606851 
219 320 15 20 0.07165954 
288 259 18 22 0.07152704 
157 413 16 22 0.03951351 
148 395 17 21 0.03913641 
156 368 17 23 0.039089154 
683 268 11 13 0.03550925 
141 401 16 18 0.034774248 
211 162 15 23 0.034346387 
82 394 15 21 0.03415138 
65 367 16 20 0.033771593 
119 152 32 35 0.03332103 
700 259 11 12 0.030408777 
387 530 15 17 0.029864265 
496 397 34 44 0.029158829 
986 316 37 58 0.028960524 
77 443 46 53 0.026908021 
180 396 16 21 0.02680262 
105 436 47 52 0.02534568 
694 259 12 13 0.024986554 
1 616 14 20 0.024581067 
89 393 18 21 0.023033138 
1000 407 10 13 0.022552792 
287 255 13 15 0.022041185 
148 409 17 21 0.021991407 
762 40 25 30 0.021378202 
342 542 9 11 0.021376068 
297 -48 535 395 0.021308849 
424 522 13 16 0.020695489 
1 125 9 14 0.020530578 
168 163 26 35 0.020289827 
433 547 16 19 0.020039344 
