21_Festival_Festival_21_491
31
464 543 182 238 0.99876 
625 1068 230 382 0.87912065 
137 349 263 291 0.54669 
145 488 376 465 0.27500167 
444 148 345 456 0.092244044 
345 537 61 75 0.083715096 
248 504 114 142 0.06757142 
28 236 365 527 0.06123111 
212 644 218 325 0.055901732 
233 -70 422 547 0.051924754 
565 378 111 128 0.049454667 
512 459 16 20 0.046974707 
510 997 448 374 0.04195343 
529 306 189 266 0.04009983 
247 841 103 136 0.037330743 
549 518 30 50 0.036653854 
915 46 54 52 0.034805976 
115 966 154 120 0.032345474 
888 29 67 64 0.030672355 
935 52 33 32 0.030551367 
312 540 86 107 0.028701887 
224 468 177 229 0.027579423 
383 839 388 436 0.02685588 
95 106 446 466 0.024902359 
76 880 207 234 0.024496865 
714 598 210 255 0.0237659 
871 36 105 103 0.022970151 
185 942 109 136 0.022339597 
820 21 204 192 0.021654919 
387 479 31 39 0.02146402 
623 382 104 123 0.021218842 
