21_Festival_Festival_21_601
42
405 350 24 28 0.9911515 
933 320 23 28 0.9840417 
306 335 24 25 0.97679704 
870 335 19 23 0.8604199 
17 330 14 18 0.832303 
645 350 16 22 0.80806834 
512 365 16 20 0.49457142 
770 336 17 23 0.3230494 
309 249 17 20 0.16533376 
916 380 19 21 0.14454538 
804 51 91 110 0.13840714 
497 395 15 18 0.104458734 
663 309 12 15 0.08486978 
751 322 42 52 0.081339926 
629 676 51 54 0.050342027 
644 326 10 14 0.050002992 
25 332 12 15 0.043010887 
641 319 8 10 0.04153702 
394 396 15 19 0.041081242 
959 316 13 18 0.038436495 
402 394 20 26 0.037599612 
664 304 11 12 0.034335088 
661 304 19 24 0.033569813 
781 334 24 32 0.031116031 
524 267 23 31 0.026592596 
746 320 32 37 0.02488786 
776 340 17 23 0.024872068 
27 348 12 14 0.02436136 
410 399 15 19 0.023883898 
641 330 11 14 0.023750378 
378 392 21 25 0.023597991 
390 401 23 26 0.023414362 
380 388 12 14 0.02316831 
388 363 13 17 0.023080079 
28 337 12 16 0.022417312 
504 387 24 27 0.022248289 
388 388 15 19 0.021822598 
680 325 12 14 0.021637894 
778 324 15 18 0.021581251 
441 67 51 56 0.021107864 
404 494 11 15 0.020979444 
21 344 14 17 0.02094367 
