21_Festival_Festival_21_42
2808
140 1277 16 18 0.9935866 
626 1332 14 18 0.9863625 
764 1195 12 17 0.9713382 
755 1316 13 18 0.96669644 
772 1223 14 18 0.96630925 
800 1287 15 20 0.9651235 
899 1205 14 18 0.9650558 
703 1290 14 19 0.9647704 
593 1162 15 18 0.9610283 
2 1187 13 19 0.9598034 
19 1165 12 16 0.9455814 
640 1259 12 16 0.94440216 
157 1083 12 16 0.9309067 
683 1269 13 16 0.9287273 
173 1219 14 18 0.9278211 
669 1289 13 17 0.9273854 
696 1318 16 19 0.9187671 
538 1283 13 18 0.91185534 
63 1225 13 17 0.9067615 
37 1274 15 18 0.8974937 
58 1266 14 18 0.89298856 
252 1321 15 18 0.8914163 
773 1317 15 19 0.8866658 
294 1146 14 18 0.8860055 
645 1148 12 15 0.8846131 
839 1055 9 12 0.8835922 
104 1332 15 19 0.86810184 
917 1134 10 13 0.86498594 
78 1327 13 16 0.8609184 
147 1150 12 15 0.8579588 
727 1177 13 16 0.8569111 
75 1273 14 17 0.8560459 
616 933 9 13 0.8507798 
260 1029 12 15 0.8466881 
700 1076 11 14 0.8464276 
204 980 12 15 0.8458552 
159 1268 13 16 0.83802193 
171 1037 12 15 0.81611186 
767 1276 15 18 0.80428547 
97 1166 13 17 0.79755026 
207 1014 13 15 0.7895281 
742 1195 12 15 0.7818417 
601 1267 13 16 0.7777204 
48 1212 12 15 0.7751258 
110 1257 13 17 0.77151823 
660 1328 14 18 0.76581913 
124 1091 12 15 0.76395005 
253 982 11 13 0.76391745 
81 1227 11 15 0.7588321 
875 1326 15 19 0.7515246 
727 1274 13 18 0.7490191 
793 1013 9 12 0.74238485 
252 942 11 12 0.74153125 
557 975 10 13 0.7393105 
149 1114 13 16 0.7319159 
229 1054 10 13 0.7226938 
700 1191 14 16 0.7199139 
867 1174 10 13 0.7163652 
47 1235 14 16 0.7162453 
340 1039 12 14 0.707418 
101 1292 12 15 0.7061381 
591 1206 13 16 0.7007353 
709 1218 13 16 0.6980674 
629 896 10 11 0.6975024 
177 1012 12 15 0.6921057 
663 1261 13 16 0.69003475 
19 1101 12 16 0.68250984 
199 1085 10 14 0.6770268 
175 1160 14 17 0.6743127 
972 1045 12 16 0.66471434 
0 1316 12 20 0.6389861 
22 1050 12 15 0.6237786 
38 1072 11 13 0.61633873 
363 992 11 14 0.615975 
311 835 8 11 0.60217685 
688 1101 10 14 0.59951746 
874 901 9 12 0.595257 
687 997 12 15 0.5951807 
248 1142 11 14 0.5941263 
582 843 10 13 0.58851534 
607 885 10 12 0.5878651 
643 1173 11 15 0.5868653 
255 917 12 15 0.58112675 
632 870 9 11 0.5747013 
339 1221 13 16 0.5672065 
61 964 9 11 0.56307566 
220 1123 9 11 0.55900085 
494 1207 10 13 0.5541975 
440 963 12 16 0.54917467 
101 895 11 15 0.5480726 
319 1164 12 15 0.5390347 
277 1185 11 14 0.5378876 
801 872 7 9 0.5374237 
944 1158 9 12 0.5332775 
573 1202 11 13 0.53193647 
748 1261 11 16 0.5303039 
987 1164 13 18 0.52871907 
648 1044 10 15 0.52750975 
887 1027 11 14 0.5242999 
69 1024 11 13 0.5237134 
112 1232 13 16 0.5209641 
108 1206 13 16 0.5163235 
686 1048 13 16 0.5151211 
342 1136 10 12 0.5137466 
117 923 10 12 0.5120376 
605 990 10 12 0.51018256 
126 1129 14 17 0.50752187 
823 1063 8 11 0.4976386 
655 1190 13 16 0.49171785 
256 861 10 12 0.4914634 
665 941 8 12 0.49131346 
601 943 9 11 0.49034747 
567 1064 10 13 0.48647946 
736 1101 9 12 0.48492038 
92 1068 11 14 0.4823759 
776 902 8 11 0.48141104 
711 881 10 12 0.47497004 
317 783 8 11 0.4729272 
165 1201 14 18 0.47095713 
813 1013 8 11 0.4684639 
612 1022 10 13 0.46587914 
207 1054 12 14 0.4647249 
657 1307 13 16 0.463098 
143 867 8 11 0.46209434 
89 1045 12 15 0.45902187 
190 959 9 12 0.45545644 
327 823 9 11 0.44722018 
639 938 11 13 0.4443112 
304 1214 12 15 0.442458 
108 1113 12 15 0.43971917 
510 806 8 11 0.43797022 
542 863 8 11 0.43704557 
272 949 10 13 0.43492845 
821 943 10 13 0.42973644 
636 1086 14 17 0.42756343 
41 1336 14 17 0.4270522 
181 994 11 13 0.4259226 
648 886 8 10 0.42345446 
118 1012 8 11 0.42301467 
240 998 11 15 0.42223746 
141 1173 12 15 0.4219804 
230 839 9 12 0.41832298 
630 1026 10 13 0.4177516 
102 1016 8 10 0.41665483 
111 1055 11 14 0.41074592 
829 948 9 11 0.40960732 
93 1097 12 16 0.4080405 
177 981 9 11 0.40753758 
710 1155 11 14 0.40585735 
381 1296 13 16 0.4053457 
859 1221 11 15 0.40383723 
668 1139 11 13 0.40029252 
99 991 11 13 0.39166898 
631 926 9 11 0.39104775 
637 1068 11 14 0.38980693 
200 1126 11 12 0.3894678 
253 847 8 11 0.389184 
248 815 9 12 0.3884562 
725 1340 14 18 0.3882358 
733 877 9 12 0.38735992 
620 1311 10 13 0.3871267 
902 1326 15 21 0.38614982 
450 1007 9 12 0.38025087 
39 1098 12 15 0.37492806 
168 1109 12 15 0.37311605 
468 1255 13 17 0.37176922 
629 916 10 12 0.36745247 
119 1161 13 16 0.36680204 
79 1254 10 13 0.36658755 
119 1046 12 14 0.36557922 
102 951 10 10 0.36497483 
0 1260 12 18 0.36483753 
695 837 10 12 0.3618151 
116 1007 9 11 0.36130065 
572 1020 10 12 0.36069027 
230 950 11 12 0.35682297 
836 1093 10 14 0.3553514 
569 966 10 12 0.35496187 
689 877 8 11 0.3549482 
120 1191 10 13 0.35395384 
222 909 11 13 0.3534757 
230 804 8 10 0.352459 
277 851 9 12 0.3503586 
253 815 8 10 0.34868056 
613 958 9 11 0.3478616 
311 799 9 11 0.3455537 
255 854 9 11 0.34079453 
672 1226 12 17 0.33992594 
647 997 11 12 0.33978134 
331 1180 11 13 0.33954978 
649 846 10 12 0.33734226 
825 1003 9 11 0.3371357 
214 846 10 13 0.33713007 
101 932 10 12 0.33520904 
644 1122 10 14 0.33349055 
225 933 9 12 0.33135968 
271 941 10 13 0.32956305 
617 973 9 12 0.32852453 
63 848 9 10 0.32815325 
457 727 7 9 0.32797045 
661 791 8 10 0.32649404 
628 1197 10 12 0.3250759 
136 1062 10 12 0.32415056 
612 1230 11 13 0.32234555 
200 912 9 11 0.3214794 
393 696 10 11 0.32069895 
632 983 9 12 0.32023597 
605 997 9 12 0.3186638 
48 1054 10 12 0.3154902 
381 1221 12 15 0.31513095 
269 887 9 11 0.31436187 
218 911 8 11 0.31300122 
260 959 11 14 0.30957496 
656 1062 11 13 0.30784568 
288 916 9 10 0.30773488 
703 1103 9 11 0.305441 
605 869 10 12 0.30419266 
591 752 9 11 0.3033704 
476 700 8 11 0.30335784 
710 896 8 11 0.29942355 
259 923 12 13 0.29900482 
689 791 8 11 0.29836878 
128 1073 11 14 0.29803532 
671 847 9 12 0.29553145 
277 831 8 11 0.29471314 
724 1166 10 13 0.2921752 
254 1011 12 14 0.29198676 
53 1060 9 12 0.29053554 
575 983 10 11 0.28999752 
0 1062 7 12 0.2860909 
790 957 8 11 0.2853437 
231 1024 10 13 0.2851266 
230 962 14 16 0.28504923 
846 976 9 12 0.28483614 
647 776 8 10 0.2830835 
393 671 7 9 0.28184098 
446 1182 14 17 0.27960694 
516 1149 12 15 0.2783167 
143 972 10 13 0.278009 
584 1000 10 11 0.27748588 
200 795 8 10 0.27422333 
439 1146 11 15 0.27357036 
597 1246 10 13 0.27282357 
639 839 8 10 0.27222732 
225 821 9 12 0.27061385 
198 855 8 10 0.26714182 
769 938 10 13 0.26615128 
204 895 12 14 0.265911 
696 1244 12 15 0.26496595 
200 1276 14 18 0.26493537 
701 1012 9 11 0.26300925 
228 904 10 12 0.26174343 
181 1021 10 12 0.26149762 
346 696 9 10 0.26126027 
262 909 11 13 0.26095113 
285 814 9 11 0.26080608 
583 878 9 11 0.25708187 
121 885 10 12 0.25677767 
201 1047 9 11 0.25580105 
790 949 8 11 0.2539419 
6 1054 9 12 0.25334507 
684 1072 10 13 0.2530921 
701 870 8 11 0.25298136 
134 1006 8 11 0.2527403 
78 1310 11 15 0.25078195 
600 1066 10 14 0.25068808 
288 822 8 11 0.25065574 
591 1078 8 11 0.25063932 
716 1217 14 17 0.2497509 
600 1132 9 11 0.24935937 
733 1157 9 13 0.24890208 
476 1014 9 11 0.24855684 
644 935 10 11 0.24717563 
484 1245 14 17 0.24615262 
158 1243 12 14 0.24582212 
557 957 9 12 0.24504358 
207 1007 10 12 0.24343072 
604 1125 10 12 0.2432546 
921 987 10 13 0.2423332 
294 846 10 12 0.24219097 
880 1000 9 11 0.24216765 
671 1234 12 17 0.24045536 
124 879 9 12 0.23864736 
512 1236 12 19 0.23500277 
598 1308 13 17 0.23405807 
744 909 8 10 0.23213126 
617 814 8 10 0.23210377 
580 951 10 12 0.23192808 
161 1068 11 13 0.23139925 
601 990 9 11 0.23085657 
530 702 8 9 0.23021121 
712 856 9 11 0.22909585 
254 1147 10 13 0.22831585 
281 814 7 10 0.22724302 
757 1096 9 11 0.22575223 
687 1205 11 14 0.22479762 
302 814 8 10 0.22460361 
530 997 8 10 0.22456324 
440 1234 11 14 0.22421658 
262 800 8 10 0.22411782 
369 704 8 10 0.22376803 
397 678 8 9 0.22329564 
78 1008 10 11 0.2217876 
273 782 8 10 0.22113396 
677 934 10 12 0.220842 
721 1212 15 17 0.22043055 
63 1335 11 14 0.22037783 
78 1029 9 12 0.21991627 
267 892 10 12 0.21849187 
127 998 8 11 0.21846777 
76 1055 9 13 0.21821804 
729 855 9 11 0.21812049 
207 1034 11 14 0.21789932 
627 695 7 9 0.21730267 
721 1125 9 12 0.21645205 
164 1245 12 14 0.21421553 
185 966 9 11 0.21241428 
396 1146 10 13 0.21157718 
727 860 10 12 0.21094412 
846 959 9 12 0.20956098 
695 806 8 10 0.20928587 
188 1150 12 15 0.20829275 
601 734 9 11 0.20758554 
285 1225 13 16 0.20722084 
127 991 8 11 0.20657162 
228 982 12 14 0.20646623 
164 1179 13 14 0.20643654 
751 918 9 12 0.20636639 
753 1094 9 13 0.20595464 
614 910 7 10 0.20570974 
686 871 10 12 0.20568755 
206 925 9 12 0.2044883 
565 909 9 12 0.20396188 
222 1233 13 17 0.20268565 
254 784 7 10 0.20083342 
150 912 9 12 0.20002423 
294 840 9 10 0.19819315 
693 800 7 9 0.19810142 
169 1030 11 14 0.198036 
287 871 11 13 0.19769692 
525 623 7 9 0.19748163 
69 958 9 11 0.19646715 
654 920 8 10 0.19641332 
725 823 8 11 0.19620164 
97 877 9 11 0.19524296 
287 893 10 12 0.19465424 
629 807 8 10 0.19446924 
702 1265 12 14 0.1931512 
653 925 9 11 0.1928607 
728 848 8 9 0.19201648 
572 864 8 11 0.19188574 
706 895 7 10 0.19179076 
535 1022 11 13 0.19092189 
646 781 8 10 0.19038063 
606 864 9 10 0.19030917 
199 1006 9 12 0.18974696 
161 1046 9 12 0.18964064 
133 1068 10 14 0.18920837 
43 1094 11 15 0.18828675 
673 816 8 11 0.18766142 
655 1054 9 12 0.1870833 
231 783 9 10 0.18680435 
71 1245 10 14 0.18674782 
437 1300 12 15 0.18617925 
96 885 10 12 0.18595357 
266 903 9 11 0.18579644 
724 917 10 13 0.18538119 
653 990 10 12 0.18388256 
39 1281 15 19 0.18360953 
393 1142 10 13 0.18352744 
575 1254 13 16 0.18346599 
622 783 9 10 0.182258 
228 830 9 11 0.18197422 
605 949 8 10 0.18185243 
583 915 9 12 0.18172754 
178 1214 11 16 0.18159676 
536 1044 10 12 0.18139064 
609 1026 10 13 0.18130156 
822 867 8 10 0.18066545 
358 1025 12 15 0.17940332 
128 1228 10 13 0.17875446 
461 1326 14 20 0.17796935 
712 1085 9 11 0.17693588 
628 1229 13 16 0.17688772 
639 885 9 11 0.17534831 
55 1036 9 12 0.17498182 
747 949 8 11 0.17480308 
88 1063 12 15 0.17345618 
664 839 8 10 0.17310278 
192 1063 12 14 0.17249253 
691 839 7 9 0.17199716 
574 869 8 10 0.17172179 
672 880 9 13 0.17153285 
534 696 7 10 0.17108902 
606 879 10 13 0.17091414 
268 1004 11 11 0.17086276 
179 1133 11 13 0.17085287 
223 988 11 14 0.17015809 
351 1022 12 15 0.17003101 
465 717 8 10 0.16950427 
303 848 8 11 0.1674517 
799 966 9 12 0.16702284 
627 1215 10 12 0.16672933 
224 1009 10 12 0.16652085 
640 825 9 11 0.16554487 
406 1011 10 12 0.1654205 
223 816 8 10 0.16499338 
279 1218 13 17 0.16452329 
212 1007 10 11 0.16439128 
831 1085 11 14 0.1643617 
335 727 7 9 0.16429035 
530 807 7 9 0.16392842 
290 1260 11 16 0.16389477 
185 876 10 13 0.16374151 
601 871 9 11 0.16301371 
664 879 9 13 0.16290742 
639 720 7 8 0.16201918 
599 728 7 10 0.16069381 
702 1340 13 16 0.16067678 
104 1253 13 16 0.16065389 
301 806 9 11 0.16061519 
278 878 9 12 0.16055048 
686 863 8 10 0.16036093 
128 952 9 12 0.15981142 
375 663 7 9 0.15959778 
636 1235 12 15 0.15884171 
185 854 9 11 0.15708983 
317 894 8 11 0.15596393 
585 1029 9 11 0.15582855 
493 816 9 11 0.15537636 
158 872 8 10 0.15532064 
663 1135 11 13 0.15489714 
481 678 8 10 0.1543826 
677 879 9 11 0.15433055 
274 847 10 12 0.1541643 
662 820 9 11 0.15378924 
631 875 10 12 0.15356857 
397 716 9 11 0.15312678 
111 917 11 13 0.15171525 
323 1004 12 15 0.15159437 
302 711 7 10 0.15152285 
443 1142 12 15 0.1514639 
318 789 9 10 0.15072797 
585 681 7 9 0.15070152 
646 814 8 10 0.15021522 
601 663 8 10 0.15018149 
657 1313 16 19 0.15008439 
613 1244 11 14 0.14928123 
486 680 8 10 0.14926368 
249 1187 11 14 0.14889741 
95 1200 9 12 0.14884922 
143 916 8 10 0.14881773 
615 726 7 10 0.14807326 
196 1067 10 14 0.14803536 
164 1051 11 13 0.14739498 
247 1044 11 13 0.14725167 
440 1199 11 14 0.14391646 
589 1054 9 13 0.14391509 
678 803 8 11 0.14388613 
236 969 11 15 0.14323065 
213 869 9 12 0.14266874 
337 711 8 10 0.14156292 
592 1230 9 12 0.14136647 
125 1342 11 14 0.1413313 
536 680 7 10 0.14024265 
631 998 9 11 0.14017603 
437 1132 12 16 0.13996738 
45 1323 13 16 0.13991465 
93 1286 14 17 0.13990541 
607 928 9 11 0.1395379 
189 1030 12 14 0.13952151 
469 717 9 11 0.13862257 
526 1125 11 14 0.1380392 
96 1237 11 13 0.13795274 
678 854 8 10 0.13793612 
663 1350 13 13 0.13753583 
112 982 9 11 0.13726196 
310 926 8 12 0.13669555 
605 790 8 11 0.1365564 
284 989 11 15 0.13584399 
732 884 11 12 0.13503145 
24 1074 10 15 0.13455494 
238 928 10 13 0.13449188 
528 678 7 9 0.13428974 
432 702 7 10 0.13428423 
607 903 10 11 0.13424331 
223 1045 10 14 0.13394764 
528 1311 10 14 0.13369572 
7 878 10 12 0.13337854 
891 1023 10 12 0.13291131 
263 1005 11 12 0.13282685 
317 1316 13 15 0.13279815 
688 1021 10 12 0.13276541 
183 894 9 12 0.13244879 
335 1139 12 15 0.13222693 
156 1325 12 15 0.13181403 
785 1093 9 12 0.13137686 
480 1147 11 12 0.1313636 
630 783 8 10 0.13101761 
502 694 7 9 0.13062671 
566 901 9 12 0.130379 
726 828 7 10 0.1303382 
205 933 8 13 0.13024066 
472 1162 12 16 0.13011065 
621 1164 11 14 0.12965146 
648 829 9 10 0.12956093 
77 1258 14 18 0.12952228 
240 856 9 10 0.12945299 
479 663 8 9 0.12934008 
606 1003 8 11 0.12920195 
313 901 9 12 0.12893663 
573 1209 11 14 0.1288903 
296 851 8 11 0.1287192 
84 1206 11 13 0.12713116 
639 765 7 9 0.12711252 
330 773 8 9 0.12590739 
3 1254 12 15 0.12486441 
700 838 9 11 0.12464417 
726 816 8 10 0.12422247 
318 1237 12 16 0.12375637 
380 1212 14 18 0.123490974 
216 768 9 11 0.12313418 
518 607 7 8 0.12297867 
278 1143 10 14 0.122974075 
255 1020 13 15 0.12258795 
506 800 8 11 0.12244289 
661 798 8 11 0.1219447 
887 877 9 12 0.12194032 
129 1004 9 11 0.1216102 
664 761 7 9 0.12155115 
591 710 7 9 0.12121082 
432 1134 10 14 0.12115411 
728 894 9 11 0.12106666 
623 1191 12 15 0.12101006 
693 879 8 10 0.12052146 
176 1086 11 13 0.12048744 
695 813 9 10 0.120243676 
617 759 8 10 0.12017856 
744 1087 9 11 0.12009661 
478 1124 11 13 0.11980846 
705 878 8 10 0.11917229 
287 1025 12 16 0.119056106 
281 807 9 11 0.11885622 
229 933 9 11 0.118829034 
402 1014 9 10 0.11858745 
181 1244 14 16 0.11795648 
625 807 8 10 0.11772474 
205 956 8 12 0.1175407 
256 789 7 10 0.117241085 
200 936 10 12 0.1169106 
790 1095 8 12 0.11682621 
640 742 8 10 0.11674499 
90 1094 9 14 0.11670927 
533 728 8 11 0.116680495 
142 1096 10 13 0.11651234 
175 1062 10 11 0.116445 
602 854 8 11 0.11562727 
172 1169 14 17 0.11558471 
328 816 8 10 0.115453035 
642 808 7 9 0.11538365 
515 1138 14 17 0.11506448 
646 808 8 10 0.11465665 
598 704 8 11 0.1146319 
599 933 9 12 0.11435046 
521 1260 10 14 0.114193924 
611 1069 12 14 0.11411395 
794 1344 17 18 0.113907024 
725 1118 9 12 0.11389625 
686 1199 10 14 0.113820136 
86 1157 9 12 0.11381055 
440 647 7 10 0.11374961 
542 885 12 15 0.11369567 
236 1028 9 12 0.113584906 
327 797 7 10 0.11353591 
632 790 7 9 0.113431476 
759 1125 10 13 0.113356635 
662 863 8 10 0.11321089 
627 1244 11 13 0.11316431 
648 743 8 9 0.11315887 
216 974 9 12 0.11312537 
361 775 8 10 0.112651244 
619 1125 11 14 0.112475 
52 1141 9 12 0.11230569 
45 972 8 10 0.11223413 
326 845 10 11 0.11217746 
584 828 8 10 0.11211735 
231 1342 11 14 0.11205373 
192 911 7 11 0.111781105 
87 1196 9 12 0.11107485 
178 988 10 14 0.11097988 
325 995 13 17 0.11083763 
672 743 7 8 0.110586435 
845 856 9 11 0.110534474 
551 694 7 10 0.11047173 
232 862 8 10 0.10971439 
205 918 9 11 0.109688506 
679 938 10 13 0.10968186 
270 986 11 14 0.10965256 
637 1109 11 12 0.109471776 
238 876 10 13 0.10946734 
244 1002 11 14 0.10887615 
768 957 8 10 0.10882607 
287 736 6 8 0.10878681 
370 632 7 10 0.108425744 
280 799 7 9 0.10827327 
581 767 7 9 0.10824229 
693 824 9 10 0.10819984 
119 893 8 11 0.10796937 
604 1132 9 12 0.107902616 
570 991 8 10 0.10785957 
633 720 7 9 0.107707836 
662 815 9 11 0.10738573 
177 820 8 11 0.10720251 
531 937 12 15 0.10659347 
583 686 7 8 0.10657833 
238 1014 9 12 0.10655154 
601 904 8 11 0.10610711 
119 1086 13 16 0.10585625 
737 903 8 11 0.10562563 
176 1069 9 12 0.10483607 
405 1190 10 13 0.10411895 
304 862 8 10 0.10410342 
293 791 8 10 0.10392027 
350 744 8 9 0.10382456 
689 823 8 10 0.10349457 
199 1179 14 17 0.10319477 
31 1075 10 13 0.10289133 
271 823 9 10 0.102890365 
268 1020 10 14 0.10286069 
93 1348 15 17 0.10260981 
492 1199 11 15 0.10230965 
205 791 9 11 0.102254495 
646 910 8 10 0.10208662 
791 893 11 14 0.10205641 
222 928 10 12 0.101872146 
646 758 8 10 0.10187195 
588 865 8 10 0.10170581 
437 703 8 11 0.10167556 
152 1242 10 14 0.10163972 
590 1059 10 12 0.101582706 
687 680 8 10 0.101449914 
143 998 8 10 0.10133382 
568 998 9 11 0.10122693 
722 847 7 9 0.10076357 
697 863 9 11 0.10070654 
81 1211 12 15 0.10057968 
695 831 9 11 0.10039022 
182 974 9 11 0.10028617 
214 877 8 11 0.100263014 
230 919 8 10 0.0996504 
678 822 8 10 0.09960456 
100 1244 14 16 0.09950202 
287 753 7 9 0.09945411 
72 1059 10 13 0.09942132 
608 1206 11 13 0.09927139 
177 1127 10 12 0.09916046 
15 1050 11 15 0.09899618 
223 1039 9 12 0.098915644 
686 856 8 11 0.098904565 
527 551 10 13 0.098527245 
682 863 8 10 0.09827504 
278 776 7 10 0.09768568 
103 910 9 11 0.097541615 
543 868 8 10 0.09747464 
229 1007 9 11 0.09727201 
29 1338 13 20 0.09704988 
646 824 10 11 0.09632875 
367 1210 10 14 0.09595964 
664 807 7 9 0.09591102 
328 852 8 12 0.09571573 
184 1027 11 13 0.09558195 
392 666 7 8 0.095476426 
464 679 8 11 0.09537544 
865 877 8 11 0.09500399 
102 942 12 15 0.094853796 
364 1027 10 13 0.094756275 
118 1079 9 11 0.094665505 
625 912 9 11 0.09453681 
647 751 8 10 0.09448056 
257 800 9 11 0.09437322 
633 776 8 10 0.094352536 
526 1126 22 27 0.0942422 
744 894 9 10 0.09422464 
609 1076 9 13 0.09420329 
654 743 6 9 0.094191186 
99 1021 9 12 0.094161816 
724 1143 11 13 0.09386339 
605 1068 12 15 0.09381456 
214 785 8 10 0.09380679 
631 1005 9 12 0.09380624 
592 1237 10 13 0.09373494 
783 1291 12 13 0.093718655 
376 720 8 10 0.09346255 
624 725 8 10 0.09341478 
744 863 8 10 0.09338448 
292 892 9 13 0.0930665 
254 805 8 10 0.09194589 
668 1157 10 12 0.09188496 
239 871 11 12 0.09127246 
222 846 10 12 0.091188155 
257 760 7 8 0.091159135 
713 1236 10 13 0.09112875 
526 1148 11 14 0.09097648 
725 1111 8 10 0.090862006 
94 1074 10 13 0.09044456 
883 1200 10 12 0.09041748 
623 1156 13 15 0.09035191 
111 988 9 12 0.09026903 
110 899 10 13 0.09022256 
707 1100 10 12 0.08999606 
784 998 8 10 0.089835845 
256 913 10 12 0.08962981 
290 791 7 10 0.089541584 
626 701 7 9 0.089530624 
310 822 8 10 0.08939382 
610 711 7 9 0.08931639 
597 752 8 10 0.089272246 
575 671 7 9 0.08907022 
305 832 9 11 0.08905907 
277 926 9 11 0.08863022 
143 991 7 10 0.088544905 
630 700 7 10 0.088421896 
488 712 7 9 0.08835755 
265 823 7 9 0.08804533 
697 903 7 9 0.08788305 
648 926 10 12 0.08750983 
320 713 8 9 0.087464646 
662 900 8 11 0.08743626 
223 916 9 11 0.08739274 
293 1219 11 15 0.08723406 
573 987 10 12 0.08722394 
556 1207 9 12 0.08716278 
711 1094 10 12 0.086832896 
232 885 9 11 0.08682145 
551 503 7 9 0.08674685 
641 712 7 8 0.08662969 
438 1294 13 16 0.08646729 
444 966 14 18 0.08591318 
586 711 7 9 0.08563342 
232 880 9 11 0.085391104 
744 887 8 10 0.085266516 
311 727 7 9 0.085258655 
638 799 7 9 0.084977135 
746 1190 11 16 0.084913306 
321 717 7 9 0.084669985 
335 703 7 9 0.084663175 
257 867 10 12 0.084566385 
320 1186 11 13 0.08452118 
701 1238 10 15 0.08449357 
285 808 8 10 0.084299296 
135 1094 9 13 0.084226854 
191 1141 12 15 0.08418035 
198 1240 11 16 0.08389746 
160 1181 12 14 0.08379933 
654 840 9 11 0.08360327 
76 1247 11 14 0.083509505 
590 823 9 11 0.08347849 
326 751 8 10 0.08345102 
553 711 8 9 0.08309001 
841 1016 8 9 0.08307322 
664 1244 11 13 0.082829684 
127 963 9 11 0.08251554 
479 670 8 10 0.08237892 
750 911 7 10 0.08210809 
434 1228 11 14 0.081832275 
198 956 11 13 0.08165993 
102 967 8 11 0.08137702 
365 775 8 10 0.08133999 
368 720 6 10 0.08117835 
586 789 8 11 0.080998376 
117 981 8 10 0.08097251 
0 1099 9 13 0.0808639 
272 880 8 11 0.080855705 
607 892 9 12 0.08079655 
351 959 10 12 0.08062997 
591 1142 10 12 0.080628484 
183 861 10 12 0.080590986 
273 925 9 12 0.08058759 
439 1128 10 12 0.08053794 
86 980 9 11 0.08038834 
6 873 9 11 0.0802914 
640 761 8 10 0.08028012 
147 1101 13 15 0.08014236 
327 744 8 9 0.07984822 
622 744 9 11 0.07984736 
305 801 8 10 0.0796914 
277 1176 13 15 0.07953248 
272 1140 9 13 0.07951225 
598 1038 10 13 0.07950765 
319 831 8 10 0.07937575 
105 915 9 12 0.0793461 
616 750 10 11 0.07912158 
677 886 8 10 0.07900269 
337 718 8 10 0.07898358 
593 704 8 11 0.07890806 
620 1118 11 13 0.07887465 
576 743 7 10 0.078804195 
225 1023 9 12 0.07874793 
719 860 9 13 0.078711495 
230 1046 11 16 0.07863852 
336 855 8 11 0.07862733 
592 1200 10 13 0.07860746 
675 1177 14 17 0.07854011 
333 918 10 12 0.07853548 
510 998 10 13 0.078516535 
686 684 8 10 0.07842333 
149 1018 10 13 0.07841402 
609 908 9 12 0.07837274 
652 830 9 10 0.07826887 
82 1275 11 17 0.0782413 
397 1205 9 13 0.07823348 
636 956 10 13 0.07806772 
819 1062 9 11 0.078021 
290 840 9 10 0.07789573 
351 781 8 10 0.07778451 
174 1104 11 13 0.07772714 
663 936 9 12 0.07765932 
360 678 8 9 0.077645 
69 1269 13 17 0.07762061 
656 895 8 10 0.07761787 
530 1138 15 18 0.07757725 
119 965 7 9 0.077536725 
602 798 9 11 0.07742022 
556 1212 9 13 0.07740984 
584 883 9 11 0.077363305 
444 1133 12 15 0.07735154 
710 1225 12 16 0.0773333 
535 910 8 11 0.077289104 
426 701 8 11 0.07721881 
591 880 8 11 0.07715958 
235 1021 11 14 0.07715285 
204 911 9 12 0.07714904 
632 744 7 10 0.07711086 
191 1133 11 13 0.07710986 
519 574 7 10 0.077051185 
297 814 8 11 0.07703607 
306 821 8 10 0.077021405 
662 1254 13 16 0.07698313 
262 830 9 12 0.076872036 
309 1314 15 19 0.076809056 
177 1138 11 13 0.07679377 
542 1109 12 16 0.07665285 
400 1249 12 15 0.07656467 
236 1204 15 18 0.076562844 
599 655 7 9 0.076552555 
32 830 10 12 0.076448694 
32 1226 10 14 0.076435566 
166 1043 11 15 0.076150954 
510 615 8 10 0.07610652 
615 965 8 11 0.076082885 
556 1134 12 15 0.07564668 
294 783 9 10 0.07548277 
624 720 9 11 0.07540287 
622 750 8 10 0.07517957 
311 919 9 12 0.07511363 
649 891 8 11 0.075089134 
637 988 9 11 0.07506553 
202 975 9 12 0.0750262 
84 1190 11 15 0.075018756 
127 1120 12 15 0.07493513 
694 885 9 10 0.07490215 
623 980 9 11 0.07478403 
497 725 8 11 0.074683234 
288 828 8 10 0.07464079 
607 846 8 10 0.07452344 
15 1094 12 16 0.07451632 
584 703 8 10 0.07450196 
466 712 7 11 0.07448084 
606 838 8 11 0.07446758 
601 669 8 10 0.07445165 
146 855 8 10 0.07434127 
602 740 8 10 0.07433765 
529 801 7 8 0.074311726 
292 912 10 12 0.07427396 
881 878 10 11 0.0741859 
695 1005 9 12 0.07406403 
830 1080 10 12 0.07405627 
153 1188 10 14 0.07401127 
152 870 9 12 0.0737857 
616 744 10 10 0.073689215 
334 680 8 9 0.07345082 
255 1067 12 15 0.07343842 
657 784 7 8 0.07336205 
526 1068 10 12 0.07312596 
529 1029 10 12 0.07308998 
428 1306 14 18 0.07289351 
767 951 9 11 0.07281422 
345 1085 10 13 0.07267494 
296 798 8 10 0.07244432 
334 686 7 9 0.07226464 
499 1210 11 14 0.072182074 
42 968 8 10 0.07217276 
531 1147 12 13 0.07211789 
575 688 8 9 0.07179583 
635 1076 14 16 0.07172369 
615 820 9 12 0.071691796 
253 839 9 12 0.07166426 
581 852 10 12 0.07161984 
277 782 7 10 0.07160595 
120 999 8 11 0.071559824 
158 995 10 12 0.07152408 
578 877 9 12 0.0713428 
584 718 8 10 0.071329065 
327 839 9 12 0.07129958 
394 712 9 10 0.07125084 
232 856 9 11 0.07121729 
696 870 9 11 0.07112601 
287 864 10 12 0.07103185 
81 1154 10 13 0.07093902 
844 1282 11 15 0.070934236 
229 1205 12 15 0.07091478 
520 672 8 10 0.070883624 
814 1321 16 21 0.0708072 
624 1012 10 12 0.07080362 
171 1243 14 17 0.0706754 
834 1100 9 12 0.07062921 
255 895 9 11 0.07052531 
108 1199 12 13 0.07050362 
235 959 11 14 0.07049429 
432 989 10 14 0.0704774 
314 735 7 9 0.070444606 
121 960 7 10 0.0703873 
425 696 8 11 0.070314035 
627 1221 11 14 0.07031363 
278 791 7 9 0.070269294 
633 799 7 9 0.07026391 
375 725 8 10 0.07022885 
471 735 8 11 0.069952875 
159 1062 11 13 0.06993536 
329 728 8 9 0.06990159 
145 1015 10 13 0.06990041 
376 1023 9 10 0.06988888 
837 871 9 12 0.0697294 
465 684 8 11 0.06971941 
792 964 9 11 0.06971608 
360 686 8 10 0.06966126 
574 694 8 10 0.06956075 
288 1154 13 16 0.06949566 
613 928 10 13 0.06944401 
613 904 8 11 0.06918472 
288 1070 10 13 0.06909231 
525 495 8 10 0.06903465 
646 904 9 11 0.069003046 
817 864 10 12 0.06887914 
23 1338 13 18 0.06878949 
62 1251 11 14 0.068671584 
938 1156 10 13 0.068614066 
535 877 9 12 0.06853485 
313 1251 10 15 0.06847185 
208 1102 9 12 0.06830172 
605 734 8 11 0.06824892 
280 862 9 11 0.06820735 
376 656 7 10 0.06816364 
329 696 7 9 0.068121076 
85 894 8 11 0.06811923 
260 988 11 13 0.06792171 
600 929 10 12 0.06790376 
3 1342 11 14 0.06786689 
583 871 9 9 0.067859344 
231 927 10 12 0.067765094 
857 1054 10 12 0.06770273 
114 1210 13 17 0.067685544 
688 830 8 11 0.06768104 
579 918 9 12 0.067673415 
375 709 7 9 0.06757061 
544 622 7 9 0.06751706 
560 1006 9 12 0.0674857 
221 854 9 11 0.067424275 
664 765 6 9 0.067386955 
511 632 7 10 0.06735806 
252 1341 16 19 0.067268305 
286 926 9 10 0.06718294 
150 974 9 10 0.06709051 
190 849 9 10 0.06708174 
748 942 11 15 0.06702028 
475 662 8 10 0.06699568 
415 640 7 10 0.066956796 
204 1047 12 14 0.06686604 
269 1014 11 13 0.06682844 
158 909 9 12 0.06676605 
613 884 10 12 0.066680774 
608 688 7 9 0.066591516 
462 956 10 13 0.06654667 
126 1051 9 13 0.06649707 
533 1244 10 14 0.06648169 
141 980 9 12 0.06637118 
138 917 9 11 0.066283375 
689 815 7 9 0.066160694 
194 1007 10 12 0.06588454 
403 1261 14 17 0.06570535 
151 887 9 11 0.065639205 
463 1103 7 10 0.065367036 
264 999 12 14 0.06515475 
590 1220 10 13 0.065064155 
553 1248 8 11 0.06505165 
721 840 8 10 0.06496264 
303 776 8 10 0.064958125 
270 1133 9 13 0.06484357 
361 720 8 10 0.064804144 
614 711 8 9 0.06479796 
724 1132 12 13 0.06477898 
639 879 8 11 0.06477236 
44 1069 10 13 0.06468395 
132 1118 11 13 0.06460617 
115 1060 11 15 0.064584434 
671 830 9 10 0.06458321 
615 696 7 8 0.064570464 
719 1207 13 16 0.06448931 
626 1023 10 12 0.06447054 
623 1229 11 14 0.06430883 
169 936 10 12 0.06409067 
590 679 7 9 0.06406887 
536 871 9 11 0.063984625 
327 757 8 10 0.06388111 
667 1252 15 18 0.06388108 
373 705 7 10 0.06385182 
684 1230 13 16 0.06345122 
679 1263 11 15 0.0634258 
681 871 9 11 0.06338146 
570 1198 11 14 0.06333994 
260 1066 11 15 0.063232355 
334 696 7 9 0.06322945 
609 694 7 9 0.06301717 
113 1012 10 12 0.06295588 
680 830 8 10 0.06287629 
335 814 7 10 0.06278037 
583 696 8 9 0.06276597 
600 847 9 11 0.06271072 
318 736 6 9 0.062467527 
231 1038 11 13 0.06239098 
584 1072 10 12 0.062377956 
689 884 9 11 0.06232733 
669 840 8 10 0.06231974 
917 1046 8 11 0.062282454 
787 1229 11 15 0.06206821 
615 917 8 10 0.06204946 
183 849 9 11 0.061970104 
783 1030 7 10 0.06195655 
660 1336 13 17 0.061954662 
657 1133 10 11 0.061949823 
815 966 8 10 0.061876774 
614 853 9 10 0.061854925 
664 685 8 11 0.061749525 
869 878 8 10 0.061734863 
606 1245 12 15 0.061682325 
162 1188 15 17 0.061572023 
608 1037 10 14 0.06150296 
277 983 11 15 0.061305743 
179 1226 13 15 0.061293263 
529 1313 15 21 0.061258957 
608 775 7 10 0.061192356 
639 737 9 10 0.061191257 
230 943 11 12 0.061189517 
558 822 8 11 0.061183788 
33 1091 12 15 0.06115398 
473 697 9 11 0.061019685 
288 887 10 12 0.060988355 
0 1326 11 18 0.060966413 
326 1184 12 15 0.06089646 
533 992 8 12 0.060823105 
417 1129 8 10 0.060688417 
119 942 8 11 0.060659353 
760 1190 13 17 0.060631808 
519 980 10 12 0.060604323 
762 832 7 9 0.06058461 
622 813 8 11 0.060458265 
666 1325 13 16 0.06042708 
702 812 7 10 0.060379293 
608 1085 10 12 0.06031362 
137 927 8 10 0.060313355 
632 951 10 11 0.060312625 
311 1151 9 12 0.060233682 
606 854 8 11 0.060203552 
597 766 8 10 0.06015021 
119 1019 9 11 0.06007584 
473 1126 9 11 0.059967704 
836 1053 8 11 0.05981896 
49 1047 9 12 0.059790593 
313 790 8 10 0.05978172 
377 1224 10 15 0.059529312 
166 1022 11 14 0.05952547 
569 678 8 9 0.059506938 
576 956 9 12 0.059466105 
754 1260 13 16 0.059444565 
660 1055 10 13 0.059386645 
360 662 7 9 0.059351 
646 861 9 12 0.059249464 
337 860 8 10 0.059246086 
671 761 8 10 0.05921485 
304 752 6 8 0.059031673 
609 718 8 10 0.058970883 
295 941 9 11 0.05897013 
693 1105 11 13 0.05896895 
609 1092 8 11 0.05893145 
621 759 8 9 0.05884507 
87 1284 12 17 0.05882955 
199 860 9 11 0.05881915 
255 1253 12 18 0.058761038 
717 1157 10 13 0.05875126 
642 1091 13 16 0.058707952 
398 1197 9 12 0.058689088 
663 1075 10 12 0.058617506 
527 630 8 9 0.058508057 
537 884 11 14 0.058505513 
113 1076 10 12 0.058477495 
108 1242 15 17 0.058466576 
52 1218 12 16 0.058453973 
725 1251 11 16 0.05844177 
430 1006 8 10 0.058288492 
248 839 9 12 0.058070835 
326 1172 12 16 0.057804935 
161 1262 15 17 0.05780179 
131 955 10 14 0.05760597 
158 980 8 10 0.057562593 
489 1210 11 14 0.057522394 
225 958 11 12 0.057520308 
599 876 10 12 0.05750359 
226 838 10 12 0.05748421 
244 1202 14 20 0.057302915 
462 1126 9 10 0.057294913 
625 689 7 9 0.0572596 
283 753 7 10 0.05724241 
187 1242 13 16 0.05719859 
317 909 9 12 0.05707046 
533 749 8 10 0.056973234 
238 838 10 12 0.056936137 
88 1039 11 14 0.056890327 
673 927 9 10 0.056880947 
250 788 8 10 0.05676368 
206 1068 10 13 0.056701835 
149 862 9 11 0.056687232 
866 873 7 9 0.05666173 
623 776 8 10 0.05663582 
616 774 8 10 0.056613065 
260 1012 12 13 0.056425743 
184 885 9 12 0.056416225 
636 965 10 12 0.056394838 
844 1333 12 17 0.056382373 
37 1263 13 17 0.05634461 
843 986 13 16 0.056291595 
247 854 8 11 0.056133408 
21 1057 12 15 0.056115698 
444 1127 10 12 0.056109 
662 784 7 9 0.05583415 
728 869 10 12 0.055602558 
786 1005 9 12 0.055598628 
657 899 10 13 0.055588055 
54 1133 9 13 0.05539545 
231 758 7 9 0.05534734 
81 1195 11 14 0.055282466 
636 949 11 13 0.055217426 
312 1155 11 14 0.05513679 
668 1147 14 16 0.05508108 
36 1225 13 16 0.055034444 
686 902 8 11 0.055012308 
53 1332 12 16 0.054983556 
920 848 8 9 0.054841436 
560 760 7 10 0.054802004 
760 838 8 10 0.05480022 
775 1309 19 22 0.054780472 
214 999 11 12 0.054652195 
725 924 10 13 0.054247443 
656 878 10 12 0.054203495 
617 664 8 10 0.05416336 
672 737 6 8 0.054146294 
660 1069 11 13 0.054125592 
631 750 7 9 0.05409294 
209 864 9 12 0.054070745 
252 1136 11 13 0.05400476 
702 705 8 10 0.053930316 
273 920 9 11 0.0539024 
716 1226 13 16 0.05386622 
632 942 10 11 0.053808626 
633 760 8 9 0.05372799 
280 870 10 12 0.053712912 
54 1014 8 11 0.053696197 
588 917 8 11 0.0536502 
97 972 9 12 0.053518668 
721 1170 12 15 0.05345385 
662 1164 12 15 0.05339996 
502 689 7 9 0.05338051 
703 965 9 11 0.05335283 
570 694 7 9 0.053299386 
2 1056 9 13 0.053252958 
829 1069 9 10 0.053233273 
536 685 7 9 0.0532212 
73 1314 13 16 0.05320274 
631 975 10 12 0.05316875 
672 806 8 10 0.053097066 
107 1297 13 15 0.052987635 
113 1068 10 13 0.052955274 
665 1285 14 17 0.05288673 
358 1205 13 18 0.052773196 
350 688 8 9 0.05273379 
430 697 7 10 0.052700713 
352 777 7 9 0.052663304 
545 695 7 10 0.05264353 
70 1045 10 13 0.05264217 
615 828 9 12 0.05257958 
164 1237 13 16 0.05257015 
277 933 10 12 0.052570052 
734 847 7 10 0.052531477 
282 758 6 8 0.05251497 
248 1020 10 13 0.052372552 
311 719 7 8 0.052367296 
231 870 9 10 0.052355383 
680 894 8 11 0.05232998 
520 1124 11 14 0.052308794 
247 1052 11 13 0.052280933 
658 871 7 10 0.052246388 
374 669 7 10 0.052210607 
654 736 7 9 0.0521046 
693 1094 11 14 0.05207012 
582 647 7 8 0.052035365 
601 688 8 9 0.052026037 
366 655 7 9 0.051997356 
330 1140 10 14 0.051987197 
206 1000 10 12 0.05198436 
741 1292 13 17 0.05194341 
319 743 7 8 0.051805213 
823 1057 7 10 0.051764965 
235 1339 12 16 0.051723577 
654 885 8 10 0.051711846 
402 1008 8 10 0.051647063 
50 1242 13 16 0.051629357 
158 1248 14 17 0.051621325 
652 1158 10 12 0.051540032 
712 1242 10 14 0.051521875 
614 719 9 12 0.051514603 
274 789 8 9 0.051464558 
846 1227 11 13 0.05135306 
641 843 9 13 0.05133608 
734 1152 10 13 0.051269185 
400 1191 10 12 0.051221345 
32 1086 10 13 0.05120077 
426 996 9 12 0.051199365 
358 957 9 12 0.05114689 
551 823 9 10 0.051098954 
611 1035 12 14 0.0510486 
238 860 9 11 0.05102765 
401 788 9 13 0.051015817 
502 652 8 10 0.05099988 
94 1160 14 17 0.050973497 
718 1252 12 17 0.050962146 
303 1228 11 13 0.050906926 
606 743 8 10 0.050876558 
656 822 9 11 0.050874997 
582 1244 10 14 0.05083949 
220 973 11 13 0.050832972 
221 1093 8 11 0.0507564 
553 718 9 11 0.05068499 
424 734 8 10 0.05062007 
732 860 9 11 0.0505962 
103 1199 9 12 0.05057877 
199 1000 11 13 0.050556265 
615 703 7 9 0.050529037 
31 1101 11 14 0.05048205 
518 688 7 9 0.05037213 
634 766 9 10 0.050315976 
335 838 9 12 0.050274096 
662 870 8 10 0.050235536 
553 678 8 9 0.050234698 
639 1168 11 14 0.050192762 
54 1160 9 13 0.050168376 
233 742 7 10 0.050125968 
589 911 7 11 0.05008758 
689 955 11 14 0.050005406 
150 967 9 11 0.049903918 
577 703 8 9 0.049698547 
688 951 9 12 0.049695816 
505 622 7 9 0.04958893 
596 756 8 11 0.04948929 
628 1012 11 13 0.0493455 
661 1182 13 17 0.049324792 
567 960 10 12 0.049286958 
46 1181 11 14 0.04923707 
432 708 8 10 0.049225952 
416 645 8 10 0.04921699 
401 1172 10 14 0.049153093 
569 1015 10 14 0.049139187 
197 1037 12 14 0.04901801 
470 601 8 8 0.049008925 
169 949 10 13 0.04899417 
201 1052 10 13 0.048977863 
388 1210 12 17 0.048968736 
668 1164 11 12 0.048921928 
720 1281 12 16 0.048794225 
577 664 7 9 0.04873111 
601 838 9 12 0.048693445 
365 791 8 11 0.048642766 
502 599 7 10 0.04858451 
119 1041 11 12 0.04852849 
237 893 8 11 0.04849323 
499 1325 13 17 0.048463713 
648 841 9 11 0.048460964 
316 1152 9 12 0.048424914 
449 662 8 10 0.04842347 
574 975 9 11 0.04836229 
132 951 10 12 0.048318297 
230 1013 10 11 0.048310656 
206 1118 10 13 0.048186425 
636 894 9 10 0.04815362 
648 791 7 8 0.048126675 
68 1338 13 17 0.0481165 
757 1015 9 12 0.04808475 
521 648 7 10 0.04777707 
641 775 7 10 0.047701616 
142 1238 11 15 0.047661863 
593 776 7 8 0.04760818 
566 781 8 11 0.047603834 
551 852 12 15 0.0475481 
175 1076 11 15 0.047512937 
41 1268 13 17 0.04750763 
459 1333 15 21 0.047503937 
273 836 8 11 0.047467593 
886 873 9 11 0.047451984 
277 1006 9 10 0.047432587 
623 1235 11 16 0.04742122 
360 796 8 10 0.047363527 
297 744 7 9 0.047303554 
225 879 8 10 0.047293264 
15 1337 12 17 0.04725871 
608 1233 12 15 0.04725758 
615 688 6 9 0.047234524 
574 1192 12 16 0.047216497 
704 899 8 11 0.04719923 
456 731 9 11 0.047186986 
695 672 8 10 0.047179356 
0 1273 10 14 0.04713858 
577 647 7 9 0.047135692 
693 1020 10 13 0.047126524 
345 782 8 10 0.047070518 
253 1194 11 16 0.047039777 
144 1109 13 16 0.047023036 
615 736 7 8 0.04702125 
62 972 9 10 0.046916407 
710 1251 13 17 0.046873935 
134 1148 10 14 0.046820585 
99 1028 11 14 0.046779044 
313 752 7 9 0.04672907 
343 815 8 10 0.046705335 
280 995 11 13 0.046669282 
103 956 9 10 0.046571042 
201 448 6 8 0.046511747 
281 894 9 11 0.046446625 
714 718 8 10 0.046432234 
596 1075 11 13 0.046298787 
733 894 9 11 0.046289988 
558 815 8 10 0.04627467 
552 688 8 10 0.04624073 
567 896 9 12 0.04622598 
71 1330 13 17 0.046221387 
244 1325 16 20 0.04620991 
225 861 8 11 0.046203747 
708 1279 12 14 0.04615834 
32 824 9 11 0.04607952 
321 751 7 9 0.046064265 
329 702 6 9 0.04598888 
615 1120 10 13 0.045931034 
695 1122 10 12 0.045887414 
606 632 7 9 0.045863803 
433 1078 8 10 0.0458304 
303 783 9 10 0.04582312 
367 671 8 10 0.045796536 
86 900 8 12 0.04578565 
666 845 9 11 0.0457659 
454 1134 11 13 0.04573187 
543 1053 8 11 0.045724437 
246 1109 9 14 0.045706984 
435 987 14 16 0.045698624 
296 751 7 8 0.045589183 
330 734 8 9 0.045554068 
140 1166 14 16 0.045538884 
558 966 10 13 0.04537104 
863 852 8 11 0.04529677 
703 910 8 11 0.04525897 
320 1009 10 14 0.045242034 
325 792 9 11 0.04522922 
111 959 8 10 0.045221668 
631 671 7 9 0.045138046 
171 939 11 13 0.045092877 
701 1250 12 15 0.045069885 
181 1103 11 13 0.045062788 
574 999 9 11 0.04502454 
374 1213 12 16 0.04501262 
610 919 8 9 0.044988785 
687 1014 11 15 0.044947963 
702 844 8 11 0.044931993 
749 894 8 10 0.044907186 
686 1118 12 15 0.044844512 
642 782 7 9 0.0447975 
133 1230 9 12 0.044762507 
291 1227 11 13 0.04474356 
554 952 9 12 0.0447032 
698 719 8 11 0.04469982 
187 910 8 10 0.044643514 
613 1016 10 12 0.04461928 
724 1245 11 15 0.04453453 
489 766 7 10 0.044523768 
329 878 10 12 0.044433683 
12 879 9 11 0.04441481 
818 946 10 12 0.044373445 
935 1151 11 13 0.044339288 
876 1173 10 13 0.044264637 
282 1185 12 16 0.044237662 
606 783 7 10 0.04416188 
94 1086 10 14 0.04412366 
796 1008 10 12 0.044108853 
608 1223 10 13 0.044052675 
613 1211 10 12 0.043989476 
284 1232 14 18 0.04395715 
607 679 8 9 0.043953687 
703 1151 11 14 0.043912362 
470 1093 8 10 0.043892466 
216 926 10 11 0.04383961 
680 1204 12 15 0.043819886 
554 964 10 12 0.043748457 
677 848 9 11 0.043673333 
591 869 8 10 0.0436304 
805 1047 8 11 0.04354994 
885 1005 10 12 0.043548148 
593 1037 9 12 0.043531127 
681 900 9 12 0.043529294 
133 1139 11 15 0.043505926 
679 838 8 10 0.04350578 
267 909 10 12 0.043494552 
397 672 7 10 0.04348278 
127 1235 10 14 0.043470792 
559 678 7 9 0.04342253 
497 687 8 10 0.043388598 
752 958 8 10 0.0433355 
663 727 7 9 0.043332066 
649 800 8 9 0.043326374 
422 1132 10 12 0.043281194 
142 886 10 12 0.043205496 
632 931 10 12 0.043197643 
632 736 7 9 0.043142952 
182 870 12 14 0.043138616 
137 1178 12 14 0.043128595 
743 1092 10 12 0.043087315 
461 726 8 10 0.04304731 
640 1038 10 14 0.042985663 
391 1205 12 15 0.042979836 
623 878 10 12 0.04295861 
55 1119 8 11 0.042946372 
489 836 9 13 0.042946097 
152 1298 14 16 0.0429196 
122 1195 12 16 0.042914443 
462 734 9 10 0.042899277 
694 677 8 10 0.042882197 
496 703 8 10 0.042848296 
313 909 9 12 0.04281551 
536 1051 10 13 0.04278949 
124 1209 13 16 0.042788543 
250 946 11 14 0.042780653 
360 725 8 10 0.042769194 
839 860 9 12 0.042766333 
559 830 8 11 0.042765092 
904 1179 11 14 0.042730197 
237 886 9 11 0.042721543 
36 1342 16 19 0.042713434 
943 1169 13 18 0.042692754 
580 982 9 11 0.04256264 
520 614 9 11 0.04255486 
471 725 8 10 0.042531308 
519 653 8 9 0.042370286 
872 1291 14 18 0.042256746 
329 687 8 9 0.04222637 
535 671 7 9 0.04219647 
569 718 7 9 0.04217364 
208 876 10 11 0.04208169 
624 788 7 10 0.042074263 
740 1149 10 13 0.042059366 
840 1038 8 11 0.04205408 
318 775 9 11 0.042050343 
838 877 9 10 0.04197865 
496 560 9 10 0.041951813 
152 996 9 11 0.041888863 
143 1143 13 16 0.041888487 
302 744 7 8 0.041888207 
344 759 9 11 0.04187003 
296 1213 11 15 0.041833203 
646 881 9 11 0.04182145 
655 1183 12 15 0.041815355 
150 1092 10 14 0.041810974 
512 671 7 10 0.041739408 
638 927 9 12 0.041730992 
345 749 8 10 0.04167211 
341 711 8 11 0.041649684 
160 1013 9 12 0.041619033 
342 831 7 10 0.041582134 
161 1008 8 11 0.041528784 
273 816 8 10 0.0415226 
237 1046 11 14 0.041471276 
561 640 7 9 0.04141304 
574 1091 10 12 0.04138655 
242 816 9 11 0.041348696 
51 1207 11 14 0.041348085 
696 842 9 12 0.04134637 
527 1244 11 16 0.04134217 
893 878 7 10 0.041339003 
553 672 7 10 0.041335467 
624 711 6 9 0.041200515 
366 695 8 11 0.04117286 
760 1315 18 22 0.041133285 
717 1243 12 14 0.041118693 
725 933 9 11 0.04109753 
589 1024 9 13 0.041080434 
196 965 11 12 0.041059043 
727 971 10 14 0.041038323 
652 1141 11 15 0.04102177 
535 1017 9 12 0.040981837 
540 1124 14 18 0.040972658 
306 728 7 8 0.040953636 
585 784 8 10 0.040936552 
743 1165 9 12 0.040827956 
896 1125 8 10 0.040827934 
655 910 9 12 0.04082394 
487 718 8 10 0.040660836 
705 886 8 10 0.04064685 
614 953 9 11 0.0406362 
110 1047 12 14 0.040631346 
471 606 8 9 0.040623263 
74 933 8 11 0.04060799 
470 712 8 10 0.040597387 
465 600 7 10 0.040590085 
346 1134 11 13 0.040575176 
448 622 8 10 0.04049249 
255 820 8 11 0.04042679 
530 731 10 13 0.040392756 
622 887 8 10 0.040339395 
430 631 8 10 0.040333625 
724 1225 11 15 0.040318437 
609 728 8 9 0.040283382 
431 734 8 10 0.040275343 
327 1135 10 12 0.040173933 
53 1021 9 12 0.040162295 
792 888 9 11 0.040114213 
718 1149 11 14 0.040109087 
615 767 8 10 0.04001252 
54 1195 11 13 0.040008 
678 928 8 11 0.03996574 
448 656 8 9 0.039955106 
98 927 10 12 0.039946925 
238 784 7 9 0.03992428 
566 640 7 8 0.03992161 
628 1162 11 14 0.03986512 
700 924 9 13 0.039842498 
319 797 8 11 0.03984007 
304 717 8 10 0.0398049 
765 831 8 10 0.039803848 
833 877 8 11 0.039692786 
406 1180 10 13 0.039677594 
170 1177 13 15 0.03963989 
291 783 7 9 0.03951358 
736 814 8 11 0.039498765 
360 671 8 10 0.03945714 
102 1230 11 14 0.039383315 
561 736 8 10 0.03934047 
126 1149 13 16 0.039287467 
362 656 7 10 0.039284088 
493 614 9 10 0.039243266 
546 831 8 11 0.03923313 
921 853 9 11 0.039197646 
528 1003 9 12 0.039176263 
590 783 8 10 0.03916043 
697 1072 12 14 0.039128434 
393 1198 9 12 0.039098807 
140 1067 10 13 0.0390384 
599 774 7 9 0.039006516 
269 975 11 13 0.03886887 
662 1171 12 15 0.038859643 
224 964 13 16 0.038677234 
688 845 9 10 0.03866438 
592 990 8 10 0.038631223 
637 974 9 12 0.038625624 
495 709 7 10 0.03862249 
647 1099 12 15 0.0386092 
511 504 8 10 0.038570557 
609 704 7 10 0.03854873 
639 998 9 11 0.03851874 
287 799 8 10 0.03850457 
720 1179 11 14 0.038397256 
782 1088 10 12 0.03837333 
518 963 11 14 0.038359053 
70 963 8 11 0.03835108 
735 840 8 10 0.03829895 
701 916 10 13 0.038278732 
717 855 9 11 0.038265057 
454 998 11 13 0.03825974 
149 1179 11 15 0.038257588 
632 887 9 12 0.038213715 
590 1070 11 14 0.03821226 
150 1039 11 13 0.038195264 
326 1117 10 12 0.03812454 
542 680 7 9 0.038122144 
70 878 8 11 0.03811618 
73 1006 9 10 0.03810739 
158 1039 10 13 0.038061995 
217 1085 10 13 0.038024344 
753 1109 9 12 0.038021937 
840 1204 10 13 0.03800569 
649 736 8 11 0.03796965 
318 838 9 11 0.03796073 
193 941 10 13 0.03795316 
544 837 11 14 0.03795283 
246 861 9 11 0.037945412 
114 976 9 11 0.037930027 
79 1035 10 13 0.037924826 
558 1052 10 13 0.037847027 
454 671 7 9 0.03783939 
365 958 10 12 0.03779088 
159 1196 13 17 0.037747312 
842 1020 8 10 0.0377107 
305 694 8 9 0.037686072 
461 1154 13 16 0.037658986 
433 1128 8 12 0.03762101 
328 925 11 13 0.03760779 
675 1241 12 17 0.037557807 
844 1219 12 15 0.037536785 
855 1215 13 16 0.03747292 
496 764 10 12 0.037463292 
257 831 9 11 0.03744763 
678 816 8 10 0.0374433 
109 934 10 12 0.037416276 
447 518 7 9 0.037364505 
342 1031 12 15 0.037231017 
176 846 8 10 0.03722975 
27 1105 13 16 0.037224423 
368 725 7 9 0.03719309 
740 1251 15 20 0.037191775 
742 1182 11 15 0.03718321 
601 695 7 8 0.037153073 
511 810 8 11 0.037092924 
432 961 14 17 0.037075944 
181 1117 11 13 0.037063826 
629 812 9 10 0.03703649 
489 614 9 11 0.03699272 
524 617 9 10 0.03698613 
286 933 10 12 0.036960665 
780 1230 14 17 0.036948785 
514 687 7 9 0.036947493 
655 948 10 11 0.036939014 
652 1004 11 13 0.036901295 
696 648 8 9 0.036884245 
24 1021 10 13 0.036795788 
118 1340 12 16 0.036783967 
426 630 7 10 0.03673347 
513 703 8 10 0.036708497 
720 925 10 13 0.036705818 
41 484 9 10 0.036700748 
153 875 9 12 0.036689043 
252 1054 12 14 0.036682047 
723 1236 12 15 0.03666719 
345 957 10 13 0.036659952 
705 1213 12 16 0.036623176 
594 727 8 9 0.03660931 
346 744 8 10 0.03659944 
292 876 8 12 0.036553264 
743 855 7 9 0.03653052 
110 942 10 13 0.036514763 
710 1181 11 14 0.036484443 
514 965 9 13 0.036484268 
694 1139 9 11 0.036458842 
414 1213 9 11 0.036411874 
14 1059 11 14 0.036382586 
497 758 10 13 0.036362592 
864 1013 8 10 0.03634113 
526 1055 11 13 0.036268014 
717 1093 8 11 0.0362415 
456 721 7 9 0.03624127 
109 911 10 13 0.036153875 
766 1101 9 11 0.036147036 
864 848 8 10 0.036128532 
55 940 10 12 0.036120813 
623 950 9 11 0.0361095 
196 1139 10 14 0.036098864 
680 663 8 10 0.036079448 
827 1085 10 13 0.036039434 
653 776 8 9 0.036038794 
527 1321 12 19 0.036020443 
808 1008 9 12 0.03593953 
654 807 8 9 0.035921056 
38 1324 14 18 0.035906635 
560 647 6 9 0.035901293 
745 799 9 10 0.035832647 
517 568 8 11 0.035823412 
585 734 7 9 0.035796948 
384 694 8 11 0.035778534 
591 719 8 9 0.035774115 
657 798 8 9 0.03570408 
682 679 7 10 0.03570177 
315 742 6 9 0.035694584 
592 952 8 10 0.035643984 
256 765 8 10 0.035635393 
526 821 12 14 0.03562699 
456 1127 10 12 0.03561459 
374 632 7 9 0.03558152 
541 616 8 10 0.035566323 
705 1193 14 18 0.035550535 
679 783 8 10 0.03552826 
550 1054 9 12 0.035523914 
727 797 9 11 0.035495583 
165 1062 11 14 0.035490952 
599 722 7 8 0.035445746 
209 785 8 10 0.035419796 
449 678 9 11 0.035416625 
533 742 8 10 0.035409864 
494 528 7 9 0.03538482 
101 873 7 10 0.035361037 
655 1201 12 15 0.035348706 
262 1142 9 13 0.035343282 
124 1322 11 15 0.035244342 
640 686 7 9 0.03521453 
346 1221 10 14 0.035214458 
814 1101 8 11 0.035174772 
108 1344 13 15 0.035173316 
224 752 7 9 0.03509855 
687 1245 13 17 0.035086796 
134 1011 9 12 0.034990024 
226 800 9 11 0.034946922 
671 1173 13 17 0.03486645 
562 1068 11 14 0.034866203 
558 1011 10 13 0.034717508 
318 862 8 10 0.034704685 
334 733 7 10 0.03469125 
55 1125 10 14 0.034672204 
511 487 8 10 0.03465626 
213 1036 9 12 0.03461804 
758 960 8 9 0.0346022 
808 1324 11 16 0.03457883 
720 932 9 12 0.034569435 
664 776 7 8 0.034513656 
151 892 10 12 0.034478214 
636 1101 14 16 0.034459308 
518 694 8 9 0.03444979 
159 887 8 12 0.034394223 
502 636 8 10 0.034273546 
97 918 9 11 0.034259833 
503 631 8 10 0.034245633 
672 776 7 9 0.034219883 
622 767 8 9 0.03409289 
567 971 10 12 0.03408017 
168 956 10 12 0.034075584 
245 1339 15 19 0.034065615 
599 649 7 9 0.034040373 
263 836 9 11 0.033984426 
577 840 9 12 0.033971623 
748 1181 12 16 0.03397073 
983 1159 14 18 0.033909384 
80 1085 10 13 0.03388371 
274 1181 20 24 0.033874083 
518 1005 9 11 0.03386932 
225 939 10 11 0.033859946 
622 663 7 10 0.033799846 
585 727 7 10 0.033791743 
105 1046 9 12 0.03371959 
709 1080 9 13 0.033694074 
749 902 8 12 0.033675984 
145 1123 11 14 0.03366956 
607 985 11 13 0.03362665 
528 1036 10 12 0.03362144 
470 678 9 11 0.033592463 
651 1293 14 17 0.033555683 
482 486 8 11 0.033513628 
417 735 8 10 0.03350826 
432 638 8 10 0.033506114 
528 812 11 12 0.033496942 
640 704 6 9 0.033496406 
272 1348 13 15 0.033494566 
667 743 6 8 0.033477575 
840 994 10 14 0.0334303 
289 776 7 9 0.03340344 
192 952 9 12 0.033398684 
449 720 7 9 0.033373807 
289 729 7 9 0.033351026 
615 1261 11 14 0.033346415 
270 1058 12 16 0.033263244 
729 900 8 11 0.033253055 
551 704 8 10 0.033209734 
109 1120 13 16 0.03319932 
633 824 8 10 0.033184893 
425 728 8 11 0.03317983 
551 630 7 9 0.033176675 
113 966 8 10 0.033156205 
116 1182 13 15 0.03312016 
143 823 9 11 0.033118945 
553 614 8 10 0.033114716 
253 996 12 14 0.03310677 
235 1052 11 13 0.03308522 
182 815 8 10 0.03308121 
681 1196 11 14 0.0330549 
492 1180 12 16 0.033047743 
105 1284 12 16 0.03303058 
566 1003 10 13 0.032927748 
605 880 20 23 0.03288439 
655 1247 10 13 0.03287865 
735 807 8 9 0.032818455 
566 1072 11 14 0.032801222 
743 1174 10 12 0.03277651 
720 684 8 11 0.032750864 
664 854 9 11 0.032699414 
165 1164 14 16 0.03268939 
460 1132 10 13 0.032662466 
430 1055 10 12 0.032654736 
173 1055 10 12 0.03264614 
653 1099 10 13 0.032629117 
197 837 9 11 0.032624673 
126 1014 9 11 0.03262153 
864 1168 12 14 0.03261897 
551 591 8 9 0.032612845 
65 871 9 10 0.032586765 
390 871 12 17 0.032521438 
582 1157 9 13 0.032513663 
288 941 9 12 0.032504987 
513 599 8 10 0.032484442 
537 639 7 9 0.03245291 
204 1078 10 13 0.032451343 
571 1067 10 14 0.032446988 
578 1196 12 15 0.032442376 
500 762 10 12 0.032414682 
366 780 8 10 0.03239125 
663 655 8 9 0.03238674 
87 1086 9 12 0.032365248 
345 689 8 9 0.032354318 
833 869 9 12 0.03233517 
482 683 9 11 0.03229348 
732 1251 14 17 0.032284092 
-2 1077 8 14 0.0322781 
311 861 8 11 0.032257497 
600 783 8 10 0.03224074 
768 1253 11 13 0.032226894 
0 839 9 14 0.03221213 
85 1338 13 17 0.032152496 
294 863 8 11 0.032132994 
509 622 8 9 0.03210654 
547 841 14 17 0.032101538 
101 972 8 10 0.03208141 
172 1115 12 14 0.03207552 
587 751 8 10 0.032049455 
745 915 10 13 0.032027658 
576 1037 8 11 0.032022115 
380 719 8 9 0.03201334 
732 1287 15 19 0.032009326 
299 1242 13 16 0.032001473 
158 1207 12 16 0.03198791 
113 1158 12 16 0.031987287 
610 758 8 10 0.031968568 
442 1093 8 11 0.031958833 
212 978 10 14 0.03195753 
250 806 9 11 0.03195314 
453 1197 11 14 0.0319354 
666 1316 14 16 0.031923324 
92 1278 14 17 0.031916145 
861 1232 12 15 0.031890567 
59 846 9 11 0.0318331 
359 780 9 11 0.03183019 
689 806 8 10 0.031788733 
341 855 8 11 0.031785835 
631 678 7 9 0.031740848 
582 513 7 9 0.03166402 
522 1070 10 12 0.031617533 
863 998 10 12 0.031610318 
200 1011 11 13 0.0315918 
683 685 8 11 0.031569958 
54 983 10 12 0.031557143 
639 725 8 9 0.031553525 
336 809 7 9 0.031548258 
430 502 9 10 0.0315456 
250 800 8 10 0.031519853 
47 1159 12 15 0.031489257 
545 592 7 9 0.031481903 
574 1219 11 13 0.03147908 
645 1041 18 23 0.03146339 
806 1111 9 12 0.031453557 
665 680 8 10 0.03138563 
846 847 7 9 0.031372927 
126 872 8 10 0.031362303 
63 1180 9 12 0.03134873 
549 871 9 10 0.03132195 
142 927 8 10 0.03131347 
541 581 8 10 0.031289555 
202 1173 13 16 0.031281054 
796 1020 10 12 0.031231215 
654 931 9 11 0.031176882 
713 926 9 12 0.031150233 
689 672 7 9 0.031125225 
710 1142 11 13 0.031111183 
168 1227 13 16 0.031094432 
280 900 9 11 0.031070754 
456 767 8 10 0.031036658 
48 463 8 10 0.031033449 
49 445 9 10 0.03100691 
673 765 8 9 0.031004054 
606 1198 12 15 0.03098543 
264 1134 9 12 0.030971106 
526 639 7 9 0.03093572 
580 941 11 13 0.030929068 
701 710 8 10 0.030926717 
518 1251 11 17 0.030916302 
534 664 7 10 0.03086665 
862 1005 11 13 0.03085791 
831 864 9 10 0.030856181 
674 801 8 10 0.030854147 
423 1310 13 18 0.030841062 
537 575 8 10 0.030840054 
653 958 10 12 0.030826375 
664 832 9 11 0.030821802 
310 1101 8 11 0.030811911 
138 868 9 11 0.030791668 
134 1056 10 12 0.030783458 
590 1148 14 16 0.030778607 
334 871 8 10 0.030722002 
840 887 8 10 0.030719811 
624 735 8 9 0.03069971 
668 1339 12 15 0.030662559 
225 885 9 11 0.03065417 
742 1242 13 18 0.030644579 
149 1252 13 15 0.030617738 
240 845 8 10 0.030600483 
904 847 8 9 0.030592375 
489 1173 10 14 0.030560456 
702 1183 14 18 0.030556025 
321 814 8 10 0.030549 
595 1348 12 14 0.030543763 
583 1035 10 13 0.0305353 
166 1206 18 22 0.030533029 
246 934 11 14 0.030531138 
432 662 8 11 0.030515438 
567 983 10 13 0.030507982 
288 742 6 9 0.030505719 
304 994 10 14 0.03050304 
824 992 8 10 0.030440561 
116 1332 11 16 0.03037546 
718 896 8 10 0.030352954 
566 735 7 9 0.030342598 
330 680 8 10 0.030334076 
704 1165 13 15 0.030317074 
608 750 8 10 0.030264443 
577 760 9 11 0.030242167 
913 1167 9 12 0.030234687 
696 655 8 9 0.03022233 
336 830 8 11 0.03022117 
373 1305 15 17 0.030214295 
344 775 8 10 0.030206086 
623 669 7 10 0.030200742 
154 1079 11 14 0.030177299 
182 1036 11 14 0.030162726 
180 821 9 11 0.030161016 
439 741 8 9 0.030156873 
253 1210 11 17 0.030141838 
450 671 8 10 0.030130422 
665 662 7 10 0.030128412 
607 832 9 11 0.030114999 
191 837 10 12 0.030101035 
696 662 8 10 0.030097213 
213 1109 9 12 0.03008765 
382 712 8 9 0.030053541 
561 1000 8 10 0.030012708 
7 1048 10 13 0.03000679 
626 871 9 11 0.029968604 
640 903 8 10 0.029966785 
701 726 8 9 0.029942041 
245 875 9 13 0.029930161 
587 1003 11 13 0.029919144 
321 696 7 9 0.029897865 
521 823 9 11 0.02989236 
551 1132 12 17 0.029863903 
513 678 7 9 0.029863294 
277 885 8 11 0.029846944 
246 1194 14 20 0.029838573 
878 1179 11 14 0.029816467 
416 693 8 11 0.02980796 
721 790 8 10 0.029797165 
937 1040 8 11 0.029792149 
555 971 17 21 0.029754896 
108 1213 14 19 0.029740782 
496 534 6 9 0.029738277 
476 1250 13 17 0.029736461 
583 991 9 11 0.029729735 
235 1037 12 14 0.029718745 
236 1326 20 26 0.029708616 
400 734 8 10 0.029696688 
814 1095 8 11 0.0296861 
555 1332 14 16 0.029661035 
691 992 11 14 0.029653298 
583 1229 9 13 0.029612329 
575 678 7 10 0.0295645 
488 725 8 11 0.029546522 
728 807 8 10 0.029537637 
261 791 8 9 0.029532967 
514 572 9 12 0.029524721 
657 719 7 9 0.029505227 
654 750 7 9 0.029504405 
526 575 8 9 0.029502185 
643 1165 14 17 0.029483762 
33 796 9 11 0.02946857 
289 1161 10 13 0.029440342 
495 600 9 10 0.029425466 
368 615 7 9 0.029404761 
574 894 9 12 0.029403513 
207 939 9 12 0.029397516 
668 1076 10 12 0.029391391 
646 768 8 9 0.029390393 
404 877 14 16 0.029367719 
279 1020 11 14 0.029358437 
248 1059 11 13 0.029356139 
175 1317 13 18 0.029355394 
576 1027 9 12 0.029352538 
341 837 8 11 0.029302754 
842 846 8 9 0.029273452 
681 973 9 11 0.029269855 
348 700 8 10 0.029265812 
788 999 9 11 0.02926267 
320 870 6 9 0.029246522 
454 1264 13 19 0.029232075 
399 1180 10 13 0.029225165 
653 1172 11 14 0.029207725 
541 576 8 11 0.029178867 
574 812 9 11 0.029175557 
557 1246 9 12 0.029155465 
247 974 11 14 0.029153086 
624 990 10 12 0.029150575 
200 876 10 12 0.02914024 
142 1005 9 10 0.029136257 
744 868 9 11 0.029131364 
80 965 8 10 0.02912257 
683 1100 10 13 0.029105939 
595 1187 12 15 0.02910152 
387 1219 11 16 0.029039513 
719 988 10 12 0.028942961 
503 519 8 9 0.0289331 
143 959 9 11 0.028928163 
189 997 10 13 0.028856112 
474 671 8 10 0.028827868 
127 821 9 12 0.028821187 
646 711 7 11 0.028818678 
68 847 8 11 0.028805764 
64 952 10 12 0.028799241 
38 1254 11 15 0.028788975 
727 840 7 10 0.028755242 
21 1041 13 14 0.028709816 
601 676 8 10 0.028707273 
191 860 9 12 0.028683327 
249 911 9 12 0.028669916 
141 1132 11 14 0.028664984 
263 931 10 13 0.028630355 
511 664 8 10 0.028614307 
283 1213 13 16 0.02860745 
232 1094 9 10 0.028600559 
325 1243 10 14 0.028583363 
656 985 9 11 0.028574064 
674 1141 11 13 0.028567823 
319 768 8 10 0.028567353 
613 1251 11 14 0.028536597 
510 1125 10 13 0.02853358 
262 973 11 13 0.02852323 
353 671 7 10 0.028513597 
604 1062 11 15 0.028512858 
584 1222 9 12 0.028510375 
749 799 9 10 0.028462011 
445 978 11 14 0.028429026 
547 823 8 11 0.028422572 
720 912 10 12 0.028396387 
895 1328 15 20 0.028396275 
149 901 11 13 0.028380595 
304 934 10 13 0.028343871 
289 852 8 11 0.028320229 
974 1163 15 18 0.028314171 
534 1116 12 16 0.02831339 
602 894 8 11 0.028312717 
767 980 11 13 0.028305339 
825 855 8 10 0.028291421 
597 1085 10 12 0.028273959 
333 742 8 10 0.028243959 
72 1156 8 12 0.028240547 
386 671 7 9 0.028227186 
703 1096 11 13 0.028192498 
68 1233 12 16 0.028168838 
584 1048 10 13 0.028164212 
262 759 7 8 0.028144548 
568 743 7 9 0.028138028 
881 872 8 9 0.028136475 
321 845 9 11 0.028097682 
438 677 8 10 0.028097607 
54 1066 10 13 0.028090667 
142 874 12 13 0.028079811 
490 606 8 10 0.02807466 
576 922 10 13 0.028065512 
625 800 8 10 0.027997062 
170 1233 15 18 0.02799564 
385 735 8 10 0.027954815 
583 655 8 10 0.027954154 
591 1133 10 13 0.02794836 
440 600 8 10 0.027932573 
841 978 13 15 0.027924 
593 1250 11 14 0.027919525 
671 918 9 12 0.02790732 
236 1187 12 15 0.027867626 
319 807 8 9 0.027867163 
197 829 10 11 0.027844487 
560 661 8 9 0.02780748 
121 872 8 10 0.027793212 
387 1228 11 14 0.027779328 
64 1043 11 14 0.02777496 
568 713 7 9 0.02776091 
576 748 8 10 0.027735498 
879 1021 11 14 0.027726283 
478 657 8 10 0.027719853 
408 639 9 11 0.027627483 
656 727 7 9 0.02760143 
226 948 20 23 0.027576508 
535 1190 11 14 0.02756894 
671 671 7 9 0.027535174 
710 1108 10 12 0.027532276 
390 1096 7 10 0.02752246 
743 879 9 11 0.027512016 
321 998 11 16 0.027493237 
464 749 9 11 0.027479686 
701 808 8 10 0.027464315 
527 592 8 10 0.02746328 
718 719 7 9 0.027425403 
448 758 7 9 0.027418396 
606 805 9 12 0.02740132 
584 759 8 11 0.027387327 
315 1163 10 15 0.027367633 
551 1325 13 17 0.027355077 
832 1108 9 12 0.027342368 
903 839 7 9 0.027331972 
119 1324 11 14 0.027329506 
757 1111 11 12 0.027314875 
385 616 7 8 0.027310131 
942 860 9 11 0.027302835 
206 888 12 13 0.027280927 
558 526 9 11 0.027262365 
517 600 8 9 0.027244749 
743 830 8 10 0.027216567 
560 655 8 10 0.02714898 
455 759 7 9 0.02712637 
191 1126 11 13 0.027125716 
188 1024 11 13 0.027124092 
807 967 8 10 0.027099159 
377 687 8 10 0.027096255 
433 989 21 26 0.027092544 
809 1102 9 11 0.027061932 
583 663 8 9 0.027058456 
615 979 9 12 0.02704681 
702 784 7 10 0.0270446 
623 940 8 11 0.027029768 
360 769 8 10 0.027003292 
226 758 7 9 0.026993336 
756 923 9 13 0.026936911 
741 1108 9 11 0.02693261 
494 806 7 9 0.026902866 
193 1043 11 12 0.026858835 
569 1091 11 15 0.026858449 
426 1095 8 10 0.026855681 
211 1029 11 14 0.026848692 
367 1300 10 13 0.026847644 
432 655 8 10 0.026845993 
590 685 8 9 0.026834117 
856 1046 10 13 0.026832163 
599 985 9 12 0.02682971 
113 998 9 11 0.026822416 
663 647 8 10 0.026797535 
294 728 8 9 0.026788604 
686 896 8 10 0.02678702 
116 901 9 11 0.026784087 
310 855 9 11 0.02678356 
506 670 9 10 0.02674906 
341 717 7 10 0.026729597 
305 790 8 9 0.026727926 
514 709 8 11 0.026706148 
196 1080 18 23 0.026664138 
877 907 9 11 0.026652705 
750 869 9 11 0.026644431 
758 1182 11 15 0.026634777 
784 975 10 13 0.026614867 
519 1139 21 26 0.026601609 
617 1306 16 22 0.026583616 
582 934 11 13 0.026582336 
303 758 8 9 0.02656297 
487 543 8 11 0.026531713 
351 1204 12 16 0.026522305 
231 788 8 9 0.026521642 
592 656 7 9 0.026505096 
600 830 8 11 0.026496384 
219 749 7 11 0.026488576 
698 895 8 10 0.026480682 
689 1140 9 11 0.02646567 
646 1130 11 13 0.026451867 
292 996 10 13 0.026443638 
836 1049 17 22 0.026439412 
141 1184 13 16 0.026425065 
143 893 9 11 0.02639314 
117 1117 11 14 0.026378982 
437 671 8 10 0.02637133 
245 1030 10 12 0.026367493 
631 1102 11 15 0.026359895 
873 1266 13 17 0.026355732 
559 559 8 9 0.026316924 
348 1141 11 13 0.026311113 
658 655 7 9 0.026274862 
927 877 8 10 0.026260879 
635 1028 10 12 0.026213037 
256 1327 15 18 0.026212765 
622 1251 12 15 0.02613431 
334 769 9 11 0.026066665 
54 478 8 10 0.02605466 
459 990 12 14 0.026045712 
613 1266 11 14 0.026039878 
480 1113 8 11 0.026037391 
502 702 7 9 0.02603637 
6 1092 12 17 0.02603579 
393 686 9 10 0.026029367 
725 989 10 12 0.026011134 
138 893 8 11 0.026008112 
485 663 8 11 0.025998887 
692 1060 11 13 0.025985077 
248 1012 11 15 0.025978457 
64 877 10 12 0.025962446 
135 1000 8 10 0.025951343 
431 982 11 15 0.025946558 
260 1164 11 13 0.025942435 
410 580 8 10 0.025940808 
743 822 9 9 0.025909476 
825 1078 10 13 0.025906691 
550 878 9 12 0.0259031 
415 689 7 9 0.025903033 
286 1115 14 15 0.025888214 
68 1347 15 15 0.025885805 
412 1226 12 16 0.02586816 
854 871 9 10 0.025856039 
154 980 8 11 0.02583213 
557 837 10 13 0.02583131 
520 581 8 10 0.025823494 
672 862 9 10 0.025813434 
625 678 8 10 0.025791403 
742 847 7 11 0.025789361 
361 711 7 9 0.025765128 
654 1163 11 14 0.025723869 
816 959 9 12 0.025716469 
656 759 8 10 0.025702914 
360 648 7 9 0.025696017 
574 1004 9 11 0.025695281 
472 1018 11 14 0.025695007 
638 864 8 11 0.025668323 
343 952 10 13 0.025659235 
679 1125 9 12 0.02563812 
871 1014 10 12 0.025638008 
584 774 7 9 0.025605455 
697 1081 13 16 0.025585428 
384 638 7 10 0.025572525 
135 816 7 11 0.025548816 
684 940 10 13 0.025536316 
692 1210 11 14 0.02553626 
558 687 8 9 0.025482679 
214 797 9 10 0.025475428 
786 1098 10 13 0.025471315 
1013 1077 10 15 0.025458476 
361 813 8 11 0.025456592 
576 774 8 10 0.025445983 
276 1014 10 14 0.025436118 
591 1082 10 13 0.025433822 
134 1235 10 14 0.025432589 
559 584 8 9 0.025429815 
213 1101 9 12 0.025428118 
695 856 10 11 0.025419341 
52 1229 12 15 0.02540942 
55 880 9 12 0.025386717 
630 1201 10 14 0.025374293 
863 1036 8 11 0.025364934 
546 598 7 9 0.025317222 
739 1285 13 17 0.025316117 
173 958 9 11 0.02531474 
526 536 7 9 0.025301589 
232 893 10 11 0.02523514 
707 1258 14 17 0.025228994 
666 670 8 9 0.0252261 
537 608 8 10 0.025213176 
863 862 9 10 0.025207354 
732 1142 11 13 0.025198651 
459 1170 14 18 0.025194509 
13 1084 10 14 0.025192834 
224 1208 12 17 0.025185747 
641 1142 12 16 0.025181243 
112 1189 10 13 0.025163492 
605 670 7 10 0.025161901 
657 943 9 12 0.025154147 
5 477 9 11 0.02515256 
570 673 8 10 0.025131127 
804 1330 21 27 0.025110453 
355 1014 12 14 0.02509337 
343 1130 10 12 0.025037019 
496 997 9 12 0.025017919 
224 1342 12 16 0.025007661 
735 958 9 11 0.025005016 
654 1127 11 12 0.024980517 
62 1346 13 14 0.024974905 
552 1028 8 11 0.024963329 
275 954 11 14 0.024951056 
195 798 8 10 0.024929844 
616 1165 12 16 0.024927791 
440 606 8 10 0.024922235 
264 879 9 11 0.024921186 
546 1284 11 15 0.024915602 
189 871 9 11 0.02491544 
96 1007 8 11 0.024909796 
622 830 8 11 0.024902467 
213 942 9 12 0.024895268 
113 1181 10 13 0.024890233 
249 937 17 21 0.024883844 
845 952 10 13 0.024856858 
758 844 10 12 0.024829604 
208 433 7 8 0.024825377 
540 1026 10 15 0.02480794 
97 957 8 11 0.02479114 
553 585 8 10 0.02478806 
536 591 8 10 0.024769442 
946 1163 12 16 0.024765374 
551 566 8 9 0.024750963 
463 623 8 10 0.024750916 
39 1216 18 23 0.024727385 
546 629 8 9 0.024727168 
520 1292 11 15 0.024711179 
63 1015 10 12 0.024704024 
62 1006 10 12 0.024697306 
528 1014 9 11 0.024695346 
98 968 8 11 0.024692385 
691 1274 12 16 0.02468619 
941 1152 17 23 0.024663588 
223 895 10 11 0.024660537 
697 1262 21 22 0.024660537 
772 949 10 12 0.024653532 
45 479 10 11 0.024630485 
657 815 8 11 0.024623003 
703 824 8 10 0.024614569 
570 687 7 10 0.024571195 
362 694 8 10 0.024558766 
308 827 18 23 0.02454042 
534 1239 9 12 0.02453744 
742 923 11 14 0.024479706 
292 1252 12 17 0.024478871 
880 883 10 11 0.024429088 
628 1251 13 16 0.02441589 
450 726 7 9 0.02441002 
51 1038 9 12 0.024405396 
678 1186 13 17 0.024405137 
593 673 7 8 0.024387874 
780 905 11 14 0.024368433 
329 873 8 9 0.024351751 
204 1131 10 13 0.024351615 
342 689 19 24 0.024345651 
336 783 8 9 0.024344174 
725 1260 13 16 0.024336088 
301 940 9 11 0.02433083 
608 1014 10 13 0.024327768 
638 918 9 12 0.024327485 
162 1076 13 16 0.024316203 
647 1188 13 15 0.02431282 
218 816 8 10 0.0242919 
887 861 10 11 0.024281474 
141 949 10 11 0.02426046 
829 991 10 13 0.024222603 
678 766 8 10 0.024219839 
526 489 9 10 0.02420854 
389 664 19 25 0.024194606 
493 680 8 9 0.024192557 
312 777 19 23 0.024144497 
185 440 6 8 0.024142535 
568 656 7 8 0.024131797 
351 711 7 10 0.024131203 
112 888 9 11 0.0241277 
886 992 8 10 0.024126414 
383 727 7 9 0.024113927 
149 1029 11 13 0.024109663 
938 855 9 11 0.02408882 
611 927 18 25 0.024070172 
409 687 8 10 0.023999926 
220 994 11 13 0.023995604 
631 725 7 10 0.023994822 
343 678 7 9 0.023994232 
368 853 8 10 0.023993365 
543 856 10 13 0.023991652 
296 768 8 9 0.023982685 
389 735 8 10 0.02398191 
180 1206 12 16 0.023974346 
663 1136 19 21 0.023971923 
744 967 9 12 0.023966586 
272 842 17 23 0.023960685 
263 784 8 9 0.023959983 
526 1303 10 14 0.023944244 
654 703 8 10 0.023931392 
715 882 10 13 0.023917802 
614 1101 10 14 0.023912348 
870 1237 9 11 0.023906726 
569 1251 10 14 0.023888167 
486 510 8 11 0.02388764 
670 1091 11 14 0.023884583 
672 870 9 11 0.023859577 
327 711 7 9 0.023852896 
533 1004 9 13 0.023849396 
376 616 6 8 0.023839295 
898 838 8 10 0.023833297 
721 798 8 11 0.023824181 
309 817 8 9 0.02381938 
133 1244 12 17 0.023789791 
768 930 18 24 0.023783898 
393 788 10 12 0.023770817 
655 784 19 23 0.023761544 
525 1268 9 12 0.0237305 
845 1021 8 10 0.023721267 
439 720 8 10 0.023717837 
548 1113 11 15 0.023714455 
863 1170 17 22 0.02370572 
465 654 7 10 0.023678271 
230 777 9 11 0.023669003 
69 852 9 11 0.023638561 
286 1142 12 16 0.023633273 
489 600 8 10 0.023596417 
159 1230 11 14 0.023581272 
395 874 16 18 0.023576187 
626 898 9 12 0.023565294 
640 1129 11 14 0.023562701 
709 1204 12 17 0.023542577 
669 842 18 23 0.023542237 
625 996 8 10 0.023511127 
145 1036 10 14 0.023486495 
563 1062 10 13 0.023462744 
66 1290 15 18 0.023458747 
395 1209 13 17 0.023454344 
631 688 6 9 0.023447685 
666 735 7 9 0.023427548 
470 1246 11 16 0.023415212 
626 1019 18 23 0.023388404 
579 608 8 10 0.023373662 
317 888 10 12 0.023364944 
943 880 8 10 0.023362724 
535 916 9 11 0.023359872 
524 980 10 13 0.023358028 
823 1013 9 10 0.023356104 
585 1057 12 16 0.023340419 
479 709 8 10 0.023327086 
313 712 7 10 0.023319928 
446 998 12 16 0.023295006 
86 1300 11 14 0.02328975 
801 1054 9 10 0.023266986 
801 1062 9 12 0.023257041 
728 873 18 23 0.023225306 
255 775 8 9 0.023217522 
543 639 8 10 0.023208855 
914 1128 10 13 0.02320303 
443 1153 12 16 0.023185346 
613 1093 8 11 0.02317932 
440 1186 12 16 0.023173755 
376 1164 9 13 0.023163151 
435 646 8 10 0.023148138 
478 1238 11 16 0.023134 
660 1126 12 14 0.02311302 
255 1155 11 13 0.023110516 
473 656 8 11 0.023105495 
845 887 8 9 0.02308964 
272 870 9 11 0.023089351 
531 1022 10 14 0.023071542 
842 1210 20 24 0.023070728 
70 1066 10 14 0.023070406 
528 1113 23 30 0.02307039 
411 1261 13 18 0.023050258 
672 1214 11 14 0.023026023 
137 886 8 12 0.023004763 
103 1008 9 10 0.022965722 
372 1207 12 16 0.022964181 
191 438 7 8 0.022944588 
344 767 8 10 0.022918312 
291 1019 12 18 0.022898939 
151 1260 12 15 0.022884354 
137 912 9 12 0.022879045 
552 1023 8 11 0.022873467 
626 926 8 12 0.02286578 
599 955 9 12 0.02286024 
653 851 10 12 0.022850577 
456 646 8 10 0.022836098 
806 1063 8 10 0.022817057 
687 786 9 11 0.022811124 
855 1006 9 12 0.022799268 
215 1119 18 21 0.022792496 
200 1020 11 13 0.022792475 
744 954 9 12 0.02278565 
156 1110 10 14 0.022777235 
321 704 8 9 0.022761391 
38 1063 11 12 0.022755004 
822 879 9 11 0.022746209 
452 1139 12 14 0.022746064 
491 1207 18 22 0.022719113 
252 856 19 23 0.022715779 
196 1148 11 15 0.022708468 
321 1037 10 13 0.022683272 
107 1052 10 14 0.022665614 
658 863 8 10 0.022664852 
217 1078 9 11 0.022659265 
647 719 7 8 0.02265319 
584 1011 9 12 0.02261327 
607 1018 18 21 0.022607783 
504 996 11 14 0.022590097 
424 625 8 10 0.022589104 
614 647 8 10 0.02257878 
142 943 9 12 0.022572767 
616 1129 11 14 0.022564024 
101 1279 13 17 0.022560472 
461 798 9 12 0.022552693 
679 669 8 10 0.022551121 
887 910 8 11 0.022550223 
561 775 8 11 0.022546928 
462 774 7 10 0.022508135 
182 838 9 11 0.022501519 
380 1164 12 15 0.022501107 
109 949 9 10 0.02248932 
533 556 9 11 0.022486456 
685 909 9 11 0.022451257 
37 1158 11 15 0.022416633 
49 982 8 11 0.022410937 
505 503 9 11 0.022403134 
456 638 7 10 0.022392381 
301 1208 12 16 0.022389546 
709 874 17 23 0.022387626 
442 1261 95 109 0.022385975 
532 551 9 12 0.0223847 
509 1059 9 12 0.022381172 
872 1004 10 13 0.022377552 
702 789 8 9 0.022374166 
750 1038 10 13 0.02237412 
680 1066 18 23 0.022367947 
657 767 8 9 0.022363067 
904 1209 14 17 0.022351038 
525 647 7 9 0.022340354 
431 1177 11 15 0.022328496 
264 941 9 11 0.02232374 
439 652 8 11 0.022314932 
281 727 7 9 0.022288268 
468 686 9 10 0.02227725 
177 839 8 12 0.022277035 
349 1212 11 14 0.02224651 
430 728 7 9 0.02223754 
159 1174 12 16 0.022237254 
888 857 8 9 0.02221263 
552 816 8 10 0.022205444 
739 1157 11 14 0.022195827 
312 1245 10 16 0.022176782 
190 814 8 11 0.022173287 
616 1188 10 13 0.022155145 
326 719 7 10 0.022146914 
328 807 8 11 0.02213587 
190 1196 10 14 0.022115933 
561 740 9 11 0.022103747 
646 1062 11 14 0.02210228 
686 664 8 9 0.022099953 
13 1345 13 15 0.022095751 
434 670 8 10 0.022095686 
464 757 8 10 0.022074513 
303 705 8 10 0.022068148 
214 841 10 11 0.022051284 
87 870 9 11 0.022035189 
47 440 9 10 0.022032656 
481 491 8 11 0.022020942 
227 1049 17 21 0.02201983 
78 991 9 10 0.0220109 
29 853 10 12 0.02198243 
303 1045 11 12 0.021971492 
397 684 8 10 0.021964801 
335 672 7 10 0.021954414 
748 886 10 12 0.0219519 
191 807 8 10 0.02194455 
121 1198 19 25 0.021942023 
200 886 11 13 0.021935094 
606 637 8 10 0.021932056 
504 812 10 11 0.021930521 
925 855 8 10 0.021929184 
615 797 8 10 0.021920756 
272 801 7 8 0.021918386 
818 1057 8 10 0.02189495 
234 996 10 13 0.02189318 
126 1168 12 16 0.021890016 
426 709 8 11 0.021880217 
439 759 9 11 0.021866383 
575 1240 20 25 0.021849636 
902 1125 8 10 0.021847308 
770 902 10 12 0.021843243 
591 1196 19 23 0.021819904 
237 901 9 11 0.021819193 
121 950 8 11 0.021818269 
717 1289 11 16 0.02180804 
945 884 8 10 0.021806527 
413 1220 12 15 0.021801084 
615 655 8 9 0.021798877 
492 832 10 11 0.021798106 
799 1280 13 17 0.021795217 
547 890 11 14 0.021786967 
809 1094 8 11 0.021784058 
817 878 9 11 0.021778207 
363 1206 19 25 0.021755194 
798 960 9 10 0.021754408 
433 1144 11 17 0.021748044 
366 812 9 11 0.02173336 
633 1064 18 22 0.021702604 
61 488 9 10 0.021690335 
569 503 8 10 0.021681225 
5 1174 12 16 0.021678722 
154 1304 16 22 0.021675214 
135 822 8 10 0.02166755 
62 829 8 10 0.021664115 
517 1315 21 30 0.021658717 
138 974 9 11 0.021656802 
383 688 7 10 0.02163819 
9 1119 10 12 0.021628365 
567 1218 12 16 0.021622 
591 1045 10 14 0.021592217 
789 1008 18 23 0.0215908 
684 973 12 14 0.021590661 
296 935 9 12 0.021589788 
626 890 18 22 0.021584367 
359 1157 10 13 0.021576183 
685 1179 12 17 0.02155567 
556 1109 11 15 0.021542339 
276 1060 11 13 0.021536384 
232 1182 12 14 0.021520654 
905 926 9 11 0.021509051 
464 521 8 9 0.021492217 
213 1180 13 17 0.021490054 
582 924 10 11 0.021483906 
55 1008 9 11 0.021479445 
750 821 8 10 0.021474056 
759 1282 13 15 0.021456745 
540 1189 12 16 0.021455223 
22 1080 12 17 0.021444298 
662 719 7 9 0.021438371 
165 1015 10 12 0.02141586 
79 888 9 12 0.021406079 
205 1002 20 22 0.021404665 
496 638 8 9 0.021391634 
321 1029 10 12 0.021391012 
549 1298 12 17 0.021388587 
751 816 9 10 0.02138464 
636 935 19 22 0.021382956 
297 705 7 8 0.021372048 
640 1153 11 16 0.021367293 
478 607 8 9 0.021365406 
697 908 9 11 0.021365179 
430 970 13 18 0.02135522 
508 1321 12 18 0.021354873 
592 1294 9 12 0.021348324 
62 1157 10 14 0.021347823 
257 1033 12 15 0.021334413 
368 963 9 12 0.021332141 
490 819 9 12 0.021322228 
193 775 7 9 0.021297 
425 1099 9 11 0.021272019 
745 937 18 25 0.021270191 
538 843 9 12 0.021257887 
127 984 7 9 0.021249011 
390 606 7 9 0.021240564 
199 870 10 12 0.021236766 
760 998 7 10 0.021235209 
487 695 8 10 0.021230292 
613 1224 11 14 0.021226475 
700 998 11 13 0.021217229 
304 868 9 11 0.021216134 
464 743 9 11 0.021216122 
663 711 6 9 0.021197699 
214 885 8 11 0.021195818 
609 1225 19 22 0.021191113 
785 943 10 12 0.021189112 
151 960 9 11 0.021177674 
278 1117 11 13 0.021176098 
640 749 9 10 0.021167785 
535 655 7 9 0.021126375 
456 956 12 16 0.021109913 
154 1313 18 25 0.021104367 
278 704 7 9 0.021074992 
831 855 8 10 0.021071775 
14 1067 12 15 0.021068545 
537 1105 21 26 0.021061873 
759 1266 12 17 0.021059848 
684 980 12 16 0.021054814 
680 694 8 9 0.021040186 
95 986 18 21 0.021026155 
219 1180 11 16 0.02101959 
520 527 8 9 0.021011978 
524 1289 13 17 0.021006348 
344 871 9 11 0.0210062 
479 599 8 10 0.021005366 
565 759 8 11 0.021000374 
603 885 9 12 0.02098709 
672 781 7 10 0.020984063 
149 837 9 12 0.020973826 
433 740 9 10 0.020933328 
733 918 10 12 0.020918112 
296 776 8 10 0.020887211 
865 883 9 11 0.020882206 
646 687 7 9 0.020878717 
221 767 8 10 0.020833846 
85 1031 9 11 0.020827059 
193 1075 11 14 0.020825956 
627 919 19 24 0.020821925 
592 934 10 13 0.020821838 
312 940 9 12 0.020818628 
657 662 8 10 0.020806096 
15 1159 13 18 0.020805934 
598 822 7 10 0.020802751 
597 1054 11 15 0.020801371 
861 1069 10 12 0.02079429 
321 823 9 11 0.020790963 
478 1197 10 14 0.020782752 
215 990 11 12 0.02076658 
551 599 8 9 0.020760223 
568 1014 18 24 0.02075886 
128 1062 10 12 0.020753058 
819 938 17 23 0.020723894 
644 1229 10 15 0.020716049 
178 990 18 22 0.020706117 
23 478 10 11 0.020684116 
502 1317 22 28 0.020676574 
710 908 10 13 0.020666663 
543 1121 22 31 0.020655787 
79 445 9 10 0.020650372 
535 632 7 8 0.020646024 
85 1245 11 15 0.020640098 
573 900 9 12 0.020628585 
390 689 18 24 0.020613687 
591 697 8 9 0.020611921 
814 1032 8 10 0.020597797 
703 734 6 8 0.020595161 
477 1228 12 16 0.020590007 
593 984 8 11 0.020589314 
112 919 19 22 0.020580733 
191 433 7 8 0.020558553 
454 678 9 11 0.020545479 
687 1199 19 23 0.020535955 
272 806 7 9 0.020533832 
208 1275 15 20 0.020533642 
286 971 10 13 0.020530703 
545 512 8 10 0.020528926 
612 870 9 12 0.020523699 
789 974 10 13 0.020506162 
733 1261 13 16 0.020489302 
95 1338 18 23 0.020466527 
681 655 8 10 0.020462777 
215 1131 11 14 0.02046268 
439 663 8 10 0.020445067 
614 1197 10 14 0.020434724 
615 893 9 12 0.020433865 
144 901 10 12 0.02042062 
568 749 7 10 0.02041333 
319 688 9 10 0.020389391 
320 757 8 10 0.020368705 
407 655 8 10 0.020365251 
613 990 9 12 0.02035946 
501 1315 14 17 0.020345338 
453 663 8 9 0.020340266 
845 1267 11 15 0.020290129 
177 863 8 12 0.02028924 
830 1081 17 23 0.02028532 
767 1077 11 13 0.02028467 
407 670 9 11 0.020284025 
61 1118 9 12 0.020282347 
69 1016 10 11 0.020281745 
735 799 7 10 0.020276163 
768 964 10 12 0.020273194 
501 1179 12 16 0.020261317 
229 814 8 11 0.020257037 
186 1229 13 17 0.0202526 
57 840 9 11 0.020246709 
576 656 7 9 0.020244662 
135 1165 11 16 0.020240014 
670 678 8 10 0.020229243 
127 973 8 11 0.020218385 
181 926 10 12 0.020214817 
397 1249 20 23 0.020213313 
629 855 9 11 0.020201713 
628 978 18 22 0.020198695 
458 715 109 139 0.02019237 
766 1260 12 16 0.020191437 
287 1091 10 11 0.020190435 
819 1318 20 28 0.020173904 
536 647 8 9 0.02014978 
596 1063 18 23 0.020146692 
116 1186 18 22 0.020136058 
504 534 7 9 0.020131385 
531 1324 23 29 0.020128656 
825 1091 10 11 0.020128436 
600 864 19 22 0.020123562 
871 999 10 13 0.020116689 
518 989 9 12 0.02011618 
552 607 8 10 0.02010445 
168 966 9 11 0.020103589 
181 1062 9 12 0.020102387 
583 671 7 9 0.02009953 
102 1146 13 15 0.02009664 
521 631 8 10 0.020092864 
801 1339 16 20 0.02007825 
702 970 11 14 0.020076778 
437 1285 15 19 0.0200604 
248 987 12 13 0.020059936 
941 1041 9 10 0.020054651 
434 1168 20 25 0.020033374 
496 992 9 11 0.020032542 
103 1189 10 12 0.02002078 
23 1126 11 13 0.020019408 
590 893 10 12 0.020017926 
