21_Festival_Festival_21_107
365
180 221 57 69 0.6995783 
597 188 44 54 0.6818059 
845 189 17 22 0.5452011 
1000 192 16 18 0.48308367 
942 262 20 26 0.44598308 
999 256 16 22 0.4200347 
603 243 44 55 0.41374224 
789 200 27 33 0.37850696 
920 185 17 21 0.32420412 
837 259 23 26 0.28044364 
476 199 50 60 0.27231792 
952 206 10 13 0.2348258 
948 188 12 14 0.21115866 
981 237 15 18 0.20523001 
908 173 11 14 0.18856262 
928 266 21 26 0.1788357 
965 196 12 15 0.17545615 
743 274 21 26 0.1747509 
970 217 13 16 0.17078109 
706 326 18 21 0.16402937 
690 226 31 39 0.16384873 
781 176 13 16 0.16229011 
917 238 14 17 0.1610745 
906 179 12 15 0.15389787 
970 256 16 19 0.14627779 
964 237 12 15 0.14502719 
636 264 29 42 0.14446197 
301 127 12 15 0.14278498 
966 270 12 17 0.129912 
967 212 12 15 0.1229803 
197 530 46 59 0.11764433 
942 235 13 15 0.115253225 
956 208 13 17 0.1128717 
846 236 16 22 0.112293385 
827 227 17 20 0.11047921 
974 197 11 14 0.11019936 
1001 282 12 16 0.107005924 
654 275 27 37 0.105160564 
927 258 15 18 0.103442825 
198 109 13 17 0.10339204 
948 195 11 14 0.10177752 
862 218 14 18 0.10041235 
962 243 14 18 0.098790646 
564 226 26 33 0.09733512 
862 155 16 18 0.09421642 
966 249 15 18 0.09341364 
881 181 11 14 0.09313925 
832 368 13 16 0.09226527 
965 203 12 15 0.09019227 
904 186 11 15 0.08885129 
1010 260 10 15 0.0878949 
779 280 23 31 0.0867974 
975 204 11 14 0.08545368 
979 199 10 13 0.08396562 
400 366 37 48 0.082697414 
297 127 20 25 0.0805112 
898 154 17 20 0.08011035 
957 163 12 13 0.07937969 
726 315 15 23 0.07569761 
987 226 13 16 0.07510801 
87 243 54 75 0.07472472 
940 220 13 15 0.07396297 
785 172 14 17 0.073634796 
318 415 30 37 0.07216145 
938 228 15 18 0.07002089 
991 215 11 13 0.068849444 
1004 183 11 12 0.068224795 
1014 276 10 16 0.06593417 
907 212 14 18 0.06543609 
883 185 13 15 0.06507548 
990 220 13 16 0.06440922 
337 130 24 28 0.06440643 
778 237 16 21 0.06394641 
1014 157 9 14 0.063935064 
902 217 15 18 0.0638923 
1014 163 9 14 0.062917955 
240 105 15 20 0.06268006 
972 243 15 18 0.062042627 
816 201 13 20 0.061644524 
842 315 16 18 0.061321087 
1012 215 9 12 0.06130684 
761 336 15 21 0.05907778 
819 218 13 17 0.058752 
14 77 11 16 0.058582835 
0 152 12 21 0.0573663 
941 242 15 17 0.057344746 
1012 238 9 13 0.057103895 
140 539 40 47 0.05637807 
708 371 22 28 0.05637618 
94 122 13 16 0.05628522 
1005 242 14 17 0.055819772 
752 331 22 31 0.055444334 
947 252 15 19 0.055128254 
801 164 12 14 0.05406162 
763 572 13 15 0.053948306 
367 476 15 18 0.053682957 
891 273 15 18 0.053644888 
932 292 15 19 0.053636372 
176 83 90 120 0.053207938 
894 161 15 18 0.05282686 
1006 176 9 11 0.052239116 
925 212 12 15 0.05218808 
50 132 16 19 0.0516031 
1001 236 10 14 0.05110033 
969 265 15 18 0.051045816 
789 340 14 20 0.049824987 
586 236 44 54 0.048780173 
920 244 16 17 0.048380084 
768 329 27 32 0.048377093 
560 222 43 52 0.04819611 
1013 268 10 15 0.04751395 
859 201 13 17 0.047325913 
180 520 23 35 0.047073834 
1004 218 13 14 0.047041163 
812 238 13 15 0.046853628 
876 243 18 21 0.046250556 
609 279 38 49 0.046059687 
986 242 13 16 0.04581003 
833 155 18 21 0.04523182 
878 509 11 12 0.045029003 
679 284 24 31 0.04492248 
954 267 15 19 0.04442764 
990 264 14 19 0.044281576 
561 194 46 52 0.04358509 
925 203 13 16 0.043440074 
598 228 40 45 0.043014813 
723 242 23 30 0.04280578 
287 133 10 13 0.042407934 
667 287 26 34 0.042202197 
940 172 11 13 0.042036586 
942 250 14 17 0.04202541 
858 282 18 21 0.041819505 
702 300 14 17 0.04159443 
670 66 93 112 0.04143258 
319 114 14 17 0.041205283 
844 245 24 28 0.04107723 
933 171 12 14 0.040620673 
819 254 16 19 0.040044393 
691 291 14 19 0.039931424 
995 219 14 16 0.039758544 
69 421 38 32 0.039663054 
975 288 15 18 0.039409563 
831 293 14 19 0.039371908 
867 282 15 19 0.039117508 
888 220 12 15 0.039024957 
811 211 20 28 0.038773343 
1014 171 10 13 0.03813491 
951 157 11 14 0.038006455 
829 254 21 27 0.037910543 
886 196 13 15 0.03783188 
997 227 14 17 0.037591193 
869 172 12 13 0.037559617 
726 228 26 35 0.037059832 
926 172 15 16 0.03673282 
919 267 21 28 0.03660935 
704 283 13 16 0.036594853 
818 297 22 29 0.036533114 
971 275 12 14 0.036057882 
924 292 16 22 0.035790857 
55 6 40 53 0.035576098 
805 169 14 18 0.035564244 
300 119 11 13 0.035442784 
795 335 14 20 0.03535297 
652 284 16 24 0.035268962 
222 330 33 54 0.035110194 
727 257 14 16 0.034925524 
807 276 15 18 0.034692958 
837 187 16 20 0.03459839 
848 262 19 23 0.034360867 
850 190 20 25 0.034081064 
775 173 15 17 0.033898104 
878 173 11 14 0.03379192 
700 224 38 48 0.033741247 
908 181 20 25 0.033664927 
903 167 19 26 0.033555765 
931 251 14 18 0.03355015 
575 236 32 46 0.03352709 
804 307 13 16 0.033391356 
885 173 12 15 0.033239376 
631 285 28 42 0.033235963 
762 169 14 16 0.033165637 
833 234 24 27 0.033002347 
152 84 12 17 0.032719042 
549 214 33 44 0.032438688 
620 257 36 49 0.032435525 
204 102 56 74 0.03241633 
878 250 24 28 0.03229704 
965 228 13 16 0.03221207 
888 203 11 13 0.031993937 
7 171 27 36 0.03162237 
933 212 12 16 0.031454183 
732 279 23 27 0.031276904 
796 212 24 31 0.03103395 
892 180 12 14 0.030866636 
998 175 10 12 0.030850781 
931 196 11 14 0.030583166 
1011 94 11 15 0.030442944 
958 188 11 16 0.030441688 
971 190 12 15 0.030166294 
978 257 15 21 0.0299123 
851 231 21 26 0.029862855 
834 331 16 23 0.029857105 
860 297 15 19 0.029854206 
270 316 26 30 0.029809423 
909 167 10 14 0.029789284 
874 233 17 19 0.029776577 
456 174 81 99 0.02957598 
848 270 24 27 0.029107057 
998 180 20 25 0.029083041 
944 202 12 16 0.029070057 
980 180 11 13 0.029064478 
356 453 12 16 0.028854173 
700 292 15 19 0.028846666 
342 54 9 13 0.028779987 
800 159 10 13 0.028682495 
640 297 29 40 0.028617166 
718 234 11 16 0.02860309 
867 214 15 18 0.028596342 
983 222 11 14 0.028511947 
152 78 11 14 0.028491085 
179 517 46 62 0.028465545 
735 328 23 32 0.028394947 
767 240 14 19 0.028372917 
1006 249 19 28 0.028366502 
700 351 17 21 0.028345168 
944 184 19 23 0.028337974 
807 241 15 17 0.028200254 
227 196 16 20 0.028196106 
874 225 15 18 0.028173823 
611 13 13 16 0.028045725 
578 238 17 24 0.027971908 
958 217 13 16 0.027926892 
676 296 15 20 0.027886553 
393 329 17 20 0.027884593 
822 190 10 13 0.02786066 
917 126 13 13 0.027798792 
733 234 14 17 0.027796784 
963 163 11 13 0.02772655 
589 26 46 67 0.027689552 
454 154 29 36 0.027356481 
984 166 11 13 0.027085435 
907 298 15 17 0.026982479 
977 158 9 11 0.026870003 
881 222 22 26 0.026797691 
295 0 346 441 0.026779285 
720 90 13 17 0.026603905 
893 171 12 15 0.026591428 
313 394 29 31 0.02652443 
928 168 11 12 0.0264447 
973 247 21 25 0.026373176 
591 262 44 55 0.026269246 
911 241 15 17 0.02626576 
918 212 13 16 0.026260372 
845 183 14 17 0.026174199 
91 128 14 17 0.026130635 
904 195 11 13 0.026127474 
747 285 18 22 0.026055368 
978 297 13 17 0.025957573 
780 218 12 15 0.025926596 
324 109 13 17 0.025906023 
260 464 14 18 0.02587756 
967 193 18 22 0.025754396 
889 216 20 23 0.025737114 
45 564 12 14 0.025634846 
844 228 16 19 0.025603823 
724 321 21 32 0.025505662 
991 292 11 16 0.025448268 
744 270 13 16 0.02544413 
890 163 22 27 0.025440764 
988 251 22 28 0.025372809 
956 249 15 17 0.025353596 
385 378 34 37 0.025352454 
313 425 48 60 0.025346044 
85 132 14 17 0.025303993 
786 138 16 21 0.025221162 
892 212 14 17 0.025198651 
226 536 49 62 0.025165526 
998 316 21 30 0.025133543 
705 285 23 25 0.025108702 
861 323 15 20 0.024969274 
955 60 27 33 0.0248862 
704 65 26 37 0.024854025 
989 169 12 15 0.02475163 
674 281 16 22 0.02467444 
620 300 29 40 0.024672251 
674 296 26 33 0.024667846 
1013 189 9 15 0.024562042 
757 323 16 21 0.024369966 
598 296 33 41 0.0243413 
835 170 14 15 0.0243364 
653 252 12 15 0.024302837 
354 462 28 34 0.02423097 
932 280 16 20 0.024122143 
1014 179 10 13 0.02400071 
324 120 12 17 0.023904435 
946 147 12 15 0.023842592 
889 244 15 19 0.023788936 
726 290 14 19 0.023770534 
971 226 13 17 0.023751365 
878 166 10 13 0.023704775 
127 85 12 15 0.023673221 
709 278 14 16 0.02348862 
837 307 17 22 0.02313044 
795 284 15 21 0.023093862 
780 139 14 20 0.023038682 
887 165 11 14 0.023032598 
821 233 24 27 0.022986192 
176 311 54 73 0.022985518 
932 177 12 16 0.022982322 
810 270 16 19 0.022806589 
97 62 180 210 0.022791715 
824 183 9 11 0.022618325 
698 241 18 22 0.022527926 
944 181 11 14 0.022480674 
82 139 14 16 0.022437949 
269 149 10 12 0.022413462 
214 103 15 23 0.022374786 
636 287 17 25 0.022351623 
765 230 24 32 0.022280399 
917 225 23 26 0.022178225 
901 242 12 17 0.022138892 
883 281 17 19 0.022052566 
887 174 20 25 0.02201097 
829 163 24 27 0.02199654 
836 285 15 18 0.021921918 
830 556 11 13 0.02187883 
860 259 14 17 0.02179059 
56 92 26 33 0.021741346 
896 494 11 12 0.021710303 
868 247 24 28 0.021699453 
941 154 13 15 0.021698877 
805 322 14 16 0.021667378 
933 204 11 15 0.021579742 
506 200 29 37 0.021528438 
833 220 18 19 0.021526614 
306 124 15 19 0.021516029 
775 220 26 33 0.02149528 
163 524 42 55 0.021419328 
14 9 23 37 0.021351485 
690 319 27 34 0.021282664 
916 172 11 14 0.021281028 
712 320 17 25 0.021246057 
567 202 27 34 0.02121796 
23 558 12 14 0.021181118 
645 402 33 50 0.021121692 
974 180 11 14 0.020962637 
866 148 17 21 0.020888736 
830 187 13 16 0.020834403 
981 212 10 13 0.020825386 
603 15 25 38 0.02077355 
795 195 18 23 0.0206678 
201 129 26 33 0.020665811 
908 206 12 15 0.020658128 
951 172 11 14 0.020450372 
753 290 17 21 0.020444429 
652 312 13 20 0.020428015 
804 314 14 17 0.02039263 
830 176 24 29 0.020389857 
957 171 11 13 0.020356828 
759 125 11 14 0.020264184 
761 193 17 21 0.020258453 
389 345 17 19 0.020144664 
809 302 24 32 0.020124927 
965 183 14 16 0.020047853 
760 335 25 34 0.02000211 
