21_Festival_Festival_21_605
99
937 258 31 39 0.99951863 
178 113 62 80 0.9993099 
806 76 64 87 0.9992848 
447 31 79 110 0.99854064 
312 64 72 94 0.99804485 
634 56 67 96 0.9977785 
985 185 19 24 0.956883 
993 267 28 35 0.9347979 
87 268 18 28 0.8898926 
7 249 15 22 0.8439767 
53 280 13 17 0.77178234 
36 233 13 17 0.75346345 
60 239 15 22 0.744627 
757 162 25 31 0.6523923 
42 261 10 14 0.5658986 
31 230 13 16 0.38496694 
72 319 12 14 0.27127862 
78 161 12 14 0.25798726 
935 207 18 21 0.23200026 
1 230 8 12 0.2100598 
6 222 9 12 0.20031115 
63 230 13 17 0.14782636 
84 316 11 14 0.11952345 
63 302 13 15 0.11767918 
88 264 13 19 0.10079821 
964 226 14 19 0.0902633 
124 275 11 16 0.090177424 
7 240 9 13 0.08964389 
56 268 11 15 0.089452356 
999 297 13 18 0.08785591 
75 244 10 14 0.08545228 
12 222 9 11 0.07385538 
932 219 25 30 0.07367023 
148 193 12 15 0.07242068 
60 266 11 14 0.07188504 
994 286 27 39 0.069537535 
77 235 12 15 0.06923399 
961 194 13 17 0.06270743 
48 208 9 11 0.062239524 
64 235 16 21 0.06187682 
3 223 9 13 0.061720084 
56 262 10 13 0.058292706 
64 223 12 13 0.05579038 
38 256 17 23 0.054833293 
48 278 13 18 0.051299218 
959 95 40 50 0.051058255 
69 222 11 13 0.049404435 
45 254 11 14 0.048615444 
896 263 33 45 0.04718822 
1001 287 17 21 0.04319227 
41 596 28 39 0.042700555 
2 256 10 17 0.041325115 
30 226 10 12 0.04128713 
31 206 9 11 0.039511453 
48 242 10 15 0.03917578 
36 301 12 15 0.037708633 
933 232 27 34 0.034914453 
652 249 123 119 0.03479 
40 282 12 16 0.034427196 
47 193 8 10 0.034081724 
52 213 9 11 0.033531662 
24 223 9 12 0.032864887 
22 214 8 10 0.032056823 
66 245 15 20 0.03181802 
880 254 38 51 0.031264767 
78 521 16 20 0.031111833 
42 191 8 10 0.030660493 
26 228 11 14 0.030627636 
135 199 9 11 0.029960817 
64 205 9 11 0.029040376 
728 426 62 55 0.028474761 
14 207 9 10 0.028385818 
128 199 9 12 0.027501902 
56 246 11 17 0.027461153 
13 240 10 14 0.027352534 
0 270 9 15 0.027301962 
0 327 9 14 0.026622279 
20 282 11 14 0.025917903 
76 223 11 13 0.025800781 
65 216 10 12 0.025457859 
53 208 9 11 0.025147667 
911 263 26 37 0.024666015 
0 204 7 11 0.024542881 
44 324 10 13 0.023902375 
720 284 61 61 0.023791112 
542 99 387 467 0.023103846 
4 299 10 14 0.022466581 
78 312 20 23 0.02238447 
994 262 19 20 0.022367682 
131 272 13 19 0.022192057 
66 307 15 17 0.021886533 
37 293 12 15 0.021676326 
4 331 11 14 0.021597834 
122 206 8 12 0.021479506 
395 809 133 130 0.021405546 
876 178 39 56 0.02139985 
16 276 11 14 0.021060884 
955 233 23 29 0.020880934 
1010 266 14 18 0.020594625 
