21_Festival_Festival_21_513
54
209 109 82 110 0.9970283 
505 95 81 102 0.9794757 
60 166 37 45 0.94439036 
645 210 31 38 0.7410563 
20 62 28 32 0.60808057 
980 367 18 23 0.3855674 
362 147 28 42 0.20293304 
752 132 55 96 0.14334811 
43 20 30 32 0.07194933 
633 205 47 68 0.06820078 
681 184 26 32 0.06568008 
21 34 46 51 0.0634966 
975 216 14 18 0.063325465 
988 205 10 13 0.062105786 
1001 205 11 13 0.061133984 
972 239 15 18 0.06040204 
579 79 49 70 0.054869946 
670 183 13 16 0.05345261 
669 180 27 33 0.047683932 
916 204 10 14 0.047076255 
661 193 30 35 0.042929687 
347 135 47 68 0.03966273 
650 255 36 42 0.039499577 
86 43 45 52 0.039073475 
30 15 52 58 0.039023314 
746 107 51 85 0.03795828 
612 218 49 73 0.037812594 
691 181 25 31 0.03570158 
594 513 16 17 0.034467135 
851 103 50 89 0.03285144 
959 216 14 21 0.032515936 
19 173 17 24 0.031462114 
963 214 20 26 0.031306695 
1 114 12 17 0.030855212 
974 373 17 19 0.029567886 
711 41 48 60 0.029137148 
539 89 60 79 0.028616639 
326 79 43 53 0.028345065 
57 31 50 61 0.028081033 
980 213 14 18 0.02639341 
233 0 27 28 0.026380787 
0 99 13 18 0.026250206 
939 211 12 15 0.026229056 
56 23 18 21 0.02622339 
619 290 51 70 0.024977002 
16 53 47 57 0.024473807 
645 209 19 25 0.024028376 
76 174 34 43 0.023491874 
684 156 41 54 0.022890216 
692 262 38 63 0.022597294 
996 416 15 21 0.021668408 
661 184 18 21 0.021546364 
954 219 22 31 0.020910267 
539 957 12 15 0.020340491 
