21_Festival_Festival_21_378
678
637 242 19 23 0.9214996 
742 214 13 14 0.8853656 
47 214 9 11 0.8743244 
914 230 10 13 0.84444034 
908 275 16 21 0.8309092 
716 217 13 15 0.81976223 
969 216 10 12 0.802381 
335 207 8 10 0.76137894 
821 221 10 13 0.73641425 
191 212 10 12 0.7221603 
618 237 15 19 0.66656625 
365 216 9 12 0.5563117 
91 270 12 15 0.5429392 
948 222 9 12 0.53748363 
446 212 10 12 0.52049756 
681 226 12 15 0.5188951 
62 207 8 10 0.50966924 
284 206 9 12 0.49228305 
85 213 8 10 0.48892012 
399 213 14 16 0.4871444 
209 204 8 10 0.48653573 
172 213 9 12 0.4857454 
858 221 9 11 0.4805799 
780 215 11 12 0.42643946 
118 207 8 10 0.42641866 
896 223 10 12 0.4039226 
522 219 9 12 0.39136854 
597 223 8 11 0.38374177 
480 216 9 11 0.3677252 
875 224 11 12 0.36354235 
120 228 9 12 0.3454321 
137 241 10 13 0.3438142 
764 289 11 14 0.33778852 
839 225 8 10 0.3297388 
80 212 9 11 0.31817284 
864 247 8 11 0.31472686 
968 238 10 12 0.31208774 
377 208 9 11 0.3088159 
424 278 8 11 0.2993146 
273 214 9 11 0.29738906 
547 228 8 12 0.29386342 
258 216 8 10 0.2846577 
258 220 9 12 0.28045347 
287 212 9 11 0.2789556 
234 222 9 13 0.26760828 
30 209 10 12 0.26656842 
838 274 11 13 0.2625111 
125 229 9 12 0.25898406 
693 211 10 14 0.2552104 
352 215 8 10 0.24841967 
544 222 8 11 0.2407002 
309 263 8 12 0.23893188 
628 216 10 13 0.23286231 
302 208 8 10 0.21995124 
457 502 141 97 0.20914765 
118 254 10 12 0.20900752 
381 213 9 12 0.2057681 
869 246 10 12 0.19825538 
304 215 8 9 0.19719708 
114 208 7 9 0.19099185 
501 238 9 11 0.18974729 
542 215 8 10 0.1892324 
137 208 8 10 0.18768637 
465 221 8 10 0.1869092 
996 234 10 14 0.18004936 
898 237 10 13 0.17958765 
799 223 9 11 0.17853032 
899 270 16 21 0.17801298 
414 269 8 12 0.17745852 
137 213 9 10 0.17029704 
60 286 10 13 0.16292794 
142 214 9 11 0.15975037 
432 213 9 10 0.1586515 
478 309 10 12 0.15792978 
725 220 9 13 0.156734 
810 306 9 12 0.15610373 
821 240 8 10 0.15040371 
153 208 7 8 0.1495864 
7 182 9 11 0.1465964 
487 216 8 10 0.14302874 
486 304 10 12 0.14290354 
256 206 8 9 0.14242375 
494 214 8 10 0.13648947 
172 208 10 12 0.13635573 
96 207 8 10 0.13597195 
351 208 8 9 0.13540703 
647 223 11 13 0.13519871 
281 201 9 11 0.13403396 
984 231 11 13 0.13336971 
669 231 10 13 0.13063316 
225 208 8 9 0.13055584 
729 246 8 11 0.1302969 
357 245 10 12 0.13011804 
424 220 8 10 0.12881085 
342 207 7 9 0.12767515 
583 216 8 11 0.12728614 
153 231 8 11 0.12684096 
423 215 8 10 0.12392927 
825 295 10 12 0.12358961 
861 217 9 11 0.12261985 
77 303 11 12 0.120991714 
383 219 9 12 0.12032934 
561 224 8 11 0.11898742 
538 214 7 10 0.11673328 
807 228 8 10 0.11533624 
330 207 8 10 0.11262068 
990 231 12 15 0.11210155 
430 271 8 12 0.11021209 
72 239 9 12 0.110176384 
669 248 9 12 0.10850213 
827 312 12 13 0.10666565 
360 207 8 9 0.106518336 
141 208 8 10 0.106471285 
118 248 8 10 0.10641951 
441 213 9 11 0.106109075 
464 217 8 9 0.10606804 
569 307 9 11 0.10553415 
464 252 8 11 0.10535989 
502 268 8 11 0.10461934 
880 250 11 14 0.103720956 
425 284 9 12 0.102999315 
832 246 8 10 0.102572 
480 519 82 56 0.10255995 
157 208 8 9 0.10159756 
767 310 11 14 0.09942135 
0 222 9 12 0.09849316 
426 292 9 12 0.09607637 
847 293 10 11 0.09590976 
458 268 11 14 0.09587469 
804 245 9 12 0.09439227 
502 233 8 10 0.09420661 
208 275 8 11 0.09405314 
213 205 8 9 0.09323164 
429 294 10 12 0.09220932 
318 207 8 9 0.091792025 
373 237 10 13 0.09093329 
567 224 8 10 0.09006197 
759 221 9 11 0.08964093 
198 236 9 11 0.08901922 
727 262 9 11 0.088963486 
509 222 8 10 0.0875857 
469 222 8 9 0.08678507 
57 208 8 10 0.086681895 
1012 260 10 16 0.08594813 
502 278 9 12 0.08587615 
174 222 8 9 0.08566464 
941 253 14 20 0.085199915 
313 207 8 10 0.0850496 
895 253 10 14 0.08476137 
524 216 8 10 0.08213161 
230 207 8 9 0.08205799 
374 233 9 11 0.08172205 
353 219 9 12 0.08169019 
505 215 8 10 0.07985441 
263 198 9 11 0.0794927 
964 258 17 19 0.078226395 
928 231 10 12 0.07811442 
2 195 9 13 0.07799815 
377 187 10 12 0.07794815 
886 310 13 17 0.07712312 
237 228 9 13 0.076085486 
761 246 8 10 0.07579214 
165 248 8 10 0.0756479 
404 208 12 15 0.07460664 
1000 326 10 13 0.07430668 
392 214 10 12 0.07332255 
70 281 9 11 0.07309628 
752 302 10 12 0.07279944 
452 208 9 12 0.07227631 
581 236 9 9 0.07120451 
429 300 10 12 0.071043566 
409 265 9 11 0.07047455 
1014 235 9 13 0.0703921 
688 213 10 13 0.07036402 
359 239 9 11 0.06909585 
411 287 7 9 0.06891804 
297 205 9 12 0.06877593 
162 247 8 9 0.068039015 
509 215 8 9 0.068005316 
997 252 10 13 0.067792185 
239 236 8 11 0.0675179 
848 287 9 11 0.067410976 
424 273 10 12 0.067403995 
801 240 9 11 0.067067266 
166 262 7 10 0.06680137 
565 229 8 11 0.066356376 
576 223 7 9 0.06586319 
853 261 8 11 0.065841325 
564 294 9 12 0.06543868 
839 293 12 12 0.064883284 
143 219 9 11 0.06442933 
154 238 8 9 0.06363185 
103 209 7 9 0.06336317 
73 213 9 10 0.06317048 
392 254 8 11 0.063068055 
469 254 8 10 0.06277758 
858 246 9 11 0.06255867 
146 191 7 9 0.06252644 
361 219 10 12 0.06252556 
86 238 9 11 0.062375784 
237 216 9 11 0.061944272 
78 254 9 11 0.061383173 
194 239 8 10 0.061344557 
662 223 9 11 0.06121381 
231 215 9 10 0.060641963 
312 230 9 11 0.060546964 
225 213 9 10 0.060325395 
880 288 9 10 0.060204744 
150 214 7 9 0.059845276 
968 232 9 11 0.05959276 
756 303 10 13 0.059339236 
808 280 10 14 0.05918725 
4 190 10 13 0.058871157 
277 212 11 13 0.058330934 
249 201 8 10 0.058118884 
118 211 8 10 0.058060937 
696 247 8 11 0.057783823 
840 284 10 12 0.05745146 
970 242 12 14 0.057274837 
506 308 10 14 0.05700397 
503 244 8 10 0.056909677 
175 230 7 9 0.05690015 
816 229 8 10 0.056838054 
238 206 7 9 0.056433454 
560 278 8 10 0.056382246 
31 255 9 11 0.05617379 
127 207 8 10 0.05617288 
467 325 10 14 0.05612359 
594 228 10 11 0.05597098 
839 237 8 11 0.05566665 
536 209 8 10 0.055349756 
320 214 8 9 0.054839697 
114 253 8 10 0.05478188 
196 208 9 10 0.05463345 
889 304 11 13 0.05429406 
304 246 8 11 0.05387881 
835 229 9 11 0.05373109 
933 234 12 15 0.053728737 
113 223 9 11 0.05366263 
828 299 10 12 0.053485997 
428 276 10 12 0.053439956 
305 267 9 12 0.053355962 
263 192 9 10 0.053214904 
909 258 15 17 0.05311551 
498 270 9 10 0.05303101 
893 301 12 14 0.053006496 
747 218 11 14 0.05292833 
289 220 9 11 0.05240517 
305 220 8 10 0.05239038 
41 277 9 11 0.052350912 
27 207 8 11 0.052240007 
849 262 8 11 0.052034426 
106 296 8 11 0.05187044 
942 235 13 16 0.051695958 
733 278 12 16 0.05150844 
567 239 8 10 0.05133552 
534 296 8 10 0.05087166 
567 246 8 10 0.050585594 
320 237 8 10 0.050422806 
87 209 8 10 0.05040604 
702 229 9 11 0.050296456 
221 238 8 10 0.050269958 
174 199 8 10 0.05021639 
309 248 9 12 0.050147012 
335 202 7 9 0.05006623 
328 202 8 9 0.04971278 
418 278 8 11 0.04956969 
846 222 8 10 0.04954767 
86 220 9 11 0.04933723 
856 227 10 11 0.049123842 
1014 334 8 13 0.0490321 
578 231 8 10 0.04884996 
110 300 7 10 0.048807524 
109 295 9 11 0.04865355 
113 248 8 10 0.04845661 
896 281 13 16 0.048425145 
950 218 9 11 0.048136074 
992 262 12 16 0.04810377 
88 245 10 11 0.048102546 
901 243 10 12 0.04801522 
234 237 8 10 0.04795237 
318 201 8 10 0.047930043 
62 211 9 11 0.047850363 
169 232 7 9 0.047835212 
970 262 17 21 0.04777715 
368 253 10 12 0.0477676 
55 261 9 11 0.0476666 
112 212 9 10 0.04726498 
456 263 11 13 0.047223557 
550 237 9 11 0.047164954 
792 285 9 12 0.04712252 
509 303 9 11 0.04702409 
310 214 8 10 0.046914376 
914 339 15 19 0.04689269 
21 286 7 9 0.04663578 
790 303 10 13 0.046371613 
529 310 8 10 0.04633133 
190 246 8 11 0.046113268 
96 212 8 9 0.045639805 
621 233 11 13 0.045613583 
63 268 9 12 0.045612942 
792 231 9 10 0.045593783 
105 301 9 10 0.045415074 
948 226 11 14 0.04534944 
294 239 8 11 0.045336604 
115 228 9 12 0.04518674 
925 257 13 18 0.04472868 
526 271 8 10 0.04454499 
429 315 10 13 0.044348363 
945 217 8 11 0.04397124 
640 229 11 13 0.043909956 
855 253 9 12 0.043603484 
980 260 11 16 0.043599922 
423 252 9 11 0.043586537 
415 207 9 11 0.043286704 
413 549 31 34 0.04313838 
542 534 35 33 0.043127052 
368 245 9 11 0.04293729 
577 216 8 10 0.04269511 
262 206 8 10 0.04253171 
503 209 9 10 0.042447783 
76 295 10 12 0.04235605 
56 277 9 11 0.042031206 
112 199 7 9 0.041803785 
795 221 8 11 0.04164028 
80 200 7 8 0.041418973 
1007 235 10 13 0.041216694 
159 212 8 10 0.0407063 
45 209 19 23 0.040695153 
191 263 7 9 0.04055322 
830 215 8 11 0.040461846 
93 246 9 11 0.040430218 
1007 266 11 14 0.040390715 
498 233 8 10 0.040214293 
141 233 9 10 0.04010562 
71 208 8 9 0.039959047 
704 223 9 12 0.03984049 
380 184 10 12 0.039659575 
653 223 11 13 0.039593056 
782 230 9 11 0.039578434 
41 199 7 9 0.039392788 
832 222 8 11 0.039343603 
271 208 8 10 0.039196346 
397 254 8 10 0.038926717 
231 200 9 10 0.03888642 
960 254 12 17 0.038601134 
911 226 17 22 0.03842314 
878 238 9 11 0.038367994 
165 253 7 10 0.03823687 
414 199 9 10 0.038038686 
472 217 8 9 0.03784595 
574 304 9 11 0.037595626 
414 285 9 11 0.037563942 
852 285 10 11 0.03755329 
158 239 7 8 0.037529618 
129 237 9 11 0.03752705 
845 277 10 13 0.03723314 
72 332 14 16 0.036998786 
679 216 10 12 0.036907896 
328 213 8 9 0.03672153 
193 200 8 9 0.036710266 
934 250 14 19 0.03641747 
345 240 7 10 0.036348872 
392 196 10 12 0.036301278 
1013 254 11 16 0.036296938 
224 232 7 10 0.036274817 
550 224 8 11 0.036169987 
495 246 9 11 0.036155768 
157 230 8 11 0.0361537 
832 252 9 11 0.035895146 
423 209 8 10 0.035810042 
248 237 8 11 0.035781067 
510 209 8 10 0.035730038 
302 283 8 11 0.035685457 
617 233 10 11 0.03560814 
792 279 9 13 0.035596 
96 201 8 9 0.035490476 
61 223 9 11 0.035375793 
121 305 7 8 0.035281844 
966 212 17 21 0.03524222 
327 263 12 14 0.03479211 
85 231 10 12 0.03472057 
512 240 9 10 0.034624577 
889 223 9 12 0.034481708 
844 269 9 12 0.034373324 
318 232 8 10 0.034328457 
151 199 8 9 0.034255885 
230 279 9 12 0.034253433 
665 234 11 13 0.034182236 
456 252 10 12 0.0341806 
974 231 9 12 0.03412005 
559 216 8 9 0.03392282 
733 247 9 11 0.033838104 
495 209 9 10 0.03383707 
895 258 12 17 0.03364957 
184 264 8 10 0.03325055 
960 244 10 13 0.033177413 
870 241 10 11 0.033164084 
191 254 7 10 0.03316359 
199 289 7 9 0.033158023 
255 236 12 14 0.033045366 
402 308 9 12 0.03303852 
833 240 8 10 0.033031195 
489 252 9 11 0.032923155 
447 218 9 11 0.032915052 
365 208 9 10 0.032823466 
55 271 10 12 0.032664478 
39 248 8 10 0.03257189 
349 200 9 11 0.032519057 
53 213 9 11 0.032446522 
551 542 40 31 0.032422688 
104 199 7 9 0.032409836 
150 222 8 11 0.032243848 
435 460 242 212 0.032239247 
902 217 8 11 0.032200936 
326 246 9 10 0.031853095 
62 262 9 11 0.031716794 
792 236 8 11 0.031635314 
85 306 10 11 0.03161071 
16 198 8 10 0.031477697 
936 223 9 11 0.03144889 
545 236 9 11 0.031316407 
247 232 8 11 0.031299807 
783 210 9 12 0.031263378 
729 252 10 13 0.031258143 
911 215 10 11 0.031079177 
391 247 8 11 0.03106494 
785 303 10 14 0.030935349 
535 301 7 10 0.03088036 
289 238 9 11 0.030804735 
464 318 11 14 0.030797744 
288 519 46 37 0.030639907 
375 199 11 13 0.030570615 
900 251 13 16 0.030566234 
684 233 11 14 0.03053004 
479 209 9 11 0.030386541 
294 216 8 10 0.030334756 
727 241 8 10 0.03020667 
760 240 9 11 0.03015476 
391 238 8 10 0.030145738 
22 224 10 12 0.030144135 
63 201 8 10 0.030108636 
162 263 8 10 0.030092012 
534 311 8 10 0.029905783 
255 227 12 14 0.029859468 
885 287 9 12 0.029795084 
718 223 12 16 0.029638473 
991 252 11 14 0.02947766 
113 262 9 11 0.029441519 
552 313 8 11 0.029382307 
128 305 7 9 0.029343288 
357 250 11 14 0.029239794 
578 237 8 10 0.029132241 
1006 332 10 13 0.029089667 
472 262 8 10 0.02894879 
41 214 9 11 0.02883288 
544 313 8 10 0.02876559 
940 242 14 19 0.028729942 
26 165 8 10 0.028723298 
239 201 8 9 0.028716095 
909 321 11 15 0.028674949 
369 232 7 9 0.028648073 
719 238 8 10 0.028602794 
128 214 8 9 0.02850632 
799 217 8 10 0.028439645 
153 245 8 11 0.028431773 
13 176 8 10 0.028367057 
362 211 17 22 0.028357437 
582 302 8 10 0.028351732 
23 192 8 10 0.028350491 
210 296 8 10 0.028264713 
513 294 8 10 0.028257148 
498 284 8 11 0.02816222 
120 201 7 9 0.028071027 
834 276 10 13 0.02807078 
887 238 9 11 0.028063152 
281 231 9 11 0.027995633 
624 212 18 22 0.02797738 
758 307 12 15 0.027897032 
499 263 8 11 0.027895091 
137 220 9 11 0.027811421 
848 216 8 11 0.027748207 
898 298 15 18 0.02772391 
624 209 9 10 0.027673282 
409 199 8 10 0.027544497 
343 191 9 10 0.027538272 
505 304 10 12 0.027432295 
460 143 108 135 0.027426902 
621 249 11 14 0.027378052 
939 296 17 20 0.02732571 
872 294 8 11 0.027312811 
821 244 9 11 0.027311835 
991 224 9 11 0.027297543 
46 255 10 12 0.02706914 
791 206 8 11 0.027001409 
870 260 11 13 0.02688824 
895 294 12 14 0.026869748 
343 213 8 10 0.026869541 
173 191 8 9 0.026728269 
462 299 11 15 0.02667417 
426 310 11 13 0.026433298 
887 212 10 12 0.026371798 
111 287 9 11 0.026370138 
345 200 7 10 0.02632496 
536 198 8 10 0.026251351 
831 208 9 11 0.026236545 
62 280 10 12 0.026204756 
818 217 10 12 0.026202215 
695 252 8 12 0.026172142 
353 246 9 11 0.026105916 
159 223 7 10 0.026026824 
398 262 8 11 0.026012106 
913 270 16 20 0.025940929 
701 238 9 12 0.025933847 
78 246 8 10 0.025843898 
313 200 9 11 0.025801806 
226 278 9 10 0.025787165 
995 242 13 16 0.025732918 
463 311 9 12 0.025665017 
287 231 9 10 0.025646722 
727 226 9 13 0.025645949 
490 526 43 39 0.025602939 
900 260 13 18 0.025581826 
134 234 17 23 0.025580753 
457 247 10 12 0.025565047 
790 215 9 11 0.025452565 
111 268 9 11 0.025428366 
526 228 9 11 0.025350003 
864 240 9 10 0.02533379 
127 200 8 10 0.025322862 
254 209 18 24 0.025317458 
359 231 9 10 0.025123576 
991 247 21 27 0.025005206 
850 256 8 11 0.024999637 
158 200 8 9 0.024940824 
478 316 10 13 0.024837153 
46 199 8 10 0.024736622 
743 300 11 15 0.024725882 
880 310 12 16 0.024661891 
78 237 10 12 0.024638018 
87 199 7 9 0.024631333 
528 303 9 11 0.02461726 
984 228 20 26 0.024580896 
294 232 8 10 0.02445783 
430 220 9 12 0.024455855 
56 191 7 10 0.02441075 
169 184 8 10 0.024396678 
188 208 19 23 0.024378825 
208 262 8 10 0.024356702 
134 201 19 25 0.024348918 
170 220 9 11 0.024229242 
947 295 13 18 0.024199434 
960 221 9 12 0.023946816 
509 316 10 11 0.023946607 
776 230 10 11 0.023872862 
599 237 8 10 0.023871748 
331 201 18 24 0.0238202 
818 253 9 12 0.023775723 
210 301 9 11 0.023723165 
561 238 8 11 0.023674294 
901 289 13 17 0.023657542 
839 310 11 14 0.023652744 
134 305 8 9 0.023595242 
128 189 8 10 0.023590256 
736 220 10 12 0.02352707 
750 238 9 11 0.023524497 
749 276 12 15 0.02343947 
757 252 12 16 0.023428008 
194 233 9 10 0.023381345 
22 197 8 9 0.023341473 
797 303 9 11 0.02333672 
519 208 9 10 0.02327705 
9 177 9 12 0.023227403 
76 285 9 12 0.023205401 
443 204 18 21 0.023178747 
639 222 10 13 0.023134299 
160 278 9 10 0.023077382 
124 255 10 12 0.023068182 
206 223 9 10 0.023032993 
334 268 12 14 0.022998072 
807 217 8 10 0.022969086 
584 208 8 11 0.0229447 
200 191 8 10 0.022927979 
112 192 8 10 0.022916213 
185 254 8 9 0.022838088 
150 191 8 9 0.022728676 
878 216 9 11 0.022643778 
702 212 10 13 0.022580676 
136 201 7 9 0.022566902 
431 254 9 11 0.022553308 
135 233 9 10 0.022549348 
789 254 9 12 0.022541726 
273 181 10 12 0.022480095 
390 271 8 11 0.02247952 
462 208 9 11 0.022468707 
415 213 9 11 0.02244245 
397 198 10 10 0.022435676 
215 289 8 9 0.022434305 
898 278 22 26 0.022423094 
423 262 10 13 0.022368748 
144 198 8 10 0.02235356 
687 245 11 13 0.022324078 
1007 222 9 12 0.022290245 
393 260 8 11 0.022238294 
560 273 7 10 0.022185583 
886 292 10 13 0.022169312 
103 278 8 10 0.0221503 
771 286 10 14 0.022114774 
432 263 9 11 0.022104649 
766 301 11 13 0.022018144 
533 254 9 11 0.021968715 
672 222 10 13 0.0219358 
103 253 9 10 0.02186579 
720 246 9 11 0.021671826 
408 292 9 12 0.021670554 
776 210 18 22 0.021639138 
399 302 11 14 0.021635188 
161 121 382 423 0.021626096 
279 201 17 21 0.02159601 
45 273 11 13 0.021553583 
741 246 10 11 0.02155074 
895 216 11 13 0.021530682 
862 228 9 12 0.02152847 
384 246 9 11 0.021509089 
95 253 9 11 0.021503462 
217 232 8 10 0.02149984 
351 209 20 26 0.021437367 
102 320 11 12 0.02143712 
305 229 8 11 0.021426 
551 303 8 10 0.02138396 
102 230 8 11 0.021283865 
391 208 10 12 0.021278957 
1007 254 12 16 0.021252286 
325 239 9 10 0.021166923 
97 190 7 9 0.021152247 
687 252 11 13 0.021144172 
342 222 9 12 0.021140806 
72 201 7 8 0.021102978 
509 230 9 10 0.021082725 
494 253 8 10 0.02107825 
93 296 9 10 0.021006253 
120 236 8 11 0.020963874 
552 207 8 10 0.020920957 
914 253 14 17 0.020920876 
79 208 20 24 0.020904975 
269 232 8 10 0.020871408 
104 286 9 11 0.020827185 
270 200 9 10 0.02081326 
518 239 8 10 0.020769218 
996 265 14 16 0.020739622 
210 256 8 10 0.020736797 
120 269 8 10 0.02052842 
488 209 8 10 0.02046856 
839 300 11 13 0.020440504 
4 216 11 12 0.020440137 
280 255 7 10 0.020418193 
944 217 18 22 0.020406824 
231 217 18 24 0.020390024 
748 208 10 12 0.020388898 
22 282 8 10 0.020377029 
38 208 9 10 0.020369275 
241 264 9 12 0.020353653 
152 264 8 10 0.02034003 
268 208 21 25 0.020338468 
791 197 8 11 0.020329542 
398 296 9 11 0.020322144 
278 261 8 11 0.020288961 
192 192 7 9 0.020273332 
72 309 9 11 0.02026639 
545 317 9 10 0.020229584 
734 254 8 11 0.02013734 
696 239 8 11 0.020081967 
384 272 9 12 0.020081602 
25 260 9 12 0.020069482 
559 311 9 11 0.020048484 
167 206 18 23 0.020034999 
409 278 9 12 0.020023787 
328 255 11 12 0.020002792 
