21_Festival_Festival_21_22
1804
209 493 33 46 0.9950341 
980 406 13 15 0.8893312 
660 327 12 15 0.76728165 
687 327 10 12 0.7506375 
916 398 12 16 0.6838888 
413 347 10 13 0.67680365 
808 469 22 29 0.6138652 
526 352 8 10 0.6062689 
293 363 12 14 0.580753 
335 438 20 28 0.5736695 
316 495 19 26 0.5560682 
267 372 14 16 0.5421157 
351 379 14 17 0.5396934 
644 331 11 13 0.52721083 
892 373 11 13 0.5266106 
559 456 25 32 0.5182094 
535 415 14 20 0.5063582 
558 370 10 13 0.5017614 
354 449 16 23 0.4988517 
834 506 23 31 0.4783338 
256 327 9 12 0.45711222 
694 364 10 13 0.45644885 
327 441 20 28 0.45182317 
763 519 28 37 0.44155985 
231 457 24 29 0.4407885 
721 350 10 13 0.43207487 
667 350 12 14 0.4237649 
785 361 15 17 0.42144838 
942 333 10 12 0.41858488 
878 386 11 14 0.4150222 
902 336 8 10 0.41244817 
374 429 20 29 0.40924034 
653 407 13 15 0.40672255 
743 410 12 15 0.40465668 
152 278 9 12 0.4012092 
254 370 10 14 0.39991963 
0 358 15 22 0.39315662 
34 316 12 15 0.3925407 
573 312 8 11 0.38730618 
275 554 18 23 0.37990853 
612 403 12 16 0.3386942 
577 382 10 14 0.3385386 
990 318 8 11 0.336904 
887 461 12 17 0.32636404 
868 426 10 15 0.32532322 
568 262 8 10 0.32474 
947 435 13 16 0.3185298 
940 385 15 16 0.3166144 
855 375 11 15 0.31046554 
888 374 10 14 0.30843523 
608 318 9 11 0.30375636 
709 338 10 13 0.3025967 
160 511 23 31 0.30144 
118 265 8 11 0.2978848 
752 351 10 12 0.29515022 
344 441 17 26 0.2944216 
284 400 16 19 0.29130003 
566 347 11 13 0.28521648 
938 495 19 28 0.28195274 
871 381 10 13 0.27866802 
308 309 11 14 0.27822486 
931 403 12 16 0.27707478 
733 334 9 13 0.27549422 
1015 352 8 11 0.27400145 
560 296 8 10 0.2727802 
290 411 15 18 0.27182004 
495 374 9 11 0.26954 
667 390 13 15 0.2646752 
552 366 11 15 0.26392704 
119 292 10 12 0.26312092 
709 386 13 16 0.26248428 
980 435 13 19 0.2617711 
68 283 12 14 0.26088715 
546 302 7 10 0.25954553 
640 373 11 14 0.25839925 
824 344 11 13 0.25731096 
93 271 9 12 0.25613055 
815 375 10 12 0.2514902 
404 429 18 21 0.25104785 
919 277 7 10 0.24861479 
946 351 9 12 0.24833365 
276 424 15 22 0.2478949 
967 319 8 11 0.24555375 
784 374 12 16 0.24503623 
554 454 19 27 0.23992239 
712 397 12 14 0.23883317 
824 312 9 11 0.23693897 
854 309 9 12 0.23640624 
741 432 14 20 0.23472531 
360 333 9 12 0.23344727 
392 350 9 12 0.23325348 
168 296 10 12 0.231407 
752 308 11 13 0.23047775 
606 339 10 12 0.23000558 
803 363 10 14 0.22918883 
645 435 13 17 0.2285708 
322 294 8 10 0.22831003 
718 317 9 11 0.22764798 
895 493 18 31 0.22625704 
733 365 11 16 0.22567067 
390 295 8 10 0.22465777 
911 421 11 14 0.22394128 
854 303 8 11 0.22273369 
970 302 8 11 0.22110757 
704 342 10 12 0.21776362 
710 364 10 12 0.21766275 
982 527 21 32 0.2166872 
9 326 11 13 0.21661264 
728 389 13 17 0.21645631 
342 333 9 12 0.21576156 
501 327 9 12 0.21572173 
169 345 29 32 0.21453212 
799 319 9 13 0.2137165 
798 289 8 10 0.21277015 
600 301 8 10 0.21270421 
957 303 8 10 0.21097106 
519 333 9 11 0.2072915 
42 277 9 11 0.2067807 
337 342 9 10 0.20620218 
270 356 10 12 0.20284976 
744 293 8 10 0.2018894 
323 491 15 25 0.20145746 
516 405 11 15 0.20044279 
987 442 12 16 0.19942506 
813 297 9 11 0.1984704 
334 320 8 10 0.19704053 
320 362 11 13 0.19621062 
2 270 9 12 0.19530657 
750 288 8 10 0.19272168 
400 301 8 10 0.19148023 
766 349 9 12 0.19097032 
672 315 10 12 0.18736036 
661 442 17 22 0.18730378 
591 358 13 15 0.18659201 
384 325 8 12 0.18597265 
953 319 8 10 0.1856167 
13 318 10 12 0.18537463 
137 287 9 10 0.18400076 
341 311 8 10 0.18164477 
162 301 10 12 0.1815893 
727 369 12 15 0.1795848 
789 324 10 12 0.1793152 
903 300 8 11 0.17845005 
585 343 8 10 0.17816365 
39 299 11 13 0.17810221 
617 350 9 12 0.17691556 
902 394 11 15 0.17671798 
489 461 22 31 0.17645253 
600 341 9 11 0.17616688 
1007 333 9 11 0.17616145 
944 328 9 12 0.17576674 
744 277 7 9 0.1754721 
806 344 9 12 0.17525734 
942 442 13 17 0.17500517 
749 460 20 27 0.17322649 
382 318 8 11 0.17313683 
976 350 9 11 0.17294824 
359 405 14 17 0.17280109 
792 341 11 13 0.17263779 
125 288 8 11 0.17178051 
620 347 10 13 0.17173836 
376 398 12 15 0.1715733 
629 192 10 11 0.17057069 
694 342 8 12 0.17037722 
1013 309 8 10 0.16831492 
701 384 14 16 0.16824844 
581 431 12 16 0.16805665 
689 342 9 12 0.16787647 
510 344 9 11 0.16747318 
379 310 7 10 0.1666357 
113 268 10 12 0.16648427 
648 342 10 13 0.16637641 
562 300 7 10 0.16524835 
433 504 16 22 0.16487457 
660 415 15 20 0.16451445 
886 328 8 10 0.16401283 
743 310 9 11 0.16370468 
265 304 8 9 0.16327858 
713 318 8 10 0.1631196 
338 278 8 10 0.16253988 
312 334 9 12 0.16217363 
601 297 8 9 0.16179726 
722 475 17 22 0.16088825 
527 279 8 11 0.16080596 
978 379 13 16 0.15992562 
948 387 13 16 0.15984626 
77 268 9 13 0.15831462 
635 443 15 20 0.15792052 
368 378 11 14 0.15679497 
552 398 10 13 0.15663643 
639 359 10 13 0.15662009 
935 420 14 17 0.15490566 
360 357 11 16 0.15450096 
135 263 8 10 0.1541587 
555 404 12 16 0.15283799 
736 289 7 9 0.15023392 
448 311 8 9 0.14956959 
1002 349 8 11 0.14924757 
343 327 9 11 0.14895421 
654 309 9 12 0.14889318 
575 327 8 10 0.14873281 
393 356 9 12 0.14835224 
781 302 8 11 0.14723046 
183 468 20 35 0.1463375 
684 394 12 17 0.1450942 
872 318 9 11 0.1450176 
979 498 14 20 0.14450753 
584 294 8 11 0.14422382 
733 327 8 11 0.14385264 
590 335 8 11 0.14380914 
928 303 7 10 0.14370428 
439 305 8 10 0.14292349 
614 286 7 10 0.14162257 
101 285 9 12 0.14127408 
573 422 10 14 0.14116219 
488 367 10 12 0.14081918 
984 305 7 9 0.14053924 
583 326 8 10 0.14000462 
918 393 11 13 0.13975774 
646 359 9 12 0.13932581 
703 419 15 18 0.13923457 
767 296 8 11 0.13917513 
266 310 9 11 0.1391381 
323 264 7 9 0.13889837 
815 333 9 11 0.1382411 
573 427 14 17 0.13803138 
281 320 7 10 0.1377463 
590 287 8 10 0.13746935 
0 392 12 20 0.13734268 
526 365 10 12 0.13704152 
286 386 14 16 0.13702507 
648 295 7 10 0.13694753 
41 271 9 11 0.13674748 
632 286 8 10 0.13649295 
845 465 16 19 0.1364345 
434 474 16 25 0.13564585 
594 373 13 13 0.1338479 
928 333 8 10 0.13366419 
393 518 25 28 0.13365369 
410 343 9 12 0.13363807 
777 302 8 11 0.1334028 
623 265 8 10 0.13302682 
162 215 6 9 0.13302247 
289 335 8 10 0.13296217 
13 332 10 12 0.13281202 
735 294 8 10 0.13278387 
519 459 12 17 0.13241756 
850 310 8 11 0.13218768 
451 357 10 13 0.13183719 
1014 389 8 12 0.13178945 
536 343 9 12 0.13144869 
185 353 15 19 0.13139689 
0 277 7 12 0.13085872 
723 355 11 14 0.13071088 
897 318 7 9 0.13001724 
883 518 22 29 0.12985712 
293 334 8 9 0.12895617 
425 289 8 11 0.12890294 
790 459 15 24 0.12883914 
756 411 14 19 0.12863299 
534 277 9 11 0.12848294 
790 349 13 15 0.1277256 
688 320 10 11 0.12750931 
417 304 8 10 0.12634195 
959 340 9 11 0.12625614 
24 285 10 11 0.12527487 
567 270 8 10 0.12512513 
985 325 9 10 0.124881215 
4 267 10 13 0.12487318 
951 412 11 13 0.12414535 
573 348 10 13 0.1229499 
974 508 14 20 0.122619435 
849 355 10 13 0.12253201 
809 299 9 12 0.12243137 
614 325 8 11 0.12207243 
479 277 8 9 0.12136098 
652 348 10 12 0.12129183 
967 296 8 10 0.121216424 
266 358 10 12 0.1212071 
935 444 12 17 0.12075379 
988 342 10 12 0.120422676 
329 324 8 11 0.11984142 
585 272 10 11 0.1189104 
617 342 9 11 0.11841051 
937 336 8 10 0.11762141 
999 365 10 13 0.117597915 
664 287 7 9 0.11754438 
688 312 9 10 0.117168225 
879 294 7 10 0.1171015 
310 287 7 9 0.11680223 
1011 484 13 19 0.11636426 
22 279 10 11 0.116270736 
960 325 9 11 0.11615448 
596 364 12 12 0.11580036 
864 288 6 9 0.11563102 
653 358 9 11 0.11503911 
920 334 8 10 0.1147447 
289 325 9 11 0.11458165 
647 316 10 13 0.1143277 
799 272 8 10 0.11427759 
569 459 27 35 0.11414917 
550 326 8 11 0.11409496 
782 284 7 10 0.11398815 
984 309 8 10 0.11382817 
401 295 8 10 0.11380859 
960 335 8 9 0.11366914 
297 295 8 11 0.113364264 
681 297 7 10 0.11324948 
94 275 11 13 0.11173331 
965 540 22 29 0.11165721 
304 288 7 9 0.110847175 
5 293 9 13 0.110735185 
981 540 16 22 0.11054657 
607 294 7 9 0.11039546 
538 318 8 11 0.11022764 
257 321 8 11 0.10999063 
75 314 38 42 0.109529346 
430 286 8 11 0.10933546 
610 288 7 9 0.10932381 
677 424 12 16 0.10885514 
520 367 11 14 0.108838715 
562 278 8 9 0.1082688 
976 399 12 15 0.10715346 
417 477 20 29 0.10665056 
516 399 10 14 0.106434956 
871 323 12 15 0.10626147 
623 279 7 10 0.1061461 
53 283 10 13 0.10614153 
7 264 10 12 0.10611503 
382 334 9 13 0.10585945 
303 350 9 11 0.10510222 
777 284 9 10 0.10495427 
791 320 10 12 0.10484014 
358 437 21 29 0.10470988 
565 388 11 13 0.10422999 
374 278 8 10 0.10410417 
309 280 8 9 0.10379675 
432 282 7 8 0.1037762 
798 342 10 12 0.103645355 
969 309 8 10 0.10348214 
972 510 23 35 0.1029743 
935 303 8 10 0.10286 
303 387 11 15 0.10259188 
293 326 9 12 0.10255962 
851 350 11 16 0.102299266 
324 359 10 14 0.10224095 
989 350 9 11 0.102001384 
324 386 11 14 0.10187135 
590 341 8 11 0.10030116 
338 391 15 18 0.10005976 
531 499 20 26 0.09938169 
880 310 8 10 0.099294245 
600 326 8 10 0.09878144 
489 319 7 10 0.098703675 
135 271 9 10 0.0986609 
750 316 9 12 0.09865073 
921 304 8 9 0.098420575 
544 325 8 10 0.098420516 
749 326 8 10 0.09808004 
1001 342 8 11 0.09769774 
428 326 10 14 0.097538 
720 313 8 10 0.0975092 
696 382 13 15 0.0973011 
1012 278 8 12 0.09716964 
521 388 9 12 0.09677934 
137 293 9 11 0.096673556 
234 467 27 35 0.09646534 
365 302 8 12 0.09645218 
512 402 11 16 0.09577194 
304 302 8 9 0.09524774 
622 334 8 11 0.09516289 
353 289 8 9 0.09508791 
896 301 8 10 0.09488686 
702 348 9 12 0.0948265 
73 262 9 13 0.09472018 
590 293 8 11 0.0946451 
936 309 8 9 0.09460654 
704 302 7 10 0.093918316 
377 303 7 10 0.09377994 
861 377 12 16 0.09351009 
848 295 7 9 0.093447395 
815 394 14 17 0.09340828 
696 303 6 9 0.093383774 
383 365 9 11 0.09307182 
555 411 15 18 0.092705786 
247 325 9 13 0.09267735 
136 279 8 9 0.0926172 
764 433 15 20 0.09256596 
266 388 13 16 0.09242417 
504 279 7 8 0.09231626 
137 301 9 12 0.092218354 
639 308 8 11 0.09198779 
128 278 8 9 0.09182312 
479 332 9 11 0.091186054 
462 304 7 10 0.09072275 
962 288 7 9 0.09060226 
1009 328 10 12 0.090544395 
820 380 12 15 0.090194404 
663 343 10 12 0.0900875 
950 394 12 15 0.08986357 
463 308 8 11 0.089599214 
527 327 7 9 0.08949928 
500 412 12 14 0.089075856 
956 356 12 13 0.088718385 
812 349 10 12 0.08857066 
1009 164 14 22 0.08847297 
975 357 10 12 0.08836583 
678 365 10 12 0.088225074 
7 286 9 12 0.087985985 
750 385 12 15 0.08780883 
332 539 26 28 0.086613804 
480 356 8 11 0.08660777 
535 374 10 12 0.08631834 
909 382 10 11 0.08631765 
929 487 22 33 0.08593715 
653 437 19 26 0.08586488 
392 300 8 10 0.08583325 
853 333 11 13 0.08546136 
1007 350 9 11 0.08506081 
933 411 13 16 0.08495167 
462 466 14 21 0.084771395 
536 295 8 9 0.08453673 
1010 311 8 10 0.08434986 
936 319 8 10 0.08431282 
200 277 9 11 0.08384342 
609 324 9 10 0.08370796 
142 304 8 9 0.08370552 
643 419 14 17 0.08364648 
862 293 8 10 0.08361927 
330 320 8 10 0.083560355 
554 288 7 9 0.08309756 
218 394 17 19 0.08292378 
543 296 8 9 0.08283723 
895 394 12 14 0.08263721 
496 429 12 18 0.08238293 
350 294 8 10 0.082117066 
561 348 11 13 0.08208376 
976 343 8 11 0.08200586 
679 410 11 15 0.08199829 
687 370 10 13 0.08172049 
401 288 8 9 0.08168053 
739 365 11 16 0.081562884 
318 451 24 28 0.08150089 
846 316 10 12 0.08142127 
552 264 6 8 0.08136407 
726 302 8 10 0.08119506 
640 413 12 14 0.08118066 
497 332 8 11 0.08098489 
185 272 7 8 0.080626 
103 271 8 11 0.08059104 
498 421 14 16 0.08056576 
693 311 8 10 0.08056265 
616 295 7 10 0.08024055 
650 279 7 9 0.0800636 
289 271 8 11 0.08003264 
653 277 8 11 0.07996787 
137 310 10 12 0.07991544 
894 453 22 26 0.079621576 
432 304 8 11 0.07952924 
270 433 23 30 0.07948497 
633 303 9 10 0.079484776 
1013 397 11 18 0.07904575 
561 334 8 9 0.078813106 
809 311 7 10 0.078745335 
718 324 9 12 0.07868291 
486 403 10 14 0.07863854 
527 285 8 10 0.07858934 
286 319 9 12 0.07853436 
17 279 8 11 0.07848026 
510 304 7 9 0.07845301 
735 357 10 14 0.0782652 
712 313 8 9 0.07802472 
693 370 12 13 0.07797655 
757 350 10 13 0.0778771 
214 399 16 20 0.077709705 
965 287 9 9 0.07747959 
595 433 17 20 0.077247456 
367 253 8 11 0.0772124 
385 429 15 24 0.07699376 
849 279 8 9 0.07687488 
787 407 15 21 0.07681246 
673 300 8 10 0.07678621 
912 344 7 9 0.0767727 
847 391 9 13 0.07673841 
896 312 8 9 0.07657237 
494 310 8 10 0.0765521 
510 480 17 23 0.07646355 
46 272 8 10 0.076451555 
551 309 8 10 0.07638706 
165 215 7 9 0.07631898 
758 405 12 16 0.07620853 
365 309 8 11 0.076181225 
767 301 9 11 0.07614819 
721 295 7 9 0.07609875 
700 362 12 14 0.07597641 
391 288 7 9 0.07576326 
718 343 10 12 0.07574554 
429 319 9 11 0.075657755 
265 377 13 17 0.07549988 
537 312 8 10 0.07525664 
565 277 8 10 0.07522676 
592 473 24 30 0.07521298 
439 341 10 15 0.075139605 
151 247 7 9 0.07506492 
126 222 7 9 0.07491852 
482 302 8 10 0.07471141 
717 452 16 20 0.074547574 
959 320 9 10 0.074377194 
600 311 8 11 0.07414778 
183 278 8 9 0.07391795 
990 380 11 16 0.073670425 
668 344 11 12 0.07366704 
736 301 8 11 0.073021024 
553 277 7 9 0.07297174 
137 184 6 8 0.07283375 
452 318 9 10 0.072800465 
501 395 12 16 0.07237837 
788 447 15 22 0.07235644 
790 336 11 12 0.07218985 
579 386 11 14 0.07216127 
273 326 7 10 0.071991965 
239 380 11 14 0.071967006 
838 357 10 13 0.071948014 
22 292 9 12 0.071883276 
829 316 9 12 0.071876235 
309 499 17 24 0.071826376 
590 433 13 18 0.071569934 
641 440 15 21 0.07154608 
821 387 11 16 0.071402475 
927 398 10 14 0.07104508 
272 318 7 10 0.07101353 
793 272 7 10 0.07096217 
603 317 8 11 0.07092888 
142 310 8 11 0.07087656 
793 287 8 11 0.07082031 
766 342 8 11 0.070525676 
472 317 6 10 0.0705058 
881 305 7 10 0.07037861 
630 229 8 10 0.070328504 
1014 344 9 12 0.07024501 
919 310 7 9 0.070203125 
807 277 8 10 0.0701028 
622 222 8 11 0.07009686 
337 303 8 9 0.06998334 
305 314 10 13 0.069966756 
645 411 13 15 0.06974705 
471 312 7 10 0.06956399 
615 335 9 11 0.06956313 
656 304 9 11 0.0695394 
763 462 15 21 0.06953355 
672 370 12 15 0.06948692 
522 279 8 10 0.0694237 
541 347 8 11 0.069298625 
263 343 8 10 0.06922514 
275 356 10 13 0.06916577 
353 342 8 10 0.069094576 
309 305 8 9 0.068984576 
928 320 8 9 0.06883831 
408 355 10 12 0.0686037 
965 324 9 12 0.06851252 
319 311 10 13 0.06848782 
193 471 21 34 0.06846857 
616 280 7 10 0.06843315 
724 443 14 17 0.06824115 
613 319 8 11 0.068180695 
709 471 14 23 0.06809529 
357 277 9 12 0.067822196 
582 348 9 11 0.06776501 
678 313 9 10 0.0676311 
983 272 8 11 0.067520544 
926 367 10 13 0.06745649 
622 247 8 10 0.06745633 
279 401 12 17 0.06738445 
440 281 7 9 0.06734632 
941 405 12 14 0.06684765 
990 312 8 10 0.06682352 
899 336 7 10 0.06651798 
614 379 10 14 0.06650909 
521 382 10 13 0.06650187 
687 296 7 8 0.06638881 
280 334 9 11 0.06610348 
984 336 8 11 0.06607755 
950 417 13 16 0.0660685 
677 358 11 13 0.065972425 
471 344 8 11 0.06591987 
552 360 9 11 0.06581558 
588 277 9 12 0.06578346 
368 296 7 9 0.065440565 
715 388 12 16 0.0650566 
952 273 7 10 0.06492614 
705 336 10 12 0.064632304 
803 499 16 21 0.06461792 
383 273 7 9 0.06459791 
573 333 9 11 0.06431977 
31 320 12 14 0.06415315 
617 301 7 9 0.06413752 
885 500 23 33 0.06408842 
942 341 10 11 0.06406892 
342 302 8 9 0.064025916 
879 326 9 11 0.06368101 
255 287 8 10 0.06362599 
829 348 9 12 0.06354405 
372 374 12 16 0.063543916 
637 304 8 11 0.06353913 
1013 303 9 12 0.06336032 
408 279 7 9 0.06320629 
101 279 10 12 0.06297025 
1001 335 8 11 0.06295294 
838 394 14 16 0.06293716 
319 382 12 15 0.06290899 
410 264 7 8 0.0628658 
159 197 7 9 0.062821224 
567 334 9 10 0.06282023 
648 287 8 10 0.06280151 
394 272 7 9 0.06273384 
721 302 8 9 0.0627335 
683 332 9 11 0.06271939 
558 287 8 9 0.06266665 
887 303 9 11 0.0625949 
358 287 7 9 0.062465843 
585 336 8 11 0.062320516 
983 287 7 9 0.062187944 
171 231 7 10 0.06204061 
525 406 10 14 0.06202368 
311 350 8 11 0.061978586 
610 530 20 22 0.061931726 
22 337 10 13 0.06190759 
905 328 6 9 0.06175064 
766 453 14 18 0.061609857 
636 222 8 10 0.061374098 
522 329 8 10 0.06130915 
714 486 38 52 0.061142404 
262 333 7 9 0.060944047 
176 238 7 10 0.0607804 
551 332 8 10 0.060755152 
855 315 9 11 0.06068318 
422 304 7 10 0.060627837 
653 317 9 12 0.060571156 
299 363 10 13 0.060443573 
979 476 17 20 0.06039122 
862 310 9 12 0.060369983 
969 279 8 10 0.06033818 
888 319 7 9 0.060072027 
1008 401 11 16 0.059911694 
615 428 12 16 0.05988008 
624 286 7 10 0.059653524 
312 340 9 12 0.059580684 
887 457 21 25 0.05953459 
495 304 8 9 0.059406023 
375 272 8 10 0.059405573 
343 295 9 11 0.059355706 
494 320 8 10 0.059098113 
425 330 11 15 0.05899094 
592 301 8 10 0.058949266 
521 318 7 9 0.058827452 
471 332 8 12 0.05881808 
943 319 7 9 0.058693964 
161 438 33 35 0.058691602 
643 378 12 15 0.05868619 
887 333 8 10 0.058629517 
576 358 10 13 0.058616217 
734 349 10 13 0.058474004 
775 308 9 11 0.058346413 
935 297 7 9 0.05827389 
356 385 11 15 0.058181256 
776 296 9 10 0.05815807 
602 439 18 24 0.05795576 
551 428 10 14 0.05787197 
878 521 17 23 0.057853766 
1007 316 8 10 0.057818305 
623 205 9 11 0.057797156 
902 319 7 9 0.05773532 
1011 332 10 12 0.05771219 
400 309 8 10 0.05771202 
448 351 10 13 0.05769493 
987 536 24 30 0.057599086 
594 487 20 25 0.05759049 
916 279 8 10 0.057475377 
745 318 8 9 0.057163633 
407 311 7 9 0.057096984 
725 311 8 10 0.05705806 
383 278 6 9 0.057006113 
940 427 15 17 0.056888945 
930 553 18 18 0.05683603 
626 229 8 10 0.056777403 
808 372 10 13 0.05673112 
682 402 14 18 0.056619763 
184 246 7 9 0.056394808 
952 277 7 11 0.05632504 
743 303 8 11 0.05624193 
622 216 8 10 0.056219798 
317 334 9 11 0.056161027 
735 320 7 9 0.056066457 
631 325 9 12 0.05597541 
527 333 8 10 0.055940244 
370 279 8 10 0.05588623 
160 297 10 12 0.05583209 
31 262 8 10 0.05580568 
814 551 26 25 0.055789474 
378 316 9 11 0.055669267 
432 309 8 10 0.055666298 
887 311 8 9 0.055520993 
415 279 7 9 0.055507142 
512 370 12 14 0.055456914 
302 295 8 10 0.05541072 
903 417 13 15 0.055376515 
766 371 10 15 0.055366036 
928 328 8 11 0.055222243 
983 350 9 11 0.05520262 
475 449 14 18 0.05512282 
420 406 11 16 0.055101488 
896 296 8 10 0.055068735 
1014 295 9 11 0.055014607 
991 366 10 12 0.055002786 
784 403 13 18 0.054952405 
506 344 8 10 0.05485769 
896 349 8 10 0.054802272 
552 271 7 10 0.054726496 
210 558 16 19 0.05468052 
692 333 9 12 0.054578066 
500 403 14 18 0.054577425 
600 336 9 11 0.054388378 
49 283 10 12 0.05430855 
714 402 13 17 0.054210015 
977 431 11 16 0.054201867 
398 334 9 12 0.054194525 
758 365 11 15 0.054099534 
729 480 17 23 0.054069843 
126 199 7 9 0.054043837 
759 304 8 10 0.05401221 
149 310 9 12 0.05400946 
417 287 7 10 0.05389731 
311 328 9 11 0.053786416 
301 359 9 12 0.0536864 
841 311 7 10 0.053661086 
400 256 8 9 0.05351418 
529 345 8 10 0.053403597 
278 261 8 9 0.053393763 
816 312 8 10 0.053353183 
425 320 8 10 0.05334635 
585 319 8 11 0.053233776 
136 257 7 9 0.053164035 
896 484 11 17 0.05313052 
294 506 13 17 0.053020667 
607 313 8 10 0.05297634 
837 332 10 13 0.05297369 
278 416 20 23 0.05295771 
377 339 9 11 0.052940995 
496 295 7 10 0.052875075 
558 328 8 10 0.05277017 
609 462 23 29 0.052769292 
385 295 8 10 0.052759945 
925 451 14 18 0.052713636 
841 317 9 12 0.05254854 
136 208 7 10 0.052496698 
919 319 7 9 0.052476764 
967 411 11 14 0.052451838 
366 399 11 14 0.052115764 
401 278 8 10 0.052071545 
570 315 8 11 0.0520446 
536 288 8 9 0.0519743 
898 341 8 10 0.051898483 
293 370 11 12 0.05167017 
646 389 12 14 0.051512178 
622 357 10 12 0.051448382 
12 262 8 11 0.051421955 
294 271 8 11 0.051416967 
761 341 9 11 0.051170133 
353 349 7 10 0.05112915 
1015 366 9 13 0.051035557 
431 338 11 16 0.05088002 
837 327 9 12 0.050772175 
262 318 8 10 0.05073929 
474 273 7 10 0.050735787 
619 433 13 18 0.05050868 
607 271 9 10 0.05043309 
592 311 8 11 0.050419163 
989 426 11 15 0.05031603 
679 248 7 9 0.05024239 
484 441 14 17 0.050240867 
751 279 7 9 0.0502203 
25 271 8 11 0.05020308 
286 312 8 10 0.05009385 
174 277 8 10 0.05003884 
392 311 8 10 0.05002542 
849 459 17 20 0.049987637 
872 288 8 10 0.04984679 
129 273 7 9 0.04983557 
337 273 9 11 0.04982275 
833 332 9 13 0.049766414 
705 319 8 10 0.049748737 
621 535 28 38 0.049692504 
364 327 11 13 0.049686007 
975 363 11 13 0.049659606 
910 390 11 13 0.04960491 
793 292 9 11 0.049512804 
500 375 10 12 0.049501214 
623 296 7 9 0.049404908 
761 295 9 10 0.04938521 
496 378 10 12 0.04936882 
488 442 24 35 0.04928334 
565 434 13 16 0.04921984 
155 280 12 15 0.04905917 
1014 318 8 11 0.049031753 
7 278 9 11 0.04886196 
772 440 14 20 0.048834253 
289 396 16 19 0.04877193 
326 311 7 10 0.04870132 
816 317 9 10 0.048576046 
0 286 9 13 0.048547626 
728 296 7 9 0.048480317 
566 420 13 16 0.048449762 
418 294 8 9 0.048407197 
951 355 11 14 0.048353642 
699 453 13 18 0.048270855 
242 452 16 23 0.048265774 
405 508 22 33 0.04825925 
437 465 21 28 0.04825506 
569 327 9 11 0.048169184 
719 288 7 8 0.048048057 
425 279 6 8 0.048006892 
524 371 11 14 0.047907587 
624 199 8 11 0.047774013 
989 323 9 11 0.04774269 
337 336 9 11 0.04765998 
150 303 8 10 0.04765751 
75 252 9 12 0.047338404 
998 286 8 10 0.04733062 
946 499 21 29 0.04715242 
953 309 9 10 0.047147386 
640 387 10 14 0.0470736 
711 296 6 9 0.047059033 
855 296 9 10 0.04704736 
410 476 17 23 0.047030978 
863 395 10 14 0.04693077 
256 343 8 10 0.046914905 
742 386 11 15 0.046901006 
415 271 7 9 0.046881102 
215 481 29 36 0.046823665 
998 373 10 12 0.046772216 
712 189 10 12 0.046720453 
956 406 11 15 0.046677765 
17 294 9 11 0.046619255 
514 525 23 38 0.046565592 
327 453 25 32 0.04653678 
982 278 8 9 0.046480596 
619 403 12 16 0.046373863 
622 253 7 9 0.04631818 
158 193 7 8 0.046302762 
941 395 13 16 0.046200454 
472 460 25 30 0.046150103 
657 245 8 11 0.046145372 
653 365 11 12 0.046122257 
696 347 9 11 0.046110146 
144 279 8 11 0.046095293 
699 372 13 14 0.046048667 
504 303 8 9 0.045971688 
669 410 13 17 0.045953818 
304 344 8 10 0.04585984 
769 458 15 19 0.045824513 
638 280 10 11 0.045607112 
631 239 7 9 0.04558549 
598 349 9 13 0.045577772 
270 395 11 14 0.04551606 
381 390 9 14 0.045515303 
960 295 8 9 0.04546906 
926 357 9 12 0.04544088 
936 326 8 12 0.045395613 
93 265 8 10 0.045370616 
703 326 9 11 0.045330375 
597 462 25 31 0.045313146 
265 350 9 11 0.045296792 
374 263 8 9 0.04528833 
533 364 9 12 0.04528192 
928 271 7 9 0.04512438 
485 380 11 13 0.045081507 
928 445 12 15 0.045049038 
169 166 7 9 0.045003623 
493 368 10 12 0.044969063 
605 429 13 17 0.04495401 
847 287 8 10 0.04487619 
534 336 9 10 0.044871278 
605 365 9 12 0.044832774 
406 295 7 9 0.044759538 
995 434 23 34 0.04472899 
481 312 7 9 0.044680636 
168 278 9 11 0.04467205 
542 311 8 9 0.044614542 
897 523 17 22 0.04455716 
572 262 8 10 0.044533093 
409 271 7 9 0.044361014 
490 341 8 10 0.04435967 
781 442 16 22 0.04435244 
501 381 10 12 0.044270013 
919 350 8 10 0.04416079 
576 396 11 15 0.044120546 
978 287 7 9 0.044101752 
30 269 9 11 0.044074267 
533 406 14 18 0.04406474 
6 299 10 13 0.043884844 
632 295 7 9 0.043873034 
386 287 7 9 0.043830026 
562 272 8 10 0.043728564 
665 505 25 31 0.043642413 
871 304 8 10 0.04360299 
706 297 7 9 0.043553654 
870 311 8 10 0.043550838 
815 467 19 22 0.043541584 
578 294 8 10 0.04351522 
496 396 11 15 0.0435047 
694 440 13 19 0.0434841 
716 381 10 14 0.043454617 
301 488 22 32 0.04345196 
589 317 9 12 0.043431535 
494 357 9 11 0.043133948 
351 336 9 11 0.043100532 
337 296 8 10 0.04307853 
975 296 8 9 0.043063242 
293 495 21 32 0.04300701 
196 332 12 15 0.042993728 
918 344 8 10 0.04289829 
398 374 10 13 0.04281252 
484 492 12 17 0.042804632 
162 208 7 9 0.042749643 
932 472 16 24 0.042739462 
601 287 7 9 0.042733338 
659 405 12 17 0.042604078 
783 333 9 11 0.04256778 
197 184 8 10 0.042504936 
888 368 11 14 0.042422827 
804 427 12 19 0.042406686 
668 438 13 20 0.042405095 
279 324 9 11 0.042388845 
22 316 10 14 0.04235596 
536 263 8 9 0.04230889 
744 407 19 24 0.04229779 
861 333 10 13 0.042251784 
382 373 9 13 0.042198602 
730 487 25 33 0.04215456 
991 259 9 11 0.042145863 
768 308 8 11 0.0421184 
161 220 7 9 0.042052176 
565 365 11 13 0.042026922 
248 445 21 32 0.041956395 
151 273 9 11 0.041816965 
999 301 8 10 0.041791975 
726 381 12 14 0.041779358 
905 487 27 31 0.041634023 
410 509 36 50 0.041486643 
561 342 10 13 0.04139045 
951 326 8 11 0.04138421 
249 371 12 16 0.04133303 
750 333 9 11 0.04126801 
294 317 9 12 0.041245207 
522 286 6 9 0.041183196 
121 206 8 10 0.041120563 
783 417 13 18 0.04108455 
744 440 16 20 0.041069884 
566 356 11 15 0.041065037 
72 248 8 11 0.041044045 
929 308 7 10 0.040989824 
684 417 12 16 0.040941052 
423 272 7 8 0.040935177 
637 349 10 13 0.040874906 
506 348 9 13 0.04086884 
608 357 9 12 0.040826626 
29 334 12 13 0.040635474 
574 404 12 15 0.040592257 
542 374 9 12 0.040550098 
999 295 8 11 0.04053914 
759 399 11 13 0.040459324 
984 436 20 26 0.040454544 
847 332 12 16 0.040444486 
834 278 7 10 0.040438548 
735 428 14 20 0.040388346 
552 294 8 10 0.04038328 
726 318 8 11 0.04035358 
465 347 8 11 0.040335655 
929 297 7 9 0.04032427 
287 276 9 11 0.04032167 
559 389 11 13 0.040317792 
707 411 15 18 0.04020472 
958 309 7 9 0.040145926 
1005 340 9 12 0.040126313 
740 358 10 12 0.039826885 
238 322 12 16 0.039774485 
916 450 14 19 0.039758563 
974 308 9 11 0.039695073 
854 327 9 11 0.039616246 
583 301 8 10 0.03961481 
309 552 15 17 0.039547935 
693 318 8 11 0.039546642 
510 381 11 13 0.03948476 
389 530 26 32 0.039394353 
557 358 11 12 0.03939247 
976 336 8 10 0.03935386 
481 296 7 10 0.03933972 
343 364 9 11 0.039336763 
504 295 7 10 0.039249275 
798 429 14 22 0.039210975 
638 285 8 11 0.03920519 
274 378 12 16 0.039193932 
511 319 7 9 0.03917781 
428 291 9 12 0.039142873 
151 325 10 14 0.03908916 
608 382 10 13 0.039077614 
250 263 8 10 0.03904558 
505 287 8 9 0.039030448 
513 264 7 9 0.03903002 
364 432 19 23 0.03897606 
137 231 7 9 0.03897203 
739 310 8 10 0.03889258 
236 485 19 25 0.03888662 
633 348 9 12 0.038834184 
614 354 10 13 0.038783018 
902 278 7 10 0.038779136 
25 262 9 10 0.038615063 
989 336 10 12 0.038586035 
366 317 8 10 0.038584497 
675 471 14 20 0.03857931 
1009 476 14 20 0.03845586 
191 264 7 10 0.038407065 
510 326 7 10 0.03839557 
652 397 13 16 0.038270682 
586 288 8 11 0.038165353 
649 301 9 11 0.038148366 
687 360 10 12 0.038116653 
269 521 14 19 0.03807063 
519 270 7 10 0.03806341 
552 319 8 11 0.038030583 
622 366 11 14 0.03800748 
818 373 12 17 0.0380037 
739 272 7 10 0.03794446 
897 406 9 12 0.03790992 
880 366 10 13 0.037906636 
581 403 12 17 0.037894152 
784 487 14 20 0.037829652 
168 222 7 9 0.037755672 
582 457 25 33 0.037747163 
561 255 7 10 0.03772541 
398 272 8 9 0.03771713 
862 303 9 12 0.037696443 
999 280 7 9 0.03768767 
369 261 9 11 0.037663333 
528 312 7 8 0.037621133 
957 435 9 14 0.037592947 
856 286 8 10 0.03755591 
186 266 7 9 0.03754126 
631 438 13 17 0.037395973 
624 329 8 11 0.03724887 
143 271 8 10 0.03724519 
827 379 14 18 0.037239037 
66 248 7 9 0.037236523 
982 366 9 12 0.037152816 
992 288 7 10 0.0369353 
254 375 12 17 0.036933485 
466 459 16 21 0.03685878 
543 396 12 15 0.036792275 
449 270 8 9 0.03671977 
200 246 87 139 0.03668313 
630 520 40 46 0.036658805 
368 284 9 11 0.03665005 
488 289 7 8 0.03661806 
320 289 8 10 0.036613666 
528 273 8 10 0.036588196 
638 240 8 9 0.03656996 
1000 357 10 12 0.036555655 
166 208 7 8 0.036501132 
147 330 26 36 0.03646119 
169 161 7 9 0.036401328 
952 297 7 8 0.03634494 
901 274 8 9 0.03630716 
914 318 7 10 0.036274884 
941 410 14 16 0.03624002 
38 264 8 10 0.03621909 
903 383 11 13 0.036215905 
539 405 14 18 0.03611037 
120 277 10 11 0.036091443 
758 280 8 10 0.03608386 
677 351 10 12 0.036057033 
100 289 12 14 0.0360267 
914 312 7 9 0.0360066 
541 288 8 9 0.036006346 
360 294 7 9 0.03597025 
295 264 8 10 0.035935335 
483 451 15 19 0.03593194 
660 382 13 16 0.03592191 
111 286 9 13 0.035909284 
1004 366 11 12 0.035891205 
966 435 12 16 0.03587644 
189 334 11 14 0.035865545 
768 335 8 11 0.035784733 
289 370 10 12 0.03575967 
719 363 10 13 0.03575229 
781 296 8 10 0.035750724 
910 443 13 19 0.035559583 
991 373 11 15 0.035542864 
608 517 19 21 0.035506602 
398 427 15 22 0.03540705 
62 292 12 14 0.03534991 
327 334 7 10 0.03534258 
839 279 7 9 0.03530945 
899 366 11 13 0.03530406 
785 320 10 13 0.035271753 
937 383 11 14 0.035244364 
591 350 11 13 0.035240103 
710 459 12 17 0.03523431 
910 297 8 10 0.035186157 
887 289 8 9 0.03518066 
534 507 24 29 0.03517482 
489 336 8 10 0.03517092 
956 419 11 15 0.035129547 
704 198 9 10 0.035113573 
273 256 8 10 0.035077896 
473 288 7 9 0.035043783 
560 311 7 9 0.03503364 
537 324 9 11 0.034990758 
929 409 11 14 0.034987394 
109 276 10 13 0.034983333 
738 278 7 9 0.034979455 
272 334 8 10 0.034925565 
438 320 9 10 0.034923613 
640 507 40 48 0.03488134 
920 327 8 11 0.034859136 
200 207 6 8 0.034832623 
318 395 13 16 0.034822162 
676 462 13 18 0.03476027 
997 380 11 16 0.03472922 
1005 547 16 21 0.034727633 
752 343 8 10 0.03472524 
343 287 8 10 0.034692492 
55 294 12 14 0.034674197 
907 413 12 14 0.034643263 
798 335 10 12 0.03451689 
9 320 11 12 0.03446251 
589 403 12 16 0.034458436 
38 356 15 21 0.03445498 
941 311 8 9 0.03443847 
774 526 29 35 0.03429515 
566 382 11 14 0.034276582 
975 278 8 10 0.034246374 
950 333 8 10 0.03422391 
864 316 9 11 0.03419721 
450 265 7 9 0.034133904 
914 425 12 15 0.03413138 
655 287 7 10 0.034094114 
474 556 16 18 0.034012467 
164 305 12 14 0.034007475 
1000 402 10 15 0.033990454 
414 264 7 9 0.03395979 
489 312 7 9 0.03395621 
360 454 17 21 0.033939622 
1010 283 9 11 0.033817727 
691 396 12 15 0.033792518 
841 286 8 10 0.03377281 
966 333 8 9 0.03376697 
175 272 7 10 0.033763703 
694 296 6 8 0.033750173 
968 344 8 10 0.033721305 
278 387 12 17 0.03370907 
406 287 8 10 0.033702888 
716 426 12 17 0.03369071 
319 537 28 31 0.033665575 
297 412 14 16 0.033629905 
183 241 7 9 0.03362873 
902 311 7 10 0.033571977 
168 247 7 9 0.033508793 
409 342 19 24 0.033503983 
1012 335 19 27 0.033480193 
993 294 7 10 0.033438977 
887 295 8 10 0.03342445 
601 279 7 10 0.03340533 
240 276 8 12 0.03340441 
214 191 8 10 0.03340307 
794 401 16 21 0.033393912 
622 312 9 10 0.033379532 
581 395 12 15 0.033359125 
455 310 8 10 0.033348583 
862 387 11 15 0.03333841 
554 255 7 9 0.033318315 
309 271 9 10 0.033242892 
904 349 8 10 0.03321707 
848 372 10 15 0.033212624 
632 427 11 15 0.033181846 
781 308 9 11 0.033165008 
304 271 8 10 0.033158608 
498 456 14 23 0.03313516 
-1 509 22 45 0.03311962 
591 439 14 22 0.033101358 
465 327 8 11 0.03306844 
846 364 10 14 0.03298537 
987 411 11 14 0.032968104 
815 343 10 13 0.032945864 
919 357 10 12 0.032940287 
150 263 8 9 0.032931037 
522 355 10 13 0.03291672 
969 513 15 20 0.032902714 
755 381 12 14 0.032847315 
33 301 10 13 0.03283604 
320 299 9 11 0.03281461 
510 288 7 9 0.032800306 
421 440 15 18 0.032770436 
638 429 12 16 0.032766875 
505 309 7 10 0.032748587 
392 332 9 13 0.032736123 
833 272 7 9 0.032714944 
421 429 12 17 0.032709308 
292 383 12 14 0.03263293 
539 423 14 17 0.032582328 
575 287 8 10 0.032572296 
28 279 9 11 0.032549653 
590 263 9 11 0.032532983 
832 303 9 10 0.032504693 
733 439 15 20 0.032502864 
482 316 7 10 0.032486565 
443 340 12 15 0.032480646 
328 487 16 24 0.032470215 
317 411 15 17 0.03243543 
488 304 7 8 0.032273516 
746 447 17 21 0.03225734 
158 175 8 10 0.03218211 
480 402 12 17 0.032099254 
882 373 10 14 0.032057535 
573 413 12 17 0.032011822 
142 231 8 9 0.031979885 
438 325 10 12 0.03196595 
150 316 10 12 0.031961408 
999 316 9 12 0.031949833 
733 457 13 18 0.03190905 
453 468 15 22 0.031884797 
812 367 13 15 0.031870216 
630 370 12 16 0.03186839 
605 387 11 15 0.03173414 
311 293 8 10 0.03170887 
256 292 8 11 0.031702135 
487 352 9 11 0.031624667 
343 449 24 34 0.031619214 
725 427 12 17 0.0316125 
893 470 24 31 0.031610887 
806 318 8 11 0.03158367 
874 293 8 10 0.031570002 
528 319 7 10 0.031516656 
403 395 11 17 0.031494137 
494 405 12 16 0.031489693 
466 333 8 12 0.031435765 
607 408 15 17 0.031408224 
174 199 8 10 0.03140702 
258 545 27 35 0.03138608 
912 349 7 10 0.031344883 
803 506 24 31 0.03129344 
553 366 18 22 0.03128784 
364 419 14 19 0.031202126 
742 184 10 13 0.031184278 
560 379 10 13 0.031176219 
366 502 23 38 0.031173717 
794 417 15 23 0.031172909 
737 493 38 53 0.03114127 
494 351 9 12 0.031121185 
735 467 21 30 0.03107608 
257 302 7 10 0.031070104 
0 252 8 12 0.030995172 
591 378 13 15 0.030991763 
569 453 18 22 0.030961663 
800 276 9 10 0.030937877 
976 272 8 11 0.030908776 
237 374 11 15 0.03088049 
945 279 8 10 0.030806772 
375 296 7 9 0.030800058 
327 301 7 10 0.030786118 
854 280 7 9 0.030748868 
480 287 6 9 0.030724335 
142 183 6 9 0.03071565 
775 334 9 11 0.030685294 
224 492 28 36 0.030684762 
707 504 16 23 0.030638589 
191 215 7 9 0.030633183 
467 534 25 33 0.03062257 
705 517 20 32 0.030616323 
565 296 8 11 0.030555643 
53 271 8 11 0.030546928 
147 247 7 9 0.030537283 
798 359 11 15 0.030534778 
22 300 9 12 0.030520426 
148 338 13 17 0.030501928 
608 278 9 10 0.030492552 
519 303 7 9 0.030475793 
590 327 8 10 0.030475115 
803 483 23 30 0.030471765 
345 544 17 21 0.030471642 
832 362 11 15 0.030384194 
306 280 7 8 0.03032449 
382 380 9 12 0.030314403 
185 216 7 9 0.030305779 
761 335 8 12 0.030239236 
474 458 16 20 0.030189795 
807 332 11 13 0.030184178 
337 285 8 9 0.030132592 
277 255 8 11 0.030060105 
420 501 21 32 0.030014342 
127 215 7 10 0.029969826 
129 190 8 10 0.02995483 
851 337 13 17 0.029941836 
667 326 10 13 0.02992527 
279 303 9 11 0.029904434 
968 348 9 13 0.029883154 
990 355 10 12 0.029853407 
210 416 19 24 0.02981951 
599 501 25 30 0.029806206 
542 514 24 30 0.029792089 
305 532 21 31 0.029704023 
174 350 34 41 0.029703092 
296 341 7 10 0.02967448 
607 445 22 29 0.029652784 
678 391 11 15 0.029624699 
400 340 8 12 0.029589579 
319 327 8 11 0.029588403 
534 358 9 12 0.029563623 
518 264 7 9 0.029561508 
824 497 26 35 0.029558951 
154 192 7 9 0.02954583 
551 392 11 13 0.029496754 
326 287 8 9 0.029473543 
489 324 8 12 0.029425774 
307 382 13 15 0.029349484 
417 407 21 29 0.029290888 
783 341 10 12 0.029259026 
295 312 9 10 0.029249845 
224 223 9 11 0.029247738 
304 306 18 22 0.029168041 
245 477 22 33 0.029157877 
710 302 8 10 0.0291382 
711 348 10 12 0.029103264 
444 352 20 23 0.029086487 
328 280 8 10 0.0290781 
985 263 8 10 0.029072523 
487 295 8 9 0.02905837 
715 467 20 27 0.0290128 
512 270 7 9 0.029003857 
768 354 10 14 0.028956635 
391 318 8 10 0.028928503 
487 358 8 11 0.028917054 
361 316 9 11 0.028883696 
529 295 7 9 0.028878288 
141 315 10 12 0.028851982 
674 440 13 20 0.02882343 
169 192 7 9 0.028817078 
680 463 24 32 0.028784307 
356 427 15 19 0.028782306 
543 264 7 9 0.02877846 
154 197 8 11 0.028756432 
389 326 10 12 0.028749248 
228 201 205 238 0.028747696 
175 223 7 8 0.02872244 
216 424 18 20 0.028718647 
608 351 10 12 0.028707542 
668 417 13 19 0.028699873 
263 272 8 10 0.028677598 
136 213 7 9 0.028671779 
774 377 12 16 0.028662825 
885 358 10 11 0.028659891 
902 405 13 15 0.028608132 
157 332 10 15 0.028562514 
526 396 10 15 0.028562479 
175 204 8 10 0.028475882 
608 431 20 25 0.028468335 
864 325 9 12 0.028433558 
557 443 14 20 0.02840192 
309 531 13 17 0.028277703 
870 395 11 15 0.028269453 
40 282 10 13 0.02825391 
607 398 13 17 0.028210804 
699 468 21 28 0.028178021 
564 372 10 13 0.028078126 
392 279 7 9 0.028077925 
838 458 16 18 0.028041147 
861 466 14 21 0.028006032 
201 480 16 23 0.027987408 
494 415 21 27 0.027935615 
726 434 13 19 0.027916031 
686 322 17 21 0.02790291 
647 395 13 16 0.027892455 
383 359 10 12 0.027887594 
193 240 6 8 0.027883753 
1008 296 8 10 0.02785862 
468 444 24 30 0.027845765 
824 547 25 31 0.027842082 
652 426 14 21 0.027829649 
964 427 14 17 0.027806114 
392 379 9 13 0.027765488 
991 303 7 9 0.027757192 
382 302 7 10 0.027737532 
466 318 8 10 0.027688345 
864 422 18 23 0.02768105 
472 294 7 9 0.027657693 
689 302 8 9 0.027651297 
920 296 7 10 0.027643438 
244 396 14 18 0.0276242 
351 319 8 10 0.027609738 
155 336 13 19 0.027580371 
982 446 14 19 0.02756006 
838 379 12 16 0.027521668 
2 227 10 15 0.027520344 
31 257 8 9 0.027486036 
755 452 15 20 0.027470928 
25 256 8 10 0.02746854 
340 339 10 12 0.027368799 
878 319 8 10 0.027328873 
823 303 7 9 0.027302084 
504 320 8 9 0.027293669 
253 395 11 15 0.027274193 
311 482 23 29 0.027269045 
848 273 8 9 0.027262868 
220 466 30 32 0.027211307 
541 380 10 12 0.027206514 
566 394 11 14 0.02716723 
640 295 8 9 0.02716302 
999 312 8 10 0.027134204 
912 436 12 16 0.02712779 
419 427 23 29 0.027102526 
500 471 21 30 0.027086306 
448 293 7 10 0.027076049 
243 354 11 16 0.02706815 
607 539 23 29 0.02703676 
445 334 11 14 0.027033735 
911 335 7 10 0.027004631 
301 392 13 18 0.026986323 
632 542 31 31 0.026986292 
101 361 30 40 0.02696074 
632 357 10 14 0.02695003 
144 161 7 8 0.026944058 
905 453 17 22 0.026940202 
259 439 24 31 0.026905812 
407 303 8 10 0.026894951 
654 373 11 14 0.026879776 
599 263 8 10 0.026877591 
438 491 21 32 0.026850834 
282 312 8 10 0.026826872 
533 379 11 13 0.026743395 
799 313 8 10 0.026700832 
504 272 7 9 0.026688093 
509 388 11 14 0.02660443 
562 263 7 9 0.026569191 
28 149 12 16 0.026527338 
911 358 9 12 0.02652638 
407 317 8 10 0.026524063 
167 456 28 33 0.02651489 
638 247 7 9 0.02651303 
424 309 8 9 0.026503991 
563 412 14 18 0.026471132 
925 391 10 13 0.02644361 
864 280 7 9 0.026442148 
520 312 7 8 0.026432104 
407 416 23 30 0.026326787 
535 302 9 11 0.02630527 
549 419 12 16 0.026258556 
255 311 8 10 0.026181204 
349 326 7 10 0.026169453 
428 515 41 55 0.026165696 
713 324 9 12 0.026125295 
696 183 10 13 0.026078047 
264 367 11 14 0.026057974 
342 318 8 10 0.026057443 
16 284 9 11 0.02605684 
215 277 45 90 0.02605247 
422 493 40 54 0.026048684 
513 404 19 25 0.026047206 
634 320 8 11 0.026011435 
589 494 16 24 0.02600972 
848 326 9 11 0.02598043 
544 358 8 11 0.025962409 
841 264 8 9 0.025959611 
582 357 9 14 0.025941594 
958 428 11 16 0.025930347 
53 372 35 46 0.025917431 
366 457 24 28 0.025903178 
759 327 8 11 0.025855703 
266 536 39 42 0.025845958 
135 188 7 9 0.025831895 
170 237 7 10 0.025820695 
1004 503 16 21 0.025813945 
773 355 11 15 0.025805715 
572 270 9 11 0.025776297 
911 327 7 10 0.025771955 
149 502 27 37 0.025747692 
238 286 11 16 0.025747549 
841 508 26 35 0.025723446 
695 418 12 16 0.025629891 
997 260 8 11 0.025614606 
354 434 16 23 0.02560699 
278 247 8 10 0.025606656 
537 493 16 23 0.02557104 
417 371 11 16 0.025477232 
493 341 9 11 0.025476232 
559 248 7 9 0.025455464 
698 261 9 11 0.025454737 
378 444 15 24 0.025451867 
792 301 9 11 0.025450656 
751 363 12 16 0.025400648 
594 465 17 23 0.0253805 
123 200 7 9 0.025375638 
788 435 16 21 0.025287755 
350 409 14 17 0.025269156 
166 332 29 31 0.025252359 
585 263 8 10 0.025157157 
556 427 15 18 0.025154479 
906 285 8 10 0.02514168 
812 356 11 13 0.025126565 
628 205 10 12 0.025121748 
454 287 7 9 0.025062801 
141 324 11 16 0.025062185 
226 399 15 20 0.025037443 
375 255 9 11 0.025015168 
511 310 7 9 0.02498265 
973 319 9 11 0.024970299 
815 286 9 11 0.024955623 
630 388 11 14 0.024939714 
170 272 9 11 0.024895854 
22 310 10 13 0.024885423 
688 191 8 10 0.024842411 
928 420 12 15 0.02481011 
810 491 25 32 0.024803633 
654 379 12 16 0.024801806 
424 411 26 34 0.02479182 
740 457 15 22 0.024783373 
358 339 8 11 0.024780514 
312 365 11 13 0.024770577 
559 442 24 32 0.024756651 
566 405 12 15 0.02475648 
82 140 233 298 0.024727698 
630 378 12 16 0.024712544 
846 344 20 26 0.024709174 
657 240 9 11 0.024692018 
1 297 10 13 0.02467769 
990 247 9 11 0.024656672 
776 116 136 168 0.024654523 
728 339 10 13 0.024646202 
322 464 22 31 0.024637911 
126 206 7 10 0.024628606 
510 293 7 10 0.02461839 
140 332 14 19 0.024601197 
126 309 10 12 0.02458796 
202 485 26 39 0.024558233 
716 184 13 15 0.024516964 
7 310 11 13 0.024512984 
191 246 7 9 0.024493529 
168 284 9 12 0.024481636 
169 198 7 10 0.024475357 
495 507 23 35 0.024464592 
416 325 9 11 0.02444746 
381 418 15 20 0.024442071 
15 312 11 13 0.0244399 
1006 320 19 25 0.02431729 
616 374 10 13 0.024311159 
797 458 23 31 0.024304034 
79 364 44 53 0.02426379 
287 338 9 11 0.024261702 
446 304 8 10 0.024190953 
302 543 15 22 0.024181042 
1008 300 19 27 0.024178203 
985 312 18 24 0.024161432 
184 221 7 9 0.024139358 
605 372 10 13 0.024111772 
357 417 15 20 0.024111394 
758 435 15 19 0.0240963 
911 302 8 9 0.024078922 
729 289 7 9 0.0240779 
921 372 10 13 0.024059365 
528 425 12 19 0.024058357 
182 284 10 11 0.024056615 
60 299 14 16 0.024051914 
758 287 8 10 0.024051806 
479 381 10 13 0.02401255 
448 287 8 10 0.024009418 
532 397 13 16 0.02400673 
689 454 25 30 0.02400518 
10 379 16 23 0.02396448 
925 463 17 22 0.023944022 
769 515 19 26 0.023928575 
638 272 9 10 0.023927024 
470 538 13 18 0.023898749 
861 453 11 16 0.023881381 
791 278 8 10 0.023880491 
334 402 12 17 0.023865912 
1000 327 8 10 0.023865614 
730 467 16 23 0.023851577 
850 520 13 19 0.023834817 
417 364 9 13 0.023834318 
243 388 13 15 0.023819935 
254 264 7 9 0.023817727 
655 264 10 10 0.023814678 
589 449 13 19 0.02379539 
582 255 8 10 0.023791565 
944 286 7 9 0.02373302 
625 240 8 11 0.023698505 
316 514 31 33 0.023693293 
870 340 11 13 0.023633193 
631 280 9 10 0.023627216 
703 523 13 19 0.023613691 
562 382 19 24 0.023612417 
76 276 11 15 0.023604032 
397 327 9 11 0.023550358 
458 254 9 11 0.023530414 
615 311 8 11 0.023530046 
142 263 8 11 0.023515102 
387 238 8 10 0.023465827 
782 398 12 17 0.023422759 
529 264 8 9 0.023389114 
790 359 18 23 0.023367425 
851 472 15 19 0.023362279 
144 239 8 10 0.023351522 
943 303 7 10 0.023335041 
928 351 8 11 0.023329325 
975 536 15 23 0.023322437 
968 264 8 10 0.02331819 
717 409 12 16 0.02328349 
854 481 26 33 0.023171246 
5 322 19 23 0.023154598 
153 340 33 41 0.023147058 
486 505 13 21 0.023143124 
517 342 9 11 0.023139363 
607 265 8 10 0.02311661 
359 351 8 11 0.023095233 
619 264 7 10 0.023077117 
476 435 16 19 0.023046738 
265 527 24 33 0.023031909 
119 282 18 23 0.023031395 
176 217 7 9 0.023024067 
335 346 10 12 0.02301142 
290 525 23 33 0.022997396 
959 496 24 30 0.022978736 
967 363 11 13 0.022963574 
313 357 10 12 0.022953672 
701 498 18 21 0.022918306 
620 542 17 22 0.022905827 
361 253 10 12 0.022849914 
715 513 28 39 0.0228154 
868 377 19 23 0.0227587 
872 519 27 37 0.02274884 
134 322 24 31 0.022735143 
77 247 8 11 0.022724735 
721 371 11 15 0.022717094 
701 186 25 29 0.022712365 
691 470 17 23 0.022690708 
247 310 9 11 0.022681056 
199 240 6 9 0.022680173 
302 529 13 19 0.022669632 
306 481 17 21 0.02266564 
575 279 8 10 0.022658749 
718 345 17 23 0.022644298 
822 335 10 12 0.022634875 
193 232 7 9 0.022561433 
661 303 9 11 0.022561213 
471 386 11 15 0.022467574 
845 479 14 19 0.022429246 
709 371 11 14 0.022388373 
888 369 18 22 0.022384 
589 387 13 15 0.022382602 
638 215 9 11 0.022379626 
697 257 9 10 0.022372149 
1 317 9 12 0.022358216 
957 362 12 14 0.022355879 
282 277 8 11 0.022341082 
174 285 9 11 0.022331305 
656 295 7 8 0.022258772 
639 316 10 14 0.022250678 
516 502 23 31 0.022228314 
423 339 10 14 0.022195939 
887 350 9 12 0.022169959 
871 412 11 17 0.02216635 
373 421 15 19 0.022158157 
350 299 8 11 0.02214658 
743 351 10 12 0.02214127 
414 334 9 12 0.022118596 
238 401 14 18 0.02210269 
1003 265 21 26 0.022100104 
678 252 8 10 0.022082243 
654 222 7 9 0.022075726 
382 254 9 11 0.022037579 
944 296 8 9 0.02201029 
767 378 12 15 0.02198938 
529 303 7 10 0.021979405 
897 411 10 14 0.021937203 
841 294 8 10 0.021933895 
544 333 8 10 0.021919375 
407 363 9 13 0.021906754 
658 536 17 24 0.021879634 
878 289 9 10 0.021863002 
653 506 17 20 0.021853907 
886 393 12 15 0.0218098 
512 494 22 29 0.021782933 
335 374 10 13 0.02178228 
574 376 10 12 0.021779435 
237 328 11 16 0.021773217 
780 461 20 26 0.021734798 
130 263 8 10 0.02173331 
708 430 16 21 0.021710359 
660 518 17 24 0.021673935 
704 190 9 11 0.02166944 
1004 425 14 19 0.021652056 
480 373 9 13 0.02161514 
318 352 8 11 0.0215983 
668 379 15 18 0.021560855 
945 407 20 23 0.02154635 
838 303 8 9 0.02152879 
814 279 8 9 0.02151946 
679 340 11 13 0.021510074 
184 200 7 9 0.02150015 
457 530 24 33 0.021460231 
434 335 18 24 0.021454273 
710 181 21 26 0.021432256 
185 206 7 9 0.021427112 
484 432 23 29 0.02140131 
619 469 21 28 0.021386819 
896 386 19 23 0.021383317 
177 244 7 10 0.021363495 
152 223 6 8 0.02136197 
215 198 8 11 0.02134834 
846 264 8 9 0.021346139 
56 315 11 15 0.021336354 
377 514 26 31 0.021326806 
568 306 18 22 0.021321584 
43 294 11 14 0.021319289 
7 256 9 12 0.021312013 
495 289 7 8 0.021308802 
659 453 16 19 0.021284916 
661 366 11 13 0.021273486 
22 323 11 13 0.021272562 
915 273 7 9 0.021254513 
599 388 13 15 0.021241754 
579 422 13 16 0.021236194 
617 271 6 9 0.021234306 
411 438 18 21 0.0212261 
669 478 15 21 0.021220237 
717 442 14 19 0.021124521 
217 224 8 10 0.021109924 
897 529 28 32 0.0210907 
769 280 8 10 0.021041678 
398 317 8 10 0.021036886 
663 293 8 10 0.021032706 
66 289 15 17 0.021013085 
802 399 15 21 0.020980548 
264 393 11 15 0.020979876 
1004 382 14 17 0.02096646 
223 331 30 40 0.02095475 
119 257 7 9 0.020914983 
422 322 19 25 0.02090742 
806 287 8 10 0.02089546 
518 450 20 26 0.020893555 
255 347 10 13 0.020881504 
662 309 8 11 0.02087716 
856 512 27 35 0.020867955 
367 444 21 28 0.020845598 
869 349 12 15 0.02083528 
513 335 8 10 0.020830527 
122 160 7 9 0.02080516 
30 292 9 13 0.020778133 
520 295 7 8 0.020773109 
177 445 27 33 0.0207644 
478 342 8 11 0.020754293 
406 257 8 10 0.020697558 
511 457 12 20 0.020677822 
310 418 13 16 0.020671332 
653 271 11 13 0.020648902 
143 254 8 10 0.020639142 
583 266 18 23 0.020635532 
270 344 8 10 0.020603295 
44 323 11 14 0.020579454 
684 533 27 40 0.0205718 
317 371 13 15 0.020553935 
685 426 11 15 0.020517042 
352 357 9 13 0.020515416 
965 420 13 16 0.020485071 
295 276 8 10 0.020482607 
286 505 24 32 0.020482352 
358 272 9 12 0.020451944 
223 303 26 40 0.02043401 
839 466 14 18 0.020431574 
145 224 6 8 0.020422151 
392 263 8 9 0.020417921 
842 452 18 20 0.020387555 
568 285 7 10 0.020386474 
39 359 25 33 0.020379003 
215 208 8 9 0.02037765 
792 311 8 9 0.02037421 
308 428 23 30 0.020339524 
1013 469 10 16 0.020334356 
308 522 28 33 0.020305255 
104 264 8 10 0.020295963 
514 459 20 28 0.020259 
854 384 12 16 0.020244943 
455 504 15 21 0.020225756 
468 434 16 20 0.020208092 
465 272 7 9 0.02019505 
341 426 15 19 0.020176664 
912 285 8 10 0.020174228 
1009 286 20 27 0.020153005 
809 239 195 228 0.020124359 
501 494 21 28 0.020121984 
328 342 9 10 0.02010223 
170 182 6 9 0.020091709 
369 271 8 10 0.020067707 
327 350 9 10 0.020055465 
327 268 7 10 0.02004587 
941 376 12 14 0.02001103 
