13_Interview_Interview_Sequences_13_867
139
387 265 243 334 0.9997404 
284 399 34 51 0.99406046 
881 429 22 29 0.97711337 
214 453 22 33 0.94111943 
998 369 14 20 0.9113074 
173 418 20 28 0.90764934 
21 456 22 30 0.8662537 
92 54 80 108 0.8620507 
240 415 23 29 0.85489106 
920 468 21 31 0.81608564 
11 439 17 22 0.48309848 
846 448 10 12 0.36687806 
0 419 12 17 0.3352138 
883 327 19 22 0.32853082 
12 446 24 31 0.256533 
557 71 8 11 0.24508263 
877 471 13 16 0.23010474 
1004 365 15 21 0.17012121 
984 437 10 12 0.1595248 
1011 365 11 18 0.15929483 
943 361 15 20 0.1570605 
598 64 12 14 0.15484771 
174 598 10 13 0.14814842 
107 386 17 20 0.14603779 
937 435 11 15 0.12547024 
972 384 15 17 0.114965245 
116 385 16 21 0.10702873 
488 96 9 12 0.09441245 
756 7 10 11 0.09285481 
869 64 16 20 0.089898944 
830 438 11 13 0.08497573 
945 408 14 18 0.08476072 
228 422 22 29 0.083943754 
577 73 8 11 0.077957764 
978 382 12 15 0.07750285 
397 174 10 12 0.0703976 
875 414 41 48 0.07021469 
960 309 30 38 0.06819371 
861 395 13 14 0.06699336 
829 6 11 12 0.064652964 
806 23 9 11 0.06295967 
249 420 24 33 0.061566573 
2 424 14 18 0.058889784 
945 474 17 19 0.058154102 
772 2 15 16 0.05577045 
982 356 11 13 0.054321464 
955 386 12 16 0.05365902 
7 434 15 22 0.053187914 
437 351 379 472 0.052071437 
125 450 12 17 0.051333874 
453 111 8 11 0.051196717 
947 281 53 70 0.050170965 
780 4 11 12 0.049757082 
808 4 9 10 0.04820144 
923 462 15 22 0.047652382 
62 304 14 17 0.04752537 
882 420 19 26 0.04653238 
596 315 367 438 0.046450447 
987 354 11 13 0.045518886 
820 23 12 12 0.045147847 
22 284 13 17 0.043666035 
836 0 12 12 0.04357788 
182 421 18 23 0.043346122 
398 125 14 17 0.042446446 
29 418 15 17 0.040792253 
714 362 219 269 0.0404358 
817 28 10 11 0.040175103 
555 116 11 13 0.03853286 
27 290 12 14 0.038478296 
826 438 10 12 0.036904458 
332 153 14 18 0.03685358 
750 11 11 15 0.036183003 
312 403 24 32 0.035831276 
416 141 11 14 0.03483593 
628 41 11 12 0.03410379 
248 64 13 18 0.03392082 
718 24 11 13 0.033181835 
931 465 26 29 0.033086423 
519 70 10 13 0.03300466 
168 421 16 24 0.03256097 
204 398 17 20 0.032284223 
379 139 11 14 0.03216508 
575 115 9 12 0.031811167 
977 362 14 17 0.031017186 
469 96 9 12 0.030858282 
262 46 9 11 0.030631207 
518 97 14 17 0.029858127 
189 527 10 13 0.029806131 
822 469 11 13 0.029585466 
977 357 12 14 0.029280609 
843 443 18 22 0.028688 
493 95 9 11 0.028618025 
771 67 13 17 0.028507622 
78 452 14 17 0.028453246 
456 126 9 11 0.027801692 
983 461 12 15 0.027775811 
966 380 15 19 0.027488569 
4 531 12 14 0.026872357 
223 431 14 20 0.026436428 
391 131 11 13 0.026365543 
959 354 12 15 0.026164407 
815 6 9 11 0.025835952 
867 320 30 34 0.025587099 
755 240 137 176 0.025449665 
525 60 13 14 0.025231292 
788 7 10 12 0.02508952 
524 69 14 17 0.024936162 
910 457 43 48 0.024750121 
822 457 11 12 0.024443276 
133 392 14 22 0.024440184 
883 3 13 14 0.024010776 
125 382 20 29 0.024000425 
375 135 12 14 0.023952369 
943 394 21 25 0.02372492 
970 371 22 28 0.023503302 
853 438 11 12 0.023468556 
791 325 110 139 0.023160249 
821 11 14 14 0.02260877 
206 456 39 44 0.022517858 
15 424 22 28 0.022515377 
513 71 9 11 0.02250429 
530 71 14 17 0.022294207 
260 389 11 14 0.021941409 
965 444 10 12 0.021877158 
31 458 19 26 0.021780008 
969 323 18 23 0.021711892 
925 265 90 112 0.021661399 
191 607 11 12 0.021589894 
257 416 17 24 0.021534434 
629 -5 104 109 0.021512171 
823 463 10 13 0.02137117 
519 106 11 15 0.021286806 
809 436 8 11 0.021209475 
835 437 11 12 0.021044014 
862 51 28 37 0.02049335 
480 114 10 13 0.020410413 
14 420 10 14 0.02028705 
36 285 11 14 0.020237135 
983 440 14 16 0.020000784 
