13_Interview_Interview_2_People_Visible_13_409
23
301 129 365 494 0.9993981 
470 875 88 108 0.9951023 
690 306 83 122 0.3228713 
218 274 15 19 0.18467325 
116 662 436 427 0.1271984 
782 1184 116 126 0.08289647 
71 250 14 18 0.06685628 
933 288 25 32 0.060943626 
145 260 15 21 0.052501854 
851 37 94 125 0.05123243 
485 522 455 527 0.04025767 
423 839 429 393 0.039926965 
854 98 92 124 0.03228801 
996 183 15 19 0.026386537 
958 234 14 18 0.025914075 
102 70 361 449 0.025612863 
15 726 172 265 0.024537487 
294 218 114 142 0.023126071 
876 188 28 36 0.023036167 
11 617 338 461 0.02244369 
659 895 361 446 0.022404857 
950 235 14 18 0.021933155 
182 740 243 292 0.020638578 
