13_Interview_Interview_On_Location_13_56
18
469 203 98 131 0.99984646 
749 16 138 153 0.33860126 
562 153 252 323 0.31574774 
357 11 84 97 0.22716826 
75 142 80 131 0.1457034 
682 244 15 21 0.029393997 
705 154 14 16 0.029381176 
783 477 29 43 0.028150307 
889 682 29 46 0.02642401 
731 56 103 126 0.02634753 
576 -43 354 471 0.026156481 
925 706 51 57 0.025898475 
783 539 26 34 0.022557843 
733 89 13 16 0.022112945 
162 84 134 182 0.02165834 
711 199 9 12 0.020922394 
109 107 111 165 0.0206799 
944 513 28 44 0.02020779 
