13_Interview_Interview_2_People_Visible_13_189
60
251 224 45 56 0.99885035 
172 215 59 71 0.9987405 
752 241 39 47 0.99795675 
511 217 49 65 0.99794084 
396 217 46 61 0.9976272 
570 183 40 51 0.9973603 
815 253 43 54 0.99184036 
676 244 39 54 0.9914247 
920 248 42 50 0.97876006 
756 618 18 21 0.31124398 
733 240 23 35 0.20781605 
989 143 13 15 0.08947289 
648 264 24 30 0.08635146 
415 110 11 13 0.06630068 
996 675 11 12 0.061801862 
594 115 14 17 0.055970162 
530 83 16 21 0.055217415 
790 244 26 36 0.053025693 
653 113 16 19 0.047394563 
685 134 14 19 0.04717016 
352 261 18 20 0.0414023 
712 270 22 28 0.039940223 
333 274 14 18 0.039419826 
732 255 15 21 0.03919807 
742 236 33 42 0.034705304 
589 109 15 17 0.03400373 
569 79 15 19 0.033169474 
901 259 26 37 0.033076305 
694 93 11 15 0.03133165 
404 103 12 14 0.030742843 
204 222 34 53 0.02891155 
851 244 25 33 0.028886177 
300 261 24 29 0.028343372 
983 141 13 16 0.027701423 
993 643 12 15 0.027307685 
997 117 9 11 0.026456153 
1007 674 11 15 0.026053669 
1007 201 12 17 0.026004948 
477 67 13 14 0.025826586 
424 83 13 18 0.025592905 
308 100 17 21 0.025195291 
422 101 10 13 0.024589505 
821 656 15 17 0.023942983 
603 96 14 18 0.023685811 
633 167 26 29 0.022523012 
601 81 14 17 0.022423841 
986 6 35 44 0.022417432 
996 141 14 17 0.022178534 
834 683 13 15 0.021030948 
598 90 13 16 0.020985823 
212 649 29 34 0.020984098 
646 105 15 20 0.020779045 
592 87 11 13 0.020586193 
658 258 28 41 0.020568099 
691 104 15 20 0.02038087 
426 90 13 16 0.020328201 
797 820 10 13 0.020184258 
997 707 10 12 0.020174557 
510 679 13 18 0.020042058 
668 185 13 16 0.020012215 
