13_Interview_Interview_Sequences_13_541
82
485 250 21 30 0.9794265 
752 327 9 13 0.27943093 
960 80 12 15 0.23199674 
131 120 17 22 0.10753972 
186 107 24 29 0.08800092 
483 305 14 18 0.06440672 
120 307 20 23 0.06194086 
127 105 23 31 0.053498045 
485 355 13 15 0.047998607 
69 88 16 21 0.046255287 
687 108 13 14 0.045904487 
186 272 15 19 0.04586999 
139 126 15 21 0.043953355 
92 97 23 31 0.04333325 
97 88 22 29 0.04043674 
384 443 29 31 0.040199805 
96 229 25 31 0.039393827 
896 117 11 14 0.03929015 
221 153 14 17 0.03883107 
958 76 19 24 0.03843306 
479 355 14 18 0.037598815 
754 278 8 11 0.036508825 
533 298 11 15 0.036255676 
28 85 21 27 0.034842316 
753 329 13 16 0.034748156 
187 100 16 20 0.034733362 
344 253 11 14 0.033918004 
519 300 11 14 0.033106886 
478 298 16 20 0.032864437 
415 154 11 14 0.031906087 
795 105 23 29 0.031833794 
156 83 13 17 0.031116132 
215 90 12 16 0.030899083 
93 119 16 21 0.030446015 
181 106 17 21 0.030353231 
511 86 11 13 0.029521085 
76 159 16 19 0.028493354 
525 298 13 17 0.02820786 
280 156 12 16 0.027787574 
473 234 37 47 0.026291886 
813 272 10 12 0.026195213 
132 92 15 19 0.026134009 
489 296 16 21 0.025996411 
527 293 11 14 0.025801945 
276 201 17 22 0.025664331 
414 325 11 14 0.024838708 
541 348 10 12 0.024637362 
63 98 13 18 0.024424626 
881 132 11 14 0.023601333 
433 127 40 52 0.023466596 
951 81 14 18 0.023445087 
489 8 192 224 0.02324655 
79 294 11 14 0.023116305 
509 367 16 19 0.023020925 
181 281 15 19 0.022873117 
119 114 25 32 0.02256988 
745 325 12 16 0.022398328 
829 235 10 13 0.022329595 
886 126 10 14 0.02203984 
466 361 27 32 0.021986669 
680 109 11 13 0.021867745 
146 128 15 19 0.02185291 
91 231 17 21 0.021798339 
888 117 10 14 0.02149999 
334 108 13 16 0.021392234 
479 122 41 54 0.02136117 
189 126 17 21 0.02125362 
267 149 11 14 0.021216178 
598 195 13 16 0.021174291 
218 146 22 28 0.021166533 
193 119 24 31 0.021079335 
500 296 14 18 0.021025935 
691 103 12 14 0.021013761 
188 95 13 16 0.02077596 
508 355 16 20 0.02074442 
107 223 18 24 0.02074306 
63 96 23 30 0.020636987 
98 107 24 34 0.020582017 
885 88 16 18 0.020395316 
366 347 98 110 0.020248296 
100 170 22 27 0.020086827 
83 106 25 33 0.0200662 
