13_Interview_Interview_Sequences_13_33
36
332 160 241 313 0.99992573 
585 819 48 65 0.5180895 
438 1250 25 34 0.31678474 
408 984 35 44 0.17008461 
492 923 24 29 0.08516875 
494 46 441 490 0.082190834 
136 1033 408 459 0.07427638 
479 1015 15 20 0.06959056 
387 90 300 439 0.056189597 
467 1016 16 20 0.04691518 
569 799 54 71 0.039720003 
434 895 15 19 0.038152922 
456 1258 17 21 0.03510246 
270 837 30 38 0.034962226 
447 1247 12 15 0.034872286 
112 347 453 527 0.032124627 
438 1247 43 55 0.029842112 
915 923 101 164 0.028501455 
171 1117 13 17 0.028309718 
525 720 36 52 0.027788242 
459 1004 24 29 0.026388988 
358 362 369 492 0.02491759 
159 1181 13 16 0.024792152 
537 947 20 23 0.024521083 
428 904 17 20 0.024446 
703 835 94 115 0.023795344 
449 998 24 31 0.023290131 
388 924 51 65 0.023223255 
674 789 209 240 0.022772396 
421 986 47 56 0.02271511 
150 1160 12 15 0.022377124 
565 45 264 280 0.02235717 
477 1002 27 33 0.021288563 
458 884 18 19 0.021264553 
8 876 372 481 0.020999033 
531 1059 387 511 0.020844778 
