13_Interview_Interview_On_Location_13_246
31
226 408 586 637 0.99998176 
217 224 491 560 0.70509845 
403 73 14 18 0.6671763 
360 84 17 19 0.2700245 
255 53 450 482 0.18505232 
216 974 123 194 0.1575239 
749 992 106 175 0.14605317 
617 1191 211 271 0.10280593 
262 947 447 470 0.09660738 
392 695 443 510 0.08769661 
454 1466 12 16 0.07776311 
264 997 112 194 0.06951052 
386 103 16 20 0.0652106 
583 1063 336 453 0.06275943 
397 1413 12 16 0.055054385 
353 89 26 28 0.05323995 
622 13 438 492 0.04613638 
248 624 393 557 0.037080966 
360 80 13 15 0.03677585 
412 1430 15 20 0.035342123 
77 879 363 427 0.034869436 
696 472 350 531 0.032745823 
155 387 383 521 0.03258898 
40 1071 449 497 0.029248668 
205 191 16 20 0.026598122 
339 1122 207 359 0.026042992 
654 1346 16 18 0.02503556 
210 186 16 20 0.022569155 
242 935 86 153 0.021712549 
535 1464 12 14 0.020728376 
608 1227 142 172 0.020216657 
