13_Interview_Interview_Sequences_13_7
66
475 246 28 32 0.99937505 
104 244 26 31 0.99916124 
636 190 40 52 0.997985 
254 202 37 52 0.99653435 
861 241 23 28 0.957914 
383 262 23 26 0.905763 
916 253 22 26 0.35068336 
768 295 12 14 0.25840184 
549 281 22 29 0.2568499 
770 335 11 13 0.18838903 
888 288 25 30 0.16607027 
770 340 13 17 0.13766809 
878 277 14 17 0.12770641 
120 277 28 28 0.12338208 
850 276 15 18 0.09871044 
783 280 12 17 0.087886184 
842 272 18 21 0.08473373 
971 237 18 22 0.08382734 
774 310 13 15 0.07671787 
289 172 8 10 0.070862815 
953 221 12 15 0.05981858 
232 216 20 32 0.05566576 
578 413 21 29 0.05451592 
781 352 12 16 0.04818097 
928 287 25 25 0.047519192 
857 324 12 16 0.043596182 
862 232 12 13 0.043379232 
888 294 14 20 0.041731175 
942 249 13 15 0.040791914 
750 341 23 29 0.040286586 
872 243 16 21 0.04006769 
912 257 15 20 0.03927619 
734 385 28 37 0.038777046 
883 269 14 18 0.038465012 
574 302 11 13 0.035627548 
767 305 15 18 0.03484578 
872 280 14 18 0.034527954 
107 279 30 30 0.032466996 
910 248 10 13 0.03136998 
944 217 22 27 0.031355537 
562 290 13 16 0.03100509 
995 253 26 36 0.029944122 
895 258 11 14 0.029702816 
386 295 17 23 0.029468905 
326 219 30 36 0.028817736 
872 221 9 11 0.028720977 
876 239 11 13 0.028366301 
903 247 11 15 0.02737489 
971 230 14 16 0.027076928 
858 280 13 17 0.02647311 
135 283 19 24 0.025620926 
886 250 12 18 0.025116395 
749 335 10 12 0.024658842 
360 404 10 14 0.024055041 
421 337 12 17 0.023939367 
881 280 23 29 0.023314098 
949 249 14 17 0.022931054 
838 287 26 37 0.022674717 
716 343 23 30 0.02235326 
888 274 24 31 0.022108614 
674 259 24 30 0.02200842 
741 396 15 21 0.021900479 
436 283 12 14 0.021480853 
716 338 17 19 0.020945325 
951 125 11 13 0.020803329 
148 313 22 31 0.020537576 
