13_Interview_Interview_On_Location_13_521
46
896 12 114 139 0.999892 
880 213 34 41 0.99783796 
702 44 94 147 0.99599886 
177 220 37 48 0.9920765 
75 340 64 73 0.39333373 
605 327 10 13 0.22887063 
111 287 12 15 0.14727847 
635 324 11 13 0.105250895 
7 255 32 39 0.07977574 
418 77 96 136 0.06598869 
98 349 39 46 0.06420619 
528 305 12 16 0.05868605 
644 269 9 13 0.045059334 
330 247 429 476 0.044542607 
536 272 7 9 0.043953896 
574 317 8 11 0.039951246 
481 327 9 10 0.03801195 
599 294 9 11 0.035874687 
590 278 9 11 0.033152387 
638 287 9 11 0.031326856 
550 302 10 14 0.029761152 
456 310 10 12 0.028649086 
497 312 9 12 0.028570492 
593 294 9 11 0.028212542 
342 400 101 134 0.027721588 
519 222 9 11 0.026427018 
524 299 22 27 0.025502486 
501 312 11 13 0.025160847 
713 341 28 35 0.024054753 
518 280 9 11 0.023782672 
633 264 7 9 0.023662653 
108 285 20 24 0.023126824 
549 412 42 51 0.022685342 
457 303 9 11 0.022453025 
640 265 8 10 0.02221787 
606 293 9 10 0.021869496 
689 278 8 10 0.021601098 
430 310 11 12 0.021398762 
539 219 12 15 0.021108743 
425 285 9 11 0.021040844 
591 327 9 11 0.020877725 
590 344 9 11 0.020780098 
211 225 15 21 0.0206717 
590 214 9 11 0.020512942 
585 261 8 10 0.02048867 
543 307 10 13 0.0201755 
