13_Interview_Interview_On_Location_13_610
31
314 153 168 258 0.9987766 
567 225 149 258 0.9755803 
665 792 220 257 0.22213185 
540 583 386 475 0.13092478 
264 1147 11 15 0.112225756 
151 1014 326 478 0.07949194 
82 721 458 402 0.072634056 
265 1133 10 12 0.056190148 
245 1150 8 11 0.054870408 
142 147 94 149 0.05130747 
148 196 59 89 0.042764507 
503 186 349 453 0.040241256 
379 197 177 242 0.036352318 
136 1270 108 151 0.03573468 
537 269 112 194 0.034894522 
297 1142 10 12 0.033002954 
588 689 246 294 0.032517403 
269 1127 9 11 0.032108534 
147 1164 221 281 0.031825103 
267 1142 14 17 0.030533036 
332 1158 13 16 0.029024022 
312 113 368 459 0.026868133 
301 1148 9 11 0.02645571 
379 1109 124 141 0.025632897 
303 1158 11 13 0.024907958 
233 119 185 262 0.024777828 
94 1276 98 144 0.024702402 
246 1156 8 11 0.024328731 
-7 528 380 478 0.02356869 
966 349 12 13 0.02095228 
763 1161 14 17 0.020393906 
