13_Interview_Interview_2_People_Visible_13_325
91
290 124 39 50 0.99652845 
368 632 33 38 0.8635981 
227 519 12 15 0.8177012 
179 525 10 14 0.6172339 
88 508 8 11 0.56020117 
498 581 15 17 0.48814467 
456 572 11 14 0.4382924 
102 524 8 11 0.37892246 
67 487 16 21 0.37181833 
149 64 42 51 0.2794834 
103 520 9 11 0.2606626 
257 65 34 44 0.24324873 
160 526 7 9 0.21598129 
424 571 8 10 0.19167785 
197 533 8 10 0.15399547 
110 513 8 10 0.12558319 
153 8 27 32 0.11821977 
-2 237 415 456 0.11579481 
138 526 8 10 0.10998685 
243 13 17 21 0.10676543 
439 564 9 12 0.07679417 
177 521 10 12 0.07621732 
411 619 15 18 0.0729995 
428 567 10 12 0.07010248 
109 517 8 11 0.065481976 
486 604 13 15 0.060785 
141 520 8 10 0.05859392 
439 573 8 10 0.056651328 
70 479 14 18 0.055082027 
91 509 10 12 0.052239254 
126 552 8 10 0.04935278 
122 550 8 11 0.042540584 
62 494 16 20 0.041579437 
86 514 10 14 0.040731262 
235 47 14 18 0.04017651 
653 406 10 12 0.03799171 
662 391 8 10 0.03754633 
194 528 8 11 0.036161426 
154 527 8 10 0.03599522 
453 567 18 23 0.03557139 
160 531 9 11 0.034595087 
408 613 13 17 0.03410163 
645 413 11 13 0.033974078 
105 513 9 11 0.03334776 
80 516 11 14 0.033217773 
63 336 279 269 0.033146042 
407 618 25 33 0.032541532 
260 22 17 20 0.03213319 
83 14 33 43 0.031733457 
372 653 31 37 0.031684786 
418 624 16 20 0.031158403 
458 639 10 13 0.029703984 
92 505 9 11 0.028939772 
449 580 12 15 0.028197614 
294 582 12 17 0.028188692 
655 398 10 12 0.028185869 
450 573 10 12 0.028036607 
455 644 13 16 0.027832808 
50 44 31 39 0.026672876 
137 532 9 11 0.026411207 
428 629 11 14 0.026032478 
191 519 8 11 0.026002796 
96 519 10 13 0.025573632 
273 73 18 25 0.025188863 
487 584 14 18 0.02441335 
223 529 13 15 0.024259768 
126 510 9 10 0.024160659 
268 67 16 23 0.02415964 
125 504 9 11 0.023949819 
134 552 8 10 0.023925506 
119 544 9 11 0.023370901 
128 556 8 10 0.022827635 
91 34 37 43 0.022565318 
280 550 9 11 0.022351988 
472 612 11 13 0.022223867 
231 10 29 33 0.022138076 
82 509 10 11 0.021666197 
253 23 16 19 0.021653833 
697 366 10 12 0.02114322 
152 534 8 10 0.020969417 
279 34 46 54 0.02096387 
207 526 9 12 0.020781683 
489 576 22 26 0.020596748 
503 614 10 12 0.020474507 
102 530 10 12 0.020470094 
406 623 16 20 0.020439615 
117 533 8 10 0.020391164 
111 526 8 11 0.020351913 
87 44 51 63 0.02015964 
71 471 12 15 0.02008757 
119 510 8 10 0.02007126 
