13_Interview_Interview_On_Location_13_537
28
793 444 59 107 0.8690754 
188 373 510 615 0.7937013 
138 586 450 570 0.26190284 
485 808 95 117 0.15528104 
619 845 119 102 0.14376421 
956 587 29 36 0.13805422 
295 457 282 371 0.08627973 
0 195 443 451 0.07971877 
21 820 549 530 0.06525254 
508 821 116 142 0.05743158 
907 581 109 141 0.05734213 
905 538 31 33 0.05154023 
579 855 132 136 0.049445238 
993 973 29 49 0.044682514 
734 416 105 131 0.03661155 
976 971 48 84 0.03317423 
922 923 17 22 0.031082567 
902 499 52 67 0.030427909 
324 373 214 308 0.028110594 
924 458 55 78 0.023540001 
947 575 29 37 0.02349074 
638 889 89 80 0.023108907 
759 568 216 220 0.022822738 
968 591 28 39 0.021735571 
524 836 71 86 0.02154321 
956 948 72 145 0.020859893 
670 857 77 73 0.02071458 
866 556 30 33 0.020039728 
