13_Interview_Interview_Sequences_13_973
28
294 121 82 110 0.99765223 
820 167 78 94 0.99552876 
786 268 17 22 0.25902423 
472 95 25 31 0.12500015 
128 117 37 44 0.103755675 
502 87 16 18 0.10069528 
709 307 10 12 0.07863433 
766 274 12 14 0.04666841 
469 105 15 20 0.04651201 
647 238 10 14 0.044056855 
611 338 23 34 0.043706104 
759 273 12 14 0.042126 
668 279 11 15 0.03827189 
748 284 10 12 0.038256288 
728 294 9 12 0.031327106 
662 243 15 18 0.031127088 
888 453 7 9 0.028164329 
774 251 27 34 0.026393998 
491 86 22 26 0.02594635 
705 303 11 13 0.023638189 
731 252 16 18 0.02339604 
498 85 11 15 0.023169665 
750 278 11 13 0.022458462 
657 273 25 30 0.022089811 
529 83 16 17 0.02153768 
518 83 13 15 0.020493925 
465 106 12 16 0.020247452 
652 242 14 17 0.020062495 
