13_Interview_Interview_Sequences_13_859
26
226 198 32 40 0.9975197 
823 132 37 44 0.99715805 
123 111 33 46 0.9959557 
719 152 21 28 0.9934273 
707 200 26 32 0.9929404 
476 111 39 46 0.9863929 
618 183 21 27 0.9788519 
551 194 38 43 0.95826626 
252 163 31 37 0.9399642 
640 177 20 27 0.8591453 
809 163 18 27 0.31137568 
265 444 11 14 0.16674662 
727 338 12 15 0.14770372 
571 157 27 30 0.07321023 
864 149 21 30 0.058559276 
647 306 14 20 0.045572866 
264 159 28 34 0.04144691 
814 143 29 40 0.035298213 
616 172 34 43 0.030326616 
243 172 38 48 0.02722923 
259 459 14 17 0.026694862 
787 310 15 22 0.026618095 
278 251 29 32 0.024319818 
289 227 23 33 0.024224833 
266 450 13 15 0.02362823 
853 139 28 34 0.020530738 
