13_Interview_Interview_On_Location_13_569
72
258 375 343 480 0.99769837 
759 609 26 30 0.7769378 
858 648 36 42 0.708814 
730 707 32 37 0.67951626 
787 682 20 31 0.5234403 
902 682 32 38 0.44321457 
811 698 24 31 0.4401684 
678 139 247 272 0.3898735 
646 35 402 462 0.24041879 
719 337 62 61 0.177622 
740 214 159 165 0.14627284 
789 620 15 24 0.12951317 
774 613 24 31 0.1273415 
679 316 38 47 0.12636097 
767 665 41 54 0.12545776 
811 626 28 38 0.10567191 
818 692 18 22 0.09430325 
572 727 414 572 0.0874782 
766 730 27 36 0.0832449 
796 603 46 59 0.0808639 
832 727 47 47 0.07242 
693 332 56 60 0.07075944 
858 687 27 32 0.059245966 
707 290 129 119 0.0542088 
808 607 26 31 0.05306912 
742 705 45 55 0.052336995 
702 360 31 42 0.047004215 
791 618 26 33 0.044833597 
793 653 15 19 0.044136334 
793 694 27 37 0.042273134 
893 689 28 33 0.04128644 
819 660 23 28 0.039616138 
323 25 466 501 0.038722757 
750 263 30 38 0.037918832 
803 705 19 24 0.03362126 
775 602 25 29 0.03334018 
812 664 17 20 0.032825615 
796 679 25 36 0.032716155 
780 652 15 20 0.031791236 
778 728 27 38 0.030621313 
772 655 15 19 0.030110974 
668 530 380 454 0.029995315 
816 710 26 31 0.029743321 
845 604 16 17 0.029281516 
828 631 24 31 0.028961053 
822 698 19 23 0.028112026 
743 713 21 24 0.027663248 
745 769 18 22 0.027407989 
777 663 25 34 0.027339838 
813 625 45 58 0.026233245 
745 343 36 40 0.026092427 
418 846 423 534 0.02555463 
787 732 16 23 0.02488918 
778 614 48 62 0.02412536 
849 719 32 34 0.02392443 
849 235 26 34 0.023635142 
829 733 28 34 0.023257427 
785 654 21 28 0.022843983 
771 671 17 23 0.02279058 
730 333 33 41 0.022639496 
817 251 73 91 0.022525925 
705 236 57 50 0.022268126 
709 232 125 119 0.022218704 
803 737 16 22 0.022012029 
822 640 27 34 0.021491595 
699 328 35 43 0.021117996 
709 687 77 96 0.02099679 
726 659 34 38 0.020923324 
596 297 52 60 0.020847118 
867 232 26 31 0.020677878 
779 310 15 17 0.020335356 
860 655 20 23 0.020152671 
