13_Interview_Interview_On_Location_13_478
24
452 55 120 163 0.99988306 
385 440 258 262 0.16433609 
40 479 31 35 0.14303432 
139 461 20 23 0.106982894 
418 453 142 117 0.10466945 
168 460 20 23 0.06609477 
859 356 15 16 0.058829322 
149 459 30 32 0.040651 
811 48 204 280 0.036252595 
879 357 10 12 0.033055343 
27 471 31 39 0.031756487 
996 532 25 38 0.031334553 
338 347 448 474 0.029212946 
408 160 16 19 0.028682971 
944 365 11 15 0.024105329 
159 371 44 58 0.023994135 
903 366 9 11 0.023730174 
261 318 10 13 0.023134707 
142 458 47 53 0.022565467 
188 549 38 43 0.021446085 
897 361 9 10 0.0212538 
50 476 20 24 0.021031307 
187 362 55 61 0.020822518 
867 357 12 14 0.020769544 
