13_Interview_Interview_On_Location_13_554
52
289 105 309 421 0.99601483 
951 66 44 63 0.35495135 
947 505 60 91 0.35309222 
691 74 53 61 0.34425578 
818 42 60 81 0.33895025 
946 299 42 62 0.2310023 
823 180 49 62 0.1988851 
947 172 54 74 0.1384422 
406 931 401 457 0.115857475 
954 657 45 65 0.058391273 
952 536 32 52 0.04884105 
792 48 58 71 0.042639162 
949 68 28 43 0.042123366 
307 1059 375 385 0.038045723 
911 172 46 66 0.037263773 
818 273 85 106 0.035192993 
491 795 395 438 0.03503082 
948 393 53 72 0.03392846 
753 16 57 59 0.033491347 
276 1232 38 38 0.0330657 
869 34 53 70 0.03297386 
934 370 88 113 0.032063067 
827 -4 37 38 0.0314798 
774 12 87 90 0.030912897 
842 84 38 44 0.030030714 
54 624 161 223 0.029793534 
3 664 456 599 0.029137332 
690 1192 127 97 0.028086722 
943 625 73 116 0.02709621 
934 45 68 101 0.02659781 
641 782 29 35 0.026213702 
661 87 58 66 0.02537362 
989 -3 36 37 0.024572322 
739 107 44 55 0.02387229 
969 81 36 46 0.02336281 
690 772 31 37 0.023227816 
499 463 375 515 0.022945171 
896 51 45 61 0.022548141 
922 297 43 57 0.02209323 
13 519 357 505 0.0220677 
677 39 80 102 0.021638025 
815 1 102 116 0.021486316 
949 98 40 46 0.021433549 
962 -3 33 37 0.020796763 
562 999 217 251 0.020662773 
905 154 77 104 0.020593008 
851 181 51 66 0.020587018 
888 478 45 60 0.020568758 
752 46 55 70 0.02029436 
902 624 37 39 0.02029136 
152 83 304 444 0.02021475 
926 383 57 73 0.020067492 
