13_Interview_Interview_Sequences_13_586
25
544 479 99 132 0.99791604 
446 781 22 28 0.21209428 
463 760 25 33 0.0722128 
417 927 8 10 0.067264564 
422 927 8 10 0.06583473 
475 759 17 23 0.06396312 
523 818 15 19 0.059387874 
537 1060 45 56 0.050280243 
514 802 15 19 0.046453256 
485 878 10 14 0.03587173 
519 846 11 13 0.03223234 
563 856 14 18 0.030795267 
457 773 27 35 0.030033402 
590 512 112 127 0.028783813 
516 864 14 17 0.028363062 
400 919 7 9 0.026242467 
434 787 23 27 0.02598384 
300 615 404 459 0.025934495 
510 807 21 26 0.025889773 
478 881 14 17 0.02457578 
481 752 17 23 0.024109019 
572 949 33 43 0.02187953 
593 503 67 83 0.020617729 
416 920 7 11 0.020389436 
426 796 24 26 0.020268122 
