13_Interview_Interview_On_Location_13_921
145
753 390 27 36 0.99966645 
660 387 25 33 0.99892694 
201 391 20 26 0.97414047 
936 385 19 30 0.95125437 
790 409 14 17 0.30263802 
583 362 13 14 0.17283997 
151 351 11 14 0.16918337 
184 396 12 16 0.1480927 
644 353 15 20 0.14201082 
813 327 10 12 0.13824232 
639 397 12 16 0.13410392 
707 387 16 20 0.113393955 
964 331 14 18 0.09464244 
730 353 17 21 0.09003508 
808 408 12 17 0.08699455 
590 381 12 16 0.08589161 
112 358 14 18 0.084599406 
91 358 18 21 0.08256704 
988 466 13 17 0.07629063 
686 380 15 18 0.0760845 
559 355 10 12 0.06402617 
288 508 12 14 0.063656606 
260 416 10 13 0.061347168 
458 415 12 15 0.060766138 
454 391 12 15 0.059872784 
596 383 11 14 0.058004446 
630 334 9 11 0.057962257 
702 358 11 15 0.056450527 
640 339 12 14 0.0547241 
94 385 13 16 0.05452862 
222 398 12 15 0.05343201 
152 371 11 14 0.051104005 
551 352 9 11 0.05041408 
726 338 14 17 0.049637318 
622 373 10 14 0.04887168 
636 399 20 25 0.0483777 
644 335 10 12 0.046566863 
127 364 11 14 0.046246536 
641 336 8 10 0.04611074 
707 357 10 13 0.046001684 
149 396 10 14 0.044300616 
189 388 22 29 0.0438722 
837 380 9 11 0.043687034 
149 416 12 17 0.04366429 
787 398 12 15 0.042513344 
570 374 15 18 0.0423197 
783 398 20 26 0.042134583 
72 377 8 11 0.041968852 
790 390 11 13 0.04117122 
525 359 7 10 0.04103787 
798 364 39 51 0.041031513 
848 374 9 11 0.04074368 
257 418 10 14 0.040293597 
639 350 13 16 0.03992775 
832 379 9 12 0.039486717 
190 364 12 16 0.038617376 
661 335 9 11 0.037912663 
966 379 14 20 0.036413588 
434 306 13 14 0.03635961 
645 371 13 16 0.035186846 
863 351 11 14 0.035077352 
971 330 12 17 0.03468914 
155 356 10 12 0.034671664 
974 348 11 15 0.03460412 
687 407 16 21 0.034412734 
732 334 10 13 0.03394241 
702 410 14 17 0.033939496 
126 360 10 13 0.033843156 
738 359 17 20 0.033579387 
659 341 11 14 0.03236015 
813 391 14 18 0.0323142 
808 377 26 30 0.032066107 
230 397 11 14 0.03194894 
498 361 15 17 0.031773604 
566 357 9 11 0.03144421 
544 387 12 17 0.031382762 
970 386 14 21 0.03034682 
820 381 10 13 0.029460575 
653 346 14 19 0.029075462 
726 346 16 20 0.028977113 
183 357 12 14 0.028945481 
143 357 11 13 0.028930848 
631 351 9 12 0.028512476 
543 342 8 10 0.028432837 
703 380 14 18 0.027571484 
638 359 15 19 0.027352175 
542 375 9 12 0.02707754 
575 359 10 11 0.027064897 
132 382 13 15 0.026926449 
141 390 12 14 0.026764773 
685 357 11 14 0.0267223 
715 374 11 15 0.026478183 
694 373 12 15 0.026340224 
223 411 13 17 0.026170744 
521 358 8 11 0.02595491 
559 343 8 10 0.025909873 
542 380 11 14 0.025850452 
178 358 9 12 0.025806805 
642 372 23 28 0.025795333 
150 344 12 14 0.025753548 
622 365 9 14 0.02546063 
695 357 13 16 0.024989886 
636 336 21 25 0.024632964 
581 378 13 16 0.024587799 
960 336 13 18 0.024476493 
246 421 11 12 0.024436003 
167 340 9 12 0.024340957 
626 341 9 12 0.024287453 
240 382 10 12 0.024273025 
600 357 10 14 0.024138829 
565 352 9 12 0.024055913 
971 338 13 18 0.02389102 
419 344 14 19 0.023317538 
113 388 10 13 0.023106825 
794 430 12 14 0.023005364 
712 379 13 17 0.022931335 
805 296 8 10 0.022804223 
182 379 12 16 0.022536423 
75 379 11 14 0.022264574 
520 363 9 12 0.02201033 
962 346 16 22 0.021965366 
254 405 8 10 0.021963604 
624 358 8 12 0.02192318 
557 362 12 14 0.021714227 
670 333 9 11 0.02164263 
181 351 20 27 0.021581043 
544 356 10 13 0.021573322 
128 371 12 14 0.021567265 
281 399 10 12 0.021374004 
240 420 10 12 0.021355668 
650 360 13 17 0.021287262 
144 349 12 15 0.021285037 
821 365 10 14 0.021109814 
691 383 15 19 0.021083659 
545 351 8 11 0.02102862 
258 370 14 18 0.020969965 
442 352 15 18 0.020868963 
662 364 12 15 0.020792764 
143 395 12 15 0.020633103 
847 364 10 14 0.02059074 
805 401 21 26 0.020318395 
146 346 19 23 0.020276267 
671 343 11 14 0.02019439 
845 356 11 14 0.020170994 
278 373 12 15 0.020048449 
