13_Interview_Interview_Sequences_13_495
60
538 71 42 50 0.9768436 
494 120 27 31 0.9558019 
431 142 33 36 0.9461938 
351 126 26 32 0.86539966 
411 144 26 31 0.80147773 
401 117 26 33 0.6824054 
109 123 23 29 0.5685257 
305 128 26 31 0.4212227 
340 308 13 18 0.12189916 
592 98 14 19 0.106980935 
0 118 24 41 0.08747324 
179 133 13 16 0.08066291 
363 81 16 20 0.07743157 
409 138 20 27 0.07702881 
109 41 15 22 0.0741656 
119 127 16 22 0.07406449 
369 80 19 22 0.06718009 
53 116 31 38 0.056320578 
2 105 41 59 0.05315461 
155 100 12 16 0.050162718 
188 138 15 20 0.046697345 
195 140 14 19 0.04614003 
383 173 27 31 0.04372939 
427 150 23 25 0.04287404 
370 84 26 30 0.041095972 
582 89 23 32 0.039526053 
103 44 23 31 0.038895458 
103 132 25 34 0.031896137 
397 124 18 23 0.03130788 
73 129 17 21 0.030811569 
383 103 22 27 0.03067522 
48 87 28 34 0.030532321 
91 171 17 22 0.030056134 
123 124 22 29 0.0295691 
367 67 24 29 0.028581534 
132 122 14 17 0.027510898 
103 114 14 16 0.024990374 
108 146 24 30 0.024712835 
106 152 15 20 0.024681488 
370 98 26 29 0.024570374 
98 110 40 51 0.02397301 
46 84 45 59 0.023819191 
20 116 28 34 0.022922454 
179 144 16 20 0.022342945 
97 168 18 22 0.022095395 
203 141 13 18 0.021899046 
503 114 20 26 0.02174192 
392 106 25 32 0.021712992 
690 267 15 17 0.021478133 
654 96 39 59 0.021446219 
327 260 10 13 0.021354653 
94 139 12 16 0.020875352 
185 154 17 20 0.020750185 
175 137 15 18 0.020708632 
407 151 18 23 0.020672202 
343 119 25 33 0.0205811 
115 258 23 32 0.02043184 
102 130 17 21 0.020331897 
86 98 23 29 0.020317603 
285 104 22 28 0.020308485 
