13_Interview_Interview_2_People_Visible_13_1001
98
123 366 18 23 0.98686635 
816 314 23 32 0.9832938 
473 350 20 29 0.96256924 
188 353 18 22 0.9583768 
957 332 16 22 0.9501747 
294 144 16 19 0.90702724 
577 338 18 27 0.9018078 
297 359 17 23 0.89901215 
726 342 15 20 0.83252627 
627 324 20 27 0.70735985 
213 145 18 24 0.63269806 
203 328 16 20 0.54731303 
212 371 13 19 0.51822025 
95 341 9 14 0.39278042 
725 41 57 80 0.37621233 
378 150 12 15 0.35785705 
662 335 16 20 0.2664311 
348 302 18 24 0.17004523 
639 284 14 19 0.16607608 
327 166 10 13 0.14008644 
119 398 22 29 0.13857879 
982 402 15 17 0.10645287 
148 284 14 17 0.10402633 
207 363 13 21 0.0962037 
467 401 21 30 0.09337207 
240 148 10 15 0.09004563 
89 341 11 16 0.07249594 
463 141 13 17 0.071177125 
140 331 15 19 0.06825907 
668 386 16 20 0.066462286 
156 376 17 20 0.06445056 
502 159 9 11 0.060796116 
739 81 38 45 0.05654353 
217 374 15 19 0.05203865 
675 338 13 19 0.049516782 
168 282 13 17 0.049004838 
132 330 16 20 0.048689853 
177 401 19 22 0.046548225 
413 152 9 11 0.04444901 
643 315 16 20 0.04364529 
710 360 10 12 0.042866047 
480 161 11 15 0.042373944 
227 147 14 18 0.041894242 
647 218 12 16 0.041778535 
782 299 14 18 0.041107282 
253 340 13 18 0.041022345 
674 381 13 16 0.040775206 
636 320 21 27 0.040748294 
205 184 15 18 0.040327866 
925 296 13 17 0.03949506 
916 290 16 20 0.03769727 
97 338 13 18 0.03615957 
218 365 15 19 0.03483124 
155 284 13 15 0.03476304 
726 83 33 44 0.03476109 
580 325 15 19 0.03472171 
172 280 10 13 0.034038544 
116 284 14 17 0.033228293 
294 351 13 20 0.03251094 
278 170 11 15 0.032382898 
175 302 9 12 0.030724982 
643 280 12 16 0.0306161 
957 385 17 19 0.030453473 
916 277 13 16 0.028978242 
957 409 15 17 0.0280242 
276 198 14 18 0.02673516 
117 308 9 12 0.026246695 
151 370 14 19 0.026237035 
738 46 36 45 0.025864208 
230 276 10 14 0.025331205 
303 364 18 22 0.025328493 
247 336 13 18 0.02527276 
245 164 11 15 0.025063042 
117 394 16 21 0.025053289 
255 281 10 12 0.025051141 
237 152 12 17 0.024644941 
294 173 15 18 0.02446232 
135 283 12 16 0.023874579 
319 170 13 18 0.023520315 
931 298 12 16 0.023265678 
196 187 22 30 0.022924269 
309 170 13 17 0.022855174 
729 348 16 21 0.022596847 
301 208 13 17 0.022463283 
396 168 9 11 0.022358835 
468 310 14 18 0.0222468 
143 280 12 15 0.02182307 
392 167 9 11 0.021633472 
143 301 10 14 0.021479296 
243 170 13 17 0.021455374 
196 334 17 21 0.02135412 
228 362 13 18 0.021335457 
221 170 13 16 0.021128697 
203 173 13 17 0.021122377 
234 210 13 16 0.020969152 
239 164 12 16 0.020359678 
143 289 12 15 0.02030941 
162 382 16 20 0.020108948 
