13_Interview_Interview_2_People_Visible_13_223
108
572 106 31 37 0.9983303 
280 105 31 37 0.9973573 
651 317 40 49 0.99420893 
118 315 41 52 0.9935342 
293 374 28 35 0.9928732 
457 374 27 34 0.9926543 
121 43 40 52 0.9908529 
865 319 37 47 0.9899005 
823 106 31 39 0.9776714 
418 46 43 53 0.9692444 
697 63 38 47 0.93163633 
548 355 18 24 0.72840756 
530 331 11 14 0.26610687 
245 418 15 21 0.18274815 
738 356 18 22 0.14622885 
365 329 12 16 0.14196227 
643 57 24 32 0.09797823 
740 330 17 20 0.08566658 
874 74 24 30 0.0785249 
308 94 23 32 0.076706596 
806 73 19 26 0.07290886 
828 88 15 18 0.07263413 
557 330 13 16 0.06934588 
550 331 13 16 0.06869623 
631 71 22 30 0.06861437 
542 331 12 16 0.060568716 
813 68 13 16 0.058689892 
384 299 25 32 0.058367074 
727 42 29 41 0.05502968 
1 59 11 15 0.04818207 
845 155 21 30 0.048139304 
803 155 26 31 0.047294788 
730 333 27 33 0.044823516 
248 415 23 32 0.043872762 
834 332 24 30 0.043232474 
866 127 15 18 0.04149619 
245 151 23 29 0.040203713 
317 110 25 35 0.039938163 
280 356 18 22 0.039179638 
576 297 22 30 0.03863696 
4 54 11 14 0.038606755 
785 82 15 21 0.03738172 
797 74 19 29 0.03729473 
576 304 13 20 0.034211356 
592 72 23 29 0.0337193 
740 264 16 19 0.033161625 
226 25 16 20 0.033066988 
594 328 26 30 0.032982625 
108 150 31 31 0.032949902 
605 77 12 15 0.032699533 
221 325 23 30 0.03228989 
357 28 28 37 0.031655464 
506 349 14 18 0.030686948 
535 162 27 31 0.03044449 
543 334 24 29 0.030346442 
470 325 25 32 0.029842086 
293 97 28 36 0.028656295 
542 264 15 18 0.028474817 
829 88 23 29 0.028430251 
630 338 15 18 0.028342143 
868 145 18 22 0.027950441 
789 297 30 39 0.027743267 
528 325 18 23 0.027636504 
406 52 32 44 0.027484605 
833 97 27 36 0.02721097 
848 112 24 34 0.026939716 
107 124 39 40 0.02634612 
818 77 20 26 0.026250655 
772 97 15 20 0.026152 
869 53 40 49 0.026111346 
774 192 17 21 0.026043648 
704 47 35 43 0.025272606 
196 457 21 26 0.025255911 
411 363 23 30 0.024986202 
826 122 21 26 0.024903545 
908 323 26 37 0.024841912 
621 65 24 34 0.024794413 
122 160 16 17 0.024519065 
447 335 28 33 0.024404658 
149 316 26 35 0.024212435 
270 104 25 34 0.023741782 
844 76 11 14 0.023499068 
346 322 13 16 0.023436582 
239 169 23 29 0.022777714 
979 348 11 14 0.022735113 
696 41 29 38 0.022317454 
435 338 16 19 0.022302972 
539 153 17 22 0.022263516 
751 51 29 42 0.022101153 
608 70 21 29 0.022029994 
0 250 12 18 0.021818638 
440 380 13 16 0.021764548 
109 427 16 19 0.021736607 
616 110 28 33 0.021512259 
611 76 12 16 0.02147207 
643 71 18 25 0.021471648 
508 318 13 17 0.021298286 
842 97 17 21 0.021233466 
592 305 29 37 0.021142386 
756 80 14 19 0.021138461 
117 306 31 41 0.021034578 
262 343 22 28 0.020934073 
53 256 16 20 0.02074994 
738 58 38 53 0.020628603 
502 318 23 30 0.020554328 
845 329 26 34 0.020480527 
554 325 22 26 0.020475535 
697 324 25 36 0.020201098 
