13_Interview_Interview_Sequences_13_35
32
622 498 43 61 0.98928225 
542 476 58 69 0.9872744 
472 75 43 59 0.982294 
356 276 53 69 0.9813115 
504 404 59 72 0.97894657 
420 446 132 166 0.38877875 
959 168 9 11 0.21558478 
479 415 83 105 0.09351959 
937 153 7 9 0.072873786 
569 416 45 54 0.07058837 
725 408 18 20 0.06808325 
832 727 45 35 0.052933227 
306 480 30 35 0.049080458 
936 156 8 10 0.04607753 
559 451 54 66 0.045629796 
672 239 36 34 0.044276692 
998 164 9 10 0.040603403 
253 9 43 51 0.036125343 
599 284 36 35 0.033093285 
742 172 11 14 0.032412697 
942 157 7 10 0.030112073 
953 174 8 10 0.026276167 
941 153 8 9 0.025728827 
992 174 8 11 0.024079604 
918 176 9 12 0.023812795 
279 608 38 35 0.023230463 
929 159 8 9 0.02317949 
503 476 88 93 0.0226647 
955 168 8 10 0.022102496 
964 167 8 10 0.02171928 
993 166 9 11 0.020863721 
588 407 56 61 0.020268781 
