13_Interview_Interview_On_Location_13_138
120
332 223 19 23 0.9150636 
97 260 19 23 0.8602377 
437 292 23 29 0.7322592 
674 277 16 20 0.69792134 
495 244 16 25 0.6568835 
330 272 19 22 0.33700305 
413 247 11 13 0.25702164 
348 375 47 58 0.21612881 
234 130 32 40 0.21568528 
246 386 92 123 0.1829734 
53 336 42 44 0.17609456 
423 316 50 54 0.16232106 
213 180 12 13 0.13659893 
369 306 25 38 0.13449547 
356 272 12 15 0.10857565 
164 138 18 21 0.099394925 
443 282 28 30 0.097988926 
10 531 48 45 0.09659501 
384 259 12 17 0.09405042 
436 302 30 42 0.07361111 
408 251 12 15 0.06648019 
318 309 21 29 0.05559828 
512 253 22 27 0.052123323 
357 303 28 34 0.051189512 
324 278 26 30 0.050086144 
596 279 13 14 0.049696784 
416 333 39 42 0.04920283 
505 250 15 18 0.04543803 
332 195 16 19 0.04357114 
447 292 30 39 0.042209584 
235 164 12 15 0.042125616 
299 151 16 19 0.04167179 
724 317 12 15 0.040960312 
581 268 10 12 0.04081789 
406 258 12 16 0.04004791 
327 199 14 18 0.037177064 
741 390 37 36 0.03619872 
286 414 65 92 0.03586028 
226 406 69 82 0.035020858 
322 317 30 35 0.034812383 
430 295 18 23 0.034441233 
410 349 36 42 0.03380222 
481 249 21 29 0.033642046 
412 275 15 18 0.033442568 
700 309 50 54 0.032843597 
516 244 13 17 0.03267993 
612 307 15 17 0.031573787 
140 585 36 37 0.031213293 
609 310 11 13 0.03069966 
607 293 9 11 0.030515214 
333 357 49 55 0.03024123 
309 283 16 17 0.030141406 
326 328 43 47 0.029959235 
365 276 13 17 0.029432232 
408 240 10 12 0.029425947 
447 311 31 41 0.02934505 
163 148 19 22 0.028999893 
52 495 28 37 0.028807977 
42 435 44 56 0.028555036 
604 286 10 12 0.0283702 
226 148 29 35 0.0279311 
458 283 25 29 0.027315397 
250 140 13 17 0.027106097 
414 379 35 40 0.026850011 
317 284 14 16 0.026758961 
199 111 12 16 0.026377082 
206 171 24 28 0.026358668 
220 181 12 14 0.02633753 
239 251 12 17 0.026299523 
509 294 13 15 0.025859863 
421 302 28 33 0.025766024 
502 254 24 30 0.025760226 
407 241 19 24 0.02563274 
523 253 13 17 0.025258962 
346 14 58 79 0.025097819 
479 387 34 37 0.025078718 
223 199 12 13 0.024850167 
402 266 24 26 0.024263965 
678 288 45 52 0.024149058 
598 292 11 13 0.02410826 
342 174 12 13 0.024097314 
157 336 209 197 0.024029016 
335 266 20 24 0.023679944 
478 314 12 16 0.023655798 
409 326 34 35 0.023373963 
590 271 9 11 0.023307698 
462 294 27 36 0.023229621 
336 318 31 34 0.023123857 
266 146 28 33 0.02300802 
191 115 12 16 0.02283084 
237 169 13 15 0.022732647 
285 171 11 13 0.022537082 
556 269 13 14 0.022330938 
322 298 27 35 0.022320645 
401 254 23 27 0.022287196 
652 283 11 13 0.02214059 
471 269 23 29 0.022106063 
270 206 9 12 0.021881757 
450 302 16 22 0.021784954 
378 312 28 38 0.021674681 
498 239 17 20 0.0215814 
647 271 8 10 0.021571713 
469 315 13 19 0.021513656 
337 301 27 34 0.02137131 
343 342 33 34 0.021354822 
609 296 23 26 0.02130553 
383 256 21 28 0.021220664 
658 351 32 38 0.021201134 
54 286 397 393 0.021033024 
195 108 24 29 0.02096754 
228 182 12 13 0.020957155 
434 273 27 34 0.020785628 
413 265 25 32 0.020745749 
262 221 11 15 0.020704564 
620 293 12 14 0.020698138 
206 173 14 17 0.02058446 
648 284 9 11 0.020465625 
401 337 38 41 0.02035868 
508 239 14 17 0.020186521 
347 300 16 20 0.020067018 
