13_Interview_Interview_2_People_Visible_13_461
29
155 151 65 102 0.95183116 
87 168 66 98 0.61652714 
62 458 16 18 0.46358296 
111 160 79 101 0.12167293 
45 452 15 16 0.09079144 
627 44 388 448 0.07492534 
53 455 17 21 0.05919538 
77 380 9 11 0.058924876 
51 446 15 17 0.03851857 
187 163 54 80 0.03717483 
425 175 32 41 0.036095373 
70 242 59 58 0.03422189 
728 115 230 270 0.033915456 
282 580 12 15 0.03203763 
115 387 13 15 0.031660523 
110 382 12 15 0.030506734 
62 374 12 15 0.030068142 
103 381 11 14 0.027699864 
69 376 12 13 0.025618622 
470 553 14 17 0.02528458 
217 548 30 44 0.02519569 
9 358 10 13 0.024019625 
104 375 10 12 0.023072138 
26 416 99 117 0.021924123 
110 446 14 15 0.021749714 
167 482 11 15 0.020914357 
579 596 119 128 0.020625185 
63 191 102 110 0.020047737 
53 374 13 16 0.02004677 
