13_Interview_Interview_On_Location_13_129
24
403 -1 191 245 0.99977976 
302 36 10 11 0.20649342 
709 464 19 23 0.15187165 
602 498 23 26 0.10612325 
258 43 13 16 0.09190311 
663 530 13 15 0.059676256 
588 544 17 21 0.057900287 
656 468 23 28 0.04719292 
115 146 32 37 0.044225205 
799 1 36 33 0.03619048 
3 341 14 22 0.03131809 
786 256 29 36 0.030197755 
652 557 17 18 0.030034004 
591 533 24 30 0.02731059 
315 79 16 20 0.025576195 
655 463 18 22 0.025539547 
141 60 13 16 0.024950577 
811 243 15 18 0.023811264 
610 494 15 18 0.022653406 
809 -3 53 43 0.022632543 
674 482 14 17 0.02201361 
826 4 20 17 0.02170488 
316 3 31 32 0.021198126 
295 31 11 14 0.020996436 
