13_Interview_Interview_Sequences_13_1032
21
385 137 216 285 0.9999151 
140 561 11 15 0.372095 
768 1197 115 142 0.09143653 
286 1371 98 102 0.08263222 
949 549 10 12 0.058405448 
2 847 64 79 0.039859794 
0 524 21 36 0.03832968 
792 493 25 30 0.036279112 
136 557 18 24 0.032174453 
688 1132 192 213 0.03173915 
123 555 11 14 0.029407997 
946 544 8 10 0.02825167 
743 641 29 38 0.025564043 
202 813 31 35 0.0243259 
215 847 23 30 0.02416706 
949 555 11 14 0.02384121 
234 1050 417 491 0.022859626 
278 699 368 496 0.022739766 
788 487 21 27 0.021916887 
888 752 25 32 0.020620732 
-90 -68 505 474 0.020088917 
