13_Interview_Interview_2_People_Visible_13_743
35
153 -3 59 73 0.9995459 
855 48 44 61 0.98994327 
541 11 45 61 0.9759871 
935 49 35 39 0.67623526 
718 147 9 11 0.3983055 
664 71 12 14 0.38998157 
836 62 12 16 0.17542534 
714 164 13 16 0.111179166 
6 271 33 29 0.10100753 
717 199 10 13 0.057452068 
14 275 16 16 0.052911352 
-2 270 65 55 0.04401648 
51 309 16 21 0.043569773 
450 203 135 161 0.040888183 
944 65 20 27 0.03635118 
228 181 151 195 0.036302645 
121 -2 38 44 0.0359191 
669 81 15 20 0.03537547 
522 0 16 18 0.034520034 
941 24 31 49 0.030846205 
714 142 11 14 0.027985908 
657 68 21 26 0.02582024 
534 7 32 47 0.025276678 
674 76 15 18 0.024647327 
711 161 12 14 0.023940973 
244 172 84 115 0.023573428 
562 25 36 51 0.023569658 
279 220 35 41 0.023408584 
-9 253 94 97 0.022538783 
8 274 14 16 0.022373414 
832 60 20 29 0.022181276 
376 125 11 14 0.021607107 
835 94 27 42 0.02121508 
23 539 57 66 0.020395875 
30 539 21 30 0.0201848 
