13_Interview_Interview_Sequences_13_759
19
451 588 150 190 0.99771655 
798 1334 32 36 0.6860911 
333 970 15 21 0.08664986 
783 1051 29 39 0.06061285 
396 838 29 32 0.053513426 
606 649 384 547 0.04868388 
790 1031 44 68 0.043190774 
494 188 54 74 0.04024537 
406 770 432 463 0.03737855 
333 1252 17 21 0.036728524 
328 1292 27 33 0.036484297 
348 1008 25 38 0.035030235 
808 1046 27 43 0.034755126 
754 1036 47 67 0.03080302 
363 980 12 14 0.026826236 
771 896 24 31 0.025014833 
730 1015 85 116 0.0240297 
755 1213 15 15 0.022433981 
700 1001 13 22 0.021946719 
