13_Interview_Interview_Sequences_13_929
32
486 155 60 78 0.9992804 
791 168 85 108 0.9960443 
176 169 67 86 0.9944384 
67 161 80 108 0.9575936 
773 255 52 56 0.19102776 
446 326 113 150 0.17020607 
70 272 27 31 0.14931871 
4 73 54 74 0.14666481 
847 301 96 127 0.11182406 
888 294 103 143 0.06818188 
595 373 11 14 0.06544752 
10 179 56 82 0.06358958 
238 328 46 47 0.0590244 
599 291 12 14 0.051331863 
545 301 11 13 0.044522 
-5 238 95 150 0.034151077 
589 310 9 11 0.033380497 
25 166 78 104 0.032534856 
595 318 12 14 0.029425496 
526 338 10 13 0.028146464 
767 221 89 97 0.026530163 
5 196 93 130 0.02589827 
629 386 13 16 0.025492258 
725 250 34 37 0.02540495 
1 182 30 52 0.024997242 
604 412 12 15 0.023739012 
623 389 12 14 0.023162223 
74 480 30 34 0.022796022 
773 278 31 41 0.022056544 
835 311 65 99 0.021315832 
641 359 18 21 0.020611348 
636 387 16 18 0.020022968 
