13_Interview_Interview_Sequences_13_103
23
448 29 207 232 0.9998398 
215 14 37 49 0.7827824 
682 212 60 72 0.541845 
986 112 39 82 0.14147681 
961 -3 58 52 0.07621059 
210 197 43 61 0.073805295 
731 314 46 47 0.06318493 
43 261 41 56 0.039470132 
731 304 87 111 0.039086062 
759 365 58 60 0.038422786 
226 16 44 61 0.032086145 
545 90 140 150 0.029675096 
724 217 64 73 0.02923654 
197 24 54 63 0.02846309 
661 220 39 54 0.02843526 
666 164 93 101 0.027121684 
653 217 73 84 0.02450604 
698 176 57 64 0.02394517 
224 53 46 59 0.023822585 
1 128 48 92 0.023811763 
513 308 118 158 0.023404399 
337 549 51 47 0.022970874 
16 283 54 65 0.0228354 
