13_Interview_Interview_2_People_Visible_13_668
177
598 468 16 20 0.9159038 
936 453 18 23 0.78399956 
415 470 13 16 0.4046365 
126 714 13 17 0.38503584 
716 627 15 19 0.3373747 
292 468 13 17 0.3169302 
106 693 12 13 0.24363716 
85 684 11 15 0.21843287 
220 720 20 29 0.17674924 
5 683 12 16 0.16957182 
39 721 13 16 0.1664024 
246 735 22 27 0.16614889 
527 488 13 16 0.15339969 
290 745 14 17 0.13985175 
90 732 14 17 0.13185377 
706 625 22 26 0.1251028 
30 746 16 18 0.12356512 
176 649 9 10 0.121668845 
692 493 24 27 0.11963521 
521 479 11 12 0.094659105 
437 525 15 20 0.08965949 
118 713 15 17 0.08924148 
499 485 11 14 0.08914915 
691 503 17 21 0.088031165 
174 722 15 18 0.08686035 
323 746 17 19 0.08397875 
63 700 12 15 0.082367405 
28 686 13 16 0.08130415 
80 685 12 15 0.08033094 
28 670 12 13 0.079726815 
339 737 17 19 0.07969495 
69 37 340 482 0.07683783 
55 691 11 14 0.072576076 
132 710 13 17 0.07080204 
17 590 11 13 0.06860565 
480 470 10 14 0.065471575 
222 711 16 22 0.064431 
205 709 14 17 0.063293956 
150 714 15 18 0.063244574 
705 477 25 30 0.06282601 
534 470 9 12 0.062160276 
532 474 13 17 0.060946435 
568 427 12 16 0.06027425 
707 496 16 20 0.0597046 
533 449 11 14 0.0581123 
135 700 12 15 0.058027513 
67 705 13 17 0.055610675 
45 582 11 14 0.055507924 
925 453 24 29 0.051906437 
55 573 11 14 0.051897414 
27 552 11 15 0.05186453 
2 677 10 13 0.05031371 
591 497 15 19 0.0501924 
484 557 11 15 0.049815867 
68 737 15 18 0.047673218 
154 708 14 17 0.0471632 
60 694 11 14 0.046510942 
27 675 14 15 0.046376795 
528 471 9 13 0.04603338 
128 660 10 12 0.045673575 
714 283 223 269 0.04552273 
677 609 44 56 0.04549509 
158 692 11 13 0.04436293 
635 504 11 15 0.04210969 
209 727 23 28 0.04134331 
345 732 15 19 0.04134289 
330 744 18 19 0.041259743 
71 728 20 25 0.04113511 
78 656 10 12 0.040576026 
609 468 14 17 0.040490605 
109 582 10 13 0.039341144 
6 712 14 18 0.039253555 
380 740 17 20 0.039158717 
420 492 13 16 0.03896996 
702 477 14 20 0.0386297 
197 701 14 15 0.038606755 
781 347 30 33 0.037676394 
156 701 12 15 0.037489746 
174 700 11 13 0.037444487 
22 726 11 15 0.03720123 
211 713 22 29 0.036916576 
230 725 22 27 0.036850516 
157 655 9 10 0.03671005 
500 530 11 17 0.035852984 
30 725 12 15 0.034489464 
596 492 23 26 0.03419052 
102 696 15 17 0.033528317 
198 739 14 17 0.032692526 
213 708 14 18 0.032568436 
317 741 16 19 0.032545336 
516 488 21 26 0.03209914 
133 660 9 11 0.031874273 
90 592 17 17 0.031841174 
687 624 29 33 0.03152165 
132 720 12 16 0.03139562 
152 668 11 14 0.031026794 
611 493 16 17 0.030922547 
199 714 14 18 0.029384052 
620 492 12 14 0.02890754 
180 701 11 14 0.028518537 
66 745 17 18 0.02832289 
693 477 12 17 0.028280625 
204 721 15 18 0.028046193 
297 747 14 16 0.02794307 
156 720 13 17 0.027326673 
56 698 12 16 0.027276147 
165 716 12 17 0.026716782 
139 740 14 18 0.026346495 
59 723 14 16 0.026308395 
275 736 25 29 0.026094617 
170 645 10 12 0.02599418 
44 707 12 15 0.025928121 
47 690 13 16 0.025771882 
204 737 16 18 0.025750209 
174 669 10 12 0.025717812 
256 737 17 21 0.025642183 
152 663 10 12 0.025633024 
203 702 13 15 0.025544023 
686 453 12 18 0.025360668 
150 746 12 16 0.02519515 
551 427 10 13 0.025115974 
552 452 11 15 0.025087638 
540 491 13 15 0.025010629 
497 480 10 12 0.024913903 
70 691 13 15 0.024492057 
695 384 10 12 0.024482975 
525 496 15 20 0.02424457 
180 707 12 15 0.02409887 
964 490 17 23 0.023959102 
70 684 14 16 0.02391012 
628 613 11 13 0.023718715 
590 428 9 11 0.023667881 
420 482 15 17 0.023664307 
191 708 11 15 0.023518145 
629 512 16 20 0.023512064 
252 724 15 17 0.02347717 
559 436 11 15 0.023361837 
69 726 12 16 0.023352625 
516 498 14 18 0.023330843 
656 426 11 14 0.023327151 
479 550 12 16 0.023315882 
428 490 12 16 0.023304448 
623 429 8 11 0.023002068 
78 208 96 139 0.022838486 
64 559 9 13 0.022648392 
580 372 14 19 0.022526864 
486 462 10 14 0.022517208 
95 583 12 13 0.022403479 
38 709 13 15 0.022292364 
510 494 11 13 0.02224173 
197 619 13 15 0.022204325 
558 427 12 16 0.022143157 
78 679 13 15 0.022096334 
35 685 11 14 0.021928824 
86 476 16 17 0.021868007 
174 660 9 13 0.021810882 
703 489 26 31 0.021804605 
286 752 17 18 0.021804132 
700 627 18 22 0.021652909 
53 558 11 13 0.02157286 
637 706 16 17 0.021412289 
110 587 11 14 0.021279588 
61 730 15 18 0.021277508 
140 694 10 13 0.021185005 
117 590 10 13 0.021168068 
688 477 11 15 0.021147903 
102 583 11 13 0.021109706 
118 610 12 15 0.020930668 
171 737 16 18 0.020761753 
685 428 11 13 0.020747516 
180 652 10 12 0.02060778 
484 473 10 14 0.02052635 
157 662 9 12 0.020503094 
528 445 13 15 0.020446787 
167 698 12 15 0.020386383 
60 714 14 18 0.020314077 
700 452 12 18 0.020193702 
