35_Basketball_playingbasketball_35_248
64
492 922 31 39 0.9984957 
168 890 26 32 0.9887805 
154 956 29 39 0.95513743 
815 859 20 24 0.9038712 
143 854 18 22 0.8869051 
652 859 18 22 0.7254397 
631 893 56 51 0.69434595 
392 828 35 40 0.678912 
289 854 9 13 0.57453156 
531 1088 25 33 0.20459944 
623 908 46 45 0.17461602 
651 887 42 36 0.1685928 
503 374 114 137 0.15683112 
30 895 13 18 0.11146959 
487 800 9 11 0.096629985 
28 894 21 29 0.08656896 
909 838 18 21 0.086399704 
1012 715 11 16 0.06537374 
297 950 10 14 0.060519457 
755 1356 13 14 0.057572678 
648 865 15 19 0.045982942 
407 828 32 35 0.04437478 
446 770 16 19 0.042875074 
429 825 21 33 0.039936118 
305 836 10 12 0.03887058 
127 911 41 47 0.03813678 
503 773 26 34 0.037920706 
446 328 186 243 0.037633028 
131 843 12 15 0.03687032 
527 1079 41 56 0.033683624 
824 847 9 11 0.033658672 
510 793 14 19 0.032353647 
117 987 35 37 0.03226594 
750 1346 14 18 0.030585613 
363 154 31 28 0.030284345 
282 853 11 13 0.03001033 
494 798 10 13 0.029929912 
940 795 10 11 0.029682929 
398 809 12 14 0.028840212 
877 819 9 12 0.02854094 
292 856 10 13 0.028221818 
418 842 15 18 0.028186772 
905 812 9 11 0.028017608 
292 848 11 15 0.027887005 
403 831 16 20 0.0278695 
596 717 415 502 0.026879901 
173 790 12 13 0.026627555 
137 971 40 43 0.026573101 
151 850 16 24 0.026073452 
934 758 11 15 0.025196785 
9 807 7 10 0.024908189 
406 810 12 13 0.0246482 
136 856 15 21 0.024125509 
632 887 35 39 0.023439638 
896 845 23 25 0.023172697 
894 834 11 14 0.023111325 
114 909 15 24 0.023009388 
350 878 9 12 0.021363733 
145 938 41 47 0.02131825 
410 847 27 32 0.02104822 
134 824 10 12 0.020760259 
544 1096 16 21 0.020691868 
505 788 28 36 0.020451624 
657 906 37 41 0.020169042 
