35_Basketball_playingbasketball_35_73
27
795 376 50 66 0.99737346 
491 372 48 57 0.857971 
695 57 58 64 0.38024822 
241 290 43 69 0.289337 
170 359 115 112 0.22931163 
155 279 63 77 0.13678414 
371 288 96 119 0.12630813 
375 272 44 53 0.102789976 
706 82 60 73 0.08444706 
212 355 134 144 0.072543 
381 288 52 63 0.0702378 
683 64 42 51 0.055804376 
215 273 382 492 0.04375045 
770 58 33 42 0.038788624 
1 627 36 47 0.03792185 
577 453 54 88 0.036553062 
1014 545 10 15 0.032812715 
731 57 60 64 0.03155801 
144 290 107 139 0.029276429 
67 63 33 35 0.02861032 
814 86 11 15 0.026500538 
315 240 44 62 0.025776552 
227 274 68 113 0.02452168 
69 415 462 545 0.021492146 
379 249 43 49 0.02121399 
362 256 44 51 0.020097496 
183 264 88 98 0.020015467 
