35_Basketball_Basketball_35_754
62
503 107 16 20 0.8803207 
483 18 16 19 0.71508753 
626 13 14 17 0.4719482 
477 101 23 29 0.46813726 
590 433 20 23 0.34932134 
491 102 24 29 0.32620218 
925 293 11 16 0.16716765 
670 344 14 20 0.1646789 
629 7 11 13 0.16163266 
395 115 21 32 0.13526401 
211 247 17 23 0.12892893 
665 395 18 23 0.10566929 
510 71 14 18 0.084889516 
572 544 15 17 0.07427011 
202 358 16 21 0.063889325 
683 347 16 19 0.054387465 
188 331 14 18 0.053904094 
159 339 11 14 0.046045605 
577 127 27 31 0.044902246 
404 115 23 31 0.042317472 
174 329 16 19 0.038647156 
929 297 17 22 0.036659293 
381 122 14 17 0.03516178 
673 351 18 19 0.034622315 
196 216 439 416 0.034618355 
180 378 16 18 0.032780375 
395 232 28 35 0.032311503 
616 94 19 21 0.03225315 
375 122 13 14 0.03169757 
413 122 13 18 0.030597534 
664 340 12 18 0.03030561 
692 348 12 17 0.029613195 
661 388 16 24 0.029534558 
390 120 15 23 0.028850257 
578 491 13 16 0.028614962 
920 292 20 28 0.02821583 
936 311 48 54 0.02782115 
420 122 13 16 0.02732144 
500 1 26 27 0.027075972 
673 339 17 20 0.026684806 
602 438 15 21 0.026454598 
479 23 24 29 0.026250366 
452 51 14 20 0.026205862 
482 171 48 58 0.025714705 
103 128 11 11 0.025463102 
171 345 17 18 0.024721995 
211 232 22 30 0.024587011 
214 230 13 16 0.024428047 
664 371 26 29 0.023709992 
627 441 17 20 0.023243355 
178 386 18 21 0.022325644 
671 399 18 21 0.022023018 
28 152 211 261 0.02200704 
179 337 17 19 0.021941705 
228 220 16 18 0.02193747 
668 354 27 31 0.021920495 
510 60 12 19 0.021870809 
194 335 14 18 0.02153959 
636 12 12 16 0.0208701 
163 334 12 16 0.020868424 
584 432 15 21 0.020558877 
220 373 13 15 0.020127142 
