35_Basketball_Basketball_35_712
61
585 242 21 26 0.9721081 
103 227 20 26 0.9689432 
656 252 20 26 0.9585518 
298 236 19 25 0.955192 
40 248 19 23 0.9455116 
846 216 21 27 0.9380992 
720 259 18 23 0.92964274 
959 253 19 23 0.9292318 
910 242 19 23 0.90851474 
788 234 15 20 0.8898531 
528 257 17 22 0.8641271 
237 236 21 26 0.8224457 
368 237 20 27 0.81765634 
168 225 18 23 0.78096825 
433 252 15 19 0.59348184 
437 277 12 16 0.07970088 
211 128 15 16 0.07580826 
454 285 11 13 0.07433654 
431 261 15 20 0.064531855 
264 595 13 16 0.06010781 
548 299 13 17 0.05115925 
395 599 16 20 0.041876163 
454 -14 108 145 0.040826764 
451 298 12 14 0.039168186 
384 277 12 15 0.037650313 
447 292 14 16 0.035650205 
497 515 13 15 0.032979086 
600 282 13 15 0.03134325 
771 318 17 19 0.029355323 
504 212 12 17 0.028560579 
527 246 10 13 0.028467124 
444 276 12 15 0.025976848 
860 258 17 20 0.025352092 
918 284 11 13 0.025172673 
797 276 10 14 0.024844281 
533 280 13 17 0.024833279 
287 240 15 21 0.024548898 
111 92 440 482 0.024428375 
546 294 10 14 0.023986638 
323 600 15 18 0.023857094 
359 241 15 19 0.02364134 
761 70 10 13 0.023598008 
244 126 16 19 0.023526153 
372 232 13 17 0.023156963 
485 483 11 15 0.02268484 
798 270 12 15 0.02251002 
302 498 30 33 0.022411253 
485 308 12 16 0.021943636 
526 241 10 11 0.021938164 
448 284 12 15 0.021735722 
470 561 20 26 0.021547165 
867 253 14 17 0.021498263 
242 233 15 17 0.021305151 
511 192 9 12 0.021121217 
432 281 11 15 0.02095537 
520 239 9 11 0.02088443 
182 254 12 15 0.020750482 
573 599 14 17 0.020331942 
854 260 13 15 0.020272402 
421 285 10 12 0.020240843 
491 548 16 20 0.020074591 
