35_Basketball_basketballgame_ball_35_709
1376
883 1010 30 37 0.99932957 
223 1008 34 42 0.99879646 
769 998 32 41 0.99839383 
65 990 29 35 0.997993 
895 979 27 33 0.9971445 
179 982 37 45 0.99647886 
286 993 34 41 0.9953928 
347 965 31 36 0.99468577 
2 1001 36 50 0.9940414 
529 411 60 63 0.99180895 
172 940 24 28 0.98924166 
938 980 24 30 0.9889665 
995 930 21 28 0.9882918 
37 988 26 35 0.9873404 
138 959 24 31 0.9856962 
782 714 17 22 0.9844355 
905 926 22 27 0.98322034 
864 976 22 29 0.9828326 
850 919 22 27 0.9810708 
3 967 23 30 0.981058 
1002 1000 23 34 0.9780245 
323 777 21 28 0.9765137 
246 929 25 32 0.96178126 
106 829 20 26 0.95704365 
993 977 27 36 0.9569888 
26 772 21 28 0.95176786 
54 804 21 27 0.9468594 
909 955 21 25 0.9419711 
410 550 17 21 0.93229526 
925 806 21 26 0.9319135 
241 734 18 24 0.9303038 
415 755 20 24 0.9248898 
262 775 20 26 0.92389274 
984 780 19 23 0.9234832 
786 977 25 33 0.9214782 
948 684 17 22 0.91869897 
180 563 17 21 0.9174715 
307 805 19 26 0.9162022 
55 960 23 28 0.9083431 
46 623 25 34 0.90780395 
931 905 20 25 0.90707874 
869 861 19 24 0.9049832 
897 674 17 23 0.9048649 
914 864 19 25 0.90383214 
945 655 19 23 0.9035681 
973 833 21 26 0.9034816 
230 685 17 22 0.9023845 
354 752 20 25 0.9010679 
138 821 24 31 0.90074116 
107 643 17 22 0.8920934 
354 554 18 22 0.88396794 
297 685 20 26 0.8839529 
80 566 17 23 0.87592036 
828 720 19 25 0.87472457 
242 550 17 21 0.86639893 
975 581 12 17 0.8629812 
96 931 21 25 0.8547265 
218 603 16 21 0.8416238 
10 555 18 22 0.83568436 
10 612 22 30 0.8315221 
322 704 20 24 0.8291994 
418 599 16 21 0.827159 
147 674 15 20 0.8246779 
974 608 14 18 0.81622905 
269 705 17 21 0.81585175 
764 416 15 18 0.81056094 
275 753 21 26 0.8012319 
30 828 22 27 0.8008402 
792 643 17 22 0.7998203 
644 593 80 74 0.79188746 
290 624 16 21 0.78837013 
302 554 16 20 0.7873478 
840 652 13 17 0.78247714 
985 719 16 21 0.77841574 
390 582 17 22 0.7761974 
440 704 16 22 0.7725996 
0 888 18 25 0.7677697 
997 814 19 24 0.7661288 
219 759 18 22 0.7571382 
19 856 22 28 0.7557695 
267 984 30 36 0.7481192 
156 709 20 26 0.7471026 
924 580 21 26 0.7356162 
972 907 20 27 0.72998303 
0 602 26 35 0.7230959 
-1 812 13 22 0.7145987 
860 810 18 22 0.7115054 
330 645 16 20 0.7085354 
926 732 16 20 0.7083614 
965 968 20 27 0.7066243 
751 491 14 17 0.6991687 
391 628 16 20 0.69585156 
127 422 13 16 0.68340236 
421 475 14 18 0.682372 
833 774 16 21 0.6764426 
44 422 14 16 0.6746868 
247 323 13 16 0.6653236 
508 936 22 28 0.66432434 
804 780 19 24 0.66338646 
100 973 24 31 0.66239053 
1 928 22 31 0.6548742 
193 663 16 20 0.6493869 
496 989 30 41 0.6430245 
373 668 16 20 0.6366807 
789 313 12 16 0.6342832 
263 662 15 17 0.6294884 
800 548 19 23 0.62747264 
58 594 18 23 0.62108576 
263 964 33 42 0.615897 
164 587 14 19 0.61310565 
974 759 20 23 0.60565186 
854 894 22 28 0.59780777 
206 374 13 16 0.59724456 
84 861 17 23 0.59477484 
201 791 19 25 0.5891535 
868 773 15 19 0.58492386 
362 717 18 22 0.58449405 
312 388 12 14 0.5746593 
798 807 20 25 0.5738804 
295 430 13 17 0.56770515 
75 413 13 16 0.5560194 
827 492 14 16 0.5543382 
410 408 13 17 0.5292561 
346 489 16 21 0.5290429 
166 374 13 16 0.5193414 
977 697 18 21 0.5135811 
354 831 23 29 0.5101032 
814 412 13 15 0.5090286 
187 710 16 20 0.50557446 
195 306 12 16 0.5006322 
926 779 15 19 0.4981703 
228 483 17 22 0.49461696 
181 614 15 19 0.49410987 
245 629 16 21 0.49185807 
909 837 18 22 0.4891091 
882 737 15 20 0.48863167 
231 413 13 16 0.48722908 
86 492 11 15 0.48717946 
162 989 31 38 0.48043254 
427 642 18 24 0.48014256 
105 961 28 33 0.47892183 
55 351 11 15 0.47799438 
292 321 14 17 0.47304568 
875 787 17 21 0.47140065 
307 601 16 20 0.46833822 
370 645 18 23 0.46699697 
388 784 22 27 0.46484798 
974 863 20 26 0.46421582 
773 693 14 17 0.46411645 
394 867 24 31 0.4619562 
109 407 13 16 0.46088573 
394 371 13 16 0.46000537 
186 733 17 23 0.45352957 
798 429 13 16 0.45293078 
799 366 13 15 0.44972828 
87 394 14 17 0.44874057 
245 357 11 14 0.44858104 
365 358 13 16 0.43557096 
356 691 16 19 0.42820767 
751 964 22 30 0.4168177 
787 401 14 17 0.40583667 
888 467 12 16 0.40450415 
64 433 12 16 0.40315256 
207 333 11 13 0.40273657 
301 458 16 19 0.40227708 
255 612 15 19 0.40141618 
66 467 13 16 0.40073144 
277 484 11 14 0.397326 
761 740 17 19 0.39138463 
132 626 14 18 0.3765941 
224 893 26 32 0.37631246 
108 333 13 15 0.37241855 
911 307 9 12 0.36971033 
882 581 14 17 0.36208954 
211 971 22 29 0.35940948 
895 650 15 19 0.35891607 
264 366 12 16 0.35812387 
889 704 15 19 0.35630432 
722 571 16 21 0.34888673 
93 428 12 15 0.34518173 
896 635 15 17 0.3431034 
111 441 13 16 0.34034023 
261 583 15 19 0.338914 
227 366 10 14 0.33761483 
236 443 16 19 0.3331681 
76 336 11 13 0.33080775 
75 523 14 18 0.32682425 
765 468 16 20 0.3223155 
171 422 13 16 0.3203741 
370 382 12 15 0.3196173 
415 384 10 13 0.31939724 
253 400 14 17 0.3191671 
895 445 12 15 0.3183376 
842 677 14 16 0.3049989 
301 731 18 21 0.30495954 
643 619 68 83 0.30339637 
120 287 10 12 0.30008945 
71 359 11 14 0.29921487 
145 609 15 18 0.2979309 
737 450 12 16 0.29309294 
8 326 10 13 0.2899803 
335 345 13 16 0.2861163 
77 214 11 14 0.28601086 
871 420 11 15 0.28476322 
742 702 15 20 0.2818581 
0 749 14 27 0.27927065 
19 601 24 29 0.27898452 
872 415 10 12 0.2761289 
316 533 13 16 0.2760176 
157 470 11 14 0.27457672 
280 353 13 16 0.2744033 
808 669 14 18 0.27152827 
853 736 16 20 0.26270524 
148 355 12 15 0.2582782 
18 460 14 18 0.25704744 
334 275 12 16 0.25368857 
108 361 12 15 0.2536392 
267 337 13 16 0.25323886 
349 462 12 16 0.25128502 
389 399 11 15 0.2505713 
200 553 14 19 0.25007787 
39 475 13 16 0.23996058 
366 206 11 13 0.23593597 
945 429 12 15 0.23301439 
319 668 14 17 0.23148361 
228 294 10 13 0.23010588 
184 476 13 16 0.22649218 
739 301 11 14 0.22648792 
925 475 13 15 0.22321273 
134 397 12 16 0.22223651 
836 430 12 16 0.2203836 
143 646 14 18 0.21709162 
888 952 18 22 0.21529151 
174 516 15 19 0.21437638 
996 748 16 19 0.21104482 
791 434 13 16 0.2108869 
822 698 15 19 0.21039423 
801 299 10 13 0.20813408 
44 396 12 16 0.20659141 
99 588 15 19 0.20622586 
788 484 13 17 0.20587511 
271 761 21 28 0.20492853 
831 393 12 15 0.20317362 
697 394 16 21 0.19844948 
756 390 13 16 0.1970502 
847 450 13 16 0.1960045 
324 441 13 17 0.19586226 
852 618 15 20 0.19544746 
170 357 13 15 0.19466011 
123 1001 22 28 0.19361682 
925 790 20 25 0.19303988 
230 383 12 15 0.1926646 
437 632 16 23 0.19067788 
953 974 21 29 0.19054402 
288 374 13 17 0.19045573 
856 467 12 16 0.1893045 
182 688 16 20 0.18921277 
741 246 11 14 0.18907468 
188 383 11 15 0.18847781 
925 769 19 23 0.1879983 
140 502 13 16 0.18625893 
87 306 11 13 0.18580051 
152 392 11 14 0.18505348 
85 350 12 15 0.18501328 
299 402 13 15 0.18487225 
59 975 26 36 0.18012948 
269 309 12 15 0.1773883 
944 372 11 14 0.17656253 
941 332 11 14 0.17641923 
774 323 12 14 0.1761956 
398 688 17 20 0.17451687 
376 819 16 19 0.17384249 
615 278 10 14 0.17222415 
236 311 12 14 0.17127232 
1002 680 18 22 0.1710305 
117 325 12 15 0.17091762 
791 340 12 15 0.16891661 
147 555 13 17 0.1680578 
807 326 11 14 0.16603893 
951 355 12 14 0.16565043 
877 384 10 12 0.16554078 
219 434 13 16 0.16536753 
377 472 15 18 0.1628939 
229 889 17 21 0.16215858 
217 453 14 16 0.16119772 
313 859 23 34 0.16051884 
671 572 26 30 0.15964198 
316 473 17 22 0.15907763 
768 371 12 14 0.15536211 
630 363 11 15 0.15428734 
335 624 14 17 0.1536781 
368 712 17 21 0.1523501 
318 584 16 19 0.15143922 
278 330 11 15 0.15003085 
661 239 9 11 0.14860566 
952 312 11 13 0.14757863 
863 847 16 20 0.14743409 
759 721 13 16 0.14669117 
27 430 12 16 0.14564177 
734 373 13 16 0.1452644 
67 370 14 16 0.14425275 
726 461 13 17 0.14396602 
260 498 14 17 0.14359571 
867 442 11 13 0.14249182 
110 465 12 16 0.14209644 
918 898 16 20 0.14193352 
371 656 17 21 0.14178123 
727 428 14 16 0.14097309 
872 499 13 16 0.14045148 
831 433 13 16 0.14018835 
989 439 9 11 0.1398317 
869 336 9 12 0.13965769 
539 361 26 31 0.13924524 
983 439 11 13 0.13852485 
711 313 13 16 0.13851185 
173 503 11 14 0.13722534 
924 744 18 21 0.13572437 
970 937 16 19 0.13460673 
129 787 16 19 0.13332173 
26 364 12 15 0.13080655 
192 532 13 17 0.13016611 
770 918 25 33 0.12810238 
326 317 14 16 0.12810212 
794 615 15 20 0.12808023 
183 364 11 16 0.1273096 
4 415 12 16 0.12607428 
292 585 13 17 0.12471277 
97 985 20 25 0.12429574 
337 475 14 17 0.12429268 
432 1024 16 21 0.123470165 
121 264 9 12 0.12025807 
262 465 14 18 0.120243244 
893 350 12 15 0.12017028 
995 720 15 19 0.12009714 
48 286 11 14 0.119300775 
23 585 21 27 0.118679665 
932 391 11 12 0.117508225 
880 724 18 22 0.11705374 
811 536 15 19 0.11687068 
269 386 13 16 0.116027564 
835 522 17 22 0.11557014 
809 910 23 32 0.11486351 
656 372 11 14 0.11410849 
857 350 10 13 0.11344088 
88 285 11 13 0.11277416 
952 483 13 15 0.11245419 
110 295 11 14 0.11237225 
551 429 52 63 0.11086407 
738 329 13 16 0.11084495 
510 360 13 18 0.1103388 
383 343 9 13 0.1096545 
123 551 13 18 0.109491244 
255 242 11 13 0.108358555 
710 431 14 18 0.107577965 
937 447 10 13 0.106425665 
699 452 14 17 0.106220044 
54 504 13 16 0.10574154 
986 751 20 24 0.104368515 
252 301 11 14 0.1040728 
302 303 11 14 0.103960715 
933 419 12 14 0.102299176 
262 427 12 16 0.10185222 
756 311 11 14 0.10047254 
323 354 12 15 0.099808924 
166 397 13 15 0.09945209 
927 350 12 14 0.09866515 
356 419 13 14 0.09856177 
433 580 12 16 0.09779401 
661 368 14 17 0.09777898 
3 446 12 15 0.09718569 
923 897 21 26 0.097152546 
360 602 16 20 0.097029544 
666 585 33 40 0.096896194 
710 349 15 18 0.096870355 
104 317 10 13 0.09678826 
306 460 20 24 0.096612506 
0 475 13 19 0.096154764 
68 299 10 13 0.09561491 
794 836 17 23 0.09501351 
783 346 13 16 0.09455655 
575 451 28 43 0.09446697 
715 575 27 31 0.0942053 
102 563 14 18 0.09414511 
403 449 13 17 0.094130665 
328 204 12 15 0.09385767 
214 480 13 18 0.093711 
796 482 14 17 0.09350632 
656 569 56 60 0.09325483 
181 288 14 17 0.093183964 
217 442 14 17 0.093015656 
1002 717 14 18 0.09264494 
117 383 11 13 0.092548154 
400 213 11 14 0.0924442 
798 231 11 14 0.09219822 
196 342 12 15 0.09215334 
253 506 13 16 0.09204849 
319 337 14 16 0.09184003 
797 515 12 16 0.09161902 
976 439 11 14 0.091199055 
835 921 13 19 0.09106184 
269 436 14 16 0.0903795 
351 270 12 14 0.09037609 
726 310 13 16 0.09030181 
833 304 9 11 0.090284124 
85 266 12 14 0.09019729 
116 595 14 18 0.09017543 
831 308 10 13 0.0894379 
857 308 10 11 0.089242086 
804 540 17 21 0.0888904 
771 299 13 15 0.0878959 
50 602 26 36 0.087633826 
960 608 12 16 0.08760663 
863 341 10 12 0.08720702 
654 601 44 42 0.08687271 
513 414 47 55 0.08670065 
186 715 21 28 0.08644429 
751 442 14 17 0.08633772 
255 373 12 14 0.0859309 
269 419 14 17 0.08586736 
316 419 12 16 0.08579249 
978 461 9 12 0.08540145 
804 296 11 13 0.08454391 
232 451 14 17 0.08440419 
224 300 11 13 0.08393415 
892 767 19 25 0.08348631 
892 403 12 15 0.08294891 
58 621 24 30 0.08265298 
384 720 16 19 0.08202813 
731 411 15 17 0.08190903 
374 507 14 17 0.08168933 
1006 479 9 10 0.08125447 
923 863 22 26 0.08098063 
771 458 15 18 0.08023806 
222 341 11 16 0.080076165 
1012 412 10 15 0.079981625 
241 437 14 16 0.07980943 
851 401 13 16 0.07972994 
974 405 9 11 0.07921627 
751 389 13 16 0.078945234 
85 446 10 13 0.07854691 
699 325 12 15 0.07810429 
349 244 10 12 0.07776405 
133 515 14 17 0.07763482 
214 340 12 15 0.07617981 
135 506 15 17 0.075911716 
198 404 11 14 0.07532558 
778 671 15 19 0.07531463 
900 350 10 13 0.07510764 
163 292 12 14 0.074941196 
757 746 22 30 0.07486448 
148 319 11 14 0.074411765 
740 514 16 17 0.07432554 
371 524 14 17 0.07370966 
968 439 9 12 0.07349269 
827 693 16 19 0.07292117 
119 301 12 15 0.07269576 
787 988 29 39 0.07230388 
370 356 13 16 0.07211108 
194 538 14 17 0.07208029 
378 714 17 20 0.07196028 
856 387 11 13 0.07192903 
1005 728 16 22 0.07117236 
377 542 21 26 0.071069986 
110 326 13 16 0.071000695 
194 941 26 31 0.07070065 
524 267 14 16 0.070487835 
176 286 12 14 0.07047639 
882 810 17 21 0.070413806 
805 601 17 21 0.07034026 
883 709 20 24 0.070240036 
906 381 9 12 0.06986799 
109 593 13 18 0.06943897 
605 339 11 15 0.06932003 
79 491 13 16 0.06922145 
42 480 14 17 0.06886702 
929 755 15 17 0.06883623 
767 326 11 14 0.06848844 
6 363 11 14 0.06823331 
772 377 13 15 0.06818085 
999 341 12 14 0.06772963 
26 581 16 19 0.06763238 
586 458 18 27 0.067557834 
741 353 13 16 0.06751098 
166 365 14 16 0.06715606 
343 246 12 13 0.066837475 
341 467 14 17 0.06677196 
151 460 12 15 0.06676308 
219 406 12 15 0.06668955 
919 525 14 17 0.06637818 
804 477 10 15 0.06634835 
682 436 12 14 0.06568708 
928 394 13 15 0.06563317 
822 317 9 11 0.06548025 
793 278 11 12 0.06534004 
856 355 9 12 0.065322764 
258 396 13 17 0.064922564 
918 377 12 14 0.064900495 
896 396 11 14 0.06467887 
767 231 11 13 0.06460126 
500 921 41 51 0.064515755 
313 594 16 20 0.064245954 
5 521 18 21 0.06407568 
138 402 13 15 0.06406077 
945 260 11 13 0.063652135 
93 223 10 13 0.06364788 
937 328 10 12 0.06298313 
320 348 13 17 0.06289883 
862 775 16 21 0.06278029 
89 381 12 15 0.062470097 
752 314 13 16 0.062157158 
835 634 13 17 0.06200025 
245 279 10 12 0.06131488 
271 857 14 20 0.061119743 
197 560 15 19 0.06104167 
296 516 11 16 0.060992736 
229 577 16 17 0.06023515 
76 317 11 13 0.05992659 
315 462 16 19 0.05986444 
165 313 14 16 0.059606303 
311 510 13 17 0.059560668 
103 521 14 18 0.059448257 
897 392 9 11 0.05928815 
850 333 9 11 0.058913313 
854 383 10 12 0.058303807 
51 424 13 17 0.058255967 
4 395 14 17 0.0582262 
759 331 13 15 0.058104217 
902 389 10 13 0.058069713 
305 723 18 22 0.05783126 
677 347 14 17 0.057801716 
1002 268 9 12 0.057722546 
341 370 14 17 0.057707697 
300 606 19 24 0.057679042 
0 907 24 38 0.05736935 
182 694 22 26 0.05716384 
380 353 14 17 0.057074834 
331 635 17 21 0.056970417 
246 793 16 21 0.05691846 
38 310 9 13 0.056862473 
240 331 10 14 0.056740254 
844 1009 16 22 0.05670941 
848 372 11 13 0.056457642 
767 696 15 19 0.056257263 
889 311 9 11 0.05595158 
143 294 11 14 0.0551616 
756 608 15 18 0.05502613 
942 270 10 12 0.0546352 
152 247 10 12 0.054613963 
859 461 12 16 0.054557078 
129 395 12 16 0.054495282 
967 607 14 19 0.054480612 
0 348 12 17 0.054369822 
735 515 14 18 0.054369476 
845 342 10 14 0.054284602 
75 616 17 22 0.054095384 
194 501 13 16 0.05408241 
868 236 10 13 0.053786032 
767 293 13 16 0.053618472 
160 310 11 13 0.053558063 
806 213 9 11 0.053532436 
13 301 11 14 0.053301882 
332 371 14 17 0.05319596 
343 437 12 17 0.053115696 
806 420 12 15 0.05257632 
880 324 9 12 0.05248941 
860 672 13 18 0.05247663 
202 275 12 15 0.052470405 
221 482 17 21 0.05244962 
216 310 11 13 0.052319884 
116 361 12 15 0.05231578 
965 501 14 15 0.05230843 
128 235 13 16 0.052185446 
748 349 12 15 0.052164238 
872 778 17 20 0.052052543 
831 515 15 18 0.05137793 
728 377 12 16 0.05134229 
689 380 11 15 0.05116457 
294 341 12 14 0.05113847 
355 651 15 20 0.0510302 
756 588 15 17 0.050990265 
917 421 11 13 0.050973605 
223 824 14 18 0.050722927 
235 229 11 13 0.05059659 
998 429 10 13 0.05053119 
631 391 14 18 0.05031099 
684 339 14 18 0.050183292 
989 493 11 15 0.050175805 
798 333 10 13 0.050101433 
826 705 16 17 0.05001295 
677 644 56 62 0.049780462 
810 874 14 18 0.049774442 
889 460 14 18 0.049570024 
802 434 12 16 0.049358774 
708 253 12 15 0.049287517 
266 589 16 21 0.04901986 
663 276 12 15 0.04874675 
965 477 11 13 0.048723493 
124 268 10 12 0.04868324 
185 387 12 15 0.048613284 
968 333 11 13 0.048315126 
362 697 15 18 0.04829974 
871 365 10 12 0.048237763 
840 344 10 12 0.048157074 
197 958 25 31 0.048024364 
12 364 12 15 0.04786916 
918 358 10 12 0.047273558 
53 309 10 12 0.04715563 
965 864 20 25 0.047147483 
829 506 14 17 0.047015764 
552 365 28 33 0.046871874 
610 309 10 13 0.046802882 
403 370 12 14 0.04670589 
93 372 11 13 0.046651438 
959 506 12 14 0.04649884 
846 319 9 11 0.04643964 
395 927 39 53 0.0463473 
340 251 12 13 0.04627218 
889 353 12 15 0.046010446 
296 307 13 15 0.045993544 
909 505 13 15 0.04585152 
984 316 10 12 0.045797992 
340 396 14 17 0.045698583 
767 377 12 15 0.04565911 
284 516 14 18 0.045590624 
992 281 10 12 0.045469325 
561 375 29 35 0.045429815 
949 734 15 21 0.04540914 
62 602 23 29 0.045243606 
948 256 10 12 0.045193724 
96 452 10 13 0.045097932 
173 688 15 20 0.045013554 
1002 806 17 22 0.044856943 
937 273 9 11 0.04477873 
215 781 21 28 0.04476792 
30 359 11 14 0.04454739 
786 970 20 24 0.04452303 
988 605 14 17 0.04445067 
392 309 11 14 0.0443468 
214 489 14 17 0.044210605 
227 585 16 21 0.044207532 
665 306 11 14 0.04417869 
11 397 12 15 0.044113312 
34 613 25 32 0.043942004 
629 302 10 13 0.04394095 
825 435 11 15 0.043757275 
139 513 14 17 0.043597367 
59 354 13 15 0.04333173 
872 387 12 14 0.043277185 
933 355 10 13 0.043123037 
859 922 22 27 0.043120656 
685 271 12 15 0.0430803 
753 262 10 13 0.042962063 
886 317 10 13 0.04288772 
108 254 9 11 0.042828005 
693 406 15 19 0.042752594 
156 777 19 20 0.042750567 
794 863 23 30 0.042537533 
796 604 20 26 0.042428542 
350 584 13 18 0.04238478 
141 547 16 19 0.042382468 
92 261 12 15 0.042242948 
191 345 13 15 0.042130966 
671 255 11 13 0.042088535 
839 366 10 13 0.041951768 
996 611 13 16 0.04192815 
263 387 13 16 0.041892648 
188 789 23 27 0.041834738 
536 368 16 22 0.041820113 
949 501 13 15 0.041757904 
340 483 16 20 0.041679256 
872 374 9 11 0.041672874 
2 469 13 17 0.041639917 
401 414 13 15 0.041607756 
717 310 13 17 0.041528936 
927 418 11 14 0.04151723 
127 390 11 14 0.04135796 
78 209 11 13 0.04131969 
738 520 18 21 0.041225053 
669 259 11 14 0.04119914 
845 426 11 15 0.041148674 
4 357 12 15 0.041132968 
886 905 12 15 0.041131817 
563 352 14 18 0.041017387 
568 315 10 13 0.040717047 
329 269 12 15 0.04053054 
853 327 10 11 0.04051732 
731 457 14 19 0.040450465 
167 412 12 16 0.04044963 
104 323 12 15 0.04043717 
811 1002 24 30 0.040431432 
3 944 26 33 0.04000424 
892 528 15 21 0.03996945 
142 260 9 10 0.039958958 
236 587 15 19 0.039958127 
137 255 10 13 0.039935812 
187 286 12 15 0.039931346 
431 210 11 13 0.039879397 
435 332 11 14 0.039771218 
733 306 13 16 0.03967427 
335 469 13 18 0.03965123 
226 254 9 11 0.03963099 
262 380 13 15 0.03957563 
270 952 28 36 0.039486796 
912 633 17 19 0.039430656 
938 366 9 12 0.039262224 
124 577 13 15 0.039253574 
265 459 14 17 0.039227795 
189 505 15 18 0.039157312 
308 305 12 16 0.039124016 
820 405 12 16 0.039084293 
851 366 11 12 0.03902352 
405 298 11 13 0.038955305 
990 546 12 15 0.038817227 
387 468 11 14 0.038784575 
848 326 9 12 0.038712133 
737 349 11 14 0.03859954 
260 239 12 13 0.038548693 
124 305 11 14 0.038438614 
123 501 12 16 0.03823787 
912 359 10 11 0.03807016 
236 1000 28 37 0.03804888 
417 385 14 18 0.037952125 
53 239 10 14 0.0378368 
719 650 36 49 0.037801728 
717 481 14 16 0.037769143 
52 289 11 14 0.037685703 
108 398 14 16 0.037617505 
790 282 13 15 0.037545882 
307 1011 27 37 0.03750233 
257 946 27 36 0.037469808 
735 295 12 15 0.03732233 
123 780 17 22 0.03723425 
349 394 13 16 0.037191406 
681 507 14 18 0.037186775 
841 278 9 12 0.037067194 
48 317 12 15 0.036906186 
811 662 14 18 0.03683778 
337 706 16 19 0.036801003 
222 628 14 18 0.036797065 
216 676 13 18 0.036703892 
18 193 13 17 0.03627856 
675 429 16 19 0.03626786 
727 291 10 13 0.03621109 
871 409 10 12 0.036207657 
309 424 12 16 0.03618753 
954 864 19 24 0.03616331 
910 514 12 16 0.03609298 
174 255 9 12 0.036066774 
1015 363 9 13 0.035985902 
792 914 29 40 0.035984732 
425 470 13 17 0.035980187 
870 515 14 17 0.03597844 
272 413 13 17 0.035977583 
103 460 12 15 0.035956718 
861 304 10 11 0.035909325 
911 374 10 14 0.03590787 
844 437 12 15 0.035867766 
51 321 13 16 0.035849493 
631 297 9 11 0.035810757 
345 238 10 12 0.035654426 
822 361 12 15 0.035596423 
167 453 13 16 0.035582505 
894 303 9 12 0.035411637 
943 862 21 25 0.0353599 
521 901 33 48 0.03535526 
766 925 19 24 0.03532709 
260 514 15 19 0.035152365 
733 262 11 13 0.035137016 
284 328 14 17 0.035118323 
659 435 15 19 0.03501703 
26 837 25 33 0.034931216 
941 422 11 13 0.034884796 
1012 477 9 12 0.03484681 
800 647 15 20 0.03483442 
70 519 14 19 0.034722574 
785 595 15 18 0.034639318 
710 420 13 17 0.03453845 
835 497 12 16 0.0345259 
83 331 12 15 0.034497593 
3 340 13 15 0.034449194 
178 509 15 18 0.034423433 
409 382 11 13 0.03440314 
214 428 13 16 0.034367867 
402 481 14 17 0.03431913 
848 398 12 15 0.034314472 
902 632 20 23 0.03426151 
572 372 13 17 0.034209136 
889 446 12 15 0.034168873 
780 321 12 16 0.034105785 
998 687 17 22 0.0340607 
74 239 14 17 0.034059174 
856 343 10 12 0.03405047 
152 405 12 14 0.034047052 
791 216 9 11 0.034007996 
954 350 12 14 0.034004893 
228 665 15 17 0.03398283 
387 340 12 15 0.033960138 
861 384 10 12 0.033960003 
78 309 11 13 0.033910185 
333 310 13 17 0.033881675 
898 639 21 27 0.033753574 
640 286 12 14 0.033711288 
64 1020 23 29 0.03353368 
249 373 12 15 0.033492737 
31 327 10 13 0.033454914 
255 466 15 17 0.033413254 
872 460 10 14 0.033402544 
272 206 10 12 0.03338574 
267 521 14 18 0.03338417 
133 721 13 16 0.033382323 
444 391 14 17 0.033354286 
736 253 11 12 0.033320937 
748 321 13 17 0.033293106 
824 312 9 11 0.033249177 
151 453 11 14 0.0332279 
359 705 20 25 0.033222575 
495 979 51 65 0.03320863 
288 267 10 12 0.033167273 
122 595 15 20 0.033091605 
206 282 12 16 0.032983497 
885 381 11 13 0.03297042 
964 719 16 21 0.03296846 
822 375 10 13 0.03296636 
739 379 13 16 0.03285131 
1 281 10 16 0.03279886 
299 586 13 17 0.032793675 
996 398 11 13 0.032724883 
315 392 13 16 0.03266839 
108 953 18 22 0.032666914 
911 423 11 13 0.03257727 
927 344 10 12 0.032554295 
413 724 16 18 0.03255038 
667 300 13 16 0.032461733 
671 430 12 16 0.032399207 
893 411 10 11 0.03235029 
908 250 10 13 0.032330718 
822 561 14 18 0.032242008 
402 994 47 62 0.03219475 
562 370 16 20 0.032150082 
843 646 13 18 0.032138154 
80 348 12 15 0.03208049 
92 323 12 14 0.03205641 
222 410 12 15 0.032024585 
945 362 14 17 0.031779535 
295 465 14 18 0.031767514 
305 713 17 20 0.031764187 
103 934 25 28 0.031756222 
930 468 12 14 0.03163575 
70 483 12 16 0.03163412 
640 318 11 14 0.031568207 
950 269 11 13 0.031559467 
1010 723 12 18 0.03155809 
227 875 17 20 0.0315369 
416 643 14 19 0.03153539 
832 1012 21 28 0.031517193 
747 594 16 19 0.03150011 
789 624 15 18 0.03149688 
587 222 12 14 0.0314549 
805 451 12 14 0.031282127 
935 341 11 13 0.031278178 
372 514 15 18 0.03115694 
838 424 12 14 0.031078476 
41 898 17 23 0.031051915 
898 449 13 17 0.031004613 
997 617 13 17 0.03099147 
293 613 15 20 0.03094326 
823 281 9 11 0.030891297 
494 427 32 42 0.030860474 
76 354 12 15 0.030832764 
934 402 12 13 0.030829499 
1007 611 13 18 0.030817464 
100 452 12 14 0.030727824 
10 973 27 34 0.0306759 
984 357 10 13 0.030637128 
816 319 9 11 0.030612702 
323 655 20 23 0.030584713 
910 280 9 12 0.030493917 
40 279 9 12 0.030475132 
829 240 10 12 0.030469913 
169 506 13 16 0.030420795 
338 632 16 21 0.030413456 
115 466 12 17 0.030413218 
828 358 10 13 0.03040925 
215 410 12 14 0.030396327 
943 357 12 15 0.030276483 
673 596 41 37 0.03017945 
335 401 13 17 0.030113654 
299 495 15 19 0.030017594 
981 468 10 13 0.029981077 
996 435 10 12 0.029975785 
667 396 12 16 0.029970227 
836 689 14 18 0.029920485 
515 353 16 21 0.0298657 
863 564 14 18 0.029856857 
109 259 11 14 0.029844921 
133 580 13 15 0.029832259 
315 383 12 15 0.029832065 
1011 735 12 18 0.029805934 
759 421 15 19 0.029793013 
202 627 15 18 0.029749991 
663 270 12 14 0.029701784 
231 331 12 15 0.02968674 
871 360 9 12 0.029685505 
543 280 11 12 0.029642629 
921 293 9 12 0.02963555 
67 617 17 24 0.029487351 
166 675 12 16 0.029454673 
101 554 15 19 0.029422661 
50 348 12 16 0.029405758 
249 507 12 18 0.029405188 
396 656 14 17 0.029394045 
178 923 23 27 0.029351098 
415 324 11 13 0.029325042 
1007 815 15 22 0.029271016 
946 332 11 13 0.029266488 
133 937 16 19 0.029068321 
670 293 11 14 0.029038925 
47 505 14 18 0.028999154 
90 347 13 16 0.02898451 
288 433 13 17 0.028866613 
828 364 12 14 0.028804857 
879 775 20 24 0.028773097 
430 291 10 12 0.028763104 
878 672 16 21 0.028695473 
108 518 14 17 0.028640276 
850 447 11 13 0.028627586 
388 491 11 14 0.028605655 
852 426 12 15 0.028543664 
873 764 15 18 0.02843891 
788 600 16 21 0.028423486 
186 490 15 17 0.028422374 
39 284 12 14 0.02838318 
694 372 13 16 0.028375687 
805 444 12 15 0.028360495 
909 467 13 15 0.028340869 
990 487 10 13 0.028307267 
291 593 14 17 0.028305888 
767 286 11 13 0.02829098 
172 921 16 19 0.028274246 
831 342 9 11 0.028253866 
814 225 12 16 0.0282193 
814 468 11 15 0.028219262 
921 351 10 13 0.028178433 
831 628 13 18 0.02816588 
109 308 11 14 0.028120523 
303 596 15 19 0.028100133 
288 318 13 16 0.028078651 
1015 451 10 14 0.028028011 
336 248 11 13 0.02802797 
794 398 12 14 0.028017184 
221 578 14 17 0.027992148 
831 314 9 12 0.027991092 
2 597 17 20 0.027959434 
269 451 13 17 0.02795814 
839 453 12 15 0.02794081 
19 771 36 46 0.02792453 
269 237 11 13 0.027923217 
210 522 14 18 0.027920162 
744 600 22 25 0.027892647 
354 463 13 17 0.027755901 
274 444 12 15 0.027729057 
37 366 11 13 0.02769648 
104 216 9 12 0.027665427 
812 628 13 16 0.02766225 
14 454 14 17 0.027652951 
33 316 9 12 0.027633224 
920 770 15 20 0.027621325 
829 371 12 14 0.027616613 
798 386 11 14 0.027609523 
67 270 11 13 0.027597405 
365 292 13 16 0.027568076 
800 214 9 11 0.027526379 
1004 470 12 14 0.027503002 
655 441 15 19 0.027487157 
141 521 12 15 0.027468888 
799 380 13 15 0.027461087 
762 764 17 23 0.027430158 
62 260 11 13 0.027392898 
861 789 22 26 0.027385809 
164 411 20 26 0.027380312 
358 262 11 13 0.027360307 
852 643 13 16 0.027352426 
384 299 10 12 0.027328901 
330 435 14 18 0.027291264 
339 386 15 18 0.027290056 
463 201 13 16 0.02727098 
783 488 14 17 0.02724829 
978 938 14 18 0.027234089 
-4 978 38 57 0.027223177 
120 426 13 16 0.02720609 
807 320 9 12 0.0271634 
421 637 17 22 0.027141344 
41 469 14 17 0.027098779 
876 366 10 12 0.02709589 
980 574 13 18 0.02704918 
904 376 9 11 0.027047964 
81 268 12 14 0.02698281 
41 596 24 30 0.02696987 
910 407 11 12 0.026941378 
104 336 13 16 0.026929293 
87 221 11 14 0.026908888 
255 502 20 24 0.026886273 
37 292 12 15 0.02687608 
768 347 12 15 0.026851943 
278 358 13 19 0.026837792 
885 668 19 27 0.026831316 
293 496 14 18 0.02680441 
227 424 15 19 0.026796365 
382 242 12 13 0.026771164 
631 248 9 10 0.026742047 
789 220 11 14 0.026719548 
367 452 12 16 0.026715122 
295 246 9 10 0.026565075 
148 429 13 16 0.026557509 
387 347 12 15 0.02654749 
653 638 42 53 0.026503803 
385 539 16 20 0.026496362 
642 1416 32 32 0.026440872 
365 371 15 17 0.026433127 
884 322 11 14 0.026423827 
243 727 15 18 0.026423777 
820 1007 21 29 0.026415186 
828 441 13 16 0.026408007 
102 260 11 15 0.026394555 
956 531 12 14 0.026387652 
-1 924 17 24 0.026383106 
823 486 14 18 0.02637369 
876 374 11 12 0.026366992 
349 264 13 15 0.026337191 
696 803 50 57 0.026334401 
149 261 11 11 0.02632295 
187 622 15 19 0.026278036 
111 387 12 14 0.026250482 
579 370 15 19 0.026186403 
725 339 13 15 0.026154405 
814 350 9 11 0.026096 
915 427 12 15 0.026060795 
139 540 14 17 0.026055293 
164 477 11 13 0.02605166 
817 357 10 14 0.02599966 
321 318 11 14 0.02599582 
833 296 9 10 0.0259933 
566 943 27 37 0.025975 
635 255 11 13 0.025956562 
367 300 11 12 0.025940139 
882 592 14 18 0.025894232 
85 325 13 14 0.025892988 
800 326 12 14 0.025853926 
288 579 14 18 0.025815109 
698 462 14 19 0.025804108 
1000 484 10 13 0.02579954 
155 252 10 12 0.025785709 
900 293 11 12 0.025783474 
319 244 9 12 0.025779294 
213 315 12 13 0.025717335 
983 407 10 13 0.025716444 
852 674 13 17 0.025708014 
795 817 23 31 0.025706857 
28 999 28 38 0.025703704 
323 343 19 23 0.025692232 
35 357 11 13 0.025689641 
887 399 11 13 0.025607048 
918 414 10 12 0.025596878 
764 703 16 20 0.02558166 
813 330 11 14 0.025565082 
295 262 10 12 0.025528487 
939 371 10 13 0.02549687 
954 490 14 15 0.025479926 
235 429 15 18 0.025474984 
917 301 11 14 0.025470976 
776 697 15 21 0.025452489 
838 441 13 16 0.025447052 
28 493 14 18 0.025388896 
898 439 12 14 0.02538078 
961 370 11 15 0.025352886 
18 618 22 28 0.025312882 
125 346 12 15 0.025309633 
928 645 21 25 0.0253082 
997 658 13 15 0.025281306 
1005 446 11 13 0.025249977 
802 996 23 32 0.025249003 
412 395 14 18 0.025237465 
790 227 12 15 0.02522649 
925 643 15 18 0.025188291 
188 524 14 17 0.025172241 
260 575 15 18 0.025157094 
52 396 12 15 0.025125854 
493 938 42 52 0.025111748 
869 921 21 27 0.025097463 
249 380 11 14 0.025096964 
859 473 12 15 0.025040401 
873 796 20 25 0.025033966 
949 530 14 16 0.025014516 
782 479 11 15 0.02499666 
99 546 14 19 0.024923695 
587 443 27 44 0.024870323 
1007 406 10 13 0.024863355 
915 528 21 27 0.024860848 
247 292 10 13 0.024819393 
644 288 15 18 0.024808535 
212 983 27 33 0.024666319 
20 249 14 17 0.024649989 
154 612 13 16 0.024601467 
46 807 22 29 0.02459416 
367 528 14 18 0.024592778 
798 441 13 16 0.024567282 
934 424 13 16 0.024559263 
159 288 10 12 0.024550907 
161 371 13 16 0.024522934 
300 259 10 13 0.024496458 
356 388 13 16 0.024494873 
265 226 11 13 0.024482535 
865 278 9 11 0.024454793 
326 362 14 18 0.024450827 
856 316 11 13 0.024446597 
93 317 11 13 0.024419526 
182 317 12 15 0.02440083 
843 686 14 18 0.024329433 
776 682 16 22 0.024326688 
389 485 12 15 0.024273567 
644 317 13 14 0.024249839 
499 986 20 23 0.024208808 
398 954 44 59 0.024193006 
402 254 12 14 0.024184069 
371 639 15 19 0.024176959 
648 862 12 15 0.024154764 
81 658 17 21 0.024147118 
733 336 13 16 0.024138307 
304 210 11 14 0.024127811 
666 365 14 17 0.024107195 
990 351 10 12 0.024076119 
786 835 27 39 0.02406563 
920 471 12 16 0.024039533 
44 911 15 21 0.02400426 
707 387 13 16 0.02400272 
834 509 14 17 0.023997782 
320 467 15 19 0.023943964 
279 382 11 14 0.023923544 
233 477 15 17 0.023921665 
321 536 14 19 0.023919446 
675 254 11 12 0.023909597 
132 232 11 14 0.023904324 
142 332 13 15 0.023891643 
189 436 12 16 0.023870824 
536 288 12 14 0.023865363 
275 658 14 18 0.02385109 
86 278 12 14 0.023841688 
362 418 13 16 0.023840643 
453 251 11 14 0.023789473 
699 371 12 14 0.02374811 
144 837 18 23 0.023740726 
283 506 15 18 0.023713361 
279 611 13 17 0.023710888 
836 482 13 17 0.02368083 
73 212 19 23 0.023608737 
930 891 16 20 0.023593968 
364 457 13 17 0.02358679 
222 682 16 20 0.023554265 
153 669 14 20 0.023534283 
126 522 13 16 0.023530206 
905 247 10 12 0.02352048 
839 318 9 11 0.023517296 
176 914 22 25 0.023500923 
637 340 13 17 0.0234726 
805 551 23 28 0.023472248 
976 456 10 13 0.023451561 
756 448 13 19 0.023401799 
871 807 20 25 0.023393698 
481 437 43 57 0.023360644 
160 581 14 18 0.023357311 
268 476 15 19 0.023354253 
180 441 12 15 0.02334221 
621 610 60 75 0.0233366 
903 302 11 13 0.023307906 
1001 295 10 12 0.023303872 
101 368 14 17 0.023297371 
244 306 13 15 0.023287587 
46 367 10 13 0.023254823 
879 407 9 11 0.0232513 
268 633 14 18 0.023206187 
701 296 12 16 0.02320383 
635 358 12 15 0.023196358 
332 497 15 18 0.023178058 
200 379 12 14 0.02315091 
89 1045 21 32 0.023112055 
187 556 16 21 0.02309884 
312 730 17 21 0.023069007 
310 1030 31 43 0.023062374 
561 246 10 12 0.023052856 
802 513 15 19 0.023040421 
115 974 18 23 0.023038618 
880 253 9 11 0.023008017 
415 479 15 19 0.022988657 
692 386 15 19 0.022966186 
907 459 13 15 0.022902353 
225 463 22 26 0.022890758 
996 696 16 19 0.02287921 
896 757 13 15 0.022865847 
436 641 18 26 0.022846753 
610 277 11 14 0.022837747 
795 308 11 14 0.022725033 
989 357 9 12 0.022721173 
861 357 10 12 0.022709217 
338 314 13 17 0.022691892 
417 482 21 26 0.022685502 
725 268 13 15 0.022685137 
645 610 40 50 0.022662122 
825 396 11 15 0.022661367 
784 628 11 14 0.022629855 
78 664 16 20 0.022628319 
387 323 104 139 0.022627324 
761 797 23 33 0.02261686 
744 489 14 19 0.022526613 
942 618 15 18 0.022507899 
348 285 12 15 0.022494726 
868 522 15 18 0.022492925 
231 288 9 12 0.02247325 
987 819 21 26 0.022459721 
105 297 12 15 0.022454489 
166 321 14 17 0.022433806 
174 435 13 16 0.022432635 
217 459 22 27 0.02241891 
358 725 18 22 0.0224075 
744 640 94 116 0.022403682 
457 403 27 36 0.022400094 
910 314 10 12 0.02235458 
267 490 14 18 0.022352513 
220 867 18 20 0.022334082 
44 454 11 14 0.022290675 
239 362 12 14 0.02228134 
140 616 15 20 0.022230776 
138 586 14 18 0.02222845 
750 732 25 33 0.022224285 
397 257 15 17 0.022192383 
210 325 14 16 0.022181433 
265 314 12 16 0.022169193 
999 423 11 13 0.022156497 
793 591 22 29 0.022155993 
162 398 21 24 0.022126183 
85 245 10 14 0.022110248 
248 731 17 23 0.02205377 
996 284 10 12 0.022019813 
421 1016 26 36 0.02201746 
169 261 11 13 0.021992048 
656 404 12 16 0.021973344 
923 466 20 26 0.021962808 
755 706 14 19 0.021960368 
1002 687 23 31 0.021946155 
365 260 12 14 0.021899858 
298 253 10 13 0.021875812 
894 517 12 16 0.021840291 
509 335 11 14 0.02179838 
150 389 19 23 0.021793535 
657 244 11 13 0.02179184 
388 697 16 19 0.021734465 
322 836 24 32 0.021733169 
237 520 14 19 0.021732626 
312 270 9 12 0.02172386 
790 305 12 13 0.021673338 
684 503 12 14 0.021644993 
772 354 15 17 0.021630552 
76 485 13 17 0.021591857 
261 267 11 13 0.02156328 
314 782 24 30 0.021556532 
818 775 18 25 0.021536324 
30 293 12 15 0.021518674 
808 774 16 20 0.021516627 
1009 365 10 13 0.021513917 
181 793 17 19 0.021489909 
81 261 11 14 0.021486802 
911 843 21 26 0.021480387 
187 369 12 15 0.021477992 
755 695 21 27 0.021462288 
816 312 8 10 0.021438163 
142 560 14 17 0.02141562 
373 538 16 20 0.021396216 
390 302 11 13 0.02137597 
684 412 13 16 0.021369666 
19 268 12 14 0.021364031 
395 396 13 15 0.021337517 
195 969 17 20 0.021314094 
997 502 10 14 0.021302823 
225 379 11 15 0.021284955 
192 650 22 26 0.021280313 
859 783 16 22 0.02127313 
999 508 12 14 0.021263799 
913 514 20 26 0.021263333 
84 342 12 15 0.021252256 
344 883 28 34 0.021251146 
430 515 14 19 0.021227516 
579 378 15 20 0.021193575 
824 238 11 13 0.021181827 
141 493 14 16 0.02116955 
168 591 16 20 0.021136165 
180 1074 35 46 0.021135096 
805 579 15 18 0.021117188 
342 284 12 15 0.021103382 
219 474 15 20 0.02109635 
130 542 20 26 0.021084506 
0 943 14 22 0.021059161 
41 371 11 13 0.021058304 
305 736 20 25 0.021052767 
611 275 20 24 0.021030305 
360 549 16 21 0.021020737 
924 380 10 13 0.02100066 
918 481 14 17 0.02099449 
213 467 15 19 0.02094359 
816 363 10 14 0.020942515 
919 340 10 12 0.020931892 
876 460 12 16 0.020931209 
745 394 12 15 0.020930054 
171 310 11 14 0.02092012 
726 416 19 22 0.020888073 
139 634 15 18 0.020883791 
71 350 12 15 0.02088294 
820 325 10 12 0.020881375 
135 377 13 16 0.020880492 
847 412 11 12 0.020839317 
386 705 16 21 0.02080105 
379 479 15 18 0.020768085 
124 362 12 16 0.020739537 
382 362 13 17 0.020707931 
849 379 11 13 0.020696856 
988 524 13 16 0.020678952 
744 707 21 26 0.02064813 
440 387 12 17 0.020644447 
278 848 20 31 0.020641916 
761 388 14 16 0.02063584 
358 596 15 19 0.020624608 
439 273 12 15 0.020615961 
355 734 24 29 0.020612026 
89 434 11 15 0.020610342 
156 619 13 17 0.020572273 
31 900 23 28 0.020568162 
104 444 12 15 0.020534363 
901 327 12 13 0.02049974 
28 331 12 15 0.020498717 
736 239 10 13 0.020492932 
131 412 14 17 0.020489186 
104 246 10 12 0.020488625 
983 351 11 13 0.020470234 
24 333 11 15 0.02046822 
375 349 13 16 0.020435702 
166 689 14 18 0.020430952 
143 652 20 26 0.020430814 
390 674 12 16 0.02042494 
79 303 10 13 0.020422114 
936 877 23 26 0.020384217 
350 694 15 20 0.020379784 
1012 603 12 19 0.020374857 
956 543 22 28 0.020368287 
976 839 25 31 0.020354275 
204 424 14 18 0.020338764 
883 798 20 25 0.020334005 
283 285 13 14 0.02031442 
879 707 14 18 0.020309143 
731 595 27 31 0.020288981 
203 397 12 14 0.020277817 
73 331 18 22 0.020262515 
107 368 14 17 0.02025709 
331 351 16 18 0.020256137 
92 496 12 16 0.020251967 
60 293 19 23 0.020233067 
164 705 22 29 0.020231545 
702 434 15 19 0.020193286 
220 773 21 28 0.020187309 
815 550 22 27 0.020171946 
992 432 10 12 0.020144204 
619 281 13 14 0.020143475 
980 363 11 14 0.020140208 
119 280 10 13 0.02009563 
780 351 14 17 0.020050725 
862 763 20 26 0.020050062 
228 435 14 17 0.020020474 
182 393 11 15 0.020009926 
698 590 33 33 0.02000698 
