35_Basketball_basketballgame_ball_35_50
104
949 271 31 40 0.99939597 
276 167 25 32 0.99875665 
411 207 23 29 0.99639434 
586 126 36 46 0.9913584 
209 271 42 58 0.97844166 
774 336 40 41 0.40165204 
970 104 7 9 0.22957353 
943 103 6 9 0.14414443 
817 405 20 21 0.14113523 
997 110 8 9 0.13914028 
1006 75 12 15 0.12985751 
876 93 9 11 0.12787177 
1011 77 10 14 0.1226023 
871 112 7 10 0.12206006 
751 389 33 41 0.11419233 
958 120 7 9 0.09766659 
1000 74 10 14 0.09356356 
877 88 8 11 0.09312654 
845 83 10 12 0.08710186 
879 111 7 9 0.08636252 
929 116 9 11 0.08302548 
973 120 7 10 0.08290038 
771 68 10 13 0.08234054 
920 96 6 8 0.07886402 
889 94 8 11 0.07472144 
812 392 32 34 0.0739368 
583 63 29 39 0.07115553 
848 54 9 11 0.06581722 
960 103 7 9 0.06369218 
970 109 8 10 0.059108414 
861 96 9 11 0.05645639 
836 96 10 11 0.054864116 
842 80 8 11 0.054548893 
928 104 8 9 0.05446719 
858 102 9 10 0.05263179 
854 111 9 11 0.05164675 
854 117 8 10 0.050701898 
877 102 8 10 0.050430853 
954 119 8 10 0.05015653 
888 112 9 10 0.04945209 
959 126 9 10 0.048167847 
927 96 8 9 0.046359144 
936 103 7 9 0.044761214 
839 85 10 12 0.044004165 
1000 67 21 27 0.0434375 
993 104 10 12 0.043203417 
973 104 8 10 0.041810904 
166 372 44 39 0.03670101 
190 293 27 34 0.036458757 
937 96 7 9 0.03633519 
953 111 7 9 0.033027362 
915 95 6 9 0.03250333 
833 88 8 10 0.032471113 
992 120 9 11 0.0323163 
889 102 8 10 0.03191755 
847 49 9 11 0.031569492 
833 58 11 15 0.030929957 
966 134 8 10 0.030713467 
898 444 10 14 0.030113647 
171 46 25 27 0.02972231 
911 112 8 11 0.02972052 
848 70 8 10 0.029619414 
888 89 8 9 0.028463513 
174 51 12 16 0.027603881 
403 192 11 13 0.027355172 
543 153 26 36 0.027318865 
687 72 8 10 0.026976425 
24 86 9 12 0.026972614 
864 117 8 10 0.026837593 
1 90 9 13 0.026426202 
245 276 29 42 0.026188409 
264 107 423 492 0.026140548 
990 124 9 11 0.026129251 
395 256 25 30 0.0258503 
849 60 9 12 0.025806671 
182 305 26 32 0.025277384 
984 127 8 9 0.024922727 
952 105 7 8 0.02435618 
976 259 28 33 0.024262592 
969 126 8 10 0.024005968 
906 111 7 10 0.023936097 
958 112 8 9 0.023906492 
832 69 9 12 0.023820475 
657 48 7 10 0.023726247 
961 134 9 10 0.023580926 
191 319 32 35 0.023512399 
944 109 8 10 0.02340243 
832 79 7 9 0.023334952 
1016 109 9 12 0.02233006 
1005 63 15 17 0.021881966 
1011 70 11 14 0.021761525 
904 78 7 10 0.020966697 
612 180 15 18 0.02096477 
836 55 10 13 0.020923557 
656 57 10 15 0.02085555 
798 384 34 36 0.020689258 
984 133 8 10 0.020679299 
400 205 23 31 0.020493122 
732 39 12 15 0.020455642 
686 77 8 11 0.02034998 
161 349 51 48 0.02025205 
931 111 10 11 0.020089954 
688 62 8 11 0.020079639 
261 207 25 33 0.020063013 
