35_Basketball_playingbasketball_35_588
31
591 157 71 87 0.9986299 
604 467 131 198 0.9910868 
156 -2 48 50 0.91792446 
10 119 29 37 0.16050708 
209 23 209 213 0.12741701 
240 84 134 117 0.085548535 
108 199 38 37 0.06857936 
552 372 173 262 0.06612092 
482 708 84 110 0.059543364 
766 476 132 173 0.05911827 
708 380 47 68 0.050002076 
2 157 32 51 0.04909077 
315 9 68 68 0.041551758 
636 397 196 248 0.040290873 
218 639 80 121 0.036743518 
210 6 27 32 0.035799053 
502 342 56 54 0.031144306 
603 239 385 494 0.029936388 
678 1 33 25 0.02683641 
71 81 43 57 0.025033679 
222 8 68 74 0.024407871 
0 28 39 63 0.023750186 
907 -7 109 136 0.0234269 
213 12 108 113 0.02278087 
337 180 391 469 0.02241916 
106 208 50 51 0.022337811 
665 0 50 46 0.02173408 
512 0 39 37 0.021232065 
694 -1 31 30 0.021143274 
267 126 115 120 0.020774461 
440 725 89 104 0.02022938 
