35_Basketball_playingbasketball_35_19
33
118 303 27 45 0.9917156 
518 248 39 34 0.7347663 
149 525 17 22 0.19159147 
577 358 30 34 0.15901594 
341 123 24 28 0.15288477 
70 310 21 39 0.08213252 
554 140 24 27 0.07252703 
538 253 29 36 0.069975846 
808 596 31 33 0.055105805 
405 149 14 17 0.052710008 
76 93 10 13 0.049767923 
750 121 23 28 0.038342003 
101 358 30 35 0.0303708 
898 72 21 26 0.029759126 
718 99 11 16 0.02975372 
147 515 18 22 0.027360477 
0 132 10 15 0.027324302 
94 119 10 13 0.02720004 
934 77 11 14 0.026720554 
349 97 12 16 0.025538778 
888 10 103 124 0.025465481 
142 521 17 22 0.024843207 
334 103 40 48 0.023542503 
628 83 14 17 0.023189675 
641 120 443 501 0.022649014 
412 141 12 14 0.02264404 
160 527 14 20 0.022349548 
44 46 380 488 0.022027671 
590 533 13 17 0.021251865 
293 311 50 58 0.021214185 
794 105 43 44 0.020627093 
670 160 14 17 0.02009337 
961 93 10 13 0.020029036 
