35_Basketball_basketballgame_ball_35_446
94
471 325 109 152 0.99894136 
867 847 26 33 0.80715525 
830 744 17 22 0.7862536 
791 935 22 28 0.6397402 
235 850 16 23 0.6271009 
883 811 19 25 0.6037672 
763 829 16 21 0.6008534 
796 892 29 38 0.50863785 
862 779 16 21 0.5064516 
762 741 18 22 0.47640103 
863 896 26 33 0.42983237 
722 821 16 20 0.41371724 
730 874 18 23 0.39181575 
255 802 19 25 0.32194954 
316 811 18 23 0.23601294 
806 866 17 23 0.2216953 
689 868 18 22 0.20836264 
808 813 22 29 0.20601286 
927 760 17 25 0.19674097 
665 847 17 21 0.17997819 
928 915 19 24 0.16273883 
301 863 25 29 0.15326518 
203 947 263 295 0.15087852 
692 897 24 30 0.143835 
884 952 22 26 0.13841279 
756 896 20 27 0.12792927 
723 864 21 28 0.1152962 
277 770 21 27 0.11390588 
717 776 17 23 0.10475711 
801 874 28 37 0.096584804 
696 729 19 22 0.0858602 
900 988 27 36 0.08571383 
111 292 50 45 0.0816502 
822 991 27 33 0.07704778 
711 950 26 34 0.071061075 
779 781 15 18 0.068115324 
713 853 18 23 0.06705148 
818 783 18 20 0.06661753 
274 1088 31 35 0.058611304 
689 909 30 36 0.051838484 
306 739 16 19 0.050634608 
642 909 24 32 0.046686795 
745 738 16 19 0.045778766 
211 1064 41 46 0.045656014 
338 826 45 60 0.042719662 
341 843 27 38 0.042129464 
908 740 13 17 0.04087719 
823 776 22 26 0.040545512 
864 649 24 31 0.03761956 
885 850 26 35 0.037058517 
958 711 26 32 0.036683798 
130 1025 377 401 0.03394952 
809 824 24 31 0.033442162 
339 769 27 34 0.03334221 
560 557 106 164 0.032841768 
782 898 27 35 0.032455195 
747 738 25 28 0.03143013 
812 806 16 19 0.03093974 
300 744 16 18 0.030153925 
663 850 24 32 0.029853147 
498 513 47 52 0.029302277 
5 147 28 34 0.028584179 
27 499 28 32 0.027082857 
914 765 21 28 0.026317937 
330 841 27 34 0.026054526 
233 946 69 80 0.025532652 
274 780 19 23 0.025481371 
787 851 17 21 0.025090402 
477 117 99 146 0.024910858 
307 769 16 21 0.024803242 
772 869 23 28 0.024618216 
251 763 18 20 0.024436023 
228 734 24 28 0.023895917 
859 693 14 19 0.023889141 
635 954 57 70 0.023858748 
294 855 21 31 0.023816366 
780 789 17 23 0.023432469 
832 857 24 29 0.02324708 
906 770 15 20 0.023120584 
690 873 26 32 0.022229007 
878 933 25 32 0.02222165 
869 829 27 34 0.022155916 
816 836 22 27 0.021955093 
291 807 23 29 0.021898072 
780 905 17 23 0.021755949 
241 768 24 29 0.021681616 
698 856 22 28 0.021681191 
870 908 29 34 0.021607196 
875 822 18 22 0.02129229 
817 899 26 32 0.021008572 
703 1104 34 34 0.020464176 
359 844 28 37 0.020371327 
214 761 26 32 0.02035981 
824 812 23 30 0.020233005 
