35_Basketball_basketballgame_ball_35_82
880
284 253 49 61 0.99611014 
438 192 46 60 0.994964 
770 407 22 27 0.9853758 
604 412 17 21 0.9849362 
141 228 13 17 0.9735492 
704 311 21 27 0.9717112 
650 405 19 26 0.9632271 
800 406 20 28 0.95829177 
110 370 16 19 0.9343102 
151 200 14 18 0.8998442 
28 206 13 16 0.8908458 
77 205 12 16 0.88096845 
33 374 15 19 0.87707716 
250 168 14 17 0.82762295 
113 211 14 18 0.8228998 
99 233 14 18 0.8216247 
48 176 12 16 0.8014939 
756 275 13 17 0.74372196 
437 134 12 15 0.7335655 
10 287 14 19 0.7244635 
30 117 11 14 0.7198841 
192 156 12 16 0.71722543 
654 249 13 17 0.71223146 
648 320 14 19 0.7081806 
494 118 11 13 0.69604 
537 37 10 12 0.6897216 
518 87 15 19 0.68679273 
184 248 12 16 0.6793769 
746 153 14 19 0.6744735 
154 305 12 17 0.6706248 
798 208 13 17 0.6686507 
207 262 10 13 0.6541864 
741 327 14 17 0.6541582 
647 217 13 16 0.64790714 
48 221 13 16 0.6353564 
633 375 15 18 0.6198922 
44 95 10 13 0.59835446 
174 228 12 15 0.5854662 
609 216 12 16 0.5775826 
34 141 14 16 0.5597437 
192 119 12 15 0.54847443 
495 97 13 16 0.53585017 
152 109 11 13 0.5308298 
53 367 13 18 0.5227728 
28 24 10 13 0.5124387 
391 138 12 16 0.5072369 
294 198 12 15 0.50169134 
629 148 12 15 0.50103104 
12 63 12 14 0.49859986 
765 222 12 14 0.49356702 
40 161 11 15 0.48389354 
162 43 10 12 0.46945357 
989 0 41 66 0.45576194 
639 195 13 17 0.45270008 
563 412 18 23 0.4473761 
614 172 12 15 0.44615558 
32 289 14 18 0.44592723 
65 110 11 15 0.44467413 
100 34 11 14 0.4323362 
166 102 10 12 0.41671142 
51 74 11 14 0.41420403 
708 187 16 18 0.40454394 
240 241 13 15 0.40149468 
618 398 13 16 0.3945634 
594 227 13 15 0.38868803 
637 237 13 15 0.38795772 
223 180 14 18 0.3874097 
106 298 13 17 0.38688672 
606 193 13 16 0.38544574 
55 44 13 15 0.38363686 
141 266 14 18 0.37939435 
514 179 15 19 0.37861964 
93 140 10 13 0.37179965 
115 165 12 14 0.3664012 
89 317 12 15 0.3652299 
340 520 22 25 0.345474 
439 153 12 17 0.34407943 
154 408 49 53 0.3411213 
753 122 12 14 0.3370379 
693 139 13 15 0.32738733 
733 306 14 16 0.32450244 
86 95 10 14 0.32226846 
220 149 11 14 0.3172923 
260 143 11 14 0.31572783 
171 275 13 16 0.31137693 
208 294 14 19 0.30516878 
91 210 13 16 0.30060935 
197 54 11 13 0.2994079 
125 106 10 13 0.29781073 
85 182 13 17 0.29521966 
343 223 11 14 0.29498756 
145 162 15 18 0.28625184 
685 141 11 14 0.28580803 
723 125 12 15 0.28556532 
782 28 11 13 0.28232062 
268 5 11 14 0.28216586 
235 105 13 16 0.27575618 
397 102 11 14 0.273188 
603 143 11 14 0.27253932 
706 256 13 16 0.27122208 
553 182 14 16 0.27067214 
689 219 12 16 0.26221368 
655 385 16 20 0.26215872 
685 117 11 14 0.26090643 
727 212 12 16 0.25800964 
291 204 15 19 0.2579226 
680 190 13 16 0.25181982 
676 320 16 19 0.24652493 
675 409 13 17 0.2458076 
246 191 10 12 0.24471383 
780 405 23 30 0.24107528 
77 403 11 15 0.23492974 
199 98 11 13 0.23486254 
0 141 9 14 0.23104212 
44 261 11 13 0.22450352 
108 78 12 14 0.22017437 
36 135 12 15 0.21887968 
735 144 10 13 0.21342403 
786 382 15 17 0.20848484 
102 333 10 15 0.20472288 
425 125 10 12 0.20469034 
238 120 14 17 0.20179293 
174 282 11 15 0.20076597 
141 45 9 11 0.19910695 
197 186 11 14 0.19824985 
270 165 11 14 0.1953195 
250 228 11 13 0.19498412 
102 258 15 19 0.19464731 
742 271 10 12 0.19456267 
670 290 15 20 0.1916981 
37 325 13 16 0.18931453 
401 154 13 16 0.18926817 
737 114 11 14 0.18864626 
132 71 10 13 0.18788318 
121 143 9 12 0.18736635 
634 366 16 19 0.18694906 
183 3 9 10 0.18511178 
62 136 11 13 0.18431623 
629 213 12 15 0.17685995 
193 306 12 16 0.17404783 
29 73 12 15 0.17292628 
570 125 9 11 0.1728975 
224 66 13 15 0.17250298 
44 26 11 14 0.16560696 
5 132 12 15 0.16501006 
733 181 11 14 0.157549 
223 22 10 13 0.15706512 
840 106 12 15 0.15588185 
725 100 11 14 0.15570018 
645 174 10 14 0.15500319 
204 139 11 14 0.15027973 
123 213 11 14 0.14971335 
750 39 10 12 0.14914463 
14 387 14 17 0.14849319 
672 153 12 15 0.14576547 
88 134 11 14 0.14390369 
678 374 17 21 0.14225677 
767 38 11 12 0.14108232 
778 360 15 17 0.14107877 
243 124 13 16 0.13975324 
803 275 11 15 0.13874388 
128 133 11 13 0.13835895 
571 172 12 15 0.13726439 
777 279 10 12 0.13721837 
68 162 14 18 0.13569933 
621 230 11 15 0.13456985 
102 148 11 13 0.13173188 
782 245 14 16 0.13126066 
103 118 9 12 0.12991337 
119 339 14 18 0.12987733 
208 86 9 11 0.12977992 
676 148 13 15 0.12896168 
768 134 12 15 0.12808159 
203 94 11 13 0.12688377 
88 73 12 15 0.12679237 
5 80 11 13 0.12563984 
843 226 14 20 0.12496221 
396 208 14 17 0.124036446 
404 119 10 13 0.123700686 
103 188 13 18 0.12365082 
590 21 12 15 0.12361278 
683 232 14 17 0.123113915 
10 193 14 18 0.122623734 
102 389 10 13 0.119080916 
469 116 10 12 0.11834977 
69 338 13 16 0.11653122 
605 128 10 11 0.11455532 
12 134 10 13 0.11227684 
80 125 9 12 0.11199744 
11 109 14 16 0.11025981 
157 165 13 17 0.10983296 
53 214 13 17 0.108109206 
550 128 9 10 0.10668169 
1 379 11 17 0.105562 
150 326 9 11 0.10268576 
660 164 12 14 0.10183713 
604 244 15 19 0.101505965 
627 36 16 19 0.10075249 
224 271 10 13 0.100244805 
7 242 11 14 0.09990354 
55 3 12 14 0.09966309 
110 124 10 14 0.0984294 
124 141 11 13 0.0982742 
590 27 13 17 0.097624145 
158 337 14 17 0.09667352 
157 427 29 36 0.09648325 
148 140 14 17 0.09585098 
612 299 15 17 0.09505521 
631 297 13 15 0.09462671 
784 386 19 23 0.094451874 
782 92 14 15 0.0930984 
763 244 15 17 0.09268489 
93 75 11 14 0.09162239 
169 315 11 14 0.09154282 
121 283 10 14 0.091327675 
744 78 10 13 0.09106323 
489 117 11 13 0.09101014 
510 111 11 14 0.090675354 
44 2 12 15 0.090350255 
240 85 9 12 0.09010749 
174 337 14 17 0.08978274 
678 122 13 16 0.08943559 
691 176 12 17 0.08751615 
739 282 13 17 0.08694357 
590 15 11 14 0.08616953 
739 50 12 14 0.08616309 
741 225 13 16 0.08599736 
253 62 10 13 0.08512429 
3 187 14 19 0.08512192 
645 155 10 12 0.08492864 
718 214 12 15 0.083920434 
801 93 10 14 0.08318051 
688 172 11 15 0.082933135 
221 164 13 15 0.08279618 
647 343 14 18 0.08089749 
204 217 13 16 0.07929107 
662 141 11 14 0.079129726 
63 170 12 15 0.07614762 
601 132 9 11 0.07603195 
226 171 15 18 0.07325563 
610 332 16 19 0.07316553 
693 248 14 18 0.072259985 
116 53 9 11 0.07219303 
231 101 12 16 0.07169461 
604 239 13 14 0.07146987 
631 126 9 11 0.071456686 
63 105 11 13 0.071331434 
164 335 12 15 0.07102311 
637 306 13 16 0.07036062 
23 69 11 13 0.06973544 
68 104 10 12 0.06954039 
627 164 12 15 0.06945305 
248 60 11 14 0.06937329 
23 402 13 17 0.06924179 
263 68 10 14 0.06903982 
533 126 9 12 0.06857492 
642 544 13 17 0.06791076 
67 140 11 14 0.06779446 
143 140 12 15 0.06746688 
780 335 16 20 0.067332074 
720 103 10 12 0.06655823 
73 263 9 12 0.06630122 
7 159 10 14 0.06563858 
774 113 12 14 0.065342195 
652 393 21 25 0.06513299 
184 300 11 14 0.064945415 
84 193 14 19 0.06487323 
812 236 11 15 0.0644114 
123 188 15 18 0.06329871 
56 134 11 13 0.063040055 
223 94 11 15 0.062902965 
527 59 13 15 0.06282946 
666 406 19 24 0.06261117 
380 6 10 11 0.06254019 
145 12 8 11 0.06250915 
85 127 11 13 0.06242675 
143 52 9 11 0.0614048 
40 347 12 16 0.0612733 
262 196 13 16 0.06100134 
287 209 13 16 0.06091379 
797 335 15 21 0.060066298 
469 70 12 15 0.059074454 
676 130 14 16 0.058504753 
99 40 14 17 0.058186226 
54 125 11 13 0.05784778 
748 386 15 19 0.057734396 
86 243 11 14 0.057565168 
663 170 12 15 0.057525713 
104 122 11 15 0.057460655 
61 148 13 15 0.057192016 
725 281 12 15 0.056976847 
96 145 11 14 0.05670344 
460 155 14 16 0.056689516 
205 277 11 15 0.056286097 
134 261 15 19 0.056102112 
560 40 9 11 0.0560448 
643 222 15 19 0.054996315 
791 394 20 27 0.054972485 
148 332 12 14 0.054527566 
629 134 11 12 0.054173898 
591 179 12 16 0.054006245 
676 396 14 18 0.05393827 
28 179 14 16 0.053840905 
786 331 16 20 0.05365213 
209 125 11 13 0.05326254 
56 23 9 11 0.05321159 
582 404 14 18 0.052921254 
789 326 12 15 0.0521523 
459 98 12 14 0.052044228 
108 395 10 13 0.051131923 
189 203 14 16 0.050865557 
87 61 10 12 0.050407 
196 236 14 17 0.05033638 
125 308 14 17 0.050092284 
455 153 13 17 0.0498517 
160 102 11 14 0.04975036 
684 133 14 17 0.049700793 
705 398 19 22 0.049659774 
36 339 14 17 0.04947976 
20 396 13 17 0.049432013 
465 38 10 14 0.04923968 
238 210 14 17 0.049133196 
115 186 17 19 0.049128316 
145 272 14 18 0.04898713 
636 149 12 16 0.04893557 
732 125 12 14 0.048836973 
177 115 10 13 0.04878911 
587 332 10 12 0.048646 
915 635 41 37 0.04855645 
745 186 12 14 0.048476975 
670 315 16 22 0.048445944 
15 339 12 15 0.048386965 
206 205 11 14 0.048301473 
106 185 19 23 0.048232976 
625 157 11 13 0.048070174 
187 21 10 13 0.047875613 
0 228 7 13 0.047623716 
744 393 19 27 0.047602944 
97 332 10 14 0.046932112 
685 248 15 20 0.046787485 
58 209 14 19 0.046566382 
779 283 12 14 0.0465435 
726 236 10 12 0.04652825 
103 184 11 14 0.046389017 
812 188 11 15 0.046067506 
388 174 23 27 0.046042696 
14 281 18 26 0.045902014 
828 284 10 12 0.045898534 
1 128 9 13 0.045818686 
246 92 11 13 0.04559727 
93 124 12 13 0.045591515 
523 163 13 15 0.045540076 
13 102 10 12 0.04550064 
625 143 12 15 0.045310125 
71 301 9 15 0.045023676 
183 148 13 17 0.044876263 
614 325 21 26 0.044868074 
93 286 10 13 0.044731863 
98 386 10 14 0.04462296 
685 167 11 13 0.044599943 
487 159 9 11 0.044575926 
673 125 11 14 0.04437092 
2 372 18 27 0.044340298 
122 434 15 19 0.04411778 
75 307 12 15 0.04406543 
231 289 12 15 0.04393914 
240 190 11 14 0.043904807 
271 159 13 16 0.043774437 
596 234 13 16 0.043564744 
145 261 16 19 0.04353114 
623 128 10 11 0.04351268 
55 149 12 15 0.04350987 
489 98 12 15 0.043444246 
627 323 14 20 0.043231856 
79 181 13 17 0.04320932 
118 117 11 14 0.043021936 
549 249 15 20 0.0429327 
463 112 11 13 0.04279736 
711 210 13 17 0.042691674 
708 203 14 16 0.042419486 
76 262 10 12 0.04240297 
40 369 16 22 0.04228221 
245 87 10 13 0.042261485 
620 298 12 16 0.042244744 
152 29 10 12 0.042172235 
51 268 12 16 0.042067032 
166 325 11 12 0.042030185 
194 150 14 17 0.04186387 
132 192 12 17 0.04154904 
270 177 13 15 0.04141791 
727 96 11 13 0.04123156 
630 170 11 14 0.041205853 
111 130 10 14 0.040986385 
703 230 11 15 0.040885266 
30 338 13 18 0.040787645 
134 140 10 13 0.040741015 
60 23 10 11 0.040626794 
686 101 10 12 0.04061675 
230 147 14 16 0.040589213 
788 156 11 14 0.040576696 
111 47 10 12 0.040515374 
188 14 10 13 0.040451422 
789 150 9 12 0.040373478 
742 182 12 15 0.04019552 
636 360 12 15 0.04013779 
770 184 14 18 0.03995538 
410 193 12 16 0.039810833 
737 47 10 13 0.039808247 
239 249 14 16 0.039662838 
548 167 22 26 0.039512992 
391 378 44 54 0.03949302 
87 274 11 15 0.03946736 
90 186 14 19 0.0394153 
152 315 11 13 0.039353877 
703 146 12 13 0.039229896 
220 154 13 17 0.03918813 
686 111 12 15 0.0391768 
109 148 11 14 0.039147936 
773 243 12 16 0.039143465 
109 324 13 14 0.039108757 
227 387 16 22 0.038794868 
51 260 11 15 0.038612068 
621 166 11 14 0.038585786 
111 159 12 14 0.03853871 
149 339 13 17 0.038465098 
0 110 9 13 0.0384648 
527 159 9 11 0.03835747 
216 165 11 15 0.038328 
90 323 12 15 0.038105283 
710 144 11 13 0.038099125 
248 67 12 14 0.03804289 
667 179 13 16 0.038027015 
668 215 15 18 0.03800006 
251 192 11 13 0.037989385 
691 116 12 14 0.03791378 
239 33 9 11 0.037899572 
765 238 13 16 0.03781031 
598 248 15 19 0.037773855 
558 216 14 19 0.037668508 
63 188 12 15 0.037547603 
159 326 9 11 0.0374383 
588 170 14 17 0.03714282 
70 148 11 14 0.037132803 
633 120 9 12 0.036982667 
1 292 10 15 0.036939766 
40 256 18 23 0.036749206 
208 402 17 21 0.036702536 
140 444 12 14 0.03661418 
148 135 13 15 0.036499877 
873 35 25 32 0.036494292 
722 194 14 17 0.03646926 
141 146 14 16 0.03633916 
40 24 10 13 0.036199413 
204 319 13 15 0.0361478 
4 21 9 12 0.036111694 
602 331 10 13 0.036081966 
678 247 15 20 0.036061645 
531 55 12 13 0.035607122 
514 115 12 14 0.035569277 
774 229 11 14 0.035532705 
251 84 12 14 0.035449885 
0 194 11 17 0.035382222 
716 143 12 14 0.035226 
188 3 9 12 0.03509063 
381 411 30 37 0.034984805 
596 290 11 14 0.03491996 
393 97 19 23 0.03482651 
182 141 10 14 0.03459573 
517 166 14 18 0.03433357 
96 259 12 16 0.034260932 
7 114 14 15 0.034251478 
196 203 12 15 0.0342488 
150 121 13 15 0.033962406 
772 335 16 22 0.033916157 
699 134 12 16 0.033905037 
789 221 12 13 0.033658743 
668 266 14 16 0.03351752 
61 194 14 17 0.03347726 
545 126 9 13 0.03338686 
271 236 12 17 0.03326802 
132 107 11 12 0.033266194 
231 115 14 17 0.03325114 
808 231 10 14 0.032983076 
133 126 11 14 0.032983076 
749 270 14 18 0.032951824 
787 228 12 13 0.03290033 
608 180 11 15 0.032868225 
692 123 13 16 0.032847147 
148 8 10 12 0.032803867 
254 195 11 14 0.03276956 
767 244 21 24 0.03275547 
251 125 11 14 0.032615233 
767 115 11 14 0.032611147 
580 425 447 441 0.03248571 
127 56 8 11 0.03246946 
503 165 13 15 0.032405663 
11 126 12 14 0.03238966 
246 99 11 15 0.032349527 
709 109 11 14 0.032327484 
459 83 13 17 0.032264523 
391 106 14 17 0.032261916 
51 375 15 20 0.03216216 
654 85 11 12 0.032131366 
582 128 9 10 0.032115113 
79 349 11 15 0.03206106 
238 128 16 18 0.032046113 
12 55 14 16 0.03203166 
251 272 13 17 0.031902127 
610 400 17 22 0.03184118 
192 182 12 15 0.031810973 
215 379 27 36 0.031774674 
246 55 11 14 0.031743612 
725 303 14 18 0.031661883 
479 116 9 12 0.031590078 
78 253 10 14 0.031473454 
178 4 10 12 0.031469043 
154 145 14 17 0.0313184 
714 190 16 19 0.031267177 
212 85 9 11 0.031265892 
131 242 14 18 0.03125117 
564 165 12 16 0.03124175 
774 237 11 15 0.03120941 
26 267 13 19 0.03119716 
700 203 14 17 0.031094143 
732 93 10 13 0.031081632 
157 224 13 17 0.031070858 
719 120 12 15 0.030893087 
891 399 49 62 0.030754833 
392 186 24 29 0.030739397 
198 133 12 14 0.030713627 
621 193 12 16 0.030687686 
554 162 16 19 0.030666158 
180 282 12 16 0.030627122 
629 539 9 13 0.030550309 
725 2 11 13 0.030492317 
183 117 10 13 0.030474652 
124 334 11 15 0.03044037 
487 112 11 14 0.030391037 
757 205 12 14 0.030378463 
783 158 11 14 0.030373674 
643 191 12 16 0.030329347 
151 37 9 12 0.030312333 
781 228 13 15 0.030309336 
204 282 14 19 0.030293444 
402 366 26 34 0.030241586 
741 211 14 16 0.030199612 
214 80 9 12 0.030191993 
33 208 13 17 0.0300781 
92 274 12 15 0.030035034 
212 38 10 11 0.029974012 
178 419 30 37 0.029963432 
534 33 18 21 0.02995045 
749 83 12 15 0.029863032 
680 113 19 23 0.029829346 
746 221 13 15 0.029781843 
173 109 11 14 0.029762296 
107 332 14 18 0.029760983 
573 255 15 20 0.02951975 
96 421 12 15 0.029430212 
639 199 19 23 0.029407332 
70 120 12 15 0.02935095 
356 34 26 29 0.029231876 
76 340 10 13 0.029193271 
724 186 13 17 0.029178714 
261 170 12 15 0.029161954 
33 187 13 16 0.029077534 
21 37 12 13 0.029071301 
655 158 10 12 0.029055325 
78 355 14 20 0.028996851 
632 551 10 14 0.028977517 
639 250 13 16 0.028917085 
778 392 22 28 0.028875653 
25 19 17 22 0.028755566 
556 227 15 18 0.028704327 
613 127 10 12 0.028682452 
580 138 13 16 0.02866722 
88 85 10 13 0.028651938 
676 137 20 23 0.028638648 
652 172 12 15 0.028613921 
838 220 14 21 0.02856747 
216 19 11 14 0.028521089 
70 273 12 19 0.02848427 
548 163 16 19 0.028403537 
807 142 11 15 0.028374158 
86 310 14 16 0.028343877 
37 76 10 13 0.028337857 
676 308 15 19 0.028284416 
491 113 18 23 0.02827439 
88 291 10 12 0.028262902 
132 306 13 16 0.028255446 
72 398 13 17 0.028228233 
701 114 11 14 0.028179953 
669 187 14 16 0.028134415 
184 294 20 25 0.028111996 
786 85 13 15 0.028072407 
254 66 11 15 0.027951846 
128 61 9 11 0.027927306 
8 101 11 12 0.027911289 
124 278 10 14 0.027892534 
135 147 11 14 0.027837653 
97 118 10 12 0.02782191 
60 203 14 18 0.027743498 
562 405 16 20 0.027698355 
275 180 11 13 0.027673524 
168 227 12 15 0.027665814 
76 268 10 14 0.027618123 
778 108 14 16 0.027564349 
192 184 19 23 0.027479313 
550 212 14 17 0.027457254 
129 23 8 11 0.02740952 
484 201 15 21 0.02738925 
183 210 13 16 0.027353808 
74 157 14 18 0.027352806 
247 222 13 15 0.027284779 
229 29 10 13 0.027268216 
400 121 12 15 0.02723765 
240 90 13 15 0.027233457 
54 205 12 16 0.027216382 
205 147 12 15 0.027189933 
137 40 9 11 0.027156288 
631 84 12 15 0.02712133 
54 102 10 13 0.027099008 
582 164 14 17 0.02709457 
693 322 13 18 0.02705621 
189 194 14 17 0.027019918 
243 106 12 15 0.026941186 
16 42 11 13 0.026931347 
105 304 11 15 0.026890796 
757 109 10 12 0.026890198 
82 205 17 22 0.02682471 
595 264 15 19 0.02678515 
589 16 21 26 0.026776088 
100 414 11 16 0.02671858 
335 225 15 17 0.026717974 
47 274 12 16 0.026700897 
7 93 11 13 0.02665476 
713 182 15 17 0.02664727 
755 150 13 16 0.026644245 
693 273 13 16 0.026535412 
239 258 12 14 0.02651843 
206 6 11 13 0.026486278 
542 163 14 18 0.02638113 
4 171 15 18 0.026372625 
223 308 22 27 0.026345065 
779 237 14 18 0.026306272 
61 120 13 17 0.026256898 
69 178 13 17 0.02625601 
78 242 14 17 0.0262364 
252 74 12 16 0.026201095 
238 80 10 12 0.026180541 
174 39 9 11 0.026116677 
636 211 14 17 0.026104249 
559 396 13 19 0.02607824 
194 58 11 14 0.026063226 
57 363 14 18 0.026013095 
197 168 12 16 0.02599255 
158 123 11 13 0.025965327 
100 380 13 17 0.025964327 
45 140 10 13 0.025962317 
230 45 12 15 0.025949856 
389 114 12 16 0.025938733 
428 121 11 13 0.025926536 
238 53 10 13 0.025884764 
693 297 14 18 0.025880383 
528 130 12 15 0.025857473 
414 117 9 12 0.025816888 
448 52 12 15 0.025789494 
894 628 75 56 0.025789108 
420 179 11 15 0.0257667 
478 157 12 15 0.025765575 
818 92 13 16 0.025756048 
192 101 10 12 0.025734233 
566 206 13 15 0.025722843 
155 115 12 15 0.025721466 
110 59 13 14 0.025694402 
305 155 15 18 0.025677424 
726 76 9 13 0.025647793 
784 393 37 43 0.025618382 
680 164 10 13 0.025617566 
734 144 19 24 0.025611684 
631 382 14 18 0.025580892 
534 149 10 12 0.025492415 
208 39 9 11 0.025261158 
60 238 11 15 0.025224505 
554 256 16 19 0.0251734 
720 282 12 16 0.02517142 
197 212 14 16 0.02515534 
777 28 11 13 0.025138149 
101 73 18 22 0.025135305 
784 222 11 13 0.025099972 
234 284 16 19 0.025059622 
88 329 11 15 0.02505954 
668 543 11 14 0.025057407 
493 77 10 12 0.025046868 
639 176 13 16 0.024971727 
660 315 15 19 0.024919251 
200 49 10 13 0.024916245 
125 116 11 14 0.024883451 
413 166 12 16 0.02485855 
71 60 10 12 0.024858091 
799 281 12 14 0.024843078 
831 238 9 12 0.024826422 
706 235 13 16 0.024817752 
655 195 11 15 0.024705868 
38 169 12 16 0.024664115 
614 235 11 15 0.024593022 
735 107 19 23 0.024573155 
600 188 12 16 0.024554571 
202 53 10 12 0.024552763 
142 437 28 33 0.024552159 
181 46 12 14 0.024521282 
97 348 10 14 0.024515651 
636 406 21 28 0.02444758 
201 400 27 34 0.024444597 
493 109 13 16 0.024355898 
788 345 15 19 0.024316289 
615 160 10 12 0.02419133 
142 70 10 13 0.024141647 
111 338 12 17 0.024130322 
221 242 13 17 0.024087578 
63 333 13 17 0.02406495 
61 385 12 17 0.024035897 
677 181 14 17 0.024000987 
685 224 18 22 0.02395932 
253 246 10 11 0.02393967 
168 29 9 11 0.02390822 
758 323 11 15 0.023903823 
234 272 23 28 0.023852298 
273 222 9 12 0.023810051 
6 294 15 19 0.023805507 
191 19 90 125 0.023767328 
759 139 11 15 0.023746844 
298 208 14 17 0.023740683 
230 147 23 26 0.023723943 
624 57 23 26 0.023687411 
644 97 13 15 0.023679845 
124 235 12 18 0.023616781 
0 299 10 14 0.02360524 
175 141 10 13 0.023579668 
521 54 11 13 0.023579307 
41 90 17 21 0.023519766 
621 43 24 28 0.023499746 
0 443 7 12 0.023356285 
10 236 13 16 0.023352526 
204 256 18 23 0.023284364 
10 162 13 16 0.023282748 
510 171 17 21 0.023083996 
164 116 12 15 0.023076743 
574 167 12 16 0.0230504 
196 68 11 15 0.023040652 
216 243 12 17 0.022952544 
550 235 14 17 0.022952285 
80 12 10 13 0.02292392 
680 171 11 15 0.022904467 
30 273 23 29 0.022854965 
127 326 10 13 0.022853246 
46 262 20 27 0.0228377 
112 142 11 13 0.02282395 
545 132 10 13 0.022807429 
19 363 14 17 0.022748224 
514 55 102 119 0.022712946 
149 155 19 24 0.022707082 
360 449 23 29 0.022672048 
223 87 10 12 0.022662202 
838 241 12 16 0.02255857 
128 268 10 13 0.022523386 
21 332 11 16 0.02245519 
215 30 10 11 0.02242932 
226 274 14 16 0.022407763 
359 124 11 14 0.022403134 
21 379 13 18 0.022387072 
384 117 11 15 0.022300426 
0 181 13 19 0.022237912 
703 193 14 17 0.022224553 
529 63 16 19 0.02222261 
599 69 10 13 0.022221642 
174 302 10 13 0.022123441 
528 150 10 12 0.02212094 
54 636 12 13 0.022097373 
203 12 14 17 0.022070538 
133 63 10 12 0.022068176 
134 357 11 15 0.022053178 
389 557 12 17 0.022044022 
149 220 12 16 0.022042515 
144 340 12 14 0.02200878 
664 548 12 14 0.02199484 
129 28 8 11 0.021977538 
0 233 11 16 0.021965837 
57 117 10 14 0.021925127 
137 233 13 18 0.02187934 
784 148 10 12 0.021859087 
521 171 13 18 0.021851778 
611 188 13 17 0.0218348 
36 125 11 13 0.02181233 
756 85 11 14 0.021800907 
58 39 12 14 0.02179808 
278 221 12 13 0.021744668 
759 318 11 13 0.021733329 
136 447 27 31 0.021711342 
455 117 10 12 0.021681953 
594 164 14 17 0.021667318 
444 127 11 13 0.0216661 
115 122 12 15 0.021626974 
738 302 14 17 0.021602385 
17 61 12 14 0.021584155 
165 132 11 13 0.021551402 
45 377 12 19 0.021499151 
421 120 20 24 0.02149668 
733 218 13 17 0.021430898 
626 187 13 16 0.021404466 
180 220 13 16 0.021378808 
0 203 8 14 0.02135275 
210 211 12 17 0.021274041 
814 778 14 16 0.021250525 
116 260 11 15 0.021219399 
92 194 14 17 0.021216162 
231 209 13 18 0.021158403 
829 80 89 123 0.021155333 
829 785 31 30 0.021100782 
475 85 12 15 0.021099191 
676 265 13 16 0.021073526 
277 227 15 19 0.021054143 
53 82 11 13 0.021037601 
925 632 15 18 0.021029238 
162 320 21 25 0.021026405 
117 58 11 14 0.021021226 
175 44 9 12 0.02096811 
661 266 14 16 0.020889727 
204 181 12 15 0.020871973 
133 30 9 11 0.020827124 
573 120 9 12 0.020822128 
142 75 11 13 0.020816708 
1 15 9 13 0.020803189 
623 138 20 24 0.020779733 
81 98 11 15 0.020765932 
35 48 14 17 0.020703666 
262 83 11 14 0.020670392 
197 288 18 25 0.020651102 
52 10 13 15 0.020629644 
677 384 17 22 0.020623615 
748 204 14 16 0.02061856 
86 447 10 14 0.020615293 
592 50 12 15 0.020614924 
0 254 11 16 0.020603823 
60 155 13 16 0.020596547 
469 82 14 17 0.020588469 
142 122 11 14 0.020557953 
637 315 13 18 0.020548627 
662 135 11 13 0.020527305 
843 224 23 31 0.020517567 
393 159 23 25 0.020502578 
223 52 10 12 0.020474115 
578 253 16 19 0.02046354 
197 315 13 16 0.02040849 
575 42 12 15 0.020357061 
165 140 12 15 0.02033475 
414 175 13 18 0.020334385 
0 267 11 16 0.020330634 
126 261 11 15 0.020328442 
206 119 11 13 0.020316802 
385 139 13 17 0.02031545 
575 131 11 14 0.02030049 
679 287 20 26 0.020300169 
112 166 19 23 0.020285541 
55 236 11 15 0.020240445 
755 211 21 24 0.020233117 
616 405 20 25 0.020231923 
681 102 10 12 0.020230288 
488 76 10 12 0.020198813 
647 244 13 17 0.02018411 
149 105 18 22 0.020183405 
565 256 15 19 0.020180333 
278 126 13 17 0.020162484 
798 229 10 13 0.020142239 
273 171 13 17 0.020126153 
789 51 14 17 0.020099057 
766 78 11 12 0.020099048 
641 372 14 17 0.020058736 
102 223 12 15 0.020015161 
740 231 13 17 0.020005725 
