35_Basketball_basketballgame_ball_35_391
45
208 56 81 111 0.998623 
701 88 85 116 0.9984816 
537 78 83 109 0.9982101 
372 98 77 106 0.9952254 
900 593 45 52 0.2235693 
987 125 28 36 0.20159942 
477 342 54 60 0.13921812 
757 38 13 17 0.08222487 
479 66 17 21 0.076647915 
988 248 23 33 0.06642097 
873 163 17 20 0.06018451 
996 89 14 17 0.05648012 
514 60 13 17 0.05492677 
988 638 12 17 0.054390594 
870 605 44 54 0.047874767 
863 614 26 41 0.04659682 
23 209 34 40 0.045660056 
935 137 45 57 0.04409356 
129 157 38 48 0.044080533 
973 246 31 38 0.043127444 
0 394 12 22 0.039246738 
953 230 40 60 0.037699692 
557 366 69 83 0.037633654 
253 445 63 67 0.03711487 
1005 90 15 19 0.033187255 
938 158 27 38 0.03308125 
976 631 23 30 0.031090295 
148 48 17 22 0.030259987 
151 98 29 38 0.02968151 
60 241 16 21 0.028733023 
123 174 24 36 0.027093207 
294 100 11 16 0.0268667 
413 351 60 72 0.02618256 
281 527 147 212 0.025989307 
1001 133 18 25 0.025823737 
455 142 10 15 0.025638025 
985 174 17 23 0.02411744 
397 68 29 35 0.022827854 
956 129 17 22 0.021577863 
93 134 12 15 0.021567032 
1001 254 22 35 0.021267975 
17 377 15 19 0.02107739 
1011 96 13 18 0.021019086 
589 49 15 17 0.020788532 
941 175 17 21 0.020065863 
