35_Basketball_basketballgame_ball_35_565
1108
786 470 25 35 0.9898066 
881 354 21 28 0.9858065 
579 423 17 23 0.985069 
533 449 16 20 0.9767641 
540 326 13 15 0.9718736 
800 427 21 28 0.9718212 
898 290 18 23 0.9614596 
517 434 15 20 0.95803785 
797 331 17 25 0.95095986 
614 343 14 18 0.94171447 
867 432 21 28 0.9384788 
828 229 12 15 0.93499994 
702 386 21 28 0.9257526 
876 459 21 29 0.9073462 
868 216 14 19 0.89708674 
963 282 18 22 0.8899896 
802 259 13 17 0.87980497 
780 384 20 25 0.8563057 
223 449 13 20 0.8529199 
404 415 12 15 0.8442501 
705 484 26 31 0.8409231 
708 314 13 16 0.81952566 
590 474 20 27 0.81765765 
315 423 15 18 0.8070621 
733 308 14 19 0.7957908 
501 369 12 16 0.7653785 
443 415 12 16 0.7628877 
947 355 18 24 0.76103425 
915 255 12 15 0.75873685 
646 325 11 15 0.7548185 
172 454 16 19 0.748544 
660 308 12 16 0.7453818 
639 224 7 10 0.74477583 
567 310 11 15 0.7407016 
784 186 10 14 0.72178894 
687 308 12 15 0.71879977 
763 250 12 16 0.7094183 
137 451 13 18 0.6958991 
519 338 12 15 0.68600726 
437 341 10 13 0.6700787 
551 434 15 19 0.6579612 
256 458 16 20 0.6524686 
792 317 13 17 0.6524089 
928 394 17 21 0.63799 
956 245 13 16 0.6335064 
847 180 10 12 0.6182028 
400 341 10 13 0.61581683 
382 409 13 18 0.5999918 
549 280 9 11 0.5991594 
722 285 12 15 0.5988674 
939 234 13 17 0.59307134 
670 327 12 14 0.5851951 
470 380 13 16 0.56504345 
856 251 13 18 0.5526664 
854 194 13 16 0.5240909 
605 430 16 21 0.5132612 
275 460 15 20 0.5082914 
196 455 13 18 0.50793135 
817 277 14 17 0.49853033 
650 349 12 16 0.48581228 
978 266 13 16 0.46007633 
160 390 7 9 0.4541263 
547 367 12 15 0.44316363 
204 413 9 12 0.44072014 
491 398 13 17 0.4376258 
870 468 26 34 0.42422763 
660 290 13 16 0.40841654 
828 384 17 23 0.40133643 
636 304 9 12 0.39158568 
704 247 11 15 0.3853929 
382 390 13 17 0.37760407 
672 263 10 13 0.37621382 
688 491 27 39 0.36789423 
381 342 10 12 0.35854518 
133 435 10 13 0.35614374 
332 374 9 11 0.35400143 
676 496 29 40 0.33089384 
70 406 10 12 0.33016047 
457 310 9 12 0.3284028 
181 368 8 10 0.32720077 
868 486 16 21 0.32627702 
868 513 22 27 0.32616425 
501 422 13 16 0.324713 
443 367 12 15 0.32386252 
842 277 12 15 0.32293123 
785 233 12 16 0.31815836 
718 251 10 12 0.31751058 
633 270 9 12 0.3139672 
515 356 12 15 0.3107404 
614 300 10 13 0.30353177 
464 349 10 13 0.28918478 
116 424 10 12 0.28397754 
424 452 12 15 0.28231606 
419 337 10 13 0.26983172 
700 349 15 18 0.26822302 
378 343 9 12 0.26681384 
910 234 12 14 0.2613426 
99 452 12 15 0.26116553 
669 369 15 23 0.25980312 
817 210 11 16 0.258038 
293 398 10 13 0.25157896 
469 451 16 20 0.24333629 
117 391 9 12 0.24314913 
426 311 8 10 0.24310753 
386 393 13 17 0.24087697 
255 372 9 10 0.23810433 
347 583 15 16 0.23772915 
197 430 10 12 0.23745559 
425 404 12 15 0.23415807 
455 391 11 14 0.23071314 
753 293 9 13 0.22567162 
793 322 16 21 0.21839727 
388 449 14 18 0.21767299 
480 422 12 15 0.21550208 
799 290 13 16 0.21295445 
189 414 8 11 0.21140246 
486 366 12 14 0.21044903 
309 451 15 19 0.21014504 
670 299 12 15 0.20908703 
306 465 15 19 0.20645744 
756 300 10 14 0.20272243 
760 465 16 21 0.1987781 
494 325 10 14 0.19731453 
339 358 8 11 0.19542736 
550 343 11 14 0.19042684 
662 256 8 11 0.1817923 
879 173 9 11 0.18112579 
870 443 23 30 0.17797135 
663 231 10 11 0.17691731 
565 349 11 14 0.17512394 
470 294 8 10 0.17290547 
729 478 22 33 0.1704084 
979 147 11 13 0.16895351 
939 484 16 19 0.16787933 
529 294 9 10 0.16680537 
240 396 9 11 0.16636224 
778 266 13 15 0.16484283 
820 207 11 14 0.1645201 
14 389 8 11 0.16358553 
889 250 11 15 0.16208893 
680 349 12 14 0.16204847 
830 372 15 17 0.16062355 
844 314 15 19 0.15898165 
752 445 13 17 0.15801741 
264 457 19 24 0.15698868 
463 343 10 13 0.15648854 
1 416 8 12 0.15077755 
352 326 7 10 0.15016563 
469 356 9 11 0.15011607 
313 351 8 10 0.15002866 
774 443 15 18 0.14994976 
335 446 20 25 0.149821 
129 430 11 14 0.14955543 
532 252 9 11 0.14864631 
461 316 9 12 0.14856641 
87 404 10 11 0.14791507 
408 289 7 9 0.14727215 
719 485 25 34 0.14583194 
238 411 9 13 0.14402367 
566 340 10 13 0.14383617 
747 360 15 20 0.14345516 
750 287 10 12 0.14171582 
680 253 10 12 0.13953383 
200 407 11 14 0.13914196 
688 271 11 13 0.13712424 
198 381 8 10 0.1363892 
245 384 9 10 0.13634838 
850 435 15 20 0.13616024 
529 249 10 11 0.13524887 
708 249 12 15 0.13155507 
489 357 11 13 0.1314027 
669 230 9 11 0.1305305 
698 325 11 14 0.13022467 
184 388 8 10 0.12907134 
157 441 14 16 0.12837012 
619 397 14 17 0.1280419 
616 279 8 11 0.12626831 
198 376 8 10 0.12612249 
38 433 9 11 0.12404426 
494 411 14 17 0.12388143 
394 482 13 18 0.12338019 
703 208 8 10 0.12330991 
1009 195 9 13 0.12313805 
278 372 8 11 0.121971846 
447 287 8 10 0.121153966 
352 352 8 10 0.11953378 
916 162 12 15 0.11945324 
656 267 9 13 0.11906801 
70 436 10 11 0.11894148 
407 387 12 16 0.118628316 
216 429 11 13 0.11825167 
503 255 8 9 0.11817386 
391 308 8 11 0.11804616 
414 311 9 11 0.11574193 
657 237 10 12 0.11535106 
101 439 9 12 0.11517734 
182 374 8 9 0.11423379 
724 280 10 13 0.113989785 
425 315 11 14 0.11382817 
834 379 13 17 0.11293649 
83 491 13 18 0.11240923 
702 380 15 19 0.11197953 
112 395 9 11 0.11195073 
572 350 9 12 0.11154213 
685 230 10 12 0.11071627 
56 400 8 10 0.10856699 
237 472 15 22 0.108241595 
377 326 8 9 0.10740778 
612 308 11 15 0.10667723 
15 415 10 12 0.106113985 
960 249 15 17 0.10579352 
751 189 9 11 0.10576125 
976 197 11 13 0.105555214 
545 283 8 11 0.104902774 
992 199 10 12 0.104718134 
735 469 20 29 0.10465586 
501 301 11 14 0.10253901 
322 333 8 10 0.10217437 
76 404 10 12 0.101984896 
664 224 9 11 0.10193661 
494 366 13 16 0.10104534 
55 406 9 11 0.100620545 
661 278 11 14 0.100592665 
512 283 9 11 0.10028374 
65 407 8 11 0.10015417 
607 259 10 14 0.09937786 
1004 140 15 18 0.09901196 
495 255 8 11 0.098798946 
685 450 19 25 0.098553024 
596 388 13 16 0.09843525 
770 468 25 32 0.09818301 
523 335 11 14 0.09796305 
619 294 13 15 0.09778424 
886 262 11 15 0.09738351 
605 396 12 15 0.09726677 
993 203 12 15 0.09724135 
249 408 9 12 0.09706015 
318 366 8 10 0.096849084 
657 262 9 13 0.09675397 
617 230 9 11 0.09608016 
280 464 15 19 0.095402196 
335 365 11 13 0.09420155 
358 373 11 14 0.093950324 
632 307 10 14 0.093722545 
780 343 16 20 0.09361525 
931 283 15 20 0.09304409 
595 342 11 14 0.09293532 
469 286 8 11 0.092112586 
592 346 12 16 0.09170583 
61 422 9 11 0.09131003 
681 220 9 12 0.09114545 
215 380 8 11 0.09112907 
502 296 9 11 0.09104124 
998 291 13 18 0.089653 
612 316 11 14 0.0891508 
582 268 10 11 0.08909386 
926 245 10 13 0.089030854 
357 379 11 14 0.08802946 
574 334 9 13 0.087377965 
669 461 17 23 0.087120704 
389 489 14 21 0.08628477 
509 363 12 16 0.08580585 
685 217 8 10 0.08505929 
787 214 12 15 0.08468469 
56 412 9 11 0.08414674 
772 546 25 29 0.08404443 
694 349 14 17 0.08363168 
365 402 13 17 0.083143674 
947 238 13 16 0.0823522 
511 352 11 13 0.08227155 
662 370 15 21 0.08174877 
481 295 8 11 0.078931496 
192 429 9 13 0.07878267 
341 364 10 12 0.07869983 
775 533 25 30 0.07843919 
606 334 11 14 0.07833488 
361 333 9 10 0.07825208 
866 410 14 18 0.078230105 
917 231 10 13 0.078157336 
359 357 8 10 0.077319406 
906 427 17 21 0.07703227 
698 139 15 21 0.07636571 
279 368 8 11 0.076317415 
405 511 25 29 0.07630491 
440 460 12 15 0.07577412 
71 401 10 12 0.0754873 
311 367 9 11 0.075263776 
235 458 14 17 0.07472354 
953 206 10 12 0.074180454 
385 304 8 10 0.07409772 
176 388 8 10 0.073912285 
353 321 8 10 0.07368219 
385 404 14 19 0.073475555 
319 358 8 9 0.07346462 
110 446 9 12 0.07319501 
346 443 15 21 0.07280689 
432 285 7 10 0.0727434 
351 374 11 14 0.07237889 
565 294 9 11 0.07200272 
666 305 12 16 0.07100022 
295 367 8 10 0.070867114 
63 412 9 12 0.07079258 
777 448 17 21 0.070787124 
623 254 9 11 0.07045908 
782 218 13 16 0.07009282 
577 264 9 12 0.06988687 
948 155 11 13 0.06963016 
142 474 14 18 0.06939785 
438 469 12 17 0.06939525 
718 345 12 15 0.06937779 
448 350 10 13 0.06855466 
848 186 12 16 0.0684512 
335 570 12 18 0.06839364 
787 184 10 12 0.06831211 
297 335 7 8 0.067893334 
878 236 11 15 0.06779332 
287 343 7 10 0.06772536 
700 290 11 14 0.067717634 
995 282 13 19 0.06752638 
512 256 7 8 0.06746067 
244 388 10 13 0.06740403 
926 292 13 18 0.06737706 
191 389 8 11 0.067113996 
447 324 8 11 0.06693708 
525 423 12 15 0.06672666 
676 459 15 21 0.06607384 
227 453 15 19 0.06605866 
526 317 10 12 0.06562843 
692 315 12 15 0.065609515 
831 213 10 13 0.06548159 
243 467 13 18 0.065387286 
453 442 13 19 0.06509943 
391 279 8 9 0.06495829 
274 374 8 10 0.06467639 
312 374 10 12 0.064468294 
849 194 12 15 0.06395264 
495 280 9 11 0.06376991 
495 261 8 10 0.063646674 
868 419 15 19 0.06341045 
568 336 11 12 0.063177526 
674 267 12 14 0.06298443 
906 438 16 21 0.06295791 
925 334 16 19 0.062824726 
402 232 7 9 0.062325463 
334 326 8 9 0.061972503 
264 336 7 9 0.06155958 
337 304 7 9 0.061250452 
536 287 8 11 0.061203092 
433 303 8 9 0.06093469 
184 429 11 13 0.06076458 
233 408 9 12 0.060740016 
663 503 30 42 0.060456708 
185 421 10 12 0.060138207 
1014 275 11 16 0.059841104 
957 206 10 12 0.059614092 
477 467 14 19 0.05953444 
444 426 13 17 0.0593706 
142 390 8 10 0.05931001 
536 270 9 11 0.0587164 
455 294 7 9 0.057892855 
324 447 22 26 0.05752618 
522 428 15 19 0.057464086 
355 411 12 16 0.05742786 
422 372 12 14 0.057348162 
472 310 9 13 0.05701543 
391 340 9 11 0.0569271 
328 326 7 11 0.056805853 
816 432 16 19 0.056683037 
504 285 9 10 0.05663193 
216 590 27 32 0.056548886 
305 367 8 10 0.05608714 
699 488 19 26 0.055896096 
88 392 8 9 0.055830657 
716 296 14 17 0.055812437 
950 292 13 18 0.055625606 
417 294 8 10 0.055564187 
343 303 7 9 0.055497993 
622 309 11 13 0.055471726 
588 228 11 14 0.05529782 
369 303 8 9 0.055194438 
599 433 15 19 0.055188093 
453 350 11 13 0.054488484 
167 389 8 10 0.05405821 
802 285 13 16 0.0538957 
55 439 7 10 0.05379267 
441 247 7 9 0.053708047 
820 289 13 16 0.05361215 
28 399 10 11 0.05354802 
591 221 10 13 0.053524632 
599 219 10 14 0.05329848 
247 344 8 8 0.053285167 
541 347 12 15 0.053193357 
516 348 12 15 0.05307243 
561 293 8 11 0.05280765 
820 472 16 23 0.05279596 
477 278 8 10 0.052758805 
490 254 9 11 0.052675113 
815 237 9 12 0.052666336 
749 447 20 26 0.05250751 
151 407 9 11 0.052473266 
591 302 11 12 0.052177723 
297 381 9 11 0.052057233 
871 508 15 18 0.051918484 
684 355 12 16 0.05179535 
462 303 8 10 0.05165623 
313 455 16 20 0.0514589 
561 355 12 15 0.05138872 
216 406 8 11 0.051226497 
618 406 17 23 0.051099714 
792 292 12 16 0.0510436 
192 384 8 10 0.05101699 
826 394 18 23 0.050692927 
101 472 10 13 0.050513268 
67 508 9 13 0.05015523 
241 344 7 9 0.050125338 
252 411 10 12 0.049920525 
574 550 11 14 0.049883343 
378 491 22 28 0.04987905 
288 402 11 13 0.049854115 
641 401 16 22 0.04974752 
387 520 18 20 0.049730726 
606 324 11 14 0.049481463 
748 461 21 29 0.049220286 
136 390 9 10 0.04914779 
415 289 6 9 0.0491336 
731 493 23 32 0.04909747 
992 392 21 30 0.049097106 
497 235 8 11 0.049070578 
296 374 8 11 0.049035378 
406 216 9 11 0.04902852 
727 224 9 12 0.048786387 
7 420 9 11 0.048777755 
742 214 10 12 0.048771884 
794 311 15 18 0.048736714 
455 405 12 15 0.048733994 
152 436 14 17 0.0486656 
191 407 8 12 0.048626 
488 351 11 13 0.048224866 
397 470 12 18 0.04818716 
273 367 7 10 0.04818476 
429 372 12 15 0.048130196 
259 470 13 18 0.048041612 
712 278 9 12 0.047959913 
568 264 8 11 0.047678355 
710 300 13 15 0.047545433 
638 332 11 15 0.0474786 
451 410 14 17 0.047099747 
375 393 15 19 0.046712916 
796 217 13 16 0.046646137 
358 320 7 9 0.046644926 
754 329 15 17 0.046644136 
432 272 7 8 0.04662786 
431 279 8 11 0.046602238 
454 383 11 13 0.046367478 
700 493 30 41 0.046292096 
465 263 7 10 0.046134293 
525 312 10 12 0.046077125 
508 427 14 19 0.045962323 
275 443 13 16 0.045946054 
327 398 10 13 0.045846943 
760 473 20 29 0.04583763 
50 405 7 10 0.04576809 
742 473 20 31 0.045692325 
805 438 24 28 0.04561892 
881 262 11 15 0.04560956 
457 305 8 9 0.04557894 
358 405 12 16 0.0455103 
184 407 9 11 0.045331992 
296 358 9 10 0.045331802 
360 327 7 10 0.045248397 
265 359 7 10 0.04520133 
937 389 16 19 0.04513781 
775 392 17 21 0.045092877 
242 335 6 9 0.045081522 
641 324 11 15 0.045022827 
991 277 12 16 0.04493876 
249 351 9 9 0.044920698 
886 463 20 26 0.044905238 
476 612 33 37 0.044897858 
348 366 10 12 0.044890173 
988 442 20 22 0.044810005 
199 359 7 8 0.044614382 
402 215 8 11 0.04454389 
475 339 12 14 0.044542775 
361 366 10 14 0.044208772 
449 292 8 10 0.04419504 
638 387 13 15 0.044179432 
192 398 9 10 0.04412723 
600 262 9 13 0.044033036 
409 311 9 11 0.044028416 
580 334 11 13 0.04401448 
303 374 9 11 0.043994255 
868 489 25 30 0.04389355 
685 395 11 16 0.043861445 
922 504 18 23 0.04374553 
376 320 8 10 0.043647524 
750 280 10 13 0.04355332 
552 241 7 8 0.043546826 
496 270 8 9 0.043503806 
823 222 13 16 0.043492895 
1005 306 13 16 0.04345843 
686 344 11 14 0.04340918 
671 245 9 11 0.04323292 
788 450 12 17 0.04321148 
135 384 8 9 0.04317499 
451 434 14 18 0.04303831 
914 402 15 20 0.04290865 
750 218 10 14 0.042895857 
384 357 9 12 0.04288828 
858 269 12 15 0.042855732 
990 331 12 16 0.042832192 
303 335 7 9 0.04276319 
381 383 12 15 0.042648543 
491 524 14 19 0.042590905 
1012 192 10 13 0.04255748 
177 374 8 9 0.042491935 
345 327 8 9 0.042401813 
470 341 10 13 0.041945044 
111 384 8 9 0.04194162 
680 228 10 13 0.041838467 
118 492 12 15 0.041809186 
199 434 10 13 0.041749094 
344 334 7 9 0.041719347 
232 345 7 9 0.041679002 
646 509 10 14 0.041558273 
884 237 11 14 0.041405153 
317 351 8 10 0.041133646 
39 416 9 11 0.041109234 
380 348 10 12 0.04094059 
214 344 6 9 0.04093867 
479 373 11 14 0.040861804 
193 352 6 9 0.040695056 
374 309 8 10 0.040538605 
423 239 8 9 0.04051191 
273 319 6 8 0.04046945 
692 488 17 25 0.040412713 
611 416 16 23 0.040354963 
167 367 7 9 0.0402965 
491 503 12 16 0.0402763 
725 299 13 17 0.04015455 
190 422 9 12 0.04014621 
248 357 9 10 0.04009203 
796 393 15 20 0.039901093 
661 269 12 14 0.039884426 
247 428 13 15 0.039868552 
1002 401 17 23 0.03982081 
624 261 8 12 0.039809894 
190 435 10 13 0.03970373 
535 302 9 11 0.03963721 
669 237 9 12 0.03953541 
828 355 13 17 0.039495777 
119 384 9 11 0.039463736 
1006 221 10 13 0.03944412 
613 322 12 14 0.039433923 
558 362 12 16 0.03931411 
127 383 8 9 0.039217982 
256 556 26 33 0.03914806 
464 373 12 13 0.039079614 
526 529 54 59 0.039038382 
437 303 8 9 0.038985863 
460 389 12 14 0.038835447 
1001 362 12 17 0.038818303 
374 304 7 10 0.038798034 
905 483 15 21 0.03878503 
551 507 13 15 0.03856355 
698 207 8 11 0.038526345 
424 322 10 13 0.038453586 
934 487 16 22 0.038435224 
34 436 10 13 0.0383089 
29 405 9 10 0.03830722 
336 352 8 11 0.03829021 
462 444 13 18 0.038273785 
808 332 15 20 0.038183317 
745 284 11 13 0.038173668 
311 311 7 9 0.038166404 
163 442 14 17 0.0380682 
611 336 13 17 0.03801599 
209 351 6 9 0.038011353 
517 284 8 11 0.03795079 
210 344 7 10 0.037911996 
700 331 11 13 0.037829243 
788 519 17 23 0.037808627 
992 377 17 21 0.03767628 
735 229 10 14 0.037675478 
62 400 9 10 0.03761393 
65 438 9 12 0.0375883 
481 367 11 12 0.037571304 
302 381 8 11 0.037562802 
623 278 8 12 0.037500385 
750 348 15 18 0.03736783 
762 539 25 29 0.03731472 
424 246 9 11 0.03712236 
814 271 13 15 0.037069596 
472 280 9 10 0.037048195 
257 336 7 8 0.036904678 
292 441 13 16 0.03686074 
630 294 10 14 0.03685805 
423 418 13 15 0.03685611 
668 274 12 14 0.036784254 
333 379 10 12 0.036714703 
689 445 17 19 0.03666477 
513 260 8 10 0.036629807 
446 269 8 9 0.036588825 
775 454 23 27 0.036493756 
535 263 8 10 0.03638123 
595 403 16 19 0.036348045 
808 471 22 28 0.03632253 
446 264 7 10 0.036304906 
497 403 14 17 0.03615574 
980 203 12 14 0.036148246 
353 280 7 9 0.03612971 
205 436 10 12 0.0361049 
953 355 22 29 0.036093768 
326 332 7 10 0.03604732 
744 218 10 14 0.035960816 
705 310 13 16 0.035815515 
533 385 13 15 0.035770934 
572 216 9 11 0.035703544 
199 422 11 13 0.035550088 
254 344 7 8 0.03548666 
384 337 9 11 0.03545351 
382 325 8 10 0.03541583 
612 260 10 13 0.03539143 
402 475 14 18 0.035354715 
409 272 7 9 0.035275504 
518 255 8 9 0.035189014 
281 358 8 10 0.035145316 
908 418 16 20 0.034978397 
995 210 13 15 0.034820978 
215 352 7 8 0.03477394 
296 327 9 11 0.034745596 
927 275 13 17 0.03467357 
366 328 8 10 0.03456228 
137 493 11 15 0.034518663 
738 213 9 12 0.034464784 
655 371 14 18 0.034455 
532 541 33 32 0.034440614 
423 303 8 10 0.034339786 
696 135 12 15 0.034277286 
543 247 9 11 0.03416964 
432 348 11 13 0.034094926 
910 246 12 15 0.03409365 
576 244 9 11 0.03409248 
401 288 7 10 0.034086864 
20 413 10 12 0.034066815 
296 320 7 9 0.03400668 
663 245 9 11 0.033834916 
231 349 7 9 0.033806227 
281 352 7 9 0.033768985 
376 335 9 11 0.033716723 
966 151 11 13 0.033689003 
137 476 11 16 0.033612918 
637 263 9 12 0.033557333 
238 478 21 30 0.03354656 
160 359 7 9 0.033535257 
797 559 26 34 0.03350382 
947 407 15 19 0.033499368 
631 264 9 12 0.033476617 
441 240 7 9 0.03343184 
440 269 8 10 0.033419408 
465 280 7 10 0.03336073 
757 276 10 14 0.033345245 
442 317 9 12 0.033335567 
316 381 9 10 0.03331115 
949 322 15 20 0.03324587 
225 352 7 9 0.033226192 
501 231 9 11 0.03321504 
713 477 18 24 0.033203036 
399 386 12 18 0.033166878 
488 248 8 9 0.033078466 
369 309 8 10 0.033076067 
647 513 12 17 0.032964572 
724 247 11 13 0.032853045 
401 293 8 10 0.03284933 
386 309 8 10 0.032835327 
600 333 11 13 0.03278139 
471 300 9 11 0.032739446 
1012 280 13 20 0.03269526 
428 429 11 15 0.03268941 
754 339 14 18 0.032594178 
209 381 8 11 0.03243705 
614 255 9 12 0.032436132 
551 273 9 10 0.032400664 
714 309 13 16 0.032327503 
418 302 8 10 0.03225722 
351 406 12 16 0.032212373 
151 398 8 9 0.03221122 
413 371 13 16 0.032194354 
254 358 8 10 0.032172672 
244 398 9 10 0.032171614 
327 457 22 27 0.032161944 
199 367 7 10 0.032132994 
439 296 7 9 0.03206122 
463 323 9 12 0.031993955 
970 273 16 21 0.03198123 
193 358 7 9 0.031939022 
902 448 16 20 0.031933434 
1001 299 14 19 0.03190847 
360 342 9 10 0.031900946 
25 406 9 11 0.031895623 
441 287 7 9 0.031827338 
93 398 8 11 0.03182409 
829 206 10 13 0.031703923 
801 325 18 25 0.03164411 
903 206 9 13 0.03158147 
147 470 15 20 0.031574156 
639 317 10 14 0.031526346 
564 363 11 15 0.031385154 
205 419 10 12 0.031372994 
479 299 9 12 0.031291038 
312 344 7 9 0.03127337 
681 306 12 16 0.031211134 
593 394 12 17 0.03114966 
179 464 15 19 0.03113806 
477 347 11 14 0.031022497 
198 389 9 10 0.03102036 
957 466 14 17 0.03101988 
384 278 8 11 0.030934023 
478 224 8 10 0.03092776 
909 214 9 12 0.03087204 
366 357 9 10 0.030869335 
38 375 11 11 0.030832686 
778 183 9 12 0.030829297 
385 556 27 29 0.030814802 
803 387 12 16 0.030809276 
904 212 10 13 0.030807368 
424 271 7 9 0.030731745 
931 460 12 16 0.030726628 
965 501 10 13 0.03064309 
873 213 14 17 0.030618811 
321 294 7 9 0.030614909 
474 384 13 17 0.03056242 
135 411 10 12 0.030555317 
139 501 14 17 0.03053111 
220 421 11 13 0.030492144 
412 380 14 16 0.030488195 
685 491 13 19 0.030433688 
142 384 9 11 0.03042805 
572 504 11 13 0.030331613 
823 370 15 18 0.030329017 
966 205 10 13 0.030207884 
48 415 7 11 0.030170606 
441 264 7 10 0.030100241 
328 304 7 9 0.030055141 
411 476 14 16 0.030045994 
1000 219 10 13 0.03004183 
383 321 8 10 0.030019652 
430 231 9 10 0.029961066 
47 422 8 10 0.029910108 
366 296 7 10 0.029905487 
811 287 15 19 0.02989481 
217 358 8 9 0.02985066 
543 355 11 14 0.029754985 
296 303 6 8 0.029751888 
329 310 7 9 0.029731277 
1013 340 10 15 0.029629678 
488 231 9 10 0.0296222 
652 361 15 20 0.029560227 
345 -46 229 219 0.029516788 
526 323 11 14 0.029448899 
657 300 12 17 0.029427163 
665 217 8 10 0.029299032 
781 524 23 29 0.02929051 
458 394 12 15 0.029239327 
954 348 16 24 0.029212182 
571 302 11 14 0.029202063 
174 429 10 12 0.029181723 
102 408 9 10 0.029169947 
834 234 12 15 0.02914271 
634 463 17 22 0.029133696 
449 417 16 20 0.029049683 
600 325 12 14 0.0288635 
483 475 13 17 0.028607436 
398 304 8 9 0.028600141 
522 309 9 12 0.028521258 
610 435 17 23 0.02840598 
208 368 7 9 0.028404472 
364 371 11 13 0.028340785 
299 397 11 13 0.028194107 
712 238 9 12 0.028154919 
670 224 9 11 0.028072009 
169 384 9 10 0.027995938 
494 525 25 31 0.027992124 
104 397 8 11 0.027970325 
988 268 12 17 0.02791199 
998 254 12 15 0.027879113 
153 391 8 10 0.027865356 
298 496 22 30 0.027859414 
422 295 7 10 0.02783424 
607 247 9 9 0.0278107 
589 285 9 12 0.027751414 
669 357 12 18 0.027733069 
428 324 10 12 0.027716318 
184 361 7 9 0.02771366 
592 263 8 12 0.027699454 
351 263 7 9 0.027671866 
245 459 13 18 0.027648417 
760 450 22 27 0.027621083 
693 230 9 12 0.027554901 
802 316 14 16 0.02752284 
271 381 7 10 0.027498439 
999 267 11 14 0.027479496 
504 279 8 11 0.027475445 
665 325 11 13 0.027468031 
573 472 25 30 0.027463954 
194 375 8 10 0.027433788 
442 252 7 10 0.027376888 
600 245 8 10 0.027331097 
248 368 8 10 0.027272783 
54 429 9 12 0.027263839 
635 217 18 24 0.027235273 
536 279 9 10 0.027215514 
449 310 9 11 0.027083341 
443 475 12 16 0.027072694 
438 310 8 11 0.027037704 
790 298 13 17 0.0269708 
603 402 14 18 0.026942449 
710 342 12 15 0.026851913 
449 394 11 15 0.02683793 
545 274 18 22 0.026721533 
980 270 14 19 0.026718793 
143 374 8 9 0.026711194 
631 247 9 11 0.02657683 
341 499 23 30 0.026500888 
427 457 13 15 0.026486203 
405 348 10 12 0.026461352 
605 221 8 12 0.026436355 
183 435 12 14 0.026429847 
168 420 10 12 0.026414676 
477 246 8 10 0.026392858 
947 473 16 20 0.026389172 
566 371 11 16 0.026380375 
835 213 13 16 0.026371142 
472 335 10 13 0.026355978 
433 337 18 22 0.026339946 
926 140 100 129 0.026270526 
910 409 15 20 0.026214108 
988 158 10 12 0.02613152 
827 282 11 15 0.026120784 
629 466 16 22 0.026119353 
972 316 12 16 0.026060285 
829 300 12 17 0.025998428 
679 314 12 14 0.025997082 
813 382 23 28 0.025990456 
498 307 9 12 0.025977002 
526 300 10 13 0.02595574 
894 276 13 16 0.025903411 
711 215 8 10 0.025874697 
668 453 15 20 0.025804551 
639 506 23 30 0.025798535 
371 427 15 18 0.025793932 
179 444 15 18 0.025784997 
223 413 10 13 0.02575155 
1000 261 11 14 0.025733981 
69 442 11 15 0.025661381 
697 287 10 13 0.025656994 
48 430 9 12 0.025614165 
380 507 24 27 0.025589488 
63 382 9 11 0.025560547 
767 284 12 15 0.025486896 
931 495 15 22 0.025485441 
295 296 7 9 0.025484884 
599 239 8 11 0.025477031 
905 236 11 14 0.025453862 
207 390 8 10 0.025442 
795 409 15 18 0.025345935 
730 441 17 20 0.025328945 
549 333 10 13 0.025250101 
189 444 12 16 0.02522981 
416 272 7 9 0.02522931 
917 150 10 12 0.025213284 
198 399 9 11 0.025185753 
632 331 12 16 0.025151515 
556 277 9 12 0.025131147 
848 259 11 13 0.025118683 
511 394 11 15 0.025100477 
374 400 17 23 0.025072763 
558 342 10 14 0.024990484 
461 456 15 18 0.024927173 
983 332 12 17 0.024842678 
240 359 8 10 0.024840932 
208 375 8 11 0.024834862 
636 274 10 13 0.02480605 
161 367 7 9 0.024796283 
287 367 8 10 0.024789024 
241 367 7 9 0.024781825 
935 189 103 127 0.024765098 
233 529 27 29 0.02475331 
214 433 12 15 0.024628745 
815 230 10 14 0.024608554 
831 259 11 14 0.024605224 
628 505 24 35 0.024594689 
445 452 12 16 0.024575295 
135 397 9 11 0.02446984 
604 421 15 20 0.024469271 
363 296 6 8 0.0243551 
427 398 12 14 0.024352824 
263 365 8 11 0.024339609 
425 251 8 12 0.024333373 
289 304 7 8 0.024311826 
336 343 8 9 0.024259837 
580 324 12 15 0.024241162 
1011 308 12 16 0.024225341 
249 329 6 8 0.024216779 
802 295 15 18 0.02419133 
623 400 18 26 0.024171159 
367 491 24 31 0.024159653 
639 508 13 18 0.024148019 
343 295 7 9 0.024087835 
944 337 22 32 0.02407063 
781 461 23 31 0.02405801 
473 223 9 11 0.024050621 
105 391 8 10 0.024042005 
223 375 8 10 0.024006968 
151 430 13 16 0.023997147 
934 241 13 15 0.023992348 
86 411 11 12 0.023969214 
662 291 19 22 0.02393758 
493 392 13 15 0.02385373 
861 518 18 22 0.023795053 
740 230 11 14 0.02376989 
537 329 11 15 0.023744754 
765 441 21 26 0.023736479 
495 321 9 11 0.02370784 
311 441 21 26 0.023602499 
755 285 12 16 0.02359299 
712 294 11 14 0.023551228 
625 248 8 11 0.023548689 
693 390 17 23 0.023488553 
157 448 14 18 0.02345919 
691 343 13 16 0.023455124 
559 271 8 10 0.023442639 
265 382 9 11 0.0234212 
526 381 12 15 0.023416646 
558 380 11 14 0.023409735 
56 444 8 10 0.02336725 
405 358 10 12 0.02335933 
584 285 9 12 0.023339855 
279 383 8 9 0.023328844 
558 301 9 13 0.023263553 
850 320 14 18 0.023254886 
448 305 8 9 0.023238394 
740 207 10 12 0.02323657 
713 501 18 23 0.023234013 
479 482 13 17 0.023233894 
433 337 9 10 0.023229014 
520 303 9 11 0.023178346 
265 342 7 9 0.023146575 
357 587 12 15 0.023095544 
286 351 8 9 0.0230347 
855 274 11 15 0.022994606 
246 336 7 8 0.022951243 
199 406 18 23 0.022946684 
21 431 10 11 0.022940697 
421 432 14 19 0.02293981 
427 354 13 16 0.022883229 
724 339 13 16 0.02284329 
802 401 15 19 0.02277834 
675 361 15 21 0.022753928 
573 365 11 14 0.022746358 
543 271 8 10 0.02273282 
348 493 24 29 0.022722296 
411 392 13 15 0.022712093 
1008 189 18 27 0.022707988 
478 254 7 10 0.02270546 
540 311 11 12 0.022700269 
446 334 9 12 0.022636585 
894 202 12 14 0.022618191 
302 445 15 18 0.022574907 
654 313 13 16 0.022565125 
490 541 26 32 0.022519078 
503 249 8 10 0.022477033 
173 415 9 11 0.022461921 
74 325 207 230 0.02240019 
668 489 26 35 0.02239806 
989 383 16 23 0.02238715 
724 475 15 23 0.022383092 
513 333 12 15 0.022378976 
142 406 10 12 0.022341257 
621 222 8 10 0.022329096 
777 219 11 15 0.022308202 
1013 417 11 16 0.022279069 
891 257 14 18 0.022264097 
937 197 11 14 0.022214057 
186 511 19 22 0.022180997 
837 196 13 15 0.022164285 
476 506 15 18 0.022136496 
714 321 13 16 0.02212776 
943 329 13 21 0.0221138 
601 390 20 25 0.02209923 
77 423 9 11 0.022064878 
55 414 21 27 0.02198579 
631 496 41 55 0.021982212 
785 321 12 16 0.021898318 
71 423 10 12 0.021825278 
477 532 10 13 0.021796793 
536 309 10 12 0.02179116 
592 208 7 9 0.021778136 
824 197 10 13 0.021756213 
396 336 18 23 0.021742882 
845 203 11 14 0.021738553 
151 350 8 10 0.02172053 
312 317 7 10 0.021712434 
918 511 17 20 0.021684347 
168 396 8 10 0.021678641 
430 470 14 17 0.021618394 
993 193 9 11 0.021615544 
879 393 13 17 0.021602016 
496 396 14 17 0.021594197 
367 287 7 9 0.021594191 
677 418 15 19 0.021589773 
782 293 11 15 0.021562042 
936 401 21 26 0.021555169 
583 236 10 12 0.021554615 
968 260 12 15 0.021549782 
822 379 17 22 0.02151983 
632 239 9 11 0.02151195 
796 383 21 26 0.021509457 
463 363 11 14 0.021492688 
316 426 23 26 0.02144003 
757 226 13 16 0.021428969 
446 240 8 9 0.02139356 
838 320 15 18 0.021370938 
129 432 19 24 0.021357965 
408 372 11 13 0.021337533 
665 285 13 16 0.021293122 
816 244 11 14 0.021288184 
541 380 12 16 0.021273319 
781 183 17 22 0.02120236 
657 249 19 25 0.021192566 
924 258 12 16 0.021183688 
225 367 7 10 0.021164943 
328 368 10 12 0.02116292 
502 272 8 10 0.021148678 
846 218 12 14 0.021118568 
310 430 15 20 0.021072173 
63 444 9 12 0.021053169 
364 432 16 22 0.021004586 
974 192 11 13 0.020981953 
163 540 15 18 0.020966422 
593 217 8 11 0.020961002 
821 245 11 14 0.020929467 
287 319 7 9 0.020919513 
188 463 15 21 0.020906825 
356 534 14 16 0.020859133 
918 292 12 17 0.020857982 
159 394 8 11 0.020851683 
113 376 7 8 0.020828808 
713 270 10 12 0.02081127 
829 218 19 23 0.02079138 
304 304 6 8 0.02076978 
621 473 14 19 0.020763973 
536 319 12 14 0.020762622 
559 246 8 10 0.02074941 
553 302 10 12 0.020742876 
609 295 10 13 0.020741666 
391 348 10 12 0.02074099 
879 434 17 22 0.02073709 
675 295 11 15 0.020699974 
621 236 10 12 0.020699779 
277 396 11 13 0.020697074 
678 142 9 12 0.02069231 
301 358 8 10 0.020686174 
974 192 20 23 0.020662602 
341 411 13 15 0.02065111 
703 300 12 15 0.020638572 
261 414 9 10 0.020633064 
343 288 8 9 0.02063134 
230 375 7 10 0.020609323 
328 287 6 9 0.020590447 
281 311 7 9 0.02058648 
204 484 16 19 0.02058536 
792 336 14 20 0.020583047 
289 336 7 9 0.020557709 
459 410 12 15 0.020551002 
278 390 9 12 0.020549161 
537 524 37 39 0.020530105 
250 465 22 28 0.020508068 
919 223 10 14 0.020482834 
153 474 16 19 0.020477682 
119 407 9 10 0.020454384 
406 232 7 9 0.020441692 
168 428 11 13 0.02043411 
728 313 13 16 0.020429717 
326 434 24 29 0.020402692 
335 321 8 8 0.020367412 
561 308 10 15 0.02032525 
375 354 9 12 0.020314587 
241 375 8 10 0.020311894 
143 368 7 9 0.020300407 
441 324 10 11 0.020279763 
821 298 14 18 0.020257274 
518 261 9 12 0.020238714 
227 477 19 29 0.020229772 
271 351 7 9 0.02022518 
423 304 19 24 0.020220717 
613 492 40 54 0.020220598 
576 255 9 10 0.020184834 
637 295 10 14 0.02017531 
486 482 13 17 0.020172644 
411 420 11 14 0.020171765 
111 419 19 22 0.02011929 
288 382 8 11 0.02010814 
799 422 15 19 0.020065308 
838 204 12 14 0.02006508 
617 235 9 12 0.020058371 
813 300 14 18 0.020048307 
931 472 21 26 0.020036766 
