35_Basketball_Basketball_35_304
18
768 266 30 39 0.9867395 
701 251 28 37 0.98173565 
865 347 56 58 0.11336124 
712 261 17 24 0.05977182 
282 109 451 442 0.04934242 
855 422 49 58 0.049128316 
758 296 15 21 0.04427449 
700 256 43 54 0.043136045 
715 265 26 35 0.032421768 
789 213 10 13 0.029847765 
763 341 45 49 0.029260421 
770 312 19 22 0.02878852 
721 266 14 21 0.02702171 
-18 100 468 462 0.02661559 
693 258 14 22 0.026436575 
142 2 424 441 0.0239423 
846 423 36 42 0.022023574 
741 296 28 31 0.020816397 
