35_Basketball_basketballgame_ball_35_287
1243
303 412 9 11 0.88775206 
949 422 12 16 0.8155577 
793 357 10 12 0.8108395 
374 390 7 11 0.75914633 
272 424 11 15 0.71833426 
768 388 13 16 0.71816725 
396 359 8 12 0.70666593 
296 427 11 14 0.6559262 
836 360 13 17 0.6321678 
257 438 9 11 0.6114715 
422 357 12 18 0.5705302 
843 393 17 21 0.55670863 
647 448 12 15 0.54099137 
870 362 9 13 0.53192556 
677 369 11 14 0.50545925 
649 311 8 10 0.49839973 
775 359 9 11 0.4890406 
609 409 11 15 0.48279202 
929 367 11 14 0.4802202 
662 413 7 10 0.44491714 
701 401 10 12 0.43968692 
811 418 12 16 0.43510807 
830 303 8 11 0.43344668 
896 382 9 12 0.4080443 
911 362 11 15 0.40778485 
952 379 10 13 0.4070297 
54 364 11 14 0.39684066 
217 447 9 12 0.38429415 
795 423 12 15 0.381744 
694 322 10 12 0.37892944 
921 350 9 11 0.36673626 
695 415 9 10 0.3637694 
732 436 12 15 0.35566047 
628 453 12 15 0.35366514 
825 309 11 13 0.35035548 
574 311 8 11 0.3406074 
635 407 10 12 0.33963448 
702 342 9 12 0.32239375 
244 403 9 11 0.3205397 
1002 365 8 11 0.31761038 
792 351 10 13 0.31691867 
976 398 9 11 0.30712143 
809 304 7 9 0.2892042 
744 327 10 12 0.28262937 
939 312 7 9 0.28205177 
952 396 9 10 0.2778075 
1005 380 9 11 0.26654315 
744 372 11 13 0.2663874 
891 445 11 16 0.26227477 
26 331 10 13 0.2569809 
685 442 10 14 0.25149935 
972 452 9 12 0.24501388 
749 308 10 11 0.24306503 
979 399 10 12 0.2420727 
724 413 10 15 0.23675609 
673 405 9 11 0.22911388 
986 327 9 11 0.22895214 
728 310 11 15 0.22739583 
980 382 9 11 0.22604272 
312 438 9 12 0.2235551 
1000 424 10 12 0.21874377 
761 366 8 11 0.21616419 
584 322 10 12 0.21381523 
673 400 8 10 0.21354121 
944 350 9 12 0.21250574 
608 297 7 9 0.21159674 
428 362 11 16 0.20726821 
186 445 9 11 0.20485571 
994 406 10 13 0.20214802 
872 310 9 12 0.19948082 
766 373 9 11 0.1948122 
540 289 21 29 0.19427857 
832 363 12 14 0.19346248 
829 316 10 12 0.19202808 
255 432 9 11 0.19071011 
631 428 12 14 0.18900464 
790 303 8 10 0.18877792 
931 399 11 14 0.18812518 
685 336 8 11 0.1873505 
966 374 9 11 0.18625139 
891 215 8 10 0.18484937 
713 320 9 11 0.18361272 
377 384 9 12 0.1835651 
1013 430 8 12 0.1820832 
585 380 12 14 0.18175648 
808 309 8 11 0.17898306 
796 375 11 14 0.17728327 
661 375 8 11 0.17725343 
757 255 8 10 0.17659448 
965 365 10 13 0.17478245 
615 315 8 12 0.17025572 
648 315 11 13 0.16781582 
895 320 9 11 0.16358839 
822 366 9 11 0.16292563 
885 239 8 9 0.16204615 
367 343 8 9 0.16043848 
711 384 9 10 0.15944034 
965 359 10 11 0.15868318 
815 373 12 14 0.1576002 
417 362 13 15 0.1570953 
359 390 7 9 0.1552217 
937 316 9 11 0.15342063 
626 470 11 15 0.1529559 
207 463 9 11 0.15239097 
895 341 8 10 0.15145794 
446 357 10 14 0.15086216 
714 358 8 10 0.15072055 
285 412 10 12 0.1504223 
758 231 8 10 0.14955387 
1010 153 12 20 0.14729856 
749 327 10 12 0.14617847 
885 197 9 11 0.14614287 
895 375 10 13 0.14526977 
877 311 8 10 0.14403115 
383 374 8 10 0.1438552 
936 335 9 10 0.1436 
920 311 6 9 0.1424633 
886 324 9 12 0.14115047 
766 326 10 12 0.1389381 
806 198 7 10 0.13865753 
719 384 10 12 0.13556366 
421 379 11 15 0.13472174 
807 316 8 11 0.13347064 
199 399 9 12 0.13161804 
689 318 10 13 0.13159755 
702 220 8 10 0.1314086 
802 335 9 12 0.13016829 
775 245 8 10 0.12634444 
869 343 10 12 0.12603776 
726 342 8 9 0.12567799 
209 445 8 10 0.12561923 
311 336 8 10 0.12480924 
439 364 11 14 0.124191426 
853 341 11 13 0.1237097 
782 230 7 10 0.12336364 
768 304 8 10 0.122085765 
1013 436 9 13 0.12202157 
783 326 13 14 0.12166024 
988 331 9 11 0.12157144 
678 411 9 11 0.121135704 
801 340 9 12 0.1206187 
648 306 8 10 0.12033298 
432 396 9 10 0.1203061 
974 303 8 10 0.118828766 
841 167 9 10 0.11855616 
991 410 11 14 0.11849791 
569 315 11 14 0.118343085 
759 327 9 11 0.1178217 
870 348 9 12 0.11746695 
640 292 8 10 0.11694743 
644 475 16 19 0.115672514 
18 418 13 17 0.115611196 
724 404 10 14 0.11501425 
725 236 8 11 0.11487038 
983 374 9 12 0.11486324 
741 245 8 12 0.11444307 
784 396 11 14 0.114337236 
669 165 9 11 0.11350559 
718 350 8 10 0.113379754 
686 388 9 11 0.11274369 
970 296 6 8 0.11267903 
785 295 8 10 0.111683846 
889 357 9 12 0.1108426 
937 296 7 9 0.11075657 
60 383 12 15 0.110512085 
703 348 8 10 0.11021201 
774 351 10 11 0.11018034 
965 329 8 9 0.10933672 
610 335 7 10 0.109320596 
1007 415 9 11 0.109289736 
893 358 9 11 0.10914976 
764 483 10 12 0.108476005 
975 310 8 10 0.10766238 
705 199 8 9 0.10521229 
864 310 8 10 0.1046115 
856 304 7 9 0.104512505 
894 311 8 9 0.1043921 
381 382 8 11 0.10437805 
814 385 13 18 0.10396847 
898 183 8 11 0.10298531 
933 232 9 11 0.102907866 
493 347 13 16 0.10239018 
847 184 8 9 0.102041945 
29 310 9 11 0.10127147 
497 338 15 18 0.10082144 
895 336 9 11 0.1003674 
352 390 8 10 0.099371076 
997 476 9 12 0.09922232 
277 493 10 13 0.09870361 
885 193 8 9 0.09834989 
993 459 10 13 0.097438574 
743 359 9 11 0.097351804 
591 387 11 15 0.09687568 
341 398 9 11 0.096206255 
440 358 12 15 0.095748894 
725 400 8 11 0.0956296 
328 363 10 12 0.09534078 
353 374 9 11 0.09516482 
681 440 10 13 0.095064074 
881 198 8 11 0.09479076 
785 302 10 11 0.0934382 
944 355 10 13 0.093308665 
895 208 8 9 0.09304655 
943 295 6 8 0.091584586 
519 292 13 17 0.09119782 
954 425 13 15 0.09090539 
640 215 8 9 0.090725705 
882 420 12 15 0.09069906 
535 216 7 9 0.09034598 
687 253 6 9 0.09016334 
912 310 8 10 0.09013236 
969 309 9 11 0.08997597 
367 365 8 10 0.08908712 
586 240 7 10 0.08890193 
819 369 13 16 0.08864686 
937 342 9 12 0.08847454 
993 399 10 13 0.08835041 
621 237 7 10 0.088009916 
984 342 10 12 0.08788576 
890 221 9 11 0.087365344 
919 334 9 11 0.0872155 
655 407 9 11 0.08684202 
745 208 10 11 0.08627505 
750 437 12 14 0.08623183 
335 415 9 10 0.08599615 
312 455 10 12 0.08578642 
646 289 8 10 0.08576172 
630 302 7 10 0.08506842 
21 350 10 12 0.0847375 
687 249 7 9 0.084587626 
775 208 8 9 0.08280278 
1015 390 8 11 0.08262142 
861 206 8 11 0.08257622 
673 446 10 13 0.082228705 
886 168 8 10 0.0819443 
72 326 9 12 0.08145251 
880 256 7 9 0.08114224 
769 240 7 10 0.08104683 
775 343 9 12 0.080805466 
583 308 8 11 0.08003366 
343 391 8 11 0.07983934 
697 404 10 12 0.07900341 
878 214 8 9 0.078691304 
784 391 9 13 0.07858808 
818 367 9 12 0.07841093 
736 383 9 12 0.0784063 
975 317 9 10 0.078340836 
920 318 8 11 0.07831829 
901 376 9 11 0.07791148 
58 358 11 14 0.07748067 
726 384 8 11 0.07687727 
777 181 8 11 0.07671987 
970 390 10 12 0.0762593 
872 304 8 10 0.07624326 
687 313 8 10 0.07617411 
848 333 9 11 0.075598255 
780 428 15 17 0.07547828 
687 424 7 11 0.0750411 
903 409 13 17 0.074526824 
800 450 12 16 0.07451808 
417 488 15 20 0.07420603 
301 455 10 12 0.07409164 
949 367 8 11 0.073607825 
822 288 10 11 0.07338601 
431 336 12 15 0.072926246 
918 391 11 14 0.072710864 
889 352 8 11 0.07243778 
983 348 9 10 0.07228776 
969 247 9 12 0.07224303 
988 373 10 11 0.07199977 
800 217 8 10 0.07153836 
948 351 9 11 0.07148304 
655 434 11 13 0.07142651 
831 178 8 10 0.07091265 
853 335 10 11 0.07063922 
319 357 8 10 0.07060539 
688 349 9 11 0.07050987 
633 224 8 11 0.06913915 
741 437 10 13 0.0691365 
817 326 9 12 0.06911498 
206 440 8 11 0.06897658 
1 292 10 17 0.06876054 
635 437 12 13 0.06863941 
918 325 9 11 0.06862127 
736 335 8 10 0.068454236 
748 380 12 14 0.06811748 
971 358 11 11 0.06798173 
694 271 8 10 0.067736425 
711 288 8 10 0.06752288 
918 206 7 10 0.06721893 
958 318 9 11 0.067183256 
819 404 11 15 0.06709751 
726 176 7 10 0.06705826 
913 306 7 9 0.06697057 
788 308 11 13 0.066839084 
845 223 8 11 0.06651186 
758 175 8 11 0.06645414 
713 351 7 9 0.06603052 
361 352 6 9 0.06588659 
941 343 9 11 0.06572903 
240 435 9 11 0.06571676 
905 363 10 14 0.06568235 
385 368 7 10 0.06543979 
361 358 7 8 0.06526134 
874 206 7 9 0.06509609 
204 468 12 14 0.06498024 
720 342 9 11 0.0647875 
631 294 7 10 0.06460535 
287 510 9 12 0.06445154 
990 342 9 11 0.06427292 
615 247 8 10 0.064195156 
623 399 9 10 0.06389532 
634 246 7 9 0.063725494 
451 356 13 16 0.06349741 
888 366 9 11 0.063486144 
949 357 8 11 0.063397706 
967 381 10 11 0.06310643 
719 367 9 12 0.062993184 
705 288 7 10 0.06296101 
622 327 7 9 0.062843814 
705 166 10 12 0.062741674 
358 409 9 11 0.062485807 
589 239 7 10 0.062466003 
318 455 8 11 0.062257364 
726 181 8 10 0.06222679 
699 222 8 10 0.061962903 
776 255 8 10 0.061476313 
873 201 8 10 0.061197203 
862 182 9 11 0.060918067 
595 390 11 14 0.06087909 
662 206 8 10 0.0606071 
720 336 9 10 0.060507357 
901 187 9 12 0.060493123 
681 340 9 11 0.060393963 
900 326 9 10 0.060190685 
894 367 9 11 0.060030524 
573 221 9 12 0.05969636 
727 337 8 10 0.059472237 
615 327 8 10 0.059377383 
984 367 10 12 0.05931525 
454 361 13 17 0.059272688 
622 232 6 9 0.05919355 
618 232 7 9 0.059162226 
829 230 8 10 0.059010025 
976 376 9 11 0.05856395 
616 223 7 9 0.058367796 
858 309 8 11 0.058354404 
903 396 11 13 0.05831093 
300 421 10 13 0.05819408 
982 318 8 10 0.0581459 
890 311 7 9 0.058080226 
447 327 8 10 0.057890434 
880 263 8 9 0.057855625 
890 373 9 12 0.05773566 
701 320 9 11 0.057683397 
637 246 7 9 0.057524 
858 207 8 10 0.057366878 
781 182 8 10 0.05726857 
58 311 8 11 0.05726416 
767 319 11 12 0.057192374 
673 271 8 10 0.056945816 
1013 454 8 12 0.0567406 
606 232 7 9 0.05673931 
599 303 8 10 0.056668792 
547 286 13 20 0.056552127 
278 321 8 11 0.056191843 
680 382 9 11 0.056153618 
312 443 10 12 0.05612217 
784 375 9 12 0.056021456 
919 344 11 13 0.055987947 
1002 373 10 13 0.055889677 
577 254 7 10 0.055859577 
642 184 7 10 0.055613115 
437 390 8 11 0.055391986 
989 438 10 12 0.05522723 
62 318 9 12 0.055142738 
187 438 12 14 0.05503578 
899 246 8 11 0.054961834 
899 445 12 14 0.054932095 
66 324 9 12 0.054722235 
898 256 7 10 0.05471716 
672 393 8 10 0.054522753 
626 303 7 9 0.0543745 
862 201 8 9 0.054234695 
353 409 9 10 0.054172266 
1006 421 10 14 0.05414417 
792 377 10 14 0.053667873 
881 317 8 11 0.053558104 
982 313 7 9 0.05355341 
909 418 12 17 0.05353362 
992 430 9 10 0.053392977 
1012 423 10 15 0.053242322 
673 477 9 11 0.053241074 
391 391 9 12 0.053188197 
445 309 9 11 0.053165846 
750 410 12 17 0.053030554 
736 152 8 10 0.052957915 
1013 407 9 12 0.052774273 
518 386 16 19 0.052746177 
796 362 9 12 0.052643612 
615 200 8 10 0.052641943 
662 380 8 10 0.05261339 
252 423 9 11 0.052454676 
902 262 9 10 0.052371435 
69 389 11 14 0.052109934 
557 298 11 15 0.052004352 
960 312 8 10 0.051916983 
790 344 10 12 0.051805355 
381 389 8 11 0.051727735 
317 376 10 12 0.051427424 
759 347 12 13 0.051410418 
748 211 10 11 0.05127763 
842 358 14 18 0.0512572 
598 309 9 11 0.050997227 
768 437 12 15 0.050968695 
890 304 7 9 0.050792467 
712 293 8 10 0.05076695 
431 327 11 13 0.050660614 
713 183 7 9 0.050532848 
774 242 7 9 0.05041208 
656 215 8 10 0.05039515 
688 429 8 11 0.050382454 
917 359 10 13 0.050307505 
767 344 10 12 0.050263498 
438 370 11 14 0.050024863 
928 359 8 11 0.049884643 
649 398 8 12 0.04986355 
593 221 7 10 0.04985106 
759 305 8 10 0.049825277 
608 435 9 12 0.049692586 
782 341 11 14 0.04956635 
806 152 8 10 0.049474835 
800 193 8 10 0.04945832 
904 230 7 10 0.049134623 
313 325 8 10 0.048859354 
288 440 9 11 0.04884981 
893 305 7 8 0.048848797 
766 367 10 12 0.048808347 
522 289 20 27 0.04878329 
976 326 8 9 0.048625384 
632 288 7 10 0.04835777 
1007 387 10 13 0.048308488 
707 403 12 14 0.048301056 
591 345 10 11 0.048282802 
303 350 6 9 0.048281632 
354 383 7 10 0.048200674 
984 414 10 12 0.04819291 
614 296 7 10 0.04818186 
285 502 9 11 0.04818174 
934 382 9 11 0.04815611 
375 527 9 10 0.04815423 
935 390 9 12 0.048061635 
830 287 8 10 0.047978256 
640 263 8 9 0.04796933 
411 490 23 29 0.04787409 
385 421 9 10 0.047731027 
623 347 8 11 0.047552098 
877 207 8 10 0.047517374 
790 352 18 24 0.04743666 
416 447 9 13 0.047375422 
1008 455 9 11 0.047344014 
423 385 11 15 0.047326148 
847 303 8 10 0.04726895 
943 391 10 13 0.047191963 
991 392 10 11 0.047138605 
942 335 9 10 0.04702622 
76 327 9 12 0.04701832 
948 414 13 15 0.046842724 
753 191 7 9 0.046825554 
747 366 10 13 0.04676324 
858 231 9 11 0.046714894 
914 325 8 11 0.046694767 
742 351 10 12 0.04664652 
325 479 11 15 0.046448473 
677 399 8 11 0.04639272 
0 318 8 12 0.046261873 
1013 460 9 13 0.046034697 
1000 361 9 11 0.045985524 
197 455 9 10 0.045860894 
846 229 7 10 0.045851626 
898 262 7 9 0.04580377 
759 360 9 10 0.045789506 
673 277 9 10 0.04575585 
705 382 9 11 0.04574554 
280 497 10 13 0.045670845 
833 206 8 10 0.045553446 
743 181 7 10 0.04543846 
793 167 8 10 0.045419414 
655 399 8 11 0.045351688 
816 359 9 12 0.045327995 
694 238 7 9 0.045300893 
434 331 13 16 0.04528959 
302 494 9 11 0.045267623 
420 369 13 20 0.04516214 
872 167 7 8 0.04507781 
337 392 9 11 0.044884868 
669 423 11 13 0.044868853 
816 214 9 11 0.044846874 
989 367 10 11 0.04484588 
934 213 8 11 0.04482793 
893 351 9 11 0.04480772 
591 295 6 8 0.04477659 
621 316 8 10 0.044685327 
406 378 12 15 0.0446448 
872 294 7 10 0.044005807 
345 367 7 9 0.04396342 
736 158 8 10 0.043856766 
742 241 7 9 0.043836534 
773 303 9 11 0.043818332 
877 350 8 11 0.043792605 
749 388 13 15 0.043774936 
887 231 9 11 0.043717984 
261 320 7 10 0.043540433 
877 381 10 13 0.04348768 
274 323 9 11 0.043457273 
717 325 9 10 0.04335065 
637 222 9 12 0.043311127 
993 469 12 16 0.043291103 
659 207 7 10 0.043199766 
764 419 11 15 0.043171816 
886 255 7 8 0.04315578 
625 277 8 10 0.043045647 
981 228 9 12 0.043017738 
1014 442 10 14 0.04298623 
767 309 9 10 0.04293303 
777 224 8 10 0.04285905 
420 477 16 18 0.04285045 
576 248 6 8 0.04278808 
680 389 8 10 0.042770937 
592 302 7 10 0.04264228 
698 217 8 10 0.042598046 
761 309 8 10 0.04235466 
358 383 8 10 0.042255394 
759 393 11 15 0.042223778 
23 379 12 13 0.04222081 
441 303 8 11 0.04221937 
806 350 9 12 0.042139336 
600 216 8 10 0.041862316 
721 176 8 10 0.04183651 
610 317 8 11 0.041784752 
947 372 9 13 0.041737486 
857 247 8 11 0.041693904 
772 434 16 18 0.041677404 
663 200 8 10 0.041663323 
598 184 7 10 0.04164548 
892 436 15 20 0.041609734 
367 359 7 10 0.041563172 
673 411 9 12 0.04149798 
615 301 7 9 0.04145745 
992 348 8 11 0.041363124 
601 238 8 10 0.041333165 
840 328 9 11 0.041331436 
589 325 9 11 0.04128894 
383 350 7 10 0.04116809 
313 432 8 11 0.0411183 
14 388 9 11 0.041107908 
375 358 8 9 0.041090522 
837 303 9 11 0.041010156 
939 348 9 11 0.04096707 
942 160 8 10 0.040936306 
821 327 9 12 0.040871076 
920 241 8 10 0.040842205 
946 221 9 11 0.04081479 
30 406 11 12 0.040684078 
695 418 10 14 0.04057163 
999 413 10 12 0.040499415 
772 324 10 14 0.040266532 
865 342 9 12 0.040263455 
744 341 8 10 0.040241294 
777 177 8 9 0.040170234 
962 333 9 10 0.03999326 
568 333 10 13 0.03995295 
649 254 7 10 0.039934002 
1012 351 10 13 0.039877955 
401 379 10 13 0.039720558 
920 189 7 10 0.039713982 
855 182 9 11 0.03965385 
871 286 8 11 0.039619893 
793 239 8 10 0.039577022 
446 304 8 11 0.039550602 
70 320 9 11 0.039532263 
935 208 7 9 0.03950741 
813 394 14 20 0.039469846 
673 566 25 29 0.039436046 
950 405 11 13 0.03942433 
966 224 8 10 0.03935814 
64 304 8 10 0.039338052 
846 215 9 10 0.03928778 
880 175 8 10 0.039262585 
928 445 10 14 0.039253168 
710 343 8 11 0.039222896 
760 225 7 9 0.03920959 
487 333 24 30 0.039045967 
651 405 8 11 0.038960747 
957 175 9 11 0.038820542 
333 358 10 11 0.03866664 
935 303 7 8 0.038599048 
840 184 7 9 0.03859332 
901 390 9 12 0.038580112 
437 353 19 26 0.038355112 
823 159 7 10 0.038074754 
759 167 7 9 0.038072683 
609 328 7 9 0.03804309 
439 380 9 13 0.037944525 
58 315 10 13 0.037812557 
752 248 7 9 0.03780078 
1012 413 9 13 0.037780687 
375 352 8 10 0.037717067 
696 350 8 11 0.03764852 
925 343 10 12 0.03759404 
925 390 11 14 0.03750953 
352 368 8 11 0.037490997 
806 215 8 10 0.037376467 
902 255 8 10 0.037370067 
567 340 10 14 0.03730875 
632 400 8 11 0.037299246 
655 221 8 11 0.037222352 
303 344 7 9 0.03708724 
894 393 11 14 0.03701631 
809 249 7 9 0.03693945 
639 199 8 10 0.036924943 
661 430 11 14 0.03687774 
861 246 10 11 0.036787815 
830 368 13 17 0.036546398 
864 287 8 10 0.036484834 
719 214 7 9 0.036473926 
874 213 8 11 0.036425572 
274 487 9 11 0.03641978 
1009 409 9 11 0.03641405 
422 352 11 15 0.036250897 
865 349 9 12 0.036190588 
911 381 8 10 0.036175475 
607 167 9 10 0.0361538 
299 408 19 23 0.036122866 
783 200 7 9 0.036094625 
28 316 10 14 0.036050286 
722 232 9 11 0.036047447 
609 311 9 11 0.036045764 
992 423 9 11 0.036013365 
830 324 10 12 0.035978094 
974 366 8 11 0.03597757 
694 373 9 11 0.035938013 
246 430 9 11 0.03589001 
680 199 8 9 0.035851844 
608 200 8 10 0.035841472 
272 397 10 12 0.035780422 
711 175 8 10 0.03570758 
342 405 8 10 0.03569893 
407 427 11 14 0.03567245 
598 344 8 10 0.03554953 
64 372 12 16 0.035541333 
917 224 8 10 0.035449136 
193 423 9 12 0.035371352 
623 214 7 10 0.035293963 
894 168 8 10 0.035286844 
1008 303 8 11 0.035283536 
397 534 13 16 0.03522737 
932 412 10 13 0.035179384 
776 167 7 8 0.035050683 
317 436 11 14 0.0350309 
974 207 10 11 0.035011213 
798 168 8 10 0.03495716 
352 358 7 9 0.0349339 
198 437 11 13 0.034916718 
709 198 8 10 0.034914162 
259 442 11 12 0.034880944 
253 468 10 11 0.034867555 
742 377 12 15 0.034718804 
679 427 9 12 0.03470287 
657 189 8 10 0.034688853 
793 161 7 8 0.034678526 
551 268 8 11 0.034661304 
704 161 9 11 0.03459236 
902 199 8 10 0.034523323 
1015 394 9 13 0.034514926 
929 198 9 10 0.034483287 
927 335 8 11 0.034317274 
703 183 8 9 0.034263033 
921 246 8 10 0.03426137 
808 205 7 10 0.03416409 
742 151 8 9 0.034008306 
281 303 7 9 0.033911567 
675 471 14 16 0.033906247 
190 452 9 11 0.033878706 
751 344 8 10 0.033810347 
982 423 8 11 0.033807676 
652 470 11 14 0.03378991 
847 248 8 10 0.033711765 
742 177 7 9 0.033705574 
964 411 10 13 0.033639707 
871 181 9 11 0.03360152 
687 407 8 11 0.033496387 
992 277 8 10 0.033479627 
905 165 9 11 0.033439398 
950 333 9 11 0.033410702 
881 247 7 10 0.03340375 
783 277 10 12 0.03339262 
599 327 8 10 0.033377968 
389 461 8 11 0.033327606 
929 304 7 9 0.033197317 
713 215 7 9 0.0331571 
977 429 9 11 0.033154618 
423 342 9 11 0.03315446 
637 400 10 11 0.03313652 
677 271 8 10 0.033131324 
911 396 9 11 0.033124473 
934 361 9 11 0.033121437 
839 191 8 10 0.03302622 
813 303 8 10 0.03300046 
88 312 7 9 0.032939885 
863 176 8 9 0.032922596 
697 256 8 10 0.032821257 
733 305 10 12 0.032769866 
913 223 8 10 0.032612994 
997 455 10 12 0.032601546 
367 350 8 10 0.03254379 
423 325 10 11 0.032505345 
862 213 8 10 0.032455232 
70 311 8 10 0.032411445 
263 414 9 11 0.03241142 
561 213 7 9 0.032389507 
583 348 215 222 0.03231415 
712 413 10 13 0.03229746 
551 442 10 16 0.032260936 
863 305 8 10 0.032257516 
363 344 7 9 0.032229744 
277 446 10 12 0.03208644 
974 296 7 9 0.03206926 
982 429 9 10 0.031929467 
188 482 33 32 0.03191849 
360 367 8 10 0.031886473 
567 208 7 9 0.031870328 
556 307 12 15 0.031819213 
425 311 8 9 0.03181891 
738 327 8 11 0.031793367 
872 176 8 10 0.031789318 
406 358 10 13 0.031784125 
586 296 7 8 0.031758994 
18 432 15 19 0.031685002 
968 315 9 12 0.031634495 
959 375 11 13 0.031629965 
681 422 9 12 0.031592067 
711 335 9 11 0.03158306 
386 325 9 10 0.03152217 
741 431 9 12 0.031499032 
647 422 9 12 0.031476475 
736 136 7 9 0.03146507 
775 294 7 10 0.031350505 
223 469 9 12 0.031344026 
307 270 9 11 0.031329785 
376 510 9 11 0.031308662 
914 206 8 10 0.031260315 
913 319 9 10 0.03125891 
909 160 9 10 0.031230923 
728 198 7 10 0.03109714 
367 385 9 11 0.030954553 
327 398 10 13 0.030951379 
755 411 14 18 0.03093445 
337 376 8 10 0.030934004 
312 341 7 9 0.030893452 
325 461 9 11 0.030881347 
908 447 12 14 0.030860713 
606 215 8 10 0.03079139 
946 412 9 12 0.030616758 
302 447 9 11 0.030611064 
640 190 9 10 0.030561252 
52 358 19 24 0.030546643 
532 294 18 22 0.030484205 
742 322 19 23 0.030469287 
588 320 9 11 0.030434173 
888 333 9 11 0.030399656 
311 399 7 10 0.03030549 
816 208 7 9 0.030296292 
934 199 7 9 0.030255048 
885 396 13 16 0.030216966 
926 320 8 10 0.030206654 
783 397 21 23 0.030202456 
193 429 11 13 0.030192966 
298 344 7 9 0.03008749 
692 382 11 12 0.030075533 
670 143 9 10 0.029939592 
770 358 8 10 0.029870687 
456 304 9 11 0.029809253 
897 201 8 10 0.029808309 
383 395 9 11 0.029804612 
783 316 12 14 0.029716892 
791 287 7 10 0.029649356 
720 254 8 9 0.029644644 
58 370 21 27 0.029587565 
999 342 8 11 0.029585773 
735 215 8 9 0.02958368 
816 174 8 10 0.029544964 
911 257 7 9 0.029459005 
598 348 9 11 0.029438742 
889 209 9 10 0.029427584 
615 341 9 11 0.029416617 
952 303 7 9 0.029402398 
750 360 8 10 0.029367503 
781 177 8 9 0.029331816 
951 327 9 11 0.02932359 
665 144 8 10 0.029280065 
728 440 13 16 0.029167213 
847 345 14 17 0.029125914 
316 424 10 11 0.029114569 
959 407 10 12 0.029087218 
781 358 8 12 0.029024022 
919 185 8 10 0.028979423 
853 379 13 16 0.028947935 
680 438 18 23 0.028922884 
402 319 7 9 0.028918887 
610 248 7 8 0.028915616 
601 232 8 10 0.02890574 
640 208 8 10 0.02890401 
335 382 9 10 0.028740475 
302 435 10 13 0.028731033 
682 317 9 12 0.028728187 
818 378 13 18 0.02871563 
899 428 14 18 0.02871237 
648 391 9 12 0.028690286 
957 413 13 14 0.028661797 
977 224 8 10 0.028661445 
720 192 8 9 0.02865889 
419 324 7 10 0.028632054 
318 459 11 13 0.028611505 
999 391 10 11 0.028604297 
886 247 7 9 0.028567156 
416 374 20 25 0.028550697 
690 231 8 11 0.028521009 
23 340 10 13 0.02848966 
965 230 8 9 0.028443068 
745 319 9 11 0.028432978 
519 456 12 16 0.02842159 
778 328 20 24 0.028399847 
446 318 9 11 0.028382607 
657 185 7 9 0.028379297 
935 305 18 24 0.028357962 
901 205 9 11 0.028350255 
695 247 7 8 0.028328823 
445 350 23 29 0.028305417 
1006 341 10 12 0.02819686 
912 343 9 11 0.028184107 
767 191 8 10 0.028167292 
952 295 7 8 0.028141405 
700 420 10 13 0.028131966 
882 167 8 10 0.028105201 
625 287 8 9 0.028101787 
701 256 8 10 0.028085746 
917 413 10 14 0.02807843 
953 197 10 10 0.02806208 
589 349 9 11 0.028005483 
558 240 7 10 0.027994575 
758 180 8 10 0.027984153 
928 238 8 10 0.027971145 
633 241 7 10 0.027965596 
782 349 9 10 0.027901435 
392 353 18 24 0.027870497 
694 367 9 11 0.027804676 
943 208 8 8 0.027676886 
632 208 7 8 0.027583588 
612 431 9 12 0.02751729 
670 174 9 10 0.027513545 
927 363 17 22 0.027486036 
573 334 9 11 0.027481562 
726 349 8 10 0.02747157 
857 200 8 10 0.027466208 
721 408 17 24 0.027458163 
711 192 8 9 0.027424416 
692 435 12 15 0.02739417 
573 402 16 18 0.027392766 
680 265 7 9 0.027391018 
29 434 11 16 0.027373556 
957 455 12 13 0.02728098 
510 286 20 26 0.027280552 
1006 358 9 11 0.027266245 
853 328 9 11 0.02723354 
445 330 11 13 0.027215626 
508 285 14 18 0.02719426 
682 249 8 10 0.027119946 
684 366 10 12 0.027102018 
736 207 7 10 0.027032983 
352 1 46 59 0.026947552 
625 423 11 14 0.026939353 
953 179 9 11 0.026924882 
400 374 10 13 0.026813045 
991 312 7 10 0.026784336 
588 357 9 11 0.026767202 
390 371 9 12 0.026743244 
946 380 9 13 0.02673427 
798 293 10 11 0.026726346 
992 271 8 10 0.026616365 
663 399 8 10 0.026613062 
624 209 7 9 0.026609015 
368 336 9 11 0.02659983 
630 278 8 10 0.026597219 
998 349 9 11 0.02658194 
1013 188 10 16 0.026581462 
3 418 14 17 0.026482008 
863 224 7 8 0.026435852 
577 240 6 9 0.026429063 
664 420 9 12 0.026373127 
757 389 19 26 0.026318096 
583 222 8 10 0.026289934 
581 385 13 16 0.02627274 
727 192 7 9 0.026247963 
879 424 13 16 0.026221529 
807 356 10 12 0.026219923 
292 423 19 23 0.02615791 
832 296 8 10 0.026153399 
461 511 11 14 0.0261074 
672 437 10 13 0.026092269 
890 342 9 11 0.026088562 
776 213 7 9 0.02607133 
866 358 18 23 0.026049843 
890 387 11 15 0.026047762 
629 484 11 14 0.025972081 
964 427 11 13 0.025939712 
989 445 11 13 0.025900915 
982 321 18 24 0.025866514 
694 231 9 11 0.025804628 
797 303 9 10 0.025801003 
878 358 8 12 0.025796104 
852 364 11 14 0.025792256 
657 200 8 9 0.025768261 
252 432 19 24 0.025759986 
791 270 9 11 0.025745682 
721 182 7 10 0.025737358 
880 268 9 10 0.025733514 
746 305 8 10 0.025709318 
759 249 7 8 0.025701407 
544 215 8 10 0.025620187 
754 261 10 11 0.025544945 
370 395 9 11 0.02551198 
694 357 9 11 0.025502479 
608 339 8 10 0.02548075 
903 225 8 10 0.02546561 
1013 382 9 13 0.025414657 
685 463 11 13 0.025398912 
617 216 7 9 0.025376506 
895 227 10 12 0.025367763 
249 463 10 12 0.025354477 
734 143 8 9 0.025348896 
862 269 8 10 0.025327722 
767 169 7 8 0.025313834 
561 208 7 10 0.025296621 
704 171 9 11 0.025278375 
773 373 10 11 0.025268214 
88 315 8 12 0.025228115 
663 183 7 10 0.025211833 
693 428 11 15 0.025191942 
275 526 13 17 0.025143277 
559 231 7 10 0.025132021 
406 319 7 9 0.025110845 
799 158 8 10 0.025106514 
677 358 13 15 0.025091475 
977 423 9 12 0.02508117 
919 200 9 11 0.0250548 
750 318 10 11 0.025042314 
369 486 10 13 0.025028449 
599 333 9 11 0.024999583 
622 404 10 11 0.024991576 
784 272 9 11 0.024990452 
369 328 7 9 0.024971629 
992 263 7 9 0.024944007 
966 351 11 12 0.02491778 
877 343 8 10 0.0249159 
856 212 9 11 0.024879942 
574 216 9 10 0.024877943 
788 413 13 16 0.024860168 
544 323 13 19 0.024830187 
903 359 18 24 0.024806606 
550 304 12 15 0.024805754 
825 299 19 23 0.024805347 
296 459 11 12 0.024804376 
657 381 8 11 0.02475347 
273 446 9 11 0.024707634 
919 443 11 15 0.024702916 
806 325 9 12 0.024652075 
802 315 9 12 0.024638018 
853 355 12 15 0.024597714 
506 337 15 18 0.024565961 
817 158 8 10 0.024452459 
385 320 8 10 0.024449943 
769 183 7 10 0.024446849 
780 364 9 11 0.024407575 
376 375 9 11 0.024400512 
741 158 8 10 0.024355311 
933 420 11 14 0.02432623 
871 279 9 12 0.024321387 
541 270 10 11 0.024266789 
680 207 8 9 0.024247933 
673 380 8 11 0.024208846 
592 217 7 10 0.024194192 
294 446 10 12 0.024190057 
656 421 9 12 0.024181262 
901 320 7 10 0.02417697 
685 468 12 14 0.02415401 
806 287 9 11 0.02415238 
1006 479 10 12 0.024132814 
692 444 13 15 0.02411171 
654 391 9 12 0.02410288 
687 182 8 9 0.024077779 
769 257 7 9 0.024058279 
585 216 7 10 0.024025496 
718 430 10 14 0.02398808 
767 175 7 9 0.023975968 
932 439 11 14 0.023957938 
408 363 10 14 0.023955602 
396 391 11 15 0.023892393 
567 302 8 11 0.023877569 
915 419 12 16 0.023869768 
863 168 8 9 0.02383572 
713 468 10 14 0.023833966 
735 200 8 10 0.023793798 
824 176 8 11 0.023734886 
911 174 9 10 0.023709705 
344 360 7 9 0.02370281 
826 180 8 11 0.023697203 
880 233 9 10 0.023692911 
182 404 10 14 0.023638971 
319 470 10 12 0.023593185 
335 352 8 10 0.023584919 
630 256 8 10 0.023573125 
840 248 9 10 0.023558032 
701 413 10 12 0.023554968 
912 183 8 10 0.023553716 
891 380 9 12 0.023505513 
955 389 10 14 0.023463089 
965 407 10 12 0.023448633 
329 415 9 11 0.023430334 
791 371 19 22 0.023427382 
369 384 18 23 0.02342643 
861 238 9 11 0.023393175 
807 156 8 10 0.023383787 
608 223 7 9 0.023370754 
237 423 10 12 0.023361722 
721 249 7 9 0.023359394 
984 443 11 13 0.023352077 
288 444 10 13 0.023332339 
799 268 10 12 0.023297578 
664 446 9 12 0.023292467 
392 539 14 16 0.023281544 
743 440 12 16 0.023262057 
630 359 8 10 0.023242895 
813 446 9 11 0.023238633 
528 207 7 9 0.023220506 
928 191 8 10 0.023218175 
401 313 7 9 0.02320703 
637 460 11 14 0.02319805 
1007 335 9 12 0.02319469 
303 319 8 10 0.023171859 
871 222 9 11 0.023117147 
975 240 8 10 0.02307318 
69 304 7 10 0.023040762 
878 222 10 11 0.023036314 
223 464 8 10 0.023029532 
655 321 9 12 0.023026943 
296 367 9 11 0.023013849 
390 321 8 11 0.023013718 
664 478 9 12 0.022991987 
823 247 9 11 0.02298511 
914 333 8 10 0.022978881 
422 447 11 13 0.022975776 
20 387 13 15 0.022966925 
14 424 15 19 0.022961617 
959 295 7 9 0.022943227 
726 324 9 12 0.022939837 
856 169 9 9 0.022853877 
896 175 7 10 0.022853639 
852 371 14 16 0.022820354 
568 324 10 14 0.022816876 
944 327 8 10 0.022816261 
465 231 215 230 0.022797143 
949 375 18 23 0.02276478 
23 405 11 14 0.02275043 
625 296 8 10 0.022739608 
367 550 26 30 0.022726081 
219 451 10 13 0.022706348 
849 389 15 18 0.022691473 
799 310 9 11 0.022675028 
197 420 11 14 0.022670984 
407 312 7 9 0.022656828 
591 308 9 12 0.022650663 
840 215 8 10 0.022609478 
974 393 18 22 0.022606932 
536 270 10 11 0.02260563 
755 429 13 17 0.02260492 
982 235 9 12 0.02258937 
341 415 8 10 0.022577424 
958 191 10 12 0.022565616 
308 506 13 14 0.022560982 
1007 459 11 13 0.022524923 
970 207 9 12 0.022517461 
896 239 9 10 0.022513783 
434 362 20 27 0.022497453 
710 311 9 11 0.022483563 
246 436 9 12 0.022478241 
770 208 8 9 0.022455843 
429 430 9 13 0.02244467 
806 400 21 26 0.022423644 
720 135 8 10 0.022416828 
568 241 7 9 0.022415001 
550 216 7 9 0.02240037 
373 336 8 9 0.02235648 
313 360 8 8 0.022343319 
919 383 8 10 0.022338081 
878 181 8 10 0.022332026 
764 426 14 19 0.022305695 
807 169 8 10 0.022293532 
878 365 8 11 0.022285117 
799 172 8 10 0.02226803 
427 380 12 15 0.022242736 
313 423 8 11 0.022237303 
719 151 7 10 0.022226408 
308 407 10 13 0.02221392 
416 342 9 11 0.022187537 
689 276 10 11 0.022181356 
576 305 8 11 0.02216983 
653 462 12 14 0.022165876 
481 295 8 10 0.022132361 
686 399 9 10 0.022123214 
760 320 9 10 0.022105888 
62 310 9 11 0.022084229 
585 244 8 10 0.022031514 
793 246 9 10 0.022030145 
698 395 18 22 0.022017341 
975 350 11 12 0.022009525 
475 304 13 16 0.021911057 
694 335 12 13 0.02190566 
909 166 10 11 0.021888351 
872 238 7 10 0.021874884 
558 192 8 10 0.021870809 
720 303 8 11 0.021793623 
728 143 8 9 0.021771636 
743 201 9 9 0.021759015 
661 319 9 11 0.021750294 
577 396 15 18 0.021746095 
846 174 9 10 0.021745529 
726 246 8 10 0.02172553 
761 321 20 23 0.021725126 
616 205 6 9 0.02172156 
801 206 8 9 0.021694278 
934 192 8 10 0.021590458 
974 476 8 11 0.021581687 
847 296 9 11 0.021576392 
808 296 9 11 0.02155004 
749 400 23 30 0.021539168 
698 262 9 11 0.021520102 
782 409 14 17 0.0214892 
935 223 8 9 0.021487564 
954 319 9 11 0.021441689 
729 215 7 9 0.021415286 
615 143 9 11 0.021414293 
857 252 8 10 0.021393761 
849 207 7 10 0.021369657 
890 382 19 24 0.021362826 
919 305 6 9 0.021357095 
213 442 18 22 0.02133993 
983 358 10 11 0.021331895 
57 303 8 10 0.02130987 
597 188 8 10 0.02126037 
719 209 8 10 0.021234222 
534 220 9 11 0.021221604 
910 372 10 13 0.021217074 
869 335 10 12 0.021208273 
769 213 8 10 0.02117816 
353 352 8 9 0.021173464 
727 305 11 13 0.02115986 
732 411 12 15 0.021155752 
1001 303 7 10 0.021136161 
913 200 8 11 0.021133387 
403 377 23 30 0.021120898 
752 197 8 10 0.021113269 
272 435 9 11 0.02110621 
786 424 18 21 0.021077452 
944 215 10 11 0.021043302 
905 311 7 9 0.021031886 
733 402 13 17 0.021004483 
856 224 8 10 0.020991527 
777 201 7 9 0.02097957 
5 413 22 27 0.020978691 
263 432 8 11 0.020973984 
705 193 8 10 0.020971613 
694 391 9 10 0.020967225 
798 287 10 11 0.02096566 
1015 467 10 14 0.02095742 
575 324 9 12 0.020951156 
960 353 21 23 0.020936927 
296 399 7 9 0.020915592 
856 286 9 11 0.020909404 
793 172 9 10 0.02087434 
306 337 7 9 0.020872343 
631 273 7 9 0.020854898 
640 271 8 9 0.02085154 
743 135 8 9 0.020831134 
601 297 7 9 0.020813406 
767 198 8 10 0.020795675 
754 236 8 10 0.020755664 
412 182 11 13 0.02069002 
728 168 7 9 0.020687288 
565 295 8 10 0.020649837 
625 458 11 14 0.020625321 
686 448 11 14 0.02062267 
383 345 8 11 0.020617142 
772 308 11 13 0.020614855 
895 409 13 17 0.02060966 
424 324 21 27 0.020601906 
856 175 8 10 0.020568235 
689 414 8 10 0.020560086 
675 450 12 14 0.020532975 
862 189 9 10 0.02051679 
279 351 9 10 0.020511502 
433 303 7 9 0.020500889 
575 207 8 9 0.020498442 
641 317 10 12 0.020487875 
984 453 9 13 0.020455817 
612 457 13 16 0.02045493 
67 382 12 16 0.020424362 
277 452 9 12 0.020404814 
591 231 7 9 0.020404002 
600 319 8 10 0.02039326 
599 199 8 10 0.020387895 
430 320 11 13 0.020375421 
703 355 9 11 0.020375233 
524 286 13 19 0.02035458 
1013 478 9 13 0.020343715 
697 207 7 8 0.020329276 
637 240 8 10 0.020293301 
838 199 7 9 0.02029268 
713 363 10 12 0.020263588 
832 198 8 11 0.02024642 
345 344 7 9 0.02023256 
319 352 7 9 0.020209396 
199 462 11 12 0.020205809 
810 253 7 9 0.02017846 
824 197 7 10 0.020176085 
558 245 8 11 0.020135382 
880 332 9 12 0.020134911 
754 168 7 9 0.020091446 
1000 335 8 10 0.02007114 
857 268 9 11 0.020065712 
432 423 9 11 0.020044861 
799 230 8 10 0.02002469 
748 485 15 16 0.02000033 
