35_Basketball_Basketball_35_801
23
642 276 15 21 0.8624776 
922 252 16 21 0.32889065 
515 214 32 34 0.18447371 
509 311 47 60 0.11636843 
909 247 46 57 0.08160516 
563 325 54 60 0.07901641 
603 354 17 22 0.077868864 
840 496 206 204 0.07025882 
889 231 11 15 0.051441763 
309 94 9 10 0.049194895 
1012 323 10 16 0.039633226 
325 99 10 14 0.038338322 
320 102 10 13 0.031711787 
635 276 26 34 0.030335324 
592 344 29 34 0.029636385 
321 96 8 11 0.026650686 
519 321 13 18 0.026094073 
632 278 43 55 0.023640627 
312 104 10 12 0.023002883 
914 255 26 32 0.02198841 
148 195 42 47 0.021940792 
593 375 16 20 0.020773223 
920 238 67 77 0.020677658 
