35_Basketball_Basketball_35_158
51
197 466 108 172 0.99783474 
956 568 60 87 0.99735415 
830 741 35 44 0.40571406 
748 823 56 76 0.28372666 
678 701 24 29 0.2607956 
881 581 25 32 0.24673298 
557 7 376 460 0.24470961 
288 881 42 61 0.23225592 
818 630 27 35 0.20413747 
105 396 24 28 0.16031748 
837 794 52 73 0.14170295 
-16 -38 388 466 0.12530416 
989 1029 16 21 0.11650349 
325 -95 310 439 0.08712799 
344 473 64 95 0.074403755 
828 762 51 64 0.064529635 
150 1164 41 48 0.0580245 
329 937 50 65 0.055113383 
127 459 30 37 0.054461334 
212 388 27 34 0.052243672 
152 831 32 40 0.047899947 
380 39 430 509 0.04714898 
809 641 44 64 0.046002194 
873 574 39 53 0.043168966 
214 1098 142 190 0.037079796 
190 455 31 42 0.03643128 
818 764 90 114 0.036369987 
736 730 47 57 0.035054263 
140 284 26 34 0.03397833 
701 74 254 306 0.03143145 
353 28 198 256 0.03069643 
631 675 43 59 0.030082224 
247 943 369 495 0.030028155 
831 128 135 151 0.026130706 
856 782 55 72 0.025736356 
189 279 24 32 0.025725042 
95 824 33 45 0.025424335 
173 494 500 452 0.024371415 
473 72 214 290 0.024289215 
742 817 38 51 0.02414988 
590 712 27 36 0.023358949 
165 384 27 35 0.022938715 
807 668 51 63 0.022871194 
258 454 101 144 0.022769518 
318 803 410 490 0.022537492 
642 665 26 32 0.022344876 
349 54 132 157 0.02217504 
793 720 172 251 0.022167768 
64 1046 25 30 0.020629404 
808 798 50 72 0.020566596 
103 817 46 60 0.02050137 
