35_Basketball_basketballgame_ball_35_124
23
883 45 109 136 0.99991226 
175 46 122 169 0.9999013 
620 277 114 154 0.999889 
413 24 111 142 0.99984956 
598 45 123 163 0.99979776 
301 289 137 148 0.99974495 
526 27 47 72 0.11364831 
20 255 29 41 0.10993218 
220 728 61 66 0.10622195 
317 1129 15 20 0.059619524 
975 185 42 54 0.046649363 
494 16 78 108 0.04328162 
906 418 109 129 0.036241297 
162 725 81 71 0.03465674 
929 218 61 72 0.032173358 
333 1166 13 18 0.030712502 
977 20 55 83 0.029680362 
975 245 27 44 0.02455331 
163 582 41 54 0.024084883 
351 1148 63 87 0.022218646 
0 468 380 438 0.021377154 
952 234 51 63 0.020497078 
334 1166 27 35 0.020317076 
