35_Basketball_playingbasketball_35_417
55
365 18 47 54 0.99773514 
355 245 28 39 0.99149597 
284 256 32 49 0.99090564 
887 162 30 36 0.98113513 
214 248 27 48 0.9758647 
738 85 37 40 0.92285126 
183 51 24 28 0.908671 
960 49 32 45 0.87613773 
50 63 29 37 0.8315292 
225 132 32 40 0.7887799 
311 55 28 35 0.7443514 
526 36 28 34 0.6898302 
52 198 23 30 0.62578374 
920 115 25 29 0.49455222 
244 60 27 32 0.39728296 
447 33 29 40 0.2291117 
174 301 39 50 0.17210132 
197 258 33 40 0.14898482 
157 64 41 50 0.081207916 
522 53 36 40 0.067439415 
162 69 25 32 0.067369774 
306 65 35 46 0.060679976 
455 29 38 52 0.05497229 
113 160 19 22 0.051898986 
95 228 29 30 0.048507057 
221 190 24 34 0.040747084 
258 273 25 31 0.038707443 
957 309 16 22 0.038015567 
185 252 30 43 0.037569948 
293 160 53 64 0.03717031 
58 54 30 35 0.036191244 
1002 118 21 33 0.035770983 
324 56 30 33 0.035058707 
68 46 26 28 0.033692986 
-10 466 184 244 0.031877916 
292 240 29 48 0.031284545 
884 177 28 33 0.029542126 
33 153 23 33 0.02872944 
169 52 41 49 0.028115688 
350 261 29 36 0.028107584 
142 70 24 32 0.0267242 
906 115 30 33 0.026018092 
313 44 20 25 0.025244748 
0 6 26 32 0.025078828 
35 134 24 35 0.02465658 
-56 373 343 418 0.024464184 
174 373 43 51 0.024324972 
116 127 21 27 0.023089746 
131 176 400 424 0.02275097 
108 165 17 21 0.022286404 
58 127 25 32 0.020708187 
473 40 41 55 0.020410093 
170 85 28 32 0.020401506 
305 263 17 26 0.020259773 
841 232 20 23 0.020189436 
