35_Basketball_Basketball_35_653
29
268 41 56 79 0.9996119 
734 45 51 73 0.9995987 
380 292 53 75 0.9991328 
95 271 53 76 0.99902785 
653 273 49 68 0.9989833 
597 21 55 79 0.9989248 
535 294 57 76 0.9988152 
870 33 54 71 0.99874073 
208 313 49 67 0.99871933 
811 280 49 68 0.9985096 
922 277 55 76 0.99843746 
369 47 54 78 0.9984006 
462 67 54 78 0.9977023 
99 31 53 79 0.9974369 
170 295 30 43 0.43460605 
159 396 49 54 0.06983668 
181 294 34 42 0.06952317 
361 65 12 18 0.06724319 
999 353 29 58 0.056495976 
148 290 30 41 0.039548136 
188 300 15 19 0.03675869 
175 417 32 41 0.030506937 
624 477 29 35 0.028581623 
684 262 44 65 0.027584221 
706 290 12 19 0.026458418 
707 251 46 66 0.023866693 
359 59 23 34 0.021299975 
817 314 50 65 0.020841913 
254 266 15 19 0.020469353 
