35_Basketball_basketballgame_ball_35_689
1149
315 317 16 21 0.97850263 
479 115 13 17 0.9677645 
580 63 13 16 0.95051396 
616 132 12 16 0.9447281 
268 45 13 16 0.9351684 
436 24 10 12 0.92171913 
613 11 11 13 0.91806394 
524 207 12 15 0.9169848 
689 235 13 17 0.91530055 
665 225 14 18 0.8939502 
135 134 13 16 0.892182 
350 15 11 14 0.8887333 
575 93 12 15 0.88246185 
244 60 11 14 0.8812849 
419 199 14 17 0.8720215 
447 174 13 16 0.8592424 
518 3 10 13 0.85605884 
100 46 10 14 0.8534749 
118 69 12 15 0.85049903 
579 133 10 13 0.8461637 
95 153 12 13 0.84507704 
615 70 12 16 0.84461933 
517 62 12 15 0.8390771 
742 18 9 13 0.83171165 
21 123 11 13 0.82059467 
173 0 10 11 0.8203342 
229 2 11 12 0.8168221 
341 137 13 15 0.81613135 
698 19 12 15 0.8154126 
323 99 11 15 0.81402886 
173 111 13 16 0.8091021 
723 183 13 15 0.8043504 
60 70 9 11 0.80256486 
84 15 10 13 0.801003 
652 201 13 17 0.7957827 
352 103 12 15 0.7889818 
409 142 13 15 0.77676195 
550 92 12 14 0.771689 
653 103 12 14 0.7560412 
292 68 13 15 0.7507605 
476 142 11 15 0.74899375 
420 173 13 16 0.7487257 
581 193 12 15 0.7429639 
144 19 10 13 0.74228024 
67 145 12 16 0.73459303 
151 49 11 14 0.73203677 
726 144 11 14 0.72412795 
870 130 12 15 0.72342116 
29 144 12 15 0.6956865 
448 200 14 17 0.69528013 
487 190 11 15 0.69391555 
514 190 12 14 0.6846119 
392 189 13 16 0.6839668 
945 140 11 15 0.6802802 
238 122 13 17 0.6791022 
490 86 11 15 0.67812145 
927 167 11 16 0.67461246 
444 79 11 15 0.67156154 
394 79 9 13 0.67008114 
909 97 14 16 0.6654702 
212 85 12 15 0.66190773 
413 108 12 14 0.66176903 
468 220 12 14 0.65502596 
300 10 11 14 0.6531272 
554 218 12 16 0.6326591 
552 195 11 15 0.6304919 
450 112 14 17 0.61114997 
938 71 10 13 0.59400886 
655 72 10 13 0.5933367 
19 93 9 12 0.59127945 
541 68 11 14 0.5822692 
382 136 13 17 0.58197516 
207 6 9 11 0.573328 
182 151 13 16 0.567431 
144 84 12 15 0.5631911 
313 131 13 16 0.54687494 
390 49 11 13 0.5437426 
967 37 13 15 0.5425628 
188 30 10 13 0.54234743 
77 43 10 11 0.53713226 
436 141 12 15 0.53612566 
333 68 12 15 0.53298455 
370 13 12 15 0.5272671 
674 370 14 17 0.5228606 
486 54 10 13 0.51760197 
462 53 11 13 0.5017906 
699 173 12 15 0.49948588 
708 57 9 11 0.48915437 
143 78 11 14 0.4854033 
98 133 11 14 0.4836547 
595 11 10 13 0.47917986 
497 35 11 14 0.47869915 
237 152 12 16 0.4770161 
36 64 11 14 0.4749448 
631 195 12 17 0.47400478 
309 39 12 15 0.47035658 
592 216 13 17 0.46725258 
940 117 9 12 0.46473017 
960 189 11 14 0.45316756 
807 153 13 19 0.45140567 
690 577 16 20 0.45049095 
515 30 11 14 0.4443273 
337 176 17 20 0.4415693 
883 175 11 14 0.4390533 
47 126 11 14 0.43574363 
116 22 10 13 0.42815974 
555 159 11 14 0.41226378 
269 95 12 14 0.41131333 
841 140 10 13 0.3967789 
521 91 11 13 0.39068592 
49 38 9 12 0.38557956 
63 19 9 12 0.3827562 
202 116 11 15 0.37851542 
294 95 13 16 0.3783324 
647 43 11 13 0.37475154 
869 197 16 19 0.37017635 
575 116 11 14 0.3699967 
387 115 12 14 0.35581088 
671 38 12 16 0.35447058 
551 11 10 13 0.3497426 
988 144 11 13 0.3441937 
772 144 10 12 0.33990315 
422 88 11 13 0.3373344 
623 102 11 14 0.3344565 
395 23 11 12 0.32341245 
0 87 7 11 0.32069147 
543 43 11 14 0.31999472 
129 53 9 11 0.31789967 
933 39 10 13 0.3166453 
219 118 12 15 0.30848846 
661 170 12 15 0.30501625 
674 44 13 15 0.3049386 
75 127 10 13 0.30335313 
206 254 15 18 0.30125183 
507 158 12 14 0.29407626 
950 22 9 11 0.29010117 
507 141 13 15 0.2879531 
6 73 8 10 0.28329587 
576 39 12 15 0.28233 
89 117 11 13 0.28140607 
676 23 9 11 0.28078705 
376 167 14 20 0.2734626 
462 23 12 13 0.27240837 
371 79 11 13 0.26469976 
606 257 15 17 0.26405996 
81 104 9 12 0.2631689 
983 108 10 13 0.25641873 
606 38 10 12 0.253692 
558 123 11 13 0.24997139 
271 160 14 18 0.24662389 
927 8 10 13 0.24647991 
394 6 13 14 0.24475649 
123 197 9 11 0.23942554 
4 15 9 12 0.23355754 
77 70 11 14 0.22135398 
596 167 9 12 0.21847995 
172 43 9 12 0.21727236 
896 134 9 12 0.21645626 
427 46 12 14 0.20495543 
288 61 13 16 0.20464745 
333 52 9 11 0.1934493 
802 86 12 15 0.1911433 
662 86 10 13 0.19014515 
431 149 12 14 0.1897387 
625 316 13 17 0.18507715 
301 162 15 18 0.18433243 
405 121 12 15 0.18311882 
944 23 9 11 0.18293151 
55 95 10 13 0.18203783 
480 1 10 10 0.1761887 
680 78 10 12 0.1744556 
454 35 12 14 0.17306387 
115 117 13 16 0.17162098 
110 30 11 12 0.17121275 
269 67 10 13 0.16623716 
97 93 10 12 0.16593839 
470 44 12 16 0.16326267 
945 27 9 12 0.16117008 
408 15 11 15 0.15882723 
435 99 12 14 0.15628552 
599 94 11 12 0.1562493 
966 31 12 15 0.1553113 
504 164 13 14 0.15514241 
974 83 12 15 0.15503052 
478 4 9 12 0.15485227 
598 233 17 20 0.15478985 
512 104 10 12 0.15360276 
928 39 10 12 0.15350056 
455 386 14 21 0.15286623 
894 93 11 12 0.15229464 
652 13 11 14 0.15139543 
709 216 14 17 0.15016568 
55 3 10 13 0.1495899 
264 70 11 14 0.14637622 
576 125 12 16 0.14600074 
567 4 10 12 0.14413461 
633 191 14 16 0.14294991 
339 166 15 17 0.14247154 
457 54 10 12 0.14196837 
142 71 11 14 0.1416552 
926 86 10 12 0.14097598 
148 16 11 13 0.14031902 
557 189 11 14 0.13997355 
886 183 15 19 0.13899626 
718 243 12 16 0.13815488 
597 141 11 13 0.1377659 
598 228 14 16 0.13561974 
75 52 12 15 0.13550106 
440 117 10 12 0.13481647 
998 22 9 11 0.13426563 
104 5 9 12 0.13241115 
635 442 11 14 0.13130313 
824 65 10 12 0.13129506 
62 94 11 13 0.1281239 
598 30 11 13 0.12581828 
944 163 10 14 0.12523817 
1014 45 9 14 0.1250011 
608 156 10 13 0.123493455 
983 61 12 15 0.12325691 
367 34 13 16 0.12203158 
445 228 11 14 0.12059615 
519 114 12 14 0.11909518 
920 53 9 10 0.11840944 
894 80 7 9 0.11764462 
326 263 13 16 0.11712395 
85 109 10 12 0.11638744 
894 87 10 12 0.11577146 
14 38 9 12 0.11557302 
941 211 9 13 0.11519718 
327 10 12 15 0.11444541 
684 371 11 14 0.11426116 
724 221 11 15 0.113328226 
936 143 10 13 0.113217056 
937 111 10 12 0.112027526 
368 7 11 15 0.11105371 
614 38 10 12 0.110710986 
801 202 12 15 0.1104154 
957 280 8 10 0.110071346 
72 68 11 14 0.11005056 
428 223 11 15 0.10921586 
393 285 9 11 0.107850716 
534 14 10 12 0.107652634 
519 134 9 11 0.10652468 
333 7 12 14 0.10581926 
438 110 12 15 0.1049737 
769 190 9 11 0.104002744 
109 36 10 13 0.10385866 
879 85 8 10 0.10364051 
542 212 11 15 0.10351444 
2 19 9 14 0.102342114 
5 140 10 13 0.10232406 
540 49 13 16 0.10170453 
287 344 15 19 0.101698406 
1013 139 11 17 0.100849494 
438 195 13 17 0.10017334 
509 267 9 12 0.09970341 
951 88 10 13 0.09924186 
159 8 9 10 0.09753948 
487 183 13 17 0.09589657 
577 110 11 15 0.095030665 
654 5 12 14 0.09465112 
645 6 12 13 0.094297424 
717 158 11 14 0.09429677 
95 127 11 14 0.09402682 
276 111 13 17 0.0939173 
237 87 11 14 0.09348224 
653 248 15 21 0.09319602 
364 279 11 13 0.09193788 
17 89 10 12 0.091717325 
957 21 9 11 0.091164224 
68 92 9 13 0.089528546 
501 41 11 14 0.088734984 
517 146 13 17 0.08848258 
604 99 13 14 0.088207416 
888 79 8 9 0.087553404 
1006 104 13 16 0.08727892 
601 36 10 13 0.08692788 
406 43 11 14 0.08631741 
607 43 10 12 0.086180836 
73 60 11 13 0.08578441 
428 154 13 14 0.08576904 
973 101 13 16 0.085387 
94 67 12 14 0.08515583 
28 753 16 16 0.08503488 
983 148 11 12 0.084962 
432 107 11 13 0.08469521 
977 107 11 14 0.08448315 
612 156 11 13 0.084247164 
920 39 9 10 0.08417038 
551 302 12 15 0.08367709 
676 28 12 15 0.08318578 
622 29 11 12 0.08318009 
309 362 14 19 0.082901984 
959 38 11 15 0.08201091 
395 45 12 16 0.08197769 
696 196 12 15 0.081706315 
446 208 13 16 0.08079259 
909 119 10 13 0.08069994 
201 6 9 11 0.0804041 
582 199 12 16 0.080132686 
63 28 10 12 0.079492055 
702 76 13 15 0.0785839 
510 78 12 15 0.078253515 
271 144 22 25 0.077934645 
544 0 8 9 0.07759256 
904 56 8 10 0.07711927 
414 62 9 12 0.076987475 
592 28 10 13 0.076476656 
911 70 8 10 0.07626469 
104 1 8 8 0.076151155 
559 184 11 13 0.07591028 
135 62 10 13 0.07568954 
275 138 16 20 0.07566012 
95 100 10 12 0.07563125 
158 133 11 14 0.07494236 
403 163 12 16 0.0749057 
655 0 11 10 0.07479126 
648 69 11 14 0.07458319 
687 61 11 13 0.07439777 
112 91 11 14 0.07434777 
421 226 12 15 0.07307067 
723 213 11 14 0.07306358 
341 0 11 10 0.07278304 
407 190 11 13 0.072586045 
719 220 10 14 0.07251545 
159 0 8 8 0.072450936 
710 0 9 8 0.07232489 
605 31 11 14 0.07217479 
687 6 10 13 0.0720723 
561 1 8 9 0.071995005 
383 124 15 17 0.07151755 
397 215 14 18 0.07134824 
767 206 11 15 0.0701713 
473 1 9 10 0.06936584 
158 12 9 13 0.0693345 
283 131 11 14 0.06927159 
828 127 12 13 0.06904979 
633 46 10 14 0.06894044 
602 241 16 19 0.06882192 
136 1 9 9 0.06878291 
901 30 8 10 0.068722114 
357 61 11 14 0.06859428 
285 29 11 14 0.06843801 
424 157 11 14 0.06826373 
501 168 14 16 0.068006486 
2 78 9 13 0.06799286 
660 76 10 13 0.06774269 
731 148 9 12 0.06758017 
96 41 10 13 0.067537695 
904 61 10 13 0.067470536 
264 29 10 12 0.06718421 
742 -1 9 9 0.066959284 
430 94 11 14 0.06689499 
190 0 9 9 0.06681189 
137 4 10 12 0.06655928 
101 40 12 13 0.06609719 
144 103 11 14 0.06601164 
416 178 13 15 0.06562584 
104 30 10 12 0.06559734 
612 244 10 13 0.06522935 
385 45 12 16 0.06517253 
437 255 9 12 0.06492532 
310 28 12 16 0.06447484 
299 26 12 15 0.06430875 
671 149 11 13 0.06406696 
668 60 11 14 0.0637886 
985 5 10 11 0.063764 
356 201 13 15 0.063659206 
637 247 12 14 0.06365878 
952 17 8 11 0.062959194 
544 181 11 13 0.06295529 
798 131 11 13 0.062882714 
367 18 11 13 0.061786752 
128 21 9 12 0.061753836 
558 4 9 13 0.061656114 
102 70 9 12 0.06132002 
0 27 7 13 0.06121939 
466 387 15 21 0.061086074 
405 100 13 17 0.061017416 
374 1 10 10 0.060573183 
336 252 11 14 0.06009173 
639 139 12 13 0.059756696 
548 130 11 14 0.059746653 
903 150 8 12 0.05960425 
637 12 9 13 0.059129182 
759 291 9 11 0.058613256 
550 125 11 14 0.05859625 
976 54 10 13 0.057826024 
359 180 13 17 0.05767423 
345 371 17 20 0.057593513 
431 59 11 12 0.057467174 
357 4 12 14 0.05703625 
46 33 9 12 0.05696415 
544 7 8 11 0.056740616 
429 37 11 13 0.056656886 
158 102 12 15 0.05654605 
644 85 12 13 0.05627467 
485 3 9 11 0.056251183 
567 172 9 12 0.05601795 
359 54 9 11 0.055682756 
397 100 13 16 0.055506784 
486 170 13 16 0.055456754 
632 6 10 14 0.055386446 
882 82 7 9 0.055318795 
389 92 12 14 0.05514234 
639 6 10 13 0.055129845 
358 76 12 15 0.055066343 
472 15 9 11 0.054961875 
911 40 8 11 0.054651614 
769 221 11 15 0.054555096 
436 46 11 13 0.053999234 
986 102 12 16 0.053925715 
941 62 9 11 0.05389692 
110 44 11 14 0.053735454 
523 4 10 13 0.053714447 
117 16 10 12 0.05366226 
230 129 13 17 0.053537652 
646 0 10 11 0.05336182 
769 184 10 12 0.052748866 
911 63 8 10 0.05269017 
118 46 10 13 0.05259012 
707 172 12 15 0.052435182 
749 249 13 16 0.05241485 
625 202 12 17 0.05238345 
767 197 9 13 0.052334055 
645 117 10 12 0.052312043 
952 108 9 11 0.05224205 
13 31 9 12 0.05216058 
477 13 9 11 0.051816516 
453 137 13 17 0.051642973 
937 104 9 10 0.051618896 
467 21 11 13 0.051554155 
486 209 13 16 0.05130307 
365 95 10 13 0.051031373 
700 377 13 16 0.050992608 
1006 70 12 14 0.05072402 
663 119 11 14 0.050722685 
565 241 13 17 0.050703943 
490 194 12 15 0.050678536 
412 189 12 15 0.050441995 
55 62 10 12 0.050422527 
125 37 10 12 0.05030305 
366 69 13 16 0.05029582 
305 36 12 16 0.050000727 
967 227 10 12 0.049990423 
904 118 10 13 0.04986288 
436 52 11 13 0.049648747 
894 60 10 13 0.04959464 
256 74 13 16 0.049576346 
21 99 9 12 0.04934362 
411 285 9 10 0.049309537 
988 66 10 14 0.048954703 
773 155 10 12 0.048943054 
583 184 12 15 0.04887577 
42 31 9 11 0.048799887 
969 286 8 9 0.048352785 
1011 93 10 15 0.048300233 
893 54 8 10 0.048201002 
942 286 8 12 0.048163194 
876 181 19 24 0.048118692 
889 93 9 11 0.048102308 
413 123 12 15 0.04805691 
545 188 12 15 0.047732066 
269 113 15 18 0.047677398 
286 55 13 16 0.04754404 
343 90 11 14 0.04734092 
94 137 13 17 0.047291588 
310 22 11 14 0.04719419 
399 36 11 15 0.047058318 
896 339 11 13 0.047003552 
481 53 9 13 0.04695205 
616 165 10 13 0.046833694 
5 6 10 11 0.046784867 
112 15 9 12 0.046712726 
357 68 12 16 0.046660203 
557 58 11 14 0.046609387 
553 0 8 9 0.046540394 
231 116 16 19 0.046268225 
678 49 12 14 0.046055898 
332 257 12 17 0.045928262 
620 61 13 15 0.0457547 
698 585 15 19 0.0457486 
314 201 13 17 0.04564889 
944 91 10 13 0.045641113 
648 106 11 14 0.045596268 
993 21 9 11 0.04520238 
640 91 10 13 0.045119368 
983 92 11 13 0.04510312 
992 287 10 12 0.04508664 
514 1 10 11 0.04498008 
265 98 13 16 0.044935707 
543 126 12 15 0.044917837 
683 167 11 13 0.04479658 
917 69 9 11 0.044718876 
328 46 9 12 0.044516377 
234 4 12 14 0.044424307 
710 6 9 12 0.044094983 
456 45 11 15 0.04401111 
417 90 11 14 0.043869942 
20 78 10 11 0.043645103 
940 36 11 14 0.043626457 
659 3 10 13 0.043601073 
998 285 10 12 0.043563873 
791 227 11 15 0.043495454 
928 90 9 13 0.04344549 
610 7 19 22 0.043372467 
334 154 14 18 0.04325875 
972 89 13 17 0.043218404 
910 104 11 13 0.043116104 
490 204 14 18 0.0429676 
874 126 13 16 0.042877004 
1007 30 9 11 0.04278123 
693 67 11 16 0.042746443 
670 191 13 16 0.04266913 
695 373 12 15 0.042509653 
373 124 10 15 0.042468 
463 163 12 16 0.042459086 
158 67 11 14 0.04239535 
592 242 13 17 0.042390462 
760 199 8 12 0.042298295 
69 119 10 12 0.04215148 
413 225 14 18 0.04194865 
366 100 10 13 0.04184611 
463 171 13 16 0.04183974 
124 4 11 13 0.041824836 
367 0 10 11 0.04175308 
694 191 11 14 0.041737456 
830 94 10 14 0.04163842 
455 22 10 12 0.041588213 
523 145 13 17 0.041170232 
388 101 15 17 0.041092385 
216 19 11 14 0.040851578 
87 94 10 11 0.04082546 
648 18 13 15 0.04063089 
938 64 9 11 0.040516466 
56 12 10 13 0.040503144 
389 38 12 15 0.040341225 
536 8 9 10 0.04021377 
315 37 13 16 0.040211618 
406 -1 11 10 0.040077705 
565 206 10 13 0.04002434 
373 102 9 12 0.039998222 
515 182 14 17 0.03995142 
74 39 10 12 0.039939146 
468 179 11 15 0.03986105 
906 68 9 12 0.039701566 
944 17 9 10 0.03965289 
559 171 10 12 0.03951508 
552 118 11 14 0.039506234 
702 66 13 16 0.03949981 
669 68 12 15 0.039438237 
547 68 11 13 0.039430264 
597 21 11 13 0.039399225 
278 125 14 15 0.03938403 
598 88 11 13 0.03900996 
88 88 9 12 0.038953144 
126 0 10 10 0.03879948 
512 232 10 12 0.03876303 
137 69 10 12 0.038655046 
477 156 11 13 0.038615003 
118 130 13 15 0.038571477 
558 203 11 14 0.038541146 
549 248 15 18 0.03850452 
17 118 11 15 0.038444713 
726 294 8 11 0.038354427 
264 64 11 13 0.0382505 
87 122 12 15 0.038234696 
392 1 11 11 0.038036734 
788 151 11 13 0.038010847 
684 82 10 13 0.037992645 
494 171 11 14 0.037982058 
525 1 10 10 0.037919007 
999 27 11 12 0.037826076 
136 14 10 13 0.03777635 
592 20 11 14 0.037737794 
21 38 9 11 0.037720267 
183 53 10 11 0.03771195 
646 190 12 15 0.037550922 
34 142 12 14 0.037461247 
394 106 13 15 0.037420236 
411 114 13 15 0.037340384 
360 94 11 14 0.03726359 
397 93 12 15 0.037249632 
359 83 11 13 0.037222877 
405 171 12 16 0.037165243 
895 98 12 14 0.03712295 
818 68 9 12 0.037109103 
100 87 12 14 0.03706803 
396 280 9 12 0.03705751 
126 149 11 12 0.037015233 
442 139 14 17 0.036877792 
564 124 11 13 0.036840245 
981 56 11 13 0.036836877 
566 58 10 14 0.036731992 
453 221 11 13 0.036604267 
69 88 11 13 0.03655363 
590 258 12 16 0.036506776 
397 0 11 10 0.036395766 
333 183 15 17 0.036385488 
8 29 10 13 0.036279198 
579 98 11 15 0.036132537 
974 286 9 11 0.036125746 
192 5 10 12 0.036100697 
50 100 10 12 0.03605153 
120 0 11 11 0.035986066 
141 63 11 12 0.035915088 
551 60 11 15 0.035886273 
158 84 11 14 0.03583551 
962 67 13 15 0.035807643 
782 198 13 16 0.035777383 
355 19 11 14 0.035723522 
198 134 12 15 0.035661556 
69 101 9 11 0.035589635 
967 24 8 10 0.035568736 
165 86 11 14 0.035566162 
681 174 10 13 0.03550723 
434 19 17 21 0.03545015 
705 0 9 9 0.035276126 
952 38 10 13 0.03525327 
768 1 10 10 0.03520234 
446 104 13 16 0.035198294 
446 14 12 14 0.035143398 
307 13 11 13 0.035083514 
110 6 9 11 0.035075866 
55 88 10 11 0.03498185 
1008 1 9 9 0.034896944 
569 11 10 12 0.034875527 
168 3 11 12 0.034866445 
628 208 13 17 0.034862515 
627 106 11 14 0.034814745 
351 0 10 10 0.034798395 
444 20 11 14 0.034686986 
462 6 9 10 0.034589466 
615 31 10 12 0.03458771 
717 41 12 15 0.03452179 
1008 133 13 18 0.034483902 
221 14 10 12 0.034483373 
461 131 12 16 0.034464795 
424 151 11 13 0.034415003 
518 171 13 15 0.034399807 
413 245 11 14 0.034333367 
177 166 12 15 0.03432749 
253 54 10 13 0.034301423 
268 122 14 16 0.0342856 
572 172 12 14 0.034206055 
536 131 11 14 0.03420267 
992 45 11 12 0.03416606 
102 23 9 11 0.034133147 
556 244 14 17 0.034092102 
622 96 11 13 0.034071382 
426 196 13 17 0.034039512 
213 0 11 11 0.033992227 
829 61 11 14 0.033922654 
894 47 8 10 0.033854563 
996 140 11 15 0.033689298 
81 11 17 21 0.033633493 
239 55 13 17 0.03356399 
438 226 13 17 0.033475026 
460 107 11 16 0.033457674 
145 45 10 13 0.03345029 
599 248 15 20 0.033433735 
615 100 11 14 0.033403955 
543 207 11 14 0.033388864 
40 0 10 9 0.033375815 
385 95 10 12 0.03331965 
291 350 17 24 0.03331741 
511 23 9 12 0.03328058 
927 109 9 11 0.03326094 
437 61 10 12 0.03318927 
820 213 14 16 0.033163093 
656 166 13 16 0.033133157 
141 1 10 9 0.032978166 
630 21 11 14 0.032977812 
47 0 9 9 0.032887943 
302 110 12 15 0.03285512 
709 180 10 13 0.032846287 
656 178 12 16 0.032802917 
103 14 9 11 0.032471936 
940 121 12 14 0.03243667 
226 137 21 26 0.03235214 
169 -5 20 20 0.0323063 
605 282 11 14 0.0322256 
616 171 11 14 0.032198917 
215 16 10 12 0.032180957 
637 318 9 12 0.032166716 
109 150 9 12 0.032135386 
636 50 11 14 0.03213076 
262 108 14 17 0.032026988 
704 6 10 13 0.03201923 
433 274 10 14 0.03198436 
462 272 12 16 0.031957284 
645 92 13 15 0.031911463 
344 109 11 13 0.03189522 
506 172 14 15 0.0318893 
460 382 15 19 0.031884544 
441 122 11 14 0.031870313 
688 191 10 13 0.031827047 
229 53 13 16 0.03182006 
406 51 10 12 0.031818815 
282 146 16 19 0.03181802 
935 93 9 11 0.031794395 
346 162 16 20 0.031757377 
452 228 10 14 0.03154397 
660 277 10 11 0.03153096 
685 126 10 12 0.031513393 
103 75 10 13 0.03141574 
701 149 12 14 0.031409312 
598 59 11 13 0.03138192 
619 37 11 12 0.031376205 
593 172 11 13 0.031322215 
126 29 9 12 0.03131899 
958 75 11 13 0.03128659 
518 100 10 12 0.031241963 
511 235 14 16 0.031214297 
373 42 12 15 0.03112292 
628 219 14 17 0.031074336 
172 119 15 18 0.031065695 
403 212 14 17 0.031031257 
392 74 16 22 0.031019732 
292 139 14 18 0.030996237 
47 5 12 13 0.03094837 
351 62 11 13 0.030866593 
550 52 11 14 0.030859677 
736 0 11 10 0.030727316 
406 180 13 16 0.030667806 
921 78 8 11 0.030648088 
678 0 10 9 0.030588796 
64 117 10 13 0.030523902 
953 283 10 11 0.030506311 
191 140 12 16 0.030451022 
614 83 12 13 0.03045063 
699 200 12 15 0.03042465 
551 173 10 12 0.030373076 
925 53 9 11 0.030271335 
962 30 9 12 0.030231303 
935 65 17 23 0.030149309 
163 133 14 15 0.030113941 
886 117 10 12 0.030090176 
492 54 9 12 0.030071529 
927 44 10 12 0.030027172 
959 110 8 10 0.02999484 
61 87 12 14 0.02994372 
895 128 9 12 0.029910468 
447 36 11 14 0.029871188 
687 291 10 12 0.029865952 
57 65 17 22 0.029857548 
963 61 12 14 0.029855369 
976 59 11 14 0.029808253 
709 11 11 15 0.029769264 
400 123 12 15 0.02975716 
52 106 13 16 0.02975487 
464 16 9 11 0.02973635 
398 71 11 15 0.02968122 
546 194 12 15 0.029606383 
966 85 13 17 0.029567106 
704 144 10 11 0.029496877 
952 69 9 12 0.029487459 
221 76 13 14 0.029472014 
554 99 12 14 0.029428413 
383 60 11 14 0.029403841 
475 218 12 15 0.029398121 
661 363 10 13 0.02933665 
86 10 10 11 0.029297385 
1001 229 10 13 0.029266585 
633 200 14 19 0.029256644 
831 138 12 14 0.029234711 
700 70 20 24 0.029214378 
844 134 11 14 0.029213617 
339 3 12 16 0.029193606 
808 278 10 12 0.029165281 
327 275 13 16 0.029141042 
54 31 10 12 0.029101072 
754 295 9 11 0.02908675 
904 94 10 13 0.029065603 
571 5 12 13 0.029062826 
149 70 10 14 0.02901742 
414 43 10 14 0.028982129 
360 402 12 17 0.028945548 
372 68 13 15 0.028941588 
510 135 12 16 0.028909886 
141 159 14 19 0.028873414 
585 60 13 16 0.028828386 
977 198 9 12 0.028820736 
478 228 12 17 0.02878662 
936 135 9 13 0.028758964 
129 132 12 15 0.02870637 
123 117 13 15 0.028623365 
767 260 14 17 0.028572265 
447 385 16 22 0.028561274 
351 7 13 16 0.028521357 
580 21 12 14 0.02851472 
910 77 8 10 0.028455472 
768 109 11 13 0.02845149 
153 0 9 9 0.028412547 
328 179 13 17 0.028379416 
836 134 19 25 0.028377187 
623 220 12 16 0.02832208 
686 67 12 15 0.028207913 
537 62 11 14 0.028194733 
360 47 9 12 0.0281864 
120 37 9 12 0.028182907 
815 283 13 18 0.028120423 
208 155 10 12 0.028053056 
150 126 12 15 0.028051112 
978 77 12 15 0.028019596 
751 135 8 10 0.028018102 
565 29 12 14 0.028011024 
785 192 21 26 0.027991876 
199 1 9 9 0.027957859 
606 116 12 15 0.027946003 
1013 30 9 12 0.0279225 
1009 98 14 19 0.027896127 
614 64 13 15 0.027816664 
999 131 12 16 0.02774659 
451 30 19 23 0.027724056 
486 47 12 14 0.02771822 
966 53 10 12 0.027701287 
0 165 10 16 0.027596083 
329 61 12 16 0.027585138 
461 44 17 21 0.027563954 
640 66 13 16 0.02755152 
965 117 9 11 0.027429497 
759 5 11 11 0.027420951 
759 228 11 13 0.027417237 
446 70 10 13 0.027406787 
-104 278 534 461 0.027365102 
613 92 12 14 0.027341012 
428 123 11 16 0.027279373 
508 143 17 21 0.027267192 
652 95 13 16 0.027265701 
341 114 12 15 0.027248431 
536 0 9 9 0.027206829 
639 37 11 15 0.027142664 
719 225 13 17 0.027136093 
773 0 11 10 0.027057227 
232 22 11 14 0.027042305 
101 62 11 12 0.027013123 
57 21 10 11 0.026942946 
976 116 11 13 0.026933784 
274 100 12 14 0.026873676 
556 304 14 17 0.026872858 
263 23 10 13 0.026839487 
663 59 9 13 0.026820974 
0 47 7 12 0.026796412 
692 211 13 15 0.026794886 
998 290 14 15 0.026774997 
995 148 11 13 0.026769774 
677 70 11 15 0.026743598 
700 191 12 14 0.026731566 
935 157 10 14 0.02671113 
967 280 8 10 0.026627064 
110 110 12 15 0.026625212 
464 216 11 13 0.026591716 
646 182 12 14 0.02659154 
738 15 18 22 0.026547015 
338 69 12 16 0.026538307 
456 0 9 10 0.026527261 
518 166 11 13 0.026511837 
59 4 11 13 0.026405396 
120 201 11 14 0.026402393 
480 195 12 15 0.026310654 
191 12 11 13 0.02628984 
183 47 10 12 0.026289497 
609 76 12 14 0.026234133 
238 14 10 11 0.02620326 
510 241 14 17 0.026153894 
598 0 9 11 0.026100969 
639 108 11 14 0.026100373 
42 45 11 12 0.026067948 
121 51 9 13 0.025954718 
703 213 14 17 0.025945244 
1012 75 11 15 0.025894322 
668 215 14 16 0.02588322 
919 130 11 13 0.025877077 
605 195 12 15 0.025833745 
453 121 12 14 0.025825938 
69 14 9 12 0.02578565 
376 131 11 17 0.025781846 
482 111 13 15 0.0257292 
173 130 12 15 0.025705248 
718 135 11 14 0.025675789 
18 119 18 22 0.025655923 
415 68 10 13 0.025634106 
674 227 13 16 0.025617033 
267 73 12 15 0.02560593 
613 42 11 13 0.0255624 
717 71 12 15 0.025511554 
900 141 9 11 0.025501218 
298 353 20 27 0.025493067 
41 130 11 15 0.025482336 
978 150 11 12 0.025466416 
563 189 10 12 0.025448976 
160 138 12 14 0.025416072 
984 12 11 13 0.025398457 
452 103 13 17 0.025394797 
416 165 12 16 0.02538039 
903 155 12 16 0.02537038 
86 54 10 12 0.025364548 
351 202 12 15 0.025289671 
283 109 13 16 0.02525659 
515 0 18 22 0.025170017 
241 147 14 18 0.02515509 
938 22 8 10 0.025096016 
1013 126 10 14 0.025081145 
936 275 10 11 0.02506428 
581 29 11 13 0.0250534 
48 108 11 14 0.025035355 
962 194 11 14 0.025034739 
236 108 17 20 0.02501828 
513 65 12 15 0.025002066 
676 328 13 14 0.024973948 
226 0 18 20 0.024940226 
916 182 11 14 0.024915723 
605 106 13 15 0.024892097 
79 0 10 10 0.024890497 
582 3 11 14 0.024860077 
407 62 11 13 0.024822729 
710 45 12 14 0.024809996 
383 36 12 15 0.024806723 
795 194 19 25 0.024800235 
650 38 12 14 0.024740834 
243 106 15 19 0.024735415 
120 192 11 14 0.0246696 
679 180 11 13 0.02466385 
965 76 12 15 0.024620738 
439 0 10 10 0.02460336 
139 75 11 14 0.024486706 
716 107 11 14 0.024472198 
721 147 10 13 0.024385098 
564 182 11 14 0.024381202 
114 109 15 18 0.024376871 
339 144 14 18 0.02437323 
813 278 12 14 0.024372501 
421 123 13 16 0.024361689 
997 124 11 15 0.024355663 
526 101 9 12 0.024323625 
620 166 11 14 0.024320934 
350 35 11 14 0.024319677 
365 42 13 15 0.024312934 
638 18 11 14 0.024307834 
100 99 11 13 0.024296233 
621 54 12 13 0.024283012 
700 167 20 25 0.024242416 
443 131 14 18 0.024214493 
906 45 7 9 0.024196034 
990 15 10 12 0.02418438 
438 37 11 13 0.024183154 
957 86 10 15 0.024140358 
390 212 16 19 0.024123069 
743 77 12 15 0.02403444 
421 99 13 16 0.024028381 
92 111 9 12 0.023997068 
351 68 11 15 0.023974072 
890 133 9 11 0.02397401 
910 56 9 10 0.02394231 
524 178 11 15 0.023911016 
94 74 14 16 0.023904964 
431 115 11 14 0.023901375 
415 52 10 13 0.023899812 
109 50 11 15 0.023884505 
134 47 10 13 0.023822142 
551 153 17 23 0.023811942 
464 225 13 16 0.02377354 
184 25 17 22 0.023755498 
269 132 15 19 0.023716567 
16 77 9 12 0.023710584 
518 83 17 21 0.02368834 
747 14 10 13 0.023642238 
202 0 20 23 0.023635503 
589 182 10 12 0.023582345 
519 125 11 14 0.023521867 
16 88 16 21 0.023520747 
158 62 10 13 0.02351739 
640 1 10 11 0.023515299 
727 1 11 11 0.023491913 
764 287 9 12 0.023466876 
355 162 14 18 0.02346473 
966 111 9 11 0.023444513 
937 187 11 14 0.023439972 
45 53 10 13 0.023395529 
675 193 13 17 0.023394799 
889 60 8 12 0.023390599 
801 155 13 16 0.023386544 
380 6 13 15 0.023334201 
510 44 11 14 0.023311848 
887 125 11 14 0.023284016 
853 155 10 14 0.02326818 
912 175 9 12 0.023262449 
904 78 10 10 0.023254119 
346 17 12 15 0.023223907 
112 99 12 15 0.023192188 
888 73 7 9 0.023188708 
1006 85 14 17 0.023186002 
630 0 10 10 0.023177626 
652 140 12 14 0.023158973 
149 105 11 14 0.023117045 
591 150 11 13 0.023106309 
847 96 9 11 0.023091597 
222 133 13 17 0.023073297 
87 131 12 15 0.023071842 
430 132 13 17 0.023058994 
703 55 18 22 0.023048954 
607 173 10 12 0.023031596 
57 74 12 15 0.023014802 
523 109 13 16 0.02300134 
1003 294 12 14 0.02299737 
558 149 11 15 0.022963587 
366 268 13 16 0.0229527 
961 116 9 13 0.022948138 
698 333 9 11 0.022931106 
689 286 10 13 0.022925517 
930 143 10 13 0.022925148 
421 141 11 13 0.022894576 
103 115 11 15 0.022857599 
142 39 10 13 0.022847226 
464 245 10 12 0.022757258 
607 20 10 13 0.02274814 
192 136 10 12 0.02272229 
50 129 12 15 0.022704823 
293 35 11 13 0.02266631 
335 0 13 13 0.022665074 
431 16 12 14 0.02265886 
329 404 12 16 0.02258895 
294 116 13 17 0.022582013 
550 106 12 15 0.022560062 
692 61 11 13 0.022547295 
459 196 13 17 0.022530047 
503 229 9 13 0.022528313 
759 134 9 11 0.022511031 
449 52 9 12 0.022469994 
52 43 10 12 0.022454355 
851 131 11 14 0.022453045 
315 357 16 19 0.022431148 
431 70 11 14 0.022416692 
573 13 11 13 0.022398949 
685 180 12 14 0.022390438 
69 110 11 13 0.022333313 
417 78 10 13 0.022301633 
633 250 12 15 0.022282694 
671 50 12 15 0.022277273 
677 106 14 16 0.02227528 
638 147 13 15 0.022237819 
22 111 11 14 0.022231733 
903 111 9 11 0.02221465 
895 146 11 14 0.022203568 
456 6 9 11 0.02220208 
423 39 11 13 0.022176772 
278 61 11 14 0.02216877 
537 37 12 13 0.022140795 
151 40 11 14 0.022140605 
935 181 10 13 0.022138767 
406 7 11 12 0.022132182 
951 62 10 12 0.022126256 
45 137 12 15 0.022108186 
171 138 14 17 0.02204687 
991 116 10 12 0.022028811 
579 86 11 15 0.021970322 
958 62 12 14 0.021929653 
151 57 10 13 0.021898635 
992 124 10 15 0.02187091 
308 430 16 22 0.021846488 
548 257 16 18 0.02184566 
904 39 8 10 0.02183401 
436 270 10 14 0.02183371 
750 76 13 15 0.021788169 
917 64 9 10 0.021766724 
62 109 12 14 0.02172053 
478 163 12 16 0.021705488 
735 212 10 13 0.02168866 
589 156 11 13 0.021674758 
653 146 11 14 0.021672808 
879 93 9 11 0.021647422 
724 176 14 16 0.021591224 
1015 21 9 12 0.02155957 
438 70 11 14 0.02154949 
691 589 18 21 0.02150619 
575 30 12 15 0.021465307 
368 164 10 16 0.02145895 
1006 200 14 20 0.021395162 
889 86 9 12 0.02138525 
438 293 9 12 0.021381086 
856 54 9 12 0.021374064 
477 422 11 14 0.021360926 
707 587 12 17 0.021357147 
678 59 12 15 0.021343894 
767 138 18 23 0.021299405 
86 39 9 12 0.021297323 
477 212 12 16 0.021266181 
72 7 10 12 0.021257976 
547 300 10 14 0.021236993 
943 57 8 10 0.02122184 
646 208 14 17 0.02120624 
397 118 12 14 0.021204842 
628 357 10 13 0.021191357 
484 233 14 18 0.02116137 
600 257 13 18 0.021130996 
883 192 16 19 0.021091534 
85 112 19 24 0.021089448 
836 95 10 12 0.021064555 
989 1 11 10 0.021039305 
452 14 10 13 0.021022465 
255 20 10 13 0.021007847 
342 365 14 19 0.02100436 
590 44 11 13 0.020983996 
175 62 10 13 0.02097172 
180 142 14 17 0.020938855 
503 135 12 16 0.020885518 
399 169 12 16 0.020844761 
998 5 10 11 0.020827066 
422 207 12 16 0.020817965 
934 13 8 11 0.020780317 
364 51 12 13 0.020761503 
306 5 13 15 0.020747516 
545 101 11 13 0.020738527 
654 53 11 14 0.020694995 
68 20 9 13 0.020661851 
96 29 10 12 0.020661827 
1008 37 11 13 0.020617524 
752 5 11 12 0.020614471 
790 7 10 10 0.02060029 
848 126 11 13 0.02057308 
897 25 9 12 0.020534016 
111 1 8 9 0.020517591 
658 107 11 13 0.020510633 
559 141 11 13 0.020495862 
543 258 11 15 0.020481972 
155 76 13 16 0.020453569 
401 38 19 24 0.020450331 
948 145 11 13 0.020426905 
235 26 11 15 0.020383526 
976 281 9 11 0.020375947 
250 60 12 14 0.020316629 
895 116 10 12 0.020313099 
629 155 12 14 0.020308971 
275 50 13 15 0.020280808 
124 124 14 17 0.020261459 
607 316 10 13 0.02023584 
922 9 96 123 0.020196756 
221 141 15 22 0.020178307 
157 38 10 13 0.020164998 
398 62 10 12 0.02016079 
484 219 13 15 0.020141676 
64 124 10 13 0.020119788 
975 190 11 12 0.020108672 
389 169 11 15 0.020088132 
711 162 12 16 0.020083547 
989 132 13 17 0.020075798 
488 36 11 14 0.020066062 
606 53 11 15 0.020050183 
