35_Basketball_Basketball_35_209
829
502 136 34 45 0.99360996 
419 106 33 44 0.9922305 
899 184 17 21 0.96887714 
614 234 10 12 0.55438656 
16 236 14 17 0.53743374 
89 207 8 11 0.53059804 
978 222 15 17 0.4691042 
175 194 14 18 0.4082055 
69 263 8 11 0.3437497 
48 239 11 13 0.3428622 
750 203 7 10 0.33109683 
151 231 8 10 0.32329834 
79 230 7 10 0.30954465 
52 293 9 12 0.30545458 
33 263 9 11 0.29183078 
990 157 10 12 0.25691754 
662 239 8 10 0.24904445 
126 78 8 11 0.2489936 
17 232 10 12 0.24849123 
48 48 8 10 0.24293038 
975 167 8 11 0.23727465 
134 229 8 10 0.22926871 
70 292 9 11 0.22625464 
1005 166 9 11 0.22506751 
47 192 10 12 0.22267795 
959 265 12 16 0.22004253 
36 269 10 14 0.21226072 
877 183 10 12 0.20833759 
86 265 8 10 0.20654143 
713 265 8 10 0.20447709 
30 196 9 12 0.19394018 
87 293 10 12 0.19323957 
89 212 9 12 0.18915465 
64 267 10 12 0.18842499 
70 323 9 12 0.18249427 
879 188 10 12 0.179403 
274 199 8 10 0.16976123 
16 206 10 13 0.16466884 
77 225 8 10 0.16416855 
145 254 7 9 0.15632983 
1001 288 11 17 0.15491289 
33 229 8 11 0.1544212 
912 160 9 11 0.15293807 
53 243 9 11 0.15220565 
884 189 10 13 0.14859743 
638 208 7 9 0.14527807 
641 144 9 12 0.14514525 
13 260 9 12 0.1449165 
24 190 8 11 0.14396282 
664 263 7 9 0.142794 
634 232 7 10 0.14256833 
22 182 8 10 0.13813862 
1013 229 10 16 0.13775995 
929 195 10 13 0.13715504 
966 242 10 14 0.13541235 
695 230 7 10 0.13529727 
989 190 11 13 0.1328266 
63 207 8 10 0.1321931 
666 231 7 10 0.13025771 
950 189 9 12 0.13000534 
335 86 7 9 0.12819776 
56 215 8 10 0.12606196 
55 318 9 12 0.12590803 
982 140 8 11 0.12012921 
153 224 8 11 0.11816585 
942 173 9 12 0.117962345 
25 54 8 9 0.1175904 
925 175 9 12 0.117005736 
165 215 11 13 0.11646579 
392 95 42 62 0.11564963 
949 181 9 12 0.115406156 
178 229 8 12 0.11399441 
10 205 9 13 0.11243254 
977 114 7 9 0.11228441 
254 200 8 10 0.11167132 
945 158 8 10 0.111235656 
7 230 9 12 0.110377766 
119 271 7 10 0.108855456 
32 207 9 11 0.108600244 
127 200 9 10 0.10831019 
941 167 9 11 0.10471598 
838 229 14 17 0.10381677 
967 160 8 10 0.10267622 
49 216 8 10 0.10141999 
382 64 8 11 0.10126819 
967 219 9 13 0.10111705 
962 220 9 12 0.100933656 
161 216 10 12 0.100772865 
70 187 10 12 0.09929028 
838 119 7 10 0.09913013 
934 197 9 12 0.09886338 
337 207 9 10 0.09639932 
727 255 8 10 0.096128024 
634 207 7 9 0.09585361 
151 318 9 11 0.09560417 
637 237 8 11 0.0949495 
648 201 7 8 0.09437458 
886 160 7 10 0.09408603 
15 200 9 11 0.09293666 
929 157 7 10 0.09189211 
111 290 8 9 0.091155134 
997 218 10 13 0.09077594 
998 158 9 12 0.090593465 
959 112 8 10 0.08964195 
952 205 8 12 0.08945231 
879 176 9 11 0.08936993 
895 144 8 9 0.08929735 
896 168 7 9 0.088984355 
746 206 8 10 0.088683575 
887 136 7 9 0.086969286 
932 193 10 12 0.08665154 
766 124 9 10 0.08618763 
917 165 9 11 0.086089514 
970 150 7 9 0.08489868 
353 250 8 9 0.08483536 
0 220 8 11 0.08415131 
37 223 9 10 0.08387199 
273 55 7 10 0.083750576 
880 160 8 10 0.083718725 
64 198 9 11 0.08365896 
270 223 8 11 0.08345099 
627 262 8 10 0.083224915 
920 174 10 13 0.08301476 
887 166 7 10 0.08293951 
674 247 8 10 0.08146108 
335 249 8 10 0.08080782 
965 134 8 10 0.08067763 
988 220 13 14 0.08048892 
969 164 9 11 0.07979735 
666 208 6 8 0.07969675 
974 150 8 10 0.07956408 
921 135 8 10 0.07946848 
320 247 7 9 0.07926332 
213 187 17 20 0.078268796 
174 188 24 30 0.07792366 
978 142 8 11 0.07731953 
862 165 8 10 0.07723658 
942 203 10 12 0.07711321 
29 54 8 10 0.07525497 
637 231 8 10 0.074644774 
32 235 9 12 0.07418403 
94 85 12 16 0.07400926 
105 213 8 10 0.07396373 
295 55 8 10 0.07366559 
919 152 8 9 0.07346774 
58 64 8 10 0.07268103 
33 223 9 11 0.07254267 
989 173 11 12 0.072359614 
510 109 10 12 0.07222647 
951 144 7 9 0.07184914 
896 149 8 9 0.07145301 
840 198 11 13 0.07125626 
47 52 9 12 0.07100995 
106 209 8 10 0.07033798 
215 65 7 9 0.07018473 
647 230 8 10 0.07016554 
271 191 8 10 0.0697215 
938 172 9 13 0.06966749 
169 257 8 10 0.06957368 
633 224 7 10 0.06949738 
265 230 9 10 0.06886812 
136 68 8 11 0.06829385 
133 264 8 9 0.068061784 
146 192 8 10 0.06771844 
655 223 7 10 0.06759004 
951 177 9 11 0.06725392 
127 291 10 12 0.066864245 
665 214 7 9 0.06685122 
473 170 16 19 0.06680357 
729 248 7 8 0.066788904 
958 118 8 9 0.06609472 
831 259 13 17 0.066081256 
273 40 7 9 0.06575398 
189 220 23 31 0.06529743 
665 223 7 9 0.0651117 
276 263 9 10 0.06501518 
65 191 8 11 0.06485669 
149 197 9 10 0.06482198 
925 137 8 9 0.06478092 
290 265 7 10 0.064370774 
23 177 7 10 0.06397477 
369 255 8 9 0.06366715 
89 48 8 10 0.063480005 
81 206 8 10 0.06327262 
689 239 7 9 0.06300128 
873 144 7 9 0.06292671 
630 253 10 13 0.06290081 
822 158 7 11 0.06271765 
382 118 31 47 0.06270407 
648 205 7 9 0.062421985 
917 159 8 11 0.062236622 
21 212 9 11 0.062084466 
991 163 9 12 0.0615481 
173 208 11 15 0.061475765 
985 152 8 10 0.061436992 
41 191 8 11 0.061239652 
928 119 7 8 0.06074407 
5 222 9 11 0.06063323 
694 288 8 10 0.060568202 
282 103 8 10 0.06034162 
295 262 8 10 0.060333207 
943 136 7 8 0.06016226 
902 177 10 12 0.05995078 
1 183 8 12 0.05974581 
64 183 10 11 0.059733655 
671 231 7 9 0.0592718 
961 133 8 11 0.059140116 
120 223 8 10 0.059140053 
881 166 8 10 0.05899409 
266 225 8 10 0.058983188 
206 45 8 9 0.05835565 
699 254 7 10 0.058345236 
929 203 11 14 0.058152366 
119 276 8 10 0.05792397 
874 158 7 10 0.057344705 
712 238 7 9 0.05732852 
946 152 8 10 0.05732362 
861 191 8 10 0.057262897 
135 200 9 11 0.05720173 
1006 126 8 9 0.057001743 
879 144 7 9 0.056965258 
144 198 10 11 0.056826245 
681 215 7 8 0.056587696 
310 200 7 8 0.056586258 
8 199 10 12 0.056571454 
134 271 7 9 0.056416642 
946 179 9 12 0.05616712 
127 255 8 10 0.056066114 
7 255 9 13 0.05589158 
384 88 7 9 0.055814825 
129 271 7 10 0.055205353 
55 313 10 12 0.055205118 
81 293 8 11 0.055204917 
52 191 9 12 0.05513849 
38 238 9 11 0.0548063 
17 191 9 10 0.054762796 
5 48 7 9 0.05471974 
770 143 7 9 0.054716296 
295 254 8 11 0.054621086 
639 213 7 9 0.054594006 
872 176 9 11 0.054589707 
175 238 8 10 0.054558445 
223 54 8 10 0.053742472 
656 247 8 9 0.053562284 
151 263 7 9 0.053176887 
950 150 9 11 0.053167008 
296 103 6 9 0.05314945 
168 271 7 9 0.053116273 
273 203 9 12 0.052904785 
582 257 10 13 0.052637834 
968 143 8 10 0.052413102 
885 183 10 13 0.05228957 
734 247 7 9 0.052276716 
950 213 9 12 0.051846713 
288 216 8 10 0.051611613 
978 136 7 10 0.05156469 
721 232 7 10 0.05153948 
37 208 8 10 0.051224105 
162 295 7 9 0.051163167 
640 263 8 10 0.05102621 
614 242 12 15 0.050507493 
873 150 8 11 0.050332185 
711 248 7 8 0.050198022 
319 73 7 9 0.049790602 
985 166 8 11 0.049709324 
506 110 9 11 0.049520954 
69 206 10 11 0.04951699 
696 248 8 10 0.04940556 
64 318 11 14 0.049261026 
696 224 7 10 0.04913783 
369 248 9 10 0.0486047 
120 206 8 11 0.04840325 
983 172 10 12 0.04791145 
678 231 7 9 0.04777113 
608 262 10 13 0.047687646 
0 260 8 13 0.04753231 
146 79 7 9 0.047529515 
61 212 9 11 0.04733951 
192 57 8 9 0.047263764 
860 181 9 12 0.047134943 
953 112 8 9 0.04690281 
687 209 6 8 0.04672137 
938 135 7 9 0.046675794 
696 293 8 11 0.046606854 
3 187 12 13 0.04654558 
735 207 7 10 0.04650685 
886 174 9 11 0.04636193 
379 65 7 9 0.046229735 
957 174 9 10 0.046035998 
240 40 9 10 0.046029944 
174 272 7 9 0.046016507 
957 206 9 12 0.04580894 
319 94 6 8 0.04579197 
63 229 8 10 0.045696236 
717 265 8 9 0.04552103 
888 142 8 10 0.045511477 
726 232 9 10 0.045507908 
105 288 8 11 0.04542483 
42 56 8 10 0.045038234 
1014 215 8 13 0.044923805 
693 311 8 11 0.04488744 
698 200 7 8 0.044422865 
143 248 8 10 0.044356484 
200 69 8 10 0.044356283 
646 261 10 12 0.044179335 
214 40 8 9 0.04414753 
330 63 7 10 0.043981787 
728 207 8 10 0.04393818 
624 255 9 11 0.043744285 
649 248 7 9 0.04355811 
18 183 8 10 0.0434997 
87 308 9 11 0.04344934 
744 270 9 11 0.043242883 
168 261 8 10 0.04320829 
152 46 9 11 0.04304355 
374 47 7 9 0.04303023 
679 224 7 8 0.042993654 
761 121 8 9 0.042983316 
874 187 10 12 0.04297412 
0 323 10 15 0.042855944 
151 269 7 9 0.042785317 
702 272 8 9 0.042678807 
63 309 9 12 0.042661164 
169 204 11 15 0.04262875 
682 209 7 8 0.042610977 
361 265 7 9 0.042605713 
613 252 11 13 0.04235566 
1005 170 11 14 0.042320784 
341 211 9 10 0.042260874 
94 49 7 10 0.042235006 
121 294 8 9 0.04221377 
146 295 8 10 0.0421286 
800 143 9 11 0.04206459 
152 215 9 12 0.041986298 
665 270 8 10 0.041933242 
104 50 9 11 0.04188593 
657 128 7 10 0.041728284 
967 111 8 9 0.041723423 
1013 167 10 13 0.04170919 
186 194 14 17 0.04155586 
112 269 8 10 0.04155192 
241 64 8 9 0.0415011 
590 215 8 11 0.04144345 
223 49 8 9 0.04141814 
296 79 7 10 0.04140432 
592 273 9 12 0.041286387 
154 64 8 10 0.041278128 
149 256 7 9 0.041182987 
461 111 8 10 0.041170694 
733 255 7 10 0.04112972 
1001 120 8 9 0.041054897 
895 173 10 12 0.040957596 
130 230 9 10 0.04094576 
1012 222 10 14 0.040836994 
141 204 10 12 0.04080697 
80 247 11 13 0.04054226 
80 262 8 11 0.04014607 
37 255 10 12 0.040021777 
981 113 8 9 0.03990683 
105 264 8 10 0.039898332 
727 271 8 10 0.039817605 
807 179 9 12 0.039789658 
92 214 10 11 0.039670855 
934 120 9 10 0.039607305 
176 186 11 15 0.039388884 
78 189 9 12 0.039328054 
198 63 8 9 0.039282914 
592 219 8 11 0.03922905 
189 80 7 10 0.039205212 
672 238 8 10 0.039194755 
67 302 9 12 0.039152578 
121 200 8 10 0.039144237 
664 256 7 10 0.038836252 
290 55 7 10 0.038757652 
329 248 7 10 0.03870779 
937 127 8 9 0.038660835 
8 212 9 13 0.038418055 
950 197 11 14 0.03836895 
1001 171 9 12 0.038338557 
862 161 8 9 0.038273063 
647 238 7 9 0.03820905 
671 271 8 11 0.038183074 
351 104 7 9 0.038131416 
122 255 7 9 0.038120218 
361 84 8 11 0.038093146 
45 8 10 11 0.038089916 
128 224 7 10 0.037984617 
959 142 8 9 0.037923075 
1 230 9 13 0.037888378 
609 230 10 12 0.03785719 
376 70 7 9 0.037788298 
87 238 7 9 0.03773284 
62 175 9 10 0.037698027 
38 214 7 9 0.03762707 
96 64 8 10 0.037498016 
295 312 12 14 0.037457686 
649 224 8 11 0.037454527 
88 231 7 10 0.037412915 
331 86 7 9 0.03726712 
927 140 8 10 0.03709045 
57 69 8 11 0.037055146 
24 196 9 12 0.0370235 
32 274 11 13 0.03695637 
790 72 8 9 0.03680069 
280 86 8 9 0.036696874 
720 216 8 9 0.03662189 
961 128 8 10 0.036575913 
974 159 8 10 0.036536694 
1013 275 10 17 0.036362294 
194 61 7 9 0.036336087 
599 223 8 11 0.036292434 
761 138 7 9 0.036283627 
922 121 7 8 0.03625463 
871 166 8 10 0.03624187 
856 166 8 10 0.03618848 
607 224 8 9 0.036109027 
973 196 9 12 0.03610355 
991 135 8 11 0.035893217 
280 97 7 9 0.03588702 
279 79 8 11 0.035852384 
147 231 7 10 0.035559915 
672 200 7 9 0.035514005 
673 252 8 11 0.03548058 
726 261 8 9 0.035440285 
303 80 7 10 0.035413627 
918 194 11 15 0.035337437 
224 31 8 9 0.03532191 
656 133 9 11 0.03528581 
632 246 10 12 0.03522515 
472 125 10 12 0.035149615 
464 174 21 25 0.035142455 
129 239 8 9 0.035016462 
1007 215 9 12 0.034970686 
749 251 9 13 0.034889713 
319 47 7 9 0.034848653 
168 47 8 9 0.034819458 
745 265 9 11 0.034761447 
804 104 9 12 0.03469506 
983 95 8 11 0.034676917 
80 235 8 10 0.03463067 
173 256 8 10 0.034457132 
662 245 9 11 0.034454893 
671 223 7 9 0.034424413 
89 220 8 11 0.034420278 
71 240 9 10 0.034386687 
151 31 8 9 0.03437232 
179 206 24 31 0.034325916 
1002 126 9 10 0.03427162 
934 152 7 10 0.03423774 
0 236 8 12 0.034077518 
367 54 7 10 0.034029376 
945 141 7 9 0.034023747 
704 215 7 8 0.03393329 
88 301 9 12 0.033887908 
160 279 7 9 0.033809867 
999 135 8 11 0.033758916 
94 231 7 10 0.033739332 
334 64 7 10 0.033711288 
269 185 9 11 0.033681847 
619 236 9 11 0.03364157 
129 248 7 9 0.033632502 
841 175 7 11 0.033585336 
1001 205 11 13 0.033578116 
160 257 7 9 0.033419073 
472 120 8 11 0.033361636 
903 151 7 9 0.033359457 
107 268 8 10 0.033308182 
46 252 11 12 0.033290774 
373 247 9 10 0.033238743 
902 167 8 10 0.033142902 
358 248 8 9 0.03310435 
835 120 7 10 0.033096366 
297 199 8 9 0.03305407 
176 219 21 30 0.03290362 
97 120 8 12 0.032867152 
170 199 21 27 0.03272412 
359 198 9 11 0.032706607 
78 317 10 13 0.032673314 
63 223 9 11 0.03267208 
141 213 10 11 0.0326207 
81 312 8 11 0.032558054 
86 246 10 12 0.032464918 
647 255 9 11 0.032445166 
48 297 11 14 0.03240933 
849 135 8 10 0.03240383 
304 86 7 8 0.032377943 
96 278 7 10 0.032331277 
272 47 7 10 0.03231848 
670 207 7 9 0.032302298 
104 220 8 11 0.03224539 
612 296 14 18 0.032127433 
215 22 7 9 0.032119744 
39 63 8 10 0.031941447 
526 111 8 11 0.03194118 
80 253 10 11 0.031912994 
38 244 10 11 0.031898957 
703 249 7 9 0.031824686 
95 246 7 10 0.03172337 
266 190 8 10 0.031722844 
205 87 8 11 0.031719577 
176 223 10 13 0.03162671 
998 140 9 11 0.03152413 
145 287 8 9 0.031459443 
319 77 7 9 0.031381894 
620 246 10 12 0.031300414 
39 196 9 11 0.03127097 
985 127 8 9 0.031262767 
691 231 7 10 0.030969577 
967 205 11 15 0.030877667 
128 262 8 10 0.03085917 
745 213 6 9 0.030846424 
1008 109 7 9 0.03081591 
210 64 8 10 0.030708786 
854 136 8 10 0.03049015 
287 238 7 10 0.030429604 
861 173 10 13 0.030329324 
262 200 8 10 0.030308269 
52 48 9 10 0.030207645 
278 56 7 9 0.03020031 
109 212 9 11 0.030077223 
704 192 6 8 0.030065028 
108 51 11 13 0.029907854 
277 255 8 11 0.029897248 
913 152 8 9 0.029811325 
329 30 7 9 0.029631903 
172 212 40 49 0.029630356 
984 101 8 10 0.029622309 
142 183 9 11 0.029616248 
282 237 7 10 0.029562153 
47 61 7 9 0.029490747 
183 63 7 9 0.02944052 
1009 220 9 13 0.029437773 
889 150 7 10 0.029403925 
152 313 9 11 0.02939765 
690 288 8 11 0.029323928 
296 97 6 8 0.029308487 
287 269 8 9 0.02928911 
293 247 8 10 0.029211473 
16 224 9 10 0.02916338 
808 173 10 14 0.029085923 
902 145 7 9 0.029005097 
991 127 7 9 0.028963502 
47 233 10 11 0.028944569 
966 129 8 9 0.028934667 
689 246 7 9 0.028785266 
997 152 9 12 0.028708141 
127 73 9 11 0.028677536 
120 264 7 9 0.028658742 
621 301 10 13 0.02860781 
145 260 8 11 0.028595077 
713 233 7 9 0.02857188 
532 236 14 18 0.028485095 
225 87 8 10 0.028454773 
951 135 7 10 0.028332042 
686 192 7 8 0.028316732 
136 278 7 9 0.028299844 
198 57 7 9 0.028252074 
167 173 9 11 0.02819783 
439 202 18 22 0.028046282 
334 32 7 8 0.027984396 
935 159 7 9 0.027976746 
22 221 9 11 0.027948827 
156 199 8 10 0.027942294 
968 197 10 12 0.027927127 
17 175 8 11 0.027905982 
14 266 10 13 0.027892003 
632 283 11 15 0.027814262 
679 239 6 9 0.027787717 
608 215 7 9 0.027733698 
303 241 7 9 0.027730549 
65 288 8 11 0.027553884 
150 287 7 9 0.02753838 
262 206 8 11 0.02751437 
1012 282 10 16 0.02750912 
119 229 8 11 0.027494838 
330 81 7 9 0.027490182 
274 72 7 8 0.027464807 
94 199 8 11 0.02742909 
104 239 8 9 0.02735033 
158 207 10 12 0.027208077 
295 41 7 9 0.02720195 
671 121 7 9 0.027179204 
1007 121 8 10 0.02716766 
601 228 9 11 0.027064467 
358 206 9 11 0.027050233 
713 199 7 9 0.027041832 
712 215 7 9 0.027034879 
1005 160 8 12 0.027004164 
551 120 12 16 0.026940404 
94 309 9 12 0.026877042 
15 285 11 14 0.02678272 
962 159 8 10 0.02671753 
689 270 8 10 0.026707275 
313 88 6 8 0.026706405 
895 136 7 9 0.026702752 
120 249 6 8 0.026645767 
186 210 14 18 0.0265957 
320 40 7 8 0.026589733 
878 151 8 10 0.026552837 
173 261 8 10 0.02650283 
175 245 8 9 0.026469098 
263 64 8 9 0.026456583 
0 253 9 14 0.026341725 
697 216 7 9 0.026332805 
196 202 13 17 0.026328828 
726 213 8 10 0.02632398 
967 213 20 25 0.026269453 
313 79 7 9 0.026212988 
872 231 10 13 0.02618971 
202 46 7 8 0.02618211 
366 84 7 10 0.026141582 
218 56 7 9 0.02610561 
901 201 11 14 0.026076967 
1008 104 8 10 0.02603065 
631 269 9 10 0.02602051 
61 67 8 11 0.025962794 
366 63 7 9 0.02594834 
152 69 8 10 0.02591895 
721 198 7 9 0.025916941 
305 200 7 8 0.025841178 
224 64 7 9 0.025828643 
297 30 8 9 0.02582146 
8 265 11 15 0.025809696 
63 239 8 10 0.025760883 
399 47 8 11 0.025722688 
856 174 10 13 0.025678534 
980 233 13 15 0.025677877 
96 238 7 9 0.025609 
985 195 10 12 0.02554165 
144 280 7 9 0.025522795 
313 73 8 9 0.025518123 
865 206 11 15 0.025501775 
278 61 8 10 0.025483934 
710 258 19 25 0.025423575 
982 118 7 9 0.025389722 
784 63 8 9 0.025250122 
864 136 6 8 0.025211748 
681 192 6 8 0.025209513 
727 199 8 10 0.025186697 
962 238 10 14 0.02518487 
545 48 8 11 0.025104431 
230 54 8 10 0.025094407 
156 230 9 11 0.025055945 
184 78 8 11 0.025023594 
294 215 9 11 0.024978183 
192 39 7 10 0.024943464 
112 223 8 10 0.024937164 
686 214 7 8 0.024861453 
769 148 9 10 0.024828924 
936 141 8 10 0.02481072 
302 207 8 9 0.024770444 
150 203 10 13 0.024768014 
168 63 9 11 0.024683956 
679 199 7 9 0.024667287 
950 220 9 13 0.024648787 
167 288 7 10 0.024636533 
657 216 7 8 0.024620863 
135 247 8 10 0.024602525 
752 216 8 10 0.024599688 
0 246 7 12 0.02455595 
314 96 6 8 0.024554167 
343 248 8 11 0.024466291 
269 228 8 11 0.024441337 
928 164 7 11 0.024417695 
744 137 7 8 0.0244113 
120 288 7 10 0.02439357 
0 269 8 13 0.02437764 
111 247 7 10 0.024371836 
670 214 7 9 0.02436246 
183 246 8 11 0.024341196 
971 243 13 16 0.024311623 
829 167 8 10 0.024267947 
119 55 10 11 0.024241572 
182 72 8 9 0.024206294 
721 135 8 10 0.024176857 
360 47 7 10 0.024151232 
297 23 8 9 0.024081334 
953 117 9 11 0.024064975 
327 183 8 11 0.024060998 
30 174 8 10 0.024029428 
180 208 14 19 0.023889774 
656 208 6 8 0.023794558 
278 41 7 9 0.023782626 
255 221 8 12 0.023692165 
840 193 9 12 0.023652362 
914 134 7 9 0.023632742 
153 52 9 10 0.023598492 
207 80 7 9 0.023574267 
898 128 7 9 0.023529511 
737 119 7 9 0.02352431 
1005 277 17 30 0.023505488 
303 23 8 9 0.023503073 
177 79 8 10 0.023474732 
160 237 8 10 0.023465883 
689 129 6 8 0.023377117 
983 212 22 26 0.023347313 
257 31 8 10 0.023274334 
261 261 9 12 0.023240253 
32 244 10 12 0.023225605 
111 264 8 10 0.023121724 
181 222 11 16 0.023112647 
693 237 9 11 0.023104383 
983 251 14 18 0.023075938 
702 278 7 9 0.02305441 
289 41 7 9 0.023052895 
377 94 8 9 0.02294442 
665 120 7 9 0.022943396 
279 46 8 10 0.02282269 
1001 111 7 9 0.02278937 
157 183 9 11 0.02277989 
216 46 8 10 0.022724334 
246 41 8 9 0.022724202 
55 277 10 12 0.022723634 
921 140 8 10 0.022708213 
144 300 8 10 0.022704622 
71 246 9 10 0.022673696 
754 121 7 9 0.0226518 
57 183 8 11 0.022640243 
145 237 7 10 0.022609815 
639 224 8 10 0.022498785 
998 237 13 14 0.022483846 
666 201 7 9 0.022447353 
372 252 9 11 0.022442827 
94 221 8 11 0.022435637 
289 71 8 9 0.02241279 
255 214 9 12 0.022412503 
202 183 10 12 0.022411989 
29 49 8 10 0.022249518 
46 234 18 22 0.022231646 
68 308 11 13 0.022148402 
988 183 13 15 0.022127151 
169 239 7 9 0.022062466 
344 254 8 9 0.02205744 
256 56 7 8 0.021990389 
369 40 7 9 0.02193888 
231 71 7 9 0.021869136 
104 246 8 10 0.021842582 
81 199 9 12 0.02181478 
744 80 8 10 0.021809546 
87 69 8 11 0.021782655 
335 48 8 10 0.021739818 
863 196 9 12 0.021705756 
581 126 11 13 0.02168907 
230 32 8 9 0.021669202 
86 201 11 12 0.02164793 
161 261 7 9 0.02161599 
879 126 8 10 0.021612475 
119 215 8 10 0.021598252 
168 230 8 11 0.02159327 
312 257 7 8 0.02158431 
343 86 7 9 0.021553453 
241 46 8 9 0.02151969 
408 31 9 11 0.021446196 
170 190 10 13 0.021433061 
94 304 8 11 0.021421451 
946 182 19 25 0.021392427 
208 70 7 9 0.021390518 
838 124 8 10 0.02135557 
688 292 8 11 0.02135515 
992 119 7 9 0.021338424 
942 127 7 10 0.021319391 
182 271 9 12 0.021297457 
247 46 7 10 0.021237556 
905 158 8 11 0.02119401 
23 276 11 13 0.021120088 
1 52 8 12 0.021118335 
53 332 10 14 0.021068547 
745 246 10 13 0.021040142 
695 272 8 10 0.021021819 
28 424 100 125 0.02099375 
952 128 8 10 0.020989172 
918 48 7 9 0.02098586 
280 231 8 10 0.02098403 
40 185 8 9 0.02095331 
58 208 8 11 0.020898221 
912 144 7 9 0.020889968 
734 229 8 10 0.020885935 
545 53 8 11 0.020880561 
353 85 7 10 0.020868436 
493 117 9 11 0.02086286 
8 235 10 14 0.02085648 
619 292 11 16 0.02076493 
727 236 8 10 0.020756032 
112 231 8 10 0.020698901 
92 293 9 12 0.020688966 
150 247 8 10 0.02068518 
361 64 7 9 0.020674296 
352 47 8 10 0.020671139 
185 56 7 9 0.020653384 
205 185 16 19 0.02064199 
145 32 7 10 0.020611348 
142 71 8 10 0.020562014 
241 88 6 8 0.020558106 
681 142 8 10 0.020530429 
596 270 10 12 0.020526025 
335 69 7 9 0.020507477 
942 241 11 13 0.02048292 
169 246 8 9 0.020469826 
846 250 11 14 0.020461002 
807 167 9 12 0.020460648 
379 87 7 10 0.020446787 
368 47 8 10 0.020437095 
1006 233 14 16 0.020412464 
290 78 7 10 0.02040113 
335 200 8 10 0.020398308 
208 30 8 9 0.020361602 
298 208 8 10 0.020351226 
958 198 8 13 0.02033962 
841 54 8 10 0.02032842 
919 128 8 9 0.02032447 
80 213 8 11 0.020293808 
48 325 9 13 0.02029076 
6 176 9 10 0.020267943 
980 216 15 17 0.020252613 
750 222 9 11 0.020242246 
47 288 17 23 0.020242168 
439 153 22 34 0.020184197 
304 40 7 9 0.020176424 
329 252 8 11 0.02016734 
734 192 7 9 0.020132286 
0 346 9 15 0.020116875 
992 111 7 9 0.020109728 
312 103 7 9 0.020106923 
689 303 8 10 0.020103505 
134 237 8 10 0.020077836 
877 195 12 15 0.02007353 
313 31 6 9 0.020054596 
321 23 7 9 0.020028552 
589 208 8 10 0.020026894 
