35_Basketball_basketballgame_ball_35_389
255
505 228 39 53 0.980355 
622 588 17 23 0.95838755 
565 619 13 17 0.6557712 
322 613 11 14 0.6196858 
221 611 10 13 0.5573449 
85 621 10 12 0.5383075 
16 610 11 16 0.4176377 
641 577 22 29 0.40033984 
28 595 9 13 0.36155912 
500 584 11 13 0.32619894 
969 588 34 39 0.31125617 
136 586 9 12 0.30540517 
153 624 9 11 0.24370024 
635 581 19 28 0.22586635 
256 625 10 12 0.21540092 
136 565 9 11 0.20747185 
158 590 7 10 0.19685784 
567 593 12 16 0.17063276 
314 595 9 12 0.14945015 
570 569 12 17 0.12122015 
313 573 8 11 0.11697167 
303 557 8 11 0.10758444 
548 613 9 12 0.10631425 
185 592 8 11 0.10341992 
110 550 8 11 0.10327797 
9 597 11 15 0.10081311 
15 582 10 13 0.09324439 
805 303 22 30 0.08856607 
62 580 9 11 0.08240561 
589 573 13 15 0.07839296 
820 305 20 29 0.07731728 
916 405 10 13 0.075101264 
518 574 13 18 0.07408841 
151 604 10 13 0.070026815 
729 598 9 12 0.06725631 
560 597 10 14 0.06707022 
286 605 9 11 0.0649359 
262 614 8 11 0.06386232 
286 589 8 10 0.0635849 
683 621 11 14 0.06103533 
140 588 9 11 0.06091468 
867 588 13 19 0.06086903 
200 569 8 9 0.0585952 
606 594 11 15 0.05776586 
189 590 9 12 0.056201886 
319 567 8 11 0.055892095 
178 543 8 9 0.05498976 
317 591 9 13 0.05479832 
223 559 7 9 0.053256862 
700 570 11 15 0.051778167 
112 568 8 11 0.05151833 
14 587 11 15 0.051365357 
469 578 11 16 0.050997723 
675 573 13 16 0.050778437 
161 558 8 9 0.05045872 
201 512 8 9 0.049640194 
547 620 11 13 0.04961557 
166 559 8 10 0.04886915 
110 588 10 12 0.04882285 
883 625 13 15 0.0487388 
890 577 49 56 0.048195247 
555 544 11 13 0.04814147 
201 542 7 9 0.047645576 
934 599 25 36 0.04685032 
221 600 8 10 0.045907464 
349 604 9 12 0.04557695 
160 553 9 10 0.04494836 
8 600 18 28 0.04426477 
233 558 8 10 0.044139948 
141 566 8 10 0.043600738 
119 589 8 11 0.04334295 
145 542 8 10 0.04320257 
177 558 8 11 0.04320237 
342 560 9 11 0.04309194 
200 584 9 11 0.042791076 
660 587 14 19 0.04247161 
935 229 29 33 0.04187843 
903 435 12 13 0.04117116 
631 560 13 16 0.041136485 
209 528 7 8 0.0408889 
206 573 8 10 0.04047639 
440 571 11 14 0.040378924 
941 586 16 20 0.04018509 
380 618 13 14 0.040059995 
21 620 13 16 0.039770335 
908 437 10 14 0.03945195 
460 616 12 16 0.03900801 
583 573 13 16 0.038954366 
913 580 51 57 0.03890928 
166 566 8 10 0.03887101 
81 615 10 13 0.03850048 
216 559 7 9 0.038416788 
161 567 8 10 0.038261496 
542 590 10 13 0.03789329 
96 568 8 9 0.037718646 
238 550 8 11 0.03768319 
90 581 8 12 0.037319522 
295 572 9 11 0.03686262 
605 553 15 21 0.03619247 
200 537 8 8 0.035996567 
201 573 8 9 0.03570863 
191 584 8 10 0.03558551 
46 566 10 13 0.03555751 
748 572 10 13 0.035508975 
917 454 11 14 0.03484899 
684 615 10 13 0.034654684 
142 561 8 9 0.034569405 
701 595 14 18 0.034160975 
894 556 29 36 0.03410465 
110 555 8 10 0.033945702 
193 569 7 9 0.033798557 
192 574 7 9 0.033659596 
926 403 10 13 0.033659555 
385 590 8 10 0.033308502 
282 590 8 10 0.033174578 
157 598 10 13 0.032679517 
176 512 8 9 0.032541994 
640 621 18 19 0.032129403 
393 540 9 12 0.03203269 
153 584 8 11 0.03189839 
103 568 8 10 0.031875275 
758 600 10 12 0.031846453 
219 606 10 13 0.031703327 
281 584 8 11 0.03165138 
129 566 8 11 0.031391982 
582 525 9 11 0.031260435 
111 615 10 11 0.030907212 
389 603 10 14 0.030745054 
237 616 8 10 0.030702043 
129 512 8 11 0.030530438 
237 555 9 12 0.030159194 
262 600 8 9 0.030130513 
239 544 6 8 0.030071741 
562 614 11 13 0.0300474 
181 519 9 10 0.0299289 
1 556 10 16 0.029465212 
183 574 8 10 0.029452678 
905 559 97 99 0.029221812 
159 527 8 9 0.028962748 
217 553 7 8 0.028898472 
474 558 10 12 0.028872177 
546 522 106 123 0.028710611 
105 557 8 10 0.02844929 
316 571 9 12 0.028433418 
161 518 9 10 0.028323574 
258 617 8 10 0.028207384 
157 584 9 11 0.028204927 
119 567 8 11 0.028064089 
579 546 15 18 0.02794844 
94 620 10 12 0.02784977 
105 586 10 13 0.027798645 
183 567 8 10 0.027763711 
149 542 8 10 0.02748957 
567 527 13 14 0.026794774 
191 597 8 9 0.026773836 
285 624 10 12 0.026511006 
224 544 6 8 0.026385197 
158 572 9 11 0.026309323 
679 593 12 17 0.026282066 
262 560 8 9 0.026238529 
392 621 10 13 0.026181888 
607 615 13 16 0.025881445 
193 528 7 9 0.025869474 
181 558 8 10 0.025765585 
261 566 10 13 0.025756296 
200 518 8 9 0.025739146 
263 605 9 11 0.025632082 
193 608 9 11 0.02552769 
128 560 8 10 0.025526425 
938 586 26 37 0.02549149 
360 583 9 12 0.025255363 
226 581 8 10 0.025177503 
206 588 8 10 0.024907585 
206 542 7 9 0.024683585 
390 588 10 12 0.024600578 
286 599 9 11 0.02433168 
224 577 8 9 0.024248939 
562 572 10 14 0.024197087 
215 574 8 10 0.024184942 
477 562 11 15 0.024114376 
659 609 16 19 0.024089163 
153 573 9 11 0.024068747 
210 559 7 9 0.024047475 
288 570 10 13 0.02403044 
182 537 8 9 0.023971718 
547 590 11 13 0.023970991 
23 591 18 23 0.02393696 
949 571 25 33 0.023931017 
129 583 9 12 0.02391312 
444 588 10 13 0.023664244 
385 523 9 12 0.02362449 
137 551 8 10 0.023570592 
577 534 25 31 0.023498278 
104 542 9 11 0.023420077 
376 615 11 15 0.023369621 
453 540 9 12 0.02334414 
64 557 10 12 0.023126043 
161 512 9 10 0.02311948 
177 518 9 10 0.023012586 
375 564 9 12 0.022946209 
908 588 14 17 0.022861958 
177 608 8 10 0.022753784 
671 576 15 20 0.022724472 
525 565 9 13 0.022575613 
414 550 10 13 0.022484465 
37 230 10 14 0.02242032 
514 574 11 14 0.022251148 
511 579 12 16 0.022246718 
719 591 9 11 0.02223327 
487 589 11 13 0.022225466 
94 581 9 13 0.0221326 
312 614 11 13 0.02201536 
177 576 8 10 0.021948438 
487 571 10 13 0.02185482 
286 612 10 12 0.021786476 
271 620 9 11 0.021742305 
725 571 12 14 0.021737257 
146 621 8 11 0.021642203 
461 565 9 12 0.021626031 
433 575 10 13 0.021572435 
739 549 12 14 0.021532357 
396 619 11 14 0.021439835 
565 602 13 16 0.021387223 
142 572 9 11 0.021385586 
106 526 8 10 0.021330282 
165 512 9 10 0.021258095 
335 567 9 12 0.021209965 
397 587 10 14 0.021096557 
111 607 9 11 0.021072257 
151 559 8 10 0.02105736 
547 566 10 12 0.020925652 
235 553 8 10 0.020917268 
543 624 11 11 0.020914871 
664 586 21 28 0.020900592 
320 560 8 10 0.020891013 
702 628 11 12 0.020836104 
206 519 8 10 0.020788545 
37 599 10 12 0.020685779 
161 534 9 10 0.020588411 
670 620 13 15 0.020581221 
495 598 10 14 0.020498691 
321 403 27 33 0.020470183 
134 512 8 10 0.02044586 
215 527 7 9 0.020432051 
875 549 24 32 0.02029219 
327 567 9 11 0.020280022 
738 619 11 12 0.020253755 
224 520 8 9 0.020234734 
147 604 9 12 0.020202106 
177 582 8 10 0.02019072 
181 551 8 10 0.020173466 
205 511 9 10 0.020158317 
368 607 9 11 0.020149592 
182 511 8 10 0.020146543 
497 579 17 22 0.02013223 
