35_Basketball_basketballgame_ball_35_341
19
499 196 121 155 0.99994755 
659 42 125 153 0.9999243 
247 246 100 166 0.9992902 
964 0 65 72 0.21355847 
770 629 49 49 0.20808396 
295 1178 69 76 0.16847602 
480 975 63 50 0.08284204 
282 0 18 17 0.054121602 
293 1149 61 74 0.046732582 
294 1131 52 57 0.046203922 
1004 349 21 47 0.030281225 
760 635 36 33 0.029049719 
775 1083 31 33 0.027512008 
349 860 448 473 0.023253253 
597 705 94 126 0.023030246 
293 1138 32 36 0.022075849 
474 417 406 388 0.021366904 
633 630 16 16 0.020507041 
451 951 104 83 0.020029554 
