35_Basketball_basketballgame_ball_35_208
18
255 222 124 162 0.9999546 
599 226 113 143 0.9998677 
608 1 107 96 0.99961936 
974 129 34 45 0.059471358 
267 -1 86 45 0.050592236 
553 8 60 70 0.04412375 
899 394 89 145 0.030965155 
989 117 15 19 0.030667134 
9 28 38 50 0.029667558 
842 407 81 135 0.028469576 
1011 116 11 17 0.025921497 
705 15 59 70 0.0253842 
846 342 96 160 0.025273554 
989 113 29 40 0.023305673 
972 2 49 42 0.02272851 
572 0 90 97 0.02264354 
964 117 55 74 0.022049764 
631 48 69 75 0.021593913 
