35_Basketball_playingbasketball_35_619
25
199 282 16 20 0.88088214 
609 282 14 18 0.78660876 
81 280 14 17 0.7473079 
575 261 15 26 0.66391194 
269 30 266 288 0.5511687 
780 284 15 18 0.17610437 
451 267 24 31 0.11394373 
813 228 13 16 0.08749883 
690 382 46 63 0.071169175 
576 266 23 30 0.07098709 
533 181 16 22 0.060739152 
720 -1 337 448 0.059714053 
784 290 14 17 0.058672763 
142 -57 360 469 0.04685677 
865 490 36 39 0.0454196 
346 -26 381 458 0.03347081 
99 624 43 55 0.03280835 
-31 -7 424 491 0.028100342 
704 316 20 31 0.026737822 
735 333 40 51 0.026348026 
711 313 24 30 0.024911424 
742 87 222 262 0.022653671 
669 275 14 19 0.020573255 
752 330 24 32 0.02048414 
528 194 12 15 0.020358838 
