35_Basketball_basketballgame_ball_35_216
687
370 169 19 23 0.7519622 
483 210 14 19 0.7399923 
45 448 9 11 0.40760463 
119 432 7 11 0.36115927 
709 407 7 10 0.34832785 
294 394 10 13 0.34405658 
640 422 7 8 0.3133017 
103 393 7 10 0.31014916 
2 365 7 11 0.23452832 
553 486 8 10 0.22651842 
1013 431 8 12 0.18888025 
94 376 7 9 0.1846687 
229 416 8 9 0.18440437 
984 415 7 8 0.18391469 
67 415 7 9 0.18309626 
786 480 7 10 0.18248749 
1010 436 8 11 0.16609736 
7 360 7 9 0.16355383 
73 375 7 9 0.15095383 
97 413 7 10 0.14028461 
47 383 6 8 0.13713448 
46 408 7 9 0.13283329 
375 430 8 11 0.12841177 
29 352 8 10 0.12679622 
65 407 7 10 0.12588844 
120 391 7 8 0.12580626 
215 441 6 9 0.12084183 
143 398 6 9 0.11726366 
718 488 9 10 0.11599508 
24 398 7 8 0.113127954 
341 355 11 13 0.11278132 
637 492 8 11 0.109367505 
31 382 7 9 0.10893785 
663 415 8 11 0.10555665 
6 364 7 11 0.10410467 
789 478 8 11 0.10339664 
984 422 7 8 0.09892871 
83 358 7 9 0.09516034 
49 337 6 8 0.09477586 
38 329 7 9 0.09396596 
193 416 7 9 0.09213599 
87 433 6 9 0.09212746 
240 391 7 9 0.0913511 
984 381 7 10 0.09072229 
231 374 7 9 0.09014447 
113 409 7 9 0.08966581 
1002 408 7 10 0.08775996 
58 400 7 9 0.08659072 
169 446 8 10 0.085209824 
319 455 6 9 0.08510552 
46 358 7 10 0.08339944 
887 342 8 10 0.08308928 
694 426 7 9 0.08218869 
69 351 8 10 0.08217099 
536 408 6 9 0.08213679 
129 437 8 9 0.080695346 
681 495 7 9 0.08033476 
1009 385 9 11 0.07865136 
355 407 6 8 0.078267984 
103 415 8 11 0.07779249 
415 464 6 8 0.07722733 
64 369 6 9 0.07713447 
878 385 7 8 0.07501775 
211 440 7 9 0.07421792 
42 359 7 9 0.07375273 
919 399 8 11 0.07313136 
193 422 7 8 0.07311324 
248 343 8 10 0.07306577 
55 336 7 9 0.07244689 
242 440 6 8 0.0708109 
864 480 7 9 0.07079801 
944 397 8 9 0.07074666 
10 391 7 9 0.07071806 
42 390 8 10 0.07017194 
557 484 8 10 0.07006486 
177 423 6 9 0.069713905 
14 303 8 10 0.06967988 
889 361 8 10 0.068847455 
82 432 7 8 0.06796108 
96 409 7 10 0.06746214 
867 414 7 9 0.067217425 
198 414 7 9 0.06713 
488 -91 503 552 0.065812066 
175 383 8 10 0.06541976 
297 318 10 10 0.065342516 
66 420 7 9 0.06525363 
24 423 7 9 0.06497682 
43 383 6 8 0.06486359 
829 416 8 11 0.064008385 
968 415 7 9 0.06370889 
103 352 7 9 0.06344425 
546 487 9 11 0.06336708 
593 479 8 10 0.063313864 
863 485 8 10 0.063115396 
199 431 7 9 0.062268443 
9 337 7 10 0.062198468 
88 437 6 9 0.061938126 
634 490 8 10 0.06035512 
87 353 6 8 0.06028389 
23 263 7 9 0.060188152 
120 325 9 10 0.059611596 
552 505 10 11 0.059556603 
877 390 8 10 0.059498087 
33 287 6 8 0.059178926 
645 421 7 9 0.05912587 
65 373 6 9 0.05902463 
558 425 7 9 0.058729485 
974 400 7 10 0.058485996 
966 367 8 11 0.057977848 
23 415 8 11 0.05788244 
394 455 7 8 0.0575679 
25 393 7 10 0.057099216 
912 423 7 9 0.05643384 
550 462 8 10 0.056169298 
376 424 8 10 0.054545153 
157 431 8 10 0.05449395 
722 360 7 10 0.053895894 
71 422 6 9 0.053486142 
40 377 8 9 0.053346783 
1015 423 8 12 0.05323552 
99 391 8 10 0.05286196 
462 124 23 30 0.052807048 
136 448 8 10 0.052548613 
39 302 6 8 0.052475747 
35 328 6 9 0.052363485 
591 501 8 10 0.052346688 
663 420 8 10 0.05164073 
568 480 8 9 0.05145299 
1005 413 8 10 0.05113978 
79 376 7 9 0.050822716 
151 352 8 9 0.05057511 
114 343 7 9 0.05045443 
98 310 7 10 0.050134804 
97 352 7 8 0.049991455 
375 163 25 34 0.049854815 
1009 502 8 10 0.049799483 
216 376 7 9 0.049399685 
158 421 7 10 0.04929627 
70 408 7 9 0.04873271 
1001 326 8 10 0.048151165 
664 408 8 9 0.04762572 
854 382 7 10 0.047488343 
255 400 8 9 0.047472876 
240 367 8 9 0.047394097 
48 272 7 9 0.046864808 
32 377 6 9 0.04661784 
313 -64 388 506 0.046260245 
139 399 6 8 0.04622608 
410 465 7 8 0.045948625 
115 432 8 10 0.045886636 
118 343 6 8 0.045270976 
41 414 7 8 0.044847492 
814 479 7 10 0.044825755 
943 376 7 9 0.044789907 
442 471 6 8 0.04470025 
98 464 8 10 0.044612553 
854 375 7 9 0.044550005 
577 487 8 11 0.044472907 
560 447 8 10 0.04431575 
809 471 7 9 0.04424735 
9 385 8 10 0.04414028 
535 477 8 10 0.0440545 
358 406 7 9 0.04375173 
98 447 8 10 0.0432666 
134 432 7 9 0.043238405 
185 438 7 9 0.04316609 
968 422 7 9 0.043041714 
689 478 8 9 0.04301473 
678 438 8 10 0.042858977 
39 297 7 8 0.04268804 
574 400 9 10 0.042536464 
426 471 6 8 0.042513806 
543 478 8 11 0.042348623 
894 470 8 9 0.041790623 
278 415 8 10 0.041568987 
153 382 8 10 0.041560624 
471 472 8 10 0.04142971 
1000 421 9 10 0.041318506 
632 408 6 9 0.04131614 
39 334 8 10 0.0412648 
193 400 7 9 0.04109595 
799 438 7 9 0.04106049 
695 478 6 8 0.041026972 
200 352 7 9 0.04095954 
962 464 6 8 0.04095438 
1002 414 7 9 0.040940892 
934 480 7 9 0.040934958 
176 416 6 8 0.040858075 
106 421 7 9 0.040824447 
61 400 8 9 0.04069502 
143 358 7 9 0.04060743 
344 392 8 11 0.040515877 
529 487 8 11 0.040501352 
825 440 6 8 0.04046019 
885 479 8 11 0.040443107 
79 409 8 9 0.04041451 
641 399 7 8 0.04039338 
247 440 6 9 0.040363915 
158 416 7 10 0.040307373 
49 341 7 10 0.04016815 
122 456 7 10 0.040118378 
1015 443 8 12 0.04008006 
602 351 9 10 0.040047266 
369 415 8 10 0.04003634 
79 414 7 9 0.040022712 
392 448 7 10 0.039845094 
952 359 7 9 0.039778728 
240 385 7 9 0.03964107 
121 464 7 8 0.03961743 
570 398 8 10 0.039613653 
590 439 7 9 0.039546136 
120 385 7 9 0.039510358 
32 302 8 9 0.039328653 
14 384 7 10 0.03925984 
55 342 7 9 0.039045267 
176 344 7 9 0.039000653 
1008 319 8 10 0.038985897 
714 391 7 9 0.038967513 
478 127 13 21 0.038940024 
765 471 8 10 0.038858432 
814 455 7 10 0.038749572 
168 441 7 9 0.03873021 
14 336 7 9 0.038688336 
954 383 7 9 0.038472418 
166 329 7 9 0.038379088 
230 352 9 10 0.038182415 
73 336 7 8 0.0380707 
24 367 6 8 0.03806061 
905 480 7 9 0.03790722 
422 456 7 8 0.03788019 
486 477 8 11 0.037724353 
263 360 8 9 0.03770158 
631 374 8 9 0.037644938 
241 398 7 9 0.03760078 
127 454 8 10 0.0375924 
670 479 7 10 0.037516683 
478 495 7 8 0.037501395 
40 342 7 9 0.037486218 
767 486 7 9 0.03738922 
347 455 6 9 0.037376076 
778 480 7 9 0.037253384 
207 392 7 9 0.0372376 
398 455 8 9 0.037231892 
928 430 8 10 0.03721523 
177 429 6 9 0.03711996 
663 495 7 9 0.03693331 
944 495 7 9 0.036888123 
798 433 7 9 0.03673765 
582 471 7 10 0.036629114 
65 328 7 8 0.036548935 
82 353 8 9 0.036534347 
90 375 7 9 0.036453243 
1008 497 8 11 0.03644549 
352 455 7 9 0.036406673 
830 455 7 10 0.03636789 
930 480 7 9 0.036291182 
312 371 9 12 0.036264136 
154 422 8 10 0.036199763 
95 433 8 9 0.036052793 
911 480 6 8 0.035923205 
585 445 8 10 0.035854734 
116 437 7 10 0.035732165 
130 416 6 8 0.035648428 
446 381 9 11 0.035646196 
961 479 7 10 0.035447437 
937 375 7 9 0.035444878 
102 305 8 9 0.035429757 
285 311 8 9 0.035384946 
441 496 7 8 0.03536247 
731 510 7 10 0.03531125 
936 382 8 10 0.035307903 
209 376 6 9 0.035170577 
936 449 7 10 0.03503566 
142 448 7 9 0.035033554 
48 353 6 8 0.034967344 
398 463 7 8 0.034855653 
785 367 7 9 0.034820728 
610 494 8 11 0.034799654 
658 497 6 9 0.034759544 
15 270 7 9 0.034558427 
905 406 6 9 0.034490574 
294 430 11 13 0.03439397 
26 357 8 10 0.03423281 
32 343 7 9 0.034216236 
870 409 8 10 0.034141846 
41 396 8 10 0.034063604 
210 456 7 9 0.03404297 
614 399 7 9 0.03402629 
26 382 9 10 0.033968773 
102 439 7 9 0.033959102 
370 438 8 10 0.033954214 
842 446 8 10 0.03389673 
498 84 33 34 0.033836935 
343 472 7 8 0.033757824 
911 417 7 8 0.033756055 
159 389 7 9 0.033566374 
703 496 7 8 0.03353779 
177 454 7 9 0.033316273 
246 366 7 9 0.0332756 
863 438 8 10 0.033265475 
841 432 7 9 0.03320459 
623 504 9 10 0.03305562 
98 455 7 10 0.03299486 
337 350 11 14 0.03296515 
374 408 8 10 0.032808002 
373 414 9 10 0.032806788 
855 408 7 9 0.03274614 
554 423 8 10 0.03267817 
15 398 8 9 0.0326356 
865 409 8 10 0.032509774 
689 472 7 11 0.032493457 
386 447 7 9 0.03241534 
598 477 9 12 0.032414623 
1 336 7 10 0.0323683 
551 491 8 10 0.032326274 
517 165 16 19 0.032215666 
529 479 8 10 0.03214599 
997 455 9 10 0.032137387 
783 439 8 10 0.03207432 
143 326 8 10 0.032061297 
1005 408 8 10 0.032012258 
102 446 7 9 0.031895343 
871 438 7 10 0.03184249 
143 394 8 9 0.031785592 
360 456 7 9 0.031781565 
766 477 7 10 0.031753022 
225 392 6 9 0.031752188 
232 369 8 9 0.03172318 
559 408 7 8 0.031668182 
577 470 8 10 0.03165802 
158 384 7 10 0.031565983 
686 365 8 10 0.031543024 
747 439 7 9 0.031459026 
575 374 8 10 0.031441696 
895 383 7 10 0.03140025 
184 433 7 8 0.031259727 
198 409 8 9 0.031237694 
551 405 7 9 0.031111605 
97 358 7 9 0.030909523 
978 486 7 10 0.03078171 
175 389 8 10 0.03075526 
744 384 7 9 0.030673262 
17 423 7 9 0.030569235 
432 471 6 8 0.030513132 
368 463 6 8 0.030510472 
585 440 8 10 0.030407032 
374 436 8 10 0.030345544 
278 367 8 10 0.030316792 
696 503 7 9 0.030310826 
606 471 8 10 0.030251475 
575 422 7 9 0.030213336 
80 424 6 8 0.030209014 
249 348 9 11 0.030171892 
64 335 7 8 0.03011557 
405 449 8 9 0.030093282 
1002 321 8 9 0.029993346 
601 471 9 11 0.029954012 
975 357 8 10 0.029946169 
977 471 7 9 0.029939877 
602 421 7 10 0.02988907 
47 377 8 9 0.029832648 
58 304 7 9 0.029686678 
657 502 7 10 0.029674092 
279 390 8 10 0.029634524 
839 486 7 9 0.02943377 
1014 501 7 11 0.029395679 
39 280 7 9 0.029340472 
193 408 7 9 0.029326089 
665 472 7 9 0.02928515 
336 417 7 9 0.029271016 
261 302 9 11 0.029214628 
485 452 8 11 0.029182522 
55 423 8 10 0.029089544 
645 416 8 11 0.029080234 
73 431 7 9 0.029049547 
223 457 6 8 0.029037539 
649 406 7 9 0.028909247 
54 382 8 9 0.02885425 
96 381 7 9 0.028820673 
870 335 7 9 0.028700324 
811 477 7 10 0.028615111 
38 311 8 10 0.028589852 
719 390 7 9 0.028586444 
974 405 8 10 0.028431777 
570 462 8 11 0.028410567 
25 375 8 9 0.028391127 
152 464 7 9 0.028287638 
34 334 7 9 0.028240163 
753 494 7 9 0.028218161 
41 365 9 10 0.028209977 
45 398 8 9 0.028192457 
863 432 8 10 0.028085183 
216 456 7 9 0.028021311 
880 358 7 10 0.028000375 
130 449 7 9 0.027996577 
367 390 7 9 0.027981078 
384 397 8 10 0.027856778 
576 480 8 9 0.027785845 
958 383 8 10 0.027736926 
982 478 9 11 0.027696922 
1 406 7 9 0.02768732 
601 416 8 10 0.027642336 
833 512 9 11 0.027609961 
281 359 7 8 0.027574094 
813 461 8 10 0.027546605 
50 318 8 10 0.02750011 
197 514 10 13 0.027474565 
984 409 7 10 0.027467936 
615 463 7 9 0.027464412 
400 449 8 9 0.027393615 
348 357 9 11 0.027359055 
447 470 6 9 0.027320126 
56 310 7 9 0.027285855 
601 464 7 9 0.02727255 
623 424 6 9 0.027266735 
272 352 8 9 0.027247008 
632 414 7 9 0.027237047 
486 448 9 11 0.027215734 
247 360 8 9 0.027160699 
254 350 8 9 0.027156696 
303 376 8 10 0.027096128 
881 513 8 10 0.02706035 
249 416 6 8 0.027038528 
1015 407 7 10 0.027004704 
998 448 9 10 0.026999239 
24 296 7 9 0.026960991 
574 455 7 9 0.026874907 
880 352 6 9 0.026861183 
82 438 7 8 0.026849322 
643 94 35 39 0.026846474 
232 391 7 8 0.02683768 
871 464 7 9 0.026820123 
90 415 7 9 0.026814226 
550 399 9 11 0.026807794 
101 455 8 11 0.026718315 
479 467 9 12 0.026683217 
723 422 7 9 0.026676254 
479 447 9 11 0.026662566 
959 335 8 9 0.02661135 
154 407 7 9 0.026606059 
698 496 6 9 0.026600765 
682 389 7 10 0.026447162 
409 469 7 8 0.026423814 
24 281 6 8 0.026402306 
73 381 7 9 0.02635665 
879 397 7 10 0.026311152 
870 478 8 10 0.02629748 
441 465 6 8 0.02629035 
670 400 7 9 0.026287572 
626 416 7 9 0.026256032 
557 508 9 12 0.026195608 
151 375 8 10 0.02619495 
111 392 8 9 0.026135195 
720 384 7 9 0.026116315 
168 366 8 9 0.026112486 
918 471 8 10 0.026086755 
79 381 7 9 0.026043264 
681 367 8 10 0.026014475 
78 335 7 9 0.025972692 
502 189 16 24 0.025935195 
152 470 7 9 0.025885673 
909 319 9 11 0.02588085 
144 352 7 10 0.025772428 
752 489 7 8 0.025737558 
1 340 8 11 0.025727939 
576 492 9 11 0.02572399 
863 513 8 10 0.025721768 
866 334 7 9 0.025719076 
671 485 7 10 0.025555665 
192 431 7 9 0.025521502 
465 480 7 9 0.025500309 
695 375 9 11 0.025462888 
65 446 7 10 0.025434552 
33 281 7 9 0.025398357 
576 448 7 9 0.025360288 
727 359 7 9 0.02534972 
904 400 7 9 0.025330659 
686 495 7 9 0.025286855 
889 408 7 10 0.025285203 
569 423 7 10 0.025217626 
321 278 17 20 0.025211694 
110 456 8 10 0.025144082 
117 414 8 9 0.025128752 
58 406 7 9 0.025115203 
344 431 6 9 0.025006464 
866 328 7 10 0.024975367 
14 320 8 10 0.024928283 
352 431 7 9 0.024928195 
266 415 6 9 0.024916852 
470 476 8 10 0.024749016 
460 373 11 12 0.024730206 
969 407 7 9 0.02469507 
194 470 8 10 0.024693968 
169 376 7 9 0.024672147 
545 400 7 9 0.024652774 
473 488 8 10 0.02455884 
647 400 7 8 0.024518082 
39 441 9 10 0.02451039 
858 487 8 10 0.024497934 
690 430 9 11 0.024495145 
793 432 8 9 0.024435358 
974 352 9 11 0.024381304 
976 416 7 9 0.024374103 
858 438 7 9 0.024333892 
789 484 8 10 0.024294514 
263 335 8 9 0.024290767 
581 487 8 9 0.024267606 
249 399 7 10 0.02425326 
474 493 8 10 0.02414184 
385 470 7 9 0.024127074 
1000 392 7 9 0.02412523 
872 471 7 9 0.024075514 
385 439 7 9 0.024066156 
306 407 8 10 0.024048798 
384 392 8 10 0.02402317 
869 485 9 11 0.024021566 
232 383 7 9 0.024009211 
272 335 8 10 0.023981225 
839 464 8 10 0.023939697 
682 20 415 522 0.023913242 
215 352 7 8 0.023881275 
110 422 8 9 0.023824368 
102 384 7 9 0.023820505 
453 500 8 12 0.023807947 
944 454 7 8 0.023783151 
484 199 21 28 0.023716627 
103 433 7 9 0.023714619 
137 393 7 9 0.023611076 
31 391 7 10 0.023585582 
810 462 8 10 0.023559371 
33 296 7 9 0.023555582 
832 497 7 8 0.023529055 
721 377 7 9 0.023470923 
970 400 8 9 0.023457365 
916 454 10 12 0.023437675 
545 456 8 11 0.023315128 
666 488 7 9 0.023278097 
857 432 8 10 0.023135731 
741 463 9 11 0.023123687 
966 479 7 10 0.023114953 
272 375 7 9 0.023099538 
590 431 9 10 0.023039028 
183 463 8 9 0.022999808 
1008 425 17 24 0.022948153 
737 464 8 10 0.02286919 
896 409 7 9 0.02276497 
902 441 7 9 0.022704609 
534 487 8 11 0.022687603 
115 426 18 23 0.022649184 
815 484 8 10 0.0226199 
906 423 7 9 0.022567503 
58 368 7 9 0.022537936 
969 328 7 10 0.022493951 
606 422 8 10 0.02247429 
176 349 7 9 0.022447836 
978 383 7 10 0.022436075 
991 416 7 8 0.0224275 
993 335 8 10 0.022425495 
934 464 7 9 0.022424124 
741 502 7 9 0.022423938 
903 485 8 9 0.02238782 
56 375 7 9 0.022372276 
383 361 8 10 0.022360975 
352 111 22 29 0.022360347 
694 473 7 9 0.022246158 
871 432 8 10 0.022241231 
910 344 7 8 0.02217902 
373 171 39 51 0.02217306 
585 431 8 9 0.022165399 
353 382 8 10 0.022149334 
762 439 7 9 0.022124544 
224 383 6 9 0.02209823 
11 309 8 10 0.022035716 
553 389 8 10 0.022007462 
255 328 8 10 0.021993661 
859 479 7 9 0.021990517 
263 399 7 9 0.021986334 
481 478 9 11 0.021975864 
873 398 8 9 0.021967957 
225 368 7 9 0.021962898 
977 318 7 9 0.021944355 
158 408 7 9 0.021943731 
233 470 8 10 0.021905968 
791 472 6 8 0.021886759 
112 414 8 10 0.02185008 
890 389 8 10 0.021831214 
122 367 7 9 0.021797923 
913 302 7 9 0.021740578 
543 406 7 9 0.021728411 
464 485 7 10 0.021727346 
810 448 6 8 0.02164282 
600 512 9 12 0.021624273 
48 294 8 9 0.021618595 
735 369 6 9 0.02161581 
173 449 8 9 0.021606892 
425 372 8 11 0.021602267 
241 360 7 9 0.02159059 
890 496 8 10 0.021585088 
225 397 8 10 0.021573292 
272 312 8 10 0.02151471 
738 503 7 9 0.02151463 
616 489 7 9 0.021508569 
367 152 27 34 0.021475932 
917 448 9 11 0.021461932 
919 479 7 9 0.021433705 
930 374 7 9 0.021424316 
891 471 7 10 0.021403313 
55 351 7 9 0.021385772 
535 392 7 10 0.021385167 
589 446 8 10 0.021356834 
881 483 8 11 0.02131629 
623 431 7 9 0.021299416 
63 303 8 10 0.021294188 
946 489 7 9 0.021291502 
687 384 8 9 0.021265626 
193 392 7 8 0.02126497 
353 424 7 9 0.021235723 
842 438 8 11 0.021224858 
105 358 6 9 0.02121385 
125 463 8 10 0.021181786 
888 337 8 9 0.021171052 
279 352 8 9 0.021159472 
393 463 6 8 0.021119239 
247 336 8 9 0.021115039 
857 494 8 10 0.02111022 
374 374 9 10 0.021096854 
635 422 7 9 0.02106309 
569 367 8 10 0.021030543 
671 510 7 9 0.021025782 
178 499 9 11 0.020989662 
881 336 6 9 0.020988751 
105 365 7 9 0.020988155 
281 383 8 10 0.02098601 
680 488 8 9 0.020984892 
590 510 9 12 0.020974321 
679 374 7 9 0.020973116 
441 478 9 10 0.020921338 
585 391 8 10 0.0209192 
288 487 8 11 0.020917617 
370 373 8 10 0.020917473 
569 456 8 9 0.020912122 
785 473 7 8 0.02090779 
385 465 7 9 0.02089394 
16 375 7 9 0.020870289 
392 414 7 9 0.020843094 
826 454 8 11 0.020816058 
609 489 7 10 0.020806512 
584 423 7 10 0.020797595 
217 381 7 9 0.020788036 
826 496 7 9 0.020766545 
49 424 8 10 0.02076496 
9 397 8 10 0.020756586 
297 486 8 11 0.020743564 
454 496 8 11 0.020732021 
855 414 7 9 0.020726407 
777 438 8 10 0.020708086 
87 367 7 9 0.020661538 
583 479 7 10 0.020648163 
273 368 7 10 0.020642905 
703 502 7 9 0.020621544 
340 343 12 14 0.020607017 
263 366 8 9 0.020565324 
153 437 8 9 0.020565154 
902 350 8 11 0.020565022 
1002 375 7 9 0.02055086 
666 477 8 11 0.02054321 
249 422 6 8 0.020507313 
519 486 8 10 0.020497581 
735 510 7 11 0.020475669 
515 471 7 9 0.020408783 
255 405 7 10 0.020377902 
613 492 9 11 0.020371286 
248 327 7 9 0.020348944 
886 447 7 9 0.020331467 
16 367 7 8 0.020330045 
57 256 8 10 0.020327765 
894 388 8 11 0.020295553 
497 495 7 9 0.02025226 
802 359 8 10 0.020210775 
225 340 7 9 0.020170495 
960 421 8 10 0.020146562 
49 289 7 9 0.020139296 
928 406 7 9 0.020100974 
343 416 8 10 0.020092996 
912 496 7 9 0.020083101 
138 359 7 9 0.0200656 
898 376 7 8 0.020018034 
