35_Basketball_Basketball_35_664
138
22 319 9 12 0.44877303 
41 327 8 12 0.3717502 
50 340 14 17 0.32295054 
67 369 14 17 0.26158434 
116 351 9 11 0.23237374 
167 342 9 11 0.22357076 
44 325 10 14 0.21116929 
176 339 9 12 0.20109294 
2 388 23 34 0.15686257 
46 420 9 12 0.12540917 
86 341 13 17 0.122751616 
6 444 12 16 0.1146484 
161 341 9 11 0.096696965 
1 451 22 34 0.09517517 
136 383 9 13 0.09299283 
98 308 8 10 0.08483433 
94 340 11 17 0.081439696 
4 448 16 22 0.07731332 
141 350 8 10 0.0752329 
78 377 12 15 0.0709935 
45 330 12 15 0.06633063 
79 340 12 15 0.06363093 
127 367 10 13 0.06358436 
29 362 15 18 0.06266887 
1 398 14 23 0.062435903 
830 391 9 11 0.058483746 
136 336 7 9 0.057763435 
22 427 14 18 0.05633231 
193 348 10 12 0.055758562 
372 392 44 42 0.054320514 
9 387 16 19 0.054078404 
142 383 9 12 0.05335223 
180 339 9 12 0.052261453 
885 374 9 11 0.04990999 
46 321 9 12 0.049283024 
101 365 10 13 0.048633944 
77 405 13 17 0.047486685 
129 337 7 9 0.04655328 
80 346 12 16 0.046372537 
114 327 8 11 0.044530336 
131 447 14 18 0.043230366 
60 396 14 17 0.042579133 
143 344 8 10 0.042578433 
113 353 11 15 0.042346552 
41 415 10 14 0.041822553 
16 321 13 16 0.041187786 
101 305 8 10 0.04007723 
31 331 9 12 0.03958729 
153 360 8 11 0.03931697 
748 233 23 30 0.038578216 
130 341 7 10 0.038495194 
0 279 8 12 0.03825606 
32 326 8 11 0.038029514 
4 379 15 19 0.037419334 
86 319 8 10 0.036475945 
152 341 9 12 0.036235705 
816 423 8 10 0.035023753 
633 311 32 41 0.034902748 
83 355 14 15 0.034596134 
745 185 16 18 0.034569025 
136 343 7 10 0.03408898 
125 312 8 10 0.033289853 
112 332 9 11 0.03256816 
1 342 9 13 0.032015968 
493 410 12 15 0.031865846 
587 48 238 271 0.031671695 
63 296 8 10 0.031597897 
78 353 13 16 0.03154046 
526 381 11 14 0.03129461 
113 344 8 11 0.03126763 
489 376 7 9 0.031044705 
424 384 24 32 0.030827401 
63 311 9 11 0.030816853 
723 335 15 19 0.030745538 
880 392 8 11 0.03060775 
0 306 14 21 0.030465782 
533 381 9 12 0.030236378 
126 360 9 12 0.030212255 
117 344 9 11 0.030195164 
117 327 9 11 0.030175531 
100 339 10 16 0.029987507 
43 328 20 26 0.029923588 
71 312 8 10 0.029808424 
832 419 9 13 0.029195974 
527 376 8 11 0.029193357 
716 334 13 15 0.029096838 
40 320 18 24 0.02890596 
159 336 9 12 0.02876256 
78 335 19 25 0.028340483 
494 374 7 10 0.02825794 
535 376 8 10 0.027504178 
27 318 9 13 0.027499942 
528 386 11 14 0.027014703 
779 248 14 20 0.027011396 
133 373 9 12 0.026821923 
754 246 15 18 0.026688825 
560 382 9 11 0.026306735 
21 340 10 15 0.025906492 
154 335 8 11 0.02587167 
112 320 8 10 0.025692998 
118 333 8 10 0.025415406 
560 390 9 11 0.025372948 
389 406 30 31 0.02521123 
157 359 9 11 0.024989165 
805 431 8 10 0.024843786 
66 398 21 25 0.024717206 
134 367 9 12 0.024497269 
564 397 9 13 0.023832275 
77 363 13 16 0.023816913 
138 318 8 10 0.023541229 
46 294 9 11 0.023151167 
166 335 12 15 0.023109129 
366 403 25 31 0.022976406 
839 371 11 12 0.022767017 
829 222 11 14 0.022647884 
521 4 369 443 0.02249565 
119 362 12 15 0.022433534 
455 401 14 18 0.022354748 
644 306 15 21 0.022274993 
28 423 11 15 0.022181742 
821 430 8 10 0.02213375 
813 414 9 13 0.021887576 
43 396 11 15 0.021804197 
880 381 9 10 0.021749334 
33 356 13 16 0.021727927 
423 396 13 17 0.021723038 
101 334 10 14 0.021722266 
519 381 10 15 0.021468652 
709 335 15 17 0.02135498 
433 393 14 19 0.021337677 
650 312 15 19 0.021078145 
143 367 8 11 0.020977607 
5 303 21 28 0.020958344 
70 355 13 15 0.020891154 
59 339 11 16 0.02070243 
39 427 10 13 0.020280838 
10 385 27 34 0.020249434 
45 365 12 15 0.0200125 
