35_Basketball_basketballgame_ball_35_393
174
415 301 13 17 0.9320432 
676 285 13 19 0.9146963 
856 283 16 21 0.90779275 
703 301 13 17 0.88169205 
22 330 9 13 0.6943251 
118 225 8 10 0.6619759 
64 269 8 10 0.53213924 
95 228 7 10 0.49931484 
165 291 11 15 0.4861303 
126 315 9 11 0.44481462 
781 289 14 16 0.4154468 
109 235 9 12 0.36534756 
710 292 13 16 0.34404778 
71 229 7 10 0.34215334 
109 333 8 11 0.3400566 
20 240 8 10 0.31659102 
2 327 9 15 0.31601322 
82 333 9 12 0.31439444 
13 271 10 10 0.30362564 
70 225 7 10 0.2992662 
79 280 8 10 0.28989062 
93 316 9 12 0.26940483 
14 301 10 12 0.24625978 
51 334 8 11 0.24023694 
49 253 8 10 0.23877485 
111 231 9 11 0.23313677 
78 248 9 12 0.18954878 
79 285 9 11 0.18117811 
13 278 10 12 0.17647956 
86 329 8 10 0.1546863 
38 351 9 12 0.14234023 
17 243 10 13 0.13344179 
71 350 9 11 0.13321391 
32 256 9 10 0.12826422 
45 280 8 10 0.12265731 
133 327 9 11 0.11918146 
686 388 8 11 0.11034501 
66 229 9 12 0.10524893 
400 304 10 12 0.10332294 
430 352 9 11 0.09940286 
129 332 9 10 0.09802971 
79 291 9 10 0.09266741 
65 303 8 10 0.092417054 
807 316 11 15 0.090460494 
86 264 9 12 0.08736593 
71 237 9 10 0.08687725 
11 284 9 12 0.086866565 
41 297 8 11 0.082276806 
681 289 12 18 0.08204443 
783 310 19 27 0.080988616 
446 352 7 9 0.080946326 
69 264 8 10 0.07753875 
694 340 9 11 0.07609305 
21 361 11 13 0.07447547 
54 341 9 10 0.07185163 
9 302 10 12 0.070104904 
31 259 10 13 0.06736711 
89 302 8 11 0.06657737 
105 329 9 11 0.06584518 
137 286 9 11 0.06397974 
122 317 9 11 0.06316523 
47 328 9 11 0.06291813 
118 325 8 11 0.06278181 
657 292 11 14 0.062710375 
47 284 8 10 0.06149861 
64 237 8 10 0.061317593 
408 302 14 15 0.060738187 
682 383 9 12 0.060495045 
52 254 9 11 0.060466986 
373 220 12 13 0.060067754 
15 251 11 13 0.059967093 
661 292 13 15 0.0587991 
73 245 10 12 0.05863928 
65 360 7 9 0.05801564 
94 344 9 10 0.05701815 
46 295 8 10 0.056406986 
439 340 7 10 0.055218536 
798 284 11 14 0.055032216 
57 293 8 10 0.05306259 
89 351 8 11 0.05234347 
57 311 8 10 0.0512349 
677 316 9 13 0.051109556 
80 264 9 11 0.050457828 
41 278 8 11 0.047827438 
778 290 21 28 0.047817893 
13 263 12 15 0.04488672 
811 316 14 17 0.044142198 
143 328 9 11 0.0436832 
63 309 7 10 0.043425538 
94 326 8 11 0.04292955 
440 351 8 11 0.040437464 
798 314 13 17 0.038844563 
156 309 10 12 0.038694777 
8 294 10 13 0.03866539 
1 358 7 11 0.0365255 
79 269 9 11 0.03644914 
93 349 9 12 0.03500222 
16 361 9 11 0.034835 
675 309 10 13 0.034759097 
158 302 10 11 0.034660317 
47 320 9 10 0.034390915 
64 350 9 11 0.03430066 
63 344 8 11 0.034275815 
8 255 9 12 0.034218714 
407 326 10 12 0.033935066 
105 233 8 10 0.03376459 
41 327 8 10 0.033733647 
699 421 8 11 0.03370508 
903 131 9 12 0.033340644 
21 251 11 13 0.033338558 
8 307 9 11 0.032704134 
148 332 11 13 0.032291856 
161 288 12 15 0.03162599 
715 289 11 14 0.031524245 
804 285 12 14 0.031421546 
446 356 7 10 0.03069706 
93 374 10 13 0.030434506 
424 357 10 12 0.03000665 
63 295 8 10 0.029912047 
57 350 8 10 0.029340027 
152 292 9 11 0.028998347 
73 278 9 11 0.028443912 
89 239 8 11 0.027665228 
18 328 9 11 0.027564762 
94 236 9 12 0.027545098 
5 358 9 12 0.027452119 
44 299 10 12 0.02736914 
790 306 21 30 0.027223974 
71 357 8 10 0.027011087 
463 351 6 8 0.026729707 
38 255 8 10 0.025997752 
91 224 9 11 0.025912104 
64 275 8 11 0.025846852 
0 320 8 13 0.025571786 
110 340 9 11 0.02549683 
32 343 8 10 0.025316153 
63 244 9 11 0.025172073 
90 311 9 12 0.025162145 
133 318 9 12 0.024918243 
463 357 7 10 0.024844697 
105 361 8 10 0.024713822 
18 299 11 13 0.024592148 
126 342 9 11 0.024570819 
121 344 8 10 0.024566345 
648 19 9 12 0.02434316 
775 423 11 12 0.02428875 
678 341 9 11 0.024027295 
18 328 19 22 0.023977544 
79 367 9 10 0.023957128 
7 320 9 12 0.02390428 
54 316 9 12 0.023826053 
658 317 11 15 0.023560744 
38 344 8 9 0.022999875 
152 217 8 10 0.02298524 
62 366 7 9 0.022873592 
686 318 11 16 0.022752656 
772 333 11 13 0.022349989 
55 288 8 10 0.022278445 
40 367 7 10 0.022008274 
86 359 8 10 0.021940006 
56 360 8 10 0.021835934 
789 280 12 14 0.021535017 
23 261 11 14 0.021492688 
422 366 9 11 0.021203052 
93 302 9 10 0.021009902 
562 280 7 10 0.021000328 
59 268 9 11 0.020903727 
95 334 8 10 0.020703549 
135 261 8 11 0.020477006 
21 268 10 13 0.02040384 
720 335 7 10 0.020370848 
104 366 8 9 0.020202443 
14 307 10 11 0.020128798 
686 404 8 9 0.020001713 
