35_Basketball_playingbasketball_35_2
23
457 421 46 78 0.97803324 
818 530 65 87 0.9593897 
685 722 67 53 0.067338765 
192 693 55 74 0.057834767 
235 721 56 61 0.057650063 
368 988 40 67 0.052270807 
604 1142 51 49 0.039352052 
469 406 55 81 0.039303098 
377 1000 25 40 0.032302592 
666 295 76 115 0.031565472 
535 308 23 32 0.029664194 
993 2 28 39 0.028989876 
322 956 58 92 0.027822463 
706 721 44 32 0.026627999 
258 697 45 73 0.026424255 
23 856 445 437 0.024623027 
518 384 35 44 0.024263209 
488 396 51 69 0.023351174 
616 111 8 10 0.02314111 
445 439 37 55 0.022339633 
617 647 46 56 0.021970734 
491 450 186 243 0.021848787 
206 719 61 62 0.020511277 
