35_Basketball_playingbasketball_35_491
19
337 126 219 303 0.9999504 
161 295 333 468 0.0949403 
285 600 408 460 0.08602017 
627 -38 402 502 0.068106435 
180 -7 200 166 0.047903683 
567 463 400 525 0.045718405 
43 72 219 255 0.03948599 
246 757 122 200 0.039222825 
34 691 30 36 0.03815801 
76 1 301 266 0.037882198 
649 799 512 482 0.034470636 
841 611 56 71 0.032599527 
982 1 33 23 0.028363941 
-27 398 443 467 0.027403586 
291 92 118 140 0.024471793 
283 1037 422 528 0.024414593 
788 757 16 23 0.021477254 
493 144 436 496 0.020543432 
7 693 24 33 0.020262195 
