35_Basketball_playingbasketball_35_582
64
511 134 59 48 0.9977823 
679 110 37 58 0.9712974 
425 117 39 60 0.9255821 
500 68 29 34 0.50485694 
431 50 45 57 0.39350867 
202 204 11 13 0.19807741 
625 240 87 63 0.18972673 
455 66 34 44 0.1603246 
673 231 69 54 0.12434179 
624 228 52 36 0.10607603 
420 28 18 22 0.08843507 
440 100 42 68 0.07019827 
629 243 46 36 0.06601934 
485 55 37 46 0.06568509 
660 140 16 25 0.06458711 
84 224 10 13 0.05383219 
417 26 32 40 0.048181437 
467 50 39 49 0.046645503 
371 45 28 33 0.045904465 
221 206 11 14 0.043999113 
202 210 14 16 0.04189441 
140 199 9 11 0.040852908 
618 116 14 21 0.040730737 
168 206 10 12 0.03964133 
496 90 49 58 0.03886723 
411 39 31 44 0.03801856 
415 33 50 62 0.035892308 
801 120 15 21 0.035069514 
81 228 10 13 0.033783063 
399 122 52 65 0.031989805 
478 39 30 37 0.031058406 
160 196 9 11 0.029827464 
342 185 478 479 0.027447963 
179 188 12 15 0.027294356 
215 210 14 18 0.02697535 
674 155 26 42 0.026795855 
654 124 24 44 0.026591055 
172 212 11 13 0.026553206 
499 75 40 47 0.026261166 
1000 138 10 13 0.025707247 
135 180 9 12 0.025549611 
682 245 45 32 0.025073303 
95 212 10 13 0.024886921 
181 182 11 12 0.024801264 
63 215 11 13 0.024692116 
409 56 38 46 0.024663249 
840 170 13 17 0.024386251 
158 154 11 13 0.024314053 
308 176 10 12 0.024079222 
635 132 14 20 0.023282126 
466 69 41 56 0.022890674 
165 198 10 11 0.022809407 
201 577 30 36 0.022712613 
168 211 11 13 0.022556394 
476 67 14 18 0.022538584 
445 72 32 51 0.022267956 
158 208 10 12 0.021925705 
135 218 12 14 0.0218446 
151 190 10 13 0.021472814 
222 200 10 13 0.021360446 
181 163 10 12 0.021208981 
209 150 9 11 0.0203656 
657 97 43 72 0.020223964 
822 138 13 17 0.02013615 
