35_Basketball_playingbasketball_35_606
117
26 381 16 19 0.9744135 
381 191 23 29 0.7754999 
75 388 15 18 0.75043154 
186 206 28 29 0.7013205 
948 381 15 17 0.5771967 
1 407 13 21 0.46248904 
240 401 13 17 0.35165602 
444 55 425 547 0.33065963 
889 393 12 15 0.21374264 
878 382 8 12 0.16662213 
784 414 8 10 0.14425336 
748 360 19 22 0.13248423 
857 366 8 10 0.12745328 
837 406 10 11 0.12608185 
913 440 8 12 0.12354134 
654 424 11 14 0.123040184 
984 438 9 11 0.11812005 
199 202 19 27 0.10614909 
575 423 7 9 0.08996639 
851 430 7 9 0.0818493 
45 400 16 20 0.080298744 
45 421 15 18 0.07507958 
51 418 15 20 0.07222923 
798 399 7 10 0.07068989 
791 404 10 13 0.05564975 
263 423 8 9 0.050804455 
119 425 15 20 0.050767258 
3 397 14 18 0.05062099 
466 210 12 14 0.049282808 
330 365 28 43 0.048913695 
324 351 45 72 0.048843354 
180 209 21 22 0.0472369 
5 380 11 13 0.04611355 
652 455 10 12 0.045906316 
92 403 13 20 0.04539976 
797 404 8 11 0.0444211 
25 434 14 19 0.043815 
871 396 8 12 0.043452024 
772 219 13 16 0.041269947 
199 439 8 10 0.041155767 
873 387 10 15 0.040017176 
695 421 8 10 0.03992735 
919 360 8 11 0.03976091 
878 377 8 11 0.039307967 
36 419 14 18 0.038016625 
789 412 9 12 0.037864603 
821 425 9 10 0.036926854 
989 437 11 12 0.036876325 
817 369 7 8 0.036744785 
996 438 9 12 0.03672732 
576 457 8 9 0.0362437 
915 436 12 14 0.03547565 
241 445 9 12 0.03513272 
847 366 8 9 0.034734335 
36 409 14 19 0.03410939 
553 446 8 10 0.033932906 
943 347 13 16 0.033748835 
873 375 8 12 0.033462264 
141 380 13 17 0.032991074 
37 402 15 18 0.032796603 
926 398 9 12 0.0325702 
80 391 16 20 0.032455396 
793 399 9 12 0.032088224 
86 444 10 13 0.03114678 
765 217 15 18 0.029316233 
850 425 8 11 0.029205212 
981 439 14 19 0.029185694 
222 421 10 12 0.029013565 
290 448 8 10 0.028910968 
829 391 8 11 0.028884428 
270 424 9 11 0.028717063 
51 408 16 20 0.028466256 
541 424 8 9 0.027930342 
401 471 10 12 0.027822657 
669 453 12 13 0.027688706 
115 458 39 40 0.026952216 
841 366 8 9 0.026907364 
927 365 9 14 0.02671051 
557 440 9 10 0.026658284 
784 408 10 13 0.026454782 
665 447 11 13 0.026397368 
83 401 16 20 0.026335692 
300 652 27 31 0.026229337 
163 235 13 17 0.02564497 
270 428 10 14 0.025588268 
126 423 28 32 0.025436196 
591 439 8 9 0.025224969 
854 438 8 10 0.025164053 
902 367 7 10 0.024963787 
255 430 9 12 0.024659354 
892 381 13 16 0.024589721 
132 381 16 22 0.0242926 
779 414 9 11 0.024071006 
27 428 14 18 0.024015736 
304 423 8 10 0.023916464 
553 440 8 11 0.023729179 
933 370 11 15 0.022994818 
660 249 41 43 0.02277407 
220 374 13 16 0.02259812 
870 366 8 11 0.022572922 
5 389 12 15 0.022516377 
20 490 12 16 0.022281583 
249 370 97 136 0.022035286 
653 431 13 16 0.02194427 
76 398 17 21 0.02193896 
876 381 17 24 0.021878723 
98 401 16 20 0.021755634 
832 404 11 13 0.021531763 
829 397 10 13 0.02104483 
894 186 15 16 0.02099886 
278 151 16 25 0.020874975 
933 379 12 17 0.020592937 
615 424 7 9 0.0205013 
236 269 12 16 0.020487268 
776 407 8 9 0.020356787 
884 382 13 14 0.020232975 
217 421 10 13 0.020070765 
