35_Basketball_basketballgame_ball_35_904
32
261 124 50 67 0.99510324 
445 121 61 57 0.97516555 
554 114 47 64 0.96565366 
323 111 51 58 0.71862787 
640 133 54 71 0.34818894 
535 125 44 52 0.13147943 
579 115 46 61 0.105641566 
677 307 17 16 0.07224927 
608 126 41 63 0.0700167 
428 89 93 96 0.060153347 
785 486 17 23 0.056849062 
674 116 58 64 0.055725016 
438 55 99 97 0.050659332 
461 36 71 65 0.040078443 
302 104 82 92 0.03951378 
218 121 46 68 0.03442582 
358 97 55 65 0.033547364 
396 211 46 56 0.03210966 
625 139 35 61 0.03071683 
129 147 43 61 0.02982869 
773 490 24 31 0.02616569 
238 121 52 71 0.025678124 
954 538 13 18 0.024456615 
647 325 33 36 0.024426233 
692 111 39 44 0.023992859 
577 419 16 18 0.02386649 
286 120 39 59 0.023561975 
656 315 35 34 0.021279663 
783 164 30 32 0.021035029 
213 47 62 54 0.021016082 
779 481 17 22 0.020356208 
397 95 63 74 0.02023291 
