35_Basketball_Basketball_35_393
28
181 27 258 215 0.9110064 
757 164 43 64 0.5280592 
202 15 412 434 0.2561587 
783 94 49 58 0.19163097 
824 380 184 247 0.18304534 
-55 300 476 399 0.15300167 
533 677 13 17 0.08800096 
726 127 77 109 0.08480675 
271 170 400 400 0.08281935 
773 180 40 46 0.049412318 
794 197 31 37 0.04841387 
199 694 51 60 0.047398932 
813 98 37 43 0.039363123 
38 83 464 519 0.039044466 
782 97 27 42 0.034579307 
748 179 35 60 0.03185159 
56 615 23 32 0.031343173 
763 271 40 47 0.030412842 
781 266 51 75 0.028004758 
776 248 103 147 0.02716298 
140 354 366 479 0.026621573 
739 268 50 60 0.024907246 
579 684 28 32 0.024212478 
547 667 16 19 0.023581302 
690 93 92 135 0.023344746 
765 95 52 81 0.02303119 
701 109 187 235 0.022858366 
369 691 36 41 0.021520542 
