35_Basketball_Basketball_35_457
943
609 137 42 54 0.87927896 
169 401 15 18 0.54346675 
247 390 9 12 0.5428678 
184 358 9 11 0.4679309 
408 336 7 9 0.46278217 
153 296 7 9 0.4461095 
164 420 13 17 0.4157212 
940 319 12 15 0.4109771 
19 275 14 16 0.40604576 
158 367 8 11 0.39008942 
211 401 14 15 0.38836196 
377 328 7 10 0.36590832 
127 269 8 10 0.36223173 
144 334 7 8 0.34923902 
41 350 10 13 0.34614453 
80 344 8 11 0.28903562 
62 431 11 15 0.27133015 
56 420 11 14 0.26399067 
87 359 8 10 0.25379214 
289 335 8 11 0.24850178 
264 303 9 11 0.24807115 
192 367 8 11 0.24102482 
359 319 8 9 0.22978333 
167 271 7 9 0.22585233 
206 386 9 13 0.22460161 
81 255 8 10 0.22237514 
49 378 11 14 0.21648188 
127 381 10 13 0.2151833 
113 270 9 11 0.20920596 
280 288 8 9 0.2085605 
56 254 9 11 0.20059071 
109 397 9 12 0.19980605 
473 320 7 8 0.19645488 
113 334 8 10 0.19442323 
183 351 9 10 0.19373085 
69 271 8 11 0.19297914 
16 390 11 14 0.18776669 
119 406 13 16 0.18424337 
182 303 7 10 0.18292592 
58 259 9 12 0.17916372 
22 199 7 9 0.1783722 
167 389 11 12 0.17502739 
60 415 11 14 0.17384976 
71 398 14 16 0.17241727 
424 349 8 9 0.17211714 
239 312 7 10 0.1703252 
87 230 7 8 0.16978806 
5 410 14 17 0.16932131 
137 286 8 10 0.16809045 
80 308 8 9 0.16771331 
22 245 7 9 0.16727895 
207 334 7 11 0.16705994 
54 248 8 9 0.16604355 
128 369 7 10 0.16547264 
507 335 7 9 0.16327313 
31 260 8 11 0.16270585 
168 316 8 10 0.16043867 
184 364 10 12 0.15975322 
125 310 8 10 0.15734789 
465 368 7 9 0.15732205 
64 304 8 11 0.15562661 
127 374 9 10 0.15536006 
86 278 8 9 0.15459397 
521 328 7 9 0.15128748 
438 327 8 10 0.14961034 
885 361 9 11 0.14439008 
158 297 7 10 0.14263473 
48 247 8 9 0.14178054 
400 318 8 10 0.13562074 
337 310 7 9 0.13481328 
113 264 6 8 0.13427205 
0 350 6 11 0.13403273 
177 302 7 10 0.1336389 
37 191 7 10 0.13351795 
25 215 8 10 0.13319299 
290 328 7 9 0.1325067 
0 283 7 13 0.13222711 
113 357 9 13 0.13179396 
79 206 8 9 0.12943844 
244 367 8 11 0.12787794 
96 288 7 10 0.12716284 
81 231 7 9 0.1262817 
122 302 7 9 0.12549539 
449 391 7 9 0.12547626 
159 342 8 11 0.1243052 
25 221 8 10 0.12358303 
254 327 8 10 0.1218932 
320 336 7 8 0.12155137 
200 264 7 8 0.12105212 
40 223 7 8 0.12064634 
415 288 7 9 0.12018303 
359 325 8 11 0.119606815 
320 303 8 9 0.11942676 
118 357 9 11 0.11881296 
38 311 9 12 0.11865493 
875 489 34 39 0.11634508 
40 344 10 12 0.11624947 
469 368 7 10 0.11617622 
272 360 7 9 0.11534763 
318 320 8 10 0.11516201 
124 409 12 14 0.11456149 
374 309 8 10 0.11428924 
122 254 7 9 0.114167325 
64 276 9 12 0.11387718 
233 312 8 10 0.11376024 
156 402 12 17 0.11257892 
257 374 9 11 0.112423375 
470 351 7 9 0.1119353 
2 198 8 11 0.11192452 
94 382 8 10 0.111235246 
112 224 7 9 0.11093312 
254 272 7 8 0.11091074 
283 374 7 10 0.1105273 
118 270 8 10 0.10934955 
37 365 10 11 0.10833753 
1 414 9 14 0.10818083 
126 295 8 9 0.107820354 
311 295 7 9 0.10718413 
152 350 8 9 0.10529559 
347 452 13 15 0.104999095 
160 426 13 16 0.10392351 
305 286 7 9 0.103796 
174 382 9 11 0.10345868 
193 311 7 9 0.1033277 
142 280 8 10 0.102927655 
57 224 7 8 0.10268077 
487 312 7 8 0.10224441 
488 341 7 9 0.10198731 
48 215 7 8 0.10146268 
134 382 8 11 0.10099232 
96 271 8 10 0.10057537 
73 233 7 8 0.1004712 
327 303 6 8 0.10028435 
207 365 9 10 0.10019363 
63 224 6 8 0.100124344 
210 360 7 9 0.09949264 
17 192 7 9 0.098176345 
7 240 8 10 0.0976649 
927 203 28 27 0.09755777 
213 359 7 9 0.09735826 
132 413 10 13 0.09712259 
513 360 7 9 0.09697454 
182 297 7 9 0.09579351 
208 312 7 9 0.09574245 
49 208 7 9 0.09564113 
241 278 7 10 0.09535271 
113 229 6 9 0.09506149 
201 303 7 9 0.09452793 
136 294 7 10 0.09434648 
441 302 7 9 0.09373818 
455 391 7 10 0.09368055 
433 312 6 8 0.0936079 
0 334 7 11 0.09352824 
97 308 8 10 0.0929578 
160 336 8 11 0.092493534 
263 343 7 9 0.09245622 
39 255 9 10 0.091789074 
142 286 7 10 0.09164565 
126 400 10 12 0.0912309 
474 385 7 8 0.090897016 
98 264 7 9 0.09084448 
166 408 15 18 0.090826124 
370 287 7 9 0.0906107 
486 361 8 9 0.08967839 
263 279 7 9 0.08911778 
201 381 11 14 0.08886646 
434 328 8 9 0.08872897 
32 366 8 10 0.088608 
482 359 8 9 0.08793945 
11 356 8 11 0.08731502 
1 279 8 13 0.08638249 
23 206 7 9 0.08622176 
35 316 10 12 0.0861423 
440 359 8 9 0.08588301 
70 382 9 11 0.08571967 
118 335 7 10 0.08465295 
446 287 8 8 0.084127456 
393 352 7 8 0.0840817 
319 326 7 9 0.08397974 
31 221 7 9 0.08385606 
199 374 8 10 0.08370229 
184 412 11 14 0.08354126 
434 391 7 10 0.0826232 
449 374 8 11 0.0825184 
438 391 7 10 0.082195 
528 350 8 10 0.081897646 
337 304 7 9 0.081553385 
191 273 6 8 0.08131594 
38 327 8 9 0.0811617 
432 383 6 9 0.080246516 
312 341 7 9 0.080224074 
246 374 8 11 0.08010856 
79 201 7 9 0.07905532 
889 545 13 16 0.07862209 
424 318 6 8 0.07844894 
527 397 7 9 0.07841158 
177 296 7 9 0.07838293 
48 241 6 8 0.078306004 
230 293 8 11 0.078141585 
328 357 8 10 0.077982225 
57 214 6 8 0.07778729 
111 274 10 13 0.07769945 
215 312 7 10 0.077587046 
224 287 7 9 0.07739086 
498 352 6 8 0.07710016 
328 285 6 9 0.07705492 
447 303 6 7 0.07701157 
29 216 7 10 0.07648171 
442 298 6 8 0.07637387 
152 269 7 9 0.07615505 
377 367 7 9 0.075668514 
416 304 7 9 0.07564981 
441 321 6 8 0.07505875 
379 350 7 10 0.07494108 
375 304 7 10 0.07488632 
478 384 7 9 0.07427113 
81 248 8 9 0.074169576 
201 317 8 11 0.07369822 
368 343 8 10 0.07338145 
413 423 8 10 0.073200345 
21 396 10 13 0.0731772 
343 303 8 10 0.0729229 
422 382 8 10 0.07266097 
128 225 7 8 0.07213957 
448 321 6 7 0.07189233 
145 295 8 11 0.071840614 
207 316 8 10 0.071786076 
490 399 7 8 0.07170414 
313 326 7 10 0.071692064 
28 278 10 13 0.07156136 
225 303 8 9 0.0715185 
30 283 10 13 0.07093323 
46 355 9 11 0.070782915 
74 207 6 9 0.07052595 
54 318 9 11 0.07023114 
217 279 7 9 0.069928676 
162 271 7 9 0.06972338 
423 312 6 9 0.06965551 
487 365 8 10 0.069578126 
87 272 7 10 0.069458164 
56 426 12 16 0.06930728 
497 328 6 8 0.06914126 
138 281 8 10 0.06889491 
313 337 6 8 0.06868462 
409 407 9 13 0.068375126 
417 310 8 9 0.06824981 
382 352 7 9 0.0679713 
247 319 7 9 0.06788714 
119 352 9 11 0.06781454 
422 375 8 10 0.067759596 
232 289 7 9 0.06689429 
239 273 7 8 0.066732936 
466 351 7 9 0.06666961 
145 301 8 9 0.06655177 
97 224 7 9 0.066535465 
88 287 9 10 0.06648314 
96 377 8 10 0.06639184 
8 223 7 10 0.066373885 
96 304 7 10 0.06635483 
328 336 6 8 0.06605897 
519 391 8 9 0.06554393 
64 209 7 8 0.06547082 
255 334 7 10 0.06523485 
112 341 8 11 0.0651988 
208 296 7 9 0.06501412 
239 406 11 15 0.064833626 
257 256 7 8 0.06476814 
310 288 7 9 0.06457164 
184 309 7 9 0.064293884 
128 248 7 9 0.06422482 
169 385 10 12 0.06381707 
503 401 7 9 0.06351813 
432 295 6 8 0.06338656 
56 209 7 9 0.063340984 
355 319 7 9 0.063246034 
506 304 7 8 0.06314089 
916 311 14 17 0.06293895 
40 333 8 10 0.06268096 
417 350 7 10 0.06266549 
152 358 9 11 0.06252654 
352 311 7 9 0.062390067 
321 279 7 10 0.062379356 
80 292 7 11 0.06219348 
318 310 8 9 0.06214801 
5 276 9 13 0.062057268 
118 364 9 12 0.061965287 
479 303 7 8 0.061934553 
16 223 7 9 0.061398834 
270 309 7 9 0.06128462 
306 342 6 8 0.061195746 
293 335 7 10 0.061109457 
278 279 7 9 0.060960446 
322 351 7 10 0.060889456 
214 391 10 13 0.06088844 
121 390 9 11 0.06076512 
121 249 8 9 0.060621485 
0 254 6 12 0.060304288 
170 302 7 8 0.06012392 
199 287 6 9 0.059952866 
954 303 9 11 0.059115577 
376 295 7 8 0.058782224 
175 337 8 9 0.05872066 
498 319 5 7 0.0580379 
512 383 8 9 0.057998993 
374 288 7 8 0.05799856 
481 353 7 8 0.05780156 
218 430 9 12 0.0577443 
136 247 6 9 0.05774188 
39 231 7 9 0.057538383 
535 382 7 9 0.057170197 
398 351 7 8 0.057148356 
314 303 7 9 0.057146568 
455 335 7 9 0.057036456 
1011 444 10 14 0.056996383 
141 357 9 11 0.056919374 
112 350 8 11 0.05686348 
199 369 8 9 0.056652855 
56 396 9 12 0.056651704 
315 311 6 8 0.056564342 
230 412 10 13 0.056401342 
111 209 6 8 0.056270484 
433 332 9 10 0.056149643 
193 317 7 9 0.056144495 
239 303 7 9 0.055977784 
18 245 7 9 0.05587725 
474 303 7 8 0.05586777 
242 396 10 14 0.055854313 
110 414 12 14 0.05577469 
125 303 8 10 0.05562445 
45 343 8 11 0.05536377 
481 336 7 9 0.05533925 
201 296 6 9 0.05526466 
177 287 7 9 0.05518448 
215 317 7 9 0.055180587 
418 382 7 10 0.054923106 
82 225 6 8 0.054801017 
102 310 8 10 0.05467644 
273 272 8 9 0.054482605 
510 305 7 8 0.05439208 
422 390 7 9 0.05437834 
218 397 11 15 0.054142904 
177 374 9 12 0.053996608 
336 440 12 15 0.053836655 
382 367 7 9 0.05382125 
136 349 10 13 0.0535278 
118 399 11 12 0.05348168 
34 295 10 11 0.053444237 
46 311 8 10 0.053396206 
247 280 7 8 0.053269655 
181 371 10 12 0.053077854 
122 297 8 10 0.052908134 
256 280 7 8 0.05276858 
522 333 7 9 0.052631743 
224 310 9 10 0.052532874 
169 256 7 9 0.05247571 
260 379 9 12 0.052448094 
142 342 10 11 0.05237501 
422 304 6 8 0.052304436 
209 420 10 13 0.052231032 
457 342 7 10 0.05222014 
96 239 6 9 0.05200813 
240 350 7 9 0.0519826 
256 352 8 10 0.051883053 
110 405 11 14 0.051858623 
221 411 13 15 0.05171649 
126 253 8 9 0.051633615 
168 337 8 10 0.051494572 
191 277 6 9 0.05136335 
64 214 7 8 0.051087283 
73 349 8 10 0.051008623 
218 403 13 15 0.050958954 
77 392 11 12 0.050924014 
65 230 6 9 0.050872985 
200 269 8 9 0.050835226 
400 313 7 9 0.050630067 
994 328 8 10 0.050031926 
79 414 10 13 0.0498139 
42 216 7 9 0.04980732 
271 295 8 9 0.049760632 
473 389 8 10 0.049529523 
177 342 7 9 0.049522232 
212 383 9 11 0.04950055 
293 327 7 9 0.049021393 
230 358 9 11 0.0489121 
95 246 7 10 0.04878783 
113 329 8 10 0.048751738 
473 325 7 9 0.04853926 
381 374 7 10 0.048376907 
72 237 7 9 0.048255898 
92 387 11 13 0.04818439 
185 278 8 10 0.048047777 
129 229 8 10 0.048040327 
142 349 10 12 0.0478656 
337 366 8 11 0.047781654 
32 311 11 13 0.047749355 
753 220 42 37 0.047302157 
487 337 7 10 0.047000565 
456 305 6 7 0.046820737 
207 265 6 9 0.04681104 
528 344 8 10 0.046680618 
377 383 7 10 0.046677645 
87 304 8 10 0.046602286 
226 294 8 10 0.04653545 
371 304 7 9 0.046511456 
497 359 7 9 0.046498287 
471 344 7 8 0.04646971 
215 272 8 10 0.046466287 
131 405 11 15 0.04636037 
249 272 8 9 0.04634358 
70 304 8 11 0.046124246 
250 327 8 10 0.04609023 
449 327 7 10 0.045908507 
391 336 7 8 0.045888796 
369 311 7 9 0.045797493 
186 272 7 9 0.04565957 
190 346 7 9 0.04564542 
536 360 8 10 0.045385305 
264 273 6 8 0.045228455 
103 262 7 9 0.04510877 
326 352 8 10 0.045092568 
88 226 6 8 0.04508918 
210 409 15 18 0.04506057 
125 357 7 10 0.045037903 
136 240 6 8 0.04503421 
384 391 7 9 0.044818316 
183 345 8 10 0.04464838 
72 326 9 12 0.044322662 
506 340 8 10 0.0441692 
200 405 9 12 0.044122785 
503 376 7 9 0.044043753 
423 368 7 9 0.044003103 
15 168 7 9 0.04396897 
279 272 7 9 0.04356672 
247 384 9 11 0.043473948 
463 313 6 7 0.04332345 
393 319 7 9 0.043268245 
168 297 7 9 0.043208323 
463 343 7 9 0.043104365 
391 305 6 9 0.04287723 
72 332 9 11 0.042717364 
214 365 8 11 0.042639833 
32 231 8 10 0.042502668 
180 404 11 15 0.04226234 
416 343 7 10 0.042192206 
257 357 7 8 0.04200612 
326 281 7 9 0.041881796 
120 264 8 10 0.041641444 
505 311 7 9 0.04156933 
406 365 9 11 0.041516904 
457 311 6 8 0.041389935 
82 359 9 12 0.041224413 
400 288 7 9 0.041172385 
439 384 7 9 0.041106794 
167 264 7 9 0.041061707 
152 288 6 9 0.04106053 
64 200 7 8 0.040999122 
62 391 10 12 0.040944934 
256 342 8 9 0.040911283 
232 344 8 9 0.040780224 
145 271 7 9 0.040692683 
430 350 7 9 0.040595517 
1 239 8 10 0.04046941 
405 320 8 9 0.040419463 
438 397 7 9 0.040399052 
225 366 8 11 0.040364202 
384 304 8 9 0.04033756 
479 319 6 9 0.040255368 
103 303 7 9 0.040168125 
160 254 7 9 0.040086515 
256 286 7 8 0.04007901 
947 324 9 12 0.040051814 
529 359 7 10 0.04000769 
517 385 8 9 0.03990522 
104 277 9 11 0.03983057 
554 350 10 12 0.039815105 
392 311 6 9 0.039799362 
126 316 10 13 0.039655328 
206 375 8 10 0.039629545 
193 305 7 9 0.039609972 
152 265 7 9 0.039561313 
541 359 8 11 0.03942818 
258 309 8 10 0.0393804 
360 314 8 10 0.039365426 
104 294 7 9 0.03922459 
71 215 7 9 0.03917623 
256 368 9 12 0.03915545 
161 313 7 8 0.03911154 
206 303 8 9 0.03904051 
234 273 7 8 0.039021123 
369 335 7 9 0.038947046 
57 311 8 10 0.038915534 
34 184 7 9 0.038900886 
510 341 7 9 0.038883694 
213 420 12 14 0.038834363 
539 470 23 27 0.038832102 
504 319 6 8 0.038616646 
111 214 7 8 0.03828209 
74 344 8 11 0.03824979 
247 351 8 10 0.038009193 
256 320 8 10 0.038005788 
24 404 10 14 0.037940703 
39 197 7 9 0.0379284 
173 428 13 15 0.037910894 
136 343 10 11 0.037903823 
274 278 7 9 0.037814807 
151 279 8 10 0.037719283 
66 184 7 9 0.037695855 
223 328 8 10 0.037644055 
139 335 7 9 0.037625916 
48 316 8 11 0.037557945 
206 327 10 12 0.037492827 
367 360 8 11 0.03729782 
359 366 7 10 0.037284967 
18 174 7 10 0.037106972 
215 327 8 11 0.037101626 
153 255 7 8 0.037075605 
321 298 8 9 0.03698518 
314 319 8 10 0.036933422 
489 327 7 9 0.036922477 
449 368 8 9 0.036921967 
102 288 8 10 0.03679983 
200 311 8 10 0.03677249 
1008 389 11 15 0.03671212 
441 352 7 9 0.036558785 
21 382 11 13 0.036254995 
158 398 19 24 0.036213823 
447 383 7 8 0.036122076 
542 305 7 9 0.036121912 
417 389 8 10 0.036026064 
120 373 9 11 0.035965487 
72 223 7 9 0.035921823 
455 373 7 10 0.035786573 
488 318 6 8 0.035734892 
160 287 7 10 0.035661787 
32 301 9 11 0.035616335 
377 358 8 10 0.03557474 
216 254 7 8 0.035565984 
281 256 6 8 0.03553173 
214 296 7 8 0.035507552 
278 359 8 10 0.03535563 
406 360 9 11 0.03532009 
57 229 8 9 0.035314746 
473 313 7 7 0.035084307 
366 445 15 17 0.03506868 
87 395 11 15 0.035036463 
80 237 8 10 0.035031244 
246 296 8 10 0.034993462 
284 289 8 9 0.03498223 
119 341 9 11 0.03494665 
358 376 7 8 0.03481462 
487 297 7 7 0.034769367 
38 301 8 10 0.034726635 
104 223 7 10 0.034705315 
133 318 9 12 0.03465649 
269 344 8 10 0.03463822 
288 270 7 9 0.034621373 
287 294 8 9 0.03455789 
85 260 8 10 0.03444538 
304 365 7 9 0.034426972 
401 305 7 9 0.034425553 
295 297 7 8 0.03442515 
473 337 7 9 0.034379706 
341 367 8 11 0.03431232 
450 334 7 9 0.0342466 
167 276 8 10 0.034233592 
262 368 10 12 0.03409476 
74 202 7 8 0.03402751 
174 241 7 8 0.033918846 
305 337 7 9 0.033865746 
248 256 7 8 0.03385751 
60 256 8 11 0.03384517 
287 393 8 10 0.033815242 
86 248 7 9 0.03366318 
189 349 9 11 0.033658788 
306 327 7 10 0.033637475 
487 302 6 7 0.033627797 
25 255 8 10 0.033554066 
17 291 10 13 0.033535898 
93 326 8 10 0.03351825 
456 369 7 9 0.033480685 
327 380 9 11 0.03347703 
926 396 9 10 0.033368435 
134 418 10 14 0.03335636 
232 350 7 8 0.033238757 
0 355 6 11 0.033173744 
126 341 9 11 0.033046797 
105 214 7 9 0.03293977 
62 396 12 15 0.032918375 
464 372 7 9 0.032913014 
297 279 9 11 0.0328478 
1008 335 8 10 0.032761488 
31 238 8 10 0.032708872 
521 398 8 10 0.03266788 
413 335 7 10 0.03266414 
7 397 11 13 0.03247626 
22 333 8 10 0.032474987 
87 389 10 12 0.032445863 
240 316 8 10 0.032401048 
135 254 8 9 0.032280948 
218 286 7 9 0.03227739 
356 422 10 12 0.032276362 
17 240 7 10 0.03227218 
18 205 8 10 0.0321911 
125 387 11 13 0.03215875 
112 318 7 10 0.032147124 
42 248 8 10 0.03211149 
153 345 9 11 0.032042086 
208 271 7 9 0.032022946 
381 327 8 10 0.031991784 
87 351 8 10 0.031930618 
84 414 10 13 0.031906705 
391 326 8 9 0.031778708 
496 400 7 9 0.031719927 
38 184 7 9 0.031692185 
88 238 7 9 0.031605512 
443 287 7 8 0.03153731 
269 365 9 11 0.031395867 
178 349 9 11 0.03135448 
170 239 7 8 0.031325888 
543 342 7 10 0.031293076 
536 397 7 11 0.031230792 
495 312 7 8 0.031222412 
368 264 7 8 0.031205213 
266 298 7 9 0.031203706 
440 344 7 9 0.031129213 
513 400 7 9 0.031105453 
383 296 7 8 0.031051612 
136 326 8 10 0.03100616 
558 352 10 15 0.030981971 
229 387 10 13 0.030904049 
56 284 8 11 0.03082581 
16 262 9 11 0.03077278 
336 287 6 9 0.030766176 
412 412 9 12 0.030713825 
424 336 7 9 0.030705946 
329 364 8 12 0.030690623 
883 542 25 29 0.030665487 
33 360 9 11 0.030665196 
409 304 7 9 0.030660547 
536 336 7 9 0.030427944 
414 443 10 12 0.03040351 
520 313 6 8 0.030374024 
438 332 8 11 0.030288769 
240 295 8 10 0.030258099 
337 372 9 12 0.030204322 
465 287 7 8 0.030188344 
24 261 9 12 0.030156435 
359 332 8 10 0.030137014 
185 254 8 10 0.030061264 
337 281 7 8 0.029989872 
495 383 7 9 0.02997201 
47 223 7 9 0.029848916 
17 283 11 14 0.029827772 
263 350 7 10 0.029815203 
777 216 33 42 0.029799446 
466 359 8 9 0.029753651 
263 286 7 8 0.029743025 
520 318 7 9 0.029705817 
6 203 9 11 0.029701488 
454 328 7 9 0.029655695 
191 254 6 9 0.02964293 
384 311 8 9 0.029622441 
488 376 7 8 0.029603604 
410 288 8 9 0.029579462 
102 382 8 10 0.029538918 
24 174 7 9 0.02953199 
90 214 7 9 0.029461894 
463 398 7 9 0.029437039 
225 372 8 10 0.029371822 
214 373 9 11 0.029316328 
382 358 8 10 0.029310366 
513 328 6 8 0.0292279 
376 345 7 9 0.029113257 
122 382 9 13 0.029026797 
870 421 9 11 0.028998388 
69 410 13 15 0.028955495 
215 303 8 9 0.028946301 
152 400 12 15 0.02893106 
31 175 6 8 0.028913679 
49 184 7 8 0.028912555 
528 366 7 9 0.02884326 
327 296 6 9 0.028775308 
41 396 11 13 0.028770287 
16 228 8 10 0.02874237 
512 353 7 8 0.028728437 
447 359 7 9 0.028724087 
329 310 7 9 0.02869216 
342 309 8 10 0.028685592 
56 280 8 10 0.028685248 
134 263 7 10 0.028684843 
104 390 10 12 0.02865214 
247 285 8 9 0.028638752 
391 356 7 10 0.02862219 
37 278 8 11 0.028574543 
349 304 7 10 0.028489329 
240 285 8 10 0.02848462 
513 320 6 8 0.028461669 
103 200 7 8 0.028436456 
91 396 12 15 0.028381938 
84 343 8 11 0.02835625 
439 312 7 8 0.02834843 
25 169 7 9 0.028338414 
392 344 7 9 0.0283318 
463 392 8 10 0.028291011 
136 302 7 9 0.028224774 
502 352 8 9 0.028211998 
415 293 7 9 0.028157031 
81 272 9 10 0.028149467 
128 323 10 11 0.028148305 
112 257 8 9 0.028128946 
935 540 35 34 0.02807972 
135 310 8 10 0.027989514 
497 377 7 8 0.027894994 
222 391 10 12 0.027725162 
519 360 7 10 0.02772468 
471 372 7 9 0.027593406 
225 358 8 10 0.027553568 
157 360 9 11 0.027472168 
487 352 7 8 0.027427627 
0 310 9 12 0.027424932 
376 320 8 10 0.02741459 
401 344 6 9 0.027362147 
341 372 9 11 0.027347954 
150 290 17 23 0.027269013 
306 294 7 9 0.027173366 
164 387 21 27 0.027153999 
48 200 7 9 0.027138114 
105 208 8 9 0.027066402 
101 376 7 10 0.026936483 
456 319 6 8 0.026894363 
125 432 14 16 0.026873047 
1016 310 8 13 0.026759757 
271 350 7 10 0.026759382 
65 238 7 9 0.026749898 
153 231 7 8 0.026737224 
418 375 8 10 0.026644181 
1008 342 8 11 0.026641672 
0 341 7 14 0.026636753 
40 238 8 9 0.02661839 
159 248 7 9 0.026549906 
15 310 9 11 0.026543837 
1007 382 10 15 0.026487652 
251 389 11 13 0.0264122 
223 272 6 9 0.026391286 
469 358 8 9 0.026384823 
370 294 7 9 0.026360225 
239 261 6 9 0.026328668 
264 358 7 8 0.026322031 
343 263 7 9 0.0262963 
162 316 7 10 0.026273703 
234 279 8 9 0.026269397 
478 391 7 9 0.026252326 
31 208 7 9 0.026216982 
418 317 7 10 0.02620981 
210 277 7 9 0.026196325 
154 238 7 9 0.026140185 
368 365 7 10 0.025895461 
150 318 8 10 0.025860364 
431 346 7 8 0.02584218 
511 310 7 9 0.025821887 
384 344 7 9 0.025727218 
117 429 16 18 0.025682954 
64 190 8 9 0.025666432 
455 271 8 9 0.025623944 
644 70 49 59 0.025623899 
247 313 7 8 0.025599424 
95 174 8 10 0.025585938 
230 420 11 15 0.025570927 
126 337 8 9 0.02555327 
188 418 11 14 0.025549622 
465 318 6 9 0.025520748 
144 264 8 9 0.025518358 
33 196 8 10 0.025451934 
285 368 9 11 0.025355635 
447 296 6 8 0.025346609 
194 287 7 9 0.02527428 
385 319 7 10 0.025249254 
39 261 8 10 0.025247812 
47 334 8 10 0.025233593 
249 342 8 9 0.025228204 
481 311 6 8 0.025161551 
345 270 7 9 0.025156591 
360 360 9 11 0.025101256 
7 192 7 9 0.024918035 
426 297 7 8 0.02486138 
88 292 9 11 0.024803014 
353 278 7 9 0.024672221 
353 375 8 9 0.024607776 
495 390 7 9 0.024599666 
142 241 7 8 0.024563655 
345 287 7 9 0.024539629 
247 249 7 7 0.024504319 
921 391 10 12 0.024461541 
360 343 8 9 0.024449758 
494 344 7 8 0.024429778 
489 393 7 9 0.024403194 
215 264 7 9 0.024402173 
96 208 7 8 0.02434594 
334 335 7 9 0.024311613 
47 327 8 11 0.024264906 
0 245 8 11 0.024251971 
402 360 8 10 0.0242442 
528 374 8 9 0.02422006 
7 254 8 11 0.024219288 
203 383 19 24 0.024138335 
40 207 7 9 0.024124693 
429 423 9 11 0.024093715 
262 256 7 8 0.024058547 
296 302 8 9 0.02405104 
888 420 10 12 0.024039319 
39 371 14 16 0.024038631 
392 384 6 9 0.024025794 
526 334 7 9 0.023981158 
96 230 6 8 0.023974646 
42 269 8 11 0.023944782 
96 276 8 11 0.023904435 
201 325 10 13 0.023894334 
239 360 9 12 0.023883838 
16 217 7 9 0.023868136 
153 248 7 9 0.02386568 
320 271 7 9 0.023844521 
94 335 9 11 0.023802904 
351 287 7 9 0.023760255 
881 468 11 14 0.023748323 
88 207 7 9 0.023720073 
353 335 7 9 0.023719113 
889 491 18 21 0.023708375 
383 272 6 8 0.023690065 
943 364 9 12 0.023671798 
345 296 7 8 0.023618475 
432 272 7 8 0.023613077 
240 382 9 10 0.023519319 
503 328 7 8 0.023505507 
71 357 9 12 0.023500336 
339 256 7 8 0.02346412 
287 264 7 9 0.023411157 
48 252 8 10 0.023376485 
128 289 9 10 0.02336267 
334 360 8 10 0.023362268 
405 328 19 25 0.023359364 
71 309 8 9 0.023255417 
345 335 7 9 0.023177225 
62 404 14 15 0.023162093 
354 366 7 10 0.023149474 
72 286 10 12 0.023041846 
95 255 8 11 0.023022747 
96 215 7 9 0.023009067 
400 324 7 9 0.022894042 
153 370 10 12 0.022888677 
182 287 8 9 0.022873783 
10 216 7 9 0.022787966 
56 404 9 12 0.022712665 
682 344 241 258 0.022631802 
432 289 6 8 0.022619369 
424 407 8 10 0.022618711 
23 328 7 10 0.022601819 
531 384 7 9 0.022596445 
706 126 41 52 0.02247739 
71 185 7 8 0.022376215 
996 437 12 16 0.022362882 
525 327 7 9 0.022343969 
134 375 8 10 0.02233239 
440 365 8 9 0.022300197 
111 296 8 9 0.0222993 
167 287 7 10 0.022244448 
456 350 7 9 0.022221321 
328 328 7 9 0.022220356 
104 316 8 11 0.022216659 
335 329 7 9 0.022169864 
365 318 7 10 0.02216501 
93 424 14 18 0.022060758 
130 240 6 8 0.022042675 
949 334 10 13 0.022007456 
70 390 12 14 0.022005217 
505 383 8 9 0.021984028 
142 382 8 11 0.021971844 
392 287 7 9 0.021959098 
481 296 7 8 0.02195572 
295 373 9 12 0.021942258 
322 285 7 9 0.02193836 
536 376 7 10 0.021818463 
408 278 7 8 0.021785399 
135 225 6 8 0.021757841 
112 302 8 9 0.021750936 
46 368 11 12 0.021708103 
337 315 7 10 0.021706115 
496 288 7 8 0.02169124 
314 280 7 9 0.0216694 
535 342 7 10 0.021598086 
110 392 9 11 0.021590551 
79 214 7 9 0.021446971 
22 194 8 8 0.02142441 
183 262 8 9 0.02138808 
43 371 18 22 0.021381035 
150 326 8 11 0.02137783 
320 341 8 10 0.021351699 
301 280 8 10 0.021351624 
495 334 7 10 0.021343555 
243 391 9 12 0.021333795 
279 352 8 9 0.021325454 
153 361 19 23 0.021321695 
535 319 7 9 0.02131741 
287 421 9 11 0.021304674 
937 365 10 12 0.02124939 
55 242 8 8 0.021247387 
181 352 19 24 0.021234183 
56 411 19 23 0.021218704 
106 403 10 13 0.021164289 
81 191 6 7 0.02115239 
173 319 8 10 0.021121712 
674 460 17 20 0.021069149 
222 280 7 9 0.021016784 
8 390 11 14 0.021010872 
78 317 10 12 0.020955758 
408 272 7 8 0.020929422 
464 384 8 9 0.020886434 
23 410 10 15 0.020838082 
72 319 8 10 0.020822765 
16 183 8 10 0.020812403 
304 303 7 10 0.02080316 
6 309 9 11 0.02079787 
1003 439 21 27 0.02066494 
153 223 7 8 0.020641107 
225 334 8 10 0.020593094 
298 285 9 10 0.020588858 
261 389 10 11 0.020578654 
2 194 8 10 0.020536248 
430 376 8 10 0.020516267 
991 368 9 12 0.020463398 
407 327 7 9 0.020446738 
2 223 7 10 0.020442089 
72 263 8 10 0.020373872 
997 327 8 11 0.020267893 
360 273 8 9 0.02021312 
47 231 7 9 0.020150192 
416 327 7 9 0.020145193 
503 360 7 9 0.020125275 
409 351 8 10 0.020119525 
544 349 8 11 0.020115517 
160 327 8 10 0.020076549 
38 414 11 14 0.020053606 
375 279 6 9 0.020050725 
1004 383 21 29 0.020013796 
