35_Basketball_basketballgame_ball_35_375
2230
992 534 13 20 0.6722442 
361 143 7 10 0.60928684 
681 199 9 12 0.53319037 
658 136 8 11 0.5094895 
805 183 10 13 0.497821 
969 78 7 10 0.47147626 
762 603 18 22 0.47056153 
413 133 8 11 0.46822315 
862 198 9 11 0.44864196 
352 127 7 10 0.4454083 
631 215 8 11 0.4438057 
575 149 8 10 0.41453087 
500 166 9 12 0.4132428 
606 190 7 10 0.41151032 
648 177 8 10 0.40998903 
591 226 10 12 0.40417117 
830 215 9 12 0.40006474 
845 152 8 11 0.3884784 
822 681 25 28 0.37467998 
593 110 7 9 0.34695953 
874 692 25 30 0.34250608 
610 231 8 10 0.34172425 
647 55 6 9 0.3409089 
635 132 7 10 0.33997574 
626 56 6 9 0.31662908 
615 217 8 10 0.31126964 
446 135 7 10 0.3002437 
433 167 8 11 0.29293114 
862 127 8 11 0.2924744 
865 222 7 10 0.29239613 
649 158 8 10 0.28922033 
449 211 9 12 0.28823954 
272 95 8 9 0.28720248 
537 158 7 10 0.2739428 
1 126 8 12 0.26732337 
862 133 7 10 0.26467124 
719 99 9 12 0.2605243 
334 104 8 10 0.2586489 
838 5 8 11 0.25199455 
272 175 7 10 0.2515047 
576 111 7 10 0.24941303 
967 142 8 10 0.2488181 
393 147 10 11 0.24812983 
838 127 8 11 0.2462745 
465 158 7 9 0.2461746 
982 485 23 30 0.24494185 
862 157 8 10 0.24336687 
522 224 8 11 0.24302529 
808 745 19 21 0.2400063 
95 127 8 11 0.23502493 
430 190 10 12 0.23257534 
840 169 9 11 0.23173551 
52 524 12 16 0.23158175 
986 483 15 19 0.23087645 
518 161 8 10 0.23068585 
965 165 9 11 0.23023011 
695 111 9 12 0.22943775 
300 192 8 10 0.22812046 
842 150 8 10 0.22555672 
256 95 7 9 0.22511436 
738 97 7 10 0.22245102 
861 568 13 19 0.2212653 
118 168 8 11 0.2205812 
817 174 8 11 0.21874362 
933 214 8 10 0.21661884 
997 165 11 12 0.21650712 
823 150 8 10 0.21576853 
638 233 8 10 0.21431263 
567 166 8 10 0.21373291 
360 167 8 10 0.21338236 
86 102 7 10 0.21201196 
887 150 9 10 0.21176541 
94 152 8 10 0.21129386 
591 15 6 8 0.20924489 
1010 146 11 13 0.206268 
592 55 7 9 0.20626181 
321 30 7 9 0.20522708 
543 204 8 10 0.2020719 
592 149 8 9 0.19365077 
871 520 13 19 0.19282265 
712 135 10 13 0.19226359 
896 171 10 13 0.19167268 
1005 15 10 13 0.19083415 
592 129 7 10 0.18952204 
724 182 8 11 0.18818663 
1009 483 11 15 0.18799508 
575 191 8 9 0.18580532 
701 23 7 10 0.18486723 
674 221 8 11 0.18307681 
477 94 8 12 0.18216847 
453 198 11 12 0.18180051 
450 166 10 11 0.18109393 
471 136 7 10 0.18002531 
273 158 7 9 0.1793465 
625 176 7 10 0.17929426 
862 151 9 12 0.17734544 
608 87 7 10 0.17670761 
181 64 7 9 0.17639889 
888 157 8 11 0.17615618 
804 681 16 21 0.17276329 
859 199 8 11 0.17238022 
441 41 8 9 0.17222556 
493 641 21 26 0.17109945 
495 102 7 9 0.17105646 
160 94 7 10 0.16882196 
392 17 7 9 0.16644843 
768 69 8 10 0.16643164 
62 121 7 10 0.16594413 
983 4 9 11 0.16593505 
318 143 9 11 0.1653272 
378 173 8 10 0.16481002 
617 199 7 10 0.1646167 
657 221 8 11 0.1635469 
558 184 8 11 0.16295002 
575 89 7 10 0.16270594 
888 135 10 11 0.16200396 
888 103 8 10 0.16054562 
821 273 9 10 0.1598549 
157 143 8 11 0.15958299 
423 23 7 9 0.15894103 
471 207 8 10 0.15892857 
685 237 8 9 0.15881948 
150 159 8 9 0.15813965 
863 177 8 10 0.15776993 
397 145 9 10 0.1562417 
918 506 13 16 0.15606934 
847 156 8 9 0.15561268 
390 41 8 9 0.15467094 
825 200 8 10 0.15262753 
110 157 7 9 0.150842 
153 128 7 10 0.1506636 
949 7 10 11 0.15001774 
657 72 8 10 0.1484281 
997 36 9 11 0.14738737 
855 111 8 10 0.14643659 
999 55 9 11 0.14641728 
440 183 9 12 0.14584425 
290 121 7 10 0.1452446 
295 607 23 28 0.14377537 
506 150 7 10 0.14318374 
477 180 9 11 0.14238206 
889 142 9 12 0.14205194 
514 102 7 9 0.14193895 
477 101 8 10 0.14192905 
625 152 9 10 0.14128754 
110 531 13 16 0.14096572 
873 128 8 11 0.14060359 
694 79 8 11 0.13845736 
448 152 8 11 0.13836047 
77 167 8 10 0.13762577 
320 198 8 10 0.13757142 
905 205 9 11 0.13739704 
79 126 8 10 0.13722292 
558 71 7 8 0.13666135 
610 150 8 10 0.13659872 
999 159 10 13 0.13572982 
519 103 8 9 0.1349157 
625 156 8 12 0.1343336 
62 102 7 10 0.13421893 
893 506 15 18 0.13387863 
933 207 8 11 0.1331997 
559 103 8 8 0.13294104 
951 185 7 10 0.13270216 
437 190 10 13 0.13243641 
378 24 7 9 0.13192993 
637 128 8 11 0.1318203 
281 137 8 10 0.13122801 
590 189 8 10 0.1308192 
606 255 10 12 0.13066103 
729 64 7 10 0.13066031 
519 183 8 10 0.13062568 
512 176 8 10 0.12987545 
896 435 10 15 0.12986653 
800 64 9 11 0.12983762 
910 142 9 10 0.1296641 
463 153 8 10 0.1287944 
775 143 9 11 0.12795399 
442 45 8 11 0.12758146 
677 113 9 11 0.12751742 
521 14 8 9 0.12586078 
429 72 9 11 0.1253512 
319 192 7 9 0.12521116 
514 159 8 10 0.12505212 
160 55 8 10 0.12471644 
425 72 9 11 0.12465782 
489 135 8 10 0.12446469 
566 54 8 10 0.12426763 
448 157 9 11 0.124043025 
774 214 9 12 0.12389075 
912 135 9 10 0.12382982 
169 160 7 10 0.123761445 
949 77 7 10 0.123655476 
440 23 8 10 0.123607755 
410 192 8 11 0.122936115 
207 39 8 10 0.12239169 
303 135 8 10 0.12231202 
535 263 12 15 0.12157394 
76 525 11 14 0.12121654 
992 167 10 13 0.120827876 
909 158 8 11 0.12081121 
553 46 8 10 0.12012765 
410 80 7 10 0.11976958 
545 103 7 9 0.11945967 
558 231 9 11 0.1190878 
569 215 8 11 0.11883844 
814 230 8 10 0.11877854 
554 87 8 9 0.11853164 
863 192 8 10 0.118501134 
374 8 8 9 0.11840735 
496 117 8 11 0.11810556 
164 563 15 18 0.11791199 
412 172 10 12 0.11762548 
510 197 9 12 0.11759171 
263 142 7 9 0.11703732 
286 137 8 10 0.116934665 
536 181 7 10 0.11609703 
922 151 9 11 0.11604309 
831 103 10 12 0.1159311 
400 166 8 11 0.115847 
334 605 15 18 0.11579574 
900 436 13 16 0.115363084 
919 191 9 10 0.11521006 
350 105 7 9 0.11498992 
639 73 7 9 0.11495728 
426 184 8 10 0.114916846 
812 566 15 20 0.114248425 
437 196 9 11 0.114028275 
193 144 8 10 0.11401397 
225 80 7 9 0.11337097 
641 95 8 11 0.112953275 
335 125 8 10 0.11294872 
525 204 9 11 0.112877905 
774 172 8 10 0.11277014 
336 143 8 10 0.112226 
351 132 7 10 0.11215507 
537 119 7 8 0.11204099 
280 191 7 8 0.11202182 
153 134 8 10 0.111784704 
494 143 9 10 0.11123918 
428 119 9 11 0.110952385 
586 165 9 11 0.110339254 
943 446 9 13 0.10840881 
353 15 7 9 0.10797629 
921 197 9 12 0.107971765 
500 217 10 11 0.106394365 
599 78 7 10 0.106361575 
303 65 6 8 0.10632675 
874 110 8 11 0.106197 
383 86 8 10 0.10607706 
606 174 8 10 0.10598027 
157 174 7 10 0.10562828 
943 140 9 11 0.10531917 
952 562 13 21 0.10521222 
6 99 11 13 0.10506124 
94 62 7 9 0.10484208 
296 109 8 9 0.104367785 
142 151 8 10 0.10341633 
384 23 7 10 0.10302174 
129 56 8 10 0.102884255 
680 63 7 9 0.10264905 
281 80 8 10 0.10214318 
1014 71 8 11 0.10211834 
197 134 7 10 0.1020962 
680 94 10 12 0.102027446 
840 145 7 10 0.10198551 
433 196 9 12 0.10169699 
66 87 8 10 0.101188056 
129 119 8 10 0.100362316 
663 8 7 8 0.10008805 
646 95 9 11 0.10008061 
440 128 9 11 0.09982085 
744 30 7 9 0.09945411 
478 121 8 9 0.099342145 
624 181 8 9 0.09907658 
248 152 7 9 0.098999545 
614 113 7 9 0.0987391 
661 70 9 11 0.09862341 
904 151 10 12 0.09849585 
457 40 8 10 0.09844096 
688 128 9 11 0.09841513 
606 57 7 9 0.09805878 
389 630 16 20 0.09769832 
607 183 8 11 0.097506694 
663 55 7 9 0.09746139 
625 86 8 11 0.0973114 
256 79 8 10 0.09689382 
1000 468 11 14 0.096664436 
681 134 8 10 0.09545298 
343 181 8 10 0.0952038 
945 136 8 10 0.09505538 
809 577 18 21 0.09496866 
31 90 7 10 0.094825715 
80 62 7 10 0.09437299 
585 183 8 11 0.09429033 
81 571 18 23 0.09417794 
608 118 8 9 0.09367659 
382 111 8 10 0.092721954 
550 160 8 11 0.092557564 
736 81 8 10 0.09188986 
237 14 8 10 0.09185071 
535 48 7 9 0.0917132 
451 205 11 12 0.09149336 
760 22 7 9 0.09149053 
469 213 9 11 0.091479115 
221 111 9 10 0.090999275 
430 134 7 9 0.090565614 
679 7 7 9 0.09047604 
414 165 10 13 0.09046042 
255 87 7 8 0.09026035 
602 61 7 9 0.090185046 
609 215 8 11 0.0900995 
477 88 7 9 0.0898828 
426 77 9 11 0.08976451 
85 96 9 10 0.08964107 
702 238 8 10 0.0893722 
505 126 7 9 0.089223504 
390 21 9 11 0.08887071 
488 269 10 13 0.08863756 
629 57 7 9 0.08850305 
255 183 7 9 0.08848086 
39 56 7 10 0.08836705 
241 132 9 11 0.08804902 
837 104 9 11 0.08776327 
457 120 8 9 0.08757394 
510 151 7 9 0.0873258 
747 214 12 15 0.08709785 
590 216 7 9 0.086895294 
353 64 6 8 0.086352706 
294 121 7 9 0.08629817 
528 151 6 9 0.08625329 
697 207 7 9 0.08577615 
1011 478 11 15 0.0855687 
359 15 8 9 0.085155375 
576 46 8 9 0.085136846 
91 555 13 18 0.08465615 
995 697 26 34 0.084514186 
136 104 8 10 0.08404848 
264 103 6 8 0.08379607 
688 102 8 10 0.08379277 
879 127 9 12 0.08372003 
135 56 7 9 0.08365278 
496 111 7 10 0.08355119 
655 238 8 10 0.083546594 
488 199 8 11 0.08343992 
585 213 8 10 0.08340595 
398 182 9 12 0.08333715 
129 140 8 11 0.083293885 
313 104 7 9 0.083219685 
104 103 9 11 0.083190046 
218 184 6 9 0.08307539 
319 148 9 11 0.083069384 
680 87 7 9 0.08255257 
914 116 9 10 0.08244255 
999 101 8 10 0.08219447 
593 87 7 9 0.08218803 
168 143 9 10 0.08201035 
879 166 8 11 0.08188715 
456 180 8 11 0.08164774 
488 150 9 12 0.08155318 
207 102 8 10 0.08143832 
263 111 7 8 0.08143379 
478 189 10 12 0.08138617 
656 76 8 9 0.08100365 
909 199 10 12 0.080997065 
610 114 7 8 0.08089604 
415 40 7 8 0.08085346 
99 181 9 12 0.080813505 
702 55 9 10 0.080771394 
629 151 8 11 0.08073144 
678 142 10 11 0.08070525 
625 220 8 10 0.08029004 
57 158 7 10 0.08018975 
246 128 7 10 0.080183685 
471 199 10 12 0.07980349 
409 41 6 9 0.07974617 
234 70 7 10 0.07947173 
945 73 8 9 0.07941506 
407 86 8 10 0.07929383 
861 104 8 10 0.07928647 
31 57 8 10 0.079118036 
376 55 7 9 0.07910643 
597 351 11 14 0.078898974 
304 94 6 9 0.07884077 
735 63 7 9 0.078565195 
359 61 7 10 0.07847221 
414 62 8 10 0.07841542 
916 222 10 12 0.07840377 
303 70 6 8 0.07807188 
176 112 7 10 0.0776327 
121 95 7 9 0.07759591 
558 95 7 10 0.07749544 
670 167 10 12 0.07743215 
560 120 8 10 0.07717594 
593 49 6 8 0.077134855 
131 158 7 9 0.07695809 
447 140 7 9 0.07694408 
854 94 8 9 0.07691386 
678 80 7 9 0.07688254 
152 88 7 9 0.076680355 
47 87 8 10 0.07661431 
615 45 7 9 0.07660158 
224 28 8 10 0.076406 
456 96 7 10 0.07625364 
19 517 13 18 0.07602087 
480 24 8 10 0.07593503 
246 105 8 9 0.07571126 
520 260 9 11 0.075636975 
297 142 7 9 0.07525113 
543 158 8 11 0.07520457 
142 54 8 10 0.07498263 
96 8 8 10 0.0749028 
647 117 9 11 0.07483107 
168 135 8 10 0.074799374 
634 39 7 9 0.0746296 
697 54 7 10 0.07455647 
951 11 9 12 0.07442304 
402 92 6 9 0.07420191 
302 37 8 10 0.07412692 
646 112 9 11 0.07371764 
87 85 8 10 0.07331335 
674 157 8 10 0.07331121 
256 176 6 8 0.07321479 
945 13 8 10 0.07303633 
519 119 8 10 0.07301359 
848 118 9 10 0.07295075 
159 89 7 9 0.07294634 
201 96 7 9 0.07293857 
678 150 10 12 0.0729248 
238 184 7 9 0.07285509 
175 127 8 9 0.072644964 
0 682 13 21 0.07257786 
114 167 8 11 0.072574474 
359 119 8 10 0.07254726 
70 137 8 9 0.072357535 
992 87 9 10 0.07227299 
158 15 8 9 0.07219668 
61 622 27 31 0.07211378 
271 72 8 10 0.07207651 
668 172 10 12 0.07189421 
230 149 8 11 0.07178439 
727 189 8 11 0.07153836 
710 85 8 10 0.07150992 
878 110 9 11 0.0713586 
209 142 7 9 0.07122392 
129 47 7 8 0.07120405 
384 79 8 10 0.07119442 
438 173 8 10 0.0710968 
704 62 7 9 0.07094978 
520 96 8 10 0.070896134 
609 40 7 9 0.0708008 
233 169 7 9 0.07071587 
474 121 8 10 0.07032523 
544 166 8 9 0.07029652 
56 23 7 9 0.07003732 
589 160 9 11 0.06980121 
795 64 8 10 0.06976017 
559 222 8 10 0.069662295 
493 137 9 9 0.06952546 
239 117 7 9 0.06943104 
358 183 9 10 0.06934368 
378 39 7 9 0.06905098 
159 148 7 10 0.069009446 
752 157 11 12 0.06895658 
473 48 7 8 0.06893067 
279 113 7 8 0.06890788 
189 119 8 10 0.068784505 
542 175 9 12 0.068782814 
158 128 7 10 0.06872125 
240 113 7 10 0.06867368 
536 220 9 12 0.06860137 
538 152 8 11 0.06830298 
473 125 8 11 0.06828981 
321 9 8 9 0.06808767 
552 120 7 10 0.06808061 
822 31 7 10 0.06777283 
46 121 8 11 0.067573056 
640 112 8 10 0.0674589 
608 144 9 11 0.067131005 
632 7 7 8 0.0669844 
649 245 9 11 0.06690985 
334 121 9 10 0.06680296 
201 167 8 9 0.06678132 
751 271 7 10 0.06668178 
945 8 9 11 0.06666551 
647 153 8 9 0.06648982 
152 38 7 9 0.066458 
648 240 9 11 0.06628685 
465 214 9 11 0.06628174 
161 60 8 11 0.06624214 
455 101 8 10 0.06620427 
352 40 7 10 0.06600136 
168 166 9 11 0.065906525 
511 143 8 11 0.065838836 
567 47 7 10 0.06557827 
919 168 11 12 0.06552679 
551 231 10 11 0.06538857 
961 159 9 11 0.065329336 
641 117 8 10 0.065325886 
118 71 8 11 0.065179676 
980 641 17 23 0.065122575 
690 110 9 12 0.06512107 
765 86 8 10 0.065118894 
233 128 7 9 0.065087326 
415 159 8 11 0.064852044 
328 119 8 11 0.064807184 
919 185 9 10 0.06478078 
993 525 24 30 0.06464276 
662 105 8 10 0.06461408 
473 191 9 11 0.064050935 
128 60 8 10 0.064047135 
904 80 8 10 0.063925534 
937 166 9 12 0.06390125 
932 133 11 13 0.063879386 
849 94 8 9 0.06384253 
949 136 8 11 0.06367591 
613 247 11 13 0.06359337 
975 22 8 9 0.06348355 
13 514 14 18 0.06347966 
640 77 6 9 0.06343954 
913 111 8 11 0.063424125 
517 277 13 17 0.06334113 
223 128 8 10 0.06331183 
622 199 8 10 0.06324789 
8 615 22 29 0.06313622 
447 76 11 13 0.062969625 
191 126 8 10 0.06286948 
905 156 9 12 0.062833555 
553 260 9 13 0.062821455 
197 183 8 10 0.06277118 
346 105 7 9 0.06277111 
446 182 9 11 0.0626983 
377 192 7 10 0.06264737 
808 150 7 9 0.06251257 
320 183 6 9 0.062388718 
137 174 7 10 0.062379062 
528 8 9 10 0.062375367 
48 519 10 15 0.062367458 
315 193 7 9 0.0623241 
558 262 10 12 0.062298294 
408 166 9 12 0.0622938 
990 5 9 10 0.062176052 
893 142 8 10 0.062101223 
585 188 9 11 0.06205731 
695 157 9 10 0.062052038 
234 173 7 10 0.062012583 
209 61 8 10 0.06194311 
182 69 8 9 0.061942168 
94 156 8 11 0.06182267 
408 45 8 10 0.06180081 
960 494 10 14 0.061733913 
881 207 8 11 0.061719093 
414 151 7 9 0.061704554 
544 109 8 10 0.061670154 
408 30 8 9 0.061638508 
152 112 7 10 0.061562594 
782 9 8 9 0.061475933 
278 153 8 10 0.06144455 
854 116 9 10 0.061203178 
273 101 7 8 0.06114253 
985 167 9 12 0.06099102 
690 80 8 9 0.060733538 
65 80 8 10 0.060677107 
429 125 9 11 0.060671736 
544 229 10 13 0.06063602 
62 636 24 28 0.060627136 
1005 441 14 18 0.06058711 
741 95 8 10 0.060585354 
299 38 7 9 0.060582854 
321 121 7 9 0.060562376 
79 120 7 10 0.060466193 
106 158 8 10 0.060389355 
129 103 7 10 0.060350154 
132 587 15 19 0.060213357 
425 46 8 10 0.06002445 
1013 13 9 12 0.0600084 
298 70 7 10 0.05982106 
993 152 8 10 0.059793763 
983 111 8 10 0.059785873 
934 32 9 11 0.059733685 
157 135 8 9 0.059493475 
623 190 8 11 0.0593935 
295 104 7 10 0.05936233 
1004 691 15 19 0.059178837 
335 110 7 9 0.059152152 
925 173 9 11 0.05896916 
927 6 9 11 0.058942277 
828 198 8 10 0.058920704 
250 184 7 9 0.058893558 
327 8 7 10 0.058866147 
84 561 16 23 0.05882474 
585 174 8 10 0.058811538 
258 143 7 9 0.05879117 
384 184 8 10 0.058648176 
608 134 8 9 0.05853297 
762 81 8 9 0.058433235 
677 156 9 10 0.058348883 
922 697 28 32 0.058283284 
680 99 10 11 0.058219194 
967 146 9 12 0.057986278 
369 56 7 9 0.05797564 
174 96 7 10 0.057882838 
199 102 9 11 0.057807714 
680 231 9 11 0.057696115 
497 219 10 12 0.057426184 
1006 111 9 11 0.057343148 
575 282 12 16 0.05734066 
393 62 7 9 0.057325378 
262 138 7 9 0.05725237 
134 143 8 11 0.05725137 
670 126 9 10 0.057233274 
992 158 10 12 0.05722651 
495 206 7 9 0.05716665 
120 7 9 11 0.05700788 
541 222 10 12 0.05694638 
222 105 8 9 0.0569421 
695 127 9 12 0.056928456 
794 23 7 9 0.056842618 
887 108 8 10 0.0566629 
176 56 8 9 0.05658058 
573 214 9 11 0.05655269 
921 275 10 12 0.05652314 
694 103 7 9 0.0564851 
608 157 9 11 0.05634025 
59 607 28 33 0.05612843 
538 274 13 16 0.056119353 
142 48 8 10 0.056111813 
646 1 9 9 0.056080677 
520 63 9 10 0.056051075 
495 229 13 16 0.05585768 
743 8 8 9 0.05582015 
216 161 8 9 0.055753436 
737 14 8 9 0.055749394 
552 181 10 14 0.055693086 
720 176 10 12 0.05566361 
720 63 9 11 0.055617712 
818 135 8 9 0.055605542 
407 159 9 10 0.055546712 
550 236 11 14 0.055541627 
616 24 7 8 0.05539364 
347 109 7 10 0.05525931 
385 42 7 9 0.055173095 
749 256 10 11 0.055156898 
474 174 9 12 0.055143114 
654 96 7 9 0.055061806 
192 94 7 10 0.05502454 
647 294 8 10 0.05497342 
664 167 9 12 0.05494851 
27 597 17 20 0.054935507 
104 108 8 11 0.05485014 
703 79 9 11 0.054845896 
889 742 26 27 0.054768577 
857 143 9 10 0.054743826 
471 54 8 10 0.054579772 
270 62 8 9 0.054502897 
643 55 7 9 0.05432034 
145 71 9 10 0.054186285 
525 71 8 9 0.054163396 
880 103 8 10 0.054036558 
360 57 8 10 0.054033108 
541 151 8 10 0.054032143 
219 117 8 10 0.05397439 
560 206 9 11 0.053968545 
456 44 8 11 0.053876307 
590 8 8 8 0.05381183 
87 200 9 11 0.053735718 
910 31 8 10 0.05365478 
152 166 8 11 0.053526048 
383 189 8 10 0.053523973 
765 44 8 10 0.05341864 
426 188 9 12 0.05334881 
552 103 7 9 0.053325262 
648 37 7 10 0.053318307 
55 55 9 12 0.05329455 
721 189 10 12 0.05327301 
856 165 9 11 0.053077675 
702 41 7 8 0.05300855 
489 112 8 9 0.052931566 
463 30 7 9 0.052928854 
89 56 8 9 0.052925937 
462 38 8 11 0.052900784 
391 183 8 11 0.052871287 
303 88 7 9 0.052848253 
653 118 10 11 0.052747022 
288 175 8 10 0.0527356 
137 70 7 10 0.052689288 
369 49 7 8 0.052604668 
536 176 9 12 0.052579295 
97 176 9 12 0.05257322 
631 94 7 10 0.052556995 
858 103 8 10 0.052498948 
174 158 9 10 0.05240735 
136 168 7 10 0.052382372 
929 111 8 10 0.05234598 
446 41 7 9 0.05229087 
782 25 6 8 0.052278515 
241 128 8 10 0.0522719 
112 62 7 8 0.05213475 
328 14 7 9 0.052121907 
800 222 9 11 0.052117646 
455 175 9 11 0.05204648 
814 179 10 14 0.05203132 
885 127 10 12 0.052010518 
155 92 7 10 0.0519326 
552 126 7 8 0.05184575 
886 40 7 9 0.051843632 
711 80 8 10 0.051759932 
503 639 22 28 0.051745996 
81 133 8 10 0.051742498 
135 150 9 12 0.05168044 
674 38 7 10 0.051680252 
801 176 9 12 0.051655043 
727 1 8 8 0.05162604 
922 498 14 17 0.051616773 
972 184 9 11 0.051571947 
815 8 8 10 0.051510245 
488 128 7 9 0.05146812 
505 191 8 11 0.051450197 
495 183 8 10 0.051432893 
455 125 9 11 0.05142878 
794 69 9 11 0.051367756 
598 73 8 10 0.051361077 
50 136 8 10 0.051251583 
31 174 8 10 0.051231887 
1000 77 8 10 0.05123103 
170 32 7 8 0.051225677 
661 215 8 10 0.05107311 
493 40 8 10 0.051045682 
687 15 8 10 0.051011432 
576 116 8 10 0.051003873 
1003 19 9 11 0.05099135 
625 60 8 10 0.05092003 
73 560 21 28 0.050880384 
286 80 7 9 0.050782334 
543 77 8 11 0.05077139 
214 136 9 10 0.050721757 
96 121 8 9 0.050686248 
825 101 9 14 0.05066872 
513 118 7 10 0.050629444 
649 126 8 10 0.050609943 
525 101 7 10 0.050607674 
320 25 7 10 0.05055801 
378 112 8 11 0.050471965 
614 157 9 11 0.050387137 
328 71 8 10 0.050343968 
528 261 9 12 0.050336026 
694 133 9 11 0.050291583 
923 272 11 11 0.050284933 
151 63 7 10 0.05017797 
288 95 8 9 0.050163288 
906 435 14 17 0.050125156 
968 82 9 11 0.050103165 
941 166 9 11 0.05009828 
576 15 7 9 0.05008646 
513 96 7 10 0.05007589 
551 255 9 12 0.05005312 
949 716 12 17 0.049996264 
15 80 7 9 0.049914993 
447 6 8 9 0.0498763 
975 108 9 12 0.04985332 
377 86 7 10 0.049819186 
797 689 15 20 0.049783267 
87 133 8 10 0.049782775 
553 41 8 9 0.049777746 
740 101 8 9 0.049772006 
521 78 8 10 0.049718447 
0 412 7 13 0.049642403 
526 65 8 9 0.04963266 
679 69 8 10 0.04949196 
985 492 28 35 0.049472068 
248 157 8 10 0.04947162 
553 95 7 9 0.049394764 
63 95 9 10 0.049344078 
485 158 9 10 0.04928686 
602 174 8 10 0.04927426 
304 168 8 10 0.04926556 
664 157 8 10 0.049223784 
648 31 8 10 0.049190156 
406 93 7 9 0.049154606 
262 79 7 10 0.049117792 
977 3 9 12 0.04908736 
82 85 8 11 0.049087033 
696 214 10 12 0.048997905 
542 72 8 9 0.048982352 
961 173 9 11 0.04896152 
660 222 9 11 0.048958946 
321 96 6 8 0.048949633 
176 79 6 8 0.048944466 
526 78 8 11 0.048848674 
656 230 9 11 0.048844285 
622 72 8 10 0.048826568 
773 69 7 9 0.048674293 
494 25 8 9 0.048520718 
897 53 8 10 0.048301462 
232 112 7 9 0.048284203 
701 111 9 11 0.048273515 
974 103 9 11 0.04825657 
351 200 9 12 0.04823989 
984 478 13 18 0.048223488 
176 24 7 8 0.048093636 
66 135 7 10 0.048084047 
290 103 8 9 0.048075873 
313 109 8 9 0.048059225 
345 128 8 9 0.047992688 
174 152 9 9 0.047928203 
647 259 10 12 0.0477744 
713 640 27 31 0.0477649 
286 86 7 10 0.04776227 
583 266 11 14 0.04776135 
125 8 8 10 0.04765992 
208 15 7 9 0.04763162 
679 167 10 12 0.047614496 
590 244 12 14 0.0475976 
342 144 8 10 0.047562163 
657 16 7 9 0.04752186 
189 166 8 10 0.04748708 
502 112 8 10 0.04748321 
344 88 7 9 0.0474798 
463 219 10 12 0.047476254 
520 87 8 9 0.047334723 
537 164 8 9 0.04731557 
695 72 7 9 0.047313895 
594 78 7 10 0.047305822 
305 120 7 9 0.047272895 
479 28 9 11 0.04726551 
929 2 8 8 0.047196217 
0 120 8 14 0.047188833 
528 182 8 11 0.047170546 
121 111 7 9 0.047138024 
238 169 8 9 0.047129836 
441 6 7 9 0.04710683 
816 584 18 21 0.04703491 
584 46 6 9 0.047013283 
895 48 8 9 0.046922777 
533 7 9 10 0.046916954 
374 197 9 10 0.046873175 
440 29 8 10 0.04686773 
264 167 8 10 0.046820857 
857 159 8 10 0.04678542 
705 87 8 9 0.04671151 
737 9 8 8 0.046680164 
624 17 8 10 0.046673503 
240 88 7 9 0.04663009 
525 96 8 11 0.04661559 
883 523 14 17 0.04660519 
953 150 9 12 0.0465803 
26 93 8 11 0.04654609 
674 118 9 10 0.046544865 
494 149 8 11 0.04654374 
822 145 7 9 0.04652066 
306 128 8 9 0.046518102 
796 585 13 17 0.046515454 
526 12 8 10 0.0464257 
385 73 7 9 0.0463974 
597 112 7 9 0.046368655 
663 63 8 9 0.0463396 
911 166 9 11 0.04633234 
71 151 9 11 0.04632197 
737 234 10 12 0.04631163 
254 63 8 9 0.046308618 
942 31 9 10 0.04627932 
720 7 7 8 0.04622055 
482 158 7 10 0.046185598 
238 174 7 9 0.04615853 
943 740 24 27 0.04614875 
863 24 8 10 0.04614732 
801 32 7 9 0.046122875 
111 16 8 10 0.04610993 
489 142 9 11 0.046068724 
69 567 14 20 0.045998067 
269 56 8 9 0.045949582 
959 151 9 11 0.045861393 
801 14 8 10 0.045798108 
582 207 9 11 0.045659136 
655 112 8 9 0.045639873 
543 120 8 9 0.045629095 
705 71 8 9 0.045601048 
246 110 9 11 0.045587562 
512 261 9 11 0.045569498 
845 167 9 11 0.045554753 
365 167 8 10 0.045533136 
617 128 7 9 0.045514103 
798 730 23 30 0.045509655 
933 22 9 10 0.045507897 
917 608 27 31 0.04541207 
953 28 8 11 0.045361295 
423 15 8 10 0.045273244 
25 158 7 10 0.04520427 
782 143 7 10 0.045198906 
614 144 8 10 0.045087647 
682 14 7 10 0.045065835 
41 88 8 10 0.045064226 
945 54 8 10 0.044961896 
240 32 8 10 0.044913925 
267 63 7 9 0.044879463 
885 239 10 12 0.0448446 
994 93 9 12 0.044840906 
147 64 7 8 0.04483893 
645 5 9 10 0.044831123 
552 65 8 9 0.044828054 
126 95 7 9 0.044816367 
543 133 7 9 0.044812653 
88 165 8 10 0.044805285 
618 72 7 9 0.04463961 
407 143 10 11 0.044627335 
495 96 8 10 0.0445445 
72 2 8 8 0.044533443 
1007 87 10 13 0.04442618 
174 175 7 9 0.044411108 
998 94 10 12 0.04439131 
25 142 9 11 0.04437984 
613 236 9 11 0.044364426 
325 31 7 9 0.04432882 
652 159 10 11 0.04429752 
448 219 10 12 0.044274192 
806 177 9 11 0.044256445 
223 168 7 9 0.044243533 
920 493 12 17 0.044227507 
423 8 7 9 0.044221155 
329 125 8 10 0.04419047 
360 172 9 10 0.044127014 
583 72 9 10 0.04401494 
721 1 7 8 0.043999348 
409 150 8 10 0.043953814 
617 206 8 9 0.04394008 
512 86 7 10 0.04389872 
808 145 7 9 0.04389578 
953 102 9 10 0.04386102 
273 119 8 10 0.043772433 
895 96 8 11 0.043748613 
485 246 9 12 0.04372217 
295 56 7 8 0.04368862 
850 113 8 10 0.043653898 
608 127 7 9 0.043599226 
447 16 7 8 0.043516695 
335 174 9 11 0.043493904 
685 96 9 10 0.043489918 
784 173 9 12 0.04343469 
920 12 9 11 0.043431524 
607 197 8 10 0.043423135 
251 80 7 9 0.043355126 
93 57 8 9 0.0433465 
947 183 7 11 0.043334935 
695 229 10 12 0.043324903 
453 71 9 11 0.04325562 
527 174 9 11 0.043250974 
936 54 7 9 0.043236848 
408 128 10 12 0.04322724 
442 16 7 9 0.043208234 
678 216 8 11 0.043110657 
845 126 8 10 0.043050315 
1007 190 8 11 0.043010924 
781 181 10 13 0.042917598 
519 110 7 10 0.042837046 
377 29 7 9 0.042768247 
318 137 9 10 0.042761285 
809 734 19 23 0.04267331 
822 118 8 11 0.042640116 
749 261 8 11 0.04263356 
254 200 8 10 0.04261663 
935 38 9 9 0.04258368 
609 93 7 11 0.042498343 
346 134 8 9 0.042485703 
660 139 9 11 0.042451095 
870 145 8 10 0.04244747 
170 174 8 9 0.042408668 
665 88 8 9 0.0423699 
861 109 9 11 0.042262506 
925 198 9 12 0.042215053 
197 143 7 9 0.042134255 
894 101 8 11 0.042098403 
623 31 7 9 0.042077255 
957 24 9 11 0.04206505 
113 120 7 9 0.042034864 
631 80 8 10 0.042012636 
519 200 9 12 0.042011995 
174 30 7 9 0.041965324 
431 159 8 10 0.041961204 
575 41 8 9 0.041913312 
498 172 9 11 0.04189225 
462 96 8 9 0.041788932 
70 6 9 10 0.041760206 
192 206 7 9 0.041754756 
518 272 11 14 0.04175291 
702 208 9 11 0.0416828 
912 104 7 9 0.04162725 
867 630 19 23 0.041575026 
584 78 7 9 0.041568752 
543 87 7 9 0.04154372 
401 308 10 13 0.041500106 
713 102 9 10 0.041436657 
713 16 7 10 0.0414291 
165 72 9 10 0.04133203 
752 94 8 10 0.04132518 
854 284 8 11 0.0411966 
423 85 9 11 0.041172184 
463 23 7 9 0.041169748 
614 41 7 9 0.041157126 
226 149 9 10 0.041131787 
412 244 10 12 0.041123383 
114 185 7 9 0.041120067 
968 31 8 10 0.041086935 
920 156 10 10 0.04107999 
551 175 9 12 0.04103506 
465 207 9 11 0.040996026 
383 45 8 10 0.04098349 
494 200 7 11 0.040927466 
751 139 10 12 0.040888235 
908 540 12 17 0.040824708 
177 16 6 8 0.040817033 
81 79 8 11 0.04080419 
808 679 23 31 0.04078072 
704 94 8 10 0.04076753 
527 119 7 9 0.040708683 
892 522 12 16 0.040643245 
198 108 9 12 0.040640716 
254 56 7 9 0.040590085 
306 650 23 32 0.040550426 
249 86 8 9 0.040476207 
897 118 10 11 0.04044855 
319 203 11 13 0.0404363 
888 45 7 10 0.040399205 
74 126 8 9 0.04039548 
756 155 12 13 0.040388163 
608 81 8 9 0.04038264 
720 15 7 10 0.040359303 
625 39 6 9 0.04027597 
869 149 9 11 0.04027255 
369 87 7 9 0.040235773 
835 682 16 21 0.040217176 
158 22 7 8 0.040147588 
912 215 10 13 0.040133163 
678 38 8 11 0.04009492 
920 239 9 12 0.04008612 
575 208 9 11 0.039998826 
119 119 8 10 0.03995463 
696 15 7 10 0.03994898 
112 21 8 11 0.039863694 
526 86 8 10 0.03986289 
62 604 14 19 0.039849192 
215 56 7 9 0.039808664 
334 15 8 9 0.039783273 
754 23 7 9 0.039707586 
754 16 7 9 0.039679416 
344 63 8 10 0.039665643 
216 14 7 9 0.0396013 
884 496 23 26 0.03959858 
945 242 10 14 0.039588854 
130 24 7 9 0.03957869 
405 6 9 10 0.039577063 
218 166 8 10 0.03949442 
607 168 8 10 0.03949096 
862 143 9 11 0.039461605 
542 127 8 9 0.03945859 
369 80 7 9 0.03942845 
590 174 8 10 0.039410446 
255 112 8 10 0.03928352 
142 174 7 10 0.039191402 
158 168 8 10 0.039185323 
721 41 6 8 0.039178867 
145 76 7 10 0.03909887 
632 209 7 9 0.039041474 
1006 104 9 10 0.03902352 
825 286 10 12 0.03890193 
314 31 6 9 0.038813874 
615 7 7 8 0.03880963 
320 63 7 9 0.038724232 
368 62 7 9 0.03872281 
399 16 7 9 0.038691513 
126 594 16 19 0.03867523 
767 150 9 12 0.03866811 
216 128 8 9 0.03865185 
779 24 7 8 0.038622897 
251 71 7 10 0.03858796 
949 1 8 9 0.03856918 
366 127 8 9 0.038568545 
942 161 8 10 0.038523003 
933 126 10 12 0.03850007 
423 159 8 9 0.03846347 
512 135 8 10 0.038451735 
193 176 7 8 0.03844576 
142 104 7 10 0.03844515 
510 72 7 9 0.03844389 
641 175 9 11 0.038416762 
729 87 7 9 0.03839003 
974 119 8 10 0.038362272 
162 70 8 11 0.038332745 
391 29 8 10 0.038269307 
80 23 8 10 0.038221434 
952 96 9 11 0.03819332 
734 111 11 13 0.03817339 
934 583 24 28 0.03816737 
880 63 8 9 0.038101204 
862 119 8 10 0.037998613 
997 151 9 11 0.03793742 
240 37 8 11 0.037927646 
519 22 9 10 0.037905514 
111 192 8 11 0.037904352 
535 52 8 10 0.037888292 
672 70 7 10 0.037877295 
934 185 9 10 0.037875935 
624 166 8 10 0.037824273 
881 46 9 11 0.037807524 
894 150 9 11 0.037797313 
104 71 8 11 0.037730765 
479 111 7 8 0.037686575 
911 45 8 11 0.037676003 
502 118 8 11 0.03767423 
957 96 8 9 0.03766194 
761 41 9 10 0.03765576 
354 121 7 10 0.03740867 
200 191 8 10 0.03739497 
298 63 7 10 0.03737005 
711 70 7 9 0.0373579 
207 127 8 10 0.037349753 
241 102 8 10 0.037296023 
463 101 8 10 0.03722156 
169 150 8 10 0.03720137 
263 185 7 8 0.03713762 
879 174 8 10 0.037124086 
28 116 10 11 0.03711751 
519 1 8 8 0.037085045 
567 79 8 9 0.037074555 
313 160 8 10 0.03703482 
992 490 16 20 0.03703248 
887 214 7 10 0.037020557 
359 86 7 10 0.03701417 
39 185 9 11 0.03699743 
440 76 10 12 0.03696648 
935 7 9 10 0.036957353 
355 654 19 23 0.03694473 
90 158 8 11 0.036903035 
7 509 12 16 0.036898423 
111 56 7 9 0.036883388 
758 17 7 9 0.03687161 
104 191 9 11 0.036864463 
400 104 8 12 0.036842022 
782 29 7 9 0.036814045 
823 109 9 11 0.036808215 
103 167 9 10 0.036783367 
616 133 8 10 0.0367723 
591 206 8 10 0.03672174 
298 33 8 10 0.03668362 
184 119 9 10 0.0366728 
862 620 21 26 0.03666229 
328 88 7 9 0.036647458 
816 271 9 12 0.036626883 
298 87 7 10 0.036616374 
360 31 8 9 0.036613844 
297 79 8 10 0.0366023 
519 175 8 11 0.036577817 
895 603 53 50 0.036561415 
59 125 8 10 0.03655733 
982 126 8 10 0.036514364 
608 15 7 8 0.036498766 
469 159 7 9 0.036466666 
879 87 8 10 0.03646339 
104 532 12 18 0.036397398 
150 77 7 10 0.036358 
887 96 8 10 0.036309846 
674 79 7 10 0.03630559 
672 6 7 9 0.03623972 
189 160 9 11 0.036238857 
358 136 19 25 0.036226522 
423 29 8 9 0.03620114 
230 80 8 9 0.03617511 
615 30 7 8 0.036161758 
911 38 8 10 0.036138374 
878 116 8 10 0.03605879 
222 133 8 10 0.036058597 
174 48 8 9 0.036037758 
498 233 15 17 0.036034007 
558 39 7 10 0.036023404 
990 508 25 34 0.03602182 
633 110 8 10 0.036018208 
254 71 8 10 0.036008768 
302 79 8 10 0.035983045 
40 149 8 10 0.035971016 
352 182 8 10 0.03595535 
377 183 9 10 0.035932757 
829 278 10 12 0.035901587 
446 237 10 12 0.035895426 
767 94 8 11 0.035848726 
934 118 8 10 0.03582251 
570 144 8 11 0.035813175 
543 96 7 9 0.035783138 
715 137 11 14 0.035772957 
559 111 7 8 0.035765275 
3 624 16 22 0.035723086 
537 126 8 9 0.035719737 
652 175 8 11 0.035686854 
560 125 7 9 0.03565915 
272 90 7 8 0.035622258 
310 127 8 9 0.035600092 
893 196 11 14 0.03559009 
26 88 8 10 0.03558889 
384 93 9 10 0.03558683 
192 149 8 9 0.035567764 
439 238 9 12 0.035564497 
457 23 7 9 0.035562597 
503 160 8 10 0.035503615 
409 61 9 10 0.03549363 
696 48 8 10 0.03547962 
250 7 8 10 0.03547818 
1013 343 9 13 0.03545576 
176 118 8 10 0.035429586 
32 135 8 11 0.035365324 
895 286 12 14 0.03536429 
234 65 7 9 0.035344675 
935 15 9 9 0.035330877 
47 93 8 10 0.035321552 
567 219 9 11 0.03530321 
496 88 7 9 0.03526992 
769 172 9 11 0.035264827 
385 103 8 10 0.035231654 
39 516 11 14 0.035210114 
585 63 7 9 0.035204187 
641 23 7 8 0.03519072 
1015 257 9 14 0.035170816 
623 22 7 9 0.035169814 
774 113 8 10 0.035073955 
751 88 7 9 0.035068512 
314 149 8 10 0.035047337 
586 228 9 12 0.035038527 
543 213 9 12 0.035004042 
615 94 7 10 0.034995247 
145 128 7 9 0.034979984 
881 96 8 9 0.034974925 
70 142 8 10 0.034948178 
641 181 8 10 0.03493128 
311 120 7 9 0.034880403 
738 24 7 9 0.03487299 
128 111 7 9 0.034870375 
422 166 9 11 0.034859218 
926 72 7 9 0.034820676 
623 128 7 10 0.034820605 
378 117 8 10 0.03477203 
858 175 8 11 0.03473915 
662 48 8 9 0.03465421 
639 167 7 10 0.0346248 
965 486 11 14 0.034597043 
712 128 9 10 0.03451191 
59 525 12 17 0.0345088 
367 135 8 10 0.034499582 
167 77 8 9 0.034483947 
551 201 8 9 0.03447378 
281 65 8 9 0.034459177 
477 196 10 13 0.034415994 
698 39 7 8 0.0344063 
638 39 8 10 0.0344034 
802 8 7 10 0.034373656 
833 167 8 11 0.0343316 
383 7 8 9 0.034312602 
1012 487 12 16 0.034249883 
201 62 7 9 0.034210693 
213 141 9 11 0.0342055 
318 103 8 10 0.034200627 
198 176 8 8 0.034147803 
586 8 7 9 0.034094334 
634 45 7 9 0.034077644 
433 22 7 9 0.03403797 
672 87 7 10 0.034027286 
293 125 8 9 0.033996604 
863 218 9 10 0.033987444 
974 744 27 25 0.033950504 
376 46 8 10 0.033946443 
287 158 7 9 0.033892713 
418 23 7 10 0.03388456 
567 127 7 9 0.033870537 
1004 164 9 12 0.03386035 
630 176 7 10 0.033745214 
749 1 8 9 0.033735782 
568 173 8 11 0.03367614 
194 103 7 10 0.033581905 
528 2 9 8 0.0335644 
936 171 9 12 0.03354041 
596 228 11 12 0.03353858 
694 201 8 10 0.03350983 
912 182 9 11 0.033507783 
206 120 9 10 0.033505064 
839 181 8 11 0.033469845 
2 96 9 13 0.03341773 
177 70 8 10 0.03341628 
329 103 8 10 0.033353552 
472 40 7 9 0.03335104 
127 40 8 9 0.033338364 
366 183 7 9 0.03333536 
459 30 7 10 0.03333106 
917 135 8 11 0.033324536 
538 87 7 9 0.03328275 
637 215 8 11 0.03325501 
154 181 8 10 0.03321596 
893 158 9 11 0.033213608 
655 128 8 9 0.033212245 
752 277 8 11 0.033189546 
741 229 12 15 0.03315525 
222 184 6 9 0.033145104 
825 96 8 11 0.03314251 
639 142 8 11 0.03310003 
640 272 8 11 0.033085104 
535 64 9 10 0.033078 
154 150 7 10 0.033067428 
777 7 9 10 0.033060923 
160 568 19 24 0.03304511 
351 70 7 10 0.033040643 
32 168 8 9 0.033025876 
142 144 9 11 0.033021145 
160 99 9 11 0.032997474 
510 127 7 9 0.032975994 
971 215 38 49 0.032967526 
897 179 9 11 0.032963064 
79 183 8 10 0.032945693 
65 8 8 11 0.032943927 
304 183 7 10 0.032916218 
872 64 7 9 0.03282079 
542 256 11 13 0.032813538 
632 199 7 9 0.03279575 
88 109 8 10 0.032771464 
662 14 8 10 0.0327651 
936 159 9 12 0.03276062 
873 104 8 10 0.032744404 
280 184 8 10 0.032731023 
250 55 7 9 0.03271899 
103 22 8 10 0.032705296 
352 86 7 10 0.032688886 
200 87 7 9 0.032682464 
137 15 7 9 0.032675046 
426 133 8 10 0.032672055 
511 29 8 10 0.032640662 
207 160 7 9 0.032636404 
862 742 21 28 0.0326313 
538 204 8 10 0.032630377 
521 9 9 10 0.032627724 
439 72 9 10 0.032621503 
287 181 8 11 0.032588273 
489 87 8 10 0.032553654 
511 79 8 10 0.032547258 
927 183 8 11 0.03253939 
798 677 16 19 0.032534555 
296 150 9 10 0.032471918 
89 128 9 11 0.032410182 
672 63 8 10 0.032389794 
525 256 10 13 0.032379653 
925 155 9 12 0.03235769 
104 152 10 12 0.032323517 
901 173 10 12 0.03232346 
424 196 10 12 0.03232271 
503 87 8 10 0.032315094 
250 189 8 9 0.03221256 
745 1 8 8 0.032208636 
807 14 7 10 0.032172833 
784 12 7 10 0.032149166 
312 134 8 10 0.032138478 
524 228 9 11 0.032124363 
991 704 16 21 0.032078795 
906 143 9 10 0.032072924 
600 168 8 10 0.032048 
735 1 7 7 0.032035705 
1003 480 20 25 0.032021984 
-1 677 24 31 0.03200749 
315 197 9 10 0.03200187 
56 176 8 11 0.031996366 
81 70 7 10 0.031924073 
35 586 15 17 0.0319071 
696 84 7 10 0.03188431 
657 103 7 9 0.031879168 
938 445 10 13 0.03187124 
888 192 8 11 0.03185132 
430 152 8 10 0.031834543 
536 113 7 9 0.031826906 
312 72 7 8 0.03182516 
600 207 9 11 0.031819183 
587 56 7 9 0.03178957 
814 13 8 9 0.031745113 
544 236 12 14 0.031743947 
479 80 7 9 0.031738885 
624 80 9 10 0.03172273 
329 167 9 11 0.03170934 
50 24 6 9 0.03168727 
885 206 9 12 0.031559747 
791 127 9 11 0.031558204 
238 95 8 9 0.03155169 
537 96 8 9 0.031546403 
567 199 9 10 0.03153539 
64 142 9 10 0.03145301 
615 87 8 10 0.031405177 
321 14 7 9 0.03136825 
591 39 7 8 0.031341508 
954 745 20 23 0.031334747 
206 96 8 9 0.03132742 
345 15 7 9 0.031315446 
646 87 8 10 0.03130901 
160 48 6 8 0.031293027 
750 6 7 9 0.031276327 
599 102 8 10 0.031270634 
447 62 7 9 0.031262115 
466 142 7 10 0.031207273 
875 748 16 21 0.031177279 
552 223 9 12 0.031163776 
557 254 12 14 0.031161362 
925 167 10 12 0.031129647 
625 92 8 11 0.03111709 
614 166 8 10 0.03110232 
753 183 9 11 0.031099804 
121 33 6 8 0.031025248 
467 136 7 9 0.031024704 
558 79 10 11 0.031009056 
734 198 9 11 0.031003224 
886 517 12 14 0.031000188 
885 536 14 20 0.030939762 
115 537 14 17 0.03092516 
673 95 7 10 0.030912058 
743 26 7 8 0.030901492 
570 94 7 9 0.030897733 
697 9 8 9 0.03088229 
512 0 8 9 0.030835278 
1003 514 15 18 0.030834017 
399 23 7 9 0.03083359 
71 120 9 10 0.03083089 
121 89 6 9 0.030818034 
638 46 8 9 0.030810887 
568 134 7 9 0.030798698 
687 215 9 11 0.030786637 
884 517 23 28 0.030778158 
170 112 7 10 0.03075071 
969 109 8 11 0.030749599 
641 87 8 10 0.030678509 
943 198 8 11 0.030651778 
200 214 7 10 0.030647626 
453 219 10 12 0.03064271 
318 166 8 10 0.030593397 
273 112 7 9 0.030547027 
69 94 7 9 0.030546943 
175 134 8 10 0.030534063 
205 0 10 10 0.030488998 
199 128 7 10 0.03047072 
229 25 8 10 0.03046487 
664 153 8 9 0.030437937 
804 66 9 12 0.03041328 
386 16 7 9 0.030403608 
144 110 7 9 0.030386595 
152 119 8 9 0.030347418 
4 164 11 14 0.030338107 
896 111 8 10 0.030305091 
880 160 9 11 0.030286824 
592 105 7 9 0.03028381 
588 135 7 9 0.03024162 
540 281 12 16 0.030232659 
946 190 7 10 0.030214028 
566 120 7 9 0.03021385 
493 654 17 21 0.030198507 
183 16 7 8 0.030187728 
455 151 8 11 0.03017556 
742 110 9 12 0.030164517 
313 47 7 9 0.030109957 
953 109 10 12 0.030105913 
944 23 8 10 0.030061455 
360 23 7 8 0.030030936 
110 103 8 10 0.02998451 
513 111 8 10 0.029964648 
949 206 9 11 0.029959556 
847 279 12 14 0.029930329 
608 221 8 11 0.029881371 
710 189 10 11 0.029880399 
753 188 10 12 0.029869737 
702 212 10 13 0.029864134 
657 64 8 10 0.029845454 
936 47 8 10 0.029843656 
604 349 11 15 0.029841 
814 188 8 11 0.029839834 
95 80 8 10 0.02983978 
144 168 8 9 0.029819487 
398 70 8 11 0.029819107 
36 596 13 17 0.029808292 
62 159 7 9 0.029791914 
489 7 8 9 0.029753156 
902 213 10 12 0.029753156 
570 87 8 10 0.02972132 
330 172 9 11 0.029708918 
441 119 9 10 0.029708507 
351 79 8 10 0.029701643 
134 121 7 9 0.029692875 
504 145 8 11 0.029672205 
749 682 25 30 0.029667994 
818 149 7 11 0.02965457 
0 715 13 21 0.029646575 
648 163 10 12 0.029638715 
463 16 7 8 0.029630436 
1013 85 10 13 0.029630305 
279 118 7 9 0.029620484 
814 225 8 10 0.029593537 
537 145 8 9 0.029579366 
351 2 8 7 0.029572086 
225 48 7 8 0.029545419 
857 22 10 12 0.029536132 
39 144 8 10 0.029529558 
701 128 9 10 0.029517151 
7 107 10 12 0.029516362 
834 131 8 11 0.029500397 
134 61 7 9 0.029489625 
1015 166 9 13 0.029486502 
1005 276 9 11 0.029443841 
401 159 9 11 0.029402087 
225 72 7 9 0.029397609 
910 175 8 10 0.029397106 
869 224 8 10 0.02939386 
733 263 8 10 0.029353652 
760 278 8 10 0.029259542 
112 88 6 8 0.029231079 
305 173 8 11 0.029218882 
543 145 7 9 0.029210193 
933 606 25 31 0.029194217 
408 55 8 10 0.0291357 
857 150 9 11 0.029105874 
824 0 8 9 0.029104205 
504 94 7 10 0.029075725 
329 112 7 9 0.029056879 
528 135 8 9 0.029014915 
786 603 15 16 0.029001452 
737 31 8 9 0.02896102 
609 23 7 9 0.028942466 
222 93 9 10 0.02893492 
231 47 7 9 0.028844835 
681 24 7 8 0.028836448 
423 41 8 10 0.02875911 
563 260 12 14 0.028749634 
927 240 9 12 0.028719261 
749 209 11 12 0.02871521 
759 6 8 9 0.028678257 
601 184 8 11 0.028677111 
832 1 10 11 0.028656105 
981 223 11 14 0.028635645 
488 119 8 10 0.028622584 
840 190 9 11 0.028597329 
926 190 8 10 0.028576694 
304 719 43 47 0.028567301 
743 212 20 24 0.028542664 
606 208 8 10 0.028517447 
918 45 9 12 0.028492078 
680 57 7 8 0.02849011 
877 523 23 28 0.028473405 
406 15 8 9 0.028464774 
185 174 7 9 0.028458774 
335 95 9 10 0.028454613 
471 166 8 10 0.028417083 
143 14 7 9 0.028400049 
418 7 7 8 0.02838371 
537 71 10 11 0.02838369 
136 78 8 10 0.028375193 
0 465 10 16 0.028373182 
158 113 8 9 0.02836887 
165 62 7 9 0.02836184 
655 38 7 9 0.028339969 
25 111 9 12 0.028333208 
969 103 9 11 0.028317735 
17 617 22 29 0.028315041 
223 87 9 11 0.028300289 
817 144 7 10 0.028252551 
942 440 9 11 0.028252283 
533 2 9 8 0.028251205 
488 23 8 10 0.028241638 
57 110 8 10 0.028219778 
567 61 7 9 0.028202297 
257 136 9 10 0.028191652 
31 141 7 11 0.028164912 
829 285 9 11 0.02813716 
245 133 8 10 0.028124653 
351 23 7 9 0.028095512 
702 9 7 8 0.028093038 
334 41 7 8 0.028085163 
948 239 9 12 0.028057143 
894 192 9 11 0.028041296 
461 119 8 10 0.028035767 
552 80 8 10 0.027999904 
98 188 8 11 0.027980667 
329 78 8 9 0.027963975 
159 32 6 9 0.02785514 
438 244 8 12 0.027852375 
135 126 7 9 0.027831268 
616 15 7 9 0.02781652 
875 507 15 18 0.027809633 
391 103 8 11 0.02780197 
288 55 8 9 0.027801711 
318 159 8 11 0.027768152 
358 125 9 11 0.027759114 
671 2 8 7 0.027745776 
48 56 9 10 0.027713792 
184 159 9 11 0.027708655 
129 174 8 10 0.027642144 
392 71 7 10 0.027631009 
939 708 22 27 0.02760054 
292 596 15 18 0.027599778 
772 649 18 23 0.02758943 
297 194 10 12 0.027560554 
487 72 7 9 0.02755966 
105 87 7 9 0.02755494 
512 25 9 10 0.027529186 
154 56 7 9 0.027514575 
119 186 8 9 0.02747726 
479 221 9 11 0.027471723 
27 55 8 11 0.027469246 
121 102 7 9 0.027460093 
505 8 7 9 0.027429929 
745 691 22 30 0.027413342 
245 580 15 16 0.0274105 
234 117 7 9 0.027406221 
312 79 7 8 0.027375156 
554 70 8 9 0.027366994 
651 220 8 11 0.027315991 
398 173 8 10 0.027293906 
655 32 6 9 0.027283026 
801 36 8 10 0.027283018 
446 129 8 10 0.02724759 
702 46 9 10 0.02723566 
326 191 7 9 0.027230166 
501 255 11 12 0.027220476 
278 96 8 10 0.027219066 
481 16 7 8 0.027201934 
104 77 7 10 0.027200293 
736 58 7 9 0.027189845 
743 86 8 9 0.02717653 
647 60 8 10 0.027169693 
319 110 8 9 0.027166499 
56 16 7 8 0.027155472 
201 198 7 9 0.027149597 
273 78 7 9 0.027147984 
302 141 8 11 0.027137527 
671 179 9 12 0.027132517 
112 76 8 11 0.027122846 
913 190 9 12 0.027103545 
952 166 8 11 0.02709215 
382 56 7 9 0.027086407 
41 126 8 10 0.027084379 
272 125 9 10 0.027071828 
400 127 8 10 0.027054742 
80 110 7 9 0.027045779 
104 96 7 9 0.02703522 
353 143 8 10 0.027022049 
735 38 7 10 0.026947908 
993 56 8 10 0.026936634 
777 40 8 10 0.026929867 
416 2 7 7 0.02689849 
995 681 26 35 0.026875889 
392 87 8 10 0.026836246 
803 705 18 20 0.026817618 
375 14 7 9 0.026771022 
698 62 7 9 0.026738167 
712 20 7 10 0.026702335 
280 72 7 9 0.026681062 
297 95 6 9 0.026671521 
729 196 9 12 0.026652584 
385 1 8 8 0.026651207 
576 184 8 10 0.026628235 
999 115 9 12 0.02662111 
567 207 9 11 0.02661673 
13 100 8 11 0.0266063 
472 80 9 11 0.026601516 
335 88 8 9 0.026594281 
250 63 8 10 0.026568258 
928 105 8 9 0.026556984 
608 45 8 10 0.026550287 
201 1 8 9 0.026526203 
54 88 7 9 0.026523925 
81 57 7 10 0.026487764 
691 116 8 11 0.026459608 
465 1 8 9 0.026458958 
238 64 8 9 0.026458798 
448 112 8 10 0.026451785 
974 95 9 11 0.02644653 
586 15 7 9 0.026432637 
960 63 9 9 0.026429368 
231 158 7 9 0.026425065 
235 699 57 69 0.026411697 
562 164 7 10 0.026395502 
406 739 11 14 0.02638894 
322 88 7 8 0.026388656 
757 103 8 11 0.02637358 
896 64 8 9 0.026366785 
166 56 8 10 0.026357805 
813 547 24 26 0.026341483 
495 0 8 8 0.02632684 
576 105 7 8 0.026258798 
647 205 8 10 0.026249079 
896 217 9 11 0.02623222 
128 88 7 9 0.026222054 
917 111 9 12 0.0262154 
565 232 8 11 0.026210876 
254 117 8 9 0.02620613 
240 56 6 8 0.026174085 
55 142 8 10 0.026163103 
600 95 7 10 0.0261414 
42 119 8 11 0.026127301 
440 111 9 10 0.026127165 
345 24 7 9 0.02611967 
371 739 26 26 0.026087895 
64 13 8 10 0.026086392 
846 191 8 11 0.026082642 
554 187 9 11 0.026070531 
956 739 30 35 0.026050787 
685 171 9 11 0.026050363 
993 101 10 12 0.026050013 
431 40 7 9 0.026017629 
186 191 8 10 0.02601251 
338 180 8 10 0.026000468 
350 603 13 18 0.025990348 
169 24 7 8 0.025984641 
623 112 7 9 0.025949486 
401 229 11 13 0.025915898 
296 137 7 9 0.025895255 
203 40 7 10 0.025886815 
788 173 10 12 0.02588121 
478 39 8 10 0.025880724 
599 144 8 10 0.025877863 
796 632 18 21 0.025874924 
706 182 9 11 0.025866501 
191 89 8 9 0.025852747 
153 23 7 8 0.025850082 
201 160 8 10 0.025847206 
499 78 7 9 0.025835857 
162 78 7 9 0.025833722 
47 102 8 10 0.02582535 
191 201 7 9 0.02581798 
936 200 8 12 0.025816623 
381 167 9 12 0.025815332 
664 31 8 9 0.025759196 
550 205 8 10 0.025735568 
950 568 25 32 0.0257306 
456 16 7 9 0.025692027 
480 152 8 10 0.025681911 
446 255 10 12 0.025666755 
489 94 9 12 0.025647668 
773 196 10 12 0.025634822 
168 128 8 10 0.025610084 
901 125 10 12 0.025580456 
466 56 7 10 0.025544815 
689 55 8 9 0.025536602 
802 200 8 10 0.02552487 
414 84 8 10 0.025519235 
198 208 8 9 0.025517233 
816 119 9 12 0.02551549 
368 15 7 9 0.025514018 
121 56 8 10 0.025509631 
544 64 8 10 0.025488738 
661 77 9 9 0.025471518 
830 97 7 9 0.025446989 
726 15 7 9 0.025442148 
575 197 8 10 0.025418837 
455 6 8 9 0.025400855 
373 134 9 11 0.025399664 
601 213 8 10 0.025358014 
591 199 8 9 0.025347816 
311 175 9 11 0.025345575 
920 202 10 12 0.025344424 
337 47 7 8 0.025339864 
328 136 7 9 0.025321838 
801 80 8 10 0.025309553 
886 64 7 10 0.025306748 
492 261 11 13 0.025292195 
680 31 8 9 0.025288964 
486 166 8 10 0.02528068 
633 33 7 9 0.025277896 
383 160 8 9 0.025258634 
758 108 8 11 0.025230724 
584 40 6 8 0.025229055 
192 54 7 10 0.025218029 
54 200 9 10 0.025214633 
640 150 8 10 0.025199708 
496 255 9 11 0.025171295 
184 143 8 10 0.025122352 
469 2 8 8 0.025105668 
241 150 7 10 0.025098491 
366 149 9 11 0.025095237 
128 125 9 10 0.025051178 
631 246 11 14 0.025050407 
982 269 9 13 0.025049157 
742 57 8 9 0.025035862 
70 649 21 20 0.025017554 
214 150 8 10 0.025013736 
602 118 6 9 0.02500044 
129 151 8 11 0.024944892 
695 97 8 10 0.024926677 
806 120 9 11 0.024923805 
22 126 8 10 0.024919506 
623 206 7 9 0.024916157 
675 198 8 11 0.024912518 
602 197 8 9 0.024906961 
816 170 8 10 0.02490149 
490 204 8 11 0.024893854 
186 96 7 9 0.024885025 
215 40 7 9 0.024880264 
136 87 8 10 0.024874128 
254 189 8 10 0.024873914 
514 164 8 10 0.024857253 
631 167 8 10 0.02484392 
413 196 9 12 0.024832467 
375 142 8 11 0.024824943 
370 71 7 9 0.024823833 
496 245 10 13 0.02480572 
239 144 8 9 0.024781266 
623 103 7 9 0.024771607 
805 32 8 10 0.024714386 
68 529 16 18 0.024708983 
1004 593 16 21 0.024702057 
416 31 7 9 0.024698736 
702 29 7 10 0.024679063 
440 62 8 10 0.024677183 
592 73 9 11 0.024635604 
950 47 8 10 0.02461325 
942 174 9 10 0.024603177 
934 220 9 11 0.024603052 
929 222 8 10 0.024580851 
871 229 8 10 0.024513235 
185 78 7 10 0.024509365 
418 16 7 9 0.024505107 
634 237 9 11 0.024499465 
336 63 7 10 0.024491107 
505 72 8 10 0.024487626 
648 16 8 9 0.02448471 
425 54 8 10 0.024460271 
200 57 7 9 0.02446007 
991 111 10 12 0.024456026 
641 16 7 10 0.024454469 
276 752 13 16 0.024433592 
632 103 8 9 0.024406271 
263 97 8 9 0.024378674 
1001 521 17 22 0.024376938 
882 746 21 22 0.024355542 
808 270 9 12 0.024345351 
401 30 7 9 0.024316385 
55 79 7 10 0.024292158 
207 192 7 8 0.024286265 
512 64 7 10 0.024284441 
232 54 7 9 0.024268532 
855 216 8 11 0.024251645 
919 53 8 10 0.024233103 
831 158 8 9 0.024206715 
391 1 8 8 0.02418528 
158 120 8 9 0.024166983 
217 8 8 10 0.02416108 
641 101 8 10 0.024152964 
200 80 8 10 0.024145087 
718 80 7 9 0.024140477 
263 127 8 9 0.024136158 
1014 102 9 12 0.024127485 
680 128 9 10 0.0241122 
894 31 8 10 0.024080936 
217 175 8 9 0.024067953 
489 1 8 8 0.024065219 
89 61 8 10 0.024060844 
807 571 15 19 0.024051875 
958 29 9 10 0.024045454 
786 734 25 32 0.024022095 
535 13 9 10 0.024021514 
975 47 8 9 0.024020469 
974 86 8 10 0.024012763 
265 72 7 10 0.023997862 
471 5 7 9 0.023993688 
793 93 8 13 0.023980033 
648 199 9 11 0.023978245 
560 47 7 10 0.023972956 
648 215 8 11 0.023971595 
901 167 9 12 0.023971401 
974 30 10 11 0.02396519 
217 94 8 9 0.023958487 
87 192 8 9 0.023947563 
975 55 9 10 0.023923025 
56 95 8 10 0.023919683 
133 600 17 19 0.023901941 
631 123 17 23 0.023889462 
800 119 10 12 0.023884723 
713 120 8 10 0.023876624 
749 610 14 18 0.023864636 
647 23 7 9 0.02384576 
832 120 8 10 0.023844576 
1015 124 8 12 0.023842376 
368 93 7 9 0.023825197 
935 111 8 10 0.023804005 
491 101 8 10 0.02379057 
351 8 7 9 0.023772249 
480 135 7 10 0.023763387 
536 134 8 10 0.023762833 
584 199 8 10 0.023762468 
46 204 9 12 0.023744814 
859 181 8 11 0.023744544 
288 71 7 9 0.023703074 
975 125 9 10 0.023685215 
128 14 7 9 0.02368515 
800 216 9 12 0.023658346 
389 222 9 12 0.02365414 
904 64 7 8 0.023642669 
615 79 8 10 0.023635952 
311 166 9 10 0.023624014 
654 165 9 11 0.023577737 
170 39 7 9 0.023566136 
480 166 7 10 0.023539191 
663 127 8 10 0.023538904 
72 111 8 9 0.023524191 
303 111 7 9 0.02351959 
64 150 8 12 0.02349247 
370 197 8 10 0.023472702 
401 40 7 9 0.023467839 
248 12 9 11 0.023432435 
107 214 414 492 0.023430489 
38 135 8 10 0.023421494 
392 93 7 10 0.023420295 
968 38 8 9 0.023401517 
641 158 8 10 0.023382135 
585 32 7 9 0.023364084 
729 32 7 8 0.023351433 
325 599 20 25 0.023344932 
208 175 7 8 0.023343924 
713 94 8 11 0.023340719 
480 8 8 9 0.023307245 
16 126 9 11 0.023305194 
1002 438 23 32 0.023301035 
969 187 9 12 0.023281764 
868 552 14 17 0.02326387 
848 215 8 11 0.023259878 
254 205 9 10 0.02325975 
311 181 8 10 0.023253588 
1004 156 12 15 0.023247728 
264 48 8 10 0.02323861 
221 7 9 11 0.023208845 
9 78 9 11 0.023201643 
751 31 7 9 0.023198633 
15 118 9 11 0.023167187 
334 79 7 8 0.023158554 
847 197 8 11 0.023157543 
368 1 8 8 0.023104822 
342 56 8 10 0.023087742 
847 738 27 31 0.023075685 
432 213 10 12 0.023075568 
232 9 9 10 0.02306412 
774 189 10 12 0.023044027 
272 181 8 10 0.023028573 
694 219 11 14 0.023006175 
449 96 9 11 0.023004854 
95 111 8 9 0.022993905 
655 1 8 7 0.022990271 
687 220 9 11 0.022983324 
184 103 7 8 0.022982128 
982 151 9 11 0.022953143 
33 182 8 11 0.022945771 
935 139 11 12 0.022945076 
446 118 8 10 0.022935739 
407 2 8 9 0.022913305 
687 63 7 9 0.022902397 
589 103 19 26 0.022856891 
641 7 8 9 0.02285259 
249 2 9 9 0.022850662 
0 483 11 18 0.02283997 
958 182 8 12 0.02283012 
62 109 7 10 0.022795722 
695 140 8 10 0.022792129 
902 280 8 9 0.022791889 
911 65 7 8 0.022790963 
879 55 7 9 0.022766197 
381 626 16 21 0.022763778 
672 102 8 10 0.022751942 
5 132 8 11 0.022744095 
129 79 7 9 0.02272586 
168 95 8 11 0.022712102 
295 17 8 9 0.022709798 
375 72 7 9 0.022705654 
31 127 8 10 0.022701439 
136 30 7 9 0.02270088 
143 31 7 9 0.022662487 
94 85 8 10 0.022630032 
295 175 7 10 0.02262147 
343 93 8 10 0.022606673 
737 341 8 11 0.022601642 
448 2 8 9 0.022579137 
495 7 8 10 0.022577455 
120 126 8 9 0.02257149 
778 45 9 11 0.022563368 
441 53 8 11 0.022562684 
30 69 10 11 0.022536704 
769 16 7 9 0.022493962 
974 71 9 11 0.022484984 
726 46 7 9 0.022467535 
930 592 23 31 0.02246586 
137 95 7 9 0.022462392 
569 40 8 10 0.022437043 
672 32 7 10 0.022437038 
432 204 10 12 0.022436453 
366 174 7 9 0.022425799 
847 230 8 10 0.02242545 
957 14 8 11 0.022415176 
478 47 7 9 0.022414722 
20 601 17 19 0.022408806 
734 204 10 11 0.022404347 
559 64 8 9 0.022384772 
630 181 8 9 0.02236249 
698 237 8 10 0.022334145 
105 197 9 10 0.022321308 
62 180 9 11 0.022306215 
263 149 8 10 0.022296598 
121 136 9 11 0.022286732 
942 126 9 11 0.022277981 
528 126 7 9 0.022277176 
565 267 12 14 0.022272341 
1005 464 20 27 0.022252707 
464 163 9 12 0.022250472 
404 633 12 19 0.022215797 
698 30 8 10 0.022209056 
478 55 9 11 0.022207204 
511 639 27 31 0.022204004 
720 56 8 9 0.02217783 
588 219 18 23 0.02217609 
154 15 8 10 0.022164606 
65 554 22 28 0.022155225 
568 15 7 9 0.022154624 
726 95 9 10 0.022151226 
223 54 8 10 0.022141742 
882 149 8 10 0.022122938 
267 174 7 9 0.022122333 
890 285 11 13 0.022102712 
452 236 10 12 0.022100192 
299 621 16 18 0.022097195 
336 192 8 9 0.022078125 
907 38 8 9 0.022073522 
826 219 10 11 0.02206817 
224 144 9 10 0.022062255 
848 222 8 11 0.022060702 
184 32 7 8 0.022053868 
975 150 9 11 0.02205347 
719 281 8 9 0.022033371 
255 152 8 9 0.022033261 
756 213 11 15 0.022013135 
901 536 21 29 0.022009263 
829 260 9 11 0.02196802 
880 144 9 11 0.021951182 
941 568 23 26 0.02194931 
335 232 8 10 0.021938225 
185 207 8 10 0.021932578 
216 222 8 10 0.02191933 
552 266 11 14 0.021910368 
720 196 8 11 0.021907173 
911 505 13 17 0.02190478 
408 239 9 12 0.021893814 
597 149 8 10 0.021886658 
359 103 7 10 0.021885647 
1015 31 9 13 0.021864364 
144 120 8 9 0.021863911 
86 23 8 9 0.021858303 
312 63 8 9 0.021845166 
654 198 9 11 0.021837316 
174 87 8 9 0.021836266 
414 142 9 11 0.02180922 
577 72 7 9 0.021797141 
232 132 8 10 0.021775378 
1008 303 9 11 0.021771908 
279 102 7 8 0.02176407 
824 155 8 11 0.021725148 
95 12 7 10 0.021724116 
1014 190 8 12 0.021715535 
575 127 7 9 0.021709919 
115 355 42 50 0.021700004 
622 49 18 24 0.021699855 
655 130 17 23 0.02169639 
520 57 8 9 0.021695968 
344 1 9 8 0.02169417 
520 188 8 10 0.021688059 
71 103 7 8 0.021671543 
948 592 18 21 0.021668961 
406 103 9 11 0.021662477 
551 214 9 13 0.021655403 
1011 447 12 18 0.021650776 
327 55 7 9 0.021643778 
308 602 16 21 0.021643516 
329 39 7 9 0.021640409 
808 236 11 12 0.021629324 
136 48 8 9 0.02161706 
685 142 9 12 0.021612061 
916 270 21 24 0.021585308 
168 16 7 8 0.021585282 
97 2 8 8 0.021571923 
793 88 8 11 0.021557061 
597 239 10 13 0.021546932 
582 87 8 10 0.021541508 
423 93 9 11 0.021505708 
802 205 8 11 0.02150313 
54 205 8 10 0.021462744 
622 144 8 9 0.021447152 
72 158 8 10 0.021431752 
873 639 19 22 0.02142703 
944 84 8 10 0.021423396 
414 734 9 12 0.02141045 
984 140 9 11 0.021399543 
567 71 8 9 0.021377334 
161 198 7 8 0.02136476 
55 151 8 11 0.021363353 
152 47 7 9 0.021356108 
105 16 8 10 0.021346318 
288 168 7 9 0.021342438 
454 110 9 11 0.021332301 
944 717 22 27 0.021296412 
902 190 10 12 0.021292957 
942 149 9 12 0.021288961 
320 56 8 10 0.02125483 
470 151 8 10 0.021225747 
936 103 7 10 0.021222042 
502 78 9 11 0.021201963 
689 48 7 10 0.021190329 
184 126 9 10 0.021186622 
135 182 8 10 0.021177793 
610 31 7 9 0.021175334 
142 94 8 9 0.021174956 
120 1 8 8 0.021174045 
720 157 9 11 0.02113728 
517 635 14 19 0.021133482 
327 94 7 9 0.021132857 
6 85 9 11 0.02112611 
559 214 10 13 0.021114407 
866 228 8 10 0.02109607 
784 167 9 12 0.02108607 
768 7 7 9 0.021077735 
463 110 8 11 0.021067949 
835 172 8 11 0.021058466 
343 120 7 9 0.021058057 
431 16 7 9 0.021055277 
28 522 13 17 0.021052592 
463 126 8 10 0.021048496 
355 166 8 11 0.02104718 
624 118 7 9 0.021043092 
762 69 9 11 0.021032456 
754 674 26 28 0.021030905 
507 234 13 16 0.021026915 
870 158 8 10 0.021009585 
633 72 8 9 0.02099668 
567 182 7 10 0.020960553 
46 525 14 19 0.020958692 
856 127 19 24 0.02095633 
714 8 7 8 0.020929264 
648 49 7 9 0.020927738 
536 77 9 11 0.02091377 
376 126 9 10 0.020902101 
900 531 14 18 0.020898174 
789 574 23 28 0.020877345 
929 117 9 11 0.020874754 
600 86 7 10 0.020862998 
334 71 7 10 0.02086259 
613 117 8 9 0.020838853 
118 190 9 11 0.02082363 
478 215 9 11 0.02078904 
328 63 7 9 0.020787284 
185 183 7 9 0.020786686 
918 227 9 11 0.020784993 
919 23 8 10 0.020771552 
142 8 8 10 0.020765593 
175 143 9 11 0.020756692 
5 569 14 20 0.02075267 
160 160 7 9 0.020737443 
937 96 8 10 0.020729253 
76 555 14 20 0.020726485 
573 238 9 11 0.020725835 
38 523 12 16 0.0207215 
77 6 8 10 0.020721367 
527 144 8 10 0.020713404 
89 14 8 10 0.020712247 
0 583 21 31 0.020708062 
960 136 9 10 0.020693826 
759 174 10 12 0.020689124 
365 119 8 11 0.020649882 
105 54 8 10 0.020641401 
844 172 8 11 0.02061202 
120 38 8 10 0.02059246 
56 72 7 9 0.020590812 
233 40 7 9 0.020577703 
217 47 7 9 0.020576099 
923 72 7 8 0.020574216 
908 496 21 28 0.020573284 
312 14 8 10 0.020567393 
296 184 17 24 0.020563802 
503 15 7 9 0.020563494 
978 61 8 11 0.020543186 
88 174 8 11 0.020535152 
287 600 23 31 0.02053451 
525 167 8 10 0.02052616 
258 167 7 10 0.020519009 
970 118 8 11 0.020518808 
373 625 14 19 0.020514587 
814 236 10 13 0.020511976 
499 242 14 16 0.020505752 
232 94 8 10 0.020497868 
859 29 9 11 0.020497503 
616 191 8 10 0.02049481 
61 649 26 30 0.02049362 
375 80 8 9 0.020481627 
965 73 19 23 0.020464454 
544 55 8 9 0.020461073 
566 237 10 11 0.020440381 
645 170 18 23 0.020439524 
774 156 11 13 0.020413974 
871 696 16 21 0.020403815 
198 149 8 10 0.020401219 
64 31 7 9 0.020396356 
904 102 7 9 0.020395344 
743 697 12 19 0.020380983 
358 161 9 11 0.020380797 
897 70 7 9 0.020380775 
551 301 13 15 0.020363474 
1004 492 24 30 0.02035545 
744 47 6 8 0.020348353 
446 22 7 10 0.020291409 
1015 64 8 11 0.020271162 
806 583 13 19 0.020263143 
591 32 8 9 0.02023928 
174 101 8 10 0.020216864 
184 150 7 9 0.020205611 
144 192 7 9 0.0201791 
9 596 23 30 0.020178568 
497 72 8 10 0.020172251 
577 79 6 9 0.02014864 
97 71 7 9 0.020131392 
326 593 13 18 0.020118313 
256 100 9 10 0.020078616 
902 112 8 10 0.020069573 
738 285 7 10 0.020065308 
303 23 7 9 0.020064212 
816 206 9 10 0.020062543 
7 149 8 10 0.020050451 
623 133 7 10 0.020043558 
524 23 8 10 0.02004237 
346 70 8 9 0.020034607 
1002 460 16 18 0.020016307 
816 126 8 11 0.020014307 
461 181 9 11 0.020007165 
680 45 7 10 0.020003755 
784 261 11 13 0.020002829 
720 167 10 12 0.020001287 
