35_Basketball_playingbasketball_35_195
265
460 392 15 18 0.9899233 
971 388 14 18 0.96846765 
580 382 16 22 0.92428446 
205 273 20 29 0.9053926 
303 403 9 12 0.86921906 
113 406 8 12 0.8457612 
711 398 8 11 0.80317 
135 415 9 11 0.7170739 
505 387 11 15 0.71435696 
1011 397 11 16 0.68532836 
51 399 11 14 0.67940354 
431 402 10 12 0.6350933 
738 398 8 11 0.6350357 
156 405 9 11 0.6277288 
537 403 11 12 0.5600556 
559 396 11 16 0.397443 
361 403 10 12 0.37000823 
367 419 9 12 0.3441558 
153 402 8 11 0.25519764 
248 406 10 13 0.22297947 
782 389 10 12 0.20256458 
775 405 7 9 0.19292615 
994 233 24 37 0.17161016 
525 430 10 14 0.15913546 
345 400 8 9 0.15090467 
630 459 9 11 0.14580067 
405 412 9 11 0.14522623 
494 478 7 10 0.13314499 
435 404 10 12 0.117744826 
944 415 9 11 0.11483238 
672 487 9 11 0.11240591 
286 431 9 12 0.10523249 
944 422 11 14 0.10398585 
406 398 9 11 0.0991131 
837 223 34 39 0.09752645 
94 465 9 11 0.09704995 
1008 391 11 15 0.096965075 
666 392 8 10 0.09511622 
333 494 8 11 0.08997997 
94 408 9 11 0.08747126 
401 412 10 12 0.08248147 
0 423 7 11 0.08125009 
760 431 8 11 0.08116636 
405 438 8 10 0.079235084 
669 397 9 11 0.07788819 
653 485 8 10 0.07431361 
349 399 9 10 0.074074335 
434 497 7 10 0.073001504 
521 422 8 12 0.072244115 
158 411 10 11 0.06744294 
90 439 7 10 0.06711456 
656 406 8 11 0.06581582 
653 446 9 11 0.06467985 
710 394 9 10 0.06459716 
344 405 9 10 0.0638767 
340 430 10 11 0.061192214 
737 394 8 10 0.060921844 
742 404 7 10 0.059353236 
424 438 9 11 0.05906527 
491 478 7 9 0.0587907 
916 347 14 19 0.05854059 
352 494 10 12 0.055090263 
521 380 10 13 0.053991493 
589 371 13 17 0.05362882 
679 405 8 9 0.052766006 
741 393 8 10 0.051822584 
872 265 13 15 0.05102113 
655 441 7 9 0.050539903 
390 430 9 11 0.05034885 
391 424 8 10 0.049838126 
401 438 8 10 0.049291972 
198 636 15 20 0.048147824 
287 413 8 11 0.04772302 
0 374 9 14 0.047539636 
489 422 9 12 0.046571698 
408 431 9 10 0.046396077 
771 405 7 10 0.045521714 
661 471 7 10 0.04525109 
654 414 8 11 0.04524197 
94 445 9 11 0.04520684 
321 435 8 11 0.04459329 
413 429 8 10 0.043969095 
750 416 7 9 0.043663636 
414 407 8 10 0.04351349 
709 238 13 16 0.043481056 
634 478 7 9 0.043333486 
943 408 8 10 0.043197136 
522 435 9 12 0.043012325 
695 462 8 10 0.0427388 
307 399 9 12 0.041845668 
708 500 10 12 0.0417742 
497 497 9 10 0.04071971 
654 480 7 9 0.04014438 
52 413 12 13 0.040020913 
330 500 9 11 0.03990165 
599 445 8 10 0.039507136 
282 430 9 12 0.039141215 
485 495 8 10 0.038577083 
250 412 11 14 0.038503684 
343 413 9 10 0.03836443 
679 401 8 9 0.038355608 
524 459 11 16 0.038294885 
351 404 9 11 0.037501194 
134 408 10 12 0.03661759 
746 422 7 10 0.036414273 
196 280 25 28 0.03629414 
1000 403 10 13 0.03602276 
525 413 8 12 0.035825666 
648 421 9 11 0.03530547 
358 495 8 10 0.03525936 
6 493 9 12 0.03505306 
55 419 11 13 0.034698498 
71 465 12 15 0.0346249 
128 439 7 10 0.03398228 
407 392 10 12 0.03387066 
511 480 7 9 0.033849355 
581 374 16 21 0.033828434 
533 479 8 10 0.033534262 
558 335 7 8 0.033259626 
565 389 12 17 0.033198185 
335 489 7 10 0.032669414 
240 302 16 20 0.032635745 
625 406 8 11 0.032608014 
39 428 10 12 0.032595556 
90 413 9 11 0.032585595 
145 404 9 13 0.032249868 
341 436 9 11 0.032225236 
116 411 9 12 0.032206465 
49 392 10 13 0.032119706 
759 399 8 10 0.03183905 
640 437 9 11 0.03166957 
696 390 7 9 0.03148491 
759 435 8 12 0.031167105 
384 437 8 11 0.031152138 
727 428 9 11 0.03105574 
665 488 8 10 0.03097475 
725 477 8 10 0.030950764 
280 424 8 11 0.030901918 
22 406 10 12 0.030676099 
540 493 9 12 0.030630274 
768 400 7 10 0.030574204 
16 452 9 13 0.03047994 
765 377 8 9 0.030376103 
453 423 9 12 0.030296013 
166 421 9 12 0.030025896 
645 432 7 9 0.029949188 
391 438 8 10 0.029862426 
303 504 10 12 0.029601471 
687 478 8 10 0.029496549 
167 413 8 10 0.029486189 
431 444 8 11 0.029180171 
384 398 9 11 0.029093951 
52 597 25 29 0.028817331 
946 426 12 17 0.028705748 
401 391 8 11 0.028144047 
753 456 7 10 0.02806394 
648 438 7 10 0.02794836 
361 391 9 11 0.02766157 
263 414 9 11 0.027449705 
138 413 12 14 0.027392825 
541 418 10 13 0.02734488 
726 440 8 10 0.027282577 
133 399 11 13 0.027136572 
549 461 11 15 0.026782366 
785 431 8 10 0.026718827 
131 410 19 22 0.026648981 
524 388 11 14 0.026580112 
152 400 17 21 0.02657431 
622 472 8 10 0.026545752 
15 447 9 12 0.026383081 
129 404 9 12 0.026378172 
622 424 7 9 0.026316278 
750 422 7 9 0.02614389 
996 436 10 13 0.026098073 
567 328 8 9 0.026029067 
765 431 8 10 0.025982736 
359 501 8 11 0.025967386 
166 407 9 12 0.02596447 
617 424 8 10 0.02591428 
344 493 8 12 0.02587686 
427 399 8 11 0.025814148 
524 422 10 14 0.025802597 
357 399 19 23 0.025760371 
726 414 8 10 0.025721915 
361 421 10 13 0.025637869 
686 501 12 13 0.02557769 
481 479 7 9 0.025501294 
299 397 11 15 0.025193078 
1008 386 17 27 0.025189746 
401 383 7 10 0.02506992 
428 437 11 12 0.02492767 
566 380 13 17 0.024876453 
425 405 9 12 0.024653383 
703 415 8 10 0.024624048 
1014 467 11 17 0.024501892 
582 493 9 12 0.024354002 
402 398 9 11 0.024275646 
553 396 11 16 0.024204986 
553 430 8 12 0.024171898 
849 139 55 88 0.02416781 
534 399 18 21 0.023982422 
495 473 9 12 0.023767093 
70 478 9 11 0.023754459 
671 482 9 10 0.023653422 
335 405 8 10 0.023485674 
707 394 18 21 0.023453875 
672 404 9 10 0.023323707 
487 416 9 12 0.023311708 
656 465 8 9 0.023254659 
447 504 7 9 0.022983236 
661 403 10 13 0.022965811 
481 486 7 9 0.022955827 
781 413 9 11 0.02295077 
0 508 9 16 0.022873485 
656 401 9 10 0.022855181 
449 426 10 13 0.022759628 
327 448 7 8 0.022697726 
1 415 8 11 0.022550343 
299 399 18 23 0.022541098 
310 414 8 10 0.02246279 
361 411 11 13 0.022443173 
641 432 9 11 0.022400785 
337 401 7 10 0.02239741 
535 419 12 13 0.022170981 
144 431 10 13 0.022133859 
568 376 23 28 0.022119612 
110 400 17 23 0.02209242 
408 423 9 11 0.022081397 
214 272 19 29 0.021967994 
759 405 8 10 0.021940578 
455 495 8 10 0.021893242 
428 399 18 22 0.021827314 
769 447 8 10 0.021592796 
616 399 8 11 0.02155633 
754 471 7 9 0.021413457 
529 478 8 10 0.02141269 
66 477 8 11 0.021392295 
386 431 8 11 0.02138424 
21 453 12 15 0.021285588 
406 478 8 10 0.021234881 
6 487 10 12 0.021220451 
334 381 8 10 0.021154104 
-29 497 490 405 0.02113693 
422 412 10 11 0.021097569 
599 336 9 11 0.021084871 
350 393 10 12 0.021039803 
721 415 8 10 0.020908264 
477 431 10 12 0.020890087 
645 343 9 11 0.020736309 
687 406 8 9 0.020706037 
251 419 12 13 0.020604784 
758 391 8 10 0.020589083 
487 461 7 10 0.020582609 
399 421 9 11 0.020534903 
328 486 9 11 0.020505343 
343 488 8 10 0.020396173 
62 398 9 12 0.020348312 
402 488 7 9 0.020270698 
641 344 9 11 0.020261202 
679 388 9 11 0.02025555 
655 138 10 13 0.020208083 
376 382 8 11 0.020183172 
399 432 9 11 0.020150451 
6 462 8 12 0.02005398 
280 413 9 11 0.02001454 
