35_Basketball_playingbasketball_35_876
295
462 103 83 117 0.9987527 
65 103 73 112 0.9789588 
897 462 18 21 0.95837605 
858 487 18 23 0.9491627 
887 513 21 26 0.9440494 
932 416 15 19 0.93771195 
731 525 22 27 0.9286685 
710 501 23 28 0.92754513 
657 503 22 29 0.9242593 
264 530 22 27 0.9061142 
207 528 21 25 0.90071833 
966 345 17 20 0.8972936 
772 500 20 25 0.8840332 
956 506 20 24 0.88363487 
883 403 17 22 0.8650797 
866 449 17 21 0.8319002 
923 490 15 21 0.82682544 
963 449 15 19 0.7870319 
801 505 21 27 0.76681995 
954 401 14 18 0.7498104 
889 322 17 19 0.7138897 
135 465 17 20 0.70697993 
930 452 16 20 0.68887866 
849 424 18 22 0.6829552 
980 520 20 24 0.65491825 
955 316 15 18 0.6362159 
334 70 13 17 0.60818493 
930 521 17 21 0.60566485 
816 257 13 18 0.59944034 
210 490 17 21 0.59870946 
233 179 12 16 0.5952774 
908 269 13 15 0.50494975 
679 181 12 15 0.5033396 
914 429 16 19 0.48647645 
1003 418 15 18 0.4449914 
991 434 15 17 0.42488682 
663 258 14 17 0.41051358 
244 80 12 17 0.38915482 
158 483 15 21 0.38886604 
812 290 14 17 0.38881424 
285 177 12 16 0.3746432 
827 479 15 20 0.34691238 
725 182 11 14 0.3310765 
864 266 13 16 0.31936574 
287 81 13 16 0.29310533 
256 203 13 16 0.29068884 
715 252 14 18 0.28474018 
235 226 14 18 0.28239465 
100 472 20 26 0.2821601 
632 185 15 19 0.2547674 
329 150 11 15 0.24707973 
90 467 16 21 0.24539815 
209 241 15 19 0.23982556 
287 618 15 19 0.21102563 
725 230 12 15 0.19310558 
1000 554 15 20 0.19070317 
996 380 12 17 0.18981871 
945 221 15 19 0.18561454 
844 314 13 17 0.12989932 
813 313 14 18 0.12683193 
739 397 52 56 0.12240924 
627 245 13 17 0.119567886 
280 145 12 14 0.11566871 
849 363 15 18 0.11519659 
999 178 13 17 0.11336183 
285 495 16 20 0.10705275 
946 341 14 19 0.102116995 
886 257 15 18 0.1010696 
732 321 13 16 0.100559674 
822 452 12 15 0.09255335 
189 157 13 15 0.091329895 
270 476 13 16 0.091229066 
981 219 12 16 0.09120378 
278 657 13 15 0.086786404 
683 233 14 16 0.08549856 
781 207 11 14 0.08499946 
260 578 14 18 0.0812597 
139 480 14 19 0.08066729 
982 419 12 15 0.07963783 
837 465 13 16 0.07314891 
1012 506 11 18 0.07092802 
299 203 13 18 0.07063324 
927 289 14 18 0.06527683 
731 611 12 15 0.06430737 
846 340 14 19 0.062398933 
768 184 11 13 0.060091555 
423 12 13 16 0.060021278 
196 547 12 16 0.059054766 
649 241 15 19 0.055222057 
983 465 14 17 0.055072438 
1008 341 12 15 0.053152476 
770 258 14 15 0.050666578 
890 252 15 18 0.05025649 
253 530 12 16 0.050084166 
768 251 13 17 0.048592273 
586 178 14 17 0.048531976 
803 518 17 21 0.04804039 
890 499 16 19 0.047979537 
241 594 15 18 0.047868643 
163 480 13 16 0.046973962 
326 98 14 17 0.04556545 
370 18 17 20 0.045452993 
831 467 12 16 0.045137122 
916 352 13 18 0.04485549 
150 482 14 19 0.044200502 
892 492 15 18 0.044016626 
242 556 17 19 0.043923516 
794 490 14 18 0.043687988 
787 283 13 18 0.043571558 
186 97 27 31 0.043273605 
297 197 13 15 0.04278445 
805 529 15 19 0.04249434 
782 283 13 16 0.042307008 
869 305 15 19 0.042116325 
315 172 13 15 0.041763972 
950 450 12 16 0.04174676 
900 454 14 18 0.0416641 
770 246 12 14 0.0414887 
316 561 13 17 0.04128099 
93 478 16 21 0.040971477 
286 644 12 13 0.040363956 
302 579 15 19 0.03987131 
991 402 11 15 0.039695166 
674 560 18 23 0.039694715 
1005 357 14 16 0.03896832 
970 512 20 25 0.038614936 
774 282 13 16 0.037746694 
198 477 11 13 0.036959723 
677 242 12 15 0.03586836 
268 571 13 16 0.035861615 
807 313 13 18 0.03545088 
830 459 12 16 0.035246998 
251 106 11 15 0.034811575 
282 174 11 15 0.03431144 
238 560 15 18 0.034148503 
959 455 14 18 0.03407721 
972 405 12 15 0.034062233 
891 585 19 21 0.033139367 
248 525 13 16 0.03309642 
315 178 14 18 0.03287951 
957 474 12 15 0.032869477 
266 687 21 26 0.03279113 
236 498 12 17 0.032703515 
733 215 9 10 0.032687146 
780 496 20 27 0.032336783 
380 159 10 12 0.032319713 
293 122 13 17 0.032132 
702 281 13 17 0.032095514 
843 467 12 16 0.03204307 
917 422 13 16 0.031868067 
964 404 11 15 0.031447407 
958 434 12 14 0.031355537 
992 483 12 15 0.031120962 
669 228 12 15 0.030891452 
205 474 12 15 0.03056201 
929 495 14 18 0.030560488 
701 244 11 14 0.030425142 
243 198 12 14 0.03031415 
954 149 12 15 0.030193763 
278 189 12 14 0.029970242 
994 426 18 23 0.029730026 
900 377 17 20 0.029673064 
679 230 13 16 0.029653465 
671 243 11 15 0.029611316 
285 569 16 18 0.029574797 
207 485 15 19 0.02953642 
408 166 10 13 0.029350007 
817 309 14 18 0.029287169 
190 615 11 14 0.029135397 
296 165 11 14 0.029025348 
197 539 14 18 0.028818801 
992 384 13 18 0.028721668 
254 524 23 29 0.028612765 
188 369 28 35 0.028534805 
980 426 14 17 0.028481552 
708 235 11 13 0.028457496 
993 490 13 17 0.028397918 
741 586 16 19 0.028376266 
891 376 16 19 0.02803222 
838 309 14 18 0.027959662 
989 473 13 18 0.027748115 
899 443 13 17 0.027589375 
861 502 16 21 0.027510809 
277 196 13 15 0.027444154 
198 86 26 32 0.027425224 
197 596 16 18 0.027212594 
868 314 16 19 0.027176442 
940 378 13 16 0.02695811 
892 235 14 17 0.026932724 
294 516 14 16 0.026863102 
287 636 14 16 0.026500002 
936 182 11 13 0.026234781 
939 451 13 18 0.026200619 
935 228 11 14 0.025890974 
862 291 12 16 0.025806678 
309 572 14 21 0.025728967 
721 181 18 22 0.025694082 
787 270 12 14 0.025646202 
939 517 13 18 0.025636544 
692 229 13 15 0.025595684 
148 476 12 17 0.02558237 
310 555 15 18 0.025538832 
291 576 16 20 0.025531262 
788 234 14 16 0.025508557 
837 452 11 14 0.025446445 
867 271 14 17 0.025399419 
990 375 13 16 0.025390452 
325 563 13 18 0.025104279 
980 371 13 17 0.025063327 
907 372 15 18 0.025016133 
376 165 11 13 0.025007483 
329 10 24 28 0.025002321 
925 329 14 18 0.024845665 
939 193 107 134 0.024824766 
853 252 12 14 0.024784507 
902 289 13 18 0.024721874 
171 484 13 17 0.024436865 
324 594 14 16 0.02439652 
299 524 12 15 0.0243394 
254 593 13 18 0.024274686 
645 225 12 16 0.024231456 
891 243 15 19 0.024172314 
99 485 17 23 0.023942826 
297 210 13 17 0.023613833 
340 125 12 15 0.02361095 
195 575 16 20 0.023598732 
812 605 14 16 0.023588957 
668 566 17 22 0.02352342 
956 516 17 22 0.023212261 
861 464 14 17 0.023079526 
820 337 15 19 0.022941243 
327 624 14 19 0.022920778 
298 233 14 17 0.022746779 
885 377 14 17 0.022718415 
932 397 12 15 0.022610037 
244 570 13 16 0.02259813 
973 173 13 17 0.022563053 
956 199 12 15 0.022534978 
961 320 13 17 0.022504333 
212 470 11 12 0.02247823 
981 402 12 16 0.022432212 
149 153 12 16 0.022395324 
287 123 13 16 0.022379417 
645 246 15 21 0.022370864 
342 174 13 15 0.022345282 
291 565 15 19 0.022153301 
703 421 65 65 0.022147818 
902 437 11 15 0.022140302 
1008 512 14 19 0.022121076 
340 99 14 17 0.021796348 
290 642 14 16 0.021762375 
291 172 12 16 0.021733116 
973 377 13 17 0.021611944 
942 270 12 14 0.021533929 
935 248 14 18 0.021511396 
634 238 20 26 0.02149854 
341 166 12 14 0.021489238 
187 520 15 18 0.021464352 
932 405 12 15 0.021457637 
276 164 10 13 0.02141073 
924 425 14 18 0.021399213 
814 457 12 17 0.021389278 
134 487 15 18 0.021381011 
780 322 12 16 0.02131113 
721 585 17 22 0.021302205 
759 211 10 14 0.021183081 
662 468 14 17 0.021165457 
1011 413 12 17 0.021161307 
702 236 11 14 0.02114579 
213 564 13 17 0.02113581 
260 591 14 19 0.021054622 
965 428 11 14 0.021040116 
181 514 16 21 0.02103656 
926 402 14 16 0.021010691 
341 115 13 15 0.02098255 
989 453 12 14 0.020901028 
189 569 17 23 0.020883953 
834 475 15 20 0.020821 
855 467 11 15 0.02080003 
118 513 14 20 0.020798502 
251 562 14 17 0.02069893 
771 268 12 15 0.020668248 
796 314 13 18 0.020654734 
989 413 11 15 0.02065134 
202 601 15 17 0.020578306 
1011 345 12 17 0.020560306 
886 292 13 17 0.020394335 
280 649 19 24 0.020373944 
157 494 14 19 0.020372631 
341 540 11 13 0.020271674 
178 586 15 19 0.020253658 
343 596 13 16 0.020129839 
212 477 13 14 0.020111319 
231 463 10 12 0.020058934 
350 131 15 17 0.020052154 
