35_Basketball_basketballgame_ball_35_178
345
839 186 28 36 0.99705195 
454 380 30 35 0.9420184 
197 470 19 25 0.9343988 
86 395 24 30 0.857658 
582 240 13 15 0.42648095 
301 486 18 20 0.34934774 
604 22 112 153 0.21258351 
830 679 7 10 0.2018177 
238 532 12 16 0.18298961 
522 385 32 46 0.16808866 
132 691 11 13 0.14547151 
182 708 11 13 0.14475375 
380 423 8 10 0.12895736 
1006 640 7 9 0.12813394 
345 25 125 152 0.12776788 
593 275 14 17 0.1177991 
561 694 8 9 0.114675365 
840 669 8 10 0.11333398 
393 702 8 9 0.11306609 
882 672 7 9 0.11110419 
144 685 9 12 0.10948482 
216 609 14 18 0.10139412 
902 673 7 9 0.099366985 
887 672 8 9 0.09838516 
542 661 8 10 0.094577655 
31 654 8 10 0.09071216 
861 654 8 9 0.08841496 
262 505 13 18 0.08796764 
896 672 8 10 0.08702797 
80 664 7 10 0.08387994 
296 493 22 29 0.08322004 
991 647 6 8 0.081099525 
113 668 9 11 0.07983968 
920 662 7 8 0.07835502 
110 683 9 11 0.07749664 
161 513 21 29 0.077291176 
495 650 10 13 0.076628916 
641 670 7 9 0.073353775 
626 226 16 18 0.07307617 
816 687 7 10 0.071242064 
689 386 28 27 0.0710756 
542 702 7 10 0.070117824 
313 58 100 127 0.06922877 
872 688 7 8 0.067685485 
649 689 6 8 0.067342035 
118 670 8 10 0.067244515 
616 688 7 9 0.06662961 
535 678 7 9 0.06609279 
26 673 8 10 0.06565746 
757 704 8 10 0.06503449 
601 696 8 9 0.06438495 
695 286 26 33 0.06438267 
487 678 7 10 0.06433943 
1003 640 7 8 0.06426976 
863 673 8 10 0.06342251 
566 694 8 9 0.06337127 
582 269 23 27 0.063365944 
375 427 10 13 0.062548935 
547 687 6 9 0.062296323 
632 679 7 8 0.061668616 
648 694 7 8 0.05971815 
664 674 7 8 0.058392018 
919 658 7 8 0.057924096 
550 679 7 9 0.05608503 
895 677 8 10 0.056065597 
961 647 7 9 0.05594719 
767 646 7 9 0.05536796 
855 687 8 10 0.055013716 
993 625 7 9 0.05427834 
798 687 7 9 0.051805023 
48 663 7 9 0.05163022 
118 685 8 10 0.051626485 
970 615 6 7 0.050640438 
865 705 8 10 0.050029047 
616 678 5 7 0.04979868 
635 673 6 8 0.04965532 
624 689 6 9 0.049425114 
426 676 7 9 0.048732113 
895 663 7 8 0.048257608 
120 678 8 11 0.04800831 
195 667 11 16 0.04767775 
550 687 7 9 0.047668915 
576 689 7 9 0.047633786 
434 688 7 10 0.0469192 
425 672 7 10 0.046429798 
617 695 7 8 0.046383396 
632 710 8 10 0.045109592 
402 673 7 8 0.044627044 
623 694 7 9 0.044440176 
974 647 7 9 0.04415515 
509 383 31 40 0.043727454 
432 693 7 9 0.043546338 
577 671 6 8 0.04340841 
893 648 8 9 0.042852823 
394 698 7 8 0.04268337 
465 703 8 10 0.0425477 
187 646 13 15 0.04232809 
632 694 7 8 0.04225045 
480 687 6 8 0.04218673 
560 669 8 10 0.042158857 
40 662 8 10 0.041905988 
571 266 15 16 0.04168818 
47 637 9 12 0.041560125 
456 694 7 9 0.041483074 
631 648 7 9 0.041444577 
792 687 8 9 0.041244112 
824 685 8 10 0.041103132 
397 431 8 10 0.0409688 
470 672 7 9 0.040345073 
889 665 7 8 0.040199254 
197 675 11 16 0.040144756 
561 665 8 9 0.040077765 
430 370 22 29 0.039360635 
656 688 7 8 0.039089393 
530 679 7 9 0.03896471 
983 638 7 9 0.038944773 
1008 631 7 9 0.038859516 
601 640 7 8 0.03884086 
495 686 8 9 0.03840587 
976 639 8 9 0.038182337 
239 685 11 16 0.037481084 
397 702 7 10 0.03744197 
1007 644 7 9 0.037277028 
846 671 7 10 0.037255898 
515 251 13 15 0.036925722 
381 435 12 16 0.036883123 
869 678 8 10 0.03659687 
416 689 7 8 0.036534987 
985 656 7 9 0.03640058 
448 679 7 9 0.036219373 
379 427 11 15 0.036178418 
393 431 9 11 0.03609068 
602 687 7 8 0.03602922 
244 537 13 19 0.03601519 
992 600 7 8 0.03592295 
567 664 6 8 0.035848495 
565 442 34 38 0.035816666 
815 671 7 9 0.03578508 
592 711 7 9 0.03567148 
968 647 7 8 0.03526121 
528 379 11 16 0.035218794 
576 639 6 8 0.03513898 
873 693 7 9 0.034816127 
429 703 8 10 0.034630023 
486 672 8 10 0.034613583 
607 688 8 9 0.03453144 
895 653 8 10 0.03451529 
398 696 7 9 0.034497686 
559 632 8 9 0.034429424 
490 685 7 9 0.034272056 
402 678 7 8 0.0342694 
992 606 7 8 0.034005173 
913 672 7 9 0.03392402 
117 664 9 10 0.03376652 
131 489 11 14 0.033756725 
506 374 26 34 0.033203874 
78 401 17 22 0.032974955 
601 680 6 8 0.03241978 
935 664 6 8 0.03226954 
889 677 8 10 0.032069597 
542 709 7 10 0.032040447 
55 640 9 11 0.031724613 
600 701 7 9 0.03165727 
627 648 7 9 0.031606067 
175 636 10 13 0.031579908 
785 687 8 9 0.03149043 
53 657 8 9 0.031303644 
538 695 7 9 0.03111527 
483 679 7 9 0.031032387 
106 685 9 11 0.030768175 
494 83 62 74 0.03076247 
427 429 13 15 0.030700041 
927 679 7 9 0.030630732 
591 664 7 8 0.030542588 
950 662 8 9 0.030356811 
368 696 6 8 0.030343404 
409 694 6 8 0.030198378 
726 439 30 35 0.029995147 
313 462 10 12 0.02994726 
928 671 7 8 0.029849913 
382 695 7 8 0.029846003 
106 680 9 11 0.029728346 
857 663 8 9 0.029717572 
408 678 7 8 0.029678829 
296 485 14 17 0.029658457 
567 260 26 29 0.029632203 
982 633 7 8 0.02957533 
66 663 8 10 0.029514449 
482 673 7 9 0.02944712 
152 640 45 53 0.029403243 
663 695 7 8 0.029297305 
292 502 23 32 0.02920117 
46 632 10 12 0.029183974 
560 648 8 11 0.029127076 
978 633 8 8 0.029098006 
945 664 8 9 0.029038139 
470 709 8 10 0.02896381 
164 508 15 20 0.028719192 
180 644 22 27 0.028504701 
591 671 6 8 0.028487578 
870 705 8 10 0.028400715 
128 584 8 10 0.028229652 
527 712 7 9 0.028220346 
607 672 7 8 0.028177343 
576 665 7 8 0.028081268 
409 689 6 8 0.028030727 
165 527 13 17 0.027610589 
793 681 6 8 0.027565923 
645 671 7 10 0.027558178 
810 681 6 8 0.027273137 
657 695 6 8 0.0271115 
179 637 14 16 0.026924418 
928 664 8 9 0.026895564 
816 681 7 9 0.026814414 
215 605 22 29 0.026710846 
375 663 7 8 0.026567005 
904 657 8 9 0.02653193 
536 674 7 9 0.026224079 
241 669 22 30 0.026202336 
73 688 7 9 0.026175328 
841 647 8 10 0.026156517 
568 689 8 10 0.026067838 
71 663 9 11 0.02604336 
914 661 7 8 0.025991896 
824 662 7 10 0.025926199 
920 680 8 9 0.025794927 
952 657 7 10 0.025731679 
618 664 7 8 0.025711803 
638 704 7 9 0.025682634 
991 642 7 9 0.025503814 
857 680 8 9 0.025496328 
657 702 7 9 0.025334429 
148 668 11 15 0.025316646 
165 644 27 30 0.025174888 
541 23 119 151 0.025128536 
927 640 8 10 0.025128271 
618 672 6 8 0.02512165 
466 30 100 114 0.02500278 
536 717 8 10 0.024883555 
727 490 28 40 0.024857497 
890 686 7 9 0.024853317 
385 670 6 7 0.024809407 
639 55 73 92 0.02463251 
542 696 8 9 0.024563672 
388 437 10 13 0.02454155 
617 701 7 9 0.024455907 
1009 678 8 12 0.024304023 
959 640 8 9 0.024289384 
197 647 10 12 0.024225842 
606 695 7 9 0.02422502 
359 669 8 9 0.024212172 
895 686 6 8 0.024117408 
1014 678 8 14 0.024093518 
489 703 8 9 0.023952285 
791 693 7 9 0.02389736 
147 683 11 17 0.023810666 
61 646 8 9 0.023809414 
762 688 6 8 0.023772413 
552 694 7 9 0.023743339 
1009 600 7 9 0.023738854 
752 649 7 8 0.023656601 
88 704 8 10 0.0236203 
811 687 7 9 0.023557425 
682 693 8 9 0.02353455 
442 711 7 9 0.023477461 
544 671 8 10 0.023459928 
569 266 47 46 0.023347568 
871 673 8 10 0.02333453 
464 689 7 10 0.023291372 
784 648 8 9 0.023270272 
799 681 7 9 0.023226516 
830 684 8 10 0.023126336 
167 518 25 28 0.023116231 
20 445 24 31 0.023065759 
585 679 7 9 0.023043806 
470 705 7 9 0.023000391 
953 639 6 8 0.022952797 
378 687 7 9 0.022902304 
463 694 7 9 0.022895185 
551 56 8 9 0.02287234 
882 676 8 10 0.022861239 
872 631 7 8 0.022860892 
987 648 7 8 0.02284886 
753 656 7 8 0.02284811 
657 680 7 8 0.022775166 
898 624 7 8 0.022591002 
1000 664 8 10 0.022548346 
545 679 8 9 0.02242011 
186 653 21 28 0.02235375 
656 655 8 10 0.022329379 
175 635 23 26 0.022313662 
999 625 8 9 0.022280026 
919 686 8 9 0.022225251 
830 526 11 17 0.022104017 
657 660 8 10 0.022089036 
582 688 8 9 0.022080256 
1000 629 8 9 0.02204247 
846 648 7 10 0.022034168 
785 679 7 9 0.022009345 
583 693 8 9 0.021985516 
785 712 7 10 0.021932084 
665 688 7 9 0.02190695 
626 655 6 7 0.021902323 
327 693 7 9 0.021849448 
1007 663 8 10 0.021848287 
846 161 15 19 0.021758597 
631 688 7 10 0.021674981 
842 170 16 21 0.021580117 
268 496 11 14 0.021578385 
22 629 13 14 0.021516884 
375 434 12 16 0.0214499 
205 646 9 12 0.02127903 
0 561 12 20 0.02121017 
442 719 7 9 0.021185366 
608 679 6 7 0.021161728 
767 641 8 10 0.021157648 
585 671 7 9 0.02113034 
337 695 7 10 0.021129316 
583 639 7 9 0.021106413 
231 692 11 13 0.021075796 
431 679 8 9 0.021040794 
1014 664 8 10 0.020905994 
551 672 8 9 0.020877045 
969 641 6 8 0.020848515 
447 720 8 10 0.020824423 
928 617 7 9 0.020790938 
784 656 7 8 0.020765917 
192 473 15 21 0.020698978 
377 680 7 8 0.020662144 
633 705 8 10 0.020548653 
545 55 8 10 0.020494306 
343 73 14 22 0.020436032 
496 663 8 9 0.020421311 
475 376 16 21 0.020334523 
809 647 7 8 0.020333493 
851 687 8 10 0.020332046 
424 695 7 9 0.020313216 
622 664 7 9 0.020293305 
37 657 8 9 0.020262111 
423 688 8 9 0.020144572 
72 668 9 11 0.020143187 
191 660 13 18 0.020132767 
825 673 7 9 0.02010758 
944 639 7 8 0.020081215 
561 690 8 10 0.02001361 
