35_Basketball_playingbasketball_35_632
58
908 482 17 21 0.9577542 
126 442 20 25 0.8150628 
330 515 47 42 0.37500736 
721 486 14 17 0.3156006 
449 324 40 41 0.30146053 
452 455 31 40 0.29695353 
961 129 24 30 0.15552272 
31 508 8 10 0.15033758 
478 355 26 28 0.14849441 
139 491 11 13 0.1174904 
849 94 25 30 0.07944578 
888 39 24 28 0.07858818 
29 662 10 13 0.07569908 
929 122 43 49 0.07160902 
38 510 9 12 0.06642983 
647 281 7 10 0.063515365 
963 142 24 32 0.050817605 
0 650 11 15 0.050728757 
137 448 16 21 0.048381038 
929 118 30 33 0.046274755 
323 537 30 35 0.04547973 
891 484 24 31 0.039960504 
109 166 14 16 0.03848505 
471 338 32 32 0.03466857 
586 278 7 10 0.033360645 
206 328 9 12 0.032860268 
939 136 45 52 0.032277957 
23 540 12 15 0.030902077 
303 686 13 15 0.030472364 
135 497 12 15 0.030310247 
37 505 8 10 0.02955403 
935 123 14 18 0.02939848 
942 173 50 62 0.0279742 
294 709 22 31 0.027714854 
238 351 11 13 0.027694881 
720 480 11 15 0.027476767 
862 36 43 48 0.027328776 
38 514 12 14 0.025926191 
182 478 11 14 0.02460415 
893 222 49 68 0.024062486 
641 279 8 10 0.023967382 
585 284 8 11 0.023951879 
451 339 53 47 0.023617608 
822 85 34 36 0.023169588 
30 515 11 13 0.021799233 
220 349 11 13 0.021745984 
945 225 50 63 0.021407971 
833 83 40 48 0.021319553 
876 204 79 110 0.021058412 
981 242 14 18 0.021002391 
896 246 30 43 0.020976879 
688 318 8 9 0.020853397 
631 278 8 11 0.020761715 
717 495 14 17 0.020632142 
870 486 13 16 0.020372178 
560 285 8 11 0.020291205 
709 502 45 54 0.020251326 
328 555 32 30 0.02020672 
