35_Basketball_Basketball_35_361
78
164 249 26 36 0.9992661 
698 116 26 33 0.99906546 
651 252 27 34 0.99864346 
908 129 33 42 0.9985506 
71 163 27 33 0.99847 
870 236 30 36 0.99835265 
596 121 25 31 0.9982987 
517 243 26 33 0.9979315 
405 247 24 32 0.99662566 
162 129 25 30 0.9961249 
478 117 24 33 0.99353045 
775 240 29 35 0.9932893 
301 251 23 32 0.99324894 
364 129 26 35 0.99300426 
263 126 25 31 0.98749834 
826 115 24 29 0.9493024 
759 245 31 36 0.22371314 
168 226 13 16 0.22087643 
2 210 11 17 0.14880078 
870 365 13 15 0.11662701 
274 244 15 20 0.1094361 
386 446 11 13 0.083777696 
189 249 14 20 0.070306934 
382 221 12 14 0.06700199 
454 444 14 16 0.05884177 
386 196 17 20 0.058369763 
99 165 17 21 0.05669777 
565 461 12 15 0.05424591 
311 252 25 34 0.04601973 
183 385 15 19 0.04589324 
649 384 10 11 0.045776978 
487 468 14 18 0.04356925 
501 444 11 13 0.043497242 
822 235 14 17 0.04267904 
583 440 10 11 0.04260097 
748 413 11 11 0.041846223 
382 243 17 21 0.04111266 
766 427 14 17 0.040767964 
619 446 11 13 0.03759926 
275 220 13 17 0.03538262 
533 248 24 33 0.035316147 
386 121 12 17 0.034851745 
162 157 22 26 0.0347011 
964 297 15 19 0.03447906 
266 199 26 34 0.033306375 
719 396 12 15 0.03234263 
263 161 15 18 0.031236323 
527 187 27 32 0.03011674 
662 180 12 17 0.029222172 
26 208 16 20 0.028567392 
411 160 13 17 0.028554216 
163 168 18 21 0.028498517 
0 133 10 15 0.028422125 
831 388 10 13 0.027670188 
747 423 13 15 0.027431533 
729 421 12 15 0.027375141 
89 163 20 26 0.027202388 
172 243 26 34 0.027169107 
591 431 8 9 0.026927805 
45 170 15 18 0.024772849 
597 147 24 27 0.024200268 
268 230 23 32 0.02417224 
373 121 22 28 0.023610355 
744 407 10 12 0.023191566 
765 435 15 18 0.023096498 
317 226 16 20 0.022402246 
757 409 11 14 0.022337018 
896 124 28 39 0.022235317 
372 219 23 29 0.022151427 
840 406 9 12 0.02173822 
830 423 11 14 0.02172507 
261 238 23 29 0.021650549 
23 196 13 17 0.021635955 
363 196 17 20 0.021548305 
532 443 12 14 0.021532776 
372 245 15 18 0.020837432 
486 210 13 17 0.020697039 
266 214 25 35 0.020483283 
