35_Basketball_basketballgame_ball_35_256
67
226 69 57 71 0.9982741 
935 357 43 54 0.99453294 
526 56 65 91 0.99451786 
869 329 41 49 0.9910864 
356 152 36 47 0.9893379 
887 375 38 47 0.98923033 
762 351 47 60 0.986214 
463 159 55 68 0.9824325 
922 121 31 39 0.97940093 
951 51 32 41 0.97561646 
984 342 36 51 0.9644619 
956 166 42 50 0.8830028 
778 114 32 41 0.87213665 
361 60 39 48 0.82390666 
737 152 36 41 0.7521521 
853 195 30 38 0.6023582 
425 21 28 34 0.5970831 
975 509 25 32 0.5901476 
723 245 39 47 0.5281163 
282 134 30 46 0.5092719 
756 326 41 48 0.47298956 
842 168 33 40 0.46904135 
437 105 39 52 0.25977924 
884 504 28 31 0.24004252 
916 5 31 36 0.17174284 
674 103 27 34 0.1696148 
1004 540 19 29 0.11147708 
875 348 43 55 0.10301508 
916 458 35 40 0.09695756 
894 502 32 38 0.089909166 
160 147 41 54 0.08809009 
545 14 36 47 0.087600954 
682 269 30 45 0.07874438 
243 116 47 60 0.07097429 
477 535 54 57 0.059888966 
233 139 41 53 0.05826411 
532 31 54 79 0.05723383 
418 29 37 47 0.0569909 
741 138 31 38 0.050866436 
393 255 31 41 0.04904624 
665 37 24 30 0.047450963 
548 229 92 118 0.043778565 
895 411 31 36 0.042675555 
998 542 17 22 0.04244417 
702 199 33 47 0.04071539 
875 592 39 52 0.038873926 
328 123 31 39 0.03865597 
668 110 39 51 0.038256288 
787 365 31 38 0.03780404 
1011 495 13 22 0.03735938 
986 527 26 33 0.03558169 
507 101 39 49 0.03132009 
123 679 19 20 0.03130107 
976 522 26 34 0.031271216 
261 137 35 43 0.030913582 
995 457 28 38 0.02891677 
-2 313 38 70 0.028705796 
117 664 28 39 0.027316052 
592 82 14 20 0.026410105 
664 2 27 29 0.024827238 
750 334 26 42 0.023968205 
315 182 39 56 0.02234647 
864 192 20 26 0.022316817 
773 262 48 60 0.022187952 
920 108 30 36 0.021631315 
865 432 43 51 0.020102752 
768 46 39 47 0.020074947 
