35_Basketball_Basketball_35_791
39
770 40 81 121 0.9981981 
62 263 11 13 0.092544354 
952 656 13 20 0.08690743 
570 299 10 12 0.076951616 
613 328 8 11 0.072486885 
593 312 8 11 0.054967232 
1003 732 13 17 0.048369892 
986 737 14 15 0.041477967 
500 199 9 12 0.04070239 
627 322 10 15 0.040688958 
575 312 9 12 0.036618344 
77 283 10 13 0.035516113 
608 310 9 12 0.03414166 
94 275 10 12 0.03393425 
585 295 9 10 0.03355029 
687 211 75 138 0.02999689 
111 229 12 15 0.028135514 
229 404 15 17 0.028040037 
593 272 8 10 0.027729686 
567 339 10 14 0.027255787 
37 361 10 14 0.027097987 
556 362 14 16 0.026620775 
533 245 11 13 0.026422044 
548 341 10 14 0.025735416 
992 719 11 14 0.025504325 
618 287 9 11 0.025025237 
491 175 13 16 0.024969967 
544 284 9 12 0.024541972 
543 303 9 13 0.02418174 
149 229 10 12 0.023546303 
560 280 7 10 0.023296334 
261 236 14 17 0.023054022 
515 221 11 12 0.022948463 
90 238 13 14 0.02240838 
53 279 13 18 0.022310158 
574 272 9 11 0.021651678 
66 260 13 15 0.020681115 
126 563 11 12 0.020295087 
965 732 12 15 0.020022225 
