35_Basketball_basketballgame_ball_35_827
37
380 409 209 300 0.99979407 
707 905 242 290 0.99846715 
540 1346 139 154 0.877253 
500 1314 63 83 0.23423797 
461 1442 60 79 0.19289768 
755 1039 221 271 0.118497364 
614 653 195 252 0.07292832 
515 1343 38 48 0.06753536 
559 1143 138 100 0.06278708 
649 867 417 458 0.05637532 
549 901 14 19 0.05524397 
592 1153 83 61 0.051011465 
545 853 15 18 0.042909004 
481 1194 193 232 0.040940292 
531 900 12 15 0.039423373 
568 1151 73 52 0.03887097 
511 1299 111 140 0.03225258 
422 1400 92 139 0.030581301 
444 1293 194 245 0.029323189 
554 581 341 436 0.029018851 
461 834 12 17 0.027064793 
174 765 342 421 0.026546627 
147 1000 374 465 0.026527705 
516 951 11 14 0.026214998 
478 1326 55 81 0.025475115 
10 1421 30 32 0.025072217 
645 1013 260 263 0.024700217 
217 742 31 37 0.02438633 
272 727 56 66 0.023878165 
533 943 9 12 0.023535695 
507 884 14 17 0.023069067 
489 1375 115 128 0.022706993 
0 1266 228 275 0.02114285 
727 753 36 39 0.020700974 
476 1123 223 198 0.020639896 
336 910 110 132 0.020111993 
544 905 13 17 0.020016761 
