35_Basketball_playingbasketball_35_65
83
851 414 15 19 0.9916652 
906 353 18 23 0.9825257 
620 388 17 22 0.9817696 
966 404 22 28 0.97705257 
921 374 22 33 0.97189796 
1005 414 16 23 0.96276844 
744 375 16 20 0.9461128 
229 423 23 38 0.9049801 
801 422 15 18 0.7882973 
797 458 22 25 0.58271533 
679 231 12 13 0.5255695 
452 347 16 21 0.46348754 
854 459 16 18 0.46296594 
717 411 13 18 0.43128115 
709 460 21 26 0.34317493 
76 501 21 35 0.28404543 
796 499 14 18 0.26400778 
534 317 15 21 0.20058562 
744 427 16 20 0.15547374 
876 486 16 21 0.15489246 
831 488 16 23 0.15129775 
19 560 40 42 0.1358349 
410 384 15 18 0.1335919 
779 396 13 16 0.11980428 
462 341 24 29 0.11362914 
502 348 13 19 0.098947644 
889 384 17 21 0.086585335 
821 451 13 19 0.07707729 
973 462 27 34 0.07656487 
490 287 35 50 0.074597046 
779 450 14 18 0.067310035 
671 265 28 33 0.06597005 
823 395 12 15 0.05604278 
811 458 15 19 0.055032358 
809 398 10 13 0.05474157 
524 309 20 29 0.050627552 
853 353 14 17 0.04844794 
534 308 14 20 0.047622398 
675 268 17 20 0.047448248 
507 300 26 35 0.04734012 
480 37 11 14 0.043584436 
-1 529 29 41 0.041237622 
53 491 26 34 0.03893685 
228 419 17 26 0.038364578 
900 495 16 22 0.037750915 
827 448 16 22 0.037387934 
741 421 16 19 0.036629405 
887 449 14 20 0.035780344 
870 522 13 16 0.034528334 
194 487 18 24 0.033678673 
790 435 12 16 0.033177175 
721 414 14 20 0.032712553 
540 32 12 15 0.0322755 
1002 621 22 35 0.0312127 
477 342 21 29 0.030286536 
420 45 11 14 0.030198872 
837 379 12 15 0.03000439 
757 431 14 20 0.028526887 
763 376 15 19 0.028487867 
501 311 15 22 0.027473966 
494 348 13 20 0.027370917 
183 428 22 29 0.027290374 
824 376 10 13 0.027228601 
787 450 16 21 0.026467117 
790 457 18 23 0.026254019 
521 224 23 29 0.025479738 
997 489 27 42 0.025450408 
674 261 16 17 0.025153609 
784 361 11 14 0.024988273 
746 394 13 18 0.024816098 
365 46 11 14 0.024171863 
789 488 17 25 0.022874136 
537 309 21 28 0.022428358 
600 24 12 15 0.02233356 
979 458 17 23 0.022220382 
830 380 11 13 0.021734782 
756 373 14 18 0.02160563 
972 438 39 54 0.021338215 
820 481 14 21 0.021309307 
533 226 22 27 0.021153491 
878 348 12 16 0.020523457 
913 387 25 33 0.020432267 
557 280 16 20 0.020381793 
