8_Election_Campain_Election_Campaign_8_498
54
683 37 128 157 0.9999063 
70 116 89 115 0.99955004 
924 253 106 175 0.99946004 
481 176 53 70 0.998538 
574 141 69 80 0.9984149 
399 149 46 61 0.9962005 
347 150 55 76 0.9952779 
262 140 81 99 0.99206054 
197 176 68 79 0.98821753 
535 157 45 60 0.9732281 
882 205 48 58 0.95758235 
768 134 66 85 0.94590926 
725 85 102 132 0.51218784 
0 374 19 38 0.29400522 
537 146 31 44 0.23820843 
505 168 47 64 0.19304171 
905 174 32 37 0.13353883 
963 149 58 72 0.1234327 
0 -2 25 26 0.0836524 
26 190 55 64 0.081916004 
448 166 30 45 0.07107666 
886 165 26 30 0.061760113 
306 146 61 79 0.057971347 
930 439 96 159 0.057823475 
18 358 25 34 0.05581939 
461 166 46 62 0.05113601 
465 620 30 33 0.04062351 
536 143 22 25 0.040321115 
893 169 33 33 0.039240357 
0 333 14 27 0.038446978 
966 166 38 39 0.03840967 
533 140 75 96 0.035168234 
666 153 14 18 0.033551503 
5 172 25 38 0.03304397 
217 138 51 59 0.03227827 
921 131 99 127 0.03121727 
532 147 17 25 0.02969584 
873 188 77 93 0.028753696 
436 183 39 58 0.02835875 
909 179 91 112 0.027547887 
874 210 36 41 0.027321428 
657 146 24 32 0.02717028 
873 161 46 54 0.02577497 
717 437 22 30 0.024200086 
35 155 90 101 0.024177106 
39 344 14 18 0.02389199 
227 130 34 40 0.023286458 
908 164 51 61 0.023211028 
453 170 16 24 0.02307736 
669 94 24 40 0.021737456 
12 170 48 61 0.021633744 
990 151 32 44 0.020500539 
179 169 14 18 0.020383993 
231 162 62 79 0.020299664 
