8_Election_Campain_Election_Campaign_8_244
27
388 99 106 148 0.99992776 
102 65 138 169 0.99988663 
507 128 120 166 0.99959093 
650 73 89 110 0.99958545 
849 141 89 107 0.99912065 
784 118 66 87 0.99765825 
255 158 81 97 0.99304914 
735 138 49 68 0.94909 
2 168 56 76 0.8774427 
967 91 63 148 0.8345181 
699 112 76 100 0.23444204 
341 357 42 50 0.12435233 
926 115 89 134 0.095575035 
22 164 62 73 0.078672715 
362 173 27 41 0.062240355 
342 75 409 520 0.05889514 
820 245 25 37 0.04857435 
813 224 43 62 0.038704302 
748 102 14 20 0.034211736 
993 202 30 47 0.033977993 
444 114 107 148 0.03121714 
359 361 31 35 0.024083879 
341 146 49 73 0.022674961 
978 170 44 79 0.022551468 
364 188 16 22 0.021751784 
730 143 33 45 0.021700542 
334 124 87 118 0.020048797 
