8_Election_Campain_Election_Campaign_8_269
44
387 201 244 316 0.9999219 
491 1452 16 20 0.08841265 
172 1189 85 64 0.082873695 
627 1305 13 17 0.066963725 
579 1421 13 17 0.05973823 
580 1100 15 20 0.059713338 
493 1322 13 15 0.056590457 
524 1330 13 15 0.047565933 
484 1348 12 17 0.042376224 
519 1294 12 15 0.039376162 
508 1021 15 19 0.03861348 
520 1010 12 16 0.038323637 
180 1171 119 105 0.036006756 
554 1390 14 17 0.035831675 
525 1041 14 19 0.03475089 
519 1329 13 17 0.03346737 
502 1365 13 14 0.032099195 
550 955 13 16 0.03163251 
487 1325 11 15 0.030873798 
484 1169 12 16 0.030168766 
607 1038 14 19 0.029618552 
551 998 12 15 0.029501012 
550 1303 20 29 0.028243652 
599 966 15 20 0.027491195 
481 1296 14 18 0.026941227 
588 1103 15 19 0.02690706 
586 1298 17 19 0.026711572 
565 1348 13 18 0.026468577 
495 1365 11 15 0.026394622 
547 1001 13 18 0.026115784 
629 1449 22 27 0.026076563 
500 1371 16 18 0.026000923 
556 994 12 16 0.02550602 
154 1149 202 202 0.024717866 
509 1390 11 14 0.024326121 
543 1021 13 17 0.023423038 
551 1294 13 16 0.023080125 
575 1152 15 20 0.022426404 
644 1374 16 20 0.02206781 
427 1074 393 486 0.02196093 
555 1427 13 18 0.021582434 
559 1371 14 17 0.021435244 
525 1413 12 15 0.020372903 
526 1374 13 14 0.020312395 
