8_Election_Campain_Election_Campaign_8_76
44
357 229 31 38 0.99940026 
345 295 34 44 0.99933165 
643 232 29 38 0.9992461 
711 310 31 39 0.9991738 
683 288 34 44 0.99894804 
151 304 39 42 0.9985567 
515 250 32 40 0.9985561 
614 272 32 43 0.9985532 
444 228 35 42 0.9981669 
554 256 28 38 0.9967991 
782 288 31 41 0.9963846 
709 227 29 36 0.99608684 
842 273 40 51 0.9955449 
71 309 36 45 0.99518883 
256 283 38 47 0.9950181 
413 279 35 44 0.99266064 
20 290 41 49 0.9863008 
297 221 28 37 0.98165774 
392 236 25 32 0.9443609 
193 305 31 41 0.62912554 
578 246 27 34 0.4228134 
206 236 24 30 0.41826844 
268 270 31 39 0.27723357 
604 221 24 32 0.16295035 
986 385 15 18 0.12234582 
957 362 12 13 0.070656456 
967 344 12 18 0.06910605 
973 348 11 16 0.050798636 
966 357 10 14 0.044362612 
651 181 21 25 0.037677474 
959 340 12 16 0.032932304 
615 182 19 22 0.032552354 
202 295 35 47 0.031820927 
965 335 10 13 0.030262183 
525 43 21 28 0.027608426 
274 267 21 25 0.025077801 
960 334 9 12 0.024542121 
920 316 12 15 0.022621995 
960 327 8 11 0.0223446 
27 -58 486 498 0.02233131 
190 312 16 24 0.022190902 
330 264 17 19 0.021722939 
617 4 13 14 0.021248046 
415 267 28 34 0.020079574 
