8_Election_Campain_Election_Campaign_8_347
55
212 131 33 43 0.9967001 
754 167 24 35 0.99138707 
923 587 12 15 0.91486144 
22 571 14 20 0.89433485 
1010 572 11 16 0.59866095 
967 577 14 16 0.4581377 
175 562 13 17 0.30694568 
887 579 14 17 0.16855226 
965 586 13 15 0.122766554 
145 565 15 18 0.087985955 
41 660 11 14 0.08608233 
1007 565 17 25 0.08566301 
960 587 10 13 0.085289575 
759 283 12 14 0.08417586 
892 575 11 14 0.082414806 
1001 641 9 11 0.07754609 
53 513 12 16 0.07377283 
933 556 10 12 0.0691116 
16 574 14 19 0.055850543 
933 614 11 14 0.050606873 
951 598 12 14 0.047355227 
967 634 10 13 0.04664508 
951 588 10 12 0.044396743 
34 572 15 19 0.041919835 
167 563 14 18 0.041832346 
852 572 11 16 0.038285457 
330 177 56 67 0.036621053 
778 677 29 45 0.031561416 
957 596 11 15 0.031347934 
1014 639 9 11 0.031230938 
929 613 10 13 0.030693484 
117 516 11 17 0.030578446 
1004 644 10 12 0.029296584 
930 588 10 13 0.02906445 
675 334 13 16 0.027530743 
108 520 16 20 0.026985023 
966 593 11 13 0.026758993 
463 579 13 17 0.025896015 
913 621 9 11 0.025357524 
911 590 9 13 0.024147687 
43 656 10 12 0.024117885 
901 572 10 14 0.023745911 
477 586 15 19 0.02354397 
929 542 9 11 0.023365749 
912 616 9 11 0.023093201 
31 74 113 144 0.023017138 
935 607 10 13 0.022770645 
938 613 11 14 0.02216645 
45 603 13 15 0.022149602 
158 564 12 15 0.02209413 
962 660 12 16 0.021923812 
1012 582 13 18 0.02075411 
397 613 9 11 0.020728402 
961 656 10 12 0.020097243 
134 564 15 19 0.020088855 
