8_Election_Campain_Election_Campaign_8_148
469
243 370 102 126 0.9998474 
812 287 67 77 0.999345 
676 254 62 69 0.9991615 
626 348 89 111 0.9990596 
888 422 70 82 0.9986033 
965 295 59 76 0.9985281 
428 293 83 107 0.9980673 
733 259 65 78 0.99777156 
2 208 69 94 0.99760216 
502 212 55 65 0.9973502 
719 440 103 154 0.9971675 
571 319 71 88 0.99715924 
426 228 57 65 0.9965264 
373 120 15 20 0.9960783 
585 189 43 55 0.99479717 
194 113 25 31 0.99400395 
316 273 73 95 0.99377453 
128 84 27 33 0.99362224 
478 149 28 33 0.9932074 
504 284 63 98 0.9730367 
861 493 82 109 0.9595988 
93 205 50 59 0.9580899 
481 112 16 21 0.94018006 
0 377 64 124 0.93696886 
753 101 10 12 0.93387365 
614 134 16 20 0.93348926 
726 131 16 19 0.8987222 
510 152 20 26 0.8979642 
170 96 20 25 0.88393587 
321 98 20 28 0.8799089 
552 120 15 20 0.8752428 
754 219 32 36 0.8710253 
637 179 23 27 0.8705936 
996 142 15 21 0.8570641 
7 8 14 18 0.84299093 
660 108 10 13 0.77166396 
36 11 12 15 0.73737425 
766 117 10 13 0.71386486 
495 148 26 32 0.6654157 
800 125 10 13 0.6357644 
807 98 10 14 0.62965393 
225 103 18 22 0.6149687 
248 287 56 67 0.58018225 
650 86 9 12 0.56546664 
781 100 10 12 0.55925006 
566 150 18 22 0.53836733 
301 70 9 12 0.5263574 
903 598 90 110 0.5147595 
596 156 25 29 0.51466495 
379 245 52 69 0.5117996 
846 124 13 18 0.49607792 
685 91 10 13 0.48926154 
659 148 13 17 0.4872746 
687 121 12 15 0.47154844 
324 93 15 21 0.3791245 
908 248 29 36 0.34348848 
704 124 11 14 0.33808064 
889 124 18 21 0.3372768 
557 73 9 11 0.32848027 
838 129 15 18 0.31904283 
232 55 10 13 0.3114203 
706 116 13 16 0.2864179 
682 87 9 12 0.27812824 
212 55 9 12 0.2710295 
271 66 12 16 0.25787866 
928 180 19 30 0.2539732 
268 76 11 15 0.2532355 
590 102 11 15 0.24597338 
505 95 9 11 0.2403174 
820 130 12 18 0.23141187 
422 247 66 87 0.21941033 
85 470 38 59 0.2172475 
373 135 12 17 0.2029161 
93 14 10 12 0.19163397 
317 30 10 13 0.18922643 
703 98 10 12 0.18553449 
823 110 12 16 0.1826706 
666 86 8 11 0.17896655 
269 199 13 17 0.17184629 
339 180 16 19 0.16975912 
520 70 8 10 0.16812475 
487 86 8 12 0.16625936 
495 71 8 11 0.16387284 
159 10 9 12 0.16377665 
117 26 11 14 0.16255645 
949 146 16 20 0.16029508 
755 130 11 15 0.1573209 
340 44 11 13 0.15648878 
67 2 13 16 0.14652458 
758 125 11 15 0.14613232 
343 132 21 24 0.14583951 
301 163 12 16 0.14133471 
275 243 15 17 0.1373265 
630 101 9 11 0.13594608 
884 540 96 123 0.1345382 
393 505 88 118 0.12589717 
489 72 8 10 0.12583439 
604 87 8 10 0.123540774 
153 265 54 89 0.12317311 
288 36 9 11 0.12277082 
179 96 22 27 0.120996796 
735 104 10 12 0.12006413 
630 96 9 12 0.120049335 
900 245 26 31 0.116207756 
302 64 9 12 0.11454018 
554 76 9 11 0.11203751 
951 299 28 43 0.11088653 
921 162 15 22 0.10868355 
246 84 13 17 0.106354855 
931 138 14 19 0.10336175 
337 184 23 26 0.100540236 
898 124 16 20 0.096782796 
836 192 30 43 0.09627608 
270 7 11 13 0.09247462 
727 78 8 11 0.09073584 
615 102 9 12 0.08887739 
589 94 8 11 0.0886179 
790 162 13 17 0.0880868 
585 93 8 11 0.08799067 
629 107 10 13 0.087531656 
996 182 11 16 0.08483983 
153 10 10 13 0.0832533 
621 86 8 10 0.0818144 
700 163 16 19 0.07946314 
36 124 19 25 0.078874275 
836 507 66 94 0.07855218 
139 15 13 15 0.07839904 
186 103 24 29 0.077546686 
728 220 31 34 0.077184886 
188 75 15 19 0.07606618 
588 522 49 57 0.0758715 
366 137 12 16 0.07569444 
270 22 8 10 0.07527013 
635 77 8 11 0.07423915 
876 155 19 23 0.07401758 
550 102 11 13 0.07361721 
54 0 15 18 0.07347828 
464 62 10 11 0.072726935 
939 140 13 18 0.07203657 
656 104 12 15 0.070943266 
897 256 29 39 0.07047793 
923 263 16 22 0.07005617 
734 87 10 12 0.069482304 
617 87 8 10 0.069180235 
44 565 43 59 0.06902514 
810 95 11 13 0.06737655 
704 110 13 15 0.06721244 
751 84 9 11 0.06705119 
114 22 11 14 0.0662478 
678 122 12 16 0.064650334 
190 7 9 11 0.064535245 
221 294 66 87 0.06409486 
936 184 20 30 0.06403524 
255 645 131 130 0.06304955 
520 152 15 22 0.06261952 
278 165 10 13 0.062523805 
924 164 24 34 0.061517794 
528 84 11 15 0.06130816 
212 103 21 28 0.061253767 
624 103 9 11 0.06089491 
24 54 10 14 0.060571846 
61 64 15 22 0.05951062 
166 13 9 12 0.059355777 
704 86 8 10 0.058381952 
891 234 26 31 0.05834105 
743 78 10 11 0.0582335 
355 133 14 17 0.05799544 
707 129 14 17 0.05733833 
294 15 8 10 0.057122793 
987 215 22 29 0.056636665 
261 30 8 11 0.055918343 
597 108 9 12 0.05575623 
356 251 58 76 0.055447787 
396 184 42 47 0.05528412 
1010 419 14 29 0.055148106 
729 94 10 13 0.05505244 
624 107 11 14 0.054929234 
247 37 9 13 0.053644944 
987 692 40 62 0.05275556 
654 81 9 11 0.052684423 
297 63 9 13 0.052245356 
158 576 55 66 0.05208673 
575 100 10 14 0.050937247 
233 322 103 121 0.05047419 
756 165 15 19 0.050297733 
17 547 42 68 0.049836714 
187 93 16 20 0.049823802 
647 81 10 12 0.049603295 
772 468 102 121 0.049081683 
584 105 13 17 0.048879255 
577 95 8 11 0.048308738 
942 144 15 19 0.048138123 
851 121 13 18 0.04761098 
482 86 9 11 0.047472622 
388 137 12 14 0.04719689 
29 51 11 15 0.04698903 
517 77 9 11 0.04693945 
756 96 9 13 0.04659633 
845 196 15 22 0.04657741 
663 81 10 12 0.04645843 
391 229 69 91 0.0451582 
598 79 9 11 0.045068327 
726 64 9 11 0.04500677 
216 99 14 20 0.04470856 
266 188 21 31 0.04466152 
651 89 11 14 0.04400573 
743 85 11 12 0.043524724 
47 4 12 16 0.04341711 
650 363 97 132 0.043133058 
310 63 8 11 0.043023296 
887 226 23 29 0.042525087 
696 80 9 12 0.04249349 
397 134 14 15 0.042487513 
293 280 57 70 0.042460207 
885 117 15 20 0.042233933 
313 36 10 12 0.04217684 
434 148 15 20 0.04207285 
233 108 16 21 0.04191377 
772 115 10 13 0.041433625 
657 113 11 15 0.041106515 
830 130 13 19 0.04086442 
816 125 11 17 0.04042206 
265 24 8 10 0.040391263 
404 138 13 14 0.03966574 
781 105 11 15 0.039379466 
43 10 12 15 0.03908538 
788 52 10 13 0.0387824 
776 109 9 13 0.038734768 
69 93 9 13 0.038475342 
270 293 41 45 0.038350943 
876 451 83 104 0.037926592 
294 74 11 13 0.037830245 
406 148 15 18 0.037820037 
934 559 71 96 0.037531745 
226 60 11 13 0.037497018 
208 59 11 12 0.03736614 
144 58 12 16 0.037190024 
331 149 12 17 0.037124686 
87 19 11 14 0.03703526 
655 48 8 10 0.037000265 
696 403 103 141 0.03685822 
609 155 15 19 0.03669015 
701 67 10 12 0.036472414 
673 124 11 14 0.035896566 
630 62 8 10 0.03569603 
725 115 14 18 0.03554888 
533 81 9 11 0.035089023 
778 274 65 82 0.035063457 
1 533 38 78 0.035060734 
644 67 10 13 0.03488235 
224 31 9 11 0.034852166 
577 87 7 9 0.034732223 
192 30 9 11 0.034198724 
721 64 9 12 0.034191668 
502 70 8 10 0.034145832 
614 95 9 11 0.034066748 
484 104 13 16 0.034004338 
663 90 11 14 0.03398009 
250 89 13 17 0.033892386 
742 71 9 10 0.03371504 
951 175 25 30 0.033679288 
996 129 22 28 0.03367089 
125 12 11 15 0.033525452 
118 14 13 16 0.03338235 
598 71 10 12 0.033339355 
112 60 11 14 0.03323165 
310 263 52 64 0.032935366 
962 183 17 21 0.032544475 
950 534 61 77 0.032528237 
276 175 16 21 0.03218391 
750 97 16 22 0.032028366 
577 502 46 58 0.031907354 
879 165 24 35 0.0318791 
752 202 28 36 0.031515013 
720 134 15 20 0.0313852 
727 110 11 14 0.03133857 
283 145 13 17 0.031274192 
525 69 8 10 0.031259164 
263 108 12 18 0.031230707 
913 233 25 34 0.031184921 
134 413 32 45 0.031083902 
670 92 10 12 0.03100736 
264 80 13 16 0.030921316 
821 103 12 15 0.030775705 
358 553 95 151 0.030702958 
606 92 10 12 0.03063075 
655 142 14 18 0.03054436 
757 86 8 10 0.030448882 
706 167 15 20 0.0302924 
778 96 10 13 0.03009628 
625 95 9 11 0.029999683 
701 80 10 12 0.029976537 
65 26 10 15 0.029860575 
304 57 8 12 0.02980774 
61 87 15 18 0.02976454 
0 83 7 15 0.02962872 
148 20 13 15 0.029544951 
716 120 19 25 0.029497625 
584 89 8 10 0.029445989 
227 12 10 14 0.029356202 
144 90 17 21 0.029342664 
697 64 8 11 0.029229514 
324 30 9 12 0.029096544 
341 157 10 13 0.028959777 
736 64 9 11 0.028797908 
50 593 47 62 0.028792972 
69 8 12 16 0.02871128 
310 68 9 12 0.02868802 
561 237 15 19 0.028675878 
235 59 11 13 0.028672026 
759 138 10 14 0.028664138 
829 251 36 37 0.028561136 
277 75 11 16 0.02855351 
184 284 71 104 0.028483974 
923 150 23 31 0.02848134 
313 24 10 13 0.02821086 
232 49 9 12 0.028128693 
794 126 10 12 0.028101096 
732 224 19 21 0.028057074 
279 157 12 15 0.028056148 
316 68 10 12 0.027972149 
633 72 8 11 0.027835375 
397 201 47 55 0.02781777 
505 89 8 10 0.027792616 
304 40 8 10 0.027620077 
944 192 16 22 0.02739788 
803 119 12 16 0.027393417 
734 78 11 12 0.027313026 
56 69 13 18 0.027243046 
137 205 25 45 0.027208073 
262 48 7 10 0.02700744 
336 38 19 24 0.026892887 
910 216 13 17 0.02688579 
757 79 8 10 0.026858585 
149 264 37 53 0.026484396 
534 712 17 21 0.026346598 
93 5 12 15 0.026286747 
803 128 12 16 0.026284318 
984 117 37 50 0.026256826 
248 33 8 11 0.026249608 
720 77 9 12 0.026155977 
288 62 11 12 0.026092997 
899 1 12 12 0.02595078 
492 86 9 12 0.025944555 
699 97 21 26 0.025865491 
630 43 10 13 0.025774723 
639 70 9 12 0.025756607 
622 80 9 11 0.025705574 
92 110 16 19 0.025646055 
896 307 42 52 0.025514018 
604 78 9 11 0.025492871 
516 141 16 21 0.025343146 
274 5 11 13 0.025337774 
743 102 10 12 0.025194248 
681 81 8 11 0.025182834 
637 140 12 17 0.025157236 
687 79 9 12 0.025099438 
47 93 10 12 0.025012264 
817 78 11 12 0.024974402 
615 105 11 14 0.024950335 
656 51 9 12 0.02482121 
346 173 14 17 0.024818389 
667 151 15 19 0.024790274 
469 68 10 12 0.024681775 
101 -1 16 14 0.024626786 
0 9 13 19 0.024557885 
265 7 10 12 0.024457017 
794 157 14 19 0.02443822 
741 64 9 11 0.024436684 
199 100 23 33 0.024429422 
100 21 10 13 0.024334027 
185 40 7 10 0.02431133 
116 34 12 15 0.024209216 
481 71 8 11 0.024124641 
238 69 11 14 0.024098586 
223 22 9 10 0.02408542 
550 108 14 18 0.02406495 
777 75 9 11 0.02392221 
752 170 16 20 0.023859737 
67 22 11 14 0.02382859 
369 211 18 21 0.023765512 
494 55 8 9 0.023617545 
347 43 12 15 0.023607757 
772 186 13 16 0.023480112 
783 169 15 17 0.023413708 
954 143 22 27 0.023334028 
646 148 12 16 0.023260366 
96 411 31 39 0.0231775 
774 132 10 14 0.022993699 
655 122 10 14 0.022978416 
141 24 12 15 0.02294422 
757 108 10 13 0.02293027 
308 84 11 16 0.022925198 
448 237 62 70 0.02292378 
304 97 12 17 0.022912633 
293 32 8 10 0.022887759 
756 211 18 22 0.022845995 
195 81 12 17 0.022841036 
407 178 32 33 0.022646211 
989 246 17 22 0.022610517 
15 116 10 12 0.022603828 
150 137 24 37 0.022578614 
509 99 9 13 0.022543132 
782 73 9 10 0.022508591 
887 16 14 17 0.022477973 
261 53 9 11 0.02246652 
544 91 10 14 0.02245068 
459 159 22 29 0.022354303 
511 109 10 15 0.02232361 
346 126 16 19 0.022292301 
815 85 11 12 0.02224999 
892 179 17 27 0.022223765 
938 146 22 29 0.022217523 
655 133 10 14 0.022203792 
597 80 20 24 0.022202753 
457 534 46 66 0.02205895 
333 620 98 131 0.022037929 
358 155 10 12 0.022026276 
257 48 8 11 0.0219968 
174 21 8 11 0.021970907 
649 47 9 10 0.021962278 
688 70 9 11 0.021927603 
760 149 11 16 0.021925911 
890 333 46 56 0.021862514 
53 88 14 18 0.021827152 
532 89 11 16 0.021810701 
977 203 25 33 0.021804215 
191 35 8 12 0.02175043 
266 12 10 13 0.021703525 
314 67 108 126 0.021668596 
335 50 12 15 0.021634137 
288 69 11 14 0.02158756 
910 95 23 30 0.021579377 
920 142 21 28 0.021556305 
668 79 11 13 0.021554096 
286 76 12 16 0.0215079 
223 36 9 12 0.021470431 
495 94 8 11 0.021453924 
762 113 18 23 0.021451095 
694 95 9 12 0.021424357 
19 10 14 18 0.021322437 
489 66 7 9 0.021272201 
388 188 12 17 0.021207085 
235 95 21 26 0.021201499 
95 0 11 11 0.021043409 
22 117 10 13 0.021011692 
478 235 62 71 0.020944275 
49 0 12 13 0.020928584 
55 69 23 32 0.020914689 
736 212 41 46 0.02086558 
794 131 11 14 0.020808455 
1003 405 23 47 0.020790348 
257 53 8 11 0.020773228 
71 187 52 69 0.020582557 
270 29 8 11 0.020467713 
640 83 9 12 0.020449845 
256 24 8 10 0.020438978 
238 47 10 12 0.020405265 
356 147 12 15 0.020339401 
553 67 18 23 0.020304864 
255 35 10 12 0.020216506 
561 39 8 9 0.020187117 
856 154 22 32 0.020167824 
0 54 8 15 0.02013971 
716 115 13 19 0.02009469 
375 236 37 47 0.020092925 
681 86 18 23 0.020091001 
297 64 17 23 0.020070376 
35 50 13 16 0.020049676 
