8_Election_Campain_Election_Campaign_8_452
75
422 386 54 67 0.9975599 
787 322 85 99 0.9945148 
969 392 50 69 0.99200845 
639 291 77 83 0.9916992 
74 449 44 50 0.9802183 
361 404 43 56 0.9322794 
152 447 41 48 0.87967306 
8 490 34 40 0.30465662 
0 452 31 48 0.17482601 
322 381 15 21 0.13557589 
527 393 25 36 0.07598269 
392 380 13 15 0.07484236 
143 456 35 49 0.07076962 
111 459 28 36 0.06627295 
286 321 13 15 0.06346749 
484 542 47 60 0.05910693 
351 410 33 43 0.054802243 
310 180 9 11 0.0489877 
60 455 27 36 0.04801808 
106 140 8 11 0.047671247 
292 246 11 13 0.044771533 
334 349 9 10 0.0394042 
287 312 9 11 0.03749256 
332 398 25 36 0.03675248 
60 429 14 17 0.03650515 
290 252 9 11 0.03460786 
280 183 8 11 0.03364073 
732 350 45 63 0.03356051 
367 387 12 16 0.03351542 
222 281 11 15 0.033288863 
331 380 12 16 0.03304265 
749 371 12 16 0.03211231 
500 391 41 61 0.032018747 
71 143 8 10 0.031677447 
344 175 8 11 0.030818973 
242 393 30 40 0.030576264 
245 293 9 12 0.029874831 
525 378 23 36 0.029430201 
748 475 43 64 0.028904047 
164 456 43 49 0.028753275 
340 364 15 19 0.028519806 
278 239 9 11 0.02744693 
125 460 27 38 0.027134646 
204 542 31 44 0.027122652 
381 401 34 48 0.026878672 
58 440 26 36 0.02682569 
294 240 10 11 0.02661025 
287 223 8 10 0.02616569 
128 157 9 11 0.02504531 
265 303 9 10 0.024937775 
249 215 8 11 0.02470124 
-3 414 24 43 0.024457147 
278 244 9 12 0.024211194 
239 413 39 49 0.02386858 
58 430 22 30 0.023700668 
5 461 46 59 0.023448056 
222 200 8 10 0.023354217 
302 204 10 12 0.023296494 
0 131 9 14 0.02325404 
490 403 30 47 0.023060432 
225 160 9 10 0.022947013 
283 316 22 26 0.022654807 
246 174 9 11 0.022507062 
308 199 10 11 0.022393882 
247 190 9 11 0.02226241 
262 191 9 10 0.021639206 
278 156 9 12 0.02137714 
272 246 9 11 0.021330127 
361 380 26 34 0.021328565 
30 479 43 53 0.02102427 
450 391 51 66 0.020701539 
281 303 9 10 0.02055322 
198 468 36 40 0.02048434 
263 220 9 11 0.020217309 
287 230 9 10 0.02014836 
