8_Election_Campain_Election_Campaign_8_357
35
197 286 133 192 0.9727625 
671 824 8 10 0.08751151 
133 815 12 16 0.08342574 
356 831 9 11 0.057700314 
270 754 9 12 0.05091459 
270 823 8 10 0.048204463 
223 831 11 12 0.04678238 
294 822 7 10 0.03839041 
128 818 13 17 0.035229836 
269 788 8 11 0.03518678 
239 772 9 11 0.034220148 
606 571 41 57 0.033077687 
878 791 13 17 0.031107312 
191 796 8 10 0.03090443 
135 808 10 12 0.028186884 
293 848 8 10 0.027916012 
922 862 7 9 0.027874865 
272 848 8 10 0.027538572 
290 823 9 11 0.02723799 
265 790 9 11 0.02664003 
647 804 11 13 0.025764175 
357 665 16 21 0.023601413 
136 791 8 10 0.02356082 
140 790 9 11 0.022732852 
830 781 10 12 0.022324536 
237 807 9 11 0.022072708 
846 844 13 16 0.022013195 
129 792 9 10 0.021840697 
779 786 15 16 0.021465918 
168 798 8 10 0.021342212 
268 828 9 11 0.021029187 
869 856 39 50 0.020848073 
672 646 8 9 0.02082561 
112 848 9 12 0.020781985 
132 822 14 18 0.020263072 
