8_Election_Campain_Election_Campaign_8_84
186
122 543 42 54 0.99414486 
35 527 29 35 0.99271303 
210 507 24 37 0.9903824 
311 496 25 31 0.9892587 
490 190 17 22 0.9873487 
76 502 24 31 0.97080964 
128 484 17 23 0.9553516 
291 500 21 29 0.95417494 
881 506 19 27 0.94710195 
631 203 18 24 0.9362851 
444 185 17 22 0.91340226 
524 178 14 18 0.9076052 
534 512 22 28 0.90473104 
976 487 25 29 0.88717514 
923 601 37 61 0.8441211 
8 530 19 25 0.83040947 
257 426 18 25 0.7858323 
88 503 24 31 0.76965183 
185 489 15 20 0.56748056 
846 485 11 14 0.497716 
778 486 19 30 0.4831257 
164 464 13 17 0.39157706 
445 539 24 31 0.38223884 
100 505 23 31 0.37444124 
675 247 13 17 0.36592093 
198 456 11 16 0.3013672 
220 469 11 13 0.2826341 
227 440 12 17 0.23136559 
218 475 16 21 0.21569115 
154 446 10 11 0.20781969 
946 508 15 18 0.20309858 
173 469 12 16 0.1727599 
972 463 17 21 0.16721636 
179 422 8 11 0.1563785 
174 381 7 9 0.1393862 
178 474 12 15 0.13838923 
604 214 12 16 0.13073333 
560 179 12 17 0.13031475 
207 437 8 11 0.11676908 
287 419 14 17 0.1086703 
166 397 10 12 0.10700602 
292 430 15 22 0.104904145 
670 269 14 19 0.10483218 
183 429 7 10 0.103848405 
927 465 15 20 0.094402954 
228 431 10 12 0.0875496 
987 430 17 20 0.0846293 
602 213 21 26 0.081249684 
450 187 22 29 0.079687946 
882 387 15 20 0.07909938 
975 454 11 15 0.076396056 
992 487 16 23 0.07576824 
190 413 8 11 0.07478058 
176 416 8 11 0.074300036 
216 461 13 17 0.0732868 
973 472 26 32 0.07033237 
932 451 12 15 0.07026321 
831 464 8 11 0.069934025 
454 571 26 42 0.068071194 
158 451 8 11 0.06749577 
228 422 9 11 0.06632366 
32 412 10 12 0.06412095 
153 439 10 12 0.06407558 
921 593 27 44 0.063795514 
214 480 23 30 0.05805882 
176 559 25 39 0.05617708 
167 392 10 12 0.053728033 
539 196 23 30 0.053710144 
142 413 10 12 0.05206662 
611 213 13 16 0.051669687 
167 404 8 10 0.051331308 
206 431 9 12 0.050894037 
170 377 7 9 0.049873304 
826 462 9 12 0.049832415 
108 509 25 32 0.048832458 
189 431 8 10 0.04831254 
542 240 15 19 0.048164748 
206 444 9 12 0.048092242 
299 431 13 20 0.04781104 
770 387 15 19 0.046926934 
930 460 14 18 0.04593599 
553 182 22 31 0.04465466 
283 421 20 29 0.043751687 
184 416 8 10 0.043498117 
207 424 8 10 0.043077137 
138 414 8 11 0.042589437 
792 367 12 16 0.04218829 
368 643 21 29 0.04086354 
168 414 8 11 0.04077749 
880 727 38 42 0.040633712 
113 506 17 23 0.040545914 
135 431 8 12 0.040491953 
515 251 12 14 0.03797824 
260 520 17 23 0.03732941 
197 512 23 34 0.037292857 
173 390 10 11 0.037048392 
184 536 24 34 0.03702501 
168 432 8 11 0.036978796 
430 589 47 69 0.03666921 
141 524 27 33 0.036165733 
854 619 14 18 0.035957538 
622 237 13 16 0.034669083 
201 447 8 10 0.034637842 
151 430 8 11 0.034428205 
115 452 11 15 0.034286607 
273 422 21 30 0.034132354 
152 449 11 15 0.033875093 
952 460 10 14 0.033726912 
529 182 15 20 0.033640437 
957 453 10 14 0.033122867 
952 469 12 17 0.033121996 
821 358 9 12 0.033083003 
143 430 9 12 0.03307636 
8 737 26 31 0.03248951 
57 420 9 13 0.032429613 
508 203 14 17 0.03207597 
940 453 10 14 0.032038644 
291 416 10 13 0.032004405 
186 518 22 33 0.031958368 
563 182 14 20 0.031950004 
244 444 14 18 0.031562023 
611 222 16 19 0.03145548 
572 181 10 13 0.031331826 
177 429 8 11 0.031308837 
984 332 10 13 0.03110396 
642 256 15 20 0.031022403 
927 445 14 18 0.030893821 
705 308 11 14 0.030736275 
236 442 14 18 0.030446207 
194 455 11 15 0.030336618 
29 419 12 16 0.030157018 
150 423 8 11 0.029618729 
803 421 9 12 0.02924939 
167 454 9 11 0.029157626 
260 413 15 18 0.029117113 
168 437 8 12 0.02906639 
449 533 17 21 0.028948525 
550 180 11 16 0.028749721 
170 446 8 11 0.028628184 
160 414 8 10 0.028625146 
549 173 11 14 0.028435148 
638 264 17 19 0.027453726 
921 453 9 12 0.026912648 
225 417 8 10 0.026191011 
926 477 14 18 0.025343953 
668 253 20 27 0.025251003 
529 173 14 18 0.025078418 
926 449 21 27 0.024876833 
160 389 9 12 0.024578474 
336 428 9 13 0.024556883 
786 483 16 24 0.024368685 
224 479 16 20 0.024084445 
623 203 15 21 0.024020914 
605 206 13 18 0.02400037 
944 503 12 16 0.023356143 
458 181 16 21 0.022967504 
549 186 13 19 0.02296083 
641 207 15 20 0.022949763 
838 464 8 10 0.0229366 
56 12 110 126 0.02254651 
201 437 10 12 0.022484887 
554 200 15 20 0.02233025 
535 202 14 17 0.022248564 
663 250 13 18 0.022238929 
973 427 14 18 0.021949284 
142 436 8 11 0.021639276 
864 465 11 16 0.021632927 
25 422 10 13 0.021592865 
764 625 43 80 0.021511737 
173 406 9 11 0.021502748 
22 399 9 12 0.021492908 
136 422 8 11 0.021453833 
141 512 26 30 0.021399101 
542 179 13 17 0.021361519 
683 249 12 17 0.021326577 
941 460 10 15 0.02128977 
574 188 10 15 0.02127425 
785 500 16 21 0.021258265 
279 505 16 20 0.021170923 
223 427 20 27 0.021161016 
242 415 39 50 0.02058401 
826 455 8 11 0.020527137 
840 479 19 24 0.020505428 
516 183 42 50 0.020252097 
221 453 11 14 0.02013718 
172 395 10 12 0.020109188 
