8_Election_Campain_Election_Campaign_8_133
37
856 190 29 37 0.99925 
20 112 32 43 0.99901724 
903 187 28 34 0.99608886 
946 184 25 30 0.97686315 
727 178 33 36 0.9621879 
203 90 76 157 0.9443199 
630 168 25 32 0.8975303 
897 243 18 21 0.20883223 
944 219 17 19 0.19820353 
640 170 17 23 0.094464675 
379 127 42 47 0.09240131 
432 174 29 29 0.08656659 
300 140 25 33 0.062038817 
410 168 32 39 0.04608219 
650 171 12 16 0.044902597 
360 135 28 35 0.041310932 
485 210 11 14 0.041073054 
482 197 12 15 0.03776426 
426 185 33 33 0.035157267 
384 153 60 51 0.032797094 
960 186 19 24 0.03184562 
899 163 14 15 0.029435335 
943 203 24 31 0.028066527 
638 174 25 34 0.027990794 
429 197 13 14 0.027636267 
414 192 61 51 0.024471804 
292 125 44 59 0.024137327 
402 172 61 51 0.022388356 
5 138 15 23 0.021642134 
230 111 92 121 0.021534193 
424 203 37 32 0.021347154 
969 185 15 22 0.020670056 
439 191 31 35 0.020568008 
632 164 14 21 0.020338023 
477 189 12 17 0.020302039 
398 139 32 38 0.020288333 
76 133 99 137 0.020176522 
