51_Dresses_wearingdress_51_140
54
448 81 102 136 0.99986434 
177 301 48 63 0.9716062 
133 351 42 66 0.9512749 
253 316 39 48 0.80482376 
618 151 21 28 0.7628942 
980 280 33 41 0.45168987 
926 276 23 29 0.4043825 
932 344 36 40 0.38884187 
1000 449 22 38 0.19817996 
705 141 21 26 0.14163 
885 367 26 33 0.12912661 
18 644 50 64 0.1070216 
1 426 26 43 0.09739056 
949 249 21 29 0.08821903 
3 1083 96 103 0.087537766 
169 593 57 67 0.08333753 
64 647 59 75 0.08162363 
944 359 30 36 0.06373529 
949 458 78 112 0.06297296 
927 249 15 18 0.057709143 
184 504 30 36 0.055074293 
27 475 24 32 0.05462025 
984 262 33 45 0.051094435 
353 261 29 32 0.043983832 
785 482 57 74 0.04276605 
51 637 51 70 0.042729434 
930 352 20 25 0.03975629 
999 233 24 31 0.036048915 
607 140 35 49 0.035469726 
947 541 53 86 0.035063863 
612 959 449 499 0.034419097 
56 1096 26 32 0.034258824 
943 520 45 68 0.033889532 
-2 622 81 106 0.033748217 
957 252 30 39 0.030959401 
929 267 17 23 0.029804103 
765 491 100 140 0.029508557 
67 635 31 40 0.028808972 
877 768 131 174 0.0275253 
268 310 31 39 0.027235491 
704 154 25 31 0.02691864 
968 259 34 45 0.026881367 
291 410 28 31 0.026142422 
941 470 51 63 0.026006434 
324 286 26 34 0.023719048 
-33 852 388 482 0.023380084 
961 687 45 56 0.023284461 
923 254 24 31 0.022456435 
917 396 48 57 0.022444446 
602 1227 13 17 0.021940952 
984 495 16 23 0.021819793 
264 514 37 48 0.021588413 
948 478 33 37 0.021432498 
44 1105 34 35 0.020152008 
