51_Dresses_wearingdress_51_106
20
515 125 102 131 0.9997359 
518 1144 15 19 0.08108815 
757 53 35 42 0.052366253 
767 299 46 56 0.051456388 
459 848 15 17 0.042899836 
492 274 366 477 0.03581242 
963 427 15 21 0.03546582 
152 16 25 28 0.032440957 
319 157 27 34 0.03118444 
308 162 29 35 0.025201008 
971 427 14 19 0.023701353 
312 1187 22 29 0.023554463 
956 424 17 22 0.022950254 
109 61 33 38 0.02252458 
633 1376 19 25 0.022157269 
605 1128 14 18 0.022043107 
82 38 26 31 0.021984613 
105 153 54 64 0.021553049 
682 86 416 534 0.021229824 
296 1257 27 30 0.02028488 
