51_Dresses_wearingdress_51_727
96
281 80 97 170 0.99947673 
608 43 58 78 0.9994727 
792 28 63 89 0.9984132 
497 51 18 25 0.9168575 
693 61 28 34 0.75784165 
139 66 105 132 0.50063527 
635 1 34 36 0.46201444 
545 69 16 23 0.40968236 
963 0 14 14 0.38556993 
908 69 15 20 0.38056433 
464 253 35 55 0.33038053 
882 51 16 23 0.32036388 
745 36 22 28 0.3009209 
500 20 14 17 0.29348856 
893 4 14 18 0.2696481 
922 17 15 19 0.2671506 
426 227 42 61 0.267035 
697 47 26 35 0.23944288 
-94 131 451 596 0.21612759 
528 80 13 18 0.21294893 
378 204 41 66 0.2101262 
935 71 21 27 0.20435607 
526 32 16 21 0.19664033 
978 11 17 21 0.17620544 
517 64 13 16 0.1743404 
530 74 19 25 0.11932619 
691 0 18 19 0.11360686 
687 53 24 33 0.1110259 
657 5 18 22 0.11060321 
694 3 23 26 0.10473449 
747 42 29 36 0.095775776 
920 7 14 16 0.082781054 
544 63 11 15 0.07664669 
763 31 14 19 0.076431595 
567 56 13 18 0.0759672 
442 234 45 65 0.068715766 
618 9 51 64 0.06619043 
987 56 14 19 0.06356242 
899 7 16 21 0.059011187 
937 68 14 18 0.058186084 
706 43 15 19 0.055690262 
686 59 15 20 0.053936902 
880 84 23 32 0.05331075 
442 148 39 56 0.05261495 
584 67 14 19 0.052062836 
743 112 11 16 0.05053143 
923 90 15 20 0.04665702 
927 80 22 28 0.04605372 
399 209 45 68 0.043539766 
177 129 96 116 0.041159023 
893 34 11 14 0.04016394 
524 67 11 15 0.039181706 
740 14 11 14 0.037786387 
954 58 12 16 0.036216572 
739 54 32 42 0.034949906 
533 65 22 27 0.033600233 
488 60 11 16 0.03330479 
222 153 59 90 0.032294624 
704 75 18 24 0.0318781 
1003 46 18 24 0.03172577 
971 1 14 18 0.031421628 
995 50 16 21 0.031394772 
939 83 16 21 0.03129929 
732 32 25 33 0.030699702 
956 110 18 23 0.029972633 
741 30 15 19 0.029934691 
861 30 38 59 0.029489778 
908 26 13 16 0.02861885 
897 56 23 30 0.028486043 
990 0 10 10 0.02813211 
220 96 108 148 0.02798542 
594 5 54 68 0.027757552 
753 29 20 26 0.02757277 
496 23 15 19 0.026722679 
980 21 16 21 0.026237154 
703 2 23 32 0.025891267 
989 5 12 15 0.025612136 
709 38 23 32 0.025079926 
586 59 24 34 0.024521537 
0 231 25 44 0.024520146 
903 11 21 26 0.024241257 
747 29 16 22 0.023823615 
913 75 22 29 0.023794696 
951 35 14 19 0.023752239 
463 242 29 41 0.023737047 
922 21 21 26 0.023480533 
945 65 15 18 0.023462668 
600 26 12 15 0.023310449 
334 150 88 130 0.023292005 
947 -3 22 23 0.022268534 
414 129 47 66 0.022177257 
1011 43 13 21 0.022086665 
891 13 16 22 0.02193669 
925 33 15 20 0.021440813 
719 33 24 32 0.020613117 
509 61 15 20 0.020518366 
