51_Dresses_wearingdress_51_492
20
357 164 254 327 0.99985456 
270 154 137 199 0.9854453 
745 375 74 90 0.91811234 
286 138 208 305 0.8197785 
0 426 38 89 0.44058463 
314 671 513 560 0.18239462 
547 584 448 575 0.10777173 
388 397 411 533 0.07518092 
551 611 216 303 0.074320555 
344 1040 527 455 0.051336836 
775 383 65 72 0.047215145 
262 847 406 498 0.04634124 
864 1049 129 112 0.043159086 
230 281 370 499 0.04037229 
61 859 183 226 0.03610279 
594 256 474 556 0.0329701 
948 366 76 157 0.028699199 
232 434 207 289 0.02515003 
0 421 23 50 0.022964688 
60 499 90 151 0.021087311 
