51_Dresses_wearingdress_51_789
37
361 85 132 171 0.9995129 
502 853 12 14 0.14250359 
531 449 391 469 0.092850715 
48 65 40 73 0.09099693 
504 847 11 14 0.07313815 
21 79 51 91 0.05500075 
508 873 12 14 0.051076196 
617 224 10 12 0.04842905 
480 825 13 16 0.046969827 
500 869 15 17 0.041125465 
431 787 33 33 0.03660551 
389 618 140 144 0.03629144 
62 49 48 86 0.035840776 
594 229 12 15 0.035268165 
576 806 10 13 0.03264201 
496 859 11 14 0.030572878 
649 329 24 32 0.029396834 
517 838 12 15 0.028085604 
541 340 10 13 0.027683813 
2 91 58 113 0.02697463 
398 503 207 249 0.026075032 
468 808 13 17 0.02536788 
582 806 13 16 0.024841035 
35 52 70 124 0.024327796 
600 200 10 12 0.0241492 
4 -3 152 209 0.02413501 
620 313 15 19 0.024036646 
699 252 21 27 0.023888528 
488 861 10 14 0.023304738 
469 800 24 29 0.023190271 
499 847 20 24 0.022830311 
654 318 10 14 0.022567105 
652 215 9 11 0.021614864 
618 204 13 17 0.021269878 
629 313 48 59 0.020777347 
508 844 13 16 0.020272268 
460 877 12 14 0.02025694 
