51_Dresses_wearingdress_51_830
39
933 36 29 39 0.9989574 
563 25 63 86 0.99746656 
998 19 21 34 0.87800175 
257 10 105 67 0.8777716 
819 16 59 66 0.3641156 
838 28 58 73 0.23698269 
856 54 48 68 0.07220816 
855 18 33 36 0.06989926 
523 248 48 59 0.06879825 
377 609 30 37 0.050100684 
796 24 33 43 0.04702663 
482 120 41 53 0.042645916 
278 605 22 30 0.04235957 
196 668 14 17 0.039549273 
899 58 28 36 0.035905037 
79 207 133 142 0.035809968 
198 631 25 32 0.03574956 
96 429 368 478 0.034216274 
872 76 46 57 0.03365278 
875 44 43 63 0.032100517 
511 168 12 17 0.02913664 
538 169 44 49 0.028723733 
764 307 14 18 0.02863919 
917 26 25 31 0.028529955 
198 641 15 19 0.027626254 
103 121 206 272 0.027377937 
268 591 39 49 0.026977802 
790 345 18 21 0.025853839 
900 102 13 16 0.024731956 
872 24 19 23 0.023655526 
822 14 35 39 0.023300692 
565 237 47 58 0.023220047 
777 13 190 214 0.022666417 
892 99 27 32 0.02232668 
900 528 26 33 0.021637728 
516 169 12 15 0.021090403 
253 194 143 189 0.020691706 
546 155 37 41 0.02027488 
371 613 18 21 0.020186607 
