51_Dresses_wearingdress_51_150
55
190 60 80 112 0.9977246 
724 62 67 102 0.99744606 
11 77 18 22 0.5103617 
35 117 23 28 0.42956784 
85 96 13 16 0.3121219 
13 532 12 14 0.18468404 
28 477 14 18 0.15782498 
322 98 15 18 0.1486225 
11 130 14 19 0.08131519 
92 94 12 15 0.07568764 
79 73 15 19 0.07055281 
11 10 25 30 0.061175328 
784 327 30 34 0.056260012 
42 194 18 23 0.05585972 
73 419 32 37 0.052009977 
146 93 15 21 0.05105219 
356 104 18 21 0.049336452 
78 41 14 18 0.04558082 
81 137 16 21 0.03907199 
108 567 12 16 0.036752272 
44 592 17 19 0.036073245 
16 526 16 19 0.03456971 
136 87 21 27 0.034417775 
46 620 16 18 0.034100976 
117 101 13 16 0.032914516 
12 22 26 34 0.032893203 
169 357 30 36 0.03215765 
305 111 9 12 0.032133903 
103 566 10 15 0.03209277 
35 652 14 16 0.030782092 
83 102 17 22 0.03021277 
53 3 17 18 0.028641151 
867 505 12 16 0.028484475 
776 340 17 20 0.026977664 
108 601 14 19 0.026393263 
99 191 23 31 0.026133608 
61 10 12 13 0.025508482 
91 202 13 17 0.025278047 
77 78 22 27 0.024983322 
190 592 50 57 0.024280954 
84 528 24 29 0.023816297 
789 335 17 21 0.023631807 
124 97 13 17 0.023196386 
900 54 14 18 0.022987382 
857 504 24 36 0.022945805 
30 118 18 23 0.022881843 
79 7 11 13 0.022792768 
93 85 13 17 0.021663157 
135 87 12 15 0.021343065 
7 526 20 27 0.021253714 
369 107 15 20 0.020748321 
70 14 10 12 0.020695115 
661 327 55 76 0.020667462 
91 138 14 19 0.020444658 
800 330 17 21 0.020236162 
