51_Dresses_wearingdress_51_1012
40
516 169 113 143 0.9999447 
1 536 45 63 0.9971317 
120 470 36 46 0.9932199 
39 509 34 44 0.9913986 
230 426 34 43 0.97569644 
82 497 36 49 0.97356635 
165 467 34 45 0.95192105 
245 439 30 38 0.62522525 
284 498 17 23 0.1939483 
103 721 28 32 0.17958665 
175 432 30 38 0.14895153 
111 611 30 40 0.09328948 
293 535 19 24 0.08563249 
754 920 354 466 0.07963507 
68 511 43 56 0.06156126 
196 634 105 107 0.061180666 
59 1004 359 489 0.04107664 
257 453 20 29 0.039912447 
91 657 26 35 0.03636612 
627 1210 16 19 0.036125295 
259 852 451 606 0.034610566 
142 634 15 20 0.03455733 
783 105 141 203 0.034508977 
123 622 26 34 0.029274441 
307 557 25 31 0.028901085 
-1 784 13 26 0.028506262 
442 1478 33 44 0.02754426 
6 867 33 41 0.026083158 
42 490 29 35 0.024874335 
116 633 48 58 0.02389676 
116 729 25 37 0.023275724 
388 1260 388 514 0.02310884 
390 438 26 32 0.022896858 
203 690 61 81 0.022875434 
144 649 59 55 0.022722151 
51 526 44 58 0.022469299 
116 739 46 55 0.022009658 
286 535 17 24 0.020824967 
287 494 25 32 0.020764299 
25 527 43 61 0.020615159 
