51_Dresses_wearingdress_51_339
32
443 186 170 233 0.9994392 
659 309 112 153 0.9989139 
152 368 26 35 0.44246385 
864 368 41 62 0.3662991 
194 51 84 123 0.15342344 
717 348 81 123 0.12022359 
756 281 19 23 0.09361864 
971 376 41 60 0.064775206 
880 369 51 68 0.061423108 
953 267 25 35 0.054355145 
949 275 53 66 0.052158672 
751 379 55 84 0.047521483 
213 379 116 133 0.04523528 
1011 400 14 27 0.044675127 
267 636 25 38 0.038098354 
150 370 45 53 0.03550847 
905 346 40 55 0.030245323 
325 1162 395 483 0.028345853 
921 374 50 70 0.028251026 
927 265 90 115 0.027986204 
170 259 193 259 0.027224323 
649 1132 155 150 0.02707057 
0 355 12 20 0.02624023 
873 343 48 68 0.023981178 
989 389 34 43 0.023741467 
182 361 25 33 0.022934968 
-110 1083 420 479 0.022844616 
40 1 335 499 0.022354446 
944 315 86 132 0.021870777 
932 108 103 138 0.021836791 
848 365 73 93 0.021604292 
932 298 26 32 0.020301985 
