51_Dresses_wearingdress_51_606
91
622 82 111 148 0.9999621 
256 227 97 120 0.99975127 
406 228 14 18 0.96175426 
204 178 16 21 0.21223989 
485 237 15 20 0.19141904 
400 284 11 13 0.13970663 
172 24 21 29 0.13636263 
858 92 9 12 0.11259228 
202 217 44 56 0.094648704 
233 6 18 19 0.08533248 
440 247 10 12 0.075466566 
392 256 9 11 0.07229962 
476 235 15 18 0.06832001 
397 254 8 11 0.067389324 
173 253 11 15 0.066611275 
469 234 13 18 0.06658685 
936 148 9 12 0.059112396 
146 76 15 20 0.058136765 
463 262 11 14 0.052535035 
377 238 9 10 0.05030124 
360 244 13 16 0.048586775 
154 791 209 292 0.046509705 
1007 28 10 13 0.04447411 
692 1190 27 32 0.04429058 
195 -2 26 25 0.043527376 
959 144 10 11 0.042499214 
527 234 11 14 0.04211931 
423 279 11 13 0.04158677 
167 258 10 14 0.039828453 
404 280 11 12 0.039425127 
386 218 14 19 0.039097983 
824 333 43 57 0.038981892 
99 117 13 17 0.038932458 
968 120 9 11 0.03807795 
451 206 17 20 0.037580926 
886 133 9 11 0.03699584 
985 261 11 14 0.036531474 
547 236 17 23 0.035981026 
860 88 10 13 0.03532603 
391 248 9 11 0.03488743 
389 569 358 472 0.034797788 
795 269 12 17 0.034602687 
482 190 22 30 0.033440687 
146 56 14 20 0.033082083 
415 261 10 12 0.032965563 
416 270 9 10 0.032897856 
422 246 11 13 0.032685418 
415 277 10 12 0.03238371 
918 134 8 10 0.03111973 
452 243 15 17 0.030288674 
847 102 8 10 0.029582571 
421 271 9 11 0.029545747 
847 96 8 10 0.028536618 
461 241 14 18 0.027711477 
872 102 8 11 0.027512392 
958 104 9 11 0.02742827 
998 4 10 12 0.02736165 
478 193 15 21 0.026812628 
188 183 10 13 0.02654903 
382 201 15 19 0.025142888 
421 251 12 14 0.025045212 
113 246 8 11 0.025027918 
429 252 9 12 0.024986755 
354 613 121 164 0.024905818 
444 250 11 13 0.023976957 
937 109 9 10 0.023772884 
205 233 15 19 0.023740217 
863 101 9 11 0.023699434 
439 308 11 14 0.023520917 
430 190 12 17 0.023461448 
895 120 9 10 0.02345404 
945 166 10 13 0.023400769 
896 137 7 9 0.023062617 
843 241 27 28 0.022852127 
952 119 8 10 0.022657061 
976 104 8 10 0.022410609 
838 121 13 16 0.022149257 
969 125 9 11 0.022131495 
142 255 10 12 0.021831715 
420 239 12 13 0.021753065 
950 160 9 12 0.021232113 
415 246 9 11 0.021156423 
174 96 10 14 0.021119919 
205 193 14 18 0.021028146 
141 59 21 34 0.020969516 
996 182 10 12 0.020924835 
428 278 9 13 0.020685209 
944 135 8 10 0.020407086 
175 101 12 16 0.020171514 
823 1165 33 34 0.020062925 
8 84 28 43 0.020040594 
