51_Dresses_wearingdress_51_327
242
460 146 135 184 0.9997769 
827 350 14 18 0.2794563 
809 1679 33 48 0.1922842 
15 96 29 42 0.18769553 
979 1647 17 21 0.15584418 
362 292 31 42 0.15118681 
1005 666 17 21 0.13942926 
837 1610 24 31 0.103150144 
92 1575 12 14 0.0999743 
189 1659 18 22 0.09441449 
876 1397 11 12 0.09148517 
300 1648 33 34 0.08657126 
619 135 15 18 0.085053764 
1011 732 12 20 0.08445265 
119 1580 10 13 0.08289909 
682 1550 71 79 0.08236708 
772 218 15 19 0.07837697 
854 1395 13 17 0.07593483 
1011 147 12 20 0.068163134 
600 -2 33 32 0.06805479 
278 8 46 51 0.06755907 
237 1638 13 17 0.06595142 
205 1649 14 16 0.065812685 
61 1644 12 16 0.065792404 
89 1579 11 14 0.0629793 
813 1437 16 18 0.061708793 
71 1584 7 10 0.06043444 
876 175 13 15 0.05882721 
398 1659 11 12 0.058511607 
1012 558 12 20 0.05671514 
797 360 17 21 0.055086665 
837 1409 17 21 0.054598268 
903 1390 10 13 0.053755634 
969 649 23 28 0.052957974 
148 1596 10 14 0.05288197 
0 247 46 93 0.051596306 
160 33 27 36 0.0514703 
870 1391 13 15 0.050356895 
846 1588 51 56 0.049609408 
130 1567 25 31 0.04950423 
85 1646 10 12 0.0485584 
130 1552 25 28 0.048397582 
156 1533 11 13 0.046101373 
17 889 32 34 0.045411605 
234 607 16 21 0.04507488 
825 238 9 12 0.044446953 
117 1569 14 18 0.043322477 
347 1629 26 30 0.04325628 
353 1644 15 18 0.04290759 
629 68 13 17 0.042627078 
112 1552 10 12 0.041595835 
1011 129 12 20 0.041563798 
211 1580 16 19 0.040730085 
115 1606 13 17 0.04069752 
765 1028 17 22 0.04055425 
142 119 15 20 0.040428475 
496 36 46 55 0.03998376 
245 425 16 21 0.03985775 
167 1589 25 27 0.039408714 
689 119 10 13 0.039080404 
741 287 11 14 0.038683932 
89 84 48 59 0.03862974 
112 1554 23 28 0.037686083 
78 1583 8 10 0.037127987 
951 203 13 16 0.03663421 
839 292 12 15 0.036622718 
815 313 11 15 0.036440637 
930 165 13 17 0.036127474 
711 212 14 17 0.03596306 
946 723 26 32 0.035777275 
848 321 12 15 0.035658468 
100 102 49 57 0.03549231 
893 169 25 37 0.035288632 
120 1587 10 12 0.03525454 
577 489 16 20 0.03524122 
482 1692 26 31 0.034951005 
75 1571 10 12 0.03481401 
722 1414 16 20 0.034482066 
868 164 41 57 0.03446721 
971 761 41 57 0.034410547 
998 1649 15 17 0.03404227 
654 106 12 15 0.034037463 
335 1622 13 15 0.033965107 
1011 701 13 20 0.033785675 
1007 1611 14 18 0.033142332 
75 101 47 59 0.033135254 
203 1625 12 15 0.03217968 
635 77 12 14 0.032002944 
1 1542 10 14 0.031348832 
257 1517 14 15 0.031203251 
120 1561 26 29 0.031160813 
1006 219 14 18 0.03103517 
4 100 29 44 0.030979536 
276 1568 12 16 0.03067431 
761 335 18 21 0.030673547 
205 1518 27 31 0.030668233 
828 1390 13 19 0.03050133 
195 1618 16 20 0.030496906 
72 1589 8 11 0.03019192 
663 133 8 10 0.030126562 
27 105 380 440 0.030076193 
305 9 32 43 0.030008115 
607 105 11 15 0.029842202 
283 258 14 15 0.02979153 
0 1590 6 12 0.02957376 
704 103 10 12 0.029550418 
141 1594 13 17 0.029506652 
872 1342 9 10 0.029461531 
211 1557 15 17 0.02939391 
270 1549 23 31 0.029361887 
289 1382 27 38 0.0288708 
123 1578 27 36 0.028664172 
854 1380 14 15 0.028662056 
95 1567 9 11 0.028379506 
880 332 13 16 0.028288564 
899 316 16 19 0.027804555 
839 124 12 15 0.027491318 
84 111 29 37 0.027465116 
612 102 11 15 0.027431533 
887 759 44 57 0.027143655 
1013 458 9 14 0.026991466 
275 1560 14 18 0.026984137 
844 1410 24 28 0.02693928 
64 1582 8 10 0.02680616 
79 1590 9 12 0.026789783 
176 1601 16 20 0.026749628 
828 132 11 14 0.026553132 
235 1645 16 19 0.02654501 
788 144 26 31 0.02593908 
127 109 32 39 0.025938757 
885 1396 10 12 0.025898594 
137 1570 16 19 0.025767777 
827 284 12 14 0.0257507 
48 59 40 55 0.025665997 
699 219 14 17 0.02564998 
10 34 13 17 0.025576906 
397 1712 10 11 0.02555904 
619 65 25 29 0.025538132 
761 220 23 28 0.025485016 
103 1567 11 12 0.025480388 
271 243 10 12 0.02519433 
812 285 9 13 0.025130387 
126 1588 11 14 0.025110897 
941 662 13 15 0.025009809 
141 1541 26 30 0.025005715 
726 36 12 14 0.024838986 
185 1651 17 20 0.02478103 
135 1615 12 13 0.024738498 
85 1588 12 14 0.024665384 
13 100 43 64 0.024630472 
998 141 13 18 0.024474233 
97 1527 9 11 0.024291338 
882 133 15 20 0.024198467 
879 171 24 33 0.02419505 
1011 1077 11 16 0.02410429 
813 236 10 14 0.02410266 
271 1508 13 15 0.02407631 
192 1603 22 27 0.023912584 
56 1581 9 10 0.023903627 
797 334 10 12 0.023795243 
908 1391 9 10 0.023794517 
197 1436 29 31 0.023774784 
47 106 45 62 0.023681477 
213 1277 32 40 0.02367626 
55 1605 11 14 0.023656981 
896 1408 10 11 0.023653941 
177 1450 18 19 0.023643393 
806 222 9 12 0.02363228 
697 1591 61 63 0.023609096 
750 232 26 30 0.023600003 
166 1566 11 13 0.02355703 
77 1566 11 13 0.023500385 
262 1543 10 12 0.023425773 
1014 1701 8 14 0.023320558 
266 1535 40 51 0.023311898 
833 347 15 18 0.023265708 
593 30 26 30 0.023209935 
997 1701 14 19 0.02311604 
253 1542 9 10 0.023103971 
347 2 49 51 0.023068268 
206 1584 14 16 0.023044568 
696 103 9 11 0.023027876 
267 1569 14 17 0.022948004 
295 1556 11 15 0.022902746 
894 705 11 14 0.022864003 
791 341 13 16 0.022810202 
235 1590 15 18 0.022777632 
984 1655 15 18 0.02277006 
116 1550 12 13 0.022764135 
999 1670 11 13 0.022722702 
105 9 46 52 0.022712836 
28 93 41 54 0.022710882 
936 672 19 21 0.022666944 
293 1544 28 37 0.022657027 
248 1541 10 12 0.022529464 
818 1369 16 18 0.022497134 
859 1389 14 16 0.0224925 
844 1404 15 19 0.022451608 
63 71 30 34 0.02229287 
703 109 11 12 0.022277085 
191 1513 45 49 0.022264449 
809 351 21 27 0.022015987 
846 1389 22 27 0.021954248 
638 475 49 66 0.02189412 
896 1390 12 14 0.02184637 
611 122 23 30 0.021685064 
204 1428 13 15 0.021643888 
1 1615 9 13 0.021497993 
290 283 28 34 0.021470977 
731 195 12 15 0.021443965 
806 323 11 14 0.02127291 
902 247 11 14 0.021231959 
188 1427 30 35 0.021139935 
391 1658 13 15 0.02112127 
860 1420 11 14 0.021069553 
204 1447 17 20 0.021050088 
111 1543 10 11 0.02104824 
135 1593 13 16 0.021022424 
144 44 43 50 0.0210221 
64 118 52 66 0.020999396 
674 -32 216 223 0.020987645 
111 1561 13 17 0.020967636 
102 1588 9 11 0.020855414 
185 174 99 140 0.020832233 
100 1572 12 15 0.020778056 
148 1545 16 19 0.020770004 
85 1636 11 13 0.020748522 
644 143 9 11 0.02059989 
294 239 96 109 0.020575156 
621 158 457 497 0.020554123 
798 253 11 14 0.020511862 
54 1590 10 10 0.020443713 
348 1616 26 29 0.020437254 
113 1582 9 12 0.020430952 
89 1608 8 10 0.020425951 
291 1688 26 31 0.020409448 
647 103 12 14 0.020242304 
860 1414 11 13 0.020159 
159 1563 11 13 0.02015574 
637 99 12 15 0.020144641 
257 22 29 32 0.020070752 
950 1626 11 13 0.020054473 
