51_Dresses_wearingdress_51_451
27
384 213 183 237 0.9997303 
217 683 393 488 0.28305563 
-44 185 455 504 0.1513336 
353 716 224 239 0.13838612 
409 746 107 111 0.13222234 
5 710 105 165 0.08891606 
639 349 373 463 0.0644338 
518 769 59 70 0.052425157 
303 856 242 359 0.04979646 
966 1171 22 29 0.047014322 
485 733 108 119 0.039291095 
535 811 466 449 0.037332952 
396 633 212 224 0.036702152 
609 996 280 278 0.03508134 
534 47 379 467 0.034963217 
520 702 12 14 0.033553053 
430 689 122 148 0.033122733 
244 31 379 494 0.033097424 
524 563 376 489 0.0310608 
989 26 10 13 0.027754085 
494 666 189 289 0.025252001 
543 136 41 45 0.024596881 
-38 293 201 298 0.024097204 
45 202 207 291 0.023806898 
2 532 51 83 0.02226666 
79 12 355 466 0.021860138 
-7 122 104 155 0.021286324 
