51_Dresses_wearingdress_51_306
33
424 151 96 135 0.99988854 
374 22 57 73 0.15113233 
586 738 459 602 0.08932143 
595 39 404 514 0.08120187 
81 340 26 30 0.075991094 
184 333 12 14 0.073157 
156 346 23 27 0.06586085 
86 273 15 19 0.05246959 
82 253 14 20 0.048026264 
1008 71 9 12 0.04333592 
212 353 13 16 0.04152068 
413 43 13 16 0.038911197 
334 591 326 448 0.03591764 
1001 613 10 15 0.035439603 
83 323 27 31 0.03348905 
-2 761 102 160 0.033461876 
449 1071 43 56 0.03333037 
149 370 24 28 0.032939028 
188 338 11 15 0.032139562 
59 227 13 18 0.0310538 
83 265 16 20 0.031050418 
383 12 43 47 0.02485447 
75 340 18 20 0.02402975 
124 344 14 16 0.023576895 
347 188 15 22 0.02202075 
487 616 359 486 0.02165066 
1 1246 11 15 0.021165984 
278 307 11 15 0.02090236 
90 279 14 18 0.020790827 
56 265 12 16 0.020543037 
990 24 13 17 0.020464089 
395 28 35 40 0.02039061 
141 775 11 12 0.020281278 
