61_Street_Battle_streetfight_61_158
46
611 174 85 109 0.9976573 
749 166 27 30 0.99245703 
875 192 31 54 0.99196285 
315 273 23 30 0.7577814 
345 356 49 60 0.37246627 
518 175 14 21 0.23448446 
309 286 24 31 0.17846474 
-17 504 237 259 0.123035125 
374 294 38 45 0.0695297 
858 169 13 17 0.058099333 
312 280 17 20 0.05433134 
1005 658 19 31 0.049559526 
1004 163 21 31 0.049531635 
357 382 35 42 0.04832623 
967 162 31 39 0.04577774 
496 201 29 36 0.0418917 
407 260 398 429 0.040370826 
216 138 9 11 0.03931425 
222 149 12 18 0.039129626 
950 164 28 40 0.03691009 
0 658 41 67 0.036646303 
521 171 24 29 0.03594391 
823 219 31 40 0.035622843 
981 162 15 19 0.03358294 
369 542 26 34 0.0334477 
549 157 40 48 0.03218455 
514 177 12 18 0.029397529 
947 169 16 23 0.028452845 
494 194 15 19 0.027330805 
407 216 15 20 0.027055088 
838 146 14 19 0.026860973 
316 269 36 53 0.026383061 
-39 434 361 427 0.026152147 
500 189 26 32 0.024101222 
332 272 29 45 0.023698952 
567 106 27 35 0.023679677 
992 157 26 35 0.023420462 
814 178 14 16 0.023233764 
597 349 230 269 0.0225957 
955 167 39 53 0.02199455 
742 156 42 52 0.02198487 
394 285 54 70 0.021833649 
801 171 14 17 0.021827549 
208 141 10 12 0.020734567 
497 200 18 23 0.02062188 
827 143 23 29 0.020010382 
