61_Street_Battle_streetfight_61_211
67
272 521 35 48 0.9938949 
978 623 36 47 0.9920581 
36 507 44 56 0.9910858 
173 529 35 45 0.98157537 
833 164 78 156 0.98127705 
880 620 37 48 0.9770173 
126 543 37 51 0.9746752 
322 540 34 43 0.97367 
989 580 34 44 0.9670222 
884 555 28 30 0.96117777 
909 561 35 42 0.9483858 
222 529 28 39 0.93125045 
261 948 131 107 0.71020937 
347 567 33 41 0.6193716 
952 580 22 27 0.58904445 
1010 512 13 25 0.2587319 
339 460 96 122 0.2251183 
406 950 186 183 0.21010575 
254 508 27 29 0.20800658 
285 624 444 489 0.19178808 
619 899 127 123 0.18848597 
901 556 30 37 0.18420324 
201 527 39 48 0.17529573 
753 194 93 117 0.16640922 
958 564 25 31 0.1308804 
960 530 14 17 0.12699214 
261 516 33 43 0.11645606 
293 932 77 75 0.11400259 
155 531 43 52 0.110770695 
114 884 51 52 0.094003394 
509 1233 439 473 0.07984711 
324 436 50 95 0.0794345 
320 526 54 68 0.07255401 
227 851 214 240 0.06955408 
741 218 62 84 0.047633 
955 572 17 22 0.04761319 
785 205 102 137 0.04177829 
577 880 195 233 0.041725416 
928 678 41 53 0.039853208 
403 411 59 80 0.03599669 
491 962 116 140 0.03357395 
186 765 137 149 0.032189123 
743 245 26 36 0.03196095 
89 520 27 34 0.030750928 
876 539 43 51 0.03064118 
334 398 86 120 0.03004631 
873 565 30 33 0.028846176 
871 550 30 34 0.0284104 
526 798 200 259 0.028278243 
299 534 44 56 0.02821887 
307 931 47 40 0.027169466 
175 748 417 423 0.027126187 
466 906 209 220 0.026545905 
272 19 361 464 0.026190355 
99 523 31 40 0.025092425 
493 1362 15 22 0.024953078 
890 683 14 19 0.024559924 
344 435 401 445 0.023894995 
165 763 245 240 0.022904104 
768 262 68 88 0.022620227 
361 415 94 122 0.02256559 
729 550 18 18 0.02182477 
473 1004 90 87 0.02143149 
363 460 129 148 0.020912597 
349 902 188 204 0.020544035 
498 1360 17 21 0.020304903 
659 900 80 72 0.020235952 
