61_Street_Battle_streetfight_61_640
20
694 112 129 175 0.9965321 
663 673 26 31 0.87018585 
625 244 107 119 0.09401709 
406 53 168 266 0.08983136 
679 678 17 22 0.07899277 
643 138 143 187 0.072807476 
612 115 80 125 0.046911728 
633 699 13 16 0.04167253 
696 267 32 34 0.041248996 
601 677 16 19 0.037393063 
283 557 110 142 0.03206489 
668 667 38 44 0.030453835 
540 121 47 63 0.029696139 
302 760 29 38 0.029574042 
457 133 101 126 0.027874125 
546 89 194 242 0.027721075 
614 382 122 138 0.021181721 
308 396 398 467 0.020588456 
685 670 23 31 0.02051703 
369 186 392 490 0.020488933 
