61_Street_Battle_streetfight_61_50
41
453 155 40 51 0.9042303 
509 145 39 58 0.29089832 
195 57 34 42 0.2011796 
864 165 107 142 0.19658273 
713 380 106 135 0.15169114 
100 62 34 37 0.15015271 
406 139 41 57 0.117697485 
893 146 73 97 0.09743773 
418 91 43 61 0.07024646 
823 161 57 91 0.06848011 
924 470 60 61 0.061444964 
219 214 28 34 0.059172306 
831 150 90 131 0.05761222 
84 84 24 33 0.043173887 
262 126 27 34 0.041309543 
194 20 34 39 0.040762592 
306 56 15 20 0.04017037 
405 105 44 66 0.040170193 
245 89 22 25 0.039929505 
533 130 41 55 0.03878539 
294 52 23 29 0.037937753 
95 77 48 55 0.03792964 
524 125 13 15 0.03461728 
852 173 184 237 0.033352725 
188 24 48 59 0.032682106 
958 415 53 63 0.031317238 
374 114 47 73 0.030323999 
436 101 26 37 0.029359205 
79 83 13 19 0.02919989 
445 297 32 36 0.026851235 
23 194 47 57 0.025873747 
273 46 26 33 0.02493898 
158 24 85 111 0.024773018 
397 70 21 28 0.024473598 
417 122 17 18 0.024015341 
941 405 53 58 0.023957012 
86 0 198 247 0.023475466 
172 93 14 17 0.022716843 
181 116 16 19 0.022047995 
90 88 35 35 0.02176604 
720 309 108 113 0.020077853 
