61_Street_Battle_streetfight_61_123
28
196 119 116 156 0.9998394 
777 120 111 184 0.97059333 
815 262 130 168 0.08346061 
796 155 144 206 0.07199115 
30 449 27 29 0.054531217 
567 131 13 15 0.03498586 
570 126 13 17 0.029170608 
554 210 16 21 0.028982682 
564 91 12 16 0.028781895 
579 248 24 30 0.027741814 
557 100 11 14 0.025255363 
874 138 90 147 0.024698075 
555 47 15 19 0.024639009 
857 239 121 149 0.0242806 
542 258 14 19 0.023853386 
591 101 10 13 0.02352204 
558 93 12 15 0.023253117 
605 164 195 276 0.021656878 
646 112 13 17 0.021619022 
606 235 16 19 0.021604374 
563 216 15 18 0.0213638 
576 111 9 12 0.021188835 
560 161 12 15 0.021044876 
589 108 11 13 0.021001935 
582 109 9 12 0.02063027 
583 103 9 11 0.020515261 
597 94 12 14 0.02046364 
581 40 192 241 0.02005494 
