61_Street_Battle_streetfight_61_936
28
832 382 36 42 0.9919045 
129 265 34 44 0.98314244 
497 217 35 52 0.9519675 
671 326 32 37 0.8038689 
705 328 35 33 0.5713719 
970 260 37 45 0.3609532 
846 278 30 31 0.17431179 
956 313 65 92 0.15178807 
195 262 27 36 0.13212094 
484 265 24 29 0.05830289 
361 334 27 30 0.053040776 
380 529 27 33 0.04235683 
546 208 23 35 0.04058 
148 272 31 36 0.037483945 
346 308 39 46 0.032093123 
675 312 51 55 0.030546566 
868 390 22 30 0.029699044 
52 257 14 17 0.02606984 
1006 206 16 20 0.02484302 
987 236 17 19 0.024142345 
355 344 20 22 0.024012338 
958 209 15 17 0.023609811 
995 265 29 37 0.023410028 
120 267 28 37 0.023019427 
867 215 99 116 0.02215674 
672 88 126 194 0.020733349 
964 273 55 78 0.020672984 
190 242 29 38 0.02000726 
