61_Street_Battle_streetfight_61_4
23
810 0 45 39 0.99901545 
388 47 53 81 0.9976591 
680 188 45 42 0.87952244 
791 2 28 25 0.65807235 
854 554 40 50 0.64035636 
638 631 125 105 0.10199859 
75 295 35 43 0.07935875 
868 570 41 44 0.07255854 
184 105 19 23 0.040300105 
947 444 78 135 0.0400257 
678 169 33 49 0.034062408 
664 644 75 61 0.034020957 
330 360 28 31 0.033852834 
0 8 95 124 0.033818647 
1 277 42 47 0.033103846 
184 333 389 441 0.029940818 
699 167 47 53 0.028944742 
0 143 10 21 0.025424346 
53 40 12 16 0.025130093 
399 306 24 27 0.024257308 
768 56 44 57 0.020957097 
645 0 16 14 0.020626064 
755 61 33 46 0.020309122 
