52_Photographers_taketouristphotos_52_536
65
531 218 118 222 0.99611354 
179 140 25 29 0.52681655 
208 533 56 73 0.21365122 
68 452 16 20 0.14763449 
440 11 15 18 0.13416547 
977 421 47 89 0.12274708 
-18 918 362 452 0.12167985 
546 165 108 167 0.10219664 
20 998 236 268 0.09593959 
861 143 38 52 0.083567895 
573 222 157 236 0.07955354 
965 248 60 78 0.07337205 
85 426 13 17 0.065824814 
66 442 18 22 0.063213 
542 3 29 37 0.057524562 
872 190 43 58 0.05655159 
254 314 61 78 0.054315735 
21 359 47 65 0.051246867 
641 166 25 31 0.049474355 
821 590 185 325 0.044379506 
146 551 36 48 0.041884825 
295 -2 64 67 0.039907906 
146 445 19 22 0.036584582 
635 21 12 14 0.0363423 
219 140 52 60 0.036273565 
128 483 14 17 0.03557365 
825 284 145 136 0.034935787 
166 377 47 55 0.034909025 
365 548 227 262 0.034627102 
51 397 26 37 0.03339188 
867 158 18 24 0.032626506 
282 307 53 69 0.031718593 
909 182 43 55 0.031684726 
329 182 41 62 0.029030556 
782 125 11 13 0.028845018 
596 894 370 462 0.02861963 
74 445 16 19 0.028097255 
67 349 16 21 0.02788643 
27 343 87 127 0.027670538 
348 3 16 17 0.02746003 
45 507 32 36 0.027359087 
30 367 31 40 0.027258644 
284 -2 96 119 0.026910119 
840 157 42 58 0.026226163 
740 125 11 14 0.025854612 
343 5 13 13 0.02559086 
531 0 50 55 0.025575267 
1012 239 10 15 0.025539564 
164 396 28 34 0.024844674 
740 187 46 71 0.02447608 
237 282 101 125 0.02339507 
155 151 15 19 0.022847911 
264 -4 54 52 0.022708962 
745 225 46 64 0.0221753 
29 15 88 112 0.021336861 
647 14 14 15 0.020665115 
315 23 93 114 0.020624163 
133 91 16 20 0.02061642 
107 427 17 21 0.020552462 
131 434 28 33 0.020461835 
30 505 31 36 0.020363454 
710 246 10 13 0.020263582 
64 422 24 32 0.020246794 
203 581 54 69 0.02023113 
79 417 21 28 0.020189239 
