52_Photographers_taketouristphotos_52_487
26
628 145 57 62 0.9851199 
942 386 61 59 0.9806709 
-1 340 30 54 0.9046152 
973 227 18 23 0.35194355 
965 212 16 19 0.071575634 
929 381 41 51 0.06408865 
969 315 15 18 0.059786934 
547 47 59 62 0.05943646 
1012 238 11 18 0.044107717 
959 231 26 29 0.04305874 
969 210 24 27 0.03788203 
957 235 15 19 0.035562254 
969 382 45 45 0.033219412 
963 309 16 19 0.030686403 
959 310 28 29 0.02993057 
501 25 108 102 0.02812495 
487 20 73 59 0.028039718 
280 66 26 32 0.027854817 
942 374 42 46 0.02611529 
396 149 55 71 0.024405584 
555 76 51 67 0.024310278 
591 122 52 65 0.023936188 
978 214 14 16 0.02283948 
588 129 35 42 0.022141028 
391 411 12 14 0.021120409 
948 239 27 27 0.020078942 
