52_Photographers_taketouristphotos_52_159
61
586 793 34 46 0.99845195 
441 793 35 46 0.9976376 
289 790 37 46 0.9974311 
746 771 35 48 0.99459547 
321 703 8 9 0.15244716 
302 897 31 38 0.09989248 
339 699 32 33 0.097754486 
305 54 431 542 0.094928466 
251 163 103 122 0.08950557 
179 924 34 38 0.06990577 
309 881 26 32 0.06933795 
455 204 98 101 0.06626669 
766 203 82 96 0.06172949 
456 905 34 40 0.05410029 
743 697 45 57 0.05311982 
171 378 17 24 0.050629698 
785 744 44 56 0.045004424 
325 763 14 17 0.042371098 
766 709 30 43 0.0421812 
295 932 29 31 0.04001052 
751 721 14 16 0.03964081 
510 1008 42 64 0.03885602 
178 907 28 36 0.03863914 
290 893 34 33 0.035032965 
766 753 42 57 0.03360952 
507 925 27 39 0.032026112 
315 702 8 11 0.029889429 
458 883 44 52 0.028882287 
448 759 11 13 0.028869784 
217 918 23 33 0.028623626 
498 743 43 48 0.027948894 
780 695 14 17 0.02758271 
574 218 67 68 0.02747127 
188 231 12 15 0.027185054 
669 893 27 36 0.027106356 
255 851 33 40 0.026277822 
350 987 14 17 0.026205206 
356 738 26 32 0.0260206 
352 705 17 19 0.025392968 
296 911 34 45 0.025183408 
766 669 11 13 0.025086476 
154 217 58 64 0.024899887 
375 751 26 34 0.024733528 
276 892 33 34 0.024040582 
426 887 44 52 0.02397994 
569 862 55 60 0.023960283 
8 1064 7 9 0.02364236 
1012 1006 11 16 0.02244751 
363 752 16 20 0.022269567 
420 755 12 14 0.022031777 
764 716 51 67 0.022010986 
613 765 10 12 0.021786772 
359 750 35 43 0.021707827 
727 706 43 58 0.021466974 
799 701 14 17 0.020929763 
449 762 15 19 0.020865932 
343 709 13 15 0.020835733 
445 563 103 107 0.020724323 
606 761 15 16 0.020571193 
50 1250 34 35 0.020567643 
192 925 40 49 0.020463793 
