52_Photographers_taketouristphotos_52_266
169
607 450 51 83 0.99825376 
322 388 26 34 0.99744886 
460 374 26 39 0.85929817 
348 378 14 19 0.68546927 
243 415 24 38 0.6551847 
231 417 27 37 0.5517725 
620 376 16 23 0.46636114 
683 633 118 131 0.4385492 
278 338 15 19 0.3988255 
376 342 11 14 0.34506223 
374 372 11 16 0.3184635 
446 378 14 19 0.3056568 
406 563 55 77 0.2848792 
451 376 24 33 0.22061317 
308 338 16 22 0.21927665 
90 407 26 54 0.20357743 
397 279 9 12 0.18968149 
407 369 15 18 0.16863994 
380 338 12 16 0.16527306 
812 562 34 41 0.15811582 
409 300 9 13 0.15004647 
423 388 12 16 0.13899712 
583 318 24 28 0.13325404 
125 215 13 15 0.13007194 
413 300 10 13 0.13006453 
281 397 28 35 0.11394288 
389 358 11 14 0.11066995 
352 372 19 25 0.10462022 
413 341 9 11 0.101415165 
181 219 11 14 0.09887799 
379 370 11 16 0.09634725 
184 239 11 15 0.0908635 
571 324 15 19 0.08664898 
453 318 11 14 0.086069584 
532 331 27 29 0.08379298 
160 222 10 12 0.07745187 
310 305 15 18 0.073908396 
176 229 10 13 0.072995484 
365 371 15 19 0.07123752 
305 322 17 21 0.068162344 
164 228 10 13 0.06754708 
180 404 13 17 0.065220326 
589 323 26 32 0.063268974 
557 338 13 16 0.061278783 
609 377 28 37 0.05799943 
597 302 12 15 0.057978988 
404 383 15 20 0.056356594 
129 218 14 17 0.05588993 
102 408 38 48 0.054847192 
447 318 13 16 0.05463281 
301 344 18 21 0.052468035 
453 300 11 14 0.052387733 
541 306 25 29 0.051688716 
791 542 49 66 0.0494411 
492 309 25 28 0.04907661 
116 402 43 50 0.048830133 
407 335 9 11 0.04771236 
634 310 25 29 0.04761463 
152 222 9 11 0.046435602 
382 364 12 17 0.045564666 
212 406 29 38 0.04514183 
565 331 13 18 0.04455343 
327 528 44 55 0.04447162 
433 343 9 12 0.04382117 
148 179 11 13 0.043334045 
414 385 12 18 0.04294585 
439 333 10 11 0.04261766 
388 339 11 13 0.039433036 
225 418 21 28 0.039431106 
613 374 16 21 0.03906775 
352 334 10 12 0.03838203 
450 371 16 25 0.038272087 
177 222 11 14 0.037764825 
273 340 13 17 0.03710585 
471 374 28 38 0.036972478 
335 383 20 27 0.036908958 
315 332 14 20 0.036687966 
466 371 17 25 0.03659904 
370 341 10 15 0.035785567 
579 392 43 50 0.035738956 
613 339 27 30 0.035503656 
421 301 10 13 0.03535699 
835 567 14 23 0.034909133 
385 356 11 15 0.03427064 
398 273 10 13 0.033400234 
264 391 37 47 0.03298725 
392 281 13 15 0.03284442 
342 342 11 15 0.03280651 
379 344 13 17 0.032627303 
594 314 17 21 0.032121014 
177 214 10 13 0.031639658 
179 396 22 30 0.031487726 
177 396 41 56 0.031311695 
131 225 12 16 0.031175388 
455 341 10 12 0.030902954 
349 299 13 14 0.03072617 
357 365 14 18 0.03035795 
356 299 12 14 0.030299108 
550 332 22 26 0.030287925 
278 274 11 13 0.030144595 
198 399 15 22 0.030006396 
491 320 28 31 0.02947934 
307 312 17 21 0.029159268 
553 312 17 21 0.029065745 
231 344 9 12 0.02867825 
158 248 10 12 0.028589018 
459 301 12 16 0.028157 
142 195 9 12 0.027435852 
262 278 9 11 0.027282158 
399 380 12 16 0.02716826 
290 387 25 37 0.027068788 
412 436 25 37 0.026876213 
188 401 12 18 0.026786443 
564 316 13 18 0.02646386 
459 315 11 15 0.026439957 
345 299 11 15 0.026340798 
607 378 16 20 0.026019821 
211 381 15 18 0.025851091 
592 367 43 55 0.02581114 
203 383 41 53 0.025631458 
828 321 13 15 0.025609858 
386 353 18 24 0.025535047 
713 553 88 145 0.02548316 
751 539 54 76 0.025362628 
298 351 22 26 0.02513327 
489 338 23 28 0.024730843 
493 306 17 20 0.024717966 
205 393 25 32 0.02471281 
272 277 10 12 0.024695475 
402 302 10 11 0.024666542 
350 340 12 16 0.024365446 
236 355 10 16 0.02432218 
219 421 31 42 0.024030069 
427 381 13 18 0.02386824 
164 214 10 13 0.023624413 
550 317 24 30 0.023565566 
145 395 39 53 0.02318914 
165 396 27 37 0.023075774 
174 222 19 25 0.023049869 
399 293 10 12 0.02304307 
589 307 17 20 0.023030167 
474 370 17 25 0.02302532 
846 368 10 14 0.023019005 
600 330 16 20 0.022968097 
336 347 11 16 0.022940421 
446 330 11 13 0.022856934 
539 319 19 22 0.022799231 
796 514 48 65 0.022496393 
184 281 13 18 0.022325201 
448 297 11 13 0.022190778 
175 336 26 34 0.022184651 
600 321 16 19 0.022081472 
390 349 12 16 0.021986008 
295 362 24 34 0.021929756 
531 342 17 20 0.021881247 
368 336 9 11 0.021783836 
123 219 22 27 0.021279212 
830 306 12 13 0.021127509 
483 370 14 21 0.020913953 
583 414 32 36 0.020781906 
491 384 16 23 0.020714503 
406 305 11 13 0.020657737 
637 306 18 20 0.020376956 
469 342 12 15 0.02034378 
400 307 12 14 0.020305386 
143 175 12 14 0.020258617 
385 277 8 11 0.020209603 
401 333 9 11 0.020162523 
314 322 14 19 0.02004427 
