52_Photographers_taketouristphotos_52_123
101
740 270 114 129 0.9997259 
221 129 117 150 0.99956185 
644 211 55 100 0.98692733 
957 428 31 34 0.7707667 
984 289 9 11 0.1487055 
140 134 83 129 0.08070941 
943 309 9 12 0.08031959 
904 579 9 13 0.07670205 
951 295 8 10 0.07494358 
899 1096 13 18 0.0736606 
856 282 46 74 0.06875677 
978 866 12 16 0.0670375 
900 557 11 13 0.0654586 
947 890 13 15 0.06248899 
991 311 9 11 0.0615313 
981 60 9 12 0.06119816 
997 155 13 17 0.056568865 
982 359 12 15 0.05451671 
947 123 11 14 0.053957023 
982 316 8 11 0.053811267 
937 304 8 10 0.053688716 
544 655 461 588 0.052221812 
911 579 12 15 0.050835133 
592 199 44 63 0.05059002 
918 580 10 13 0.04835619 
951 288 7 10 0.047788527 
944 438 8 11 0.04586446 
943 360 9 11 0.043759648 
939 995 14 17 0.0430034 
976 312 8 11 0.042539436 
983 311 9 12 0.042269964 
968 437 18 21 0.042204827 
938 308 9 12 0.04204246 
903 358 10 13 0.041939683 
921 309 9 12 0.041417796 
937 980 9 11 0.039726604 
977 316 10 11 0.039632298 
967 295 7 9 0.037033003 
987 362 12 15 0.036099106 
985 224 9 12 0.03461697 
909 334 7 10 0.033941388 
977 287 8 10 0.033758275 
968 309 8 11 0.033354957 
979 920 15 20 0.033101678 
925 912 11 15 0.03281076 
963 554 13 16 0.032507125 
968 288 7 9 0.032222696 
588 294 16 19 0.032181226 
966 360 9 11 0.03209916 
925 904 9 12 0.031616155 
594 290 17 19 0.030796321 
984 597 12 14 0.030399997 
924 518 13 17 0.029756209 
588 286 34 37 0.0297336 
892 599 9 11 0.028964566 
937 295 8 10 0.028522488 
926 287 9 11 0.028123414 
804 284 68 85 0.027634406 
911 318 8 11 0.027373452 
921 288 9 10 0.027103074 
120 882 394 545 0.026899926 
944 295 7 9 0.026854064 
355 259 374 507 0.026102884 
916 990 10 12 0.025169037 
909 228 10 15 0.024940174 
935 288 8 10 0.024502007 
908 524 10 14 0.023778578 
937 359 9 11 0.023717579 
945 338 11 14 0.023410961 
983 298 10 14 0.023386344 
902 416 51 61 0.02313985 
658 217 84 113 0.023135973 
322 1369 35 33 0.023059037 
382 641 354 495 0.023056084 
951 317 9 10 0.02298253 
947 382 28 31 0.022795655 
934 437 10 12 0.02274711 
974 463 14 18 0.022624455 
990 592 9 12 0.022605745 
921 357 10 12 0.02222902 
967 327 8 10 0.022202205 
603 200 19 26 0.022105992 
925 303 8 10 0.021980215 
975 358 13 16 0.021661628 
919 174 11 12 0.02155798 
876 495 10 11 0.02148213 
904 310 8 11 0.021341152 
0 1402 23 40 0.021163544 
945 289 7 9 0.021141743 
961 358 9 11 0.021112476 
171 139 102 132 0.020992912 
976 293 9 10 0.020969847 
921 343 10 13 0.02091773 
922 349 9 13 0.020747298 
959 296 7 9 0.020572321 
823 263 80 119 0.020489816 
920 305 9 10 0.020334177 
975 327 8 10 0.020256996 
958 319 9 10 0.02018837 
903 295 8 10 0.020047927 
977 1115 13 18 0.020020943 
