52_Photographers_taketouristphotos_52_51
108
448 936 35 42 0.9988142 
859 829 16 20 0.30096218 
709 734 11 14 0.266477 
884 756 15 18 0.15931596 
724 723 10 13 0.12527049 
793 716 13 16 0.12230492 
877 705 8 9 0.119674325 
906 733 10 12 0.1182623 
895 704 8 10 0.10808075 
839 871 10 13 0.08607793 
909 742 11 13 0.08546295 
903 704 8 10 0.07502168 
709 718 9 11 0.07154702 
886 720 9 10 0.06783406 
754 712 15 18 0.06569923 
887 725 9 10 0.06354818 
812 739 12 15 0.0625085 
806 726 14 19 0.06067737 
921 702 9 12 0.058845513 
432 1050 14 16 0.058588907 
421 1271 8 9 0.056950502 
909 748 11 14 0.054340955 
920 733 10 13 0.050464086 
890 710 9 10 0.04952638 
873 703 8 11 0.049248654 
905 728 10 12 0.047510564 
893 727 9 11 0.04750056 
863 703 8 11 0.04729301 
765 1288 16 23 0.04671439 
757 872 10 11 0.046609573 
419 1085 10 13 0.04647835 
908 717 9 11 0.045279425 
418 1278 8 12 0.04352403 
911 757 10 12 0.04349202 
732 887 10 13 0.04285731 
710 713 9 12 0.041736994 
750 871 10 12 0.041676633 
885 734 11 12 0.039915763 
861 726 10 13 0.039831825 
761 859 11 13 0.03983084 
417 1284 8 11 0.03953209 
697 726 9 13 0.038321342 
293 1020 12 13 0.03763536 
701 725 11 13 0.036480132 
414 1235 9 12 0.03632029 
820 838 13 16 0.03626762 
527 867 25 32 0.035861302 
905 709 9 10 0.035535555 
880 735 12 14 0.034294434 
783 879 8 10 0.03355423 
919 741 9 12 0.032937706 
449 1262 8 11 0.032769017 
720 880 9 11 0.031475957 
701 751 9 12 0.029681236 
920 727 10 12 0.02953378 
830 751 12 14 0.029485337 
734 726 9 11 0.029232653 
479 1286 8 10 0.029127734 
875 784 13 16 0.028799362 
908 711 9 11 0.028786678 
416 1252 10 13 0.02860773 
873 709 9 11 0.028413292 
735 718 10 12 0.027819358 
430 975 15 20 0.027718896 
893 733 9 11 0.027580818 
317 42 10 12 0.027340071 
416 1246 8 11 0.027311811 
806 730 23 26 0.02722015 
846 852 12 16 0.027180402 
714 901 13 16 0.026790135 
742 710 10 12 0.026438577 
837 704 10 11 0.026381997 
438 0 16 12 0.02622258 
708 726 12 14 0.02616749 
294 900 12 17 0.02609498 
744 886 9 12 0.026079481 
893 742 10 11 0.02579615 
422 1284 8 11 0.025637966 
855 724 11 15 0.025507618 
744 870 12 14 0.025453921 
822 791 13 14 0.025403824 
454 1052 10 13 0.024686 
812 747 11 14 0.024240563 
877 722 11 13 0.024104107 
705 740 10 12 0.023849595 
742 727 10 11 0.023555461 
443 667 123 139 0.02348869 
705 713 8 11 0.02248155 
486 728 10 12 0.022479393 
770 1297 15 20 0.022431752 
462 1272 8 10 0.022156933 
855 878 9 11 0.02209414 
278 69 10 12 0.0220898 
502 1063 8 10 0.021521097 
738 710 9 11 0.021198748 
861 871 10 11 0.020986713 
741 732 12 14 0.020941773 
154 -6 60 63 0.020930957 
801 850 15 18 0.020779744 
750 724 12 14 0.020704564 
863 708 9 11 0.02066367 
441 1049 15 18 0.020646462 
863 720 8 11 0.020617768 
416 1120 10 11 0.020432333 
449 1253 9 12 0.020337604 
530 1053 14 16 0.020104336 
901 917 10 12 0.020072933 
918 750 10 14 0.02003471 
