52_Photographers_taketouristphotos_52_328
677
240 140 149 198 0.99829584 
899 651 12 15 0.28364068 
902 605 16 18 0.2656873 
819 575 14 18 0.22354019 
989 621 12 15 0.21156237 
607 475 10 13 0.19783707 
920 524 12 14 0.17168733 
910 697 15 17 0.16591023 
703 470 9 10 0.16375576 
970 526 10 11 0.1500225 
781 470 8 10 0.146875 
885 619 12 14 0.14298612 
659 518 12 15 0.14175442 
923 605 13 16 0.1407433 
30 680 16 21 0.13833077 
687 494 9 12 0.13694692 
962 638 12 15 0.13258302 
744 495 9 12 0.12991212 
703 495 10 11 0.12561555 
980 643 13 15 0.122718036 
689 464 7 9 0.12187324 
749 495 9 11 0.118441746 
725 657 12 14 0.11834585 
679 478 9 11 0.10908124 
903 562 14 15 0.10817667 
941 584 13 17 0.106311075 
927 729 13 18 0.105449595 
909 464 9 11 0.1050297 
885 572 11 14 0.1048509 
967 619 13 15 0.09840101 
916 549 13 14 0.09815852 
941 596 14 15 0.0959878 
1 667 17 20 0.09526731 
655 480 9 10 0.095037624 
781 656 15 18 0.09362947 
719 511 11 14 0.09158431 
812 608 13 15 0.08993696 
907 588 12 13 0.089565426 
765 520 11 12 0.089449234 
692 507 10 12 0.08930777 
965 666 11 14 0.0875096 
701 520 10 12 0.08691399 
785 650 15 18 0.08623803 
740 522 13 14 0.086117744 
894 645 13 16 0.08551767 
672 507 10 13 0.082007386 
779 547 13 15 0.08147696 
799 663 14 18 0.08060858 
679 503 9 11 0.07958072 
924 519 11 13 0.07812369 
903 597 15 16 0.07742835 
769 502 9 11 0.07709851 
671 494 9 11 0.07665187 
678 472 9 11 0.076216385 
721 456 9 10 0.076110914 
939 532 12 13 0.07575776 
648 496 8 11 0.0755693 
509 564 13 15 0.075379975 
791 508 10 11 0.07451475 
760 432 8 10 0.07380108 
734 564 10 12 0.07350913 
939 561 14 15 0.07294192 
1000 547 11 13 0.07232647 
661 447 8 10 0.07132461 
687 501 11 14 0.07046993 
711 446 8 10 0.07021571 
734 492 11 13 0.069743305 
772 596 11 13 0.06973155 
624 456 8 11 0.06967634 
985 627 13 16 0.06941794 
884 636 15 19 0.06870462 
623 479 12 14 0.06848676 
698 432 8 9 0.06775328 
751 595 13 16 0.06682198 
818 470 7 10 0.066591114 
990 716 8 11 0.06651709 
991 655 12 15 0.06641608 
627 483 12 14 0.06641185 
631 456 9 11 0.06357445 
778 464 8 10 0.06337472 
759 487 9 11 0.06334212 
806 611 13 14 0.0632319 
977 573 16 17 0.06318938 
920 610 13 17 0.06303679 
783 635 15 17 0.06265091 
881 432 7 9 0.062302563 
658 454 8 10 0.06226998 
816 463 8 10 0.0621657 
753 486 8 11 0.062137797 
761 470 9 10 0.061565164 
768 494 9 11 0.06113389 
491 612 13 15 0.06072575 
592 461 10 12 0.06052842 
590 469 9 11 0.060506914 
742 471 9 10 0.060442086 
760 519 11 13 0.06015447 
678 453 9 10 0.05990328 
764 541 10 13 0.059879314 
990 614 11 15 0.05967131 
960 536 9 12 0.059112925 
943 500 11 12 0.0585291 
852 618 14 17 0.05839435 
861 621 10 14 0.057847705 
733 487 11 13 0.057297554 
756 571 12 14 0.05657288 
572 501 13 15 0.05609069 
935 511 9 11 0.05603322 
768 454 9 11 0.055624828 
750 572 13 15 0.0553302 
673 470 9 11 0.0552066 
568 500 10 12 0.055182204 
793 465 8 10 0.055084813 
896 415 8 10 0.055061318 
858 588 14 16 0.054845233 
786 644 15 17 0.054841585 
694 495 9 11 0.05474748 
793 487 8 9 0.0547214 
794 494 8 11 0.054429747 
648 518 11 15 0.054367047 
761 465 8 9 0.054159217 
696 470 8 10 0.05387623 
704 499 10 12 0.05360964 
602 471 9 11 0.053467736 
941 528 11 12 0.053381424 
708 470 9 11 0.05334211 
15 642 11 14 0.053096876 
909 582 13 15 0.052018046 
662 463 9 11 0.05178704 
680 494 9 11 0.05170618 
516 564 13 15 0.05158459 
734 509 11 12 0.05143409 
951 518 11 12 0.051355336 
571 495 11 13 0.050875567 
966 533 11 12 0.05075997 
728 470 9 11 0.050355356 
636 519 13 16 0.05030682 
943 684 13 14 0.050246157 
537 654 16 21 0.05012842 
690 628 14 16 0.049961675 
632 511 9 11 0.049659375 
696 524 10 11 0.049551655 
687 469 8 10 0.04932953 
785 455 8 9 0.049124733 
872 594 13 16 0.04910745 
606 504 10 11 0.049079005 
779 666 15 18 0.049047314 
776 544 12 13 0.049028907 
935 582 13 16 0.0490125 
719 658 11 14 0.048935372 
65 667 15 17 0.04880846 
736 518 12 15 0.048808265 
601 476 10 12 0.048664432 
829 591 14 18 0.04856865 
909 448 9 10 0.048484042 
783 502 9 12 0.04799186 
648 508 11 14 0.047643814 
971 476 11 13 0.046938337 
681 485 9 11 0.046918787 
839 479 10 13 0.046693712 
792 502 10 13 0.0466923 
896 438 8 10 0.046664428 
816 478 10 11 0.046599574 
782 464 8 10 0.04658915 
685 488 9 10 0.04618651 
597 520 11 13 0.046181265 
964 540 12 13 0.046166454 
582 486 9 11 0.0461321 
22 706 13 17 0.045877423 
711 478 8 10 0.045853864 
896 612 12 16 0.04572003 
953 541 9 13 0.04560995 
734 431 8 9 0.045442432 
662 495 10 11 0.04536144 
661 480 8 10 0.04526976 
507 570 15 17 0.045267638 
639 485 10 11 0.04526634 
991 531 11 13 0.045260552 
645 460 9 11 0.045045193 
964 570 13 15 0.04498034 
750 525 9 12 0.04486105 
594 438 8 10 0.04482852 
760 533 11 13 0.044822276 
735 470 8 10 0.044819154 
712 440 8 11 0.044740073 
1012 714 10 16 0.044738974 
928 438 9 10 0.04463355 
760 620 11 13 0.044630013 
907 556 14 16 0.04460967 
752 479 8 10 0.04445543 
875 635 16 21 0.04438746 
676 527 13 15 0.044329073 
623 439 8 10 0.044188984 
766 565 12 15 0.04418082 
654 502 9 11 0.044123262 
487 625 14 18 0.043932784 
989 527 11 13 0.043813255 
728 439 9 10 0.0437943 
891 677 14 17 0.043449167 
639 460 10 12 0.04294148 
710 501 8 11 0.042850222 
611 477 10 13 0.042734694 
671 488 9 11 0.04262408 
720 494 9 11 0.042565547 
615 454 8 11 0.042555463 
934 630 12 15 0.042453542 
968 431 7 9 0.042369414 
739 532 13 16 0.042347375 
905 467 9 11 0.042125408 
937 539 11 14 0.042038858 
766 488 9 11 0.041926116 
791 556 12 15 0.04190176 
807 455 7 9 0.041898258 
674 453 8 10 0.041897167 
887 567 12 14 0.041827872 
36 721 16 20 0.041492015 
697 454 8 10 0.041402172 
828 621 12 14 0.0413356 
672 464 8 9 0.041197132 
860 580 13 15 0.04103173 
785 507 9 13 0.041019063 
821 478 10 11 0.040979274 
545 616 14 17 0.040678285 
875 589 13 15 0.040505715 
863 557 12 15 0.04049664 
694 463 8 11 0.040361006 
928 432 9 10 0.040329304 
914 415 8 9 0.04029721 
870 439 8 9 0.03993425 
696 477 8 11 0.0399155 
999 707 11 16 0.039745238 
674 447 8 10 0.039571136 
918 415 9 11 0.03952509 
727 445 9 11 0.03924724 
608 507 11 14 0.03906995 
627 681 15 18 0.038824804 
796 509 10 11 0.03877641 
948 582 11 14 0.038767066 
646 455 9 11 0.038684316 
765 621 13 15 0.038682636 
724 514 11 14 0.03863618 
605 495 9 11 0.03861186 
883 626 15 19 0.03857401 
758 479 9 11 0.038217217 
1006 526 10 12 0.03783584 
671 533 10 13 0.037824593 
782 494 8 10 0.037823655 
661 532 12 15 0.037820432 
935 423 8 10 0.03767603 
27 652 13 15 0.037468024 
884 738 14 15 0.037438594 
685 479 9 10 0.03737484 
750 500 9 12 0.03730364 
973 565 14 16 0.037284605 
684 667 13 15 0.03727349 
624 686 12 15 0.037133407 
639 469 9 12 0.037070844 
959 661 13 15 0.037059758 
900 525 11 13 0.036942247 
727 462 9 11 0.03680223 
847 519 10 12 0.036689606 
628 501 10 11 0.036687225 
981 635 15 18 0.03654794 
877 603 14 16 0.036492977 
848 439 8 9 0.036349945 
703 454 8 10 0.036305327 
990 595 12 15 0.036183435 
735 464 9 10 0.036148723 
567 439 9 11 0.03608258 
803 570 14 19 0.03590728 
679 463 8 10 0.03586991 
751 446 8 10 0.03571352 
935 516 9 11 0.035713285 
637 510 11 13 0.03569345 
783 525 11 13 0.035679303 
753 589 15 18 0.03556299 
846 612 13 14 0.03555846 
819 514 13 17 0.03553554 
772 621 12 14 0.03545932 
852 603 14 16 0.035419215 
731 589 12 15 0.035337463 
727 493 9 12 0.035232883 
773 501 10 12 0.03500823 
893 564 12 14 0.034918744 
833 470 9 12 0.03491524 
972 519 10 12 0.03487997 
869 664 15 20 0.034808055 
882 438 7 9 0.034745373 
924 619 13 15 0.03468068 
831 463 8 9 0.034614258 
673 432 7 8 0.03461181 
949 495 9 10 0.034529626 
639 478 10 13 0.03435263 
704 476 9 11 0.03417198 
800 455 7 10 0.034131978 
648 485 8 11 0.034067255 
855 594 15 17 0.033928007 
678 432 8 8 0.033898976 
951 667 12 15 0.03375952 
663 469 8 10 0.0337503 
929 446 9 11 0.033542648 
870 633 14 20 0.033529114 
628 493 11 13 0.033349838 
941 509 10 12 0.033333775 
798 534 11 14 0.033309735 
758 504 9 11 0.03320623 
844 580 11 15 0.03314466 
769 448 9 11 0.033125523 
528 642 13 15 0.03307822 
848 523 11 13 0.032952867 
714 614 12 14 0.032831762 
735 446 9 11 0.032773986 
697 437 9 11 0.03270155 
744 596 12 14 0.03267003 
830 440 8 9 0.032657616 
675 637 13 15 0.032622565 
590 478 9 12 0.032558773 
591 455 10 12 0.032534048 
903 584 11 14 0.03252156 
765 589 12 15 0.032472104 
609 455 8 11 0.032471113 
951 626 10 13 0.032372776 
959 595 13 15 0.032281455 
696 448 8 9 0.032219533 
656 462 9 11 0.032087136 
951 414 8 9 0.032085296 
943 462 11 13 0.031967543 
565 472 8 10 0.03194775 
788 550 12 15 0.031907808 
934 493 10 12 0.031850748 
843 657 16 19 0.031813957 
799 469 8 10 0.031762414 
902 432 8 9 0.03174353 
582 491 10 13 0.031667467 
997 611 13 15 0.03160261 
595 541 15 18 0.031502407 
822 463 10 10 0.031444658 
798 517 10 12 0.0313187 
597 461 9 11 0.031311326 
963 678 12 14 0.031263053 
591 518 11 14 0.03125395 
929 487 9 11 0.031231876 
790 619 11 14 0.03111084 
939 547 14 15 0.03110357 
710 516 11 14 0.031085396 
654 495 9 11 0.03100407 
841 430 8 9 0.030998623 
896 433 8 10 0.030925745 
999 595 13 17 0.030912586 
797 463 8 11 0.030884475 
982 610 13 15 0.030862136 
735 454 9 10 0.030814487 
670 515 11 14 0.030741459 
980 565 12 15 0.030691927 
614 485 9 12 0.030636197 
920 406 9 9 0.030582616 
526 609 12 15 0.030562852 
748 541 11 15 0.030537864 
576 462 8 9 0.030481812 
711 510 11 13 0.030439183 
744 476 9 10 0.030402714 
915 564 13 15 0.030366978 
796 715 12 15 0.03034148 
743 447 8 9 0.030323789 
878 610 14 17 0.030292101 
757 614 13 14 0.030166589 
774 447 8 10 0.030164745 
744 423 8 10 0.030130407 
1002 540 13 16 0.030090157 
727 487 10 12 0.03005054 
905 571 10 12 0.03002113 
845 606 12 14 0.030016625 
808 463 8 10 0.02998418 
751 439 8 10 0.029853808 
887 447 8 10 0.029790731 
525 564 16 19 0.029782701 
838 581 12 15 0.029770106 
964 626 14 17 0.029678946 
748 548 11 14 0.02966955 
925 554 12 15 0.029630162 
950 524 10 12 0.029629996 
831 613 12 14 0.029568445 
981 660 13 15 0.029565696 
919 618 12 15 0.029554663 
885 432 8 9 0.029515706 
912 492 10 12 0.029443756 
718 478 8 10 0.029429339 
655 522 12 13 0.029397806 
766 463 8 10 0.029351931 
940 572 14 16 0.029344609 
935 439 8 10 0.029318541 
821 471 9 11 0.029309029 
823 456 8 10 0.029177625 
846 563 12 16 0.02916286 
991 557 10 13 0.029103057 
916 579 13 15 0.029089566 
901 415 8 10 0.029070342 
645 470 10 11 0.028924646 
951 486 9 11 0.028858688 
895 556 12 15 0.028843874 
824 572 15 18 0.028825426 
646 479 10 12 0.028810473 
825 446 8 10 0.028776646 
608 483 9 12 0.028721707 
655 470 9 11 0.028670939 
709 659 11 15 0.028563477 
860 614 12 15 0.0285257 
800 439 8 9 0.028417516 
913 423 8 8 0.028354997 
896 420 9 10 0.028274773 
641 500 9 12 0.028238082 
687 424 8 9 0.02818723 
826 439 8 10 0.028180776 
972 531 10 12 0.028179929 
492 675 11 14 0.028104821 
911 502 10 13 0.028076272 
793 480 9 10 0.027961519 
855 475 10 11 0.02794713 
782 486 9 12 0.02793912 
841 424 8 10 0.027909137 
935 447 9 9 0.027848927 
783 606 12 14 0.027755676 
926 582 11 14 0.027728759 
742 653 10 13 0.027500995 
723 669 13 16 0.027406089 
686 447 8 10 0.02740138 
979 651 14 16 0.027281068 
901 530 11 14 0.027278375 
899 615 14 18 0.027219936 
972 612 13 15 0.027152285 
848 432 7 9 0.027135728 
714 431 8 9 0.027100137 
765 432 9 10 0.027051587 
918 658 16 18 0.026967572 
676 664 16 20 0.026953358 
617 733 24 29 0.026905268 
490 619 15 19 0.026850123 
608 430 8 10 0.02684478 
807 448 8 9 0.026843665 
855 432 8 9 0.026835 
674 439 7 9 0.026819378 
788 577 14 18 0.026785178 
942 456 10 11 0.026741767 
936 527 10 12 0.026711285 
836 612 13 15 0.026678966 
667 628 16 19 0.026653726 
886 439 9 10 0.026637694 
599 486 10 11 0.026630696 
909 572 13 14 0.026604714 
772 518 10 12 0.026583211 
915 573 13 15 0.026543668 
839 455 8 10 0.026500849 
674 477 8 11 0.026463686 
846 571 12 14 0.026462201 
918 422 7 8 0.026408069 
921 401 8 9 0.026398767 
980 587 14 16 0.026369292 
780 477 10 11 0.026361417 
920 456 8 10 0.026295673 
676 517 12 14 0.02625034 
897 409 8 10 0.026232477 
894 655 15 19 0.02617906 
974 439 9 11 0.026154915 
720 487 9 11 0.026126292 
896 586 11 15 0.026122373 
760 492 9 11 0.026065249 
798 626 14 17 0.026035028 
927 454 8 10 0.026030228 
774 494 9 11 0.02595257 
798 619 13 14 0.02588708 
703 488 10 11 0.025829125 
900 517 11 13 0.025754863 
648 447 8 10 0.025747806 
984 531 10 14 0.025745593 
923 530 12 14 0.025725907 
562 502 9 10 0.025718935 
929 492 10 12 0.025660217 
702 439 9 10 0.025651094 
559 476 9 11 0.025648188 
952 534 9 12 0.025635952 
934 431 8 9 0.025556972 
793 430 9 10 0.025502944 
662 486 9 11 0.025491469 
899 548 13 15 0.025451265 
1013 662 10 14 0.025417868 
939 628 13 16 0.02537222 
973 542 10 13 0.025265062 
795 636 13 15 0.02526465 
952 440 9 9 0.02521448 
790 533 12 14 0.025212104 
614 492 10 12 0.025205905 
864 432 7 9 0.025181668 
1014 612 10 13 0.025164954 
960 682 12 14 0.025163576 
935 639 15 20 0.0251295 
552 478 10 12 0.025104899 
806 479 9 11 0.025066564 
756 581 13 15 0.02503453 
830 657 15 17 0.024957236 
709 463 9 11 0.024943294 
718 532 12 16 0.024879958 
920 462 8 11 0.024806252 
998 603 15 18 0.024782997 
608 446 9 11 0.024753323 
927 509 11 13 0.024714166 
740 565 10 13 0.024707973 
836 588 14 17 0.024637539 
809 501 9 12 0.024599468 
863 455 9 11 0.024527036 
631 470 10 11 0.024514934 
686 525 10 12 0.024505332 
780 618 13 15 0.024484487 
767 437 8 10 0.02447585 
486 605 14 17 0.024458932 
996 659 10 14 0.02440937 
672 525 10 14 0.024292639 
733 596 11 12 0.024289655 
909 543 13 15 0.024282536 
892 487 10 12 0.024234895 
885 556 11 14 0.024194058 
744 602 12 15 0.024191368 
867 620 13 16 0.024154201 
648 439 8 9 0.02413174 
942 517 10 12 0.023971718 
638 446 9 10 0.02393442 
990 563 10 13 0.023908647 
831 445 8 10 0.023902375 
632 446 9 10 0.023856336 
701 578 14 15 0.02385026 
764 580 13 16 0.023839775 
765 547 11 14 0.02380327 
837 471 10 12 0.023799298 
781 552 13 17 0.023796316 
23 681 14 19 0.02375758 
51 599 17 17 0.023749912 
577 531 13 15 0.023732737 
742 463 8 11 0.023689266 
710 485 9 11 0.023679692 
397 279 77 58 0.023635622 
751 453 9 10 0.023617111 
959 572 12 14 0.02361273 
592 446 9 11 0.02360855 
909 509 10 12 0.023539668 
27 708 22 26 0.023514938 
702 509 11 13 0.023512468 
648 423 8 10 0.023473378 
858 601 14 18 0.023429621 
662 502 9 11 0.023413228 
816 456 7 9 0.023392731 
881 557 10 12 0.023386035 
933 622 11 14 0.02330532 
623 445 9 11 0.023274824 
2 620 13 17 0.023274237 
525 636 14 16 0.023270272 
683 641 13 16 0.02325531 
575 548 13 16 0.023231974 
863 635 12 19 0.023195524 
733 439 9 10 0.023132294 
675 617 14 17 0.023080198 
580 508 12 14 0.023079956 
743 573 12 16 0.023073137 
621 510 10 11 0.023069639 
799 479 10 11 0.023044368 
1016 502 8 13 0.023039216 
752 620 10 12 0.022969117 
709 495 9 11 0.022959521 
866 672 16 19 0.022927433 
818 605 13 16 0.022911781 
927 416 8 9 0.022909664 
968 511 9 11 0.022908468 
804 565 12 15 0.022902422 
832 392 8 9 0.022844788 
891 691 14 17 0.02284433 
927 627 13 15 0.02278303 
725 646 14 17 0.022771513 
782 531 13 14 0.022739016 
855 439 8 8 0.022704158 
575 613 10 13 0.022667907 
527 463 10 11 0.02265464 
649 431 8 9 0.022591442 
606 516 10 13 0.02255806 
823 626 12 15 0.02254673 
704 447 8 9 0.022503674 
334 227 131 128 0.022480806 
596 534 14 17 0.022441965 
598 502 10 11 0.02242705 
733 675 12 14 0.022410048 
687 518 9 12 0.022409191 
687 539 12 14 0.02239853 
783 449 8 9 0.02238446 
953 445 9 10 0.022339206 
752 432 8 10 0.022337753 
720 471 8 11 0.022333497 
734 478 10 11 0.022281813 
922 549 12 15 0.022274027 
726 581 12 16 0.022265062 
783 518 11 13 0.022221776 
607 406 8 10 0.022219915 
699 634 14 18 0.022218738 
832 456 8 9 0.022034002 
598 456 8 11 0.022007622 
930 423 8 8 0.022005385 
731 549 13 15 0.022003148 
615 430 8 10 0.021996858 
873 400 8 8 0.021890586 
965 605 11 14 0.02183244 
584 461 8 10 0.021816267 
687 617 13 18 0.021813279 
894 617 12 16 0.021796793 
815 431 8 9 0.021777738 
984 519 9 11 0.02176245 
678 439 8 9 0.021736544 
663 423 8 10 0.021722535 
870 423 8 10 0.021713154 
871 432 7 9 0.021648904 
975 660 13 17 0.021632764 
887 398 8 10 0.021598632 
961 422 9 10 0.02158558 
959 446 8 10 0.02154642 
647 547 12 14 0.021544706 
806 440 8 9 0.021536268 
840 438 8 10 0.021518586 
975 606 11 15 0.021512972 
857 447 8 9 0.021472873 
987 643 14 16 0.02145821 
949 463 8 11 0.021447977 
790 539 13 15 0.021392537 
567 488 10 12 0.021389818 
946 727 15 18 0.021197855 
983 429 8 10 0.02117161 
591 486 9 10 0.021159178 
770 570 12 15 0.021137178 
711 454 9 10 0.021133773 
662 440 8 10 0.021119997 
833 478 9 11 0.021118311 
815 439 8 10 0.021105412 
992 551 11 13 0.021087047 
740 508 12 14 0.02106607 
809 422 8 10 0.021021266 
835 536 15 17 0.021001583 
735 500 11 13 0.02098323 
561 494 9 12 0.020964174 
592 432 10 11 0.020960271 
823 643 11 16 0.020942854 
880 616 22 24 0.020929674 
815 720 13 16 0.020929478 
568 506 12 14 0.0209093 
745 441 8 9 0.020882832 
759 627 13 16 0.020862097 
1003 557 13 15 0.020834757 
616 439 8 9 0.020813515 
579 615 12 14 0.020782048 
983 717 13 14 0.02077242 
992 512 8 10 0.020718396 
719 503 10 11 0.020602321 
789 662 20 24 0.0206012 
615 448 8 10 0.020566117 
831 416 7 9 0.020534884 
718 431 9 10 0.020492245 
751 398 8 10 0.020491138 
772 533 11 13 0.020429261 
986 619 21 24 0.020383777 
958 620 12 16 0.020342158 
577 455 7 10 0.02029548 
574 487 10 12 0.02028826 
900 542 12 14 0.020244304 
825 416 8 8 0.02020722 
928 503 10 12 0.02018424 
962 588 13 16 0.02017817 
983 454 9 10 0.02015588 
668 603 14 16 0.02013319 
750 472 8 10 0.020121131 
957 509 11 14 0.02010538 
922 652 14 18 0.020097375 
869 571 12 15 0.020073514 
584 454 8 11 0.020027699 
765 508 13 14 0.02001439 
608 439 8 10 0.02000425 
