52_Photographers_photographertakingphoto_52_428
41
499 305 131 113 0.9864421 
632 266 78 114 0.61761034 
555 284 115 125 0.27862585 
987 283 12 15 0.22830546 
999 223 9 11 0.14979696 
961 283 9 12 0.14191394 
926 239 10 12 0.119509496 
972 247 10 12 0.103225805 
985 264 9 11 0.076317236 
1001 260 11 13 0.07595497 
985 280 10 13 0.06710294 
932 244 9 11 0.054126084 
1002 239 8 11 0.052839216 
949 223 9 12 0.05214135 
994 222 8 9 0.052043386 
1004 278 9 11 0.044010345 
926 254 9 10 0.043421857 
1001 245 9 10 0.04175018 
988 266 11 13 0.036412653 
912 251 8 11 0.03584077 
1004 255 10 13 0.03473257 
1005 228 10 11 0.034484066 
938 262 8 10 0.03353028 
970 264 8 10 0.033494573 
643 9 25 40 0.03347513 
967 294 8 10 0.03237533 
999 279 10 12 0.032180198 
998 284 10 13 0.03100248 
964 279 9 12 0.029985515 
960 272 8 10 0.02967288 
1015 243 9 13 0.027558882 
935 255 8 10 0.027027166 
943 280 9 11 0.026739324 
976 182 10 11 0.024964722 
1005 244 9 11 0.024181336 
974 269 9 11 0.023600997 
966 240 8 10 0.02323272 
999 266 11 13 0.022599755 
953 263 7 9 0.022347832 
983 232 8 10 0.022226168 
1014 221 9 12 0.021509035 
