52_Photographers_photographertakingphoto_52_96
51
180 337 18 23 0.88368946 
112 364 14 16 0.23988593 
218 334 9 12 0.12053869 
174 325 11 13 0.06987808 
233 344 9 11 0.061902095 
216 350 9 11 0.06048478 
440 593 7 9 0.055617988 
318 585 10 11 0.05469668 
355 749 10 13 0.046546437 
447 632 6 9 0.044360083 
110 358 24 28 0.040372938 
470 599 7 9 0.037966046 
391 438 52 72 0.03559959 
249 574 9 12 0.035470065 
433 592 7 9 0.033438377 
482 606 7 9 0.031017276 
181 350 15 19 0.030054934 
221 403 11 13 0.029925456 
431 583 7 9 0.029051207 
447 592 7 9 0.028086148 
196 389 11 13 0.027473858 
191 405 11 13 0.027133984 
171 389 14 18 0.026950575 
173 333 16 20 0.02649305 
449 616 8 9 0.025942953 
347 604 12 13 0.025808964 
401 584 7 8 0.025564514 
425 592 7 9 0.025454925 
463 616 8 10 0.025339365 
218 339 10 13 0.024907116 
353 639 8 10 0.024673369 
448 584 7 9 0.024041366 
189 388 12 13 0.023868248 
415 607 7 9 0.023745583 
455 592 7 8 0.023714634 
311 638 11 13 0.02235522 
456 598 7 8 0.02207724 
231 337 8 10 0.021720422 
172 382 14 17 0.021556117 
24 333 10 13 0.021484395 
241 631 8 9 0.020927025 
487 606 7 9 0.02075589 
168 339 14 18 0.020745065 
578 352 24 28 0.02046586 
160 348 11 15 0.020447446 
488 600 7 8 0.020386845 
400 623 8 8 0.020304259 
469 591 7 9 0.020193795 
198 405 9 13 0.020151738 
471 618 8 10 0.020118732 
256 616 7 9 0.020055981 
