52_Photographers_photographertakingphoto_52_506
306
437 299 43 62 0.99297297 
966 321 8 10 0.20876327 
142 443 10 13 0.19199447 
124 422 11 13 0.17485657 
21 375 10 12 0.15163848 
166 448 7 9 0.12138864 
153 462 10 12 0.12099829 
960 304 7 9 0.11028402 
557 307 10 14 0.10361728 
70 368 8 10 0.09539183 
198 356 9 12 0.093887515 
1001 312 7 9 0.09206126 
208 411 9 12 0.08681529 
1000 318 7 9 0.08584221 
991 349 8 10 0.08320429 
982 311 7 9 0.07914097 
121 356 10 12 0.07895654 
30 357 8 11 0.07751193 
1013 342 8 12 0.075206436 
1013 616 9 13 0.07376133 
752 351 7 8 0.07220447 
282 543 8 10 0.07091934 
18 379 10 12 0.07023688 
720 316 8 9 0.067556724 
2 383 9 12 0.06597997 
404 308 35 49 0.065964974 
5 360 9 11 0.06257328 
104 365 9 11 0.06219313 
982 269 8 10 0.058545217 
942 305 8 9 0.05832401 
236 405 11 13 0.05685314 
1006 303 7 10 0.056751616 
1000 342 7 9 0.05611929 
712 296 7 8 0.056077916 
1005 311 7 9 0.055440605 
14 313 9 10 0.05436326 
526 312 9 12 0.053329784 
95 345 7 9 0.052329708 
119 375 8 10 0.052292265 
41 368 9 11 0.051438447 
983 359 8 10 0.05140168 
688 303 8 9 0.05105626 
1001 288 8 10 0.050765775 
671 301 7 10 0.05040184 
105 359 8 10 0.05039396 
823 313 7 8 0.050272897 
954 294 9 10 0.050149076 
137 376 9 10 0.05012093 
124 353 10 11 0.04951619 
164 431 9 10 0.04945225 
999 335 7 9 0.047698412 
655 368 11 14 0.047657553 
605 333 9 11 0.047362342 
655 343 7 9 0.047143828 
54 382 8 10 0.046342958 
96 350 8 9 0.046296615 
200 485 12 14 0.046169568 
639 580 12 13 0.045690984 
55 344 7 7 0.04568426 
142 375 9 10 0.045028694 
93 454 9 12 0.04467523 
168 403 10 12 0.044590537 
982 319 7 9 0.044554222 
81 319 8 9 0.044471923 
994 320 7 9 0.044350147 
101 429 8 11 0.044141777 
1006 287 8 10 0.043969944 
65 372 7 9 0.043284513 
993 327 7 8 0.043107558 
110 366 9 11 0.042918596 
4 388 9 12 0.042830836 
975 344 8 11 0.04261511 
1014 336 7 10 0.04260048 
897 328 8 10 0.04256127 
141 367 10 11 0.042304493 
681 534 9 11 0.04194336 
985 294 7 10 0.0415685 
172 400 10 12 0.04079945 
1008 343 9 10 0.040610127 
189 406 10 12 0.04009356 
978 310 8 10 0.04008667 
993 334 8 9 0.04006577 
830 327 7 9 0.039999265 
983 326 7 9 0.03963312 
181 455 11 14 0.03945461 
999 326 7 10 0.039390814 
93 310 9 10 0.039000235 
167 415 8 11 0.03883726 
960 344 8 10 0.038536042 
69 309 9 11 0.038166333 
937 348 9 10 0.038095925 
559 286 8 10 0.03789834 
942 309 9 11 0.037191063 
998 270 8 10 0.03712735 
200 423 9 11 0.03708453 
682 312 7 9 0.03684895 
704 312 7 8 0.036664058 
998 368 8 10 0.0362555 
1009 615 9 13 0.0362303 
89 452 9 12 0.036199495 
1000 373 8 10 0.035502218 
688 358 9 11 0.035457063 
0 406 8 12 0.03545322 
1006 317 7 10 0.035237435 
0 376 9 11 0.034957875 
993 368 7 10 0.03484481 
813 549 10 11 0.034541767 
672 296 8 10 0.03421364 
104 328 7 9 0.034194566 
55 359 8 8 0.034146756 
89 335 7 8 0.034146402 
103 373 8 11 0.034112092 
110 342 8 10 0.03402589 
952 319 8 10 0.033627544 
992 384 6 8 0.033541508 
73 396 9 11 0.033512853 
943 350 7 9 0.03329137 
817 649 8 11 0.033158533 
194 535 11 14 0.032807957 
109 360 8 10 0.032690614 
142 351 8 10 0.03259926 
38 420 8 11 0.032485425 
194 372 9 11 0.031925347 
161 447 9 11 0.031894747 
626 320 7 10 0.031412553 
977 319 8 10 0.031321738 
96 422 9 12 0.031281985 
57 454 9 10 0.0312106 
221 463 9 11 0.0311979 
961 309 8 9 0.030946258 
111 336 8 9 0.030899126 
832 573 8 10 0.030742576 
628 535 9 10 0.030716646 
169 359 8 10 0.030705549 
640 313 8 9 0.030507214 
138 352 9 11 0.030193387 
614 511 8 10 0.030107968 
105 334 8 10 0.030073812 
71 351 7 8 0.029943926 
112 384 8 9 0.029924253 
94 416 9 11 0.029839681 
601 343 9 12 0.02983775 
809 327 7 8 0.029721858 
201 344 9 10 0.029703805 
942 345 7 9 0.029641928 
1006 293 8 10 0.02955016 
65 351 8 9 0.029489342 
712 350 9 9 0.02944535 
862 556 10 12 0.029240694 
1009 336 8 9 0.029224152 
963 324 8 10 0.029218601 
527 374 9 11 0.029165085 
655 334 8 10 0.029091265 
1000 293 9 10 0.028959572 
127 376 8 10 0.028942894 
728 361 7 8 0.028933428 
598 543 9 12 0.028779062 
152 457 9 11 0.028749714 
178 655 8 10 0.028664809 
80 350 7 9 0.0285877 
152 366 8 11 0.028585408 
41 351 8 9 0.028574936 
823 285 7 9 0.028543599 
1016 319 7 9 0.028519053 
977 270 9 10 0.028342765 
664 526 9 11 0.02830576 
32 308 10 12 0.028229775 
751 321 7 8 0.028184121 
67 304 7 8 0.028103128 
233 591 8 10 0.02780543 
568 295 9 10 0.027541501 
688 288 8 9 0.027529543 
961 351 8 9 0.0275143 
119 366 8 10 0.027433326 
977 360 8 10 0.027405754 
761 335 7 9 0.027396776 
182 414 9 11 0.027240418 
177 419 8 11 0.02688639 
103 351 7 9 0.02683388 
174 359 8 10 0.026821868 
605 348 11 13 0.026733277 
144 310 8 10 0.026712447 
22 369 8 9 0.026283415 
983 390 8 10 0.02614572 
103 438 8 10 0.02603215 
573 390 8 11 0.026003474 
335 550 8 11 0.025921304 
497 544 9 10 0.025779745 
494 303 10 14 0.025703799 
144 344 8 10 0.025644278 
1001 304 8 10 0.025613986 
78 392 9 11 0.02560003 
46 352 7 8 0.025445268 
126 439 9 12 0.025402492 
47 357 8 10 0.02537833 
527 358 10 10 0.025359463 
449 313 47 63 0.025219405 
887 312 9 11 0.02497084 
1014 293 7 10 0.024952883 
953 288 8 10 0.02494926 
670 521 9 10 0.024940457 
992 302 7 9 0.02491653 
113 373 8 10 0.024915619 
991 296 7 9 0.024887783 
581 343 10 11 0.024835993 
200 446 9 11 0.024806343 
1015 326 8 11 0.024777241 
89 328 8 9 0.024745092 
48 390 8 11 0.02466114 
573 518 8 10 0.024656214 
106 303 8 9 0.024634562 
582 310 9 10 0.024518548 
472 531 9 11 0.024439743 
337 59 11 12 0.024422131 
593 541 10 13 0.024383878 
978 304 7 10 0.024341552 
1015 270 7 10 0.024313964 
417 306 44 58 0.024266956 
188 460 9 12 0.024191238 
9 295 7 10 0.024090417 
654 312 8 9 0.024079012 
612 366 9 11 0.024033418 
961 337 7 8 0.023993853 
881 329 8 9 0.023981158 
56 389 9 11 0.02394119 
814 327 7 8 0.023907246 
62 391 9 11 0.023906872 
361 559 7 10 0.023825435 
993 374 6 9 0.023779964 
119 327 8 9 0.023773054 
839 341 7 10 0.023613269 
985 351 7 9 0.023366585 
993 424 7 9 0.02336154 
650 335 8 10 0.02335977 
662 334 7 9 0.02318204 
72 392 9 11 0.02313367 
712 329 7 8 0.023075538 
106 343 8 10 0.023072125 
686 319 8 9 0.022991387 
192 301 9 11 0.022980316 
505 156 11 13 0.022953082 
682 326 8 10 0.022846676 
521 390 9 11 0.022816868 
968 344 8 11 0.022814741 
182 359 7 8 0.022762572 
89 344 9 10 0.02262693 
776 343 9 10 0.022533191 
729 335 7 9 0.022531785 
1001 391 7 10 0.022505078 
942 279 8 10 0.022463398 
808 311 7 8 0.022350643 
46 373 8 10 0.022253554 
172 541 9 12 0.022151256 
95 459 9 11 0.022132805 
120 447 8 10 0.02212316 
554 304 10 12 0.022035336 
686 327 8 10 0.021971572 
894 312 8 9 0.02196461 
743 335 6 8 0.021963403 
921 352 7 8 0.021902142 
14 414 9 10 0.021818578 
73 335 8 9 0.021816008 
841 318 8 9 0.021806922 
704 320 7 8 0.021802194 
761 360 7 9 0.021762535 
993 344 8 10 0.021759147 
653 528 10 12 0.021714712 
831 320 7 9 0.021710386 
87 358 7 9 0.021699216 
984 375 7 9 0.021696893 
695 303 7 9 0.021657864 
45 399 8 9 0.021648211 
842 313 7 9 0.021526258 
109 318 9 10 0.021499123 
975 383 9 10 0.021472782 
679 295 7 9 0.021469574 
136 381 9 10 0.021392973 
631 320 8 10 0.021381458 
985 367 8 10 0.021323215 
657 350 8 10 0.021293854 
73 344 8 9 0.021285769 
978 325 8 10 0.02125265 
49 344 7 9 0.0212396 
984 289 7 9 0.02121714 
984 344 7 10 0.021088278 
921 359 6 8 0.021032203 
81 357 8 10 0.020998279 
685 528 11 11 0.020959409 
617 344 9 12 0.020902233 
137 440 10 13 0.020838214 
32 303 8 10 0.020813616 
180 420 9 11 0.020792225 
525 392 9 11 0.020786412 
684 540 11 12 0.020736665 
944 368 8 10 0.020719422 
78 336 8 9 0.020519257 
824 318 7 8 0.020508008 
15 351 8 9 0.020449013 
604 572 11 12 0.02044379 
983 303 8 9 0.020422477 
751 345 7 8 0.020406589 
505 575 9 11 0.020279052 
816 278 8 10 0.020263337 
522 316 10 12 0.020241855 
148 440 9 11 0.020231614 
554 287 8 10 0.020067476 
