52_Photographers_photographertakingphoto_52_695
53
595 150 166 208 0.9960251 
177 167 65 86 0.99205494 
926 167 31 42 0.35962346 
965 193 26 35 0.3061586 
921 170 48 70 0.22875783 
978 187 23 36 0.11562471 
854 183 43 67 0.10780285 
204 179 37 51 0.08076502 
154 811 58 86 0.07560583 
716 20 10 13 0.072106466 
983 177 13 20 0.06966001 
293 284 112 135 0.06903238 
906 154 78 110 0.06399522 
114 176 52 63 0.056628525 
589 370 434 426 0.053296335 
943 183 45 60 0.05244973 
549 725 442 523 0.049871996 
873 101 9 13 0.04517966 
762 35 14 15 0.04512576 
346 140 29 47 0.044915214 
762 28 13 15 0.043745782 
275 151 25 33 0.04231549 
932 155 24 32 0.0397166 
998 169 15 20 0.039145976 
934 180 28 42 0.038374078 
157 150 67 69 0.03480695 
758 58 11 15 0.033038795 
724 20 12 16 0.03221332 
460 525 395 476 0.028165737 
495 4 27 33 0.027747087 
285 141 41 50 0.027485933 
594 0 26 21 0.027038034 
212 171 71 67 0.02699323 
380 626 74 65 0.026632357 
1006 206 16 25 0.025778852 
412 650 48 39 0.025684044 
376 459 25 32 0.025595212 
187 170 40 55 0.02552818 
988 192 22 34 0.025319165 
763 41 14 17 0.025135849 
704 90 32 44 0.024585765 
356 651 73 56 0.024209132 
303 149 50 58 0.023515694 
724 16 9 11 0.02335344 
765 70 10 13 0.023170857 
954 187 26 39 0.022653362 
752 46 11 14 0.022613434 
931 209 32 47 0.022220528 
328 145 44 56 0.021524414 
750 53 12 15 0.02068416 
973 189 15 21 0.020447187 
201 192 87 94 0.0202227 
142 138 61 55 0.020055972 
