29_Students_Schoolkids_Students_Schoolkids_29_10
105
657 366 26 32 0.9984382 
576 337 22 28 0.9957373 
458 295 17 20 0.98451936 
524 377 23 28 0.9832607 
525 317 17 22 0.98102355 
557 280 14 18 0.97627777 
481 368 21 27 0.9614565 
422 353 26 33 0.95669085 
465 330 18 24 0.92317575 
523 275 12 15 0.9180285 
483 304 14 17 0.70122576 
612 323 17 21 0.45646802 
629 352 21 23 0.408863 
595 290 14 17 0.35175136 
510 287 11 14 0.25740024 
527 295 12 14 0.2503209 
584 413 19 19 0.13632144 
431 338 13 16 0.12428195 
439 300 12 16 0.12103517 
498 321 14 19 0.11575421 
501 300 13 17 0.1066521 
482 276 10 12 0.103480615 
641 353 16 19 0.0770887 
516 227 11 14 0.073529065 
503 291 12 16 0.07342022 
618 317 14 18 0.071883686 
462 243 11 14 0.066986114 
493 300 13 17 0.064102896 
508 298 14 19 0.063651904 
599 262 10 12 0.06279709 
485 270 11 14 0.061674032 
525 361 17 21 0.061454035 
542 198 16 22 0.060852792 
493 271 10 13 0.060005724 
517 282 13 15 0.05635049 
508 259 11 14 0.054317474 
504 250 11 14 0.05373663 
605 316 15 19 0.04628681 
550 373 12 16 0.046195854 
566 334 23 29 0.04325875 
593 253 10 12 0.04201293 
464 291 16 21 0.041957453 
495 293 11 15 0.04073047 
456 276 10 13 0.040254727 
531 274 11 16 0.038742226 
545 300 12 15 0.038021043 
557 342 15 21 0.035541743 
452 229 12 15 0.035396613 
642 363 23 31 0.035099894 
601 266 10 13 0.034739774 
507 322 13 17 0.03449783 
124 190 17 22 0.032975804 
492 248 13 16 0.031223293 
426 339 22 28 0.03120217 
471 278 10 11 0.029998435 
551 289 12 18 0.029848643 
642 397 14 18 0.029736917 
541 401 16 22 0.029124606 
488 247 11 13 0.028241158 
446 199 9 10 0.028000336 
611 332 16 22 0.027965447 
442 304 13 16 0.027899759 
443 295 19 25 0.027436433 
583 130 16 20 0.026901316 
496 286 10 14 0.02677818 
574 203 45 57 0.026728658 
637 566 11 15 0.026292736 
486 264 10 12 0.02591281 
575 80 437 566 0.025496066 
523 297 19 22 0.024884215 
472 270 10 12 0.02480372 
606 263 10 12 0.024707628 
613 278 10 13 0.024650142 
463 173 10 12 0.024633896 
529 310 15 19 0.024615293 
567 434 13 17 0.024189606 
540 275 13 16 0.024090273 
485 293 13 16 0.023565399 
502 269 11 14 0.023257239 
-7 7 361 486 0.023236195 
421 339 14 16 0.023163162 
427 482 16 20 0.023149313 
633 369 17 20 0.023117686 
608 278 10 13 0.023097815 
549 321 14 19 0.023010224 
484 285 12 15 0.022991639 
516 292 12 15 0.022985382 
493 262 10 12 0.022898974 
833 38 8 11 0.022716492 
615 262 11 13 0.022406407 
624 353 16 20 0.022148084 
605 285 10 13 0.022008102 
512 277 12 16 0.021982217 
420 369 26 34 0.021890448 
593 260 10 12 0.02168647 
449 278 8 11 0.021563983 
446 286 10 13 0.021486795 
604 308 15 18 0.021402 
163 179 25 27 0.02139437 
459 270 11 13 0.021265656 
508 247 10 12 0.021123374 
441 462 17 17 0.020444648 
625 348 12 16 0.020433906 
467 239 10 13 0.02042366 
508 312 15 19 0.020098085 
