29_Students_Schoolkids_Students_Schoolkids_29_250
28
662 55 106 150 0.99966 
133 188 16 21 0.83855635 
74 166 21 29 0.8348184 
166 169 16 22 0.5269553 
30 196 14 19 0.24476402 
845 211 13 17 0.087520055 
171 169 22 26 0.08676242 
144 630 11 14 0.08630536 
206 197 14 19 0.076151334 
262 471 13 16 0.062751405 
245 468 10 12 0.04806522 
178 163 15 19 0.04654103 
237 491 29 36 0.045186292 
114 210 15 20 0.038897622 
774 165 54 69 0.035689756 
91 146 15 19 0.03561459 
-1 105 23 37 0.035306446 
142 163 13 19 0.033816934 
852 220 13 17 0.03108234 
125 154 20 25 0.028646473 
264 476 16 16 0.026784947 
243 465 9 11 0.026426993 
80 155 23 29 0.024580617 
118 280 15 18 0.023515169 
860 223 14 17 0.021940116 
162 238 16 22 0.021860844 
211 187 16 26 0.020872442 
842 201 20 29 0.020594489 
