29_Students_Schoolkids_Students_Schoolkids_29_624
148
147 150 43 55 0.996863 
758 261 10 12 0.83257335 
1007 261 14 19 0.39962363 
557 289 12 17 0.2992207 
511 256 9 11 0.23160188 
253 254 8 9 0.22875594 
564 278 8 12 0.20181763 
342 247 8 10 0.18928269 
564 292 10 13 0.14108528 
263 276 8 10 0.1302644 
798 256 7 9 0.11454343 
565 311 9 11 0.1045574 
286 264 11 13 0.0982078 
696 248 10 12 0.09664163 
564 335 8 10 0.095615625 
507 277 10 13 0.09106154 
685 261 9 12 0.08981253 
281 254 8 9 0.08574445 
237 276 9 12 0.08343717 
231 277 11 13 0.07256955 
574 304 9 10 0.07087506 
688 254 8 11 0.07003231 
39 269 9 11 0.06802513 
205 264 8 9 0.06473795 
345 128 8 10 0.06324289 
60 256 10 12 0.06297905 
250 249 8 10 0.06185365 
958 256 8 11 0.0604208 
280 262 10 13 0.06011116 
225 294 8 10 0.060075905 
739 254 10 13 0.05932755 
401 249 10 12 0.056428257 
507 253 9 12 0.05533707 
968 246 10 14 0.054478917 
505 247 9 12 0.05366697 
824 241 8 9 0.053455167 
473 265 9 11 0.05177192 
201 279 7 9 0.04816763 
453 231 11 14 0.04776608 
537 284 8 12 0.04750148 
958 261 9 10 0.047128472 
230 284 10 12 0.047031373 
58 259 9 12 0.04657645 
287 272 12 15 0.044976395 
375 221 8 10 0.04493991 
247 259 8 11 0.044642832 
285 255 8 9 0.044501532 
515 261 9 12 0.04377699 
226 287 8 10 0.043650754 
583 239 7 9 0.042834267 
799 209 8 9 0.042278998 
293 276 9 12 0.04083402 
506 272 8 11 0.04022634 
281 277 9 12 0.04021637 
206 286 7 9 0.03807339 
303 262 9 11 0.037855137 
575 308 9 12 0.036966424 
543 311 8 12 0.03650516 
201 272 8 10 0.03618249 
255 262 8 10 0.035762463 
565 273 9 11 0.03574776 
207 302 10 12 0.035701174 
505 260 9 12 0.034724638 
477 268 9 11 0.03366855 
735 247 10 13 0.03360563 
672 246 8 10 0.033437654 
560 273 9 11 0.032841384 
568 301 9 12 0.03224706 
293 262 9 12 0.032022685 
809 245 9 11 0.03183556 
651 302 12 16 0.03164588 
584 290 9 12 0.030715674 
566 328 7 9 0.030637946 
95 277 12 14 0.030490438 
192 278 8 10 0.030380134 
550 336 8 10 0.029702095 
558 260 8 10 0.029533958 
815 246 7 10 0.029528689 
793 262 8 11 0.029501231 
549 341 9 12 0.029468644 
495 308 10 12 0.029227037 
549 372 13 14 0.029046722 
348 126 10 11 0.028632632 
582 278 8 11 0.0285984 
370 222 8 11 0.028137924 
792 270 8 11 0.027999453 
655 181 29 31 0.027811166 
248 278 9 11 0.02770595 
561 327 9 11 0.027693573 
359 120 9 11 0.027627302 
732 259 14 18 0.02761172 
954 262 9 11 0.027407639 
727 253 11 14 0.027281303 
719 246 10 12 0.027217366 
582 272 9 10 0.027177276 
758 247 9 12 0.026825441 
273 253 8 10 0.026710313 
493 279 9 11 0.026705476 
581 310 8 10 0.026125945 
515 255 9 12 0.026012475 
280 299 9 11 0.025639169 
539 283 12 15 0.025556888 
583 254 7 10 0.02553755 
776 263 9 10 0.025213158 
341 250 10 14 0.02499568 
783 263 8 10 0.024939666 
966 263 9 11 0.024777712 
781 294 9 11 0.024685845 
1000 260 12 17 0.024593337 
755 244 8 11 0.024580482 
206 269 9 11 0.023740316 
1005 254 14 17 0.023605732 
302 287 8 10 0.0235619 
366 126 8 11 0.023410922 
543 303 9 11 0.023317428 
255 276 9 13 0.023284005 
960 248 9 12 0.023228776 
728 261 11 15 0.023214467 
237 301 10 12 0.022818612 
863 201 210 248 0.02266984 
529 278 7 11 0.02262785 
561 240 8 10 0.02242241 
535 241 7 10 0.02240724 
213 300 9 11 0.022363307 
263 248 9 10 0.022249652 
755 256 19 22 0.022231476 
274 263 9 12 0.021759532 
239 255 9 11 0.021420758 
551 297 11 13 0.021297518 
96 284 13 14 0.021236347 
564 339 9 12 0.021185227 
272 269 10 13 0.021089267 
304 293 8 10 0.020936688 
206 279 8 11 0.020746702 
360 125 10 12 0.020659253 
551 327 8 10 0.0206592 
439 227 11 15 0.020556455 
579 255 7 9 0.020386657 
375 135 7 9 0.020368092 
360 248 8 11 0.020265715 
699 251 10 13 0.020264156 
446 229 12 16 0.02024823 
816 240 9 11 0.020234764 
213 271 9 11 0.020207265 
1004 274 12 14 0.020173136 
367 248 8 10 0.020160394 
79 294 12 14 0.020141292 
542 293 11 13 0.020036746 
