29_Students_Schoolkids_Students_Schoolkids_29_525
125
608 176 181 221 0.99936825 
353 103 84 105 0.9971635 
193 35 62 71 0.9866443 
486 491 12 14 0.30378324 
155 121 12 16 0.080820374 
538 447 7 9 0.0804691 
469 478 9 12 0.064552575 
342 5 9 12 0.06302716 
506 423 8 10 0.058630507 
637 18 11 14 0.05738307 
503 462 8 10 0.057327416 
537 431 8 10 0.057070863 
495 454 8 10 0.055467516 
538 438 8 10 0.055410575 
520 433 7 9 0.05439196 
518 416 7 9 0.05219267 
514 398 8 10 0.051073793 
488 454 7 10 0.05070991 
125 104 12 17 0.050395507 
462 456 9 11 0.050250173 
527 424 8 10 0.049685318 
555 440 8 10 0.048244886 
584 13 8 11 0.048117414 
511 431 9 10 0.046632636 
520 437 7 10 0.046297446 
565 191 48 75 0.045971792 
505 469 9 11 0.042559523 
542 431 9 11 0.041266743 
464 433 7 9 0.040726714 
519 453 9 10 0.039808344 
417 326 8 10 0.039784275 
526 431 8 9 0.039285146 
342 13 9 12 0.039264906 
488 448 7 9 0.03878216 
487 412 10 12 0.03849397 
526 447 7 9 0.03807374 
502 456 8 11 0.037994724 
244 41 52 63 0.03708652 
519 423 8 9 0.03699953 
535 425 7 8 0.035962928 
505 430 9 10 0.035001196 
570 211 28 47 0.034396328 
745 449 146 159 0.0343228 
450 445 8 9 0.034280777 
286 460 47 63 0.033761322 
512 455 8 10 0.03374351 
509 470 9 11 0.0334098 
464 439 7 9 0.033077184 
520 447 8 10 0.033011694 
480 439 8 10 0.03290348 
149 116 22 29 0.032583162 
457 457 7 10 0.03251545 
538 542 7 10 0.03244947 
544 407 7 9 0.032448817 
454 440 8 10 0.032361425 
448 439 9 11 0.032323133 
504 438 8 11 0.03218607 
510 424 8 10 0.032028116 
456 391 8 10 0.030858709 
534 456 8 9 0.029737135 
503 486 9 10 0.02962618 
530 462 8 10 0.029232869 
537 416 7 7 0.029223373 
453 422 9 11 0.028902438 
472 440 7 9 0.028744834 
471 417 7 10 0.028480886 
463 416 7 10 0.028394526 
1 153 12 20 0.028217116 
511 463 9 11 0.02819457 
471 494 8 11 0.028192364 
482 135 43 54 0.02812962 
533 22 10 13 0.02802017 
544 425 7 9 0.027902054 
522 509 10 13 0.02758297 
487 431 8 10 0.0273511 
533 3 13 14 0.02720982 
491 488 10 12 0.027039846 
470 484 8 10 0.026864756 
536 408 7 9 0.026452085 
505 407 8 9 0.02639336 
446 461 8 10 0.026228689 
559 422 7 9 0.026025089 
544 454 7 9 0.025857707 
528 455 8 9 0.02575334 
518 493 8 10 0.025726771 
488 423 9 10 0.025667178 
513 415 8 10 0.025552543 
480 446 8 10 0.0253713 
518 488 8 10 0.025317172 
480 478 9 11 0.025263386 
161 113 9 12 0.025252612 
464 484 9 11 0.024913922 
527 408 8 8 0.024685828 
464 502 7 10 0.024478609 
534 463 8 9 0.024187883 
526 523 9 11 0.023760831 
505 479 10 11 0.023753807 
582 0 11 11 0.023713483 
479 500 11 12 0.023189826 
492 414 9 11 0.023097387 
513 436 8 11 0.02308408 
482 463 8 10 0.022845462 
541 472 8 10 0.022776695 
555 444 8 11 0.0227582 
525 438 7 10 0.022718381 
448 302 10 11 0.022375776 
456 462 8 10 0.022212088 
492 423 9 10 0.02200391 
552 454 8 10 0.021989586 
509 477 8 10 0.021839555 
498 460 8 11 0.021836266 
493 431 9 10 0.021709772 
486 439 8 10 0.02129075 
482 454 8 10 0.020888083 
469 472 9 12 0.020780612 
381 29 13 17 0.020698003 
464 421 7 10 0.02066394 
537 536 8 10 0.02064818 
416 342 10 12 0.020634737 
465 445 8 11 0.020372208 
528 400 8 8 0.020344427 
501 531 14 16 0.020268254 
350 15 9 12 0.020239286 
495 479 9 10 0.020157794 
168 114 32 35 0.020145513 
