29_Students_Schoolkids_Students_Schoolkids_29_432
140
587 2 72 61 0.983705 
713 28 127 158 0.3587524 
151 472 12 17 0.27972865 
265 611 62 75 0.26179823 
894 167 62 86 0.19894938 
204 483 15 19 0.17654559 
867 -4 118 137 0.16353045 
147 488 12 17 0.15412867 
181 403 11 15 0.15179756 
61 518 13 15 0.1315871 
199 363 11 15 0.12267705 
102 502 14 17 0.116937734 
272 431 24 28 0.11630199 
125 572 24 33 0.115596086 
170 489 15 17 0.10962281 
132 470 11 14 0.1041503 
787 18 28 37 0.09633336 
199 470 11 14 0.0952265 
245 384 22 28 0.089722574 
10 501 16 21 0.08286233 
133 413 12 16 0.08230057 
319 367 26 30 0.069574945 
206 398 12 17 0.06894973 
211 398 13 15 0.06832112 
805 40 156 190 0.062328644 
302 416 15 22 0.062170364 
219 429 14 15 0.06202987 
51 426 15 20 0.06098385 
501 11 56 74 0.05867784 
60 546 19 23 0.053757057 
24 380 13 16 0.05323516 
372 302 12 15 0.053203568 
27 443 15 19 0.052628286 
113 436 11 14 0.052255318 
152 483 15 18 0.05177913 
231 382 10 13 0.050881952 
447 121 59 63 0.050022684 
248 602 105 114 0.049957518 
144 470 11 15 0.049636804 
381 286 9 11 0.049567956 
416 311 11 13 0.049358662 
76 489 15 20 0.0487008 
151 343 12 15 0.04859784 
180 427 10 13 0.047812402 
262 425 39 47 0.047116578 
95 478 11 14 0.046245977 
178 484 13 17 0.04573834 
366 302 12 14 0.045650154 
100 477 10 13 0.04458927 
1 379 11 17 0.044159107 
115 428 12 15 0.04386208 
126 472 14 17 0.042320095 
175 422 12 16 0.04144273 
18 505 16 22 0.041294876 
276 366 25 28 0.0405402 
126 495 10 12 0.040130373 
55 517 13 17 0.039744653 
220 388 11 13 0.039473157 
137 418 14 17 0.0379118 
134 481 12 16 0.037708268 
120 470 11 14 0.037307847 
132 462 10 12 0.036064822 
167 496 13 15 0.035840485 
1 248 466 448 0.034899242 
220 413 12 13 0.034209486 
207 392 10 13 0.03310225 
121 586 12 17 0.032408588 
231 413 10 12 0.032153912 
93 545 14 16 0.031766713 
48 420 12 16 0.031202689 
437 341 54 86 0.030964995 
206 410 14 17 0.030889787 
145 460 10 15 0.030345747 
25 373 28 30 0.030110447 
144 456 9 12 0.0299754 
73 707 28 33 0.029258618 
149 463 12 15 0.029227413 
293 318 10 11 0.02860386 
245 381 16 19 0.028398946 
693 52 167 238 0.027781412 
73 553 16 19 0.027447438 
142 464 18 25 0.027445655 
218 394 12 15 0.027213247 
298 400 24 36 0.027210515 
118 486 12 13 0.02716607 
176 332 9 12 0.027024783 
215 340 10 12 0.026499907 
77 566 13 17 0.026351247 
68 494 17 21 0.026166076 
345 299 99 118 0.025996592 
291 416 24 31 0.02586573 
221 382 13 15 0.025781559 
218 419 14 15 0.025646925 
58 428 16 21 0.025551854 
199 431 9 11 0.025468476 
50 624 16 21 0.025394421 
155 326 10 12 0.025320048 
208 402 21 26 0.025260907 
338 419 16 21 0.025198454 
83 460 15 16 0.025161257 
197 399 16 22 0.025138346 
35 462 24 28 0.025081951 
196 333 10 12 0.0248717 
477 -73 447 450 0.024791704 
203 358 12 16 0.024307992 
200 463 11 14 0.024180885 
270 370 14 18 0.024176018 
236 420 12 14 0.024056833 
117 442 10 12 0.024055615 
147 414 12 14 0.023890765 
129 475 20 26 0.023633748 
191 482 12 16 0.023373868 
12 379 13 17 0.022690142 
280 425 25 32 0.022237172 
84 467 14 17 0.022196962 
188 403 13 18 0.02201365 
3 504 23 34 0.021942437 
128 419 14 17 0.021913989 
161 360 9 11 0.021874247 
367 292 13 15 0.021789443 
192 476 12 16 0.021621142 
140 428 11 14 0.021605585 
266 372 24 28 0.02155921 
445 304 90 114 0.021474278 
436 106 106 102 0.021350754 
43 484 16 18 0.021342678 
183 548 14 18 0.021252906 
101 495 13 16 0.02108679 
196 341 10 12 0.021076595 
50 469 17 19 0.020917283 
213 421 22 25 0.020862333 
143 324 11 14 0.020567797 
102 471 10 13 0.020535627 
400 71 39 59 0.020481149 
133 422 14 18 0.020408487 
27 450 21 30 0.02027398 
175 399 12 15 0.02011567 
27 430 25 33 0.020099685 
378 301 13 14 0.020051273 
209 333 11 14 0.020002604 
