29_Students_Schoolkids_Students_Schoolkids_29_21
78
464 157 103 127 0.99991536 
741 197 126 171 0.9998714 
317 94 54 72 0.9992556 
616 58 51 66 0.9982736 
945 62 57 68 0.997299 
209 106 52 64 0.99700373 
76 143 64 85 0.99614835 
880 13 36 48 0.99413353 
769 62 54 70 0.9933595 
11 71 27 35 0.99327254 
454 60 44 57 0.9903903 
73 61 36 46 0.98877585 
437 33 32 43 0.9838127 
729 34 36 50 0.98257774 
583 14 26 34 0.9823407 
112 53 40 51 0.98099273 
157 82 44 62 0.98010546 
992 29 31 44 0.9790552 
469 24 25 30 0.9734501 
926 36 40 52 0.9697305 
580 50 35 50 0.9469438 
406 51 24 32 0.9409324 
506 48 30 37 0.9372003 
664 27 27 39 0.9282556 
808 22 29 34 0.92645603 
518 95 52 64 0.54689884 
593 49 45 62 0.2932209 
370 76 32 43 0.26550695 
455 29 29 32 0.26293108 
736 23 31 41 0.25644907 
704 523 26 36 0.2521808 
149 65 27 33 0.14932919 
540 105 48 65 0.14282225 
1 119 13 20 0.14220415 
897 90 35 52 0.11733217 
493 52 33 46 0.09313671 
133 73 43 55 0.08276131 
427 43 26 35 0.08272194 
385 79 26 36 0.07892384 
501 63 44 60 0.06978515 
448 36 42 54 0.0694289 
48 158 48 69 0.06861275 
438 0 27 27 0.05501684 
57 125 48 70 0.049367562 
981 37 43 60 0.048450455 
788 -1 30 28 0.043069746 
998 101 27 40 0.043014772 
882 94 34 54 0.04196858 
541 79 46 60 0.041508578 
569 63 39 58 0.039543867 
478 67 49 61 0.033882126 
802 -1 21 15 0.03360057 
749 118 49 62 0.031740848 
745 17 21 25 0.029585466 
438 11 28 32 0.0295138 
874 -1 29 29 0.028907752 
423 64 27 41 0.028605938 
509 86 46 51 0.028046587 
609 120 34 45 0.026775258 
940 33 37 42 0.026367048 
581 29 31 43 0.026061174 
844 137 43 59 0.02554199 
656 57 35 53 0.024870288 
180 89 33 45 0.024690943 
741 104 43 53 0.024523681 
623 390 49 80 0.023789989 
627 280 94 113 0.023772325 
483 0 18 15 0.022877168 
970 224 48 67 0.022236899 
905 97 44 60 0.022145446 
416 78 30 39 0.022076972 
71 173 33 53 0.021222236 
787 33 47 56 0.020908764 
674 46 30 49 0.02079704 
696 50 26 35 0.020465272 
442 1 17 14 0.020343108 
914 75 41 59 0.020336803 
246 0 53 67 0.020175435 
