29_Students_Schoolkids_Students_Schoolkids_29_358
163
491 381 15 21 0.969057 
546 379 17 23 0.9535632 
624 376 19 25 0.9192579 
269 364 15 19 0.8844823 
573 392 16 20 0.8778083 
941 421 22 26 0.84745604 
713 372 19 24 0.8304359 
364 423 16 20 0.7844209 
846 411 16 21 0.7188615 
672 391 16 19 0.67123973 
498 422 17 20 0.5869173 
770 391 17 22 0.488443 
435 425 15 19 0.37281796 
889 403 12 16 0.2955023 
455 418 15 19 0.26354378 
434 402 14 18 0.196697 
883 369 15 20 0.16109732 
475 437 12 14 0.14855044 
341 442 15 18 0.13895316 
417 412 13 16 0.12974074 
829 417 15 19 0.11530662 
406 412 12 16 0.09730716 
902 420 14 18 0.09020254 
313 446 9 11 0.08717574 
536 403 12 15 0.08127743 
799 402 13 16 0.07927521 
900 403 13 16 0.07661067 
696 392 13 17 0.07589468 
836 426 10 14 0.07278824 
469 419 11 15 0.06846779 
538 421 13 16 0.06802078 
903 413 12 14 0.066266626 
1004 462 18 23 0.064431 
739 428 13 17 0.06254001 
250 436 11 14 0.060286026 
803 398 13 16 0.059628878 
327 452 10 12 0.058633413 
803 416 13 15 0.05396876 
828 402 14 17 0.052356582 
400 438 10 12 0.052337088 
461 434 11 13 0.051182866 
461 456 10 13 0.04734918 
871 401 13 15 0.046776053 
977 430 11 15 0.045655724 
407 406 21 26 0.045227326 
404 418 14 18 0.044676945 
479 461 11 14 0.0446167 
348 419 12 15 0.044075068 
346 437 14 16 0.043157894 
505 419 15 19 0.042646404 
382 422 9 13 0.042429335 
799 410 14 17 0.04227236 
874 420 12 14 0.042213153 
584 414 10 12 0.041010655 
415 436 11 13 0.040914718 
693 357 20 29 0.04070822 
380 434 13 16 0.040557895 
517 397 15 18 0.040520675 
837 409 18 25 0.04045073 
702 365 22 29 0.04031816 
287 441 12 15 0.03970012 
502 414 13 16 0.03896998 
778 391 13 17 0.037764966 
947 413 14 18 0.036171284 
282 433 22 25 0.03571395 
534 387 11 15 0.035583794 
420 407 12 16 0.035411566 
881 366 12 16 0.03526439 
892 388 12 14 0.03464659 
518 412 12 15 0.033792295 
371 431 14 16 0.033383556 
508 414 12 15 0.03325566 
825 414 11 15 0.03276537 
414 425 10 15 0.03258968 
417 403 20 27 0.03250941 
901 378 11 14 0.032234892 
441 418 19 25 0.03189784 
252 430 12 15 0.031485412 
836 399 10 13 0.031194171 
573 373 12 14 0.03112578 
487 404 10 14 0.031043142 
879 377 14 19 0.030758258 
476 414 10 13 0.030726582 
1006 428 14 18 0.03059302 
342 431 12 15 0.03028398 
695 354 14 20 0.030116351 
541 409 12 15 0.030063314 
358 445 11 14 0.030061854 
433 433 11 15 0.029529603 
779 401 13 17 0.029475454 
805 389 11 15 0.029314734 
470 427 12 16 0.02931325 
501 442 13 16 0.028193833 
277 357 12 18 0.028037319 
475 428 13 17 0.027813846 
759 387 11 16 0.027804723 
813 396 11 16 0.027650557 
550 410 10 14 0.027556134 
709 362 15 20 0.027470814 
380 447 16 20 0.027234478 
431 408 13 19 0.027183376 
533 404 20 25 0.027077448 
791 404 12 17 0.026811054 
860 396 11 14 0.026284672 
881 375 23 28 0.026199592 
383 413 10 13 0.025886478 
780 381 11 14 0.025772795 
399 443 9 13 0.025681267 
886 383 14 17 0.025547888 
460 414 20 25 0.025173623 
774 383 11 13 0.02514033 
877 386 11 14 0.025113348 
248 443 10 12 0.02488838 
580 380 13 18 0.02484106 
470 460 11 14 0.024460156 
400 408 10 13 0.024313362 
757 403 11 15 0.02428882 
856 396 10 12 0.024249919 
791 388 11 14 0.02417265 
924 410 12 17 0.024171542 
614 404 13 17 0.024116294 
741 393 13 16 0.02375006 
478 404 10 14 0.023703504 
951 424 16 21 0.023695543 
716 358 15 18 0.023655798 
524 401 12 16 0.02364237 
872 381 11 15 0.023616893 
811 402 12 16 0.023464521 
567 373 11 15 0.023310928 
439 407 21 26 0.023117077 
551 420 11 14 0.023029555 
334 450 13 14 0.02300716 
707 411 11 15 0.022902768 
871 393 20 25 0.022860466 
907 402 12 17 0.022565871 
378 426 14 17 0.022442468 
404 435 11 14 0.022160884 
446 413 11 15 0.022147208 
699 351 14 16 0.022088403 
571 381 13 18 0.021994935 
860 391 10 13 0.02197508 
620 405 13 17 0.021969158 
390 427 10 14 0.021939741 
288 454 9 11 0.021828914 
974 426 20 27 0.021569584 
990 423 11 13 0.021280197 
387 450 13 18 0.021232247 
495 368 9 11 0.021116748 
748 388 14 18 0.021032406 
558 420 12 15 0.021019476 
724 355 13 16 0.020918733 
895 420 14 17 0.020878045 
775 375 9 11 0.020871826 
738 383 21 28 0.020629736 
399 426 13 15 0.020596847 
476 370 14 15 0.020356378 
567 387 15 21 0.020300511 
337 437 13 15 0.020253679 
316 439 11 13 0.020234112 
833 445 10 13 0.020116992 
532 372 11 14 0.020052206 
524 386 13 17 0.020038191 
811 412 12 15 0.020000849 
