29_Students_Schoolkids_Students_Schoolkids_29_161
35
575 154 120 176 0.9990721 
845 79 88 107 0.9986895 
518 149 74 100 0.99408334 
550 162 85 114 0.87924993 
364 183 27 32 0.5323814 
180 197 39 53 0.146697 
993 429 32 56 0.1033976 
876 7 70 64 0.09698828 
458 242 22 28 0.063463144 
562 122 427 472 0.062273957 
972 72 12 15 0.059970632 
477 188 39 55 0.059032988 
346 179 24 33 0.051707093 
266 313 408 443 0.04222223 
797 125 47 68 0.03855587 
261 279 27 35 0.037303194 
477 234 14 18 0.034443825 
998 69 13 16 0.02719028 
470 184 15 21 0.027071439 
217 311 29 31 0.026971461 
932 290 96 135 0.025541432 
417 240 24 28 0.025108147 
468 183 25 35 0.024949038 
856 12 100 114 0.024919074 
970 72 22 29 0.02459849 
232 271 30 35 0.024368087 
823 497 116 186 0.024238802 
481 261 24 33 0.024071336 
299 253 41 53 0.023478264 
201 305 28 33 0.0232522 
404 230 13 18 0.022909125 
336 176 24 35 0.022834534 
466 232 24 32 0.022541093 
380 220 15 22 0.021633653 
451 281 14 17 0.020904195 
