29_Students_Schoolkids_Students_Schoolkids_29_632
42
90 292 53 68 0.9989518 
354 305 59 81 0.99874675 
532 290 72 93 0.99800986 
796 260 79 109 0.9977259 
274 351 52 77 0.99031574 
392 250 41 47 0.7958925 
376 155 10 13 0.12730803 
24 135 26 32 0.10815841 
86 123 24 31 0.086345986 
91 124 15 18 0.061438307 
359 254 29 40 0.058179975 
194 164 13 17 0.05632357 
962 24 14 19 0.055230975 
412 135 15 23 0.042957515 
196 161 9 12 0.040223997 
19 113 47 57 0.03949572 
91 149 13 16 0.03917174 
1001 5 22 33 0.03713918 
48 280 40 52 0.037062872 
716 126 12 16 0.036748514 
44 168 23 31 0.036547896 
26 152 27 31 0.030503934 
372 233 49 57 0.029789 
545 245 57 67 0.029343111 
379 150 11 15 0.029004619 
308 149 16 17 0.028787054 
673 133 23 29 0.028583266 
722 131 19 22 0.028207306 
100 523 132 123 0.027851244 
37 107 47 57 0.026083328 
667 119 24 32 0.024913277 
64 80 9 12 0.023112819 
28 163 16 19 0.022727275 
14 138 26 32 0.022549098 
-1 104 84 103 0.022170054 
207 330 27 36 0.021128422 
414 142 25 37 0.020729732 
624 192 24 34 0.02071341 
61 146 15 18 0.020643989 
199 207 11 12 0.02057188 
309 150 23 26 0.02052336 
347 246 29 42 0.020217253 
