29_Students_Schoolkids_Students_Schoolkids_29_130
70
108 264 49 58 0.99557364 
534 246 27 38 0.9828111 
377 166 42 51 0.9806985 
240 243 28 32 0.9716974 
606 426 53 63 0.9187765 
13 236 13 17 0.7215153 
378 242 19 22 0.7080911 
680 504 34 52 0.62398773 
323 205 13 19 0.24931243 
476 206 17 22 0.19259383 
154 252 26 31 0.09250726 
252 291 27 29 0.089846335 
307 242 16 20 0.08354557 
311 211 15 17 0.069356665 
475 197 13 18 0.06294275 
43 243 14 20 0.057608 
900 482 33 46 0.056677077 
7 241 12 17 0.056069028 
254 243 26 31 0.05334025 
383 236 21 24 0.051281627 
170 518 13 15 0.04699774 
50 233 14 16 0.041616336 
664 512 34 48 0.039435357 
549 407 48 61 0.03900343 
266 294 17 22 0.038415954 
303 246 23 28 0.036989987 
509 189 23 32 0.03645899 
241 278 42 50 0.035269823 
0 260 25 54 0.035192836 
505 484 17 20 0.034373578 
53 254 29 38 0.034316584 
340 555 19 24 0.033565406 
313 231 21 28 0.033409677 
410 503 33 41 0.032369796 
702 490 32 46 0.032256152 
4 250 13 19 0.03018149 
467 195 23 31 0.030177882 
317 225 15 21 0.02957117 
324 233 13 20 0.028937254 
270 286 21 33 0.028829282 
660 663 137 112 0.028477795 
460 204 37 50 0.028199809 
301 236 15 20 0.02816291 
265 248 16 21 0.02788911 
584 402 57 65 0.0276203 
331 211 12 17 0.027233267 
329 247 19 28 0.025888214 
325 241 13 21 0.02518632 
442 514 23 33 0.024852328 
325 547 15 18 0.02471865 
678 558 61 71 0.024398757 
334 236 21 31 0.024349678 
47 243 24 34 0.024042834 
318 250 22 30 0.023860894 
618 444 56 83 0.023276456 
675 147 16 21 0.023276094 
461 396 27 35 0.02317885 
351 220 13 17 0.022870194 
1 251 21 36 0.022483684 
341 343 24 31 0.022333853 
669 556 101 111 0.02230589 
14 270 42 68 0.022168241 
0 326 19 37 0.022034856 
274 178 400 492 0.021388544 
624 416 37 50 0.020782044 
240 255 43 47 0.02074897 
308 214 22 27 0.020692663 
340 510 17 20 0.02054717 
367 231 23 30 0.020402491 
223 278 30 39 0.020207403 
