29_Students_Schoolkids_Students_Schoolkids_29_310
38
283 196 56 75 0.999624 
652 190 58 74 0.99957854 
96 205 59 79 0.99922645 
831 213 63 76 0.99904054 
469 196 54 74 0.99874496 
544 150 107 128 0.9965699 
367 208 101 134 0.9819073 
468 417 11 12 0.41886982 
658 386 11 15 0.40834644 
678 380 12 15 0.3551939 
837 408 11 13 0.35080868 
762 184 84 106 0.3110985 
487 415 10 11 0.2320022 
592 168 84 98 0.22158389 
79 398 11 12 0.11668035 
72 391 62 55 0.092478625 
505 415 9 13 0.06643718 
674 378 21 26 0.05981625 
797 191 81 90 0.056253888 
697 383 12 15 0.044681143 
478 418 12 15 0.041065056 
857 402 13 15 0.038249496 
510 420 10 12 0.03693038 
519 427 26 28 0.03419222 
723 436 14 24 0.03166384 
356 406 11 13 0.030003285 
347 390 52 60 0.02816543 
841 405 13 15 0.028028252 
406 211 84 99 0.027239319 
682 376 13 15 0.025623778 
489 419 12 13 0.02552512 
444 437 13 15 0.024108868 
466 412 18 21 0.022534845 
436 440 16 17 0.021274842 
519 430 12 14 0.02113325 
74 393 28 28 0.021046497 
589 -11 462 465 0.02096363 
269 451 35 30 0.020815266 
