40_Gymnastics_Gymnastics_40_1043
55
554 418 16 23 0.98214126 
881 427 17 22 0.9731144 
955 409 18 27 0.9622739 
783 409 21 25 0.9531554 
343 426 18 23 0.90577924 
550 480 21 24 0.8983745 
840 455 17 19 0.31222206 
82 656 21 35 0.23232119 
570 460 14 17 0.19277664 
573 484 17 19 0.120030575 
903 461 13 15 0.11894841 
860 451 17 21 0.10450967 
893 529 13 18 0.09748407 
597 484 13 17 0.08857955 
843 477 15 17 0.07734256 
365 432 16 22 0.07698904 
847 437 11 13 0.071945675 
847 454 20 24 0.068638474 
534 473 14 19 0.058542587 
859 442 16 20 0.05054652 
46 -37 399 493 0.043463696 
380 432 15 20 0.04299917 
816 482 12 14 0.042892974 
387 429 13 20 0.038107798 
836 462 17 20 0.037702188 
865 429 22 26 0.03675519 
373 438 15 21 0.031971227 
853 442 14 20 0.03192144 
72 667 26 32 0.030495454 
358 489 13 16 0.029839054 
859 434 17 19 0.02901547 
845 411 11 13 0.028890606 
907 465 12 17 0.0267425 
290 483 14 18 0.026662849 
934 530 13 18 0.026439216 
845 443 14 19 0.025067667 
860 517 13 17 0.024701182 
371 429 16 21 0.02464529 
832 476 23 26 0.024429692 
845 497 14 14 0.024249347 
353 427 14 19 0.024167176 
829 475 15 19 0.02342014 
540 472 20 25 0.02293052 
970 412 14 18 0.022805862 
821 479 26 28 0.022392808 
855 456 24 28 0.022317449 
544 419 14 20 0.022252753 
566 453 17 19 0.021632908 
860 494 16 19 0.021424066 
852 465 15 17 0.021105302 
953 478 25 29 0.021014052 
802 418 16 20 0.020899149 
900 429 12 16 0.020387372 
363 487 12 14 0.020302024 
693 596 14 21 0.020243488 
