40_Gymnastics_Gymnastics_40_894
29
414 176 129 177 0.99989676 
132 506 20 25 0.855475 
98 520 17 22 0.7305825 
61 580 11 15 0.53683436 
117 515 12 16 0.4089753 
22 598 10 13 0.30290917 
48 581 12 15 0.16366537 
55 598 13 17 0.140062 
391 494 186 271 0.08685372 
111 516 13 18 0.06617955 
52 583 15 18 0.058649484 
60 602 15 17 0.05017267 
66 579 11 15 0.047489658 
305 596 444 522 0.045911893 
46 595 11 14 0.040962204 
120 498 37 49 0.040491845 
53 575 15 19 0.03679715 
124 513 16 20 0.03148387 
977 812 49 94 0.031475995 
19 592 19 23 0.0263878 
66 603 15 18 0.026204616 
116 607 16 18 0.025585582 
40 596 11 14 0.025317106 
23 581 11 14 0.02376215 
76 579 11 14 0.023232367 
278 384 333 436 0.022429602 
1007 365 11 13 0.022183485 
17 601 12 15 0.021344958 
96 510 11 13 0.02017089 
