40_Gymnastics_Gymnastics_40_175
23
565 204 58 72 0.97137374 
202 75 69 67 0.8278738 
115 232 43 56 0.78682435 
565 344 41 46 0.7547128 
439 325 46 79 0.38437137 
652 361 45 68 0.10713697 
131 256 32 43 0.084108874 
606 196 54 68 0.07536614 
135 233 30 41 0.06563387 
652 174 44 56 0.053442944 
185 241 30 45 0.048941325 
90 223 84 97 0.046223447 
445 319 30 50 0.03556074 
637 186 45 61 0.032339327 
147 223 37 43 0.02795037 
142 247 30 41 0.02692352 
345 593 46 43 0.026638843 
234 71 58 65 0.026524318 
359 218 198 221 0.0246985 
649 354 30 54 0.024638342 
448 345 57 76 0.022498265 
750 237 35 37 0.021629935 
160 241 45 50 0.020878727 
