40_Gymnastics_Gymnastics_40_642
50
870 246 54 66 0.99941707 
782 295 49 61 0.99899524 
627 289 47 58 0.99829143 
264 342 38 46 0.9982597 
413 270 50 60 0.9977197 
86 279 46 60 0.9976434 
337 316 41 51 0.9934562 
529 290 45 50 0.9915937 
205 272 42 54 0.99130857 
297 295 17 22 0.68413097 
593 301 35 44 0.45913383 
304 346 27 29 0.20191203 
278 291 11 13 0.10942431 
286 298 25 29 0.07762022 
0 298 10 16 0.07745123 
303 334 42 49 0.07740391 
267 290 15 18 0.07661597 
260 281 15 19 0.07572958 
702 312 44 51 0.056514867 
331 299 13 16 0.05570891 
46 389 15 18 0.04206864 
306 294 15 19 0.041676175 
41 343 10 13 0.038414605 
583 288 30 41 0.035340846 
595 321 28 34 0.033239592 
327 293 13 17 0.03263712 
16 327 10 14 0.032417975 
297 289 11 14 0.031923678 
288 383 47 69 0.030982913 
998 291 12 15 0.030377382 
249 320 29 32 0.030244501 
262 295 16 17 0.030180175 
258 287 25 29 0.02934405 
333 305 14 18 0.02877816 
301 345 18 22 0.028405966 
2 322 12 16 0.028235426 
610 300 15 20 0.027673703 
283 287 22 28 0.026914854 
288 314 24 31 0.02591771 
978 326 41 64 0.02499985 
287 300 41 47 0.02383879 
226 379 44 61 0.02366878 
292 326 27 31 0.023532346 
333 302 26 32 0.022037886 
297 308 18 23 0.021736505 
253 284 41 51 0.021268178 
735 321 14 19 0.021055857 
284 287 10 14 0.020969365 
315 291 14 17 0.020499445 
287 305 14 18 0.020212512 
