40_Gymnastics_Gymnastics_40_331
61
498 91 62 74 0.96369386 
785 410 16 20 0.25156832 
913 298 19 25 0.21377048 
747 181 15 21 0.17819418 
799 290 12 16 0.16863024 
420 360 16 18 0.13327587 
436 315 15 20 0.1326488 
106 263 95 136 0.10239149 
773 369 18 20 0.09869175 
449 394 15 19 0.08939034 
717 283 16 20 0.08188035 
958 349 24 34 0.07543238 
803 248 25 28 0.067263626 
973 409 24 27 0.06271421 
666 307 19 23 0.055047218 
1007 303 12 19 0.054838568 
872 262 27 34 0.053614292 
589 188 422 507 0.04790614 
974 337 16 20 0.046438437 
699 371 16 19 0.04641271 
528 409 14 17 0.04360627 
747 306 15 18 0.042682707 
743 330 25 31 0.03819246 
964 341 27 33 0.036213707 
41 198 50 67 0.03487294 
45 229 31 36 0.033620384 
148 337 34 33 0.03281053 
257 246 37 34 0.03197265 
94 246 55 81 0.03072467 
916 398 15 19 0.028801842 
876 277 26 32 0.02833582 
986 370 17 20 0.02699194 
740 285 25 30 0.026774159 
707 157 15 17 0.026407834 
968 15 34 42 0.02622427 
876 250 18 20 0.025330488 
772 540 32 32 0.024324844 
952 363 11 18 0.024187457 
492 405 17 21 0.024013752 
516 417 13 17 0.024007803 
846 297 16 19 0.023998426 
780 365 24 27 0.023965342 
792 290 14 17 0.023926117 
933 363 12 16 0.023902321 
395 316 13 16 0.023545604 
858 400 17 21 0.022729836 
479 260 25 33 0.022443904 
431 315 28 32 0.022283256 
274 215 384 467 0.022235554 
853 276 26 35 0.022006296 
745 364 26 28 0.021848097 
713 312 24 30 0.021595163 
463 119 55 65 0.021310994 
952 355 20 30 0.021232177 
855 408 14 20 0.021143561 
1000 386 15 18 0.021140298 
6 159 48 76 0.021065088 
439 380 27 32 0.021024885 
468 258 26 37 0.020666378 
4 257 15 23 0.020548334 
782 417 24 29 0.020035923 
