40_Gymnastics_Gymnastics_40_422
466
402 128 16 18 0.4079622 
670 517 8 11 0.24114409 
857 503 8 10 0.22666834 
867 541 8 11 0.22427915 
782 545 9 12 0.21607368 
861 493 9 11 0.17524746 
509 526 9 11 0.17207497 
839 504 9 12 0.17171296 
758 502 9 11 0.16631164 
781 520 9 12 0.16540779 
813 479 9 12 0.16529477 
785 471 9 12 0.15524586 
480 479 9 12 0.15037863 
292 236 17 20 0.13013238 
64 436 11 14 0.12641968 
855 526 7 10 0.11955099 
953 518 8 10 0.11768896 
246 473 8 12 0.117056824 
811 525 8 11 0.11501666 
936 502 8 10 0.11444668 
897 467 10 14 0.10862888 
394 312 57 61 0.107063144 
794 534 8 11 0.098030314 
975 519 8 9 0.09553542 
807 484 10 12 0.09431779 
374 503 8 11 0.09125222 
998 295 15 19 0.089858405 
872 492 9 11 0.088279694 
393 119 8 11 0.08701618 
874 488 9 11 0.086781114 
768 500 9 12 0.08604026 
463 552 10 11 0.08552975 
705 477 8 11 0.08462283 
636 510 9 11 0.08061455 
598 496 8 10 0.07725469 
848 526 8 9 0.07535896 
552 526 7 9 0.07402868 
806 576 9 11 0.0736301 
788 572 9 14 0.073382586 
437 537 12 15 0.07310076 
847 536 8 10 0.07289102 
7 536 9 12 0.07171792 
278 550 10 13 0.06841604 
822 564 10 12 0.06798182 
729 494 9 12 0.06611124 
1014 487 7 11 0.06603214 
234 228 15 17 0.065349974 
920 455 9 12 0.0652495 
916 508 11 14 0.06502435 
886 441 9 10 0.0648576 
496 551 9 11 0.06481415 
818 567 8 11 0.06463695 
726 462 8 10 0.06400505 
754 452 8 11 0.06394542 
839 557 9 11 0.06333109 
239 537 10 12 0.06306754 
809 455 8 10 0.06280772 
53 480 9 11 0.062221184 
872 551 10 13 0.059233032 
540 509 9 10 0.059203025 
269 307 12 15 0.058327742 
570 503 7 10 0.057899356 
325 304 12 16 0.05769374 
993 520 7 9 0.05745071 
537 504 9 11 0.05692831 
568 521 7 9 0.05645995 
1014 517 8 12 0.056388065 
805 544 9 11 0.055742245 
506 492 8 11 0.054859485 
961 510 8 10 0.054576956 
653 519 8 10 0.053626217 
136 422 13 16 0.05323098 
937 470 9 11 0.053003266 
951 541 8 10 0.052933168 
895 518 9 11 0.052926153 
525 519 9 11 0.05252039 
814 520 9 11 0.052014627 
840 445 8 11 0.051593293 
686 510 8 11 0.05133543 
385 278 422 511 0.050880972 
749 517 9 12 0.05062605 
935 520 8 10 0.05042895 
707 534 10 13 0.050355777 
585 504 8 11 0.05034472 
804 558 10 13 0.050217498 
888 550 8 10 0.04976154 
936 497 8 10 0.04950675 
823 481 8 10 0.049305 
927 525 9 12 0.04903322 
272 549 10 13 0.0486615 
241 494 7 10 0.048596546 
295 511 10 13 0.048592396 
673 464 8 11 0.048280038 
788 474 10 13 0.047265053 
1010 464 8 10 0.0470738 
1004 422 10 11 0.04654926 
864 518 9 11 0.046468444 
878 552 9 12 0.046367876 
487 528 8 10 0.046257205 
941 445 9 12 0.046077583 
856 507 10 12 0.045930468 
489 427 13 16 0.045917194 
886 461 10 12 0.045863263 
800 542 8 11 0.045712672 
720 463 8 10 0.04568068 
173 497 10 11 0.045643527 
999 373 10 15 0.04549365 
679 509 10 12 0.045369737 
679 537 7 10 0.04532746 
511 488 9 12 0.04524796 
318 485 9 10 0.045074772 
776 439 8 10 0.045011964 
864 538 9 11 0.044778503 
650 551 8 11 0.044677693 
753 501 10 11 0.044591535 
942 495 7 9 0.04444508 
688 517 8 9 0.044373106 
337 512 9 10 0.044239536 
838 485 9 12 0.04405027 
888 545 8 10 0.044006314 
65 516 9 11 0.043845627 
269 470 9 11 0.043833192 
844 454 9 12 0.04365417 
881 439 9 11 0.043489136 
230 470 7 10 0.04335747 
345 469 9 11 0.04330776 
760 526 9 11 0.04326915 
775 511 8 10 0.043186836 
25 526 9 11 0.043043002 
789 568 11 13 0.0427995 
312 559 10 13 0.04254736 
848 521 9 11 0.04241572 
687 466 7 8 0.042306196 
941 509 9 10 0.042263307 
928 520 9 11 0.04215778 
847 541 9 11 0.042146172 
464 566 9 12 0.042026367 
777 522 10 13 0.041830465 
665 513 9 11 0.041817747 
823 515 10 12 0.041378357 
813 455 9 11 0.041252937 
16 432 10 12 0.04124929 
478 510 8 11 0.0412115 
983 510 8 9 0.04116136 
513 533 9 11 0.04092354 
242 476 10 12 0.04086986 
804 549 10 11 0.04044695 
984 504 8 10 0.040333036 
255 539 9 12 0.039758872 
894 552 8 10 0.039737698 
806 431 9 10 0.039669205 
111 234 15 19 0.03966189 
931 502 8 10 0.039551523 
710 486 9 11 0.039549395 
368 525 11 12 0.03948354 
800 503 9 12 0.039053656 
864 559 8 10 0.03892968 
962 492 9 12 0.038768202 
462 509 8 11 0.038637232 
777 445 9 11 0.0385675 
894 542 8 10 0.038501024 
925 460 10 13 0.038366955 
772 502 9 12 0.03828089 
271 235 14 17 0.038215764 
244 430 9 10 0.03820304 
593 464 7 8 0.038120884 
574 503 7 10 0.038053785 
992 525 8 10 0.038046665 
454 559 8 11 0.038003996 
37 477 9 11 0.03798826 
750 510 9 12 0.037643358 
533 536 8 9 0.036886394 
49 484 12 13 0.036869254 
495 486 7 10 0.03663832 
962 487 9 10 0.036620867 
488 533 8 10 0.036497287 
1002 510 8 10 0.036411215 
752 471 7 9 0.036377687 
487 567 9 12 0.03583046 
359 524 10 12 0.03538034 
937 508 9 11 0.035371188 
278 493 8 10 0.035348013 
880 431 8 9 0.035333056 
735 455 8 11 0.03514734 
1001 471 7 9 0.034969974 
231 534 9 12 0.0349165 
264 551 9 11 0.034752842 
849 550 9 11 0.034614332 
966 448 8 10 0.034562442 
252 238 11 13 0.03428253 
722 526 8 11 0.03422324 
856 447 9 11 0.03416148 
977 513 8 10 0.034135085 
468 552 10 11 0.034062196 
942 503 8 11 0.03399604 
247 494 8 10 0.033598512 
265 476 11 13 0.033497218 
809 472 9 10 0.0334642 
965 510 8 10 0.033428006 
543 518 10 11 0.033318143 
517 535 8 11 0.03322534 
148 243 12 15 0.033166263 
779 477 8 11 0.033081997 
776 453 8 11 0.0329634 
223 486 10 12 0.032895036 
462 482 10 13 0.032887723 
392 481 9 11 0.03288411 
711 472 8 10 0.032654934 
959 536 9 10 0.032524537 
855 559 8 10 0.032457184 
854 576 8 11 0.03242905 
454 540 9 12 0.032321546 
246 539 10 13 0.032266855 
849 582 8 10 0.031984147 
610 527 8 10 0.031900723 
269 229 12 16 0.031825397 
880 517 8 12 0.03169757 
736 527 9 11 0.031594753 
204 542 9 10 0.031500887 
492 534 9 11 0.031490758 
362 429 10 13 0.03136446 
894 493 8 10 0.031324647 
813 471 10 12 0.031300824 
599 500 10 13 0.031275854 
302 479 9 10 0.031229548 
1005 502 9 12 0.031213123 
880 534 8 10 0.031207781 
839 541 9 11 0.03116814 
789 495 9 10 0.03068697 
920 517 9 11 0.030466512 
214 502 9 12 0.030457554 
0 451 10 14 0.030389562 
249 243 12 15 0.030385751 
73 480 9 10 0.03021692 
67 432 11 12 0.030206066 
634 516 8 10 0.030173507 
751 495 10 13 0.02998287 
913 504 10 12 0.029730773 
778 543 10 12 0.02971824 
248 519 9 11 0.029700136 
688 469 8 9 0.029688967 
256 525 9 10 0.029504644 
485 479 9 12 0.029491689 
494 479 8 10 0.029478345 
283 550 10 13 0.029412678 
0 540 7 12 0.029344872 
998 520 7 9 0.029273156 
861 452 9 12 0.029258944 
305 430 9 11 0.029253373 
869 536 9 11 0.02921416 
877 479 9 11 0.029150857 
879 423 7 9 0.029015338 
9 468 11 13 0.028919732 
454 565 10 13 0.028860983 
433 540 11 13 0.028828949 
880 455 9 10 0.028815983 
390 566 9 11 0.028626695 
886 456 8 11 0.028625956 
295 567 9 12 0.028453758 
408 125 15 18 0.02835908 
800 432 9 10 0.028332911 
975 476 9 11 0.02831765 
943 440 9 12 0.02795484 
928 510 9 11 0.027882552 
439 519 8 10 0.027803466 
942 471 8 10 0.027577106 
511 423 9 11 0.027574312 
929 416 8 9 0.027568826 
913 486 8 12 0.027568296 
190 524 9 12 0.027451182 
896 455 8 10 0.027402611 
802 486 9 11 0.027372397 
480 532 8 12 0.027362855 
464 555 11 13 0.027275303 
654 512 8 9 0.027176064 
270 464 8 11 0.027139334 
639 504 9 11 0.027100088 
832 558 9 12 0.027098846 
776 471 9 12 0.027065033 
745 511 9 11 0.02700875 
550 521 9 11 0.026987754 
757 448 8 11 0.026905065 
841 536 8 11 0.026896039 
625 480 7 9 0.02688405 
888 467 9 12 0.026707008 
529 542 8 9 0.026667021 
487 484 8 10 0.026587462 
782 447 7 10 0.026486209 
801 564 9 11 0.026481088 
847 557 8 11 0.026469892 
278 526 10 13 0.02646457 
967 543 10 12 0.026359085 
993 286 24 32 0.026235137 
816 447 9 10 0.026191521 
892 173 15 17 0.026182523 
861 510 10 12 0.026165485 
1006 509 9 12 0.026081802 
471 527 9 11 0.025973555 
471 479 9 11 0.02591762 
728 478 9 11 0.025872678 
316 565 9 11 0.025798948 
834 543 8 11 0.025778022 
937 544 8 10 0.025745736 
546 476 8 12 0.025734007 
457 481 9 11 0.025721561 
496 511 8 10 0.025698977 
889 414 9 12 0.025652025 
582 484 9 12 0.025650207 
383 500 11 14 0.025635429 
169 241 9 11 0.02559896 
243 229 13 16 0.02559412 
950 503 8 10 0.025593437 
879 504 9 10 0.025560314 
182 239 12 15 0.025530137 
866 547 10 13 0.025525568 
705 507 10 13 0.025326403 
713 492 8 11 0.02532126 
951 513 8 10 0.025319247 
768 462 8 11 0.025270768 
889 494 9 10 0.025249654 
558 526 7 9 0.025144415 
533 464 8 11 0.02509632 
968 479 8 10 0.024985634 
1 534 9 14 0.024924882 
900 518 9 11 0.024888463 
824 526 9 11 0.024864333 
105 543 8 9 0.024858788 
794 438 8 10 0.024841256 
600 509 9 11 0.024810044 
873 447 9 11 0.02473958 
312 495 9 11 0.024718443 
400 111 9 11 0.024696734 
386 297 95 96 0.024663858 
846 446 9 11 0.024580628 
646 502 9 11 0.024540147 
213 510 9 12 0.024533108 
929 497 7 9 0.024531161 
745 472 7 9 0.024487935 
904 535 8 11 0.024423765 
1002 477 8 10 0.02441473 
254 495 10 12 0.024408722 
887 518 9 12 0.024316058 
273 231 22 26 0.024261573 
861 524 10 11 0.024247365 
962 446 8 11 0.024197996 
519 486 10 13 0.024189116 
782 510 9 10 0.02418801 
831 471 9 11 0.024167532 
591 501 9 12 0.024161365 
773 566 9 12 0.024132123 
375 483 10 12 0.024045136 
511 572 12 14 0.024044948 
309 470 9 10 0.023998216 
719 493 9 11 0.023986984 
909 440 8 9 0.023867147 
981 374 8 10 0.023861304 
844 502 10 12 0.023844318 
961 463 8 9 0.023834886 
525 512 9 10 0.023809625 
961 479 7 10 0.023679359 
832 509 10 13 0.02362939 
895 431 8 10 0.023617348 
684 503 10 12 0.023611065 
208 512 10 11 0.023597833 
944 489 7 8 0.023575984 
328 519 9 11 0.023565993 
329 422 9 10 0.023508461 
871 518 8 11 0.023486875 
520 492 10 14 0.02347142 
-47 -4 466 522 0.023459375 
895 474 11 14 0.023413958 
926 544 8 9 0.023399062 
903 552 9 11 0.023372985 
889 485 9 12 0.023346083 
586 561 8 9 0.023335151 
853 550 9 11 0.023237178 
893 486 10 12 0.023188522 
174 239 11 13 0.023188226 
385 431 10 11 0.023164263 
675 536 7 10 0.023103133 
456 510 8 11 0.023038687 
880 444 9 11 0.022995628 
784 464 7 10 0.022705177 
681 115 14 17 0.022698382 
876 493 9 11 0.022648983 
583 508 8 11 0.022601973 
398 557 9 12 0.022565503 
889 526 8 10 0.02251393 
900 117 13 15 0.022462696 
831 484 9 11 0.022378772 
313 501 10 11 0.022354072 
830 479 9 11 0.02234333 
302 552 9 12 0.022272725 
983 486 9 10 0.0221968 
446 538 10 14 0.022193337 
791 538 10 13 0.022110851 
810 531 10 12 0.02206973 
944 544 7 10 0.022001976 
317 535 11 14 0.02197134 
189 239 10 14 0.021896228 
312 479 9 11 0.021873683 
918 487 9 11 0.021857983 
478 504 9 11 0.021847636 
900 463 9 13 0.021843674 
869 575 9 11 0.021725403 
640 480 9 10 0.021717018 
590 527 8 10 0.021666985 
545 471 9 12 0.021648312 
893 463 18 24 0.021644855 
893 524 9 12 0.021637296 
359 448 11 13 0.021541907 
605 509 8 10 0.021540243 
976 501 9 11 0.021533871 
501 558 9 11 0.021519208 
409 534 10 13 0.021469714 
937 549 10 13 0.0214281 
734 488 8 11 0.021279206 
519 542 7 9 0.021266589 
903 454 7 10 0.021225926 
318 509 9 10 0.021215802 
848 577 8 10 0.021201463 
534 541 7 8 0.021165222 
974 496 9 11 0.02113386 
400 329 39 35 0.021131735 
489 549 10 12 0.02112975 
575 471 8 10 0.021114994 
829 516 9 11 0.021074245 
832 430 9 10 0.021039885 
766 525 9 11 0.021010287 
714 464 8 9 0.02094932 
432 510 8 11 0.020945158 
270 543 10 13 0.020910852 
516 179 12 16 0.020887366 
782 485 8 11 0.020833503 
800 461 8 11 0.020812899 
708 527 10 12 0.02079857 
934 463 9 12 0.020671092 
599 552 7 9 0.02059964 
29 236 16 18 0.020583218 
896 558 9 10 0.020540074 
887 502 9 10 0.020531124 
958 553 8 10 0.020517677 
785 502 9 11 0.020498365 
449 560 9 11 0.020483011 
6 460 12 15 0.020421779 
707 503 11 12 0.020397171 
864 567 9 10 0.020392315 
912 472 9 12 0.020309618 
183 438 11 12 0.020276587 
472 518 9 11 0.020273434 
845 508 10 12 0.020231415 
655 480 7 10 0.020212691 
71 500 9 11 0.020188635 
396 119 11 13 0.020177245 
744 477 7 9 0.020170985 
705 482 9 12 0.020170486 
773 495 9 11 0.020164803 
592 533 7 10 0.020163756 
462 503 10 13 0.020148905 
111 527 9 12 0.0201335 
298 480 8 10 0.020109639 
1014 436 9 13 0.020097615 
841 460 7 10 0.020095306 
719 478 8 11 0.020034945 
328 307 15 19 0.020032965 
913 477 9 12 0.020024646 
