40_Gymnastics_Gymnastics_40_273
57
485 60 30 40 0.9997347 
754 66 31 40 0.9995449 
580 75 30 39 0.999529 
821 58 32 40 0.99947435 
390 122 31 42 0.9994135 
317 70 29 36 0.9993893 
98 111 36 45 0.99935883 
200 125 32 42 0.99928266 
299 128 35 45 0.99909115 
490 125 34 43 0.9988871 
793 124 32 42 0.99856657 
407 77 31 40 0.9985258 
231 65 30 38 0.9984559 
671 249 37 47 0.99822575 
592 126 32 41 0.9980446 
671 71 31 40 0.9979253 
893 127 34 44 0.99771225 
693 124 35 44 0.9977119 
180 229 35 45 0.9975331 
826 232 38 50 0.99310994 
550 273 36 49 0.9931035 
373 230 38 50 0.9929007 
147 67 30 39 0.99278367 
486 259 37 50 0.99197537 
331 132 27 32 0.48968452 
767 304 48 68 0.43022034 
423 283 30 36 0.31489724 
420 131 28 36 0.21979941 
752 285 51 67 0.12962511 
543 232 36 38 0.11458348 
739 257 48 60 0.084315985 
548 249 45 56 0.08357942 
649 214 31 42 0.078623384 
381 307 46 56 0.06542903 
605 192 36 47 0.060221177 
822 176 39 47 0.055938486 
559 234 34 41 0.04858918 
234 131 27 32 0.042720463 
747 240 34 43 0.039878 
905 205 40 51 0.03513746 
220 130 27 34 0.03498873 
366 184 31 35 0.03448804 
569 268 40 54 0.034033153 
68 179 37 49 0.033863362 
590 198 38 50 0.029817807 
727 243 78 97 0.028003601 
732 261 32 45 0.0279508 
836 169 29 31 0.026904503 
228 165 27 29 0.026403379 
750 136 36 43 0.025834868 
415 290 44 55 0.025019191 
281 188 40 48 0.024804031 
407 291 31 35 0.024552163 
844 111 32 35 0.023590768 
810 189 44 56 0.023316719 
378 188 34 38 0.022160217 
726 172 32 37 0.021968702 
