40_Gymnastics_Gymnastics_40_364
40
553 1230 136 97 0.9967853 
537 1135 166 237 0.3131864 
961 961 30 38 0.24054235 
730 1209 24 32 0.13183162 
849 1426 45 55 0.12976018 
969 1168 23 30 0.1296271 
816 7 64 80 0.10144931 
39 604 249 277 0.07843664 
-91 513 367 442 0.06288641 
819 1330 16 19 0.05325762 
43 1282 15 18 0.047930356 
359 1385 47 61 0.0409549 
996 1238 27 41 0.04026682 
370 1422 48 61 0.03932542 
595 1209 85 81 0.037928514 
869 657 151 194 0.03776866 
639 469 332 472 0.036266856 
82 1295 18 23 0.03614968 
24 737 17 20 0.036065888 
915 1264 34 39 0.033959027 
895 935 34 46 0.027548738 
632 1225 48 38 0.027419608 
879 934 56 74 0.025517303 
7 658 158 188 0.025138946 
907 945 45 63 0.024458745 
945 947 41 58 0.024073083 
372 1450 46 58 0.024047319 
386 1452 28 35 0.02404643 
355 1286 36 42 0.023455113 
134 1300 16 20 0.022540139 
667 1190 423 501 0.022178523 
726 582 119 162 0.022077369 
760 1305 19 20 0.021183992 
871 1318 25 32 0.020934295 
905 1239 49 58 0.020846497 
381 743 18 23 0.02061155 
807 1198 14 18 0.020540202 
958 1166 25 32 0.020478766 
494 1379 199 251 0.020407096 
7 478 35 47 0.02036687 
