40_Gymnastics_Gymnastics_40_920
87
122 160 62 78 0.99945945 
259 170 60 76 0.9993856 
395 173 64 81 0.9991073 
481 168 62 83 0.9981597 
569 149 71 84 0.99804735 
746 123 77 98 0.9944887 
316 436 16 22 0.3143633 
993 231 6 9 0.18990946 
959 222 8 11 0.105704784 
1006 215 8 12 0.08786622 
982 221 7 9 0.073418155 
990 255 7 9 0.07249403 
997 231 7 9 0.05856369 
970 239 8 9 0.051809907 
932 493 17 20 0.050024018 
985 254 7 10 0.046715613 
1012 307 9 16 0.045556773 
985 230 7 9 0.04470795 
984 248 7 9 0.044702284 
961 216 7 9 0.04464496 
999 246 9 11 0.044446778 
970 231 7 9 0.042519066 
920 62 8 10 0.042089127 
978 216 7 9 0.04160397 
390 398 36 45 0.041516714 
991 263 7 9 0.041414913 
1006 271 8 10 0.038830675 
1015 262 8 10 0.03534746 
983 279 9 11 0.03498187 
998 239 8 10 0.033918895 
967 214 7 9 0.033421073 
659 133 7 9 0.032208703 
936 72 7 10 0.0321049 
1005 276 8 10 0.03200435 
640 109 7 9 0.031876437 
993 237 8 10 0.031517774 
2 235 14 19 0.031305816 
975 232 7 9 0.03127994 
905 73 7 9 0.031268 
974 238 7 9 0.031174306 
969 209 6 9 0.030923517 
300 407 22 28 0.030752756 
1014 239 7 11 0.030498074 
1013 28 9 13 0.029970324 
720 379 25 41 0.02966254 
239 441 8 9 0.029259972 
993 226 7 9 0.02860448 
200 495 11 12 0.028580656 
1001 263 7 9 0.027988592 
991 269 8 9 0.0275937 
208 468 10 12 0.026837936 
1008 247 7 10 0.026226522 
3 216 13 17 0.026086885 
688 373 12 13 0.025843874 
275 426 14 20 0.025786962 
975 253 10 12 0.025661537 
1003 87 8 10 0.025439546 
991 248 8 9 0.025384627 
634 119 8 8 0.025378913 
984 239 8 10 0.02458038 
974 453 14 19 0.024237704 
221 437 9 11 0.023931542 
704 423 10 13 0.023851294 
255 440 9 10 0.023790613 
775 440 7 9 0.0236444 
1001 253 8 11 0.023362508 
1015 255 7 11 0.023345916 
26 534 9 11 0.02323989 
657 128 8 10 0.023091685 
948 434 13 16 0.023031427 
692 371 11 12 0.022852628 
15 167 8 10 0.022786854 
441 405 10 14 0.022670483 
664 135 7 9 0.022556463 
985 261 8 10 0.02236292 
952 207 7 10 0.022249078 
222 431 9 11 0.021920834 
925 518 10 12 0.021627609 
1007 254 7 10 0.021488447 
1007 263 8 10 0.021464657 
2 226 14 19 0.02124868 
974 112 9 10 0.020709272 
925 461 11 17 0.020691503 
679 425 11 13 0.02061692 
625 128 8 10 0.020363338 
42 7 30 32 0.020249823 
633 112 7 9 0.02024831 
