40_Gymnastics_Gymnastics_40_609
20
479 361 119 144 0.9849391 
485 125 50 65 0.12097244 
837 63 51 66 0.09693386 
553 6 43 53 0.05183742 
389 102 43 60 0.046307337 
884 331 36 43 0.03543347 
160 363 87 119 0.034394607 
872 92 36 46 0.033599302 
364 97 42 60 0.027890345 
571 88 45 53 0.0274718 
373 165 35 42 0.025991376 
495 100 49 66 0.025124691 
176 63 45 59 0.02484991 
585 117 35 43 0.02480959 
240 232 32 42 0.023935743 
248 352 40 51 0.023364998 
467 112 81 110 0.023054034 
733 129 28 38 0.021868294 
489 333 84 110 0.021453574 
834 90 40 49 0.020061722 
