40_Gymnastics_Gymnastics_40_47
75
594 67 65 96 0.99733776 
442 77 22 30 0.91921216 
333 40 25 34 0.80771065 
989 5 26 30 0.45938456 
4 133 22 28 0.43905017 
875 15 46 58 0.40922722 
84 44 16 26 0.24649441 
814 497 29 40 0.23362987 
156 236 22 29 0.20585196 
792 130 23 29 0.19031148 
100 112 27 34 0.18477733 
733 45 22 30 0.18438129 
42 134 19 25 0.17505586 
318 102 26 32 0.16159853 
358 110 34 41 0.13383262 
989 474 29 57 0.11912903 
780 36 26 31 0.07749246 
419 173 24 39 0.04916522 
368 100 29 33 0.048567805 
770 51 15 20 0.04741924 
549 78 16 21 0.04289512 
112 -55 386 482 0.042361572 
150 177 16 20 0.04170299 
88 104 32 37 0.039994083 
563 59 47 66 0.03953692 
693 163 44 59 0.03871291 
498 44 24 28 0.03814859 
895 37 36 43 0.037337597 
563 460 47 62 0.037293304 
164 119 39 46 0.037214033 
130 172 16 21 0.03681969 
499 407 117 154 0.036498126 
64 100 46 53 0.03567335 
594 26 30 35 0.0342483 
87 134 45 53 0.03379461 
304 104 27 32 0.033531588 
283 29 25 31 0.03342256 
752 64 43 54 0.032222968 
866 0 79 97 0.032022797 
498 88 24 31 0.031666465 
215 192 25 31 0.031072801 
90 35 17 22 0.028949209 
363 104 19 22 0.02894184 
39 121 30 33 0.027964626 
474 138 31 39 0.027692107 
212 197 40 50 0.027474802 
735 50 40 50 0.027246015 
664 34 29 41 0.026578747 
769 46 28 34 0.02598433 
137 168 23 29 0.025903238 
111 126 19 23 0.025600957 
308 72 17 21 0.025268381 
981 63 25 32 0.024761902 
723 33 28 36 0.024578204 
300 163 14 18 0.02426569 
754 94 54 63 0.023941712 
773 111 46 58 0.023573553 
37 25 16 19 0.02351138 
460 45 24 27 0.023452893 
153 94 49 58 0.023146046 
499 81 16 19 0.022935828 
584 20 48 60 0.022885798 
322 231 16 19 0.022767568 
506 100 17 22 0.022125304 
282 23 44 48 0.021942057 
96 542 30 34 0.021748357 
172 641 35 36 0.02170725 
223 183 21 28 0.0215876 
301 110 43 52 0.021419993 
376 103 18 20 0.02128616 
737 34 29 35 0.020906629 
78 199 25 29 0.020885872 
697 60 27 35 0.020796565 
125 159 27 34 0.020194748 
25 185 46 62 0.020103395 
