40_Gymnastics_Gymnastics_40_420
39
756 467 92 115 0.99974984 
595 412 87 111 0.99940836 
314 216 63 84 0.99888045 
242 193 65 87 0.99847335 
165 177 67 86 0.99823844 
475 395 80 102 0.99615496 
402 328 81 100 0.9934909 
385 293 57 75 0.48541975 
382 224 62 76 0.29136318 
280 203 63 88 0.284323 
330 494 48 82 0.26566416 
20 210 20 25 0.1254384 
366 312 55 79 0.1056879 
894 209 117 116 0.09729578 
2 560 191 238 0.058390442 
161 483 104 139 0.058012113 
26 208 23 25 0.05597194 
376 255 58 76 0.041964132 
190 371 29 43 0.038787793 
348 491 57 98 0.036028523 
746 243 13 16 0.034877643 
525 -48 432 470 0.034244727 
335 506 34 45 0.03168904 
802 284 15 16 0.031123694 
796 -9 212 210 0.027814182 
296 366 54 69 0.027197858 
215 172 73 99 0.026692739 
735 243 23 28 0.025616534 
316 110 16 18 0.025150096 
-9 817 280 325 0.025040854 
802 15 115 138 0.023534846 
341 325 57 85 0.023486147 
781 31 49 64 0.022728676 
45 430 106 110 0.02271147 
97 -46 425 499 0.02245738 
402 147 15 17 0.021566328 
281 410 56 73 0.021506531 
315 357 58 85 0.021126322 
266 430 51 67 0.020763807 
