40_Gymnastics_Gymnastics_40_668
160
390 183 99 114 0.99887913 
275 193 118 147 0.9988048 
186 72 116 126 0.9978154 
101 262 168 147 0.9977945 
653 193 75 90 0.9972753 
498 196 87 107 0.9907012 
861 208 99 101 0.9828383 
97 53 11 15 0.6152496 
692 77 11 14 0.5095028 
674 43 10 13 0.48723012 
980 275 15 19 0.4704368 
581 31 9 11 0.3751879 
798 46 10 12 0.3462842 
860 38 13 13 0.31290817 
611 44 10 14 0.24271536 
713 43 10 12 0.23664373 
752 36 8 11 0.22765303 
652 33 9 10 0.1927261 
557 46 10 12 0.18422724 
1 93 11 17 0.18106575 
183 237 132 156 0.17877391 
687 32 10 11 0.17392878 
875 32 15 16 0.16695265 
693 31 10 12 0.15408415 
89 39 7 9 0.1538134 
22 45 8 11 0.15091878 
17 74 11 15 0.14623316 
68 99 16 20 0.1394742 
412 635 98 136 0.13700037 
18 40 8 10 0.13311376 
781 56 13 17 0.13172042 
14 62 10 12 0.12648925 
760 249 11 14 0.1238829 
638 46 7 10 0.119807824 
230 444 95 109 0.114771515 
542 38 8 10 0.10865757 
24 92 9 12 0.1061858 
671 63 8 11 0.1053558 
436 92 11 14 0.104563 
22 432 30 44 0.098639116 
925 44 10 12 0.09834128 
318 178 128 138 0.09267809 
696 58 10 12 0.08851874 
107 77 10 13 0.080253124 
97 48 9 11 0.07613101 
80 75 9 12 0.07555638 
632 32 7 9 0.07472035 
788 54 12 15 0.073685214 
4 86 11 16 0.070476614 
605 31 9 10 0.07016357 
61 54 10 14 0.07007237 
0 125 9 17 0.06523085 
846 30 10 11 0.06439489 
671 69 10 13 0.0631994 
625 63 8 10 0.062341798 
847 60 14 16 0.06195683 
601 32 9 10 0.058838658 
634 45 8 11 0.057906043 
61 40 7 9 0.054158755 
22 86 9 13 0.053294748 
108 89 12 17 0.05293071 
518 31 8 10 0.05140322 
487 38 9 12 0.05136982 
657 73 9 11 0.04728112 
649 46 8 11 0.047274705 
209 149 174 164 0.04541055 
629 64 7 10 0.043009393 
554 32 8 10 0.04280357 
713 54 10 12 0.042107824 
655 47 9 12 0.04175228 
81 47 8 10 0.04009637 
86 45 9 11 0.038140293 
222 110 115 148 0.037887603 
910 36 12 16 0.037109405 
944 62 28 31 0.037059255 
756 37 8 11 0.036995765 
746 37 8 11 0.036696833 
608 40 11 14 0.036579773 
663 52 8 11 0.036191877 
914 30 13 16 0.036189277 
8 47 9 10 0.0357199 
855 31 13 13 0.035168104 
15 56 9 11 0.03510091 
94 40 8 10 0.034623966 
905 43 10 12 0.03319051 
552 40 10 11 0.03297182 
883 35 14 18 0.032463115 
563 45 10 13 0.032071628 
85 53 11 15 0.031662464 
60 46 9 11 0.031609718 
695 227 46 53 0.031257864 
613 51 9 11 0.031163206 
0 72 7 11 0.03108261 
916 36 13 16 0.030280216 
514 105 24 28 0.029382292 
68 485 85 110 0.028998131 
875 51 14 15 0.028993083 
30 69 10 12 0.028914014 
776 53 13 18 0.028747598 
541 33 9 11 0.028576862 
856 43 13 13 0.028215107 
623 32 8 10 0.027949734 
701 78 9 12 0.027878242 
712 58 9 13 0.027257947 
667 63 8 10 0.027118122 
473 41 9 10 0.026890354 
576 64 8 12 0.02675659 
514 31 8 9 0.02670459 
471 132 9 13 0.02587193 
30 75 11 14 0.025854789 
8 54 9 12 0.025422335 
857 33 21 22 0.02504364 
0 80 18 28 0.025010318 
6 77 9 13 0.024930561 
0 77 9 12 0.024865456 
1 150 16 23 0.02458181 
672 51 11 13 0.02434312 
675 61 10 12 0.024263058 
804 70 11 14 0.02408353 
615 32 10 12 0.024023231 
80 53 11 13 0.02398695 
26 213 15 16 0.023885429 
623 39 9 11 0.02387034 
70 88 12 14 0.023709254 
681 31 10 11 0.023659311 
757 32 9 11 0.023526283 
702 61 9 11 0.023492504 
622 56 9 10 0.023458298 
663 32 8 9 0.02343067 
7 117 12 17 0.023355948 
84 77 10 12 0.023254361 
631 38 9 12 0.02309091 
808 33 9 11 0.022669796 
609 61 9 11 0.022662265 
701 55 10 13 0.022658285 
921 104 11 13 0.022650197 
511 100 9 11 0.022324933 
528 39 8 10 0.022207472 
592 37 7 10 0.021996612 
891 44 10 12 0.021875616 
481 37 10 13 0.021441253 
79 59 11 13 0.021439692 
521 55 9 11 0.021355182 
769 54 9 13 0.021319784 
923 107 12 14 0.021239456 
664 39 9 10 0.021191783 
767 30 8 11 0.021111745 
638 40 9 11 0.021037329 
5 220 12 16 0.020955473 
876 42 15 18 0.020829523 
64 103 24 29 0.020694818 
851 55 14 16 0.020637693 
687 60 10 12 0.020528985 
56 520 55 70 0.020527001 
878 118 12 14 0.020335108 
994 488 31 48 0.020330267 
702 37 9 12 0.020155724 
29 101 11 14 0.020139692 
600 36 10 12 0.020121848 
710 79 9 10 0.020015873 
