40_Gymnastics_Gymnastics_40_260
70
196 527 32 42 0.99780124 
453 218 37 47 0.99208283 
1000 590 25 39 0.98158216 
65 527 25 33 0.960054 
800 542 22 31 0.9470704 
352 281 41 58 0.8422841 
768 538 22 31 0.48630735 
910 554 21 32 0.4815696 
638 645 9 11 0.14627877 
629 669 9 11 0.1381895 
55 538 28 34 0.12968639 
677 662 9 12 0.12857662 
670 646 8 10 0.12509157 
638 661 8 11 0.12092601 
648 631 9 11 0.10218999 
607 661 8 11 0.09771366 
859 554 14 16 0.0926641 
938 630 22 29 0.07602187 
606 655 7 10 0.07528459 
632 664 10 11 0.072693415 
638 655 10 13 0.062063638 
701 660 9 13 0.059837013 
778 533 14 18 0.059424486 
666 647 8 10 0.055883426 
279 572 21 30 0.053481255 
602 655 8 10 0.044319578 
683 630 7 9 0.042446893 
550 645 10 10 0.03918438 
550 636 12 15 0.038522977 
674 667 9 11 0.037284367 
657 656 9 10 0.036259234 
607 648 7 9 0.03570583 
548 605 10 12 0.03561678 
646 636 9 12 0.03544414 
866 653 13 14 0.033917006 
714 660 12 15 0.033265527 
51 544 21 24 0.03300013 
229 580 32 41 0.032548137 
864 73 26 33 0.032467008 
654 631 9 11 0.031830866 
921 554 15 25 0.030563701 
536 680 9 11 0.029519906 
663 653 8 11 0.029470596 
625 677 8 10 0.028458407 
631 676 8 10 0.027312838 
840 63 16 20 0.027123831 
902 557 18 26 0.02531152 
544 637 11 15 0.025254795 
577 228 15 18 0.024877066 
544 613 10 13 0.024215417 
670 641 8 10 0.024030669 
865 554 14 19 0.02382951 
558 645 9 12 0.023298124 
340 289 35 44 0.023031019 
590 668 9 11 0.022890257 
656 636 9 10 0.02284763 
687 639 8 10 0.02227172 
712 655 12 14 0.022205211 
671 653 9 12 0.0217598 
625 686 8 11 0.021696122 
545 645 9 11 0.021500345 
548 620 11 14 0.021311207 
897 79 29 35 0.021306932 
558 654 9 11 0.021070516 
885 672 15 18 0.020987555 
860 191 16 19 0.020738829 
583 669 9 11 0.020601185 
681 624 8 11 0.020506661 
74 545 17 26 0.020431263 
686 644 10 11 0.020334413 
