40_Gymnastics_Gymnastics_40_161
22
588 195 65 120 0.9562726 
385 10 84 89 0.7199948 
466 209 51 65 0.4809839 
157 372 267 276 0.14646009 
212 208 22 26 0.107181035 
246 204 25 32 0.0615869 
630 433 147 166 0.0551879 
345 482 20 22 0.0517363 
493 194 72 110 0.0280092 
532 186 82 119 0.026350496 
292 724 25 29 0.026244331 
466 205 34 40 0.025311334 
108 277 388 493 0.024894629 
587 285 420 473 0.024588017 
565 712 70 75 0.024475385 
665 733 19 24 0.024274241 
372 457 23 28 0.024249366 
459 220 39 41 0.02254889 
31 637 32 31 0.022097385 
182 185 17 19 0.020531936 
724 660 109 123 0.020162508 
811 186 18 19 0.020081786 
