40_Gymnastics_Gymnastics_40_762
52
580 460 120 137 0.99514836 
218 1071 34 45 0.33469662 
288 1122 40 49 0.31610328 
16 941 42 59 0.3020858 
595 130 33 43 0.15116353 
903 620 23 31 0.12765792 
245 341 34 43 0.11153241 
668 888 40 53 0.10836687 
908 463 27 37 0.104455106 
912 818 48 61 0.08905369 
329 622 49 61 0.08271248 
128 354 37 45 0.08260994 
489 1058 41 50 0.079445496 
656 767 41 63 0.07685797 
124 942 30 41 0.07627973 
162 1145 33 43 0.07141993 
574 1126 51 65 0.06309788 
141 341 41 50 0.05977723 
653 203 38 57 0.05384554 
895 624 41 57 0.049675483 
562 1004 29 37 0.04920961 
768 600 32 43 0.04735475 
988 1046 26 35 0.047035135 
119 1068 31 38 0.04682749 
151 521 29 34 0.04389699 
981 1104 34 44 0.03971902 
1 1126 28 49 0.03874772 
977 901 32 43 0.038697883 
338 1208 28 36 0.036517095 
669 1010 40 55 0.035976402 
124 405 47 54 0.035183918 
497 811 103 141 0.033820454 
762 76 220 297 0.0328542 
867 1113 31 38 0.032836124 
901 798 76 103 0.03240942 
783 828 33 44 0.028510606 
73 417 33 46 0.027495282 
801 716 32 39 0.027303424 
999 581 25 34 0.027247747 
114 272 30 38 0.026585123 
816 627 23 29 0.026243065 
899 473 48 61 0.025651226 
718 947 31 41 0.0252673 
156 329 30 40 0.0232501 
618 1276 130 124 0.022136353 
896 459 85 117 0.02159677 
430 651 42 55 0.021513987 
835 754 32 37 0.021214984 
109 360 47 60 0.021043269 
348 774 35 42 0.020657158 
664 1355 12 15 0.020616526 
972 1029 45 61 0.020006225 
