22_Picnic_Picnic_22_732
1266
282 601 13 18 0.9424925 
585 540 9 12 0.89572656 
847 618 15 18 0.8313368 
427 573 9 12 0.7920153 
148 590 11 14 0.75869924 
607 610 11 15 0.7449782 
668 626 16 17 0.688868 
576 557 10 13 0.6871338 
223 588 10 12 0.6601382 
240 573 12 14 0.64943594 
527 602 11 14 0.6262983 
295 544 8 11 0.60822034 
59 655 16 22 0.5391866 
790 547 9 12 0.5304254 
109 560 11 13 0.51581347 
517 560 10 12 0.49175838 
407 572 8 11 0.49045786 
724 581 11 15 0.4794148 
722 612 10 14 0.45715463 
215 608 10 12 0.44508603 
366 563 9 12 0.4362541 
182 558 10 13 0.42632845 
768 534 10 12 0.40529156 
656 589 10 14 0.4036894 
158 536 9 12 0.3992185 
255 583 10 13 0.38594696 
183 543 10 11 0.37269714 
150 522 7 9 0.3470472 
365 580 10 13 0.3447225 
591 588 9 12 0.34225836 
903 591 10 15 0.33857563 
990 569 9 11 0.33401698 
561 541 9 11 0.32470632 
194 528 8 10 0.30291352 
210 551 9 10 0.3023071 
640 544 8 10 0.30217236 
737 589 9 12 0.30012006 
552 589 13 16 0.29845354 
502 544 10 13 0.28119394 
592 583 10 13 0.27880353 
366 576 10 12 0.26617807 
184 548 11 12 0.26591653 
321 582 10 13 0.26401418 
241 555 9 12 0.25666973 
632 525 8 10 0.25482342 
261 534 8 11 0.24998225 
169 524 7 10 0.24949981 
336 613 13 16 0.24514854 
136 577 14 16 0.24081792 
744 634 12 14 0.2354414 
487 563 10 11 0.23473956 
144 594 11 14 0.23325479 
197 528 10 11 0.23269553 
628 604 9 11 0.22819015 
257 495 7 9 0.22695354 
88 526 7 8 0.22313914 
231 551 9 12 0.21449122 
507 582 10 13 0.21425496 
381 590 9 12 0.21119168 
215 630 13 16 0.21056274 
449 541 9 11 0.20137666 
327 521 7 9 0.19943658 
706 567 9 11 0.19846019 
759 624 10 14 0.19594564 
720 607 11 13 0.19356829 
510 575 10 11 0.19261009 
701 582 10 13 0.18787143 
171 521 6 9 0.18440165 
58 536 7 9 0.18412544 
1014 566 8 12 0.18226261 
472 559 7 10 0.18210523 
332 553 9 10 0.178967 
238 535 8 10 0.17796785 
528 548 8 11 0.17640106 
944 583 11 13 0.17346074 
680 573 9 12 0.17293482 
233 525 9 12 0.17130214 
366 587 10 12 0.17120607 
831 495 7 9 0.17088877 
561 536 8 11 0.16844605 
257 535 8 11 0.16826272 
5 550 10 13 0.16558789 
154 534 8 11 0.16137151 
514 30 202 201 0.15949506 
889 512 6 9 0.15922086 
425 527 8 10 0.15914507 
8 514 7 8 0.15859476 
513 526 8 9 0.15683688 
348 581 10 13 0.15674415 
537 573 10 12 0.1552231 
665 551 8 11 0.15490232 
664 572 9 11 0.15224126 
6 542 9 11 0.15177727 
896 519 9 11 0.15105282 
710 571 9 12 0.15097609 
174 520 8 10 0.15055461 
536 566 8 10 0.14969912 
257 520 7 9 0.14947635 
307 147 67 66 0.14879757 
925 535 9 12 0.14761908 
240 511 7 9 0.14741203 
968 534 11 14 0.1473047 
785 544 10 13 0.14715159 
63 567 9 11 0.14690416 
194 606 11 14 0.14644213 
342 518 8 10 0.14591679 
253 602 11 14 0.14510398 
617 549 9 12 0.14397044 
42 582 12 15 0.14347255 
392 599 9 12 0.14347033 
57 541 9 12 0.14295258 
716 550 10 12 0.14258116 
738 520 7 9 0.14192434 
513 564 11 12 0.1419027 
718 535 8 10 0.14039187 
629 567 10 13 0.13754524 
343 528 7 9 0.1369735 
872 509 7 9 0.13356856 
73 551 9 12 0.13315238 
78 555 8 10 0.13181627 
400 557 9 11 0.13106894 
48 659 15 17 0.13027854 
581 571 13 15 0.12943025 
61 548 9 12 0.1285141 
345 559 8 9 0.12838292 
360 524 7 10 0.12774576 
7 517 7 10 0.12719075 
653 629 9 14 0.12654154 
470 525 9 11 0.12495896 
122 582 8 11 0.12330496 
694 627 11 15 0.12296581 
889 534 8 9 0.12274399 
863 580 9 11 0.12266204 
654 511 7 9 0.121709675 
800 527 8 11 0.12123681 
815 502 7 8 0.1210071 
402 534 8 10 0.119768456 
624 600 9 13 0.11974347 
22 566 11 13 0.118484214 
447 625 9 13 0.116766654 
580 563 11 15 0.116165034 
526 535 8 10 0.11590355 
224 496 7 9 0.11576855 
509 588 9 12 0.114042446 
305 495 7 9 0.11350975 
234 532 10 12 0.11324728 
921 540 8 10 0.11295675 
733 624 12 14 0.11286476 
504 586 10 13 0.112459 
351 558 8 10 0.11200383 
24 519 7 9 0.111455135 
217 535 8 10 0.1112363 
337 518 7 10 0.111041434 
1006 565 10 13 0.110940106 
646 632 13 16 0.11016594 
711 526 8 9 0.10931006 
382 595 10 13 0.109101124 
621 548 9 12 0.108325444 
225 504 7 8 0.10831243 
294 525 7 10 0.108083464 
1 536 8 11 0.10799368 
238 519 8 10 0.10780729 
361 560 8 11 0.10771 
808 525 9 11 0.1076939 
345 540 9 11 0.10734766 
583 511 7 9 0.10733578 
345 535 8 11 0.10677537 
232 520 9 11 0.10675539 
465 526 9 10 0.106624834 
262 526 8 10 0.10574753 
402 565 9 12 0.10443096 
561 613 10 15 0.10441867 
72 496 7 9 0.10431809 
340 617 11 16 0.10429263 
61 542 10 12 0.104136035 
262 595 12 15 0.10396103 
783 533 8 10 0.10323819 
263 503 6 8 0.10321424 
429 521 8 9 0.102987334 
217 519 6 9 0.10251427 
74 516 9 11 0.1022599 
330 535 9 11 0.101569206 
178 511 7 8 0.10140941 
599 527 9 10 0.100592345 
512 521 8 8 0.10025925 
261 496 8 9 0.09957898 
826 495 7 9 0.09940535 
412 626 11 15 0.09927904 
263 590 9 12 0.09916642 
191 505 7 9 0.09912486 
488 517 8 10 0.09883729 
855 557 9 12 0.09785084 
632 521 7 9 0.09756713 
83 590 10 13 0.09740226 
182 584 10 11 0.096365415 
406 541 9 11 0.096328825 
742 520 9 10 0.096237004 
245 578 11 15 0.09614402 
312 560 8 9 0.09601111 
432 543 7 10 0.09565284 
262 520 7 9 0.09520815 
526 543 9 12 0.09495619 
288 495 8 8 0.09407368 
551 527 9 11 0.09361948 
507 550 10 12 0.09324166 
110 591 9 12 0.092844024 
46 548 8 11 0.09271938 
104 520 6 8 0.09267048 
240 540 8 10 0.09243609 
205 574 9 11 0.09204673 
701 548 10 12 0.091176435 
208 503 7 9 0.09093485 
858 494 7 9 0.09069392 
245 568 9 12 0.090633765 
935 510 7 10 0.09059879 
465 496 6 8 0.09052205 
16 501 8 10 0.09041702 
608 504 6 9 0.09038464 
141 495 8 9 0.08971943 
430 504 7 9 0.08950913 
61 536 8 11 0.08941679 
196 597 11 13 0.0888218 
999 566 10 12 0.0882142 
409 579 9 12 0.08795056 
556 583 11 14 0.08789075 
401 527 8 10 0.08788837 
977 520 8 10 0.08780747 
823 512 7 10 0.08747868 
977 464 8 9 0.08713113 
156 607 9 13 0.08703089 
759 497 7 9 0.08668707 
807 542 9 11 0.08665546 
934 469 8 10 0.086395055 
151 552 8 10 0.08638845 
246 588 10 12 0.08633262 
120 497 6 8 0.08590962 
269 596 11 15 0.08582559 
208 635 10 12 0.085687496 
367 597 10 14 0.08547129 
406 550 8 10 0.084877215 
210 605 10 13 0.084609605 
313 579 10 12 0.0844514 
370 496 7 8 0.084401764 
902 524 7 10 0.084393285 
392 495 7 8 0.08427253 
189 545 9 10 0.08421054 
358 543 7 11 0.084140256 
329 555 9 11 0.08384411 
591 521 7 10 0.08364592 
696 533 7 10 0.083636016 
209 544 8 9 0.08320895 
753 534 8 11 0.083040155 
549 547 8 11 0.08296273 
973 537 10 13 0.08265301 
831 533 9 12 0.082599185 
71 536 9 10 0.08252481 
992 519 8 10 0.082116336 
224 509 7 9 0.08206132 
307 119 99 119 0.08168689 
271 494 7 8 0.08143126 
578 512 6 8 0.08137867 
323 520 7 9 0.08136586 
105 495 6 9 0.08092303 
946 548 13 15 0.080919266 
89 497 7 9 0.08088047 
245 553 9 12 0.08040487 
638 614 12 15 0.07977946 
597 586 9 12 0.0795082 
769 529 8 11 0.079371735 
590 573 10 12 0.079150945 
88 560 8 10 0.07907576 
895 572 10 14 0.07889483 
377 588 9 12 0.0785441 
290 604 11 14 0.07853354 
650 519 8 9 0.078471534 
864 519 7 10 0.07828807 
761 541 8 11 0.07815268 
39 527 7 9 0.078057006 
830 527 9 10 0.07802373 
397 599 8 11 0.077920385 
73 512 8 10 0.07777334 
458 582 8 10 0.07758011 
592 524 9 10 0.07669345 
262 564 8 11 0.07650696 
54 595 10 12 0.07571337 
901 566 9 12 0.07557833 
992 447 8 9 0.07526988 
521 535 8 10 0.07522077 
665 526 8 9 0.07501419 
934 465 8 9 0.074958324 
902 535 8 11 0.0747902 
654 518 7 10 0.07442036 
512 597 9 13 0.07407124 
351 589 9 11 0.0739772 
586 589 10 13 0.07350023 
487 512 9 10 0.07329123 
630 580 8 12 0.073288724 
472 522 8 9 0.073020115 
392 520 7 9 0.07284302 
375 583 8 11 0.07279404 
991 541 9 12 0.07264001 
346 503 8 9 0.072537646 
1006 601 11 15 0.072194114 
184 520 6 9 0.0721152 
78 513 8 10 0.071771495 
998 521 8 9 0.07173022 
713 542 8 11 0.07122131 
489 528 7 9 0.07108497 
208 598 10 13 0.070928134 
425 519 8 10 0.070847176 
545 518 6 9 0.07083244 
198 591 10 12 0.07080092 
416 519 7 9 0.070693284 
625 510 6 8 0.070426315 
584 518 8 10 0.06986997 
543 512 7 9 0.06977599 
456 557 7 10 0.06956455 
681 552 8 10 0.06920937 
571 557 10 12 0.06915052 
441 497 7 9 0.068962395 
783 511 7 9 0.06888887 
743 525 9 10 0.06881829 
-1 630 8 13 0.068649784 
305 559 7 10 0.06864615 
413 588 10 12 0.0685209 
716 631 13 18 0.068288535 
798 532 12 16 0.06827951 
127 519 8 10 0.06816099 
558 528 7 9 0.06814532 
248 596 11 15 0.06807729 
88 502 7 9 0.067879565 
160 512 7 9 0.06764754 
265 510 6 8 0.067574844 
664 520 7 9 0.06743892 
351 542 9 11 0.067305654 
189 573 10 12 0.0668811 
121 535 9 10 0.06685973 
135 543 8 10 0.066859126 
719 600 11 13 0.0667895 
514 510 7 8 0.066621855 
880 549 8 11 0.06645136 
413 581 10 12 0.06629756 
251 612 11 14 0.06623588 
225 551 8 11 0.06615628 
831 648 9 13 0.06590323 
676 634 11 13 0.065824255 
646 613 12 15 0.06549285 
271 489 7 8 0.06545659 
800 511 7 9 0.06539935 
65 503 8 10 0.06533579 
155 613 12 16 0.06518555 
198 496 7 8 0.06505662 
2 554 9 14 0.06493404 
950 526 8 10 0.064866774 
271 544 9 12 0.064794324 
519 598 12 16 0.0647435 
268 592 10 12 0.06465639 
846 511 8 10 0.06456602 
648 526 8 9 0.06455871 
319 504 9 11 0.06448054 
408 505 7 8 0.064399846 
329 487 7 9 0.06430178 
360 589 10 12 0.06419576 
344 512 8 10 0.06393061 
624 534 7 9 0.063928075 
536 528 7 10 0.06349804 
188 566 10 12 0.063183405 
318 559 7 9 0.06301032 
273 511 7 9 0.06290891 
728 637 10 14 0.06268888 
240 496 6 8 0.06268317 
70 542 9 10 0.062671386 
685 575 9 12 0.06227339 
869 580 9 12 0.062220994 
144 533 8 10 0.062158026 
290 521 7 8 0.06160068 
1001 596 12 15 0.0614829 
480 565 9 11 0.061364427 
450 519 7 9 0.061225392 
895 535 8 10 0.061190736 
1 497 7 10 0.061129674 
856 533 8 10 0.06098581 
600 532 9 11 0.06034713 
998 534 10 12 0.060068097 
958 532 12 14 0.059983175 
678 568 8 11 0.059928227 
857 488 7 10 0.05989054 
673 567 8 11 0.059722893 
488 532 9 11 0.0596958 
522 540 9 12 0.05968945 
546 542 9 12 0.05960534 
359 639 9 11 0.059510108 
625 571 10 13 0.05936042 
190 581 9 11 0.059275225 
598 548 8 11 0.05916201 
63 519 9 9 0.059063017 
102 542 8 11 0.059025493 
294 480 7 9 0.05902292 
183 537 7 10 0.058688086 
650 504 7 9 0.058574583 
936 504 7 10 0.058440562 
997 540 10 12 0.058266398 
805 616 9 12 0.057841793 
242 503 7 9 0.057829075 
751 511 7 8 0.057790987 
783 557 10 12 0.057579137 
984 541 9 12 0.05756673 
878 462 8 10 0.05751605 
584 580 10 14 0.05750235 
717 541 9 11 0.05743199 
999 604 11 15 0.05739358 
983 503 7 9 0.057256997 
383 489 6 9 0.057226814 
265 488 7 9 0.057167873 
535 560 9 11 0.057119492 
921 480 8 10 0.057029944 
847 559 9 11 0.0570101 
518 527 7 9 0.05693123 
568 551 9 12 0.056793794 
751 527 7 10 0.05664295 
704 572 10 12 0.056591716 
498 542 8 12 0.056553047 
257 500 8 10 0.056096014 
232 497 7 9 0.055775337 
262 540 10 13 0.05516073 
697 543 8 10 0.055143133 
646 542 7 11 0.055116285 
756 645 13 15 0.055068605 
127 535 7 9 0.055039305 
701 614 10 12 0.054800805 
151 556 8 11 0.05479158 
543 495 6 8 0.054721072 
277 511 8 9 0.05439068 
928 455 7 9 0.05424448 
178 541 9 11 0.054183953 
672 503 7 8 0.054056447 
701 605 9 12 0.053956203 
120 502 7 9 0.05386566 
695 512 7 9 0.053728327 
424 604 10 15 0.05372626 
429 525 8 11 0.05365196 
553 519 7 9 0.053616814 
223 520 8 10 0.053382456 
258 563 8 11 0.053318642 
617 527 7 10 0.05329352 
146 526 8 9 0.053261746 
821 557 12 13 0.0531678 
160 519 7 9 0.05312503 
997 470 8 10 0.053056683 
504 535 8 10 0.052962735 
624 527 7 10 0.05286471 
368 602 10 14 0.05270888 
352 550 8 10 0.052659545 
727 621 10 13 0.052507687 
976 510 8 10 0.052507475 
39 520 6 8 0.052502673 
440 501 8 9 0.052501474 
799 504 7 8 0.05245136 
565 535 9 11 0.0524225 
640 535 7 10 0.052409083 
256 559 8 11 0.0522712 
310 494 7 9 0.05224337 
336 494 7 8 0.05186469 
249 527 6 9 0.05179657 
320 526 8 9 0.051796526 
662 596 10 13 0.051506545 
575 527 8 10 0.051407166 
416 560 7 10 0.051393297 
41 597 10 14 0.051352486 
401 552 8 11 0.051305126 
841 606 9 13 0.051281396 
541 578 10 13 0.05119612 
317 576 9 12 0.051165752 
385 494 7 9 0.051031947 
817 512 8 9 0.05095989 
793 520 7 8 0.05094068 
714 535 8 11 0.050811857 
729 528 6 8 0.0508013 
887 541 9 11 0.05076489 
104 526 8 9 0.050760284 
249 605 11 15 0.050734438 
42 543 8 10 0.050691765 
126 526 8 9 0.05063645 
823 517 8 10 0.050578028 
377 526 6 8 0.05043944 
440 609 12 15 0.050371356 
314 551 8 10 0.05026954 
206 526 7 10 0.05006802 
423 533 8 10 0.050045524 
981 465 9 9 0.050039858 
686 552 7 9 0.049942933 
398 589 8 10 0.049855907 
720 513 6 7 0.04982021 
294 521 7 9 0.049799778 
728 628 10 14 0.049798314 
655 534 8 9 0.0494657 
464 559 9 10 0.049049806 
976 524 9 11 0.04901846 
464 502 7 9 0.04897503 
334 540 9 11 0.048805512 
830 519 8 9 0.04863854 
257 525 8 10 0.04856753 
629 610 13 16 0.048495237 
378 511 7 9 0.048463237 
815 517 8 10 0.04842657 
135 559 8 11 0.048425686 
7 565 9 13 0.048406858 
260 582 9 12 0.04839542 
622 543 9 12 0.04833359 
424 510 8 9 0.04830706 
623 505 6 8 0.048271053 
399 521 8 8 0.048216954 
609 520 8 9 0.048166513 
690 513 6 8 0.047983255 
625 519 7 8 0.047932256 
165 535 8 11 0.04790442 
960 511 8 9 0.047714666 
291 548 8 10 0.04761707 
136 511 7 9 0.047596216 
122 519 7 9 0.04753994 
950 520 8 10 0.047367707 
993 470 9 10 0.047300212 
318 534 8 11 0.047119316 
847 518 7 9 0.047056332 
854 573 11 13 0.047032055 
663 603 12 15 0.04701097 
841 512 8 9 0.047002405 
848 505 8 9 0.046866916 
138 489 7 9 0.046849962 
441 622 11 15 0.046781432 
86 564 10 13 0.04671885 
912 534 8 10 0.046710856 
216 572 10 12 0.0465759 
639 527 7 10 0.046488523 
755 604 11 13 0.046477333 
733 637 12 15 0.046383046 
214 541 8 11 0.046235114 
159 558 8 11 0.046073742 
918 463 7 9 0.046057705 
591 546 9 12 0.046033237 
880 622 10 14 0.045953017 
602 603 11 17 0.045754932 
930 512 8 9 0.045691326 
3 517 7 11 0.04568541 
982 519 8 10 0.04551424 
162 495 7 9 0.045513738 
144 586 18 22 0.045503948 
815 497 7 9 0.045484606 
151 572 10 13 0.045403354 
944 510 7 9 0.04537044 
255 576 10 13 0.045364484 
810 495 7 9 0.04528168 
545 534 9 10 0.045263585 
710 579 11 15 0.045174193 
41 533 7 10 0.045066096 
454 552 8 10 0.04490169 
825 533 9 12 0.044899076 
999 524 10 11 0.044866033 
401 502 6 9 0.04485818 
759 535 8 11 0.044755545 
345 576 9 12 0.04473881 
80 568 9 12 0.044718128 
176 566 9 13 0.04455507 
768 608 9 11 0.044440966 
599 543 9 12 0.044423178 
712 520 7 9 0.0443615 
213 555 9 12 0.04431048 
862 489 7 9 0.044044122 
505 506 7 8 0.043961655 
690 502 6 8 0.043952983 
256 490 7 8 0.043858264 
318 552 7 9 0.043764703 
634 549 8 10 0.04375172 
695 518 7 8 0.04370607 
912 557 10 12 0.043663878 
405 536 8 10 0.04346079 
352 564 9 11 0.04345508 
213 598 10 12 0.04341415 
214 620 13 17 0.04324955 
306 489 8 9 0.043236557 
15 565 11 13 0.04321237 
296 536 7 10 0.042970724 
986 571 10 12 0.04290175 
218 590 10 12 0.042851973 
805 645 10 13 0.04281549 
310 487 7 9 0.042796735 
290 502 7 10 0.042748727 
431 548 10 11 0.042698413 
146 627 14 18 0.042618264 
470 532 8 10 0.042557664 
601 597 10 14 0.042445302 
24 526 8 9 0.042407777 
293 587 12 16 0.04232347 
193 488 7 9 0.042299714 
841 518 7 9 0.04210206 
262 574 8 11 0.0420894 
417 535 8 10 0.042042807 
465 533 8 10 0.041988526 
389 574 8 11 0.041983884 
652 610 11 15 0.041966222 
5 537 9 10 0.04185806 
455 520 7 9 0.041653216 
768 551 8 10 0.04163288 
129 565 10 11 0.041584924 
106 563 10 12 0.04151901 
615 496 6 7 0.041412346 
737 525 7 9 0.04140662 
71 568 8 11 0.041389655 
446 559 9 10 0.04138432 
703 510 7 8 0.04136764 
166 598 9 11 0.041332256 
8 643 10 14 0.041331697 
485 621 12 14 0.04128556 
392 591 7 10 0.04117789 
592 505 6 7 0.041168265 
62 557 8 10 0.041159693 
519 511 7 8 0.041150387 
278 519 7 8 0.04113402 
503 556 10 13 0.04111289 
295 583 10 12 0.04106085 
696 528 7 9 0.041023128 
650 511 8 9 0.041014142 
690 518 7 8 0.040959787 
568 513 6 7 0.040903796 
914 464 7 9 0.04090235 
271 560 8 10 0.040734064 
696 496 6 8 0.04049206 
517 573 9 10 0.040467367 
511 531 9 11 0.04039258 
176 505 8 8 0.040332176 
770 518 7 9 0.040293798 
399 583 9 12 0.04012354 
414 596 10 12 0.040091015 
769 588 9 13 0.040083706 
775 529 9 10 0.040000092 
249 535 6 10 0.039859388 
878 496 8 9 0.03978127 
897 524 10 11 0.03975388 
191 620 10 12 0.039728053 
952 531 11 14 0.03970091 
930 517 7 9 0.039613415 
332 607 14 18 0.039502338 
626 487 7 9 0.039424516 
44 594 12 15 0.0393978 
937 478 7 8 0.039347026 
704 558 10 12 0.03925161 
783 504 7 9 0.039016973 
783 409 221 255 0.03899184 
133 566 10 12 0.038990825 
944 554 11 15 0.038986005 
408 495 6 8 0.03889706 
15 543 8 11 0.038803563 
479 560 8 10 0.03869985 
205 580 10 13 0.038661584 
41 488 6 7 0.03862743 
888 516 9 12 0.038625933 
778 504 7 8 0.038617786 
822 644 9 12 0.038565326 
470 550 9 12 0.03856209 
935 535 9 12 0.03851098 
647 560 7 10 0.03850473 
820 640 9 12 0.03841198 
975 456 7 9 0.03839526 
662 623 13 17 0.038378056 
177 537 8 10 0.038370583 
86 584 8 11 0.038275834 
655 505 7 9 0.038226645 
122 527 8 9 0.03811615 
727 503 6 8 0.038082987 
746 503 7 9 0.038081564 
105 489 6 8 0.037983622 
704 505 6 8 0.03797836 
487 541 9 12 0.037971094 
982 536 8 11 0.03790877 
878 456 7 10 0.03782466 
345 497 7 9 0.037807155 
874 495 7 9 0.03776907 
407 634 13 18 0.03774205 
993 524 8 11 0.037694473 
760 501 7 9 0.03769136 
654 526 8 9 0.037678726 
878 503 8 9 0.03759032 
910 512 6 8 0.0374025 
634 543 8 11 0.037364207 
812 526 9 11 0.037345607 
166 496 7 9 0.037219904 
299 542 9 12 0.03720798 
981 596 9 14 0.03713549 
314 527 8 9 0.03709272 
328 512 7 8 0.0370644 
731 643 14 17 0.037061337 
544 594 11 16 0.037059948 
273 518 7 9 0.037041966 
424 541 8 10 0.03703921 
814 534 9 12 0.037004035 
785 518 7 9 0.036872935 
873 526 7 10 0.036849484 
550 532 9 11 0.03682705 
337 513 7 10 0.03680241 
407 489 6 8 0.0367845 
88 543 9 12 0.03675464 
374 495 7 8 0.036747087 
453 536 9 11 0.036736984 
249 496 7 9 0.036685895 
930 464 8 9 0.03664046 
776 550 8 11 0.03657333 
722 503 6 8 0.036544014 
328 606 11 15 0.03652872 
229 581 10 14 0.03641472 
423 612 10 13 0.03631529 
774 541 9 11 0.036140505 
126 31 47 82 0.036124546 
65 510 8 10 0.035995264 
393 502 7 8 0.035995103 
458 503 6 8 0.035972193 
881 543 7 10 0.035964105 
206 567 9 11 0.03595075 
390 542 9 11 0.035921976 
614 519 8 8 0.035911255 
346 552 8 10 0.035896666 
464 603 9 12 0.035832494 
408 509 7 8 0.0357901 
737 496 6 8 0.035782803 
506 520 7 9 0.035736933 
664 543 8 10 0.035722964 
378 489 6 8 0.035645097 
217 567 8 10 0.03552136 
200 520 8 10 0.035517577 
824 453 9 10 0.035517506 
95 548 8 11 0.035446145 
768 512 6 9 0.03541722 
141 490 8 9 0.03535865 
136 550 8 10 0.03535725 
711 555 10 13 0.035339233 
978 469 8 11 0.035233162 
995 600 20 29 0.03520909 
119 512 7 9 0.03515319 
321 496 7 8 0.035138186 
728 512 7 8 0.03510226 
440 560 10 11 0.035097662 
192 591 9 11 0.035083372 
519 520 8 9 0.035062134 
219 610 10 15 0.034969058 
665 534 7 9 0.034965 
463 564 9 11 0.03486846 
390 535 8 10 0.03486067 
791 503 8 9 0.034854297 
216 526 7 10 0.03482667 
640 520 6 8 0.034809165 
287 564 10 12 0.034805447 
541 565 8 11 0.034786105 
303 502 7 9 0.034757722 
449 548 9 12 0.03470376 
983 547 10 13 0.034621328 
29 563 11 14 0.034570545 
157 589 10 14 0.034533028 
470 543 10 12 0.03448627 
887 548 9 12 0.034352873 
421 620 10 13 0.034349844 
167 489 6 7 0.034336526 
318 565 8 10 0.03433422 
856 580 10 11 0.034182236 
457 587 10 13 0.03416871 
409 521 7 9 0.034164637 
385 520 7 9 0.0341195 
337 526 6 10 0.03401879 
798 518 8 11 0.033989582 
879 510 7 9 0.03387887 
673 510 7 9 0.033861347 
606 526 9 11 0.0338021 
750 519 9 10 0.03365597 
724 598 10 13 0.033625126 
493 565 9 11 0.03357029 
42 547 8 12 0.03355808 
482 621 8 12 0.03354695 
221 535 8 11 0.033512317 
782 644 10 13 0.033508185 
406 620 13 17 0.033445127 
430 535 8 10 0.033405226 
685 598 10 13 0.033401527 
221 574 9 11 0.033334844 
511 603 11 15 0.033302546 
209 497 6 8 0.033299766 
444 604 11 15 0.033290666 
829 554 10 14 0.033285446 
671 520 8 9 0.033229884 
271 601 12 16 0.03319316 
669 551 8 11 0.033180624 
538 511 7 9 0.03315107 
142 502 8 9 0.033085067 
560 628 13 17 0.033044223 
624 580 10 12 0.033013858 
801 618 10 13 0.03300676 
930 469 8 10 0.032865122 
748 642 14 16 0.032834128 
716 564 11 13 0.032828577 
350 496 8 9 0.032828078 
46 494 7 9 0.032786768 
195 495 7 8 0.032774854 
826 526 9 11 0.03275188 
185 569 11 14 0.032735523 
400 496 6 8 0.03269884 
949 541 12 15 0.03269267 
150 583 11 16 0.03267254 
127 496 7 9 0.032647584 
991 512 8 10 0.032628022 
527 520 7 9 0.032555293 
679 512 7 8 0.032513645 
460 575 10 12 0.032499373 
32 526 8 10 0.032490376 
736 512 7 9 0.032479744 
983 509 8 11 0.03242559 
887 529 9 10 0.03239593 
326 573 9 12 0.032368604 
558 519 7 9 0.032326385 
152 566 10 12 0.03232149 
205 591 10 12 0.03230565 
569 564 10 12 0.032171987 
414 540 9 11 0.03213605 
222 567 8 10 0.032127343 
295 502 6 9 0.032049034 
748 630 12 16 0.032036055 
713 512 7 8 0.032000426 
160 489 7 9 0.03192355 
350 535 7 10 0.031850386 
167 502 7 9 0.031848285 
32 589 9 12 0.031828854 
831 501 8 9 0.03179776 
545 527 8 10 0.03175866 
719 259 370 459 0.03173768 
-10 54 124 194 0.031724285 
680 534 8 10 0.031717673 
630 488 7 9 0.031712286 
797 598 9 12 0.031528234 
56 529 8 9 0.03152736 
97 544 9 11 0.03150382 
740 641 15 18 0.03148632 
705 527 8 9 0.03146629 
424 600 8 12 0.031458557 
552 505 7 8 0.031434987 
272 526 8 10 0.031372733 
287 591 12 14 0.031340767 
643 618 14 17 0.031322867 
1016 516 8 12 0.031315282 
165 589 9 13 0.031310633 
825 489 7 9 0.031296097 
672 487 8 8 0.03128636 
716 653 10 13 0.0312514 
199 567 8 10 0.031169154 
791 571 12 16 0.031148924 
424 568 16 23 0.031045131 
991 607 11 16 0.031003451 
605 542 9 11 0.030950679 
644 641 14 19 0.030738644 
449 525 9 10 0.030690886 
327 505 7 9 0.030650405 
906 511 7 9 0.030589856 
368 502 7 8 0.030541727 
88 531 8 11 0.030538024 
513 506 6 8 0.030496527 
246 502 8 10 0.030471396 
538 496 7 8 0.030338444 
414 566 8 10 0.03028351 
313 521 7 8 0.030257497 
808 548 11 13 0.030217173 
896 496 8 10 0.030195493 
999 463 8 10 0.030165903 
167 573 9 11 0.03013375 
186 525 7 10 0.030069808 
751 504 7 9 0.030060172 
507 542 11 14 0.03003906 
699 628 11 15 0.030004015 
362 504 6 8 0.029960668 
736 607 11 12 0.029951325 
32 495 6 8 0.029943332 
65 496 7 9 0.029922813 
7 496 8 10 0.029813852 
902 540 8 10 0.029797884 
417 512 7 9 0.029774422 
943 543 11 14 0.02974408 
816 557 11 13 0.029730495 
177 488 6 8 0.029694874 
279 543 7 10 0.029595083 
342 626 9 12 0.02959117 
488 503 7 9 0.029574001 
1013 559 10 15 0.029569786 
895 557 9 11 0.029525336 
1012 603 10 17 0.029488953 
169 567 9 12 0.02948629 
958 527 10 12 0.029477444 
696 502 7 9 0.029447194 
385 535 7 9 0.029378934 
577 570 10 15 0.029371606 
535 532 8 11 0.029362937 
503 564 9 11 0.029346466 
375 595 11 15 0.029270053 
655 543 8 10 0.02917316 
744 557 10 12 0.029119236 
0 608 9 13 0.029073663 
582 536 17 22 0.029070806 
200 543 8 10 0.029064251 
382 512 7 8 0.029049575 
382 584 9 12 0.02904328 
62 526 8 9 0.029039249 
761 511 7 9 0.029028585 
840 556 11 13 0.02902528 
406 527 7 9 0.02892286 
86 522 8 9 0.028885564 
104 502 7 9 0.02885241 
231 502 6 9 0.028836917 
578 518 7 8 0.028825065 
94 564 7 11 0.028820269 
405 559 8 10 0.028776696 
2 512 6 10 0.028775236 
879 671 13 14 0.028759975 
485 549 10 12 0.028665747 
114 512 6 8 0.028498424 
407 596 11 13 0.028464526 
15 510 7 9 0.028409585 
216 511 7 9 0.028407238 
881 519 7 10 0.028406776 
840 613 12 15 0.028373593 
732 584 11 14 0.02835703 
864 524 7 10 0.028312115 
138 502 8 9 0.028234774 
641 635 12 15 0.028218627 
838 497 7 8 0.028215168 
711 598 10 12 0.0281725 
402 488 6 9 0.02816921 
296 510 7 9 0.028113864 
590 567 10 13 0.02810887 
855 501 8 9 0.028028052 
670 571 9 12 0.027969498 
573 553 17 23 0.02794945 
217 495 7 9 0.027941205 
177 584 9 12 0.027849702 
710 587 10 14 0.027824413 
247 599 19 24 0.027747214 
417 489 6 8 0.02772037 
655 623 10 14 0.027697386 
184 623 9 12 0.02751025 
632 532 8 11 0.027500007 
272 504 7 9 0.027452726 
112 489 6 9 0.02743704 
159 572 9 12 0.027433097 
669 557 8 11 0.02743152 
458 497 6 8 0.027420053 
726 533 8 10 0.02741678 
687 527 9 10 0.027412226 
69 502 8 10 0.02740693 
360 596 10 14 0.027365914 
537 520 7 8 0.027351247 
464 521 8 10 0.027350182 
768 494 7 9 0.027342927 
464 487 7 8 0.027336927 
614 573 10 13 0.027316233 
895 447 6 8 0.02730521 
703 598 10 12 0.027289059 
25 512 6 9 0.027228389 
112 495 8 9 0.0272176 
589 536 8 12 0.02720365 
577 563 21 25 0.027190465 
239 488 7 9 0.027089642 
383 615 10 13 0.02708738 
353 636 10 12 0.027069746 
225 556 8 11 0.02700142 
946 519 8 10 0.026964488 
808 511 7 9 0.026922496 
664 503 6 8 0.026909875 
89 549 9 11 0.02690836 
663 630 13 17 0.026899137 
22 502 8 9 0.026842277 
4 611 11 14 0.026842032 
390 89 85 107 0.026770588 
488 598 10 12 0.026760178 
912 458 7 9 0.026736954 
471 620 8 12 0.02671071 
32 520 7 9 0.026654925 
857 519 8 10 0.026634224 
262 630 12 16 0.026631037 
301 604 10 14 0.026628723 
480 549 9 12 0.02662745 
855 527 8 10 0.026463466 
232 543 9 11 0.026430497 
382 61 217 218 0.026408074 
567 497 8 8 0.026404968 
328 480 7 9 0.026386978 
542 560 9 10 0.026353622 
5 666 15 18 0.02634729 
208 509 8 10 0.026292007 
106 555 18 22 0.026286446 
367 488 7 8 0.026270948 
729 519 7 9 0.026231648 
120 541 9 10 0.026227972 
496 588 11 13 0.0262194 
609 487 6 7 0.026143147 
686 556 9 12 0.026136145 
176 496 7 8 0.026131911 
982 524 8 11 0.026091082 
448 512 6 9 0.026058167 
744 534 9 11 0.026047861 
391 583 9 11 0.02599114 
479 519 8 10 0.025954237 
605 533 9 11 0.025936216 
440 480 8 10 0.02589969 
719 529 8 9 0.025893873 
788 366 9 12 0.025831731 
551 599 11 15 0.025807692 
810 521 8 10 0.0257826 
135 535 8 10 0.025779225 
451 626 11 14 0.025756119 
361 487 7 8 0.025664628 
792 526 7 10 0.025651691 
239 595 11 15 0.025598673 
329 492 7 9 0.025582416 
620 588 11 15 0.025555927 
120 576 9 12 0.025548127 
655 605 11 16 0.025543861 
774 607 8 10 0.025542395 
629 586 10 14 0.025526365 
761 627 12 14 0.025504105 
992 536 9 12 0.025418602 
276 582 9 12 0.025404233 
929 527 7 10 0.025388101 
671 534 7 10 0.02537316 
495 574 9 11 0.025333311 
358 548 7 10 0.02531574 
584 489 6 8 0.025292702 
13 548 9 11 0.02528283 
40 511 7 9 0.025275027 
880 535 8 9 0.025235988 
345 587 10 12 0.025235293 
288 489 7 9 0.025220215 
234 573 9 13 0.025179315 
912 563 9 13 0.025146842 
217 583 9 12 0.025133599 
455 525 8 10 0.02511433 
94 559 7 10 0.025104057 
871 518 8 10 0.025090674 
845 564 11 14 0.025084868 
817 643 10 13 0.025009146 
575 589 11 14 0.025001954 
597 572 9 13 0.024979947 
865 503 7 9 0.02494943 
810 502 7 9 0.02492985 
894 512 8 9 0.02491786 
360 512 7 8 0.024917364 
359 643 11 14 0.02491728 
503 595 10 14 0.024795054 
669 526 8 10 0.024742525 
778 511 7 9 0.02473414 
376 519 8 9 0.024733521 
916 564 11 14 0.024732262 
1000 606 21 37 0.02470331 
642 495 6 8 0.024697712 
223 489 8 9 0.024680099 
527 557 9 12 0.024669781 
472 510 8 9 0.024642227 
1006 462 8 10 0.02463793 
656 567 10 12 0.024599962 
296 653 10 13 0.02459925 
345 480 7 9 0.02457671 
721 496 6 8 0.024524482 
743 572 9 12 0.024455309 
21 665 14 16 0.024388332 
929 449 6 8 0.024387635 
695 575 9 12 0.024358353 
862 535 8 9 0.024326852 
775 518 8 9 0.024293007 
584 525 8 10 0.02428864 
401 618 11 15 0.02426547 
30 557 12 14 0.024262339 
1015 525 9 12 0.024221102 
737 503 7 9 0.024212943 
527 592 12 14 0.024211124 
616 33 198 205 0.024204694 
682 604 10 13 0.024152841 
504 604 10 14 0.024148626 
47 535 7 9 0.024101228 
717 574 10 13 0.024095649 
482 511 7 10 0.024093643 
631 559 9 10 0.024086429 
373 604 10 13 0.02407099 
224 525 8 11 0.024029778 
587 583 18 23 0.024021778 
31 595 10 14 0.023971027 
505 510 7 8 0.023957297 
279 505 7 8 0.023950173 
903 558 8 11 0.02391986 
376 534 7 10 0.023898149 
784 496 8 9 0.023818288 
960 504 8 10 0.023753686 
959 516 11 12 0.02372407 
616 504 7 8 0.023659525 
201 511 7 9 0.023651373 
504 526 9 10 0.023610383 
110 553 9 10 0.023562197 
584 506 7 8 0.02354106 
265 548 9 11 0.023461368 
532 590 13 15 0.02344918 
776 494 7 10 0.023373106 
392 525 7 10 0.023358759 
56 512 7 8 0.023328759 
925 627 13 22 0.023327824 
785 542 19 23 0.023322165 
566 573 10 13 0.023288028 
975 573 9 12 0.023261983 
805 456 9 9 0.023261517 
710 487 7 8 0.02319751 
753 496 8 9 0.02318568 
327 567 9 11 0.023175428 
557 605 12 16 0.023174154 
377 479 7 8 0.023165978 
18 527 7 9 0.023139624 
222 542 8 11 0.023119178 
879 526 8 10 0.023097988 
350 511 7 9 0.023058368 
40 575 10 14 0.023050081 
528 565 8 10 0.022994546 
830 511 8 10 0.022972832 
279 535 8 11 0.022926554 
527 503 8 10 0.0228911 
884 597 13 15 0.022880895 
863 611 12 15 0.02286233 
366 519 8 10 0.02284495 
719 518 7 9 0.022842545 
704 482 8 9 0.022812951 
814 550 9 12 0.022812625 
22 543 8 10 0.02280778 
764 651 14 15 0.022794424 
65 489 6 8 0.022724384 
416 496 7 9 0.022705989 
606 572 11 14 0.022668358 
631 494 7 8 0.022614334 
318 578 17 22 0.022567071 
295 485 6 9 0.022565242 
912 517 7 9 0.022545459 
841 617 14 20 0.02253094 
991 614 13 19 0.02249197 
433 487 6 8 0.022475349 
758 614 11 13 0.022464236 
824 502 7 9 0.022456177 
208 520 7 10 0.022435071 
793 604 9 11 0.022434475 
281 490 6 7 0.02242545 
479 543 8 12 0.022409892 
766 611 10 13 0.02238101 
528 573 8 10 0.02237587 
976 597 12 18 0.022369679 
873 488 6 9 0.022341512 
496 495 6 8 0.022336425 
670 542 7 10 0.022285944 
256 528 18 24 0.022232864 
838 527 9 10 0.022224573 
494 528 8 9 0.022204686 
95 496 7 9 0.022202088 
657 549 9 11 0.022175718 
942 465 8 9 0.022114795 
79 496 6 9 0.02204167 
143 510 8 10 0.022036621 
681 556 8 12 0.022027034 
353 527 7 9 0.022002889 
236 504 20 24 0.021982992 
157 565 10 14 0.021922883 
46 487 7 9 0.02191607 
554 489 7 8 0.02189719 
967 511 6 9 0.021883588 
1015 540 9 13 0.02187236 
468 605 9 13 0.021848843 
744 495 7 9 0.021847636 
456 576 9 12 0.021841666 
602 505 7 8 0.021817533 
479 662 12 14 0.021797985 
162 502 7 10 0.021795101 
367 610 10 13 0.021782735 
282 495 6 7 0.02171752 
219 584 19 22 0.021674743 
739 631 20 22 0.021634724 
975 596 20 29 0.021631757 
614 596 14 17 0.021626974 
384 525 7 9 0.021623109 
541 601 10 14 0.021585936 
495 533 8 11 0.021573635 
178 557 19 24 0.021572798 
287 558 10 12 0.021544032 
71 525 9 10 0.021492662 
895 539 8 12 0.021470567 
520 635 10 13 0.021442253 
693 659 10 13 0.021434834 
951 510 8 9 0.02140302 
543 487 7 9 0.02138367 
111 583 9 12 0.02136093 
303 511 7 9 0.021359975 
882 627 12 16 0.02131975 
271 534 8 10 0.02128636 
746 511 7 8 0.021276714 
641 512 7 9 0.021268558 
743 541 9 11 0.021234624 
321 479 7 9 0.021195218 
532 550 9 10 0.021131141 
895 479 8 10 0.021110645 
925 486 8 10 0.02108461 
41 494 7 9 0.021081425 
804 533 11 15 0.021075213 
500 538 18 24 0.021060845 
505 576 9 12 0.021053322 
943 504 8 11 0.021036137 
969 464 7 8 0.021028912 
849 462 7 10 0.020997973 
728 498 6 8 0.020981707 
414 574 8 11 0.020973055 
608 510 7 8 0.020966256 
57 556 8 10 0.020965967 
229 597 10 13 0.020944607 
888 553 10 15 0.020944484 
608 549 9 11 0.02092382 
0 640 9 16 0.020906677 
477 668 13 16 0.020885445 
312 541 10 12 0.020869568 
497 581 10 14 0.020857366 
743 565 10 13 0.020847786 
257 511 8 9 0.020805482 
846 571 12 15 0.020778991 
464 509 8 9 0.020776356 
705 520 7 9 0.020776259 
528 527 8 9 0.020673292 
639 557 9 11 0.020672461 
217 488 7 9 0.020661414 
334 488 7 9 0.02064466 
232 567 9 11 0.020615293 
241 588 11 14 0.020602357 
116 565 8 11 0.020595176 
646 497 20 26 0.0205948 
766 529 18 23 0.020586222 
792 488 7 9 0.020578176 
592 577 17 24 0.020574076 
860 618 12 17 0.020545552 
863 542 9 12 0.020541715 
247 674 12 14 0.02053614 
773 588 12 15 0.020525835 
250 489 7 8 0.020517007 
183 489 7 8 0.020496901 
809 488 7 8 0.020496327 
378 669 16 16 0.02048996 
98 519 7 8 0.020485187 
689 498 7 8 0.020435646 
656 495 7 8 0.02042569 
469 614 10 14 0.020406008 
0 621 9 17 0.020336123 
400 631 22 30 0.020325966 
120 490 6 7 0.020316202 
17 519 7 9 0.020302702 
54 536 19 24 0.02030179 
544 504 6 9 0.020272268 
688 625 10 15 0.02023638 
901 586 18 24 0.020220973 
351 631 11 13 0.020137763 
504 612 10 14 0.020135293 
772 653 12 14 0.020132422 
705 487 7 8 0.020123433 
202 636 10 12 0.020061243 
85 571 10 12 0.020031938 
440 487 8 8 0.020028671 
791 495 7 9 0.020023692 
632 617 12 16 0.020012196 
978 477 8 11 0.02000855 
