22_Picnic_Picnic_22_310
104
451 211 22 33 0.99318016 
647 225 42 57 0.98967826 
854 221 27 30 0.98597425 
268 207 47 61 0.9824875 
599 185 22 29 0.9807662 
515 276 22 30 0.92124486 
761 190 21 32 0.9097452 
667 184 35 44 0.6810294 
909 237 16 23 0.48956877 
146 274 14 17 0.47825104 
980 236 26 30 0.45550948 
19 510 18 26 0.27991754 
246 248 22 33 0.2704659 
652 184 33 37 0.21683794 
969 241 29 33 0.21675497 
178 280 14 18 0.20716499 
91 301 13 18 0.17646359 
916 214 10 13 0.119484924 
902 236 15 18 0.11387231 
993 234 16 25 0.102189526 
37 278 17 23 0.10093588 
111 279 10 12 0.08183601 
158 266 13 17 0.07734522 
498 238 9 11 0.07105561 
908 229 15 21 0.06876515 
912 219 11 15 0.067861214 
898 300 37 48 0.06070924 
728 245 31 40 0.0602571 
130 269 12 15 0.059348077 
217 247 21 30 0.058606494 
523 270 15 21 0.056958813 
925 196 14 19 0.056897886 
989 204 17 21 0.05363458 
238 377 16 19 0.051036343 
758 187 15 25 0.04975906 
711 263 32 39 0.049104273 
103 305 13 16 0.04732918 
161 268 20 25 0.04460943 
491 300 11 14 0.044022564 
687 195 20 25 0.043661546 
941 245 21 28 0.042613417 
503 246 10 12 0.04209793 
983 212 26 33 0.041964 
504 253 9 11 0.04147804 
836 221 13 20 0.040885825 
159 285 12 15 0.04044587 
740 239 26 32 0.03994909 
509 251 10 12 0.038198836 
215 244 12 17 0.03699184 
551 303 10 12 0.036936723 
219 273 18 23 0.036852192 
888 186 12 15 0.03655023 
536 307 11 13 0.036293652 
94 642 26 33 0.03577837 
503 189 11 14 0.034875076 
933 204 10 15 0.03462714 
221 258 25 30 0.034589067 
657 186 18 21 0.03447641 
162 263 13 15 0.03442011 
458 205 15 25 0.033776823 
131 269 20 26 0.03325168 
509 275 18 24 0.032887045 
836 233 10 15 0.0322153 
191 207 8 11 0.031841107 
104 278 20 25 0.030700479 
131 263 10 13 0.030528449 
143 280 12 16 0.029597154 
490 268 14 17 0.029304126 
29 280 19 22 0.02863428 
234 245 27 34 0.028384043 
479 242 13 16 0.026883274 
830 225 15 20 0.026818756 
214 254 14 22 0.026620723 
511 237 12 14 0.026345285 
511 286 30 36 0.025965462 
135 292 11 13 0.025744494 
115 275 12 17 0.025679005 
154 271 15 19 0.025351085 
527 277 16 23 0.02507433 
228 267 28 31 0.024154212 
219 264 16 21 0.024143817 
88 276 12 16 0.024051908 
918 205 12 16 0.023835031 
509 245 11 14 0.02313115 
826 214 8 10 0.023109093 
969 224 28 33 0.023013875 
420 704 25 38 0.022943826 
151 265 12 14 0.022859918 
965 209 15 21 0.022757832 
105 278 11 14 0.022613619 
484 240 11 13 0.022396129 
225 279 18 22 0.022148658 
182 236 8 11 0.022018377 
450 280 39 47 0.021965114 
963 212 23 30 0.021870472 
201 188 9 11 0.021767626 
99 295 21 26 0.021230709 
529 247 9 11 0.021202588 
533 259 11 14 0.02108785 
497 244 10 12 0.020925384 
677 178 18 22 0.020674184 
528 253 10 13 0.02056605 
908 216 20 28 0.020506738 
753 245 17 23 0.020025387 
