22_Picnic_Picnic_22_654
48
404 436 109 119 0.99829346 
398 766 362 456 0.1993281 
676 445 86 110 0.1679052 
509 301 9 13 0.09159676 
331 139 196 256 0.09091924 
373 852 113 99 0.0896214 
358 1095 98 125 0.07651919 
821 417 88 126 0.056603137 
410 1044 24 29 0.05596161 
430 872 69 68 0.055573247 
350 275 179 263 0.045080476 
554 372 8 11 0.04311551 
499 476 92 133 0.042335026 
748 300 39 52 0.0406186 
186 1116 34 38 0.040326413 
844 481 49 70 0.03432048 
236 58 364 471 0.032231133 
875 1316 46 52 0.030911058 
49 1010 345 451 0.030586613 
454 870 44 41 0.029911272 
373 834 78 71 0.02698579 
819 1308 47 58 0.026896311 
861 424 86 127 0.026820393 
583 327 9 11 0.026406603 
5 113 26 35 0.026189247 
583 319 8 10 0.025613666 
816 932 123 126 0.025333755 
587 374 7 10 0.02514365 
419 1053 15 18 0.024704343 
88 886 458 454 0.024214935 
551 328 9 11 0.024007818 
583 383 8 11 0.023957783 
447 126 9 12 0.023843206 
868 971 15 14 0.023823872 
746 1306 31 46 0.023727717 
983 568 16 20 0.023618085 
546 774 81 115 0.023503212 
552 335 9 11 0.023031384 
557 336 8 10 0.022439402 
393 1082 116 130 0.022252081 
541 484 87 138 0.022228241 
668 972 127 158 0.02216765 
521 1086 52 51 0.022101292 
581 853 366 449 0.022027817 
519 349 9 11 0.021999124 
578 385 7 9 0.021987371 
591 292 8 11 0.021719053 
-59 202 409 463 0.021171004 
