22_Picnic_Picnic_22_140
76
566 368 24 30 0.9945957 
312 341 26 35 0.98877597 
418 350 24 26 0.98544794 
785 380 26 33 0.9448547 
637 387 22 25 0.54032284 
922 431 16 24 0.4997482 
921 374 22 29 0.47941476 
877 377 31 33 0.26091772 
892 425 23 32 0.18740827 
613 449 22 37 0.18502654 
460 426 14 20 0.16470054 
928 378 24 28 0.10825729 
869 375 25 28 0.09525788 
630 379 23 28 0.07404392 
907 375 22 30 0.06570305 
885 389 32 44 0.063721746 
395 419 27 36 0.06331668 
626 371 16 19 0.06180135 
438 445 13 18 0.059150703 
903 423 21 33 0.055510994 
917 371 16 25 0.05410317 
81 361 29 35 0.050449144 
663 414 37 53 0.048815884 
552 407 14 20 0.048608948 
898 384 17 23 0.048422474 
857 411 24 38 0.044806052 
67 414 23 38 0.043159056 
381 451 12 14 0.042205423 
678 418 26 35 0.039392237 
395 396 17 23 0.038948666 
924 364 26 31 0.038414195 
595 527 25 42 0.038325872 
635 364 13 17 0.036493663 
0 374 10 16 0.035260443 
619 454 34 38 0.03521523 
634 370 16 20 0.034818336 
798 364 14 17 0.03385757 
937 369 18 23 0.03242017 
451 416 22 33 0.031951986 
649 368 22 27 0.03187742 
799 382 26 31 0.03151377 
744 447 10 11 0.031410947 
393 401 26 38 0.03136129 
478 464 14 17 0.030633649 
390 428 14 17 0.030206842 
619 410 17 18 0.029519107 
788 373 17 24 0.028878182 
351 472 12 15 0.028079445 
530 436 10 14 0.027692454 
645 378 24 28 0.026788494 
62 334 10 13 0.026268294 
792 364 25 29 0.026048101 
622 390 27 31 0.025855018 
618 374 21 30 0.025374841 
288 363 11 16 0.025297923 
461 447 13 18 0.025209548 
315 334 14 18 0.024821766 
598 450 26 38 0.023455199 
946 378 16 22 0.023165887 
471 565 13 15 0.022720136 
887 409 38 47 0.022598151 
683 459 38 52 0.022521952 
582 576 28 41 0.02236574 
733 448 50 48 0.022188546 
630 358 13 16 0.022091068 
657 363 13 16 0.022035245 
600 457 39 52 0.021389998 
956 423 15 22 0.021255422 
922 417 26 38 0.02087762 
272 549 12 14 0.020390648 
861 393 30 42 0.020388601 
20 350 185 264 0.020386016 
643 456 30 38 0.020347193 
858 368 23 30 0.020312836 
755 444 12 14 0.020268945 
425 377 15 19 0.020109825 
