22_Picnic_Picnic_22_537
61
546 575 207 198 0.98817724 
125 965 205 208 0.9723427 
377 772 161 183 0.964423 
703 558 57 72 0.63083804 
280 699 514 574 0.3072486 
298 692 215 232 0.19064987 
776 862 237 325 0.108068936 
1013 288 10 15 0.069240995 
711 1305 163 216 0.06879214 
76 850 225 282 0.06264721 
844 557 158 139 0.060172055 
708 469 413 418 0.059306774 
120 441 38 49 0.053866923 
1009 196 11 14 0.05060875 
87 1411 48 32 0.042763833 
911 276 11 14 0.042527262 
654 568 118 117 0.041932516 
908 183 11 14 0.04184559 
654 624 430 468 0.037752837 
227 801 336 422 0.03560513 
731 569 57 73 0.03466392 
334 1396 40 44 0.034603935 
445 1422 14 16 0.03326012 
482 506 314 386 0.0326601 
862 421 11 13 0.03256932 
943 259 12 15 0.032166798 
200 801 215 313 0.031895183 
313 1396 52 69 0.031704977 
76 1395 66 61 0.031513065 
11 48 28 36 0.03115433 
255 970 146 174 0.030451514 
1000 142 10 13 0.030390088 
563 768 372 438 0.030120885 
288 776 149 171 0.030004751 
796 471 209 271 0.029540177 
91 285 14 15 0.02841206 
440 1460 48 53 0.027840488 
486 1408 33 34 0.027392596 
846 454 35 38 0.027029209 
639 494 111 153 0.026986228 
726 558 40 48 0.02666543 
938 241 14 17 0.02570411 
935 280 13 16 0.025469102 
933 198 12 15 0.024748215 
229 131 14 16 0.02441252 
944 267 10 13 0.024399312 
816 -1 30 25 0.02422304 
327 938 452 549 0.024206236 
798 1336 109 150 0.023171036 
933 256 14 16 0.022833481 
179 559 377 405 0.022649422 
925 241 25 27 0.022072917 
612 488 327 339 0.021966193 
675 1287 141 178 0.02179182 
966 246 11 14 0.021723565 
972 239 10 13 0.02171118 
0 87 10 17 0.02167492 
406 647 218 284 0.021341551 
664 612 226 283 0.020831482 
782 1 13 11 0.020519359 
976 222 11 13 0.02006298 
