22_Picnic_Picnic_22_308
122
383 328 34 43 0.99580765 
954 190 55 83 0.98893076 
520 302 29 28 0.96530426 
565 278 24 31 0.86623 
816 261 12 15 0.6763905 
591 232 24 30 0.43593022 
694 249 25 31 0.37412566 
698 242 16 21 0.31907603 
801 278 11 14 0.3005358 
360 371 16 19 0.2354538 
242 254 11 13 0.23301664 
889 255 10 13 0.22180463 
765 255 11 13 0.21583758 
740 263 13 18 0.21331818 
693 237 15 22 0.20050825 
492 338 19 21 0.18023862 
638 236 11 14 0.15022247 
605 290 18 22 0.14802277 
633 235 10 13 0.14025648 
660 238 13 17 0.122675486 
630 231 10 12 0.1217955 
596 226 15 19 0.11772942 
832 289 10 12 0.10792336 
800 272 10 14 0.08593976 
838 270 9 11 0.0836624 
761 253 10 13 0.07909129 
661 196 10 13 0.07865591 
706 248 13 18 0.07651666 
588 313 26 31 0.072752066 
798 255 10 13 0.07082062 
601 244 17 22 0.06438224 
741 256 11 14 0.06279207 
725 240 9 11 0.057631698 
256 303 12 13 0.05552514 
624 228 11 15 0.05399325 
776 330 13 18 0.05361537 
820 257 11 13 0.05315742 
726 244 10 13 0.053133838 
621 234 12 15 0.053115252 
509 382 30 43 0.0524303 
613 236 11 15 0.05132059 
864 272 8 9 0.051155686 
655 242 13 17 0.05082126 
735 254 12 14 0.04956778 
833 268 10 13 0.0495312 
850 287 9 12 0.047485605 
856 271 9 10 0.04652457 
838 253 9 11 0.0456815 
472 342 26 31 0.043751393 
706 236 13 16 0.04247599 
485 340 15 19 0.04110975 
793 259 10 13 0.04028294 
509 290 15 21 0.03882724 
720 238 10 13 0.0384122 
837 275 11 13 0.037761845 
511 288 24 30 0.036917884 
745 268 13 16 0.036712833 
688 235 14 20 0.03650683 
461 381 37 46 0.035911735 
869 272 7 9 0.034419227 
694 230 13 18 0.03435035 
823 279 9 10 0.03226197 
633 207 9 11 0.032205544 
283 618 18 21 0.03217216 
645 242 12 15 0.031952996 
243 247 13 15 0.03163378 
732 246 11 14 0.03162028 
429 12 9 11 0.031050356 
856 276 9 11 0.03098353 
563 270 16 18 0.030003099 
482 375 45 58 0.029547326 
799 292 10 14 0.029499182 
783 248 8 11 0.029059352 
227 206 11 12 0.02904523 
280 200 8 9 0.028877849 
807 338 15 23 0.028855963 
245 267 14 16 0.02867674 
442 379 30 40 0.028529808 
447 82 62 65 0.028407197 
602 232 22 27 0.028123427 
838 264 9 11 0.027957432 
559 280 18 25 0.027702251 
657 202 11 13 0.027662888 
769 260 13 14 0.027042817 
664 325 17 20 0.027002573 
213 213 8 11 0.026834086 
593 247 23 30 0.026705127 
639 232 21 24 0.02648737 
848 264 8 9 0.026230713 
679 174 10 11 0.026174136 
835 285 11 13 0.026140692 
823 248 8 10 0.024169775 
282 175 8 10 0.024150874 
668 191 10 12 0.023996599 
626 221 13 16 0.02388962 
804 319 10 12 0.02371777 
732 252 21 27 0.023664834 
981 244 36 49 0.023559663 
602 221 14 16 0.023542983 
583 239 15 21 0.023416815 
236 266 13 15 0.023336193 
660 230 13 17 0.023273988 
770 254 12 12 0.023103034 
800 322 11 14 0.023037381 
558 268 14 17 0.022867797 
701 231 13 17 0.022761872 
658 245 16 20 0.022611191 
630 231 18 23 0.02246518 
829 262 9 10 0.022064477 
618 241 14 18 0.021916738 
580 228 11 14 0.021585979 
662 191 11 14 0.021569438 
758 248 11 14 0.021528112 
592 301 26 34 0.021487955 
912 160 146 189 0.02128601 
870 277 8 10 0.020907626 
832 255 9 10 0.020845503 
862 275 9 12 0.020763798 
1012 29 11 19 0.020320203 
418 495 26 29 0.020145677 
593 222 11 14 0.020076549 
764 248 13 15 0.020004662 
