22_Picnic_Picnic_22_561
60
202 472 124 148 0.9999485 
386 495 102 130 0.9999199 
583 757 65 76 0.13374536 
56 -21 425 528 0.095672086 
650 1147 16 18 0.085293114 
723 771 47 63 0.079833545 
477 1156 20 31 0.07716227 
388 1140 16 17 0.07691315 
465 1149 17 22 0.06999878 
779 180 15 20 0.056844804 
703 1151 28 29 0.05631584 
871 69 20 22 0.049179643 
418 1178 14 19 0.04824535 
978 1019 13 18 0.047582954 
509 1160 24 29 0.04582393 
365 1177 12 16 0.044593386 
892 101 16 20 0.0420974 
772 1142 12 14 0.041500345 
718 215 10 14 0.037426684 
585 1039 15 20 0.037158344 
381 1137 27 27 0.037094906 
364 1160 31 34 0.032778524 
462 423 12 15 0.03232569 
655 1114 138 131 0.032026194 
747 1139 27 27 0.030531583 
516 1151 24 31 0.030058868 
332 1141 12 14 0.030025268 
733 94 11 14 0.029860431 
333 319 23 32 0.029359793 
739 86 10 12 0.028875815 
736 70 13 16 0.028685084 
713 84 12 15 0.028549336 
993 22 10 14 0.027891535 
717 188 12 14 0.027866388 
748 212 44 55 0.026847878 
483 1160 25 29 0.02655454 
523 1162 14 19 0.026514519 
623 1103 12 16 0.025759475 
769 1161 16 18 0.025555713 
756 1133 14 16 0.025138728 
420 1100 12 14 0.024191994 
676 1150 13 17 0.02375964 
466 1140 18 21 0.023456678 
801 84 12 17 0.023001393 
85 427 35 39 0.022648541 
367 1141 35 34 0.022493772 
550 1060 12 16 0.022423739 
677 1109 11 14 0.022342496 
356 1146 13 16 0.022089912 
766 1142 11 13 0.022078022 
816 58 15 19 0.021980993 
748 1134 16 18 0.021483092 
763 122 11 13 0.021376178 
709 1123 11 12 0.02121355 
701 747 84 99 0.020979738 
699 145 13 17 0.020754555 
759 1102 10 13 0.020582221 
548 1160 13 17 0.020437773 
505 1110 47 49 0.020271456 
463 1135 29 36 0.020102795 
