22_Picnic_Picnic_22_313
83
160 304 29 38 0.99861133 
700 276 23 33 0.9976006 
304 310 27 36 0.99696213 
618 190 24 31 0.99367946 
648 339 21 28 0.6755053 
77 211 10 14 0.659872 
224 298 20 30 0.49140435 
771 355 33 42 0.3170246 
512 240 15 21 0.11389378 
764 284 11 15 0.11104313 
572 238 14 17 0.10297537 
243 599 11 13 0.08694862 
391 615 29 33 0.08307291 
742 266 20 27 0.08032349 
40 201 9 10 0.07696856 
785 375 19 24 0.076703414 
384 482 38 54 0.07660153 
759 278 11 14 0.06834946 
568 237 12 15 0.066275395 
429 620 9 12 0.057339754 
0 212 7 11 0.056079242 
289 633 12 16 0.052114073 
742 291 13 16 0.0506355 
746 283 12 16 0.04971068 
61 197 10 14 0.048119843 
55 216 9 11 0.0467854 
656 192 14 20 0.046784464 
0 206 6 12 0.04650683 
129 435 123 119 0.04593146 
567 455 26 29 0.045548737 
761 289 12 15 0.044675026 
73 208 11 14 0.041880805 
63 203 9 11 0.039573796 
966 182 9 11 0.039247956 
46 204 8 10 0.03699335 
371 633 14 16 0.03668623 
8 221 8 10 0.03646055 
608 14 10 12 0.03570548 
355 609 29 32 0.03566568 
333 620 23 26 0.03548931 
270 634 13 15 0.035474062 
647 356 16 24 0.03472096 
950 156 11 12 0.03308939 
56 238 9 10 0.03281965 
560 222 8 11 0.03223973 
45 200 7 10 0.032007333 
390 558 10 12 0.029938867 
407 590 11 12 0.029590776 
656 342 22 29 0.029303692 
983 182 7 9 0.029237203 
362 623 25 27 0.02882692 
769 356 20 27 0.027749762 
789 299 12 15 0.027138483 
543 248 11 15 0.026948338 
795 257 42 54 0.026451873 
397 557 10 12 0.026420942 
400 590 10 11 0.025939032 
347 620 17 22 0.025854142 
192 309 22 28 0.024807388 
572 210 25 28 0.024340063 
92 274 474 492 0.023531333 
262 634 13 19 0.023467507 
958 181 12 14 0.023459664 
335 626 14 15 0.022732807 
81 166 9 13 0.022411145 
61 220 9 11 0.022339918 
238 602 23 26 0.022298492 
214 303 22 30 0.022096323 
23 197 9 11 0.022028353 
468 637 15 18 0.021921739 
953 183 9 12 0.021877972 
789 283 13 17 0.021637682 
350 620 27 28 0.02137815 
73 206 18 24 0.021174045 
189 296 23 31 0.020828312 
13 215 8 10 0.020750385 
765 362 52 57 0.020660935 
717 323 40 50 0.020611236 
411 617 14 19 0.02052394 
56 205 8 10 0.020515922 
391 552 9 12 0.02050049 
98 196 9 11 0.020156993 
658 14 12 15 0.020116607 
