22_Picnic_Picnic_22_444
204
401 350 9 11 0.6573692 
295 396 10 14 0.6421209 
375 416 10 13 0.5912173 
211 400 14 18 0.50394803 
534 327 9 11 0.5001197 
207 405 12 16 0.4096399 
568 332 11 13 0.38456017 
680 336 10 13 0.3830373 
509 400 15 18 0.37861305 
454 336 10 12 0.3690194 
637 347 9 11 0.36443344 
621 427 11 15 0.3164951 
505 336 9 11 0.2901278 
503 386 11 14 0.2853892 
429 372 8 11 0.20750505 
137 347 11 13 0.2070529 
584 392 13 16 0.18265454 
813 348 10 13 0.17131059 
519 365 9 13 0.15857063 
607 328 8 11 0.13648298 
425 368 9 12 0.12465275 
449 340 9 12 0.120853305 
406 383 8 12 0.1198856 
530 328 9 10 0.09663408 
810 350 9 13 0.09518051 
466 320 10 12 0.091439135 
380 415 11 14 0.09007466 
765 336 9 10 0.0891834 
495 335 8 11 0.084895745 
717 334 9 10 0.08461588 
650 358 8 11 0.07950333 
593 365 9 12 0.07535094 
524 365 10 12 0.07515248 
577 352 10 12 0.073248595 
227 421 11 15 0.07182373 
634 344 9 12 0.07137172 
399 345 9 12 0.063209094 
797 336 8 10 0.06306533 
581 425 14 17 0.062379528 
170 348 9 12 0.058190707 
510 371 11 13 0.058088724 
811 355 11 16 0.057947755 
519 325 8 11 0.057322383 
433 399 9 11 0.055227768 
673 339 10 13 0.05470484 
583 381 12 14 0.053696733 
540 326 10 11 0.053591996 
780 350 11 13 0.05167621 
507 383 11 14 0.051614124 
623 379 9 11 0.051286288 
511 319 8 10 0.050669596 
588 306 13 15 0.050603807 
395 350 9 11 0.049329486 
203 405 10 14 0.049139086 
819 346 11 14 0.048816867 
246 318 8 9 0.048283573 
459 334 11 13 0.048267838 
210 340 10 12 0.046130676 
581 355 10 13 0.04586275 
509 338 9 12 0.045717053 
535 321 9 11 0.045584433 
592 359 9 12 0.044757545 
497 388 11 14 0.044740543 
543 320 10 11 0.044247694 
405 355 8 11 0.044244625 
500 383 19 25 0.043797653 
584 376 11 12 0.043686517 
398 367 10 13 0.043637242 
722 346 9 12 0.042783864 
505 403 12 16 0.042439763 
702 263 199 231 0.041763805 
140 355 11 13 0.041145645 
807 344 10 13 0.04087692 
921 312 9 10 0.040109653 
798 340 8 11 0.040059093 
624 358 9 11 0.03980145 
478 421 9 11 0.039738085 
565 437 12 15 0.038281128 
496 340 8 10 0.0379118 
565 463 37 42 0.037695788 
495 364 9 11 0.03747277 
262 387 10 12 0.037008014 
552 327 9 10 0.03666921 
576 426 11 16 0.03632031 
215 406 20 24 0.035702463 
370 415 9 12 0.03565077 
717 326 9 13 0.035636764 
589 333 9 12 0.03526877 
550 316 10 12 0.03511328 
557 327 9 10 0.03498427 
769 317 9 12 0.03494291 
655 379 8 11 0.034552194 
549 414 11 13 0.034334254 
687 314 10 13 0.034231268 
369 359 9 11 0.034076683 
664 336 8 10 0.0339176 
138 320 8 11 0.033775263 
505 318 9 11 0.03370829 
292 393 18 22 0.03362345 
519 320 7 10 0.03352228 
535 384 9 10 0.032976244 
519 359 9 12 0.032652825 
242 319 6 9 0.032108635 
601 326 10 12 0.0320251 
505 311 9 11 0.031776436 
571 328 11 13 0.031768795 
423 319 8 11 0.031723574 
542 414 11 14 0.031699795 
264 312 10 12 0.03169912 
615 366 9 12 0.031602215 
218 397 12 15 0.031597655 
221 415 20 25 0.031001646 
631 358 8 11 0.03084291 
631 320 8 10 0.030511875 
585 327 9 11 0.030379444 
254 413 10 13 0.030313723 
434 390 9 12 0.030262033 
621 327 8 10 0.030054945 
358 415 10 13 0.02980282 
173 344 9 12 0.029785292 
647 334 10 11 0.029617934 
143 319 9 11 0.029559063 
256 385 13 16 0.029414402 
486 419 11 12 0.029384507 
151 347 10 13 0.029131724 
655 343 8 10 0.029057862 
681 329 9 12 0.029032536 
558 318 9 11 0.027987499 
488 364 10 11 0.027976537 
471 323 200 219 0.02793688 
495 303 9 10 0.027914623 
615 326 9 11 0.027897956 
584 342 9 11 0.02783682 
271 294 7 9 0.027290815 
552 333 10 11 0.0272254 
517 397 23 27 0.027117798 
236 421 12 16 0.027117742 
279 303 8 10 0.027013363 
447 327 9 12 0.026666936 
520 310 8 10 0.026626986 
488 341 9 11 0.026584523 
615 307 11 13 0.02616772 
565 429 13 16 0.026163345 
616 392 10 13 0.026121074 
491 334 9 12 0.0259347 
298 391 11 13 0.025523352 
762 339 9 12 0.025276268 
423 335 8 11 0.025255298 
527 319 9 11 0.025096064 
337 359 8 11 0.024688533 
48 286 9 12 0.024685824 
598 319 9 11 0.02463636 
494 395 10 13 0.024576094 
766 326 10 12 0.024514707 
526 311 9 11 0.024384525 
525 350 10 12 0.024238214 
589 371 11 13 0.024155868 
378 380 8 10 0.023943484 
622 320 8 10 0.023849018 
264 350 10 12 0.023831721 
262 411 12 13 0.02372828 
59 100 16 19 0.023548465 
491 419 12 13 0.02354049 
647 351 9 10 0.023170413 
157 342 9 11 0.023143481 
72 334 9 11 0.023130018 
382 381 8 10 0.023078343 
624 351 8 11 0.022912769 
149 318 8 11 0.0228665 
685 328 10 12 0.022863097 
346 446 10 13 0.022817079 
381 342 8 11 0.022691611 
432 381 9 12 0.02257616 
621 301 10 13 0.022431273 
807 362 11 15 0.022225268 
472 359 8 12 0.02218789 
616 433 12 15 0.022057649 
618 373 9 12 0.021859592 
397 345 18 23 0.021811454 
807 334 10 12 0.02176082 
393 356 9 11 0.021681407 
721 301 9 11 0.021646382 
289 402 11 14 0.021606855 
519 350 10 12 0.021584079 
269 311 9 11 0.021550698 
407 375 8 11 0.021441892 
336 373 9 10 0.021366006 
591 316 9 12 0.02131802 
703 325 9 12 0.021275638 
807 349 19 26 0.021268066 
502 359 9 11 0.021264127 
438 360 9 11 0.021128347 
925 310 8 10 0.021109032 
654 350 8 11 0.021101028 
519 304 8 10 0.021063741 
589 326 9 11 0.020822693 
647 342 9 11 0.02078348 
567 318 9 10 0.020760966 
502 365 11 13 0.020718163 
135 338 18 23 0.020710267 
472 419 10 11 0.020543793 
494 413 10 13 0.020521672 
572 435 12 15 0.020402262 
441 369 114 123 0.02013732 
