22_Picnic_Picnic_22_36
85
637 227 31 41 0.99905723 
286 506 25 33 0.9961061 
458 442 36 40 0.9946877 
637 646 41 56 0.96532536 
775 435 45 72 0.9075058 
218 658 66 84 0.7239185 
174 485 40 54 0.6526631 
130 506 38 63 0.5350254 
615 545 28 47 0.43486845 
146 495 43 58 0.3705274 
690 570 28 50 0.339015 
504 568 25 44 0.31239393 
119 700 64 64 0.27809817 
810 282 13 15 0.27548623 
45 367 16 22 0.25784376 
200 679 68 82 0.25415674 
707 292 14 18 0.15544401 
38 363 14 17 0.14789107 
712 583 59 98 0.1318677 
165 702 74 58 0.110047475 
70 507 38 68 0.09876493 
892 643 11 13 0.080228746 
563 334 9 10 0.075442396 
104 678 59 74 0.07080454 
792 275 9 13 0.06978132 
700 612 45 75 0.062248062 
810 291 15 18 0.059575308 
804 342 12 14 0.058939137 
797 271 9 12 0.0586199 
553 565 21 39 0.056103352 
624 657 38 47 0.054741766 
382 282 9 12 0.046414196 
691 630 34 47 0.045050763 
212 659 41 50 0.0441291 
480 353 8 10 0.04252433 
803 347 14 17 0.04237373 
52 363 18 27 0.040972088 
609 658 35 44 0.03986461 
813 349 11 14 0.039206196 
812 342 12 14 0.036636062 
803 441 56 64 0.03637744 
544 333 9 12 0.03601534 
35 379 21 28 0.03491257 
379 333 12 16 0.034726463 
884 709 66 61 0.033271424 
32 363 13 17 0.033228815 
145 486 26 48 0.033025812 
905 606 27 34 0.032824144 
797 276 10 14 0.032749254 
472 436 19 23 0.030694515 
15 213 10 11 0.029987477 
559 326 11 12 0.02982828 
549 327 9 10 0.028790701 
807 298 14 17 0.028287927 
554 286 8 11 0.02794743 
379 284 8 11 0.02790757 
118 519 37 63 0.027497228 
181 647 67 71 0.027229736 
420 371 13 16 0.026922159 
588 605 28 45 0.026151482 
833 434 50 69 0.025587713 
44 359 13 18 0.025260782 
659 642 51 67 0.025162162 
545 328 9 11 0.025037315 
460 326 8 11 0.02471002 
590 636 50 65 0.024686312 
258 207 7 10 0.024422113 
549 334 8 10 0.023715684 
457 317 8 11 0.023186447 
794 252 8 11 0.023062272 
796 375 28 33 0.022979056 
457 313 8 10 0.022882657 
589 549 26 38 0.022860626 
810 330 13 16 0.022724954 
317 552 16 18 0.02270109 
969 664 9 12 0.022660227 
564 555 25 41 0.02193105 
369 302 9 11 0.021666856 
43 393 15 19 0.021245146 
797 383 16 21 0.021223115 
793 247 9 11 0.020879634 
581 554 22 36 0.020799639 
309 542 27 29 0.020697499 
797 254 9 11 0.020376261 
797 262 10 12 0.020092318 
