22_Picnic_Picnic_22_152
69
128 233 39 64 0.97909194 
407 218 39 44 0.9309493 
594 146 40 45 0.8899399 
862 386 41 76 0.844885 
108 365 45 72 0.31128192 
180 420 40 35 0.29699734 
618 462 24 26 0.291425 
316 389 33 36 0.1895979 
707 420 20 21 0.18740112 
603 418 37 44 0.12901223 
23 619 156 117 0.086973764 
324 393 18 19 0.07917892 
641 422 25 28 0.07907437 
-35 573 274 176 0.073875956 
690 427 17 18 0.064707726 
297 397 33 37 0.0596612 
718 357 11 14 0.057316616 
91 394 35 54 0.05708636 
453 579 72 55 0.056195557 
606 546 36 39 0.05610764 
418 201 32 48 0.053322073 
447 557 38 48 0.045616157 
437 567 59 60 0.043288823 
933 360 64 68 0.04281512 
615 466 15 17 0.04192393 
688 417 30 31 0.041238736 
389 217 24 37 0.04092691 
719 362 13 16 0.04062586 
364 509 14 16 0.039620347 
679 462 105 116 0.038929053 
425 485 28 29 0.038002968 
720 368 29 31 0.037294414 
697 378 18 18 0.0359226 
657 387 27 36 0.03499679 
241 715 61 55 0.03421075 
854 359 78 112 0.033761013 
606 425 50 62 0.03323941 
455 562 107 90 0.032685395 
42 368 49 65 0.031150479 
375 348 51 50 0.030914858 
699 386 14 14 0.029812459 
690 376 30 30 0.029778128 
582 539 56 66 0.029226756 
669 390 49 50 0.02917173 
596 44 26 27 0.029071033 
917 344 76 57 0.028506571 
624 413 49 57 0.027557867 
678 443 12 16 0.026252449 
929 389 61 65 0.025694344 
611 555 17 21 0.025694313 
306 402 19 22 0.024892202 
694 375 14 15 0.02454465 
876 339 106 90 0.024145272 
713 358 24 28 0.023922749 
713 424 31 34 0.023655595 
38 387 31 50 0.02310783 
397 232 30 36 0.022886172 
660 412 45 49 0.022161907 
705 377 18 18 0.022143222 
853 398 32 56 0.021537848 
654 535 15 19 0.020926727 
304 395 46 60 0.020645931 
506 288 57 59 0.020624153 
663 402 12 16 0.020351443 
631 465 103 111 0.020330144 
697 368 29 30 0.02031989 
353 502 33 30 0.020162467 
161 484 57 62 0.020136425 
540 282 38 44 0.020058751 
