22_Picnic_Picnic_22_208
35
113 292 70 90 0.99843353 
705 214 80 97 0.97423416 
185 465 41 45 0.21342742 
220 569 54 51 0.1259636 
185 569 63 49 0.115183085 
564 527 10 12 0.09423553 
9 457 15 18 0.089495026 
445 502 10 11 0.07669747 
241 508 34 36 0.05757144 
499 545 13 18 0.055573303 
392 470 10 11 0.050393235 
406 478 8 9 0.039916296 
186 492 31 36 0.03650548 
358 536 9 10 0.03384622 
335 583 11 14 0.031597856 
525 528 8 9 0.0314925 
742 227 68 79 0.03149084 
398 471 8 10 0.029298348 
545 550 8 11 0.025787788 
1 460 10 16 0.025633879 
318 512 9 10 0.025235774 
497 542 11 14 0.025204007 
501 484 11 12 0.024449918 
367 535 8 10 0.023940148 
5 438 9 12 0.023762198 
502 536 11 15 0.02371585 
-20 308 451 486 0.02347229 
357 486 9 11 0.02333534 
427 461 9 10 0.022953384 
3 463 18 20 0.022756949 
23 451 14 18 0.022042284 
327 533 11 13 0.021913072 
334 584 30 31 0.021524645 
759 422 137 156 0.020449948 
225 470 47 50 0.020031353 
