50_Celebration_Or_Party_houseparty_50_345
85
305 138 182 243 0.99955803 
579 149 183 228 0.99955183 
895 97 64 86 0.90959966 
11 197 54 88 0.78723603 
960 93 62 109 0.6466457 
635 863 39 44 0.2839043 
773 839 11 13 0.28370398 
129 59 108 151 0.24280687 
607 958 9 12 0.105591364 
572 966 9 12 0.101769894 
796 1003 11 14 0.09836391 
706 971 13 16 0.08999522 
645 984 12 14 0.08933438 
954 75 52 81 0.08262275 
685 940 12 15 0.08041218 
679 930 13 17 0.06570895 
654 970 10 13 0.06175786 
797 1012 13 17 0.059044894 
792 999 10 15 0.056754306 
726 1039 9 12 0.056425817 
838 476 66 68 0.05202842 
149 314 370 485 0.050965838 
684 947 14 18 0.049510986 
576 1085 10 12 0.048738513 
768 958 11 15 0.047800098 
608 925 10 12 0.046747748 
818 735 10 12 0.042618297 
573 972 11 13 0.04247095 
558 983 9 12 0.042302012 
93 459 54 47 0.038384583 
718 954 12 14 0.03825892 
165 151 20 32 0.03735306 
587 886 12 14 0.035304703 
767 909 10 12 0.03312905 
774 601 51 63 0.031684104 
757 949 10 13 0.030726274 
675 941 20 27 0.030610476 
716 966 11 14 0.029813068 
865 101 64 90 0.029613618 
675 920 22 29 0.028811386 
662 1001 13 17 0.028595084 
596 631 27 28 0.028447077 
789 1039 11 13 0.027970042 
565 956 13 18 0.027814645 
762 1021 9 13 0.027268166 
691 940 12 14 0.026965488 
711 831 9 10 0.026619436 
512 486 34 49 0.026525829 
759 955 9 13 0.026474008 
478 979 12 18 0.026460761 
969 69 32 46 0.026357833 
675 916 15 18 0.026181394 
569 971 10 12 0.026110433 
993 74 32 47 0.025880428 
587 651 420 452 0.025873845 
642 988 10 14 0.025275823 
791 1000 20 28 0.025120787 
724 630 46 49 0.024328405 
708 666 12 14 0.024238016 
791 870 10 11 0.024148006 
757 844 11 13 0.024060518 
700 644 11 13 0.0234573 
622 891 12 14 0.023420284 
561 613 48 57 0.023067074 
804 1005 10 13 0.023003707 
611 958 10 12 0.022888795 
672 943 9 12 0.022679778 
591 591 11 14 0.022674298 
636 939 11 13 0.022657322 
705 796 107 120 0.022268483 
938 125 31 52 0.021958385 
715 1013 13 15 0.021929856 
662 967 11 14 0.02186574 
526 590 33 33 0.021804137 
695 990 9 11 0.021793738 
648 972 11 13 0.021702684 
637 968 13 15 0.021625808 
182 27 57 85 0.02154819 
785 1043 11 15 0.021518528 
767 1057 10 15 0.021441642 
604 577 13 18 0.02143433 
717 980 10 13 0.020865407 
970 57 26 39 0.020447455 
969 54 51 76 0.020332953 
606 1055 11 15 0.020058429 
