50_Celebration_Or_Party_birthdayparty_50_479
130
356 545 100 149 0.9998056 
91 547 20 22 0.6133566 
273 73 41 49 0.37874085 
485 75 10 13 0.23643501 
162 571 16 18 0.1458795 
887 41 9 10 0.1267117 
184 3 87 101 0.12083412 
540 74 11 14 0.10888469 
269 420 12 14 0.10305647 
69 593 16 18 0.10168976 
774 198 220 264 0.093495816 
909 40 9 11 0.09242226 
735 369 26 39 0.08068946 
344 76 12 15 0.080389485 
138 344 8 10 0.07855189 
273 351 8 10 0.071046285 
342 84 13 16 0.06890686 
151 624 9 11 0.061285503 
667 487 12 15 0.061033413 
270 405 9 11 0.060598902 
134 359 8 9 0.060305934 
878 432 10 14 0.059748497 
77 69 44 60 0.05918497 
619 411 16 21 0.057217065 
272 342 8 9 0.05594936 
248 408 10 14 0.054147996 
518 315 57 71 0.052938044 
911 90 11 13 0.05292566 
795 157 26 27 0.051345486 
214 246 9 13 0.049311556 
133 371 9 12 0.048441574 
130 360 8 9 0.047306307 
102 428 9 13 0.043645818 
345 70 10 13 0.043247756 
230 389 9 12 0.042190943 
756 456 9 11 0.0418102 
307 296 13 15 0.041528974 
826 497 202 257 0.041442547 
181 376 9 12 0.04067937 
142 348 7 9 0.04002414 
687 484 11 15 0.039859064 
175 379 10 12 0.039645795 
129 367 10 12 0.03901431 
264 292 10 14 0.03805819 
147 69 34 42 0.037659723 
110 377 8 11 0.037321363 
263 425 11 14 0.036265794 
883 198 12 13 0.036209673 
694 664 35 42 0.035328273 
270 334 9 12 0.035214312 
482 71 10 13 0.03431788 
217 327 7 11 0.03427715 
94 327 8 11 0.03391871 
157 548 12 15 0.03359419 
92 34 13 16 0.03343179 
152 550 10 13 0.03329932 
89 534 26 30 0.032829355 
152 360 8 10 0.032782607 
220 416 12 14 0.032398775 
892 39 8 10 0.03214683 
317 383 9 11 0.03190698 
222 326 8 11 0.031642687 
383 450 40 50 0.03147742 
288 344 7 9 0.03143465 
136 351 8 9 0.029833699 
277 350 7 9 0.029569201 
873 436 12 16 0.029487526 
230 384 8 11 0.029147768 
79 518 8 11 0.029130118 
297 414 11 12 0.028795293 
265 415 11 15 0.0285185 
540 557 23 27 0.027689217 
326 306 14 17 0.027650312 
107 579 14 17 0.027182303 
278 437 10 13 0.02704292 
73 525 11 14 0.026004307 
906 43 10 12 0.025931315 
141 638 9 11 0.025757808 
724 443 15 16 0.025623579 
601 227 14 18 0.025555002 
566 76 9 11 0.025525318 
216 274 12 15 0.02529976 
755 460 11 14 0.0249603 
257 429 9 12 0.024837513 
275 422 11 12 0.02451466 
481 63 10 12 0.024344716 
304 343 9 12 0.024316225 
565 71 9 11 0.02424099 
626 227 426 477 0.02420242 
343 443 10 12 0.024195988 
278 344 7 9 0.024093425 
297 287 24 29 0.024026211 
622 77 9 12 0.023781091 
282 375 7 10 0.02341253 
156 625 10 10 0.023406742 
632 537 9 12 0.023086501 
13 667 15 19 0.022900812 
303 278 24 29 0.022817308 
345 89 13 16 0.022772528 
79 556 13 15 0.022741336 
657 281 8 10 0.02265664 
239 352 8 10 0.022477938 
641 485 10 13 0.02237997 
126 335 8 10 0.022135278 
166 376 11 13 0.022005245 
497 529 25 30 0.021977892 
277 428 11 14 0.021845952 
905 6 8 9 0.021768589 
548 377 18 20 0.021692611 
224 320 7 9 0.021610135 
752 446 8 11 0.02126507 
361 431 16 18 0.021146135 
302 347 10 13 0.021130133 
194 375 9 11 0.021074489 
780 161 43 49 0.020982893 
216 333 8 10 0.020869562 
265 351 9 10 0.020708183 
80 548 13 15 0.02066992 
310 275 14 19 0.020468483 
22 82 33 40 0.020464888 
153 543 8 11 0.02044475 
617 598 10 12 0.02039631 
753 428 11 16 0.020356178 
196 382 9 11 0.020279909 
341 171 11 13 0.020267554 
135 540 10 13 0.020219633 
773 66 25 30 0.02010498 
185 367 8 9 0.0200947 
279 442 11 13 0.020072438 
77 619 13 14 0.020069115 
