50_Celebration_Or_Party_birthdayparty_50_75
142
177 599 31 36 0.99907553 
117 605 28 33 0.9979709 
237 454 31 38 0.9975163 
238 384 32 38 0.99489033 
58 459 28 33 0.99342316 
407 201 89 105 0.99054784 
116 383 27 32 0.9857654 
182 386 28 34 0.9751024 
157 473 17 21 0.94191474 
666 126 22 28 0.92260075 
765 471 188 209 0.9193752 
61 389 15 17 0.77875954 
177 471 23 28 0.68635046 
54 529 30 32 0.39158913 
54 599 37 47 0.324866 
9 129 43 62 0.1373951 
957 399 10 13 0.12874271 
394 534 30 33 0.119654 
411 460 14 15 0.11084236 
585 391 18 20 0.10374241 
171 480 25 31 0.0987363 
853 502 134 154 0.08921659 
125 470 23 29 0.08047965 
541 470 9 13 0.07708455 
953 399 10 11 0.07510228 
943 428 11 13 0.073252745 
595 203 16 19 0.07272346 
785 413 11 13 0.065084375 
492 413 9 12 0.06497762 
143 489 18 20 0.06274507 
763 435 13 17 0.062348932 
965 398 10 13 0.05522487 
131 475 27 32 0.054523006 
807 381 9 13 0.054264195 
762 425 15 18 0.05325762 
541 463 9 11 0.051916007 
492 611 29 35 0.05066751 
642 183 34 37 0.049850047 
128 317 463 481 0.04773453 
595 387 14 16 0.04766134 
20 441 422 435 0.04711005 
559 461 12 17 0.04659343 
329 519 28 32 0.044877514 
611 465 43 56 0.044217758 
301 475 17 19 0.044183634 
965 485 33 37 0.043486577 
693 452 11 17 0.042651236 
599 383 11 14 0.04251113 
907 401 14 18 0.040522136 
835 385 24 31 0.040510833 
822 399 10 12 0.040238496 
928 392 9 11 0.039778966 
590 474 11 14 0.039150342 
895 366 9 11 0.038395673 
872 364 9 12 0.03832349 
471 460 24 34 0.038221654 
541 392 9 11 0.037414696 
701 437 10 12 0.037087098 
913 507 102 118 0.0368384 
1005 404 12 13 0.03682095 
542 396 10 11 0.03621171 
323 345 48 64 0.03618818 
471 496 25 27 0.035901636 
571 237 48 52 0.035610676 
597 468 12 15 0.03461502 
745 611 11 13 0.03434887 
975 383 9 12 0.03430154 
575 425 12 15 0.033970278 
495 429 12 15 0.033870753 
279 524 28 30 0.033414744 
426 521 29 39 0.03302185 
805 405 163 189 0.031978898 
557 456 22 30 0.030719742 
499 667 28 34 0.030560004 
382 513 50 55 0.03026271 
899 458 18 22 0.029848337 
142 536 32 36 0.029018851 
1000 398 11 13 0.028901005 
48 747 20 19 0.028706001 
982 398 13 14 0.02864837 
537 396 11 12 0.028483642 
405 454 23 26 0.028272465 
352 410 12 15 0.028209036 
951 392 8 10 0.027573172 
604 468 9 13 0.027245125 
510 423 10 13 0.02691186 
695 162 13 16 0.026842114 
794 520 16 18 0.026794946 
944 382 10 13 0.026744958 
912 366 10 13 0.026706295 
885 354 14 19 0.026583172 
895 372 10 12 0.026278403 
937 427 12 15 0.026266688 
873 391 113 135 0.025955584 
567 454 25 32 0.025752392 
369 410 20 21 0.025613083 
724 417 12 17 0.025518691 
975 405 11 14 0.025145626 
719 522 15 18 0.025108295 
302 413 14 16 0.025067708 
701 381 211 262 0.0248668 
685 452 19 27 0.024635764 
502 423 11 15 0.02456174 
149 478 18 22 0.024102112 
989 390 10 13 0.024045577 
471 58 362 479 0.024014754 
432 444 33 40 0.0234019 
983 390 10 12 0.02338684 
598 463 11 13 0.023291431 
41 737 33 30 0.023253202 
758 523 14 16 0.023216868 
508 612 27 39 0.022909677 
936 470 60 66 0.022829022 
966 388 11 13 0.022800606 
351 395 48 61 0.022760112 
918 397 10 13 0.022721369 
163 487 16 20 0.022633577 
618 471 28 34 0.02262743 
505 400 10 12 0.022452375 
392 442 43 50 0.022322256 
844 399 13 18 0.022250067 
395 490 30 33 0.022085695 
173 379 26 32 0.022026306 
316 548 11 15 0.021899093 
694 163 27 30 0.021711381 
143 507 13 16 0.021544557 
932 391 11 12 0.021478994 
974 398 11 14 0.021086235 
158 486 14 17 0.02103879 
938 395 24 30 0.021031057 
974 412 12 13 0.020980678 
648 163 12 13 0.020828912 
784 372 13 16 0.020737182 
669 137 27 34 0.020732323 
181 504 15 18 0.020698134 
944 389 9 11 0.020552592 
184 380 21 24 0.020282764 
2 142 43 83 0.020262972 
728 581 10 13 0.020252854 
274 528 18 19 0.020221177 
594 381 23 28 0.020205524 
154 478 39 47 0.0200074 
