50_Celebration_Or_Party_birthdayparty_50_18
79
232 375 26 33 0.99757963 
847 376 28 34 0.9969981 
334 365 24 30 0.9918516 
134 404 25 35 0.9895975 
612 343 22 30 0.98242396 
806 347 22 27 0.97677773 
764 400 19 31 0.9687335 
641 337 20 27 0.9617132 
544 352 21 26 0.94752324 
718 334 19 26 0.9431592 
664 397 20 31 0.78455853 
468 356 16 23 0.5324586 
928 378 18 21 0.39818373 
395 369 17 24 0.2850414 
379 372 15 18 0.27688357 
812 370 26 30 0.27357924 
531 440 17 18 0.26337105 
630 335 23 30 0.17395452 
681 411 15 18 0.16404733 
456 348 23 30 0.1564222 
675 406 16 21 0.12088016 
636 262 17 22 0.1048943 
462 369 23 29 0.08870623 
121 410 40 44 0.083423175 
380 283 28 35 0.07239917 
538 427 27 32 0.07153165 
702 289 16 19 0.070395336 
866 364 14 19 0.06568178 
557 336 15 19 0.061509177 
397 212 13 18 0.061491292 
534 203 13 15 0.05948139 
276 502 14 18 0.057122327 
318 501 18 21 0.04822964 
799 335 36 44 0.04155533 
779 312 25 29 0.0404603 
623 41 12 15 0.039047334 
794 372 14 18 0.038841598 
285 456 28 32 0.036226932 
955 340 11 15 0.035500877 
770 303 39 47 0.03502058 
235 362 27 35 0.034527738 
529 203 25 31 0.033954274 
877 365 12 16 0.033814285 
919 368 22 28 0.03325773 
274 497 25 27 0.03297419 
596 230 28 31 0.032703966 
775 408 18 21 0.030386345 
498 382 16 22 0.030233303 
533 391 13 18 0.0301346 
550 425 25 32 0.030053772 
778 303 17 20 0.029735837 
518 434 28 31 0.0293973 
303 494 25 28 0.02906063 
538 213 28 32 0.02865559 
291 500 26 31 0.027895208 
803 426 16 18 0.027794577 
612 301 27 32 0.027751883 
534 463 14 19 0.02748286 
512 417 25 33 0.025885394 
572 204 28 28 0.025797058 
940 333 27 32 0.02477164 
549 368 27 32 0.02408895 
338 358 18 23 0.023927111 
805 360 27 33 0.023849675 
474 348 14 23 0.023589551 
918 361 12 17 0.022470005 
635 390 19 21 0.022339767 
754 405 23 29 0.02219964 
278 462 15 23 0.02205342 
547 341 22 29 0.021726238 
539 376 25 31 0.021726083 
763 412 28 29 0.021199215 
215 411 14 19 0.021167707 
523 475 14 17 0.021136306 
562 332 15 19 0.020640938 
500 449 16 20 0.020305397 
965 342 11 13 0.020291531 
417 422 37 46 0.02023594 
386 196 13 16 0.020072492 
