50_Celebration_Or_Party_houseparty_50_715
788
808 557 11 15 0.59636414 
732 601 14 18 0.2715132 
835 565 13 15 0.26659948 
24 484 12 15 0.25604922 
607 570 14 18 0.24864145 
520 572 12 15 0.2383214 
253 598 15 19 0.22806168 
670 556 11 15 0.22743395 
805 645 13 17 0.22684886 
702 599 12 15 0.22426629 
526 595 13 16 0.22138642 
887 524 10 12 0.21264628 
614 542 13 15 0.20858635 
781 579 12 15 0.20607163 
690 582 12 15 0.19619428 
696 503 9 12 0.19236192 
855 550 11 13 0.188488 
630 564 13 17 0.1856836 
670 603 13 16 0.18339117 
378 542 8 11 0.17610452 
800 532 11 13 0.1641379 
94 530 14 18 0.16163406 
799 527 10 11 0.15987103 
837 559 11 13 0.15449424 
360 648 12 17 0.15185474 
61 493 9 11 0.15160635 
918 583 14 18 0.14799523 
675 555 12 14 0.1449565 
794 602 15 18 0.13984859 
774 580 12 16 0.13854189 
832 589 11 14 0.138462 
262 638 12 17 0.13756546 
191 512 11 13 0.1371648 
727 570 11 15 0.13653523 
150 534 10 14 0.13210748 
240 485 9 13 0.12823907 
160 529 12 17 0.12520812 
595 557 12 15 0.121881954 
673 495 7 9 0.114979506 
284 587 13 17 0.11434192 
652 578 12 15 0.11348671 
595 595 13 16 0.11327994 
415 548 8 10 0.11251138 
695 597 13 16 0.11109717 
122 477 8 10 0.10859045 
793 542 10 12 0.10829896 
678 534 12 15 0.10731651 
558 578 12 15 0.10541559 
844 566 13 15 0.10201322 
528 541 10 13 0.10075137 
653 554 11 15 0.100449465 
71 475 9 13 0.09763233 
723 494 8 10 0.097446114 
663 602 12 15 0.097236924 
733 564 11 14 0.09705644 
655 512 9 11 0.09505527 
751 602 12 16 0.094353944 
29 479 11 14 0.09342122 
207 497 11 12 0.092777796 
419 595 13 16 0.08812266 
95 585 14 20 0.08792082 
150 545 12 17 0.08741092 
148 472 9 11 0.08533511 
717 589 10 13 0.08375212 
783 556 10 13 0.083737634 
57 469 8 11 0.08367629 
726 543 10 13 0.083405055 
695 556 12 15 0.082321286 
127 512 11 12 0.08080261 
261 472 8 10 0.08014474 
104 470 9 11 0.078506276 
845 535 9 12 0.07825388 
58 532 16 18 0.07768063 
838 539 10 12 0.0775032 
162 470 8 10 0.07705849 
812 579 11 14 0.07668086 
86 462 9 11 0.07564175 
831 549 9 12 0.07489164 
132 516 12 15 0.074277304 
369 560 8 10 0.07406959 
539 563 12 17 0.072645724 
584 502 11 12 0.07238031 
144 476 9 10 0.07193977 
501 134 26 31 0.07086197 
120 515 12 14 0.070741445 
608 548 11 14 0.07070079 
145 548 11 15 0.07067861 
419 139 26 28 0.07039652 
474 177 27 32 0.06995572 
727 517 8 10 0.06963831 
33 471 8 10 0.06885443 
311 497 7 9 0.06826875 
815 516 9 12 0.06781424 
831 568 13 16 0.067168854 
136 479 8 9 0.06690879 
768 520 8 9 0.0667897 
864 534 10 12 0.06645235 
155 539 12 15 0.065623984 
675 468 9 10 0.065575585 
678 528 10 12 0.06532327 
644 531 11 15 0.06501386 
753 512 8 10 0.06459829 
787 580 10 13 0.0643612 
840 527 8 11 0.06357923 
748 582 11 14 0.06323703 
701 508 8 12 0.063199826 
319 487 7 9 0.062337536 
849 549 11 13 0.06210901 
911 528 10 12 0.061950307 
449 213 26 33 0.06185969 
738 511 8 10 0.061726686 
223 454 9 11 0.06163566 
304 525 8 11 0.061505858 
846 557 12 14 0.060907803 
558 516 10 12 0.060815465 
702 495 8 10 0.060422182 
105 476 9 10 0.059934217 
165 479 8 10 0.059285965 
881 532 9 11 0.0590496 
459 160 17 22 0.058816075 
775 500 10 11 0.05868161 
735 591 12 14 0.058598537 
667 629 13 19 0.058346104 
153 488 8 9 0.058108192 
195 592 15 18 0.058060087 
398 561 7 10 0.057998896 
73 49 387 422 0.057990942 
737 595 14 18 0.057923764 
674 464 8 10 0.057833914 
682 485 9 11 0.05762724 
325 527 8 10 0.057138663 
494 548 12 14 0.056792267 
742 511 8 10 0.056727752 
385 582 9 10 0.056604736 
881 578 17 21 0.056559455 
750 542 10 12 0.056195714 
678 586 12 14 0.055615302 
366 495 8 10 0.055435166 
803 537 12 15 0.05520775 
752 564 12 15 0.05519742 
738 492 8 10 0.055187024 
320 504 7 8 0.055134315 
533 162 51 70 0.054895215 
95 479 8 9 0.05444886 
150 477 8 9 0.054259762 
228 587 13 17 0.05424183 
698 496 9 11 0.05401843 
192 557 11 16 0.05391832 
581 578 13 16 0.053803507 
737 517 8 11 0.053411637 
268 638 12 16 0.052973714 
741 589 11 14 0.052767657 
749 532 10 12 0.052754782 
39 464 8 9 0.05274288 
187 515 10 14 0.05243845 
374 559 7 10 0.051927723 
558 425 9 10 0.05183873 
655 493 7 10 0.051787052 
394 560 8 10 0.051592667 
310 552 8 10 0.051465742 
177 478 8 11 0.05130397 
409 545 8 10 0.05112101 
555 526 11 13 0.05110918 
102 462 8 10 0.050760113 
618 484 9 11 0.050555445 
885 530 11 12 0.04974102 
839 534 11 13 0.049369294 
609 541 12 15 0.04930147 
217 462 8 10 0.04924169 
754 496 8 10 0.048975043 
213 572 13 15 0.04894824 
663 517 9 11 0.048720807 
321 535 8 10 0.048564587 
862 602 13 18 0.04852288 
381 536 8 10 0.04842254 
736 560 10 13 0.0483475 
286 500 8 10 0.048224166 
568 534 10 13 0.04809141 
664 493 8 9 0.047877092 
343 526 8 10 0.04755613 
672 588 10 14 0.04745477 
720 567 11 14 0.04740714 
53 454 9 11 0.047227353 
788 557 10 13 0.04711051 
376 547 8 11 0.047090128 
97 463 8 9 0.047043916 
175 495 8 10 0.046825968 
768 585 13 17 0.046653327 
836 612 13 15 0.046642724 
605 556 12 14 0.046540078 
49 433 7 8 0.046310265 
598 602 12 15 0.046219934 
96 486 8 10 0.046163097 
777 494 9 11 0.04611331 
658 464 7 9 0.04609167 
791 547 10 13 0.0458966 
563 574 12 15 0.04571827 
744 540 10 12 0.045593873 
126 463 8 9 0.045357972 
712 502 7 8 0.04523478 
864 539 9 13 0.045205917 
126 532 14 17 0.04519195 
142 455 7 8 0.044863973 
887 543 12 15 0.0446311 
478 607 10 14 0.044370707 
204 531 12 16 0.044291418 
726 511 8 10 0.044165224 
630 455 7 10 0.043912396 
722 504 8 9 0.04390887 
721 548 11 15 0.043902237 
85 456 8 9 0.04370901 
125 479 8 9 0.043625757 
869 526 10 12 0.043494288 
728 536 8 10 0.043448582 
745 534 9 11 0.04339581 
504 557 11 14 0.043090135 
280 497 9 11 0.04278701 
611 629 12 15 0.042756457 
327 574 8 10 0.042720348 
422 544 9 11 0.04269974 
721 527 8 11 0.042400006 
29 509 13 15 0.042090382 
161 465 7 9 0.041905362 
559 511 11 12 0.04171546 
798 548 10 13 0.041685004 
247 541 10 12 0.041427154 
566 168 15 22 0.04138311 
566 541 11 15 0.041339457 
726 503 8 10 0.04113562 
744 494 7 9 0.040845994 
592 518 9 11 0.040772766 
879 572 14 17 0.04075543 
440 543 9 11 0.04064398 
721 511 8 11 0.040625133 
745 528 9 10 0.040183343 
199 532 11 14 0.040106777 
580 508 11 13 0.04001637 
16 482 12 15 0.04000465 
567 612 15 19 0.039980933 
113 488 8 10 0.039887358 
656 488 8 11 0.039803907 
690 503 8 11 0.039784983 
793 504 7 10 0.039684825 
390 582 9 11 0.03954539 
23 470 8 10 0.039290596 
192 492 8 11 0.039259598 
647 551 12 15 0.039168682 
777 652 14 17 0.039136965 
906 604 13 18 0.039058656 
673 503 8 10 0.03898189 
690 510 8 11 0.038972575 
881 526 10 12 0.038891803 
725 526 9 11 0.038827404 
663 445 8 9 0.03871881 
614 524 10 13 0.038653046 
939 564 14 19 0.038499486 
288 571 10 12 0.038439993 
728 598 13 17 0.038385596 
662 487 8 10 0.03823068 
662 540 11 13 0.0381973 
471 607 12 16 0.03817794 
539 555 12 16 0.038086414 
337 606 10 13 0.038026378 
34 464 8 10 0.037996553 
341 605 12 14 0.03787905 
787 642 13 16 0.037873622 
151 440 9 10 0.037792917 
534 548 13 14 0.037665166 
463 564 9 11 0.037609156 
611 556 12 15 0.0376075 
599 510 10 12 0.037564132 
700 502 9 12 0.03741801 
536 569 13 18 0.037361275 
783 518 9 11 0.037342202 
814 540 10 13 0.037329275 
664 556 12 16 0.03728244 
800 521 8 10 0.0371152 
262 519 8 10 0.03704625 
689 650 16 19 0.037038155 
966 603 14 19 0.037037794 
160 517 10 14 0.03685989 
870 514 12 13 0.036785964 
213 578 13 16 0.03676444 
125 522 14 17 0.03673496 
823 543 9 12 0.036601946 
783 464 8 9 0.036555 
466 168 27 33 0.036539916 
649 573 12 16 0.036526743 
326 504 7 9 0.036412936 
118 456 9 9 0.03622473 
36 526 14 17 0.036180478 
193 480 8 9 0.036131475 
901 608 22 29 0.03609815 
836 550 10 12 0.036072433 
210 501 11 14 0.035994094 
701 563 12 15 0.03596041 
138 518 12 14 0.035787646 
722 516 8 10 0.03577299 
180 535 9 12 0.03573344 
695 617 15 20 0.035668924 
305 550 9 11 0.03565316 
102 550 12 15 0.035459224 
242 447 7 10 0.035407968 
809 519 9 11 0.035386767 
192 521 12 15 0.035308637 
122 462 8 9 0.03528425 
845 541 10 11 0.035265878 
393 479 7 9 0.035249826 
735 535 9 10 0.03516565 
664 441 7 9 0.0351431 
359 599 9 12 0.035133418 
353 32 486 522 0.035077658 
433 520 7 9 0.03506283 
111 542 11 13 0.034987938 
310 597 9 11 0.034698434 
28 503 12 14 0.034690145 
671 511 8 11 0.034630843 
159 486 9 10 0.03458114 
988 594 25 32 0.034456927 
113 456 8 9 0.03439885 
88 469 9 10 0.034354627 
144 424 7 8 0.034329142 
352 544 8 9 0.034278326 
775 441 8 9 0.034275074 
593 562 14 17 0.03415454 
81 455 8 10 0.034129053 
8 499 12 15 0.033991784 
538 484 9 11 0.033953436 
234 574 10 14 0.03386038 
755 597 11 15 0.033707518 
163 534 14 18 0.03364067 
215 538 13 16 0.03351566 
686 463 7 8 0.033481862 
812 534 10 12 0.033472084 
197 525 12 15 0.033444315 
100 538 13 15 0.033372737 
121 473 8 9 0.03314763 
821 621 11 15 0.03314589 
923 603 14 19 0.033115968 
111 493 11 12 0.033098057 
98 527 12 15 0.03307081 
598 118 43 50 0.033061944 
732 633 13 18 0.032993358 
680 481 8 10 0.032979712 
497 83 25 27 0.032869335 
739 564 12 15 0.032856528 
709 567 11 14 0.032850727 
879 567 11 13 0.03272427 
572 556 10 13 0.032685257 
590 448 8 10 0.032682054 
102 504 13 15 0.03265301 
185 440 8 9 0.032566857 
238 557 10 13 0.032550707 
136 472 7 9 0.03247016 
360 504 8 9 0.03245255 
832 606 11 14 0.032381557 
585 540 10 15 0.032338977 
836 595 10 12 0.032174617 
762 479 8 10 0.032113932 
677 502 8 11 0.032089107 
329 424 7 9 0.03205415 
145 532 11 15 0.031999074 
55 464 9 10 0.03197958 
390 599 11 14 0.031947393 
661 588 12 15 0.031884734 
710 496 7 10 0.031770166 
531 592 13 17 0.031750746 
833 544 8 11 0.03174457 
824 533 9 11 0.031596962 
638 495 9 11 0.031583596 
744 571 11 14 0.03148443 
554 532 12 14 0.031373356 
742 517 9 10 0.0313665 
615 495 10 12 0.03136517 
785 512 8 10 0.031289633 
888 605 13 16 0.031248877 
552 578 13 17 0.031140342 
726 488 8 10 0.030961724 
876 512 10 11 0.03093515 
59 498 11 17 0.03087715 
925 571 15 18 0.03083466 
231 505 9 11 0.030823372 
524 576 12 16 0.030815242 
702 550 10 14 0.030787729 
657 448 8 9 0.030769533 
567 564 12 14 0.03075837 
594 465 7 10 0.030732652 
329 489 7 9 0.030711321 
47 463 7 9 0.030703507 
222 470 8 10 0.030669201 
178 485 8 11 0.030646862 
615 501 9 10 0.030643987 
253 535 10 12 0.030638263 
777 557 10 13 0.030589812 
864 526 11 13 0.030577525 
613 597 11 14 0.030527294 
736 504 7 9 0.030514058 
733 541 9 12 0.030505361 
597 566 15 19 0.030488927 
230 406 8 10 0.030331248 
462 154 27 32 0.030321732 
671 533 12 14 0.0302781 
65 445 8 10 0.030262016 
70 464 8 11 0.03019418 
868 539 11 13 0.030167056 
866 509 10 12 0.030166274 
847 503 8 10 0.03014324 
609 525 10 13 0.03001723 
804 527 10 12 0.029938871 
685 555 12 15 0.029913057 
454 590 11 14 0.029885989 
324 534 9 10 0.029838743 
465 543 7 9 0.029808156 
808 574 11 14 0.029807307 
48 438 8 9 0.029792095 
872 555 11 14 0.029750194 
189 541 11 14 0.02955448 
172 532 11 15 0.029551774 
201 503 10 12 0.029550638 
688 457 6 7 0.02953352 
672 528 10 12 0.029510275 
245 557 12 15 0.02949147 
398 129 16 20 0.029449096 
797 592 11 13 0.029340433 
736 526 8 10 0.029333105 
604 507 11 13 0.02924552 
668 515 10 11 0.029207133 
655 503 8 10 0.029180441 
386 512 7 9 0.029179124 
104 446 8 10 0.02916699 
932 568 16 20 0.02911201 
385 118 17 17 0.029107379 
634 477 8 10 0.029069029 
814 521 11 14 0.029062474 
912 585 14 17 0.02905268 
70 445 8 10 0.029017795 
438 565 10 12 0.02900442 
649 511 9 12 0.028995186 
597 515 10 12 0.028873727 
687 516 9 11 0.028867498 
675 135 19 22 0.028798865 
168 152 18 20 0.028780608 
738 479 8 9 0.02871661 
905 530 11 14 0.028703501 
483 604 10 14 0.02869186 
184 470 8 10 0.028690046 
240 398 8 9 0.02867221 
367 605 9 14 0.028607773 
117 510 23 25 0.028582701 
218 456 9 11 0.02856298 
673 489 7 10 0.02847735 
342 503 7 9 0.028467454 
623 108 26 33 0.028427493 
293 573 10 14 0.028372914 
590 571 12 15 0.028367292 
822 548 12 13 0.028363418 
859 553 11 15 0.028354824 
54 447 9 10 0.028340608 
718 580 11 15 0.028289717 
306 496 8 10 0.028217535 
588 138 11 17 0.028182056 
621 510 9 11 0.0279477 
191 486 9 12 0.02794002 
812 551 12 15 0.027927456 
55 432 8 9 0.027890397 
366 502 8 10 0.027834123 
275 637 12 17 0.027749494 
165 511 10 12 0.027745927 
680 493 9 11 0.027729891 
563 214 12 17 0.027701057 
117 533 14 15 0.027608335 
64 465 8 10 0.027598811 
559 447 8 10 0.027585959 
261 629 14 18 0.027585924 
764 564 12 15 0.02758193 
523 566 12 16 0.027577212 
661 470 8 10 0.027570948 
192 471 8 10 0.027512692 
705 488 8 10 0.027512213 
840 495 8 9 0.027502393 
913 602 24 32 0.027497826 
639 448 7 8 0.0274518 
649 494 9 10 0.027447313 
848 510 8 11 0.02742787 
454 196 26 31 0.027412036 
119 521 12 15 0.02739761 
527 535 10 13 0.027342455 
304 532 8 10 0.02733976 
499 543 11 13 0.027297057 
891 519 11 13 0.027270304 
773 562 11 15 0.02725159 
219 580 12 15 0.027227331 
456 560 9 10 0.02721473 
49 447 8 10 0.0271818 
710 546 11 15 0.027157225 
14 500 12 14 0.027113354 
928 599 26 34 0.027094802 
259 608 15 18 0.026988596 
781 646 13 16 0.02694562 
661 524 11 13 0.026893934 
712 512 7 10 0.026875315 
809 650 14 16 0.02685367 
700 591 12 14 0.026827233 
877 555 11 14 0.026789557 
605 597 12 15 0.026729459 
623 557 12 15 0.02668698 
188 549 12 15 0.026671154 
581 584 14 19 0.026612759 
682 538 11 14 0.026538672 
807 587 10 14 0.02647066 
254 557 9 13 0.02640802 
824 527 9 12 0.026390463 
280 532 9 12 0.026372852 
244 516 10 12 0.026313342 
755 567 14 17 0.026292084 
47 500 23 28 0.02622028 
855 544 9 11 0.026202785 
551 540 10 13 0.026185513 
646 587 13 16 0.026174275 
821 668 15 17 0.02612941 
745 505 7 10 0.026110437 
704 519 8 11 0.026105164 
355 130 27 28 0.026097637 
656 605 11 13 0.026096754 
233 117 30 33 0.026064064 
81 460 10 12 0.026035985 
471 194 24 31 0.026024738 
720 533 9 10 0.025912179 
702 464 7 9 0.025906384 
108 500 14 16 0.025845747 
272 495 9 11 0.025815155 
759 500 8 10 0.02581304 
607 501 10 12 0.025801014 
607 534 10 12 0.025746383 
334 611 12 16 0.025712775 
649 449 7 8 0.025669526 
232 558 10 12 0.025662359 
444 118 17 20 0.025654767 
660 611 14 17 0.02565183 
879 549 12 14 0.025639072 
672 456 8 9 0.02563718 
621 534 13 16 0.025597127 
201 463 7 9 0.025593443 
768 512 8 9 0.02559266 
696 472 8 10 0.025571678 
583 495 10 12 0.025515938 
939 598 27 34 0.025470689 
306 502 8 9 0.02545623 
661 479 9 10 0.025441386 
672 579 12 16 0.025425194 
802 596 12 16 0.02541328 
914 591 49 53 0.025401432 
244 548 11 13 0.025303613 
391 512 8 9 0.025293868 
221 566 10 13 0.025257448 
840 503 9 10 0.025207287 
774 534 9 11 0.02519596 
40 432 7 8 0.025166305 
343 495 8 9 0.025109986 
260 551 9 11 0.025043365 
963 566 13 16 0.025038613 
752 501 9 10 0.025031187 
351 566 8 11 0.025015855 
586 447 7 9 0.024995057 
778 463 8 11 0.024947688 
893 534 10 12 0.024937756 
391 470 7 9 0.024936032 
69 440 8 10 0.024913853 
512 507 9 12 0.02491318 
804 128 20 20 0.02489845 
576 577 12 16 0.024845714 
174 431 8 10 0.024831671 
540 574 13 18 0.024815891 
136 463 7 10 0.024815267 
488 618 11 15 0.024783256 
844 527 10 11 0.024766337 
580 129 29 39 0.024647621 
414 527 9 10 0.024618287 
698 611 14 19 0.024617102 
143 431 7 9 0.024607498 
559 544 12 18 0.024545375 
361 488 8 9 0.024516705 
931 603 16 21 0.024495991 
776 550 11 13 0.024493333 
257 518 9 11 0.024461662 
548 572 13 17 0.024440331 
359 511 7 9 0.024405347 
195 509 12 14 0.024382586 
249 536 10 11 0.024380857 
708 486 9 11 0.024347095 
90 476 9 10 0.024343064 
726 577 12 16 0.02433088 
589 550 12 16 0.024303978 
344 488 8 9 0.024292544 
336 583 9 11 0.02423431 
461 585 12 16 0.024233563 
585 136 91 108 0.024230145 
302 606 11 13 0.024120437 
483 184 26 32 0.024073385 
577 519 10 12 0.024038818 
635 558 12 15 0.024035603 
658 578 13 17 0.0240333 
135 498 12 15 0.023988606 
885 553 12 15 0.02397568 
800 649 14 18 0.02397163 
345 543 7 9 0.023959443 
143 449 8 9 0.023909738 
345 520 7 9 0.023823952 
280 549 9 10 0.023803882 
20 500 14 16 0.023771197 
216 437 9 10 0.023762502 
70 483 10 14 0.02375863 
776 487 9 10 0.023695815 
270 580 10 14 0.023691038 
382 604 12 14 0.02362634 
208 392 7 9 0.02360554 
336 598 10 13 0.023579206 
754 489 7 9 0.023556149 
169 501 8 11 0.023545144 
633 569 13 17 0.023526436 
665 456 7 8 0.023404518 
568 414 7 8 0.023373922 
831 526 9 13 0.023358013 
258 475 9 12 0.02332778 
312 556 9 11 0.023298861 
783 524 10 13 0.023297489 
802 557 11 14 0.0232691 
347 603 13 17 0.023267996 
574 524 10 13 0.023177225 
484 612 11 15 0.023139363 
768 524 9 10 0.023135448 
310 544 8 10 0.023091888 
704 524 9 11 0.023080243 
433 566 9 11 0.02302846 
854 517 8 11 0.022990359 
855 533 9 12 0.022989893 
841 509 8 11 0.022941774 
202 593 14 18 0.022936834 
161 448 7 8 0.022933928 
789 562 11 15 0.022842227 
354 512 7 9 0.022801245 
675 598 12 16 0.022774983 
821 598 12 15 0.022753756 
709 519 8 11 0.022723606 
582 463 8 10 0.022714572 
791 509 8 10 0.022704251 
614 589 11 14 0.022699768 
95 447 8 10 0.022623805 
600 493 9 11 0.022606453 
660 550 12 15 0.022588838 
435 653 13 17 0.02252873 
416 592 12 14 0.022521919 
713 456 7 9 0.022512747 
115 550 13 17 0.022489874 
329 613 10 14 0.022486342 
822 643 10 14 0.022429548 
847 515 10 13 0.022371918 
773 539 11 14 0.02235058 
865 516 10 11 0.02233754 
183 541 10 13 0.02232514 
200 495 10 12 0.02227365 
655 455 7 8 0.022268614 
108 471 9 10 0.022206789 
370 550 8 10 0.022124365 
193 532 11 13 0.02206326 
809 495 8 11 0.02205651 
234 432 7 9 0.02203514 
308 519 9 11 0.02202971 
4 493 12 14 0.022007901 
253 591 13 17 0.021937607 
663 533 11 13 0.02193533 
336 488 7 9 0.021932779 
337 503 8 9 0.021924 
138 456 7 8 0.021883102 
648 455 8 8 0.021874614 
286 433 7 9 0.021867601 
722 489 8 10 0.021834496 
337 495 7 8 0.021803038 
65 476 9 12 0.021785013 
352 488 6 8 0.021756345 
98 423 7 8 0.02173602 
271 541 10 12 0.021729698 
38 468 8 11 0.021690235 
353 558 8 10 0.021634525 
109 552 14 19 0.02161609 
241 453 7 9 0.021602338 
562 585 13 18 0.021556815 
320 580 9 11 0.021546006 
439 520 7 9 0.02154576 
440 548 9 11 0.02154201 
241 417 8 9 0.021539861 
237 564 11 13 0.02152445 
56 425 8 8 0.02146842 
758 588 11 15 0.021429341 
2 460 9 15 0.021398222 
126 503 9 12 0.021361405 
831 533 9 12 0.021330869 
687 472 8 9 0.021326253 
641 528 10 13 0.021290956 
626 539 12 15 0.021285743 
205 471 8 10 0.021283794 
756 560 12 14 0.02126506 
328 567 9 12 0.021263193 
400 503 8 9 0.02124287 
539 518 9 12 0.021238599 
854 511 8 10 0.021236755 
598 469 9 11 0.0212181 
447 543 8 10 0.021215841 
160 512 9 12 0.021203265 
454 517 7 9 0.021201093 
424 527 8 9 0.02120044 
215 409 7 8 0.021196917 
649 488 7 10 0.021192748 
63 453 8 10 0.021153431 
126 472 8 9 0.021147763 
798 572 10 15 0.021142296 
568 527 9 12 0.021139948 
262 618 14 17 0.021016302 
559 489 9 10 0.020998305 
893 555 11 15 0.02095627 
640 488 8 10 0.020918692 
321 576 8 10 0.020912614 
639 477 8 10 0.020910675 
713 461 8 10 0.020907708 
501 120 32 33 0.02089201 
824 510 8 11 0.02086792 
63 468 10 13 0.020864695 
617 508 9 11 0.020859463 
462 607 12 15 0.020839937 
319 481 7 8 0.020809485 
185 463 9 10 0.020796312 
206 463 8 10 0.020744473 
791 526 10 12 0.020736722 
766 454 9 11 0.02071613 
200 470 8 11 0.020707775 
390 576 9 11 0.020702409 
726 479 8 9 0.020691218 
280 591 12 16 0.020685682 
599 479 9 9 0.020662857 
775 527 9 10 0.020657582 
390 587 11 13 0.020656712 
664 421 7 9 0.020638036 
234 578 13 17 0.020637954 
644 130 16 19 0.020635962 
432 471 7 9 0.020628482 
866 598 12 16 0.020616569 
279 571 10 13 0.020602474 
454 512 7 10 0.02058467 
590 496 9 12 0.020574195 
654 613 13 18 0.020573338 
450 113 16 19 0.02057118 
326 542 8 9 0.02055946 
757 516 8 11 0.02055912 
145 539 13 17 0.020557864 
381 547 9 11 0.02054627 
264 437 8 10 0.02054192 
55 526 13 17 0.02053639 
711 578 12 15 0.020536274 
213 117 31 34 0.020528497 
159 152 34 32 0.020521916 
88 447 7 9 0.020482237 
769 440 8 10 0.020475658 
487 93 26 27 0.020424535 
245 511 9 12 0.020403111 
439 495 8 9 0.020402797 
485 125 30 35 0.02039089 
800 489 8 9 0.020378053 
352 519 7 9 0.02037278 
460 221 17 22 0.020330438 
459 177 38 50 0.020328468 
627 548 13 15 0.020326046 
417 512 7 8 0.020311259 
548 134 34 37 0.02027797 
306 441 7 9 0.020269573 
799 495 8 10 0.02021593 
546 147 38 44 0.02019561 
366 488 8 10 0.020177187 
633 471 8 10 0.020174775 
256 454 8 10 0.020173637 
951 598 25 32 0.020154683 
53 571 12 15 0.020120766 
534 522 11 13 0.020101214 
661 573 12 15 0.020094048 
165 548 12 16 0.02006843 
110 461 9 11 0.020066878 
228 624 16 19 0.020063039 
283 138 17 19 0.02002565 
611 602 13 17 0.02000566 
