50_Celebration_Or_Party_houseparty_50_323
19
676 170 78 96 0.9981177 
550 154 75 95 0.9975926 
618 493 68 64 0.24001785 
892 -2 114 201 0.21711652 
601 462 61 58 0.07793681 
403 293 131 128 0.05264198 
1006 141 14 25 0.051549412 
134 330 400 421 0.049863964 
843 456 182 293 0.048339047 
476 304 78 83 0.042665184 
349 294 127 120 0.040081028 
634 476 60 58 0.0350503 
324 324 248 247 0.023920318 
1004 119 20 38 0.023223704 
594 359 333 431 0.023130488 
276 304 416 370 0.022604778 
1008 120 13 21 0.021996098 
1007 130 13 22 0.02133237 
578 478 70 63 0.020777367 
