50_Celebration_Or_Party_houseparty_50_282
31
322 231 41 49 0.99857557 
47 243 46 73 0.9983486 
645 195 52 64 0.9975077 
423 153 38 46 0.9904385 
623 134 30 45 0.9893064 
166 248 45 58 0.9835656 
791 164 63 84 0.8573289 
927 214 53 64 0.7346969 
499 524 19 21 0.3810698 
927 102 37 44 0.3432185 
951 221 39 43 0.28466585 
203 253 31 40 0.086763576 
917 91 32 45 0.051458858 
609 146 36 43 0.050061375 
504 525 27 32 0.042854033 
552 178 12 16 0.042625014 
542 197 13 16 0.035826184 
552 453 28 35 0.034129884 
375 226 18 23 0.033398867 
74 215 30 38 0.032694936 
932 180 66 81 0.032466702 
498 201 31 32 0.031199358 
533 178 10 13 0.03078841 
217 263 18 25 0.030124076 
565 293 15 19 0.027715702 
11 257 31 50 0.026038697 
62 377 106 128 0.02586459 
800 322 32 49 0.024467854 
107 430 60 71 0.02205761 
198 302 51 62 0.021949247 
631 172 50 64 0.02149537 
