50_Celebration_Or_Party_houseparty_50_609
422
215 348 66 79 0.9991535 
213 214 32 43 0.9975095 
287 245 43 54 0.9959622 
412 234 26 36 0.99549747 
126 236 31 40 0.9884741 
144 259 39 46 0.9841584 
996 254 28 46 0.983536 
890 175 19 25 0.9804365 
843 194 21 28 0.9796341 
474 179 27 37 0.96617436 
87 223 24 36 0.96571857 
306 327 50 80 0.93502724 
635 167 15 20 0.9244987 
802 214 18 24 0.9118405 
820 166 12 15 0.90104276 
769 188 20 26 0.8978301 
599 251 33 50 0.82249576 
675 193 20 29 0.8000886 
70 344 44 63 0.742143 
541 277 46 50 0.7214167 
532 126 11 14 0.70698357 
834 172 12 16 0.7034464 
740 152 15 20 0.6632912 
223 193 23 29 0.6573737 
995 121 12 16 0.5948622 
786 156 13 16 0.57123566 
872 171 13 17 0.5648591 
446 121 14 18 0.5443879 
723 242 27 35 0.53453296 
710 190 17 21 0.5248161 
445 164 16 21 0.52320844 
833 134 11 14 0.5135596 
853 233 16 23 0.51227903 
660 260 32 39 0.46901402 
519 157 13 16 0.44586098 
954 191 23 28 0.4066985 
572 148 12 16 0.40187642 
403 146 11 16 0.39809582 
423 54 9 13 0.39514908 
175 168 10 14 0.35673612 
360 178 14 18 0.35588175 
156 187 18 19 0.3387092 
276 188 23 27 0.29721797 
569 258 41 55 0.28199738 
810 192 15 19 0.25827083 
872 280 29 45 0.24756645 
273 179 16 20 0.2210225 
657 256 19 21 0.22022614 
524 176 17 23 0.2154816 
588 168 13 17 0.21307266 
138 222 30 32 0.20942697 
880 154 12 16 0.20819291 
330 200 20 27 0.18227392 
929 126 11 14 0.18140975 
599 225 21 31 0.17819497 
712 272 44 63 0.16977182 
858 228 22 28 0.16495435 
486 181 26 36 0.16323708 
537 153 15 18 0.16060664 
190 179 15 19 0.16026466 
360 195 12 15 0.15357697 
578 125 12 17 0.15326998 
599 144 13 20 0.149734 
548 165 12 15 0.1489198 
604 141 11 17 0.14686261 
795 178 15 19 0.14618236 
713 286 58 95 0.14515989 
537 215 36 40 0.14122945 
524 152 13 16 0.13966478 
615 260 26 39 0.1394413 
892 140 11 15 0.13277751 
182 212 17 24 0.13236164 
287 335 50 78 0.13007644 
456 56 10 13 0.12753595 
847 134 9 12 0.1275309 
480 127 11 13 0.12367247 
889 135 10 12 0.123310514 
450 128 14 18 0.1213739 
798 184 20 25 0.11899984 
388 191 17 22 0.115541674 
539 202 18 21 0.112540126 
457 180 25 35 0.10955128 
651 145 16 21 0.10928536 
298 29 14 19 0.10841284 
325 158 9 12 0.10732091 
364 24 13 18 0.10605013 
291 172 15 17 0.10468018 
626 272 15 20 0.10421479 
357 181 19 27 0.1016852 
668 75 11 16 0.10092714 
987 135 15 19 0.097787604 
331 38 13 18 0.0938312 
375 149 10 12 0.09321137 
772 134 9 12 0.092888154 
469 148 12 17 0.09184522 
157 194 22 25 0.088289954 
956 205 17 23 0.08812269 
439 117 13 18 0.08803767 
372 376 110 130 0.08790234 
535 202 30 35 0.08786325 
647 121 13 17 0.085438944 
975 232 14 21 0.084710315 
47 201 22 32 0.08384919 
409 132 10 14 0.08369228 
423 47 10 14 0.082786664 
447 188 13 18 0.081866674 
360 42 13 17 0.07952097 
587 68 11 14 0.079287946 
537 130 13 17 0.07879735 
681 262 17 28 0.078292504 
518 66 10 14 0.07710792 
348 227 16 23 0.07685714 
366 146 11 14 0.07676849 
746 149 15 20 0.07454935 
643 199 15 20 0.0739981 
884 149 11 14 0.07398436 
542 162 14 18 0.07396952 
361 23 10 14 0.073159695 
432 118 12 17 0.07286776 
265 22 16 21 0.07280706 
278 177 21 24 0.07273025 
867 226 17 22 0.071375094 
756 195 26 32 0.071278475 
223 149 9 12 0.070987605 
567 143 10 14 0.07086934 
339 160 16 19 0.07042668 
340 187 13 17 0.06939516 
138 199 15 20 0.06932564 
147 218 20 22 0.06860487 
397 238 29 34 0.06851126 
599 190 12 17 0.06753508 
447 55 9 12 0.06751823 
828 225 15 21 0.067052774 
550 69 9 12 0.06582073 
623 74 13 17 0.06521374 
421 156 24 33 0.06516396 
265 185 13 18 0.06515685 
733 158 16 21 0.06488417 
145 197 23 26 0.063586965 
741 142 12 16 0.06278433 
347 145 14 17 0.061959308 
392 47 11 15 0.061529 
702 194 17 20 0.06115855 
239 11 16 19 0.060245123 
414 63 10 13 0.05852574 
97 225 24 36 0.057359684 
596 37 11 15 0.05716577 
129 230 20 23 0.05649875 
796 164 12 14 0.056422092 
422 39 9 12 0.05602313 
703 117 12 16 0.05582496 
175 166 19 25 0.054502465 
989 126 19 25 0.0543433 
801 122 11 14 0.05326615 
995 196 29 41 0.053164992 
908 182 21 27 0.053134907 
776 249 21 27 0.053104084 
746 187 16 22 0.05302209 
337 194 15 21 0.053009152 
531 188 24 31 0.05282755 
878 492 52 60 0.05122517 
448 183 21 29 0.05070931 
152 187 14 16 0.05037683 
686 193 21 29 0.050243437 
668 202 18 25 0.049961675 
351 202 11 16 0.049431007 
729 235 19 24 0.049187515 
659 126 15 19 0.048626628 
485 162 14 17 0.048372637 
323 176 14 19 0.048315406 
818 195 12 17 0.047907084 
364 33 13 20 0.04789172 
1001 121 14 17 0.04788817 
342 180 14 18 0.04749481 
380 150 11 13 0.04741558 
518 52 10 12 0.047123224 
925 155 13 16 0.0469895 
828 168 12 15 0.046868045 
649 194 22 28 0.0464657 
896 539 101 106 0.04565863 
181 155 13 17 0.044649675 
359 165 12 15 0.04464689 
846 165 12 14 0.044551134 
707 123 13 17 0.044364028 
511 50 12 15 0.044123072 
453 92 10 12 0.043823674 
341 168 17 20 0.04354466 
428 47 11 13 0.04304787 
270 163 10 12 0.042916317 
747 193 23 30 0.042800352 
357 200 14 18 0.042764634 
734 139 13 17 0.042166907 
577 146 14 19 0.04203728 
644 252 38 50 0.04191095 
400 152 12 16 0.041773017 
588 205 11 15 0.041633513 
105 237 35 48 0.04158391 
769 240 23 27 0.041285813 
575 235 13 20 0.041164424 
427 51 11 15 0.04110343 
658 136 16 23 0.041030917 
381 194 16 19 0.040911395 
519 35 10 13 0.040795512 
393 186 14 20 0.040787544 
544 75 9 13 0.04073875 
348 257 16 23 0.040613864 
560 135 10 13 0.039610323 
596 236 26 40 0.039494984 
337 257 26 36 0.039361626 
917 222 25 31 0.039303057 
323 162 12 17 0.039257836 
868 216 23 27 0.039134946 
494 54 11 13 0.03906779 
623 166 21 26 0.037964776 
518 182 16 22 0.037838764 
500 69 13 16 0.037548266 
853 132 9 12 0.03754652 
462 152 15 21 0.037333924 
359 141 13 17 0.03718058 
577 119 10 13 0.037062217 
215 164 9 12 0.036803886 
584 62 10 14 0.036771577 
649 121 20 24 0.036688935 
396 169 15 19 0.03663711 
582 73 12 16 0.03658833 
446 112 11 14 0.036305767 
182 183 15 20 0.03622824 
564 213 13 15 0.036195062 
345 195 20 28 0.036165513 
529 259 37 54 0.035957057 
488 47 9 12 0.03585919 
793 156 13 17 0.03570927 
875 165 14 18 0.035581265 
844 137 12 16 0.035335008 
747 178 16 20 0.03507012 
868 489 41 48 0.03484553 
60 310 54 79 0.03483083 
898 177 20 26 0.034798313 
586 209 14 22 0.034765527 
617 217 25 32 0.034691595 
628 71 10 14 0.034686703 
738 159 22 27 0.034660384 
565 134 10 13 0.0345206 
222 199 31 42 0.03439489 
54 357 43 48 0.03434069 
453 156 21 29 0.03433977 
714 228 18 22 0.034213956 
804 199 21 27 0.033938188 
638 197 14 18 0.03370137 
445 58 12 17 0.03355502 
72 227 27 31 0.033523846 
446 135 16 18 0.03334736 
511 36 12 15 0.03334202 
643 148 19 27 0.033339746 
451 272 18 20 0.03332579 
610 226 15 22 0.03320872 
753 154 14 18 0.03309168 
137 204 24 29 0.032609113 
574 77 11 14 0.03236229 
162 180 17 22 0.03218688 
588 217 22 33 0.032077633 
660 191 23 30 0.031932846 
455 64 11 15 0.0318924 
389 34 11 15 0.03178857 
230 91 11 13 0.031756897 
347 176 16 21 0.031729493 
412 41 14 17 0.031543344 
553 163 14 17 0.031515993 
918 165 14 17 0.031425916 
239 160 10 12 0.031381167 
525 59 14 17 0.031324126 
206 175 10 13 0.030985573 
520 179 25 34 0.030922445 
287 168 11 14 0.030894615 
448 48 9 11 0.030844724 
512 68 10 14 0.03081473 
339 146 21 26 0.030760476 
549 46 10 13 0.030757766 
550 51 10 13 0.030752398 
529 121 11 15 0.030554721 
477 125 19 23 0.030519804 
314 630 42 44 0.030421104 
203 178 11 15 0.030268915 
10 344 51 62 0.030184325 
453 85 10 14 0.030173982 
573 69 11 14 0.030017048 
736 189 22 31 0.029713005 
591 195 13 16 0.029655686 
529 237 35 43 0.029525567 
481 170 17 20 0.029397473 
456 46 9 12 0.02909484 
335 155 13 18 0.028419781 
317 197 26 38 0.02827682 
846 147 12 15 0.028246446 
358 155 13 17 0.028127097 
367 189 22 28 0.027892105 
1006 147 13 17 0.027820801 
727 141 12 16 0.02778015 
444 169 21 28 0.027723677 
134 236 47 54 0.027672432 
848 129 8 11 0.027669195 
591 41 12 15 0.02762368 
587 189 21 28 0.027565239 
570 203 25 33 0.027216813 
430 108 10 14 0.027189797 
614 170 13 17 0.027165566 
610 137 14 19 0.027146203 
330 175 21 28 0.027100258 
727 161 15 19 0.027056258 
338 91 13 18 0.027053282 
549 157 13 17 0.027049871 
844 170 13 16 0.026985476 
723 191 14 22 0.026923096 
599 187 21 27 0.026922813 
789 172 16 20 0.0269146 
752 230 26 25 0.026897386 
791 184 15 20 0.026883548 
711 261 34 45 0.026768219 
640 123 12 16 0.026674664 
322 186 23 32 0.026538808 
166 200 23 30 0.02649865 
504 180 25 32 0.026474375 
809 1 28 32 0.026384998 
404 34 23 26 0.026340602 
579 135 14 20 0.026277436 
698 198 25 30 0.026184926 
740 227 15 18 0.026157642 
551 64 8 12 0.026093565 
198 176 11 15 0.026075743 
942 198 24 33 0.025932798 
472 150 20 27 0.025755357 
394 179 16 19 0.02555621 
607 232 32 45 0.02532792 
894 511 59 65 0.025196802 
35 204 27 37 0.025041174 
289 85 10 13 0.02496688 
576 218 22 34 0.024965208 
557 194 15 16 0.024829617 
301 359 56 86 0.024825638 
729 265 33 46 0.024800396 
546 196 15 18 0.024701612 
614 126 10 13 0.024692867 
754 209 26 31 0.02468373 
865 233 25 30 0.024567917 
910 173 12 16 0.02437204 
209 167 9 12 0.024142198 
449 101 9 12 0.024053777 
515 220 15 21 0.024041075 
733 138 20 28 0.024039073 
549 40 10 11 0.023980467 
568 233 24 31 0.023880392 
500 61 11 13 0.023878055 
664 79 11 16 0.023769792 
645 139 17 22 0.023758663 
147 192 17 20 0.023696674 
275 19 17 20 0.023680506 
447 278 23 30 0.023660969 
765 182 16 20 0.023637924 
437 54 13 15 0.023601575 
512 161 13 19 0.023586245 
590 140 12 19 0.023354577 
555 226 28 34 0.023317702 
584 45 10 13 0.023288963 
451 54 19 24 0.023279361 
435 155 24 31 0.023234166 
18 319 57 61 0.023059467 
362 141 19 24 0.023003334 
75 230 40 49 0.022997981 
614 132 12 16 0.022968262 
541 39 11 13 0.022918152 
636 206 18 23 0.022891534 
302 18 22 28 0.022874136 
581 225 13 20 0.022873731 
551 205 30 34 0.022832524 
611 66 15 19 0.022778487 
602 149 15 20 0.022752836 
562 189 13 15 0.022749253 
785 243 16 21 0.022730315 
360 134 10 13 0.022527076 
962 212 16 22 0.02247492 
665 37 108 133 0.022288976 
821 146 13 16 0.022265851 
800 13 32 40 0.022196654 
799 138 12 16 0.022148112 
776 161 13 17 0.022140825 
292 4 12 14 0.0221326 
746 169 16 19 0.022034084 
430 57 12 16 0.021991944 
568 69 11 13 0.021976769 
233 189 15 19 0.021927845 
516 170 17 23 0.021870017 
493 46 11 14 0.021817798 
989 184 30 39 0.021700809 
606 134 12 17 0.021667216 
168 169 14 18 0.021631606 
300 83 14 16 0.021585373 
444 67 12 15 0.021583289 
322 151 18 25 0.021545958 
658 169 16 20 0.021412112 
512 61 11 14 0.02139795 
455 134 20 28 0.021342905 
225 191 13 16 0.021316262 
773 185 13 17 0.021258084 
523 197 26 33 0.02120572 
532 134 21 25 0.021109186 
766 135 14 19 0.021008454 
597 65 16 18 0.020936502 
818 230 24 31 0.020923588 
556 203 14 16 0.020818774 
661 70 19 26 0.0207316 
779 385 39 37 0.02070941 
488 52 10 14 0.020687131 
608 125 11 14 0.0206271 
545 242 49 60 0.020416344 
542 49 13 16 0.020375196 
277 198 25 33 0.020216715 
277 166 11 13 0.02019805 
540 215 17 20 0.020166738 
920 152 21 27 0.020067418 
195 176 21 26 0.020008214 
630 123 12 15 0.020004557 
247 14 23 27 0.020000586 
