41_Swimming_Swimmer_41_607
145
397 81 126 191 0.9972435 
346 547 59 62 0.86795276 
230 103 9 12 0.3484915 
298 130 13 17 0.21529488 
133 39 8 10 0.1818171 
142 55 8 11 0.15268312 
220 145 12 16 0.122126356 
220 130 12 15 0.117089644 
85 119 9 11 0.113915555 
181 57 9 12 0.11029951 
6 158 11 13 0.10942021 
225 107 9 13 0.108501546 
214 109 8 11 0.10001844 
127 85 10 13 0.099515386 
152 29 8 10 0.096491605 
102 57 9 10 0.093433075 
269 155 12 16 0.09072569 
255 116 9 12 0.08706457 
188 125 10 12 0.08615239 
209 111 9 11 0.08488033 
1 122 9 13 0.08359889 
145 29 7 11 0.08176882 
86 124 9 11 0.07592484 
97 57 8 11 0.07120648 
207 48 9 11 0.07067284 
206 116 9 11 0.06976039 
168 30 8 11 0.0668457 
517 205 15 19 0.065589525 
175 113 9 11 0.060508963 
177 60 9 11 0.0585485 
184 119 8 12 0.057849593 
136 33 8 10 0.057596516 
199 47 9 11 0.056885898 
246 109 11 14 0.056134697 
201 117 9 11 0.054933306 
286 113 12 16 0.052610368 
7 121 8 11 0.05051702 
191 63 8 10 0.048340745 
261 126 9 12 0.04767721 
975 95 9 11 0.04766621 
178 299 398 375 0.04526952 
190 118 9 12 0.044322155 
40 158 7 10 0.044142563 
159 30 8 11 0.043367065 
236 102 11 14 0.042398766 
128 45 9 12 0.042021684 
279 125 10 12 0.04194162 
0 247 8 12 0.041845724 
156 23 11 13 0.041400764 
167 38 8 10 0.04118003 
104 8 8 9 0.040971816 
256 88 10 13 0.040554408 
222 201 36 57 0.039684027 
263 160 13 15 0.038752705 
118 5 9 11 0.03758367 
106 47 8 10 0.037309654 
218 127 9 13 0.036436193 
98 134 9 11 0.035664715 
189 132 9 12 0.03549125 
122 85 9 12 0.035298202 
89 61 9 11 0.03506658 
138 60 8 11 0.03469139 
96 8 8 9 0.0344021 
244 132 13 18 0.03338129 
234 183 18 22 0.0331819 
132 86 9 11 0.032123838 
216 86 10 12 0.03186892 
643 462 11 13 0.031653244 
133 43 8 11 0.031603135 
32 157 8 10 0.03159652 
238 105 12 16 0.03145628 
201 51 10 13 0.031363837 
192 70 8 11 0.031359375 
55 160 8 9 0.03028997 
110 47 8 11 0.029829934 
691 754 25 29 0.029443618 
239 127 11 14 0.028993413 
49 87 8 10 0.028839879 
285 124 10 15 0.02880419 
287 131 9 13 0.028668532 
110 53 8 11 0.028623104 
78 30 7 9 0.028240347 
231 98 10 12 0.028205095 
118 116 9 11 0.028197981 
150 53 9 12 0.028084816 
144 48 9 10 0.027903005 
225 63 95 126 0.02761709 
260 91 11 13 0.027209966 
257 156 11 15 0.026977204 
38 153 8 10 0.026839837 
572 204 13 16 0.026801115 
215 117 8 11 0.026547525 
73 30 8 10 0.02636981 
86 113 8 10 0.026271448 
216 126 19 26 0.026072001 
160 38 8 10 0.025833586 
230 193 13 19 0.025613463 
209 40 8 10 0.025241388 
198 61 9 11 0.025213065 
248 87 10 15 0.025026636 
93 102 8 11 0.025012916 
245 102 10 13 0.024958871 
23 199 9 10 0.024934446 
644 474 16 22 0.024799343 
24 121 8 10 0.024324667 
959 212 11 14 0.02402637 
260 118 9 11 0.023909647 
192 112 8 11 0.023839775 
152 36 8 11 0.023456551 
87 30 8 10 0.023454182 
296 136 14 19 0.02344507 
64 14 8 10 0.023319868 
24 155 10 12 0.023206208 
192 77 9 10 0.023074267 
55 166 8 9 0.0230711 
541 204 15 19 0.02298908 
81 112 8 11 0.02291275 
308 78 14 20 0.02289058 
128 132 12 15 0.022530956 
271 144 10 12 0.022442967 
127 127 9 11 0.022384552 
222 115 11 14 0.02235274 
110 6 10 11 0.02225263 
133 138 10 12 0.022029106 
127 52 8 10 0.021941317 
810 97 39 47 0.021896735 
158 13 10 11 0.021332176 
81 24 8 10 0.02130386 
73 128 8 11 0.021025643 
280 119 9 12 0.020964686 
168 45 7 9 0.020962011 
504 92 9 11 0.020943267 
105 87 7 9 0.020897945 
216 105 8 12 0.020884685 
0 100 9 13 0.020867404 
168 25 10 12 0.020797003 
191 141 10 12 0.020771585 
282 108 11 14 0.020620715 
31 125 8 11 0.020437194 
175 1 9 10 0.020380031 
14 120 8 10 0.020194547 
196 150 10 12 0.020086903 
181 5 9 11 0.02008063 
209 104 9 12 0.02005527 
81 125 9 11 0.020005995 
