41_Swimming_Swimmer_41_449
41
810 596 53 72 0.117624655 
875 522 130 149 0.1082563 
855 228 48 50 0.106030814 
1011 291 13 20 0.08456788 
771 164 25 33 0.07916095 
669 278 37 33 0.07862138 
954 196 30 42 0.058825154 
877 303 49 54 0.056677204 
657 302 16 20 0.054518197 
1003 146 15 20 0.047646537 
464 118 17 19 0.04513733 
773 131 15 18 0.044887487 
779 125 15 18 0.044734653 
1012 154 11 18 0.038135137 
996 283 26 36 0.03670017 
823 616 32 46 0.03640991 
1003 149 21 33 0.035982117 
954 204 46 57 0.03482069 
1006 294 19 33 0.034587763 
659 286 31 32 0.0326429 
979 440 45 91 0.031372566 
855 247 54 60 0.029889582 
939 30 9 11 0.028577333 
763 143 26 33 0.027106527 
818 15 8 10 0.026698774 
949 287 28 32 0.02627211 
662 291 45 51 0.026051344 
748 206 16 19 0.026019227 
1013 113 10 16 0.025961721 
987 147 41 57 0.025279045 
490 122 242 283 0.024212241 
498 308 17 19 0.02389241 
946 309 47 56 0.022418322 
752 5 24 29 0.022328123 
998 139 16 24 0.021531222 
937 102 44 57 0.021481458 
837 625 31 42 0.021320494 
180 -8 204 269 0.020916814 
765 132 24 29 0.020414865 
953 303 33 37 0.020245712 
779 276 36 40 0.0200079 
