41_Swimming_Swimmer_41_772
31
563 1099 30 50 0.9860534 
440 211 351 478 0.98589224 
174 195 377 416 0.777516 
29 586 198 183 0.2585834 
315 1123 29 46 0.19501027 
347 -1 523 553 0.13594334 
383 1077 419 503 0.12256764 
451 113 263 385 0.09116183 
16 641 36 33 0.08277337 
444 1180 61 73 0.06738564 
68 672 68 57 0.06287522 
55 636 138 103 0.062073935 
-1 507 343 418 0.05611406 
553 781 388 460 0.05395859 
55 322 28 33 0.05009211 
307 791 106 122 0.046567697 
98 615 217 248 0.034357317 
69 1284 93 120 0.028092816 
878 805 10 13 0.02547032 
244 1430 51 51 0.025284534 
71 680 34 39 0.023906762 
256 298 459 490 0.023770936 
76 288 16 18 0.023712885 
760 1100 187 169 0.023468489 
412 1415 12 13 0.021691132 
35 693 16 21 0.02138334 
33 1179 145 141 0.021368703 
389 1407 10 11 0.021267582 
10 291 23 30 0.021154132 
192 1055 34 42 0.020721555 
1 1325 25 31 0.020424388 
