41_Swimming_Swimmer_41_843
30
776 63 86 119 0.9992982 
257 371 14 16 0.27270323 
462 206 12 15 0.23459929 
613 273 23 32 0.1378568 
454 256 23 27 0.07889458 
184 367 9 13 0.07874267 
457 252 17 20 0.07820989 
508 259 13 14 0.054049093 
526 417 227 233 0.05247476 
627 491 33 28 0.04929186 
611 483 58 45 0.034771834 
236 379 39 51 0.03466408 
498 304 31 32 0.029581815 
945 650 74 115 0.02946894 
245 393 14 18 0.02922374 
187 371 11 12 0.029030304 
37 431 11 14 0.028861096 
249 372 22 27 0.027979879 
330 383 10 12 0.027482215 
551 338 11 12 0.02701691 
562 254 9 12 0.026843335 
501 274 15 18 0.026842799 
642 492 15 16 0.026532665 
246 402 14 19 0.026514618 
507 264 16 18 0.02574387 
505 317 27 29 0.025376866 
517 260 11 14 0.02304321 
602 254 40 55 0.022663537 
517 279 14 18 0.021518495 
618 200 16 18 0.02032977 
