41_Swimming_Swimmer_41_471
124
469 105 114 163 0.99990153 
98 702 19 21 0.37253395 
764 250 11 15 0.2014592 
787 254 13 14 0.17102517 
74 721 15 17 0.14720985 
224 759 11 14 0.13251686 
195 723 24 32 0.123852186 
946 684 14 17 0.081728436 
793 270 27 30 0.080391765 
178 707 25 31 0.066860385 
276 748 20 26 0.063139975 
171 692 12 14 0.062107828 
66 722 29 33 0.061360817 
29 568 9 11 0.056990553 
64 718 12 14 0.056372102 
730 738 64 54 0.055470217 
1001 301 21 27 0.053723842 
783 391 199 239 0.051607914 
761 316 10 13 0.04977708 
204 726 14 18 0.048969824 
774 244 10 13 0.048317067 
31 572 9 11 0.047788464 
752 262 10 12 0.046112165 
964 689 18 20 0.045427933 
144 697 11 13 0.044643447 
35 725 12 14 0.04460487 
24 567 9 12 0.044433963 
787 260 44 48 0.042666797 
953 685 26 28 0.04237263 
120 718 11 13 0.04144631 
1 565 10 15 0.03975683 
816 257 14 16 0.039432246 
796 235 15 15 0.03783531 
182 713 30 37 0.03779745 
186 712 14 17 0.03767557 
821 229 14 16 0.037543323 
712 270 10 12 0.03732489 
36 719 11 13 0.03677445 
784 258 11 13 0.03665714 
750 239 9 10 0.036135256 
739 276 10 12 0.03600485 
804 235 14 15 0.035987344 
814 229 12 15 0.035456818 
797 281 15 17 0.035421025 
196 777 11 14 0.035237428 
75 729 15 18 0.03422789 
797 270 15 17 0.034166932 
796 252 13 14 0.033747736 
744 435 21 30 0.033035327 
94 679 14 19 0.032913357 
68 728 42 49 0.032652766 
772 260 11 14 0.032633673 
776 269 9 13 0.03208828 
805 262 11 13 0.032020867 
769 350 11 14 0.031866286 
-49 43 395 407 0.031646162 
377 255 7 9 0.031179015 
780 270 10 12 0.030984046 
720 319 330 409 0.030377535 
748 340 14 17 0.030215928 
64 714 23 28 0.030075803 
942 680 25 28 0.029584609 
277 741 14 18 0.02955325 
47 725 8 12 0.028466599 
799 262 12 13 0.028215522 
759 310 11 14 0.027809871 
56 560 8 10 0.027448826 
775 277 9 12 0.027394867 
736 301 11 14 0.0271143 
728 269 11 13 0.026590135 
1004 319 18 22 0.026240578 
813 267 15 19 0.025915252 
43 858 417 486 0.02568822 
1 689 16 23 0.02562441 
698 270 12 13 0.025436148 
720 319 9 11 0.02494306 
108 542 7 10 0.024504205 
788 326 12 13 0.024337726 
749 242 11 13 0.02405001 
934 708 34 36 0.02358617 
15 572 10 12 0.023333246 
789 246 24 26 0.023315193 
224 752 10 13 0.023194278 
993 309 25 32 0.023053212 
32 729 13 16 0.02299759 
57 719 10 13 0.022962142 
222 754 18 23 0.02288114 
18 698 17 19 0.022841813 
271 751 15 20 0.02272376 
253 762 17 18 0.022586565 
943 694 30 32 0.022507025 
258 757 13 16 0.022446057 
759 301 11 14 0.022402544 
1013 588 9 15 0.02225848 
155 709 12 16 0.022135772 
238 774 10 14 0.022085361 
280 785 11 13 0.022074373 
169 689 10 12 0.022071289 
937 685 13 14 0.021884382 
870 781 56 65 0.021701073 
958 322 54 67 0.021654665 
681 269 10 13 0.021595137 
728 264 9 11 0.021566259 
771 411 134 161 0.021522718 
450 369 75 68 0.021489048 
945 692 46 51 0.021464156 
759 247 19 24 0.021424226 
78 712 10 12 0.02129866 
81 722 14 17 0.0210501 
745 239 9 10 0.021037906 
705 722 117 93 0.020987717 
6 691 22 27 0.020975454 
783 233 9 10 0.020941889 
100 691 18 21 0.020880356 
771 251 11 14 0.02081993 
47 567 9 11 0.020699017 
341 560 353 430 0.020646589 
807 230 21 24 0.020449983 
112 572 8 11 0.020432455 
90 550 7 8 0.020390512 
197 716 13 15 0.020323148 
208 730 14 19 0.02024878 
80 566 7 9 0.020186825 
967 697 18 20 0.020032091 
