41_Swimming_Swimmer_41_711
68
295 217 226 277 0.9999293 
117 601 25 30 0.19234446 
98 591 23 28 0.1344245 
805 311 12 16 0.10862385 
763 453 17 21 0.10431237 
788 321 15 19 0.09994698 
517 670 94 115 0.09383749 
244 1075 412 472 0.08313594 
820 326 16 19 0.08184475 
859 302 16 19 0.05914395 
835 347 47 59 0.057720304 
769 307 13 15 0.053631473 
785 524 211 300 0.05068191 
309 811 29 40 0.049368024 
107 594 27 33 0.048690684 
325 858 407 362 0.0469288 
280 847 30 34 0.04642926 
543 1359 9 11 0.046331603 
661 415 13 16 0.04512499 
0 628 10 16 0.039759625 
1006 973 18 39 0.038673017 
0 201 14 24 0.037976813 
642 235 179 241 0.034083065 
205 94 418 390 0.0340092 
765 312 15 17 0.03387628 
1 1056 15 23 0.033786632 
21 772 14 17 0.033520896 
674 -30 189 199 0.03339907 
534 1366 10 12 0.03158427 
769 340 13 17 0.030994268 
0 1111 30 40 0.030734003 
61 1455 20 31 0.030697217 
8 679 11 14 0.029150458 
33 193 24 30 0.029127756 
281 847 49 66 0.02861316 
888 941 47 59 0.02823892 
345 1231 115 120 0.027408317 
702 418 13 15 0.026547434 
866 298 17 20 0.02653696 
550 1363 12 12 0.026077528 
293 800 53 71 0.026049728 
302 896 29 39 0.025775114 
558 1363 12 13 0.025642933 
801 308 11 15 0.025587188 
962 63 10 12 0.025253987 
828 305 14 17 0.025179189 
1000 822 10 13 0.025021996 
303 50 15 17 0.024281643 
552 1350 11 10 0.023741793 
385 66 16 20 0.023705894 
680 1519 7 10 0.023151567 
62 1173 55 66 0.022796495 
4 1048 23 36 0.02269155 
26 776 14 16 0.021971487 
785 318 13 16 0.021658488 
124 651 14 18 0.021604333 
793 314 20 25 0.021365568 
29 149 251 252 0.021333376 
88 585 39 46 0.021246243 
1015 852 9 14 0.0211807 
22 1044 31 41 0.02105157 
209 881 357 482 0.020886738 
69 731 13 15 0.020677028 
105 598 41 51 0.020633895 
875 299 14 18 0.020399204 
664 319 387 482 0.020082599 
718 1302 11 14 0.020028446 
304 542 443 417 0.020001717 
