41_Swimming_Swimming_41_521
34
93 151 37 34 0.11290912 
344 236 113 118 0.09172753 
186 650 60 63 0.084908634 
75 678 65 50 0.083392285 
346 263 81 61 0.08115682 
554 655 42 43 0.07090442 
476 657 18 19 0.059104912 
819 611 30 35 0.053604998 
725 277 141 97 0.042129166 
391 253 73 74 0.03594138 
59 669 106 85 0.03500811 
710 264 300 180 0.034384623 
53 694 131 137 0.033415902 
937 36 11 15 0.032380532 
350 291 40 33 0.03175994 
395 253 44 41 0.029965114 
35 374 14 15 0.029911608 
509 289 118 157 0.028861582 
227 656 54 59 0.028360717 
43 678 69 56 0.026798723 
482 247 206 248 0.02613572 
390 181 83 104 0.025778864 
348 699 14 16 0.025743535 
69 144 67 48 0.025343018 
139 568 136 168 0.025184954 
111 105 400 380 0.024652492 
29 377 16 17 0.024032764 
893 632 49 56 0.023974953 
436 -13 111 127 0.021771014 
426 201 62 74 0.021637151 
142 163 29 27 0.02145988 
460 208 46 41 0.020260867 
31 157 36 33 0.02014801 
931 614 18 22 0.020089483 
