41_Swimming_Swimmer_41_308
28
865 21 112 106 0.458132 
479 123 43 60 0.11247685 
500 119 48 66 0.07852981 
573 51 85 123 0.0650896 
531 77 95 123 0.050023433 
473 112 81 106 0.042314757 
-34 129 397 500 0.041372597 
509 109 30 34 0.040601138 
527 192 50 53 0.039387006 
915 66 39 39 0.03738607 
832 -4 173 206 0.030449081 
482 130 16 22 0.029806992 
685 142 62 59 0.029094739 
441 318 236 268 0.028688656 
477 129 24 36 0.028394913 
541 96 57 76 0.027751861 
496 158 58 79 0.027161019 
491 121 30 36 0.02533386 
548 -62 401 435 0.025329089 
508 116 18 24 0.025269195 
471 140 32 43 0.024052827 
515 93 51 69 0.02318285 
288 113 222 245 0.022131206 
468 118 27 37 0.021355433 
495 180 12 16 0.020671226 
250 266 217 209 0.020664876 
467 161 31 40 0.020591415 
468 150 56 74 0.020001633 
