41_Swimming_Swimmer_41_1001
58
207 371 17 25 0.8500665 
54 421 17 23 0.3515755 
139 378 12 15 0.286323 
79 369 15 17 0.19247305 
0 433 18 23 0.17830913 
4 369 14 18 0.12917788 
238 390 11 13 0.11212869 
148 368 12 16 0.10048668 
215 473 36 43 0.07896898 
606 343 24 33 0.072214946 
37 393 15 18 0.060192954 
190 389 30 35 0.05561232 
0 363 12 17 0.051981557 
389 346 10 13 0.045633808 
229 409 17 20 0.04550006 
124 375 10 12 0.04322113 
198 376 16 20 0.042489126 
14 381 9 13 0.04107202 
192 373 12 17 0.038863894 
291 405 12 15 0.03859168 
176 366 10 13 0.037550446 
65 360 15 18 0.03449672 
167 373 10 13 0.03399641 
138 394 14 16 0.033990044 
548 235 11 12 0.033388525 
192 356 12 14 0.03335573 
148 393 13 15 0.03330279 
0 358 10 14 0.032912917 
309 415 13 16 0.032617964 
158 372 9 12 0.03178642 
34 353 13 16 0.031631913 
240 358 11 14 0.031393096 
144 366 11 13 0.031218924 
180 364 12 15 0.030571265 
3 395 13 18 0.030197198 
203 380 25 35 0.029532654 
361 478 15 17 0.028704943 
544 206 10 11 0.02869098 
122 389 12 16 0.028643271 
116 366 10 12 0.027803078 
136 368 8 10 0.027347347 
3 389 13 15 0.026773958 
173 371 14 17 0.02660979 
84 420 15 17 0.02605867 
919 30 21 23 0.025004994 
172 378 14 17 0.024264704 
156 366 10 14 0.023774773 
174 352 9 11 0.023155935 
160 412 11 16 0.02276364 
940 56 43 65 0.022631405 
167 388 11 13 0.022547226 
22 382 11 13 0.022168955 
790 328 262 197 0.022082573 
558 202 14 16 0.02137307 
491 285 16 18 0.021109853 
811 449 14 18 0.020750452 
166 367 10 13 0.020355713 
532 214 10 12 0.020329515 
