41_Swimming_Swimming_41_730
20
200 102 172 236 0.5769221 
355 116 225 285 0.2860952 
259 105 213 250 0.15271601 
449 207 58 69 0.08255845 
16 142 119 164 0.06428933 
149 -5 52 53 0.059476025 
13 28 111 141 0.0490178 
31 192 130 184 0.04705072 
746 634 19 24 0.03769407 
23 66 164 199 0.031758513 
433 196 94 111 0.029458195 
489 353 377 504 0.028903773 
35 10 52 75 0.02810682 
793 299 90 130 0.027814351 
557 150 67 85 0.026903728 
744 249 55 78 0.025665926 
811 339 52 73 0.023446541 
819 609 16 19 0.023005145 
636 779 42 44 0.020429702 
723 572 55 69 0.02028957 
