41_Swimming_Swimmer_41_380
100
566 106 10 14 0.88388306 
465 226 18 20 0.8578582 
605 109 11 13 0.74825823 
592 201 15 18 0.58425564 
441 275 16 18 0.4614557 
460 264 14 18 0.299266 
556 212 11 16 0.19350712 
584 175 12 15 0.1672118 
399 293 13 16 0.118160404 
601 114 11 14 0.11214279 
499 220 11 15 0.09029211 
527 295 14 15 0.08550413 
562 139 21 27 0.08121541 
416 261 10 12 0.079412885 
584 134 9 12 0.078986324 
623 143 10 13 0.07633699 
491 259 13 15 0.07610475 
574 129 11 15 0.07604606 
482 300 26 28 0.07498292 
572 107 9 13 0.073982514 
398 282 22 26 0.071056046 
505 192 8 11 0.06827826 
569 204 12 14 0.06793593 
403 273 16 20 0.06767857 
506 272 13 16 0.06587327 
908 187 33 38 0.058723 
590 134 9 13 0.058399856 
510 134 9 11 0.055050593 
550 133 9 13 0.0531257 
561 117 9 11 0.05160499 
835 183 31 32 0.05130951 
567 129 12 17 0.050710164 
575 228 39 54 0.04872988 
503 195 12 17 0.047168102 
598 180 11 14 0.04654237 
561 248 29 37 0.04304955 
326 517 9 11 0.0429039 
409 290 16 20 0.04253831 
588 188 15 18 0.041817077 
601 258 12 17 0.04155489 
559 126 11 15 0.04059959 
467 266 13 17 0.040456783 
850 181 29 34 0.037525967 
422 470 12 16 0.035446506 
412 445 15 19 0.035204876 
599 487 25 35 0.034995478 
836 192 18 21 0.03457895 
597 187 13 17 0.033264264 
467 237 18 20 0.03323343 
906 150 13 14 0.03304032 
567 218 11 15 0.031931356 
471 302 26 28 0.03176423 
392 299 10 14 0.03174935 
518 315 52 55 0.031253625 
471 231 16 19 0.030655047 
571 198 12 15 0.030483497 
484 254 15 18 0.030300362 
494 207 20 30 0.030184787 
653 173 10 14 0.030053971 
417 308 11 13 0.030040078 
889 211 29 33 0.029960996 
602 105 18 22 0.02995884 
482 553 14 17 0.029699737 
438 303 12 15 0.029341184 
564 265 14 18 0.027434565 
867 184 24 36 0.027349409 
393 292 11 17 0.027084831 
478 293 13 13 0.026796263 
512 227 9 14 0.024686277 
384 381 10 13 0.0246399 
605 123 12 15 0.024528574 
597 132 9 13 0.024317808 
821 158 9 12 0.024057485 
570 150 14 18 0.02401338 
729 135 10 12 0.0237933 
412 266 13 18 0.023733558 
582 117 9 12 0.023645574 
815 156 11 15 0.023457665 
927 454 64 80 0.022930067 
875 412 13 14 0.022885907 
822 165 8 11 0.022701185 
550 140 9 13 0.02258002 
490 313 14 16 0.022578979 
461 299 25 27 0.022153921 
691 66 14 16 0.022090802 
460 253 16 19 0.022064518 
560 145 12 17 0.02175372 
886 182 33 40 0.021647958 
745 107 10 13 0.021453593 
525 291 23 24 0.021359412 
478 253 12 14 0.021329075 
494 352 14 18 0.021048393 
899 223 15 17 0.020965543 
510 220 11 15 0.02078019 
667 279 14 16 0.0207156 
877 201 11 16 0.020574925 
383 376 10 12 0.020513728 
491 295 17 19 0.02037569 
509 253 9 12 0.02035558 
599 151 10 14 0.02020227 
