41_Swimming_Swimming_41_172
37
286 26 12 17 0.29188785 
340 52 13 16 0.28017074 
495 140 38 42 0.18235275 
281 69 11 15 0.16036578 
683 197 43 57 0.12826374 
919 3 18 19 0.10897546 
279 24 15 18 0.09970301 
726 221 43 39 0.08758582 
697 156 61 46 0.075961284 
347 42 17 18 0.07311588 
897 50 15 18 0.050344992 
328 53 12 13 0.046406176 
292 23 10 12 0.044242382 
725 240 41 41 0.043201473 
290 33 12 15 0.04033398 
295 52 11 13 0.03974615 
283 64 15 18 0.038743913 
362 65 15 17 0.036448598 
301 52 10 12 0.035285484 
968 45 13 15 0.03366072 
254 28 8 10 0.03242647 
333 46 15 17 0.02887552 
300 21 11 13 0.027973121 
660 160 12 12 0.026774194 
480 146 32 36 0.026329016 
294 45 11 13 0.024660595 
274 69 9 13 0.024330722 
367 46 12 13 0.024073297 
327 47 12 14 0.022596603 
264 31 9 11 0.02249768 
256 72 8 10 0.022487955 
321 53 11 12 0.022452522 
912 27 13 17 0.022027822 
366 52 12 13 0.021788124 
943 6 12 14 0.020928167 
272 29 10 14 0.02088602 
263 15 9 11 0.020703318 
