41_Swimming_Swimmer_41_755
39
878 288 22 27 0.40236172 
879 196 19 22 0.24037027 
897 319 45 58 0.21528545 
875 275 24 27 0.1712604 
990 259 20 30 0.16264327 
340 380 136 149 0.13446483 
871 260 24 30 0.10093752 
871 257 16 20 0.09304782 
574 363 52 67 0.055689715 
866 227 16 18 0.05210743 
874 280 45 63 0.04901119 
919 226 13 18 0.04696254 
783 244 19 29 0.046830676 
512 205 11 14 0.038684815 
560 348 87 116 0.037289836 
389 315 204 251 0.037111603 
872 283 15 18 0.035099134 
853 362 31 40 0.034867182 
880 258 15 17 0.034483135 
799 333 24 30 0.02810553 
905 334 20 25 0.028095113 
219 327 368 466 0.027966667 
902 414 11 14 0.027920973 
557 348 52 70 0.02644868 
885 288 53 70 0.024499675 
990 628 14 21 0.024107343 
882 292 29 36 0.02316695 
554 438 71 69 0.022647556 
887 282 16 20 0.02254466 
574 403 44 39 0.022350393 
865 242 26 30 0.022285316 
879 192 12 15 0.022273846 
868 297 26 34 0.022104196 
990 256 14 18 0.021928422 
471 249 44 48 0.021280473 
981 263 16 23 0.021144222 
914 324 16 20 0.020419454 
862 234 16 20 0.020149559 
904 529 26 35 0.020037897 
