28_Sports_Fan_Sports_Fan_28_244
84
892 313 24 30 0.88564116 
952 289 30 36 0.5980035 
53 204 22 26 0.3269656 
930 276 25 31 0.32515976 
592 83 46 59 0.3233723 
64 242 18 21 0.20054117 
331 66 35 50 0.1979963 
155 119 28 36 0.18846634 
932 8 21 28 0.18177362 
688 337 30 40 0.17884822 
240 212 57 81 0.13354097 
738 0 30 27 0.12029455 
662 296 46 77 0.10806066 
940 278 30 37 0.10013793 
152 440 16 23 0.09553926 
226 126 46 57 0.091539435 
926 50 25 32 0.090763584 
1 152 19 32 0.090729766 
879 270 23 28 0.08660072 
793 259 32 40 0.07793607 
338 51 57 77 0.06932744 
60 148 17 21 0.06690324 
385 72 46 73 0.062102936 
362 349 30 39 0.061999165 
0 230 19 29 0.061582267 
20 269 16 21 0.06022376 
180 207 41 51 0.059332393 
969 293 29 34 0.05874636 
974 16 15 20 0.057528496 
100 104 21 29 0.057500612 
258 134 49 70 0.056570094 
810 20 27 32 0.05457798 
409 335 18 22 0.052346997 
116 278 16 21 0.05142793 
1010 233 13 20 0.049575306 
962 78 16 21 0.04915104 
205 90 54 61 0.047960237 
137 252 18 25 0.046639927 
20 329 16 21 0.044193875 
644 274 52 78 0.04418325 
223 157 53 69 0.042434257 
754 0 34 34 0.042284932 
823 270 14 17 0.041524958 
44 26 24 30 0.038618114 
762 12 29 35 0.038243808 
205 158 40 42 0.037884068 
255 174 61 85 0.03758995 
1011 376 13 24 0.037365697 
410 403 45 50 0.036073603 
20 81 22 27 0.03572951 
867 252 16 20 0.034156628 
227 432 15 19 0.0323475 
674 327 48 66 0.032172285 
211 137 40 46 0.030351546 
861 256 31 35 0.02885042 
370 357 18 23 0.028642599 
269 329 477 444 0.028595455 
861 270 40 47 0.027878558 
1004 -1 17 17 0.02756296 
882 6 24 28 0.027505893 
690 0 30 24 0.027167965 
925 283 19 24 0.026952336 
230 178 53 85 0.026826251 
881 315 38 47 0.026626788 
525 12 27 33 0.025871575 
985 299 17 22 0.025647735 
433 525 30 44 0.025491882 
766 324 23 30 0.025425015 
217 429 24 35 0.024339067 
585 547 29 36 0.024295285 
851 152 17 21 0.023574485 
355 110 55 74 0.02345974 
204 99 76 92 0.02300576 
0 145 11 21 0.022994969 
395 113 43 51 0.022793123 
1001 87 24 37 0.022004131 
325 83 52 76 0.021951377 
871 98 29 36 0.021898277 
355 78 49 67 0.021610534 
52 245 24 26 0.021592254 
581 116 35 42 0.02120507 
108 211 25 34 0.02105385 
430 412 27 33 0.020834392 
20 65 25 30 0.020660521 
