28_Sports_Fan_Sports_Fan_28_165
22
126 83 120 175 0.9996407 
696 176 118 171 0.9996269 
513 103 126 184 0.99955755 
271 134 88 106 0.862372 
863 0 71 74 0.44108197 
895 5 55 61 0.15496299 
842 -5 97 154 0.057137817 
174 124 114 138 0.057029944 
721 27 37 46 0.055823967 
242 154 70 90 0.036281247 
434 246 40 44 0.034771316 
698 26 99 130 0.03331181 
421 77 104 133 0.03249872 
714 36 54 68 0.029041095 
950 20 62 72 0.028805943 
602 14 46 41 0.027253136 
833 226 30 44 0.026449127 
562 366 104 104 0.025572637 
-2 171 91 161 0.024453375 
562 131 133 180 0.02172284 
579 385 68 63 0.021090286 
745 48 103 135 0.020104691 
