28_Sports_Fan_Sports_Fan_28_480
59
489 214 59 74 0.9994142 
978 237 30 36 0.9989434 
698 168 85 105 0.99672407 
427 82 79 158 0.9780386 
364 77 89 142 0.26394704 
568 275 34 39 0.22758073 
4 197 23 37 0.10220169 
921 300 41 58 0.08421809 
887 257 14 17 0.07973644 
3 201 40 65 0.06759554 
911 267 12 15 0.06390345 
895 248 9 11 0.05980267 
467 172 76 103 0.05968742 
612 97 22 26 0.058018688 
917 245 9 11 0.056287263 
891 253 12 15 0.053192794 
917 262 11 14 0.053125437 
586 272 17 21 0.049811613 
968 354 52 87 0.047931734 
578 268 18 20 0.04697225 
536 257 27 32 0.04142288 
479 170 36 51 0.040012415 
935 241 8 9 0.039847936 
462 175 38 53 0.039480202 
653 244 12 16 0.038961176 
666 244 16 23 0.036239523 
862 248 15 17 0.035862524 
937 70 11 17 0.035513077 
602 231 22 27 0.035299 
325 71 87 145 0.03374769 
646 244 12 18 0.03309824 
927 255 9 12 0.03278915 
667 249 47 59 0.03248026 
918 308 13 19 0.031306546 
919 240 8 11 0.030003015 
177 172 10 13 0.029957514 
918 254 10 12 0.029530173 
660 242 29 36 0.02796377 
649 243 23 28 0.027628416 
0 101 44 66 0.0275253 
956 250 12 15 0.027323753 
942 255 11 13 0.026077574 
902 252 9 11 0.025367586 
951 252 11 13 0.025117353 
941 265 13 16 0.02497265 
596 267 14 20 0.02467852 
926 267 11 14 0.024640819 
974 204 13 16 0.024186287 
187 110 25 27 0.023963671 
616 255 47 56 0.023904445 
587 281 46 54 0.023880335 
205 174 9 12 0.023379631 
889 248 10 11 0.02188482 
989 23 11 13 0.021747975 
929 276 23 26 0.0215598 
911 254 10 11 0.021144418 
909 261 20 25 0.020942451 
934 259 12 15 0.02064587 
913 307 26 36 0.02014518 
