28_Sports_Fan_Sports_Fan_28_265
105
494 85 233 333 0.99963224 
95 157 266 360 0.99953616 
1011 317 7 10 0.09947285 
912 316 8 11 0.08098485 
976 523 37 62 0.079171725 
922 326 8 11 0.07110077 
941 319 8 10 0.06709666 
974 207 7 10 0.064931266 
1014 261 8 11 0.058933746 
935 281 8 9 0.055767674 
919 319 8 10 0.052275885 
991 230 8 9 0.051366545 
949 335 9 11 0.045747362 
887 305 7 8 0.045141704 
942 312 7 9 0.04464179 
516 429 148 214 0.042584553 
934 286 8 9 0.042525195 
993 208 7 8 0.0405981 
992 288 8 11 0.03979101 
985 270 8 10 0.03966696 
990 184 9 10 0.039339602 
1010 264 7 10 0.035600416 
1009 191 9 11 0.035311326 
989 270 8 9 0.03479793 
999 288 7 9 0.034415312 
926 383 15 21 0.033892397 
921 302 8 9 0.033397987 
897 293 7 10 0.033386532 
968 289 7 9 0.032480735 
970 239 8 9 0.03223278 
928 313 7 9 0.032201562 
1001 240 8 9 0.032025494 
996 468 26 39 0.03152919 
897 289 8 9 0.030686663 
912 297 8 9 0.030551082 
968 264 7 9 0.030518893 
977 319 7 9 0.030322855 
1000 207 7 9 0.028524254 
954 310 8 9 0.028369036 
960 328 6 9 0.028063994 
999 458 14 20 0.02805803 
903 326 7 8 0.028034877 
968 225 7 9 0.027855927 
920 296 8 9 0.027773136 
918 313 8 9 0.027323047 
1013 454 10 17 0.027159764 
1006 208 8 9 0.026968198 
905 304 7 9 0.026961632 
975 248 7 8 0.02692949 
950 288 8 10 0.02664035 
974 487 24 37 0.026432384 
991 224 8 11 0.02623985 
986 231 7 8 0.026097158 
972 493 39 65 0.025900837 
936 296 8 9 0.025838641 
986 239 8 9 0.025642874 
994 280 6 8 0.025510201 
898 311 7 9 0.025393194 
993 199 7 9 0.025069537 
991 254 7 9 0.025014605 
926 302 8 10 0.024962492 
951 237 9 10 0.024828138 
1002 271 7 9 0.024794322 
969 231 8 9 0.02466293 
985 224 7 9 0.024537817 
1001 279 7 10 0.024525756 
944 295 8 9 0.024500879 
952 207 7 9 0.024315514 
385 349 443 438 0.024144419 
973 233 8 9 0.023931539 
904 319 7 11 0.02390884 
889 336 8 10 0.023884302 
983 207 7 9 0.023765631 
998 223 8 9 0.023346582 
967 311 8 9 0.023153177 
975 202 8 9 0.023080075 
927 268 9 10 0.023038968 
1014 196 8 11 0.02301208 
977 280 8 9 0.022483554 
951 263 8 9 0.022278324 
1008 270 7 10 0.022176303 
905 271 8 10 0.021958604 
928 297 6 8 0.021948727 
1008 231 7 10 0.021932662 
975 264 8 10 0.021824688 
-27 575 176 285 0.02180441 
1008 182 8 10 0.02173628 
1006 213 8 9 0.021736098 
1008 254 7 10 0.021705527 
985 292 8 10 0.021546198 
911 336 8 10 0.021487655 
928 247 8 9 0.021393752 
821 293 9 10 0.021148378 
984 200 7 9 0.020919912 
1002 311 8 10 0.020846521 
926 331 10 11 0.020640958 
336 128 65 65 0.020524204 
1002 246 6 8 0.020517493 
983 305 8 9 0.020258676 
968 329 7 8 0.020230006 
1001 263 7 10 0.020169402 
1008 278 8 11 0.020142049 
918 279 8 9 0.020079829 
983 288 9 10 0.020051006 
896 319 9 10 0.020050354 
