28_Sports_Fan_Sports_Fan_28_590
119
765 461 36 38 0.99667346 
597 608 37 38 0.9939247 
549 167 29 37 0.9907039 
49 38 30 37 0.9840497 
32 268 22 34 0.9812444 
195 292 26 44 0.95377904 
917 212 29 34 0.3185902 
350 474 37 40 0.24482296 
314 400 22 38 0.23362824 
118 298 37 56 0.16502602 
585 175 16 21 0.1542102 
924 222 16 20 0.15162781 
669 182 17 21 0.1390482 
900 242 12 16 0.13583815 
540 311 27 32 0.11649863 
339 456 46 47 0.10827597 
577 312 17 19 0.106128104 
927 2 16 18 0.10207655 
619 287 25 29 0.097980626 
687 13 13 17 0.0965844 
197 331 400 385 0.09446173 
660 97 16 21 0.09438333 
256 254 26 29 0.08754483 
772 334 29 33 0.08318579 
910 210 48 59 0.07348924 
910 274 13 18 0.07214727 
436 345 16 19 0.061503977 
36 54 26 35 0.056538235 
799 457 24 33 0.05258475 
327 122 456 542 0.05113128 
487 260 24 29 0.050433498 
735 48 9 11 0.04867686 
953 218 12 18 0.04765798 
699 594 15 18 0.04622567 
562 165 28 36 0.04391804 
660 185 16 20 0.04269851 
188 295 44 61 0.04158125 
719 75 16 18 0.040290065 
725 10 15 21 0.03987317 
784 459 30 36 0.038919467 
915 -1 29 31 0.036752094 
945 211 27 35 0.036470752 
485 266 14 18 0.03610805 
652 186 16 20 0.035855636 
743 348 25 29 0.035002653 
416 441 40 39 0.034305852 
557 309 26 31 0.034192786 
885 274 15 21 0.032471847 
909 240 12 16 0.032349013 
35 67 17 22 0.03232458 
709 411 11 14 0.03221821 
917 234 15 17 0.03212181 
802 381 27 31 0.032066178 
687 547 29 33 0.031957988 
435 401 108 118 0.03130304 
740 82 12 17 0.031043561 
558 387 12 15 0.0308483 
488 248 24 29 0.030423556 
213 516 11 14 0.030291054 
415 339 11 12 0.029764203 
729 47 10 13 0.029681275 
684 8 21 27 0.029623546 
493 250 14 18 0.029266002 
403 441 62 67 0.029089745 
900 265 23 30 0.029050758 
752 33 101 133 0.02852443 
718 0 11 12 0.028515527 
135 433 13 17 0.02839747 
945 222 45 72 0.027762359 
897 250 11 13 0.027435118 
732 374 14 18 0.026395677 
898 234 21 26 0.026294522 
293 514 29 43 0.02594379 
908 183 25 31 0.025715299 
750 437 41 51 0.025655963 
724 5 14 16 0.025605194 
244 536 16 22 0.025269095 
725 1 11 11 0.025112582 
717 399 23 27 0.025069758 
961 247 28 44 0.02450368 
680 11 11 16 0.024448656 
208 511 10 13 0.02443229 
994 477 27 36 0.02436795 
929 205 32 42 0.023971183 
680 140 38 45 0.023704913 
709 28 12 16 0.023663161 
328 408 17 26 0.023055429 
935 199 47 64 0.023045294 
995 277 29 44 0.02288178 
752 362 15 18 0.022843488 
336 484 34 36 0.022784637 
300 501 30 38 0.022715999 
527 278 13 17 0.022645691 
906 226 25 30 0.022214696 
330 469 33 41 0.02193446 
755 398 25 30 0.021811483 
69 46 29 34 0.021773826 
66 1 20 16 0.021738613 
711 0 12 12 0.021546632 
551 314 18 22 0.021455323 
871 340 13 16 0.021332586 
714 8 24 31 0.02125265 
0 88 57 87 0.021236647 
485 252 14 18 0.02119902 
20 10 55 66 0.02117258 
899 197 78 97 0.021011712 
903 231 47 58 0.020912368 
934 259 12 17 0.020852007 
540 215 16 21 0.020587076 
734 373 22 27 0.02058279 
497 263 27 30 0.020574745 
806 370 28 31 0.020537 
697 597 24 31 0.020506548 
347 492 36 37 0.02024181 
661 588 26 32 0.020180563 
578 247 25 26 0.020112332 
744 384 27 33 0.020072956 
726 439 14 18 0.020065531 
204 436 49 42 0.020032896 
