28_Sports_Fan_Sports_Fan_28_267
152
352 224 19 24 0.9686493 
626 281 20 22 0.9366971 
358 256 19 21 0.9347852 
346 325 20 27 0.92595565 
633 343 19 24 0.9255339 
502 342 21 27 0.91345996 
420 243 18 20 0.9066827 
634 197 19 22 0.9020956 
405 203 16 20 0.8254658 
327 275 17 19 0.7865382 
668 255 16 21 0.73439664 
562 370 14 17 0.58168185 
443 224 17 24 0.5363831 
310 215 19 25 0.49280784 
597 403 15 19 0.4882025 
289 261 17 20 0.47291136 
467 47 56 52 0.4410643 
682 240 14 18 0.43489128 
339 197 13 16 0.42218292 
469 205 14 18 0.38864365 
406 303 27 32 0.33766884 
664 200 22 29 0.32184002 
504 325 17 18 0.14989609 
590 279 12 15 0.13719098 
598 275 12 15 0.13380346 
461 201 16 19 0.13379572 
605 309 20 25 0.12509589 
552 699 9 12 0.078843564 
114 605 17 21 0.076999255 
426 252 17 22 0.07679702 
297 265 13 15 0.0702788 
822 613 11 13 0.06982917 
346 196 13 16 0.06743934 
476 335 22 26 0.06589643 
529 205 16 18 0.061788563 
762 615 8 10 0.060471904 
442 709 10 12 0.05999833 
416 287 27 33 0.056271233 
388 230 10 14 0.05606503 
454 690 10 13 0.055597037 
586 251 13 17 0.055154268 
364 212 14 18 0.053677652 
943 109 9 12 0.052411254 
622 328 15 19 0.051686447 
355 213 15 18 0.051461365 
410 197 17 21 0.05012089 
405 306 17 22 0.049653344 
574 307 14 19 0.049406387 
697 711 9 12 0.047776945 
584 703 9 12 0.04548725 
441 387 16 20 0.045302935 
492 197 17 19 0.04426277 
498 202 15 17 0.04291495 
456 201 14 17 0.042543955 
487 337 22 27 0.042333562 
659 293 14 18 0.04189009 
282 607 10 13 0.04075709 
445 237 13 19 0.040190935 
599 237 11 16 0.039244004 
424 306 18 21 0.039076466 
413 388 30 33 0.038747344 
636 226 12 16 0.038510207 
547 199 17 21 0.03843541 
348 201 15 18 0.038073216 
617 315 16 18 0.037828974 
317 210 20 27 0.037611347 
445 704 9 13 0.03644042 
494 239 11 13 0.03629525 
316 706 13 17 0.03608642 
418 309 28 31 0.035759218 
480 283 12 16 0.03539369 
448 687 10 13 0.035327792 
584 243 13 17 0.03505096 
674 263 14 20 0.034967657 
587 229 12 15 0.03468261 
417 300 18 24 0.034361277 
457 210 24 29 0.034263697 
448 219 17 22 0.03325074 
543 292 11 14 0.03298124 
639 699 13 16 0.032469377 
332 211 15 19 0.031992994 
997 574 9 12 0.03196689 
884 176 29 34 0.031955123 
604 252 11 15 0.031788222 
587 235 13 18 0.031530093 
736 705 7 9 0.03129708 
569 370 14 18 0.031226214 
496 669 11 13 0.031022873 
482 300 14 16 0.030644594 
647 197 22 28 0.030242236 
513 666 11 13 0.03003074 
584 281 15 18 0.028938713 
596 357 11 16 0.028897457 
623 204 13 16 0.02859587 
709 550 17 21 0.028405458 
404 291 15 18 0.02834837 
475 294 25 28 0.028013319 
568 707 10 12 0.027850658 
317 694 12 14 0.027132344 
485 201 15 18 0.02706071 
402 290 26 35 0.026963713 
429 236 19 26 0.026866565 
803 694 14 18 0.026517782 
581 257 15 18 0.026234305 
621 297 16 19 0.025842637 
549 275 11 15 0.025710428 
684 268 12 17 0.02559834 
639 190 24 29 0.025387788 
370 271 510 487 0.024960209 
549 610 13 14 0.024945669 
587 261 21 26 0.024768498 
383 233 13 16 0.024464173 
644 266 15 20 0.024217242 
293 599 10 13 0.024157403 
581 370 13 17 0.023907907 
669 394 12 15 0.02383814 
550 365 11 16 0.023419837 
517 699 10 13 0.02331399 
502 687 10 12 0.02330793 
76 610 10 13 0.02326586 
579 238 22 29 0.023110738 
414 225 13 17 0.02293896 
574 702 10 13 0.022937143 
759 708 9 11 0.022891436 
605 202 14 18 0.0226145 
370 258 16 20 0.02247758 
211 701 11 13 0.022377197 
467 214 16 20 0.022232344 
468 234 12 14 0.02192642 
603 243 11 15 0.021872593 
580 225 22 26 0.021823147 
465 709 9 10 0.02167507 
478 270 10 12 0.021629255 
696 325 9 13 0.021389645 
483 290 14 18 0.021270547 
417 195 15 19 0.0212306 
620 306 15 18 0.021065963 
337 201 22 26 0.02090719 
582 220 14 16 0.020791657 
717 703 8 11 0.020759676 
190 545 19 21 0.020706456 
472 703 8 12 0.020703385 
432 314 18 23 0.020548046 
620 211 14 19 0.020544214 
581 266 12 15 0.02053667 
483 278 12 15 0.020492272 
539 343 15 19 0.020472394 
637 313 15 17 0.02045568 
533 740 11 14 0.020349666 
433 247 15 21 0.020327924 
497 718 9 12 0.020033594 
507 304 17 18 0.020016901 
