28_Sports_Fan_Sports_Fan_28_7
1552
471 644 112 151 0.9999186 
873 1126 103 151 0.9998766 
945 851 68 92 0.9959435 
653 580 22 36 0.9957384 
146 671 54 61 0.9953088 
586 631 38 45 0.99372673 
979 664 33 42 0.9909887 
197 559 33 36 0.99034435 
840 539 24 28 0.9834922 
6 566 37 43 0.97552615 
537 597 40 43 0.9725978 
876 131 13 17 0.9694933 
295 432 25 30 0.96690726 
871 220 16 20 0.9668872 
587 92 13 15 0.9646833 
631 52 13 16 0.9645211 
168 525 25 34 0.9619666 
923 234 15 17 0.9609219 
972 296 14 19 0.9590257 
187 407 31 34 0.958299 
87 564 37 49 0.9553158 
73 856 81 110 0.9537638 
9 73 14 20 0.952226 
207 661 39 47 0.9518977 
258 341 26 33 0.94897085 
809 810 39 45 0.9476233 
940 169 13 16 0.9453628 
806 415 21 23 0.9372187 
958 200 15 18 0.9321033 
865 351 16 20 0.9249495 
140 212 12 14 0.92299795 
245 30 13 16 0.91930234 
804 138 13 16 0.9176421 
553 28 12 15 0.9144048 
819 119 13 15 0.91425306 
61 785 43 47 0.91358036 
923 313 14 16 0.90555656 
351 101 12 14 0.90507853 
200 131 13 16 0.9041231 
782 117 14 17 0.8978738 
705 109 16 19 0.88740975 
882 402 14 19 0.8818618 
940 275 18 22 0.8804173 
684 63 13 15 0.87437683 
221 223 13 17 0.87417185 
749 111 12 15 0.8638442 
774 7 9 12 0.86306846 
356 45 12 16 0.8596007 
270 226 16 19 0.85954076 
660 40 13 16 0.8572246 
142 262 16 19 0.8559868 
843 458 15 18 0.854725 
303 107 14 17 0.85378104 
519 37 12 16 0.85156417 
111 39 14 19 0.8495161 
25 294 19 22 0.84820676 
5 194 15 20 0.8439709 
894 173 12 17 0.83659345 
854 236 13 15 0.82242715 
75 236 16 19 0.80436975 
819 541 18 20 0.8028181 
309 633 53 72 0.80247897 
923 168 13 16 0.79841477 
986 275 13 17 0.7863397 
884 69 10 13 0.78617245 
190 307 25 28 0.78359056 
113 358 25 30 0.7748758 
983 51 10 13 0.7640543 
605 49 12 16 0.7621314 
82 281 18 21 0.7591428 
170 92 12 16 0.7542454 
212 298 21 28 0.75122714 
203 236 14 19 0.7476767 
88 16 13 17 0.73680305 
918 188 13 17 0.73570585 
143 869 56 81 0.73249584 
847 47 10 13 0.73236483 
621 82 11 13 0.7255007 
246 404 26 33 0.72514623 
916 384 15 19 0.72495896 
88 200 16 21 0.7246115 
289 274 16 23 0.7175623 
913 69 11 12 0.7130363 
180 34 12 16 0.7100998 
484 66 11 15 0.7091216 
125 11 12 15 0.70667654 
508 58 13 15 0.7053522 
834 324 15 18 0.68748 
55 266 16 19 0.6867233 
789 24 10 12 0.6808064 
335 -1 13 12 0.6771808 
996 199 13 14 0.67303884 
139 76 17 19 0.6720613 
931 114 12 15 0.66777265 
615 122 14 17 0.66626245 
939 127 15 18 0.65508044 
199 301 22 28 0.6486858 
778 381 14 18 0.6354557 
841 145 11 14 0.63527954 
456 4 10 13 0.63005126 
901 141 12 15 0.62854373 
884 151 13 16 0.6276503 
955 107 11 15 0.62460774 
561 6 10 11 0.62126637 
73 46 11 16 0.6204915 
388 79 13 18 0.6202208 
202 98 14 17 0.6187169 
710 541 26 33 0.61636317 
46 222 20 25 0.6144404 
448 65 11 14 0.60841674 
20 19 12 15 0.607709 
645 111 14 18 0.6024037 
886 299 15 18 0.6002666 
130 126 16 19 0.59841096 
318 51 13 16 0.5953746 
262 98 15 19 0.59484786 
284 37 12 14 0.5872402 
860 71 9 13 0.5853471 
47 5 13 15 0.58497655 
254 154 17 21 0.58287454 
182 64 13 17 0.5702026 
124 229 14 17 0.5701163 
105 376 25 30 0.5675373 
836 8 9 12 0.5659265 
778 278 13 16 0.5650821 
737 91 12 15 0.5630548 
893 487 13 19 0.5603117 
374 45 12 15 0.5505288 
901 87 10 13 0.5450476 
335 26 14 17 0.5420699 
786 422 16 20 0.53902125 
163 218 12 14 0.5376759 
950 71 10 11 0.537219 
176 244 13 17 0.5323337 
360 126 11 14 0.52985317 
700 87 12 15 0.52788913 
828 46 9 11 0.52219987 
915 150 11 14 0.521628 
798 262 14 17 0.51838416 
574 49 11 14 0.51426363 
30 381 26 35 0.51286095 
1007 339 14 19 0.5122655 
861 172 12 13 0.51061726 
430 63 14 17 0.49881175 
441 14 10 13 0.49704283 
959 233 15 18 0.4968232 
836 119 11 14 0.49435925 
143 18 13 15 0.49430048 
403 56 12 16 0.4911639 
888 241 13 16 0.48974854 
836 510 12 17 0.4778808 
935 346 15 18 0.47733915 
1006 370 16 19 0.46996808 
204 199 13 19 0.4684312 
209 360 26 28 0.46721795 
591 10 11 14 0.46639156 
930 76 10 12 0.4660402 
71 20 11 15 0.4653974 
966 125 12 15 0.45831472 
604 509 22 25 0.45333228 
547 119 14 18 0.45198354 
820 185 14 18 0.4455743 
443 546 14 17 0.44458175 
465 38 11 13 0.44212377 
86 85 12 16 0.43753064 
917 546 14 22 0.43688503 
50 172 15 19 0.42323518 
906 31 8 10 0.42102504 
208 75 11 14 0.42074198 
37 127 15 19 0.41675648 
997 580 26 39 0.40974832 
855 189 9 12 0.40302342 
628 106 14 18 0.39942577 
476 9 12 15 0.3990378 
981 79 10 14 0.39540622 
832 231 13 15 0.39277357 
321 44 14 17 0.38751796 
212 93 14 18 0.38587582 
873 92 12 14 0.3773137 
916 283 17 19 0.37454954 
740 85 12 15 0.36442074 
814 188 14 18 0.36261797 
761 83 12 15 0.358447 
605 5 10 12 0.35720617 
67 164 15 19 0.3552714 
321 616 97 125 0.35381964 
492 582 29 37 0.3521068 
978 38 9 11 0.33987415 
979 523 19 31 0.3390465 
1011 301 11 15 0.33889368 
972 126 12 15 0.33712384 
636 23 9 11 0.33529708 
918 44 8 11 0.32355446 
374 5 14 15 0.32177123 
686 4 9 11 0.31445897 
492 38 11 14 0.31257004 
817 16 10 12 0.30187967 
429 25 12 15 0.30171025 
23 273 13 18 0.30003545 
467 44 11 14 0.29611915 
60 503 27 35 0.2911332 
605 30 9 12 0.2909474 
1005 234 15 21 0.28889027 
801 61 11 14 0.28832343 
709 49 12 15 0.2877711 
824 64 9 13 0.28772977 
347 139 13 15 0.28238717 
551 550 24 30 0.27990663 
671 89 16 19 0.27742028 
757 16 9 12 0.2765721 
921 649 32 40 0.27458954 
619 114 15 19 0.27269924 
292 207 14 18 0.27060324 
413 19 10 13 0.26853624 
103 137 13 17 0.26822525 
101 70 16 19 0.264562 
-1 137 10 20 0.26373175 
1004 434 15 19 0.2635273 
638 5 9 10 0.26115587 
59 564 18 23 0.25950867 
299 338 33 41 0.25931776 
740 59 12 14 0.25789303 
1012 442 11 16 0.25625524 
467 52 10 14 0.2511142 
953 61 9 12 0.24950896 
766 104 9 12 0.24520077 
544 2 10 13 0.24489251 
547 53 12 15 0.244661 
838 282 14 20 0.24454889 
744 77 13 15 0.24377908 
944 2 8 10 0.24125952 
614 42 12 15 0.23407957 
927 691 43 50 0.23146002 
989 124 12 15 0.2311305 
1009 514 12 16 0.22974283 
0 859 39 72 0.2289797 
877 9 10 11 0.22859414 
400 40 9 11 0.22590138 
292 55 14 17 0.2257964 
206 230 13 17 0.22529505 
800 133 13 16 0.22452477 
885 268 14 17 0.22443156 
855 276 15 20 0.22425985 
281 98 11 14 0.22304606 
756 37 11 13 0.22136618 
207 0 10 10 0.22073285 
846 65 9 12 0.22050995 
286 187 16 18 0.21940856 
445 17 10 14 0.2179972 
520 11 10 13 0.21657191 
265 93 12 15 0.21630612 
452 46 9 12 0.21463318 
820 20 9 13 0.20971161 
179 6 11 13 0.20911214 
853 122 12 15 0.20409328 
962 124 10 14 0.20325491 
453 113 14 19 0.20312606 
213 265 17 20 0.2017332 
966 22 10 13 0.2010642 
990 177 12 15 0.20032956 
768 44 11 13 0.20001167 
829 507 14 18 0.19857785 
821 506 13 17 0.19700678 
905 16 7 10 0.19474435 
719 87 11 15 0.19416909 
904 55 8 11 0.19321716 
716 556 17 21 0.19221501 
139 330 14 19 0.19181363 
220 92 15 18 0.1909689 
157 119 17 19 0.1905026 
846 163 9 13 0.19046694 
447 53 12 13 0.18768638 
588 36 10 13 0.18709923 
518 538 28 37 0.18632105 
792 93 11 13 0.18554983 
926 526 11 16 0.18451123 
133 44 11 15 0.18434568 
910 1 8 8 0.18317889 
637 28 11 13 0.1822294 
396 564 17 20 0.1803542 
271 84 12 15 0.17888026 
733 31 9 13 0.17713514 
799 66 12 15 0.17688078 
278 406 32 39 0.17659536 
269 47 12 15 0.17502041 
911 131 12 16 0.17401332 
951 56 9 11 0.17388706 
517 92 10 12 0.17364252 
181 388 33 38 0.17337444 
17 181 17 21 0.17220786 
983 142 13 15 0.1717649 
649 108 15 17 0.17171499 
39 378 37 50 0.171678 
501 1 10 11 0.16832979 
228 326 24 30 0.16656299 
901 425 16 19 0.1656978 
117 377 26 30 0.16492578 
910 88 10 12 0.16469447 
410 114 11 16 0.16457424 
683 134 14 18 0.16264921 
498 586 51 54 0.1626308 
985 229 14 18 0.1620693 
1003 495 15 20 0.16195709 
391 517 13 17 0.16190265 
329 97 14 18 0.16186814 
977 81 11 15 0.16145244 
56 35 14 17 0.16108419 
877 626 11 16 0.15898672 
480 56 9 12 0.1586151 
422 0 9 8 0.15559225 
862 124 10 14 0.15548825 
729 35 10 13 0.15527901 
276 79 10 14 0.15486532 
263 228 14 17 0.15479146 
383 32 11 13 0.1543522 
794 157 14 16 0.15376206 
126 313 15 18 0.15210146 
693 67 12 15 0.15200846 
388 70 11 14 0.15148376 
258 402 26 36 0.15134253 
968 676 48 50 0.15124294 
321 71 11 14 0.15087007 
920 215 12 15 0.14933756 
224 10 12 16 0.14877199 
866 47 8 10 0.14842568 
856 163 10 14 0.14784242 
245 114 10 14 0.14769101 
40 117 18 21 0.14749762 
92 67 14 19 0.14605762 
338 30 16 19 0.14592266 
438 44 10 12 0.14586662 
904 385 12 16 0.1456668 
836 253 10 13 0.14558513 
583 6 10 11 0.14550391 
296 140 14 19 0.14478385 
996 163 11 15 0.14350277 
440 90 11 13 0.14310819 
987 211 15 19 0.14290342 
909 54 9 10 0.14280157 
816 250 11 15 0.14238247 
684 31 11 13 0.14184967 
617 13 9 12 0.1415674 
185 216 15 19 0.14151703 
336 62 10 13 0.14143878 
4 199 20 29 0.14132771 
175 268 12 17 0.14111036 
178 381 26 31 0.1406554 
648 100 14 18 0.13858375 
925 371 15 17 0.13758303 
988 514 12 16 0.13697727 
970 282 16 20 0.13660231 
392 5 10 12 0.13655116 
743 69 12 14 0.13605863 
582 29 11 13 0.13594165 
134 38 11 13 0.1355247 
214 225 13 17 0.13424185 
469 20 11 13 0.13374528 
127 271 15 21 0.13243875 
494 93 13 15 0.13080758 
848 426 11 13 0.12830628 
77 337 15 22 0.12790346 
902 60 9 11 0.12704484 
976 31 8 11 0.12678576 
618 39 11 14 0.12628509 
27 1112 113 118 0.12603384 
815 228 11 14 0.12578686 
481 61 12 16 0.12531312 
977 292 14 18 0.12514107 
477 119 14 18 0.124752015 
798 126 10 13 0.12464008 
847 25 7 9 0.124306194 
957 466 16 20 0.123672284 
468 29 11 13 0.12228361 
752 55 9 12 0.12208329 
862 257 14 18 0.12088749 
1014 56 7 11 0.117911346 
87 186 16 18 0.11772355 
663 124 12 16 0.116133675 
404 45 10 12 0.11599778 
868 272 15 18 0.11508657 
1013 29 9 13 0.11430952 
853 424 11 14 0.11413078 
681 4 10 12 0.11412132 
284 367 25 30 0.11338133 
353 49 10 15 0.11281692 
887 39 9 12 0.11252121 
727 738 36 53 0.112517096 
522 101 15 18 0.1122816 
887 45 10 12 0.11217617 
0 230 11 15 0.111902274 
151 231 14 17 0.11157653 
588 70 11 13 0.11136396 
367 98 13 16 0.11095896 
180 248 14 18 0.11053073 
759 52 10 13 0.11038948 
52 612 32 50 0.11032153 
841 64 9 11 0.10981023 
724 12 12 15 0.10932343 
267 121 13 17 0.10915034 
96 242 14 19 0.10714138 
701 70 11 13 0.10698996 
134 265 17 23 0.106814675 
888 1 8 7 0.106631964 
599 7 9 13 0.106200084 
830 69 10 12 0.10614563 
841 29 9 11 0.10607621 
655 21 10 13 0.10563767 
989 591 26 33 0.10509074 
950 149 12 15 0.104960404 
602 45 11 15 0.10474163 
864 1 8 8 0.104333885 
965 16 9 11 0.10431273 
910 16 8 10 0.104205176 
272 396 27 34 0.10405678 
237 11 12 14 0.10389507 
711 72 10 12 0.10372032 
303 6 13 15 0.103407584 
671 539 13 17 0.102539405 
949 31 8 12 0.102394715 
1006 1 8 9 0.10231186 
909 117 13 14 0.101726964 
11 187 14 20 0.10170248 
847 99 12 15 0.101252556 
446 6 10 12 0.101014376 
220 182 13 15 0.10049824 
984 22 9 11 0.10032525 
741 141 14 17 0.09975419 
91 276 15 22 0.09924216 
545 59 11 14 0.09917598 
99 0 12 11 0.09854658 
284 94 12 15 0.09846421 
950 36 9 12 0.097949274 
445 39 12 14 0.09791927 
839 68 11 12 0.097368695 
114 289 16 19 0.09706987 
976 43 10 13 0.097030275 
753 18 10 13 0.09573545 
319 155 15 17 0.09537237 
283 407 42 58 0.095128626 
425 27 10 13 0.094766915 
577 23 10 12 0.0943392 
147 328 14 21 0.09389033 
325 90 15 19 0.09366955 
75 1150 103 87 0.09355318 
217 355 18 22 0.09334736 
991 204 14 16 0.093156435 
371 94 14 16 0.09264115 
883 194 14 18 0.092600815 
873 586 13 18 0.09257648 
26 20 14 17 0.09199047 
877 86 10 13 0.09176201 
664 6 9 11 0.09103784 
748 59 11 13 0.09098691 
29 124 14 18 0.09098479 
4 122 17 21 0.09088029 
201 0 9 9 0.090303965 
906 140 13 16 0.090160765 
963 450 16 19 0.09009515 
995 172 13 16 0.089520514 
22 3 13 14 0.08936648 
544 605 48 57 0.08927881 
139 315 13 18 0.088936865 
913 593 22 32 0.08829539 
948 86 11 14 0.08786271 
183 72 14 18 0.08733037 
873 8 8 11 0.08720226 
830 51 10 13 0.08581722 
82 207 22 27 0.0855953 
821 193 14 18 0.08528859 
331 82 13 19 0.08480684 
115 404 25 32 0.08468235 
938 619 18 23 0.08460787 
309 331 44 56 0.0841841 
407 514 14 17 0.08347086 
1000 388 22 31 0.083176576 
101 259 13 18 0.083077386 
205 61 14 16 0.08295352 
930 14 8 10 0.08285961 
324 39 12 15 0.08221034 
248 337 45 50 0.082167126 
665 36 13 15 0.08200955 
501 35 12 15 0.08191995 
210 84 15 17 0.08172949 
700 597 15 19 0.081682354 
300 324 26 37 0.08162679 
953 476 13 15 0.08154334 
41 326 18 21 0.08152445 
299 210 11 15 0.08116806 
843 275 19 25 0.08106494 
752 42 11 15 0.08096843 
794 416 20 26 0.08073166 
956 453 16 19 0.079901576 
937 45 10 11 0.0795787 
291 566 22 28 0.0794682 
957 63 9 11 0.079282515 
85 75 15 19 0.07925085 
945 72 9 11 0.07918084 
84 734 16 22 0.07895787 
427 107 24 28 0.07895031 
168 35 13 17 0.078858174 
59 164 17 22 0.078668766 
976 162 11 14 0.07865688 
615 8 9 12 0.078651264 
942 652 28 41 0.07847899 
119 153 15 18 0.078012116 
933 403 12 16 0.07757633 
226 90 13 18 0.077076815 
661 32 12 13 0.076858886 
441 9 9 10 0.07684149 
534 543 33 37 0.07676382 
908 390 23 29 0.0766785 
291 360 40 50 0.07633171 
657 27 11 13 0.07606671 
308 33 13 16 0.0760654 
186 252 13 17 0.075861596 
213 290 18 23 0.07578343 
575 515 13 16 0.075765274 
543 66 12 15 0.07566871 
845 29 9 10 0.07538636 
424 53 8 11 0.075350665 
91 22 14 18 0.07508061 
85 52 15 17 0.075012185 
484 57 10 13 0.07493981 
968 277 14 16 0.07482433 
361 14 10 12 0.07470391 
548 47 12 14 0.07468345 
228 6 12 15 0.074470714 
825 41 10 13 0.07417071 
279 274 17 20 0.07382853 
870 24 10 12 0.073774345 
20 277 20 24 0.07373121 
176 68 12 15 0.073673695 
130 50 11 15 0.07324667 
702 77 10 12 0.07316007 
814 164 13 15 0.07310215 
999 118 11 13 0.07310014 
570 51 10 13 0.07297156 
86 58 16 20 0.07293731 
510 5 10 12 0.07293258 
548 0 10 11 0.0727581 
959 38 10 12 0.072647765 
100 59 14 19 0.072544515 
872 127 12 15 0.07223664 
582 75 13 15 0.07215325 
912 37 9 12 0.07214175 
974 190 11 15 0.071900725 
99 275 14 20 0.07184931 
92 263 16 22 0.07124798 
578 4 9 12 0.071156204 
831 91 14 16 0.07100788 
595 92 12 15 0.070835605 
0 327 22 30 0.070519224 
876 268 17 19 0.07051738 
896 54 8 11 0.07029016 
702 13 10 13 0.0699501 
91 257 14 19 0.06941001 
61 29 13 16 0.06927254 
669 512 14 17 0.06910765 
96 383 24 31 0.06903975 
409 16 10 12 0.06900697 
284 172 16 19 0.06892618 
157 227 13 18 0.06877889 
861 142 9 13 0.0685428 
143 310 12 16 0.06852706 
197 293 15 19 0.06850652 
80 202 15 18 0.068300515 
38 152 15 18 0.0683 
638 34 11 14 0.06827822 
934 24 9 11 0.06815471 
701 20 10 13 0.067748435 
930 409 13 16 0.067746185 
756 44 13 15 0.06736168 
913 46 9 11 0.06735773 
828 572 13 17 0.067325525 
129 385 16 20 0.06729665 
389 37 11 14 0.06661608 
622 21 8 11 0.065476716 
893 45 9 12 0.06542628 
42 839 83 107 0.06535169 
285 52 15 18 0.06534429 
921 219 15 18 0.06515955 
323 76 13 16 0.06503096 
895 15 8 10 0.06491172 
527 67 9 13 0.06471791 
312 53 12 15 0.0646247 
929 29 9 12 0.06460542 
260 106 21 26 0.06459521 
912 64 9 12 0.06448891 
904 100 10 12 0.064075395 
881 75 9 12 0.06390321 
366 13 12 13 0.06369208 
627 84 13 15 0.06336336 
24 121 12 18 0.06272122 
895 427 14 18 0.06270447 
833 259 9 13 0.062689304 
942 89 11 14 0.06250468 
876 98 10 13 0.062393147 
966 59 10 13 0.062183797 
672 631 25 36 0.062147275 
1012 323 12 17 0.06193702 
563 94 12 15 0.06189697 
44 160 21 25 0.06156205 
999 16 8 10 0.061549984 
19 705 17 21 0.06152947 
796 27 9 12 0.0614732 
548 75 14 18 0.06118588 
603 76 12 14 0.060918458 
890 292 14 19 0.060733937 
192 0 10 9 0.060714565 
996 123 12 14 0.060556266 
241 108 12 16 0.060502324 
59 370 40 49 0.06049715 
248 156 14 16 0.060370248 
604 94 12 14 0.06035597 
1002 0 8 8 0.06019887 
713 519 11 13 0.05992157 
1002 502 19 27 0.059918612 
727 509 24 31 0.059791107 
163 223 15 19 0.059376504 
805 299 14 17 0.059255823 
988 48 9 12 0.05924198 
109 568 35 42 0.05919968 
22 61 14 19 0.059101723 
956 303 14 18 0.0589128 
905 21 8 10 0.058823373 
377 49 14 16 0.058774866 
665 13 10 12 0.058440983 
0 203 13 21 0.058313992 
774 102 11 14 0.05821485 
299 53 11 15 0.058028344 
919 651 15 22 0.058008093 
703 45 11 15 0.057870403 
277 59 13 16 0.057646815 
280 178 13 15 0.057630144 
885 64 10 13 0.057609156 
147 308 12 14 0.057276588 
302 234 13 16 0.05723457 
237 5 11 13 0.057104032 
1012 397 13 21 0.05704364 
671 0 9 7 0.05693639 
616 63 10 12 0.056756664 
48 397 35 43 0.05661978 
229 250 13 18 0.056472324 
670 54 10 13 0.056470014 
892 396 14 19 0.056403812 
500 98 12 15 0.056249965 
590 31 9 13 0.05624919 
804 182 16 18 0.056120824 
779 6 10 13 0.056014214 
170 658 50 60 0.0558589 
660 48 14 16 0.055608884 
585 12 10 12 0.055468153 
524 10 11 15 0.055421505 
22 144 15 19 0.055337206 
820 156 11 14 0.055195045 
958 68 8 11 0.055142455 
829 63 9 12 0.055073164 
282 364 18 21 0.055003725 
765 22 11 13 0.05493628 
453 75 10 13 0.05478754 
783 62 11 15 0.05446762 
901 454 21 24 0.054194015 
956 115 13 15 0.05418924 
41 10 13 16 0.0540955 
798 43 10 14 0.053856764 
870 203 13 16 0.053840313 
735 565 13 17 0.05374743 
121 349 17 25 0.0537033 
982 123 13 16 0.053439837 
779 698 15 18 0.053255986 
76 18 12 16 0.05324015 
649 14 10 12 0.053231254 
59 41 14 17 0.053162698 
-1 82 9 16 0.053147905 
935 7 9 10 0.05306421 
288 11 11 15 0.053042814 
333 596 58 71 0.053026427 
764 770 30 43 0.05294152 
981 30 9 11 0.05285651 
648 522 19 19 0.052615166 
134 322 15 20 0.052430913 
576 77 10 14 0.052351043 
752 31 10 13 0.052201826 
791 69 11 14 0.052117858 
919 21 7 10 0.052087612 
930 622 30 40 0.052035827 
718 18 13 15 0.05190195 
670 78 12 14 0.051691506 
981 279 16 20 0.051688716 
975 210 12 16 0.051533956 
136 549 25 40 0.051487703 
885 161 14 16 0.05143859 
322 148 14 17 0.051365606 
597 85 11 15 0.051268186 
281 346 40 50 0.051261127 
1010 227 13 22 0.05117428 
5 537 51 63 0.051083524 
0 76 12 17 0.05102109 
45 204 14 16 0.050993305 
760 101 11 14 0.050958686 
550 14 9 12 0.05080852 
220 190 14 20 0.050651725 
18 355 15 20 0.050595522 
806 56 10 13 0.050548736 
881 40 8 10 0.0503971 
976 15 9 11 0.050325483 
21 1023 27 44 0.050265785 
868 501 21 24 0.050209112 
60 252 16 19 0.050179638 
921 377 17 20 0.049954455 
155 53 12 15 0.049914386 
962 28 10 12 0.049882658 
221 113 13 15 0.049692836 
697 43 11 15 0.04954708 
977 72 9 11 0.049379364 
26 703 22 29 0.049355473 
747 132 13 16 0.0490594 
238 316 27 32 0.04904652 
876 616 21 29 0.0489223 
28 256 17 20 0.048897613 
512 43 11 14 0.048777938 
922 536 16 24 0.0487728 
281 386 41 53 0.04873493 
294 7 11 13 0.04866476 
910 4 9 10 0.048619807 
849 188 11 14 0.048615854 
124 554 29 39 0.048579596 
617 109 13 16 0.04857618 
670 103 16 19 0.04850815 
993 209 16 20 0.04849831 
954 528 17 19 0.048480548 
983 56 11 14 0.04840064 
764 51 12 14 0.048345745 
635 84 13 16 0.048324376 
375 38 13 17 0.048225947 
656 -1 9 8 0.048161402 
119 20 11 14 0.048125476 
787 645 22 30 0.048116043 
597 21 10 13 0.04811506 
726 0 9 10 0.048111744 
764 72 10 12 0.048110362 
825 182 13 17 0.04808299 
854 131 11 15 0.047919452 
848 117 11 15 0.04791073 
855 675 41 52 0.047901563 
159 13 12 14 0.047866594 
253 286 12 14 0.04783596 
364 43 12 17 0.047794666 
181 0 10 11 0.04770467 
995 555 17 21 0.047658052 
943 16 9 11 0.047490448 
77 225 22 27 0.047476396 
941 103 11 13 0.04745398 
799 56 10 12 0.04740479 
891 623 25 30 0.047393743 
889 100 10 13 0.04728637 
718 6 12 13 0.04719567 
204 371 30 38 0.047112714 
467 125 28 33 0.04697357 
329 324 30 37 0.04687401 
981 190 11 15 0.04672845 
84 326 23 33 0.046704277 
578 509 18 21 0.046697207 
1007 346 20 29 0.046581425 
918 16 9 10 0.0465805 
847 107 12 15 0.046523992 
637 108 12 16 0.046398263 
835 810 27 45 0.04635751 
889 154 12 15 0.04625154 
714 75 13 16 0.046217516 
368 6 14 15 0.046199847 
553 115 14 18 0.046141867 
856 0 9 9 0.04614161 
386 568 29 36 0.046116035 
917 370 16 20 0.04611373 
16 3 12 13 0.04606788 
675 76 15 17 0.04601186 
839 452 14 19 0.046004266 
535 116 12 16 0.04594338 
663 0 9 9 0.045839094 
895 79 9 12 0.04574034 
766 29 12 13 0.045723427 
4 278 16 23 0.045674097 
710 84 12 16 0.0456675 
464 58 11 14 0.045603253 
865 6 8 10 0.04539711 
968 54 10 13 0.045337413 
1014 92 11 15 0.04521501 
436 28 10 13 0.04512749 
893 101 10 13 0.045117266 
132 12 11 14 0.0448972 
874 403 14 17 0.044854593 
888 14 8 11 0.044795316 
379 1 13 12 0.044568785 
984 218 13 19 0.04455156 
199 316 19 23 0.044503797 
532 21 11 14 0.044313896 
920 194 15 17 0.04427458 
195 189 17 21 0.044158097 
221 338 24 33 0.044071876 
887 52 10 12 0.044025123 
782 102 10 13 0.043976303 
780 13 10 13 0.043919675 
1007 157 12 13 0.043905172 
167 42 11 13 0.043852404 
974 418 11 17 0.04383742 
887 7 8 11 0.043756574 
280 43 12 15 0.043676086 
719 0 10 9 0.04364574 
1002 202 12 16 0.04364551 
885 516 13 16 0.04353662 
230 170 13 16 0.043530516 
288 163 13 16 0.04349157 
395 82 11 16 0.043389402 
966 188 13 16 0.04331554 
770 38 12 15 0.04327019 
684 75 13 15 0.04326718 
236 249 13 20 0.04325822 
916 126 11 16 0.04325103 
821 113 12 14 0.04311448 
564 628 36 45 0.04310443 
251 308 18 23 0.04301055 
480 106 16 18 0.04299057 
887 643 12 17 0.042948928 
116 307 13 18 0.04289851 
987 258 15 17 0.042843476 
967 46 9 10 0.042630665 
944 36 9 13 0.042601474 
10 273 19 26 0.04256895 
870 629 44 50 0.042465843 
600 38 10 12 0.042459764 
204 291 22 29 0.04240531 
1005 213 13 18 0.042360574 
438 51 12 13 0.042349722 
447 73 12 15 0.042329866 
833 123 11 14 0.042283077 
973 22 9 12 0.042251635 
452 39 11 13 0.042209547 
296 375 19 23 0.04212808 
937 117 14 16 0.042015176 
934 104 11 14 0.04189288 
863 52 10 11 0.041892037 
712 647 99 118 0.041655794 
996 375 25 32 0.04161041 
695 515 12 15 0.04148811 
905 7 8 9 0.041474197 
832 75 11 13 0.041440856 
272 352 23 31 0.041291125 
916 87 10 12 0.04124596 
814 233 13 17 0.04120579 
945 164 13 17 0.041204777 
452 541 13 19 0.041094657 
222 251 13 16 0.040987067 
286 128 13 17 0.040979944 
77 245 16 20 0.04093531 
982 513 23 29 0.04089817 
579 45 12 15 0.04088 
695 75 12 14 0.040577386 
683 125 14 16 0.040559206 
847 40 9 11 0.04050765 
181 271 14 18 0.04043341 
893 261 12 16 0.040224466 
995 568 25 34 0.040191315 
929 9 9 10 0.040120207 
109 30 16 18 0.040118333 
363 38 11 15 0.040111966 
997 71 11 13 0.040075734 
921 297 19 22 0.03999225 
376 30 10 13 0.03996601 
634 5 9 11 0.03992148 
270 275 14 18 0.039873976 
886 93 10 13 0.03969094 
852 109 12 15 0.039675906 
934 394 13 18 0.039469473 
621 87 16 18 0.039414797 
170 154 16 21 0.039395865 
1000 429 13 17 0.039389398 
798 253 14 17 0.039294593 
869 167 10 13 0.03929327 
384 512 22 29 0.039123252 
34 684 29 35 0.039077077 
430 97 25 28 0.03903924 
38 332 24 32 0.039032534 
893 149 11 14 0.038955193 
42 123 21 27 0.038864274 
888 634 23 31 0.038693145 
432 38 10 13 0.038683124 
918 64 9 12 0.038583133 
894 328 15 21 0.038579296 
1004 419 15 19 0.038472585 
898 627 14 18 0.038464203 
454 30 10 12 0.038391553 
459 1 11 12 0.038332973 
830 285 21 25 0.038324207 
755 108 11 15 0.038225017 
235 327 33 37 0.038097966 
299 17 16 18 0.037931472 
881 44 9 12 0.037919223 
981 72 11 13 0.037817854 
423 92 10 12 0.03774597 
935 91 10 12 0.03763816 
839 156 12 15 0.037626684 
897 91 10 13 0.03757943 
1010 59 10 14 0.037574857 
155 403 18 23 0.037574377 
1011 218 11 17 0.037554376 
1004 487 15 19 0.037512362 
836 245 12 15 0.037487064 
559 10 11 13 0.037392214 
854 63 10 12 0.03737162 
759 89 13 16 0.037332356 
839 52 9 12 0.03733121 
940 135 15 17 0.0373279 
257 233 13 16 0.037261248 
888 22 9 10 0.037225123 
373 88 11 13 0.03721709 
715 115 11 15 0.03717926 
781 79 11 13 0.037175737 
895 8 8 9 0.03711236 
290 154 15 19 0.037104342 
276 51 13 16 0.03704927 
263 89 12 14 0.036969062 
187 43 12 14 0.036895398 
821 234 11 15 0.03686483 
701 39 10 12 0.036802486 
626 53 11 14 0.036789723 
990 645 29 47 0.03676295 
341 16 11 14 0.03672559 
647 59 10 12 0.036714822 
980 157 14 16 0.036678284 
935 39 9 12 0.036642663 
724 5 11 14 0.036614038 
432 15 9 12 0.03660373 
781 136 12 15 0.036599595 
770 657 51 56 0.03649816 
998 439 14 18 0.036425497 
427 93 12 14 0.036421623 
910 112 10 12 0.036375012 
350 572 49 60 0.03631984 
835 515 17 23 0.03618546 
93 250 15 19 0.036137123 
903 47 9 11 0.036086984 
725 90 11 15 0.036055632 
156 58 13 16 0.036038842 
417 0 10 10 0.03600233 
947 126 11 14 0.035950534 
891 371 13 15 0.035909887 
866 254 15 18 0.035882823 
89 397 25 34 0.0358668 
942 22 10 11 0.03570545 
448 1 9 10 0.035701226 
330 -1 12 11 0.03569563 
140 58 14 17 0.035648227 
893 285 11 15 0.03555124 
828 157 12 15 0.035469294 
911 374 11 14 0.03546351 
421 3 11 12 0.03543887 
807 191 15 18 0.035347566 
775 688 26 31 0.035289176 
195 393 32 36 0.03528495 
886 311 15 19 0.03520391 
443 110 22 25 0.035202503 
633 2 9 10 0.03517885 
791 6 9 12 0.035135727 
582 2 9 10 0.03507235 
1007 314 14 20 0.03502863 
842 25 8 10 0.03491243 
926 62 10 12 0.03487628 
397 13 9 11 0.034861494 
349 37 10 14 0.034791395 
403 111 19 26 0.034781724 
909 442 15 17 0.03477345 
114 72 13 16 0.034736685 
301 328 16 23 0.034640484 
417 93 9 12 0.03454788 
613 607 12 16 0.034405056 
83 264 19 22 0.034390107 
952 201 15 18 0.034365572 
613 93 11 15 0.034338683 
894 40 8 11 0.03433269 
701 564 12 15 0.03429022 
598 70 10 13 0.034289412 
187 28 12 17 0.03428419 
959 44 9 11 0.034262914 
832 283 12 18 0.03424292 
861 267 15 20 0.034197103 
803 615 24 28 0.034178436 
964 434 16 20 0.034107648 
559 99 12 15 0.03403894 
364 18 14 15 0.03400506 
544 22 10 13 0.033934385 
630 91 13 15 0.033902302 
936 280 14 19 0.033889703 
82 247 20 24 0.03388856 
819 1230 60 81 0.033886205 
975 110 9 11 0.03387932 
269 399 17 23 0.0338579 
979 418 13 15 0.03384636 
186 274 16 17 0.033748835 
50 201 16 17 0.03374614 
991 158 13 16 0.033745617 
880 64 18 22 0.033742927 
229 404 31 34 0.033683058 
834 702 48 48 0.03365512 
917 200 14 16 0.033590697 
150 114 15 20 0.03348961 
932 204 13 16 0.03340081 
886 84 10 13 0.033342786 
965 38 9 12 0.033337776 
308 19 14 17 0.03333175 
821 163 12 15 0.033260826 
230 29 10 14 0.033228554 
1000 563 16 19 0.03322203 
229 583 16 21 0.033220552 
748 529 14 19 0.03317232 
853 53 10 12 0.033130817 
130 279 15 19 0.033086423 
910 21 8 10 0.033033133 
662 21 10 13 0.03297579 
185 298 24 28 0.03296193 
105 819 18 23 0.032924175 
846 135 11 14 0.032909594 
323 59 13 14 0.032857724 
824 51 11 13 0.032691117 
877 513 13 16 0.032598954 
860 298 12 15 0.032595444 
900 259 13 16 0.032574397 
103 391 25 33 0.03257395 
891 516 16 18 0.03254577 
997 369 17 20 0.03252386 
227 179 13 17 0.032517333 
786 19 17 21 0.03247014 
772 3 17 21 0.03234642 
865 13 9 11 0.032332003 
769 12 11 12 0.03230257 
777 68 10 13 0.03227471 
703 103 14 18 0.03226384 
838 133 11 13 0.03224204 
909 382 14 18 0.032233465 
243 12 11 15 0.03217233 
105 264 16 20 0.032109853 
35 27 14 17 0.03206785 
1013 34 10 14 0.032038335 
61 359 28 32 0.03203276 
647 0 9 8 0.031984977 
211 194 13 18 0.031977225 
826 5 8 11 0.031960968 
622 102 15 18 0.031909205 
819 364 12 18 0.031906527 
502 20 11 13 0.031897765 
123 289 14 18 0.03172807 
893 109 11 13 0.03163439 
938 1 9 9 0.03162809 
609 524 17 21 0.0316122 
711 7 10 13 0.03159006 
900 211 12 15 0.031581443 
182 305 17 20 0.03153479 
631 35 13 15 0.031485252 
854 250 14 18 0.031465106 
950 142 11 14 0.03146437 
211 0 11 11 0.031458843 
576 83 12 16 0.031419992 
1007 292 19 27 0.03137422 
524 92 14 17 0.03135517 
229 0 12 13 0.031328697 
502 42 12 15 0.031294957 
427 100 15 17 0.03129069 
146 313 15 20 0.031196102 
77 266 15 19 0.0311926 
791 645 13 18 0.031171178 
42 110 15 17 0.031147746 
209 723 32 44 0.031121608 
820 259 11 14 0.031048995 
696 14 10 13 0.031019114 
589 125 13 15 0.031014174 
168 24 20 24 0.031008698 
811 299 16 18 0.030973354 
845 1230 31 54 0.030951349 
991 36 10 13 0.030904688 
858 241 14 17 0.030894002 
518 66 11 14 0.030881844 
59 554 39 54 0.030792037 
949 1 9 10 0.030782707 
996 228 16 20 0.030777685 
986 289 15 20 0.030748677 
997 192 13 15 0.030671539 
981 48 18 22 0.030609911 
9 338 23 30 0.03059902 
855 140 10 12 0.030574193 
644 30 11 14 0.030570868 
813 223 10 15 0.030559503 
365 118 12 17 0.030552892 
389 21 10 12 0.030522095 
920 529 13 19 0.030486438 
716 521 11 15 0.030463465 
839 98 12 15 0.030449543 
976 139 12 15 0.03043772 
811 619 14 19 0.030405192 
271 0 10 9 0.030401103 
341 54 12 15 0.030353561 
34 575 17 22 0.030324277 
952 46 9 11 0.030268146 
620 69 12 14 0.03026495 
484 102 14 16 0.030161887 
544 11 11 15 0.030122826 
294 133 12 17 0.03010218 
386 1202 222 217 0.0300143 
246 0 10 11 0.02997763 
862 147 10 14 0.029964656 
276 122 13 17 0.029931009 
925 346 15 19 0.029917793 
12 118 13 18 0.029911036 
803 250 14 17 0.02987332 
140 23 14 18 0.029863972 
302 44 12 16 0.029821577 
43 135 16 20 0.029763397 
7 14 12 15 0.029753473 
841 328 15 21 0.029739931 
323 140 13 17 0.02963372 
987 385 27 32 0.029629216 
377 10 13 15 0.029519161 
425 60 13 18 0.029518949 
902 636 44 49 0.029517937 
790 15 10 13 0.029505804 
625 78 13 15 0.029498594 
295 0 10 11 0.029430771 
716 28 11 14 0.02942012 
991 30 9 11 0.029419685 
916 269 14 18 0.029401535 
701 29 10 12 0.029374802 
-1 91 8 15 0.029257176 
559 139 13 16 0.029253012 
70 38 13 18 0.02924118 
787 112 13 16 0.02923302 
687 139 16 18 0.029219637 
913 450 13 16 0.02919844 
613 99 12 16 0.02902579 
590 63 10 13 0.029018521 
973 226 14 18 0.029008493 
134 57 13 16 0.029004969 
768 2 10 11 0.028986987 
653 123 13 16 0.028968567 
991 441 13 16 0.028954446 
231 7 20 23 0.02891586 
901 391 14 20 0.028895479 
556 110 11 14 0.028834788 
696 28 9 12 0.028781386 
880 188 12 15 0.028736928 
372 17 14 16 0.028733583 
397 65 12 16 0.028720737 
865 28 9 12 0.02871692 
318 115 14 17 0.028697167 
48 323 16 19 0.028634792 
35 706 25 34 0.028608844 
142 0 10 9 0.028582087 
108 283 16 20 0.028572291 
865 622 24 30 0.02857041 
855 287 14 19 0.02852038 
224 0 11 11 0.028478544 
958 525 25 28 0.028441684 
109 355 19 21 0.02840852 
532 90 12 17 0.028373774 
642 672 42 46 0.028371895 
882 53 9 11 0.028365903 
951 15 8 11 0.028352512 
855 259 13 17 0.028280783 
909 65 19 22 0.028221438 
392 12 10 13 0.028205613 
894 527 22 26 0.028200475 
319 83 14 18 0.02816444 
610 50 12 16 0.028127246 
509 564 46 56 0.02804916 
244 256 15 21 0.028041147 
884 507 13 17 0.028024247 
334 141 13 16 0.02802076 
182 257 14 19 0.027997632 
875 652 31 35 0.027938066 
202 188 19 26 0.027907157 
423 47 8 12 0.027887827 
512 37 12 14 0.027878053 
69 346 23 31 0.027847856 
462 14 11 13 0.027835486 
755 732 15 16 0.027830679 
416 5 10 11 0.02778882 
661 108 10 15 0.027734045 
929 603 25 31 0.027666595 
264 44 12 16 0.027656175 
191 367 27 29 0.027655534 
883 137 12 16 0.027631173 
200 67 12 15 0.027609238 
1006 510 20 29 0.027603734 
137 35 14 17 0.027570294 
700 589 16 18 0.027550487 
187 82 12 15 0.027476335 
940 474 11 15 0.027375996 
235 50 13 16 0.027319321 
341 142 16 18 0.027263183 
981 206 13 17 0.027255697 
50 138 15 19 0.02719229 
929 24 9 11 0.027158549 
606 10 10 13 0.027077593 
966 426 14 17 0.027064793 
934 454 13 16 0.027049739 
887 460 12 15 0.027026119 
981 131 13 16 0.02702171 
485 592 41 45 0.027010515 
894 459 12 17 0.02693088 
670 19 10 12 0.026852429 
557 85 11 16 0.026844295 
69 226 19 26 0.026776066 
4 181 15 19 0.02675645 
323 133 13 15 0.02675351 
495 32 11 13 0.026750876 
789 36 12 14 0.026699703 
774 93 11 14 0.026673837 
856 66 17 22 0.026670158 
983 509 13 18 0.026642589 
694 51 11 14 0.02658603 
263 37 11 14 0.026564483 
76 56 15 19 0.026530674 
1009 429 15 20 0.026515268 
258 93 12 16 0.02645806 
203 -6 21 22 0.026428005 
685 56 13 15 0.026420137 
844 42 18 22 0.026415132 
990 58 9 12 0.0263289 
285 583 16 20 0.026325136 
928 308 15 18 0.026298046 
894 135 12 16 0.026294027 
928 84 12 14 0.026284168 
910 313 14 18 0.026202682 
930 419 14 17 0.026200121 
296 569 29 39 0.026176937 
154 329 16 21 0.026152046 
991 493 23 29 0.026141802 
795 86 11 15 0.026103139 
134 218 12 16 0.02603668 
725 702 57 84 0.026030263 
680 80 20 25 0.025987498 
788 276 14 16 0.025967488 
575 71 10 13 0.025956912 
944 61 9 11 0.02588684 
790 42 12 15 0.025833648 
247 584 32 34 0.025831547 
951 232 15 19 0.025828548 
773 19 12 14 0.025784457 
171 218 12 15 0.02578063 
898 337 14 18 0.025756838 
603 38 12 15 0.025706086 
972 486 14 19 0.025703238 
869 819 12 19 0.025637828 
912 275 15 19 0.025613025 
789 61 11 14 0.025601767 
252 290 15 18 0.02559815 
291 37 10 13 0.025594765 
801 154 14 16 0.025577256 
800 187 13 17 0.025568249 
1015 179 11 14 0.025560183 
685 22 10 13 0.025549063 
848 450 16 21 0.025460063 
136 207 13 16 0.02545281 
381 22 12 13 0.025450112 
800 649 16 20 0.025413895 
643 139 14 17 0.025378587 
338 588 139 199 0.025361573 
87 235 20 23 0.025348917 
695 570 13 15 0.025347698 
127 37 11 14 0.02533328 
166 7 11 13 0.025314659 
290 579 19 24 0.025291279 
66 246 19 25 0.025283877 
1012 149 10 14 0.025255967 
806 45 10 12 0.0252396 
782 411 15 19 0.025181206 
28 60 21 26 0.025175171 
837 75 11 13 0.025108123 
699 623 27 34 0.025085041 
414 531 23 32 0.025034595 
182 20 12 15 0.02499855 
877 292 17 19 0.024985053 
833 275 11 18 0.024965988 
945 55 9 11 0.024953222 
680 34 10 14 0.024886314 
50 115 15 21 0.02486386 
929 228 15 19 0.024861062 
747 122 14 18 0.02474951 
795 166 15 18 0.024745066 
157 336 24 31 0.024714602 
592 17 12 15 0.024710583 
207 223 13 16 0.024693677 
994 132 12 15 0.024673967 
422 15 11 13 0.024669647 
982 458 14 18 0.02462936 
926 68 18 22 0.02462447 
835 267 21 28 0.024595695 
367 107 12 16 0.024552807 
276 67 13 16 0.0244424 
327 106 13 16 0.02442221 
870 258 21 24 0.024411282 
776 62 10 13 0.024345795 
235 83 13 16 0.0243426 
701 631 15 21 0.024320863 
708 58 13 15 0.02429647 
686 12 10 12 0.024279486 
972 533 18 24 0.02427918 
937 630 32 45 0.02425031 
98 209 15 21 0.024236193 
406 30 9 12 0.024221795 
846 7 9 10 0.024220342 
431 7 9 11 0.024210583 
839 36 9 11 0.024141748 
775 131 15 18 0.024140513 
122 392 25 35 0.02411041 
1009 36 8 12 0.0240781 
903 852 54 70 0.024075266 
141 138 13 16 0.024050213 
10 1027 51 76 0.024047678 
16 74 14 18 0.024043469 
803 126 12 14 0.024017604 
948 258 14 16 0.024009874 
83 341 14 22 0.023985984 
35 553 29 39 0.023973994 
925 203 13 14 0.023946958 
925 520 19 25 0.02393534 
776 120 15 18 0.023929408 
904 581 41 49 0.023844471 
263 0 10 9 0.023823587 
898 82 17 22 0.02380855 
982 16 8 11 0.023796119 
126 30 11 14 0.02377492 
447 30 10 12 0.023770766 
-2 218 19 27 0.023770595 
668 116 15 19 0.023715338 
989 430 13 14 0.023704045 
0 15 9 13 0.023694525 
825 1 8 10 0.023691695 
302 28 15 17 0.023671232 
22 369 26 38 0.023631709 
566 35 10 13 0.02361811 
1009 22 18 26 0.02360745 
334 54 10 15 0.023590589 
823 75 11 14 0.02356669 
441 531 24 32 0.023561314 
378 97 15 17 0.02352002 
63 13 12 14 0.023508634 
430 53 12 13 0.023507899 
294 659 55 74 0.023488553 
159 93 12 16 0.02343582 
966 551 14 21 0.023415692 
833 267 10 15 0.023413997 
155 533 31 33 0.023408609 
390 62 11 15 0.023352053 
359 4 13 14 0.02334167 
923 277 14 20 0.023285363 
718 35 11 14 0.023274682 
857 811 24 38 0.023249594 
1007 439 21 28 0.02320041 
798 148 14 16 0.02317096 
53 47 16 19 0.023165267 
837 87 11 14 0.023156894 
955 256 16 19 0.023140032 
901 537 21 27 0.023139136 
166 160 21 28 0.0231131 
546 28 10 14 0.023095833 
21 182 22 29 0.023062766 
542 73 13 17 0.023058185 
430 86 10 12 0.023033584 
975 52 10 13 0.023025358 
45 15 13 17 0.02300724 
472 2 9 10 0.023001758 
1005 407 15 22 0.022999875 
199 229 14 19 0.022966107 
704 8 10 12 0.022963071 
686 115 13 15 0.022939136 
85 8 14 16 0.02292866 
627 118 14 18 0.022903346 
930 377 14 19 0.022890866 
604 606 24 28 0.02285809 
981 534 25 30 0.022843482 
576 14 10 12 0.022784516 
882 663 18 21 0.022748359 
601 1 9 10 0.022694943 
772 52 10 13 0.022679055 
535 62 10 13 0.022672798 
483 7 11 13 0.0226592 
996 513 16 21 0.022644656 
975 6 7 10 0.02262399 
710 37 13 14 0.02260109 
970 546 15 20 0.022589944 
827 200 11 16 0.022559337 
633 15 9 11 0.022557208 
861 63 9 12 0.022547143 
693 5 8 11 0.022529684 
149 57 13 16 0.02251399 
92 5 15 15 0.022495126 
405 84 11 13 0.022494612 
896 31 8 10 0.022461932 
853 22 8 11 0.02245768 
197 1335 8 10 0.022447303 
236 164 11 14 0.02244208 
350 0 12 12 0.022433428 
951 516 26 29 0.022431353 
797 73 11 14 0.022383042 
839 421 12 15 0.022337748 
234 529 27 30 0.022324791 
901 24 19 24 0.022289095 
997 35 10 13 0.022287028 
884 498 14 18 0.022286806 
813 514 13 16 0.022275228 
80 580 34 43 0.022265062 
126 117 15 21 0.022229549 
1013 141 10 14 0.022200553 
557 0 19 23 0.022189086 
188 21 12 15 0.022147829 
600 0 18 23 0.022126723 
507 588 87 106 0.02212656 
679 650 39 54 0.02209308 
391 498 24 29 0.022076843 
849 236 12 16 0.022071104 
413 1230 151 121 0.022070857 
155 98 15 18 0.022067867 
985 128 19 21 0.022054283 
14 377 41 54 0.022033108 
107 143 14 18 0.02201294 
923 176 15 19 0.022011997 
893 646 26 34 0.022010038 
900 410 15 20 0.02199737 
293 18 14 17 0.021992454 
701 63 10 13 0.021982495 
7 635 25 34 0.021976817 
144 105 12 17 0.021943642 
933 62 11 12 0.021869767 
807 224 12 17 0.02184269 
598 59 11 13 0.021805692 
299 134 12 16 0.02179896 
302 2 12 12 0.021728454 
939 107 12 15 0.02172692 
226 186 16 19 0.021706905 
896 21 7 10 0.021702493 
330 28 11 14 0.02169143 
283 260 25 32 0.02168711 
198 28 11 15 0.02168197 
184 315 26 28 0.021675507 
180 239 12 17 0.021670645 
1013 65 11 15 0.021665994 
906 433 15 20 0.021659344 
1000 339 14 17 0.021653658 
879 573 13 18 0.021640498 
390 99 12 13 0.021623809 
247 829 119 150 0.021622337 
685 374 14 15 0.02160357 
292 45 12 15 0.021575164 
940 388 12 18 0.02153808 
512 87 11 14 0.02150676 
18 173 16 19 0.021499617 
371 573 33 41 0.021482341 
791 0 8 9 0.021468675 
243 295 25 30 0.021427775 
530 107 14 17 0.021419553 
860 421 12 16 0.021418722 
343 30 19 25 0.0214174 
816 26 11 14 0.021394612 
868 695 19 23 0.021339705 
665 43 11 14 0.021326892 
956 189 16 18 0.02129315 
49 146 15 19 0.02128942 
941 260 14 16 0.021264812 
495 89 19 23 0.021228034 
858 168 18 22 0.02121965 
309 400 17 20 0.021184467 
915 139 12 17 0.021176517 
117 273 16 20 0.021161934 
777 419 22 30 0.021159152 
247 1090 39 47 0.021129038 
456 534 23 28 0.02112504 
909 651 16 22 0.02109883 
891 407 13 18 0.021060763 
59 218 15 21 0.021020226 
786 656 26 35 0.02101636 
115 873 62 86 0.02099806 
515 52 12 15 0.020990133 
821 566 22 26 0.020981649 
832 2 17 22 0.020974526 
696 38 11 14 0.020960717 
214 33 13 17 0.020958876 
137 130 14 19 0.020955816 
666 126 15 18 0.020943146 
646 8 8 10 0.020941127 
279 30 13 17 0.020936273 
981 91 11 14 0.020930942 
989 24 8 9 0.02090861 
872 40 8 11 0.020839447 
988 75 11 15 0.020834766 
1011 49 18 25 0.020820592 
982 401 15 19 0.020793576 
35 251 14 21 0.02079176 
805 273 14 18 0.02077015 
295 235 12 16 0.020736912 
222 28 11 17 0.020735903 
305 378 17 23 0.02072548 
163 19 14 18 0.020703271 
106 273 14 19 0.02068104 
564 29 10 14 0.020680014 
604 69 12 15 0.02064809 
994 398 25 31 0.020639742 
504 547 43 50 0.020638712 
928 90 11 13 0.0206019 
598 96 12 15 0.020573985 
774 85 11 13 0.020573616 
512 12 11 13 0.020556377 
136 29 11 15 0.020548493 
62 728 26 29 0.020545 
398 100 9 12 0.020531423 
883 385 16 19 0.020523954 
502 567 30 43 0.020471781 
1009 23 9 10 0.02046311 
721 539 16 21 0.020461699 
11 513 47 54 0.020456264 
863 108 10 13 0.020448653 
25 134 21 24 0.020415114 
854 83 11 14 0.020411689 
751 562 14 17 0.020400915 
780 683 17 21 0.020394944 
96 287 17 21 0.020363603 
136 70 15 18 0.02036343 
96 136 14 19 0.020356596 
975 39 18 23 0.02031787 
623 59 10 14 0.020310104 
69 305 15 21 0.020307159 
931 218 15 19 0.020304484 
238 236 11 16 0.020290675 
902 109 11 13 0.020284744 
874 579 20 29 0.020269737 
971 118 14 16 0.02024504 
92 386 16 22 0.020236967 
52 107 14 19 0.020215962 
814 238 19 24 0.020198626 
18 528 17 20 0.02019257 
674 628 15 20 0.020162301 
175 2 18 21 0.020157125 
875 281 17 18 0.020135796 
0 1106 18 30 0.02013121 
370 -3 23 21 0.020126361 
333 627 39 51 0.020099098 
330 283 15 20 0.020067157 
212 56 11 13 0.020060284 
870 53 8 11 0.020056348 
603 83 11 15 0.02005481 
472 123 14 17 0.020031866 
629 646 13 16 0.020031556 
646 119 15 18 0.020023273 
368 86 10 13 0.02002009 
