28_Sports_Fan_Sports_Fan_28_751
67
524 234 59 73 0.99854964 
194 129 47 60 0.9980385 
16 154 42 54 0.9897169 
130 4 32 37 0.786974 
938 0 29 23 0.6034707 
91 181 15 18 0.4957048 
857 467 61 75 0.40131512 
679 22 40 48 0.36318153 
172 139 25 39 0.3226658 
101 0 25 25 0.21370319 
620 65 26 33 0.15329376 
933 45 32 40 0.118688196 
922 424 22 23 0.10938093 
409 354 49 67 0.08782902 
431 358 29 40 0.08461684 
975 403 28 33 0.080527894 
444 1 29 30 0.07186135 
964 413 27 31 0.06516803 
323 477 40 48 0.06317433 
907 0 19 16 0.053846136 
212 0 16 14 0.052619405 
674 393 97 147 0.05014172 
108 92 40 48 0.048417512 
363 318 43 51 0.046326205 
406 341 32 36 0.046004094 
799 -1 18 14 0.045038905 
714 25 42 52 0.0440942 
275 385 15 19 0.041792765 
290 31 50 56 0.04162732 
21 46 15 20 0.041423254 
389 352 81 107 0.035483252 
985 367 15 18 0.03519366 
144 5 35 33 0.0342595 
391 343 50 56 0.034030296 
899 0 28 29 0.033666965 
303 360 10 12 0.033175 
406 327 50 65 0.032493953 
170 -1 20 15 0.031880938 
92 166 21 27 0.031828646 
442 361 16 23 0.03182229 
457 0 21 21 0.030593958 
444 -6 46 52 0.030137464 
201 78 11 14 0.02995643 
697 34 31 38 0.027282387 
169 48 30 37 0.027180584 
882 16 24 31 0.026296526 
96 158 17 23 0.02535137 
596 3 31 35 0.02525054 
371 341 31 35 0.024817387 
191 61 44 52 0.024053397 
387 347 32 37 0.024019253 
466 264 50 69 0.02379596 
158 1 34 32 0.023710005 
403 345 19 22 0.023701893 
933 0 20 20 0.023067199 
980 385 29 39 0.022922123 
701 -2 33 31 0.022805065 
124 45 14 18 0.022712074 
13 50 16 21 0.02258273 
642 17 24 30 0.022250945 
203 53 12 17 0.021451961 
635 31 43 51 0.021318488 
709 -1 19 15 0.021094844 
785 391 86 113 0.02075001 
380 321 49 56 0.020569203 
951 -1 31 27 0.020443954 
644 13 17 21 0.020045612 
