28_Sports_Fan_Sports_Fan_28_711
25
429 59 177 246 0.8760218 
48 88 174 248 0.2422682 
-57 420 410 457 0.22861497 
80 132 111 147 0.13445699 
232 267 87 109 0.11136182 
11 544 227 341 0.08164262 
777 48 213 250 0.06760634 
632 532 20 22 0.06153982 
354 288 347 480 0.048994772 
766 227 116 128 0.04330823 
420 157 120 152 0.03888212 
817 167 109 137 0.03823775 
391 376 11 13 0.036683515 
912 294 88 129 0.03248669 
395 376 10 11 0.030083874 
41 393 223 300 0.029014787 
510 467 135 170 0.02826101 
78 204 115 154 0.027070481 
116 151 71 85 0.023889398 
111 719 58 62 0.023536758 
118 733 34 38 0.023216194 
522 527 379 461 0.022269854 
724 272 198 251 0.022085689 
649 209 404 472 0.021348914 
222 365 343 489 0.020069964 
