28_Sports_Fan_Sports_Fan_28_557
27
405 185 92 115 0.9996557 
130 9 36 38 0.19754708 
643 74 377 540 0.050692543 
778 201 220 303 0.047141008 
271 49 97 130 0.045570407 
481 0 51 48 0.043028887 
333 -3 66 78 0.04299591 
168 -2 30 31 0.04273915 
49 108 42 50 0.039237183 
174 2 16 19 0.03903645 
0 -5 32 51 0.03396491 
483 0 33 29 0.033681933 
214 42 13 17 0.033202417 
159 4 31 35 0.030268347 
233 56 29 32 0.025948003 
462 19 27 31 0.025303202 
156 12 12 16 0.024967054 
660 558 24 28 0.024802422 
44 132 24 33 0.02424191 
501 136 51 72 0.022697635 
229 36 52 59 0.021882512 
107 2 17 19 0.02180731 
160 6 50 53 0.02084822 
497 23 57 66 0.020668108 
47 120 25 32 0.020602558 
165 11 17 20 0.020402443 
46 8 65 66 0.020052383 
