28_Sports_Fan_Sports_Fan_28_880
33
420 81 159 237 0.9884173 
400 626 18 20 0.22245145 
389 661 12 15 0.10824907 
437 671 23 29 0.09385783 
380 635 15 21 0.08738737 
385 630 22 27 0.084706396 
861 488 30 36 0.08046478 
443 685 16 20 0.06748134 
174 457 55 63 0.051645283 
660 664 59 66 0.051205378 
400 637 24 28 0.05102439 
551 476 53 65 0.05009398 
249 473 29 39 0.049654864 
342 659 14 17 0.044524614 
688 680 31 33 0.043440554 
367 696 30 35 0.039912272 
343 679 15 17 0.037285794 
192 478 479 516 0.03687916 
724 712 17 20 0.036155894 
357 631 14 16 0.035189517 
432 654 40 50 0.033111844 
407 643 26 31 0.03169447 
382 630 13 16 0.028130988 
365 632 12 15 0.027123874 
638 677 26 28 0.026492719 
390 620 23 28 0.023171643 
453 663 45 58 0.022898033 
374 631 12 15 0.021980897 
396 641 16 18 0.021914389 
350 633 15 17 0.021725485 
326 444 13 17 0.021270735 
306 642 14 16 0.020273726 
1006 563 15 21 0.020209976 
