24_Soldier_Firing_Soldier_Firing_24_368
29
390 136 139 159 0.9776277 
445 322 70 78 0.63597333 
583 229 48 67 0.08066086 
833 74 52 78 0.07333519 
739 34 17 22 0.058643505 
598 244 55 76 0.05492212 
599 313 71 88 0.051760305 
815 87 55 80 0.046433393 
807 114 49 69 0.0411615 
37 183 17 21 0.039603703 
871 233 28 36 0.0384502 
601 226 27 38 0.03640935 
401 251 131 134 0.034552567 
-11 111 412 439 0.029662112 
799 388 47 54 0.028362239 
859 447 24 30 0.027382493 
773 113 92 111 0.025285397 
407 127 195 258 0.023816913 
81 124 24 32 0.023535602 
629 227 408 467 0.023108253 
533 72 104 124 0.023073813 
972 524 28 38 0.0228088 
602 269 61 87 0.02275799 
183 211 100 117 0.0222498 
724 121 27 36 0.0218296 
240 245 478 439 0.021700973 
318 68 91 134 0.021329414 
845 456 49 58 0.02098548 
139 264 48 55 0.020884875 
