24_Soldier_Firing_Soldier_Firing_24_431
68
235 144 42 58 0.91683906 
188 147 60 74 0.30936554 
413 395 12 13 0.17138523 
319 256 38 47 0.12739484 
713 473 17 22 0.107993305 
195 119 61 76 0.08805961 
146 148 47 62 0.07234304 
1014 271 7 10 0.06518526 
503 285 12 14 0.06084574 
450 397 24 28 0.051360957 
806 253 14 17 0.049173634 
994 429 30 35 0.043880224 
957 404 21 25 0.04354873 
445 396 17 18 0.04223622 
810 445 27 28 0.040167112 
738 412 8 11 0.039339837 
616 108 463 479 0.03861373 
576 350 12 14 0.03725601 
522 122 12 15 0.034857072 
430 397 13 15 0.033592865 
206 109 36 51 0.03285878 
705 413 9 11 0.032614943 
736 408 9 10 0.030938143 
467 402 13 18 0.030842751 
494 360 10 12 0.030476216 
853 236 11 14 0.030132512 
678 398 8 11 0.02998877 
735 459 13 15 0.029730765 
777 481 18 21 0.02913707 
437 397 13 15 0.02832352 
333 267 38 50 0.02809779 
922 414 30 32 0.027869012 
970 302 8 9 0.026956946 
719 407 10 11 0.026235083 
733 444 13 15 0.026228383 
828 119 9 11 0.026126942 
409 392 20 22 0.025523884 
588 454 15 18 0.025472807 
496 285 12 14 0.02535467 
734 441 10 12 0.025267452 
429 289 8 10 0.025155583 
956 309 9 10 0.025141628 
1005 293 8 10 0.024499489 
339 297 16 20 0.023860293 
409 391 12 15 0.023762766 
1015 275 8 11 0.023646465 
684 439 10 11 0.023564171 
576 431 9 12 0.023427116 
1007 309 9 11 0.02301676 
324 293 29 32 0.022987686 
958 304 8 10 0.02263411 
742 412 9 11 0.022416782 
823 452 18 20 0.022263257 
725 407 9 11 0.022231065 
202 134 35 51 0.021604788 
964 621 31 33 0.021361426 
639 138 12 14 0.020866757 
535 109 11 13 0.020857526 
698 468 23 28 0.020721713 
829 124 8 11 0.02065269 
462 143 14 18 0.020482196 
651 427 11 13 0.020400094 
468 365 22 26 0.02024998 
952 284 10 12 0.020148925 
534 457 15 18 0.020130053 
364 287 18 23 0.020052923 
479 399 11 14 0.020045703 
419 390 11 14 0.020037796 
