24_Soldier_Firing_Soldier_Firing_24_540
29
162 694 90 116 0.9988954 
442 657 93 115 0.91279423 
298 1100 39 39 0.12442417 
114 656 50 44 0.11323828 
314 892 34 37 0.10176213 
294 931 42 46 0.10162875 
748 1057 18 22 0.07649094 
89 723 59 76 0.066830434 
320 1151 55 58 0.063211516 
79 820 60 50 0.060645606 
700 931 47 59 0.058923084 
612 782 18 22 0.05181251 
537 1255 69 66 0.05002072 
326 835 51 62 0.046042208 
444 738 16 18 0.041185606 
659 797 13 18 0.039946858 
116 676 108 104 0.038612068 
122 1011 381 498 0.031227088 
549 763 16 19 0.030342598 
138 651 46 43 0.029928876 
615 796 44 49 0.027098265 
572 770 16 20 0.024697792 
734 959 16 25 0.024685599 
74 889 119 109 0.023935363 
484 671 65 85 0.022246841 
67 727 55 68 0.022000797 
157 652 40 34 0.021671008 
443 730 26 30 0.02102909 
297 912 45 48 0.020971408 
