24_Soldier_Firing_Soldier_Firing_24_633
83
877 395 44 61 0.98715836 
0 272 27 45 0.92848116 
437 453 51 64 0.71016586 
372 485 62 85 0.41063336 
774 405 35 39 0.33559418 
194 100 18 21 0.29941988 
502 411 43 59 0.15014958 
757 604 16 19 0.13087384 
811 436 15 19 0.119772255 
927 80 14 17 0.11443382 
337 431 22 32 0.09819225 
782 134 25 31 0.096720316 
717 574 25 30 0.08745594 
991 370 14 16 0.07795276 
410 460 58 72 0.07491479 
110 20 10 12 0.07122519 
591 117 8 11 0.062342323 
998 104 12 15 0.056440752 
972 139 16 20 0.05622473 
150 0 8 9 0.05576825 
868 399 32 49 0.054190125 
783 390 30 43 0.053910013 
996 187 27 41 0.052791692 
177 26 10 13 0.05175589 
464 447 34 59 0.05115808 
844 443 13 16 0.049743626 
791 414 18 23 0.04916816 
998 64 8 12 0.04236305 
669 458 51 89 0.040213395 
754 939 15 15 0.040122617 
839 430 27 34 0.039757125 
128 14 8 10 0.038664207 
0 250 12 17 0.03738907 
475 382 47 52 0.03539415 
841 413 43 52 0.034868002 
298 107 20 24 0.033191636 
953 62 9 12 0.033150505 
965 15 8 11 0.03275369 
809 433 25 29 0.03261656 
963 895 32 44 0.032517985 
495 434 43 52 0.0315699 
161 22 9 11 0.030893713 
823 7 11 11 0.030041452 
975 385 22 28 0.028995227 
167 21 9 11 0.028840637 
808 417 24 34 0.02878708 
64 747 34 40 0.02833838 
343 121 33 40 0.027897594 
829 601 14 21 0.027653003 
141 23 9 12 0.02755566 
826 436 29 31 0.02730469 
144 6 12 14 0.026460445 
962 19 9 12 0.026379298 
390 4 10 11 0.026270343 
994 386 24 32 0.026267435 
136 24 9 11 0.02543512 
751 394 43 52 0.025375899 
853 687 12 14 0.025237348 
81 55 8 11 0.025186803 
730 578 17 21 0.025176663 
137 28 9 11 0.02444048 
701 423 50 61 0.024269069 
129 23 8 10 0.024220388 
383 395 11 15 0.024035571 
987 399 17 24 0.02368984 
121 4 9 11 0.023181599 
853 438 32 39 0.02315428 
118 31 9 11 0.022579111 
738 605 14 19 0.021994356 
957 62 9 12 0.02199224 
976 381 12 17 0.021948071 
786 419 30 35 0.02184997 
505 395 33 43 0.021319732 
105 16 9 11 0.021158693 
112 27 10 13 0.021137659 
688 63 10 13 0.021016518 
457 817 56 72 0.02084017 
750 607 24 31 0.020626185 
119 16 7 10 0.020531418 
933 71 10 12 0.020407453 
859 377 70 98 0.020352693 
133 15 9 11 0.020157365 
126 6 9 12 0.02012795 
