24_Soldier_Firing_Soldier_Firing_24_315
40
307 255 63 74 0.9890365 
152 15 51 63 0.92925215 
276 83 17 20 0.8453157 
603 386 27 33 0.42069614 
82 30 29 34 0.38642988 
7 40 25 39 0.32599276 
434 323 34 38 0.20896438 
241 245 40 55 0.16437207 
85 27 16 20 0.117404684 
33 323 34 39 0.114475206 
12 50 32 39 0.10963 
231 243 32 46 0.09295712 
40 328 47 56 0.08366642 
300 141 9 12 0.079643324 
430 329 16 17 0.058338333 
22 56 36 39 0.058069907 
32 328 96 126 0.047679465 
173 34 36 52 0.047274124 
542 338 14 17 0.036233805 
494 433 10 11 0.036126632 
275 251 50 60 0.03364035 
586 387 47 48 0.03214962 
88 308 49 59 0.031518973 
86 302 30 43 0.03094546 
288 83 15 20 0.030192142 
489 432 10 11 0.029935991 
494 436 12 14 0.029604776 
609 380 18 21 0.029089157 
535 333 12 16 0.02768287 
257 252 45 62 0.026872005 
340 211 49 63 0.024865877 
421 331 30 34 0.024842156 
351 190 47 56 0.023396464 
355 201 23 29 0.022255868 
447 330 31 34 0.022173246 
60 275 14 17 0.02176881 
533 326 24 31 0.021666186 
76 33 44 53 0.021366203 
351 265 33 51 0.021024669 
74 323 89 90 0.020089954 
