24_Soldier_Firing_Soldier_Firing_24_10
28
177 176 37 50 0.7959446 
156 289 43 51 0.06607923 
276 206 11 14 0.064706855 
397 207 12 15 0.05369729 
158 183 36 41 0.053587392 
253 228 31 38 0.05171111 
270 208 13 17 0.04451948 
590 368 450 560 0.037556034 
259 228 18 21 0.033718266 
390 206 13 16 0.03279101 
286 218 15 19 0.03115773 
267 215 15 19 0.030025296 
260 218 17 18 0.027800456 
127 333 9 11 0.027462006 
280 225 26 33 0.027315857 
505 184 469 559 0.026627822 
382 207 13 18 0.025709126 
239 218 13 18 0.025142433 
273 210 23 28 0.025098134 
139 164 48 66 0.0240811 
-42 201 352 455 0.023350505 
159 196 53 64 0.02308948 
259 237 51 61 0.022818271 
263 202 23 26 0.02251641 
107 410 13 13 0.022050302 
143 415 8 11 0.021802802 
285 232 15 19 0.020741202 
380 7 473 457 0.020374281 
