24_Soldier_Firing_Soldier_Firing_24_405
124
333 376 61 81 0.9953225 
170 533 10 13 0.22339593 
452 223 8 10 0.11859811 
539 1021 61 74 0.09793549 
261 518 9 11 0.09578501 
889 487 11 13 0.092208944 
194 188 9 11 0.08155365 
0 528 9 12 0.07860811 
263 391 10 12 0.072387174 
874 484 12 14 0.07054077 
450 208 8 9 0.06426271 
165 421 10 12 0.06418316 
1 542 9 14 0.060716268 
455 207 7 9 0.05824765 
434 215 8 10 0.056747325 
799 576 7 9 0.050495088 
893 480 10 11 0.049651172 
195 546 11 13 0.048497833 
913 457 8 9 0.048410974 
873 480 9 11 0.04670595 
698 1119 149 181 0.04664363 
509 30 8 10 0.046240844 
918 456 8 10 0.044511773 
584 798 36 37 0.044489693 
263 599 10 12 0.04297667 
853 527 148 185 0.041331757 
432 193 8 10 0.040922042 
531 14 7 10 0.040736154 
117 507 10 13 0.040165823 
549 6 9 10 0.03831456 
873 491 12 14 0.0383078 
123 595 14 15 0.037248287 
463 142 8 10 0.036837403 
301 575 8 11 0.03577011 
918 471 12 13 0.03567391 
710 548 13 14 0.035350207 
845 532 10 12 0.035031803 
126 561 7 9 0.034713034 
176 571 10 13 0.03443367 
33 544 9 11 0.034422535 
290 508 8 11 0.034152746 
93 599 8 10 0.03348743 
903 464 8 10 0.0333512 
870 470 7 9 0.033329774 
840 534 10 11 0.032957938 
527 38 7 10 0.032643214 
437 222 8 11 0.032071814 
537 28 8 10 0.031767413 
450 213 8 10 0.031314157 
171 538 12 13 0.03096809 
438 230 7 9 0.030535342 
358 264 8 10 0.029899789 
329 382 10 12 0.02970821 
103 578 12 15 0.029417913 
5 547 9 12 0.029166616 
285 159 8 9 0.02869356 
692 1053 15 18 0.028616037 
545 64 7 10 0.0282059 
317 1495 9 11 0.02818015 
175 566 10 12 0.027935294 
917 460 9 11 0.027914247 
505 24 8 11 0.027728774 
112 598 10 12 0.02765186 
294 511 7 9 0.027256494 
121 579 10 12 0.027068015 
533 532 58 74 0.027041828 
829 536 8 9 0.026791202 
665 552 8 9 0.026753405 
533 309 8 12 0.026609251 
913 441 7 9 0.026472244 
694 542 11 14 0.026384367 
919 447 8 9 0.026383117 
534 15 8 8 0.026282988 
175 96 9 10 0.026000842 
842 528 9 10 0.025917511 
24 526 8 10 0.025800452 
940 1309 59 58 0.025757376 
510 94 7 9 0.025701314 
584 96 8 9 0.025370203 
526 32 7 9 0.025344059 
247 551 8 10 0.025314353 
721 296 7 9 0.02516127 
297 561 8 10 0.025145626 
544 69 7 9 0.024995627 
520 24 7 9 0.024976885 
122 559 8 10 0.024891136 
509 25 8 10 0.024716109 
167 551 9 11 0.024488982 
855 471 7 9 0.024374608 
193 504 8 11 0.024225818 
424 190 7 9 0.024163395 
73 540 9 11 0.024042385 
285 596 8 11 0.023948891 
162 166 8 10 0.023822008 
545 492 50 79 0.023693927 
937 469 9 12 0.023507237 
920 432 7 8 0.023476405 
805 564 9 10 0.023447337 
6 559 10 14 0.02325435 
206 534 8 11 0.0231446 
161 184 8 10 0.022974776 
912 446 8 9 0.022973422 
17 525 8 10 0.022900017 
627 1371 13 15 0.02265121 
535 9 7 9 0.022519296 
888 479 10 11 0.02246255 
839 519 8 9 0.02234207 
520 120 8 10 0.021804888 
886 448 9 10 0.021716313 
478 181 10 13 0.021715544 
176 580 10 12 0.02170172 
942 463 9 11 0.02159394 
865 466 8 9 0.021394748 
451 227 9 12 0.021193773 
1013 474 9 15 0.020756401 
853 477 9 11 0.020566741 
145 583 9 13 0.020558806 
741 252 10 14 0.020518962 
522 39 8 10 0.020348983 
88 600 9 11 0.020269742 
881 448 8 10 0.020267924 
162 189 8 10 0.020252401 
644 719 48 49 0.020141788 
183 96 8 10 0.020040343 
