24_Soldier_Firing_Soldier_Firing_24_702
65
176 59 47 57 0.99726486 
833 83 38 47 0.9952689 
401 172 13 18 0.65909106 
634 112 27 29 0.6085982 
268 124 31 30 0.556798 
387 167 19 24 0.5184605 
420 175 13 17 0.23890896 
565 278 22 31 0.20179944 
344 129 9 12 0.17233352 
470 170 11 13 0.14863838 
380 172 18 21 0.14817573 
414 171 14 19 0.13019274 
677 238 23 28 0.12501486 
914 275 24 26 0.12079495 
647 112 24 25 0.11925577 
629 118 16 24 0.10783222 
679 236 15 18 0.093939655 
205 437 12 19 0.08953453 
325 220 17 20 0.07592064 
372 148 10 13 0.06534306 
487 298 23 30 0.06163236 
298 287 18 23 0.05988416 
75 34 16 24 0.05091797 
350 163 10 11 0.04855437 
529 150 9 11 0.04813655 
821 96 39 43 0.04484513 
294 284 15 21 0.04261717 
477 172 11 14 0.042226747 
308 293 15 21 0.04221302 
411 213 15 19 0.0412146 
723 254 48 55 0.03863161 
415 201 11 13 0.03543069 
578 280 15 23 0.034130596 
469 324 16 22 0.03313382 
548 273 26 35 0.03222279 
424 340 16 19 0.032100886 
278 246 22 27 0.031749744 
634 123 19 23 0.031517085 
275 472 17 19 0.03134205 
389 158 14 18 0.030299608 
676 270 25 31 0.030299025 
483 173 11 13 0.028106764 
348 128 8 11 0.02781125 
335 150 9 11 0.02698747 
844 200 30 37 0.025856666 
302 279 31 36 0.024794582 
497 303 17 21 0.024709027 
814 226 45 52 0.024492122 
21 370 16 20 0.024003854 
612 174 13 15 0.023865934 
817 110 31 39 0.02261806 
271 371 42 54 0.022289205 
452 174 11 14 0.021807816 
300 493 10 14 0.021737222 
211 438 13 16 0.021622563 
465 165 11 14 0.021538459 
927 283 17 20 0.021338146 
27 372 18 21 0.021200173 
503 166 9 12 0.0210405 
456 155 12 15 0.021010436 
19 366 14 16 0.020937748 
198 432 22 28 0.020642355 
475 313 26 35 0.020615945 
332 488 14 17 0.02057188 
176 4 24 31 0.02028703 
