24_Soldier_Firing_Soldier_Firing_24_133
37
465 307 64 51 0.9713713 
534 400 12 16 0.15367208 
92 438 15 16 0.12302607 
546 431 24 30 0.10820841 
344 351 20 20 0.10419467 
445 447 17 21 0.08804106 
372 537 22 27 0.08001289 
599 397 10 12 0.06613061 
507 461 16 18 0.056963246 
450 307 36 42 0.048882283 
538 408 13 19 0.045270238 
556 440 14 18 0.04375103 
563 443 10 15 0.042408645 
436 446 21 27 0.03553296 
526 399 21 28 0.029633773 
-2 148 201 293 0.02858598 
552 399 10 12 0.028313028 
591 405 12 16 0.027366372 
402 451 32 34 0.027252622 
590 453 9 11 0.026592446 
419 445 32 37 0.026505448 
501 272 34 38 0.023996377 
202 399 37 38 0.023363786 
354 162 15 18 0.023233969 
547 408 23 35 0.022724861 
586 454 9 11 0.02234556 
263 167 45 71 0.021768687 
554 457 12 15 0.021725584 
86 440 13 15 0.021021396 
509 404 17 22 0.020935431 
442 274 28 39 0.020730704 
126 201 139 112 0.02064985 
94 224 31 33 0.020579722 
494 456 52 59 0.020497045 
389 110 12 15 0.020382488 
534 414 13 18 0.020300578 
445 306 14 19 0.020106493 
