24_Soldier_Firing_Soldier_Firing_24_264
47
743 137 60 79 0.9916352 
275 53 62 81 0.99109674 
518 217 14 18 0.9787049 
584 224 13 17 0.60966307 
884 231 29 31 0.36977297 
690 223 22 31 0.17285013 
925 272 17 26 0.16673914 
894 183 13 17 0.14945467 
899 186 15 18 0.1089872 
922 236 14 19 0.10086357 
707 223 24 33 0.09596586 
875 229 25 28 0.09315102 
906 189 15 18 0.07679901 
864 303 19 22 0.075615026 
589 188 10 13 0.0516544 
957 253 14 16 0.04973659 
897 229 28 30 0.042933073 
962 270 13 17 0.04055001 
868 225 17 21 0.039932597 
584 217 11 14 0.03942211 
430 167 24 46 0.038749553 
884 294 14 18 0.037482545 
350 185 44 73 0.036793794 
691 213 19 25 0.03539845 
872 215 12 15 0.03534364 
587 230 14 17 0.034212414 
365 140 10 15 0.030691758 
845 182 15 21 0.030612936 
437 167 15 24 0.030545212 
866 329 22 29 0.030272849 
885 265 15 20 0.027592812 
871 240 15 18 0.026762804 
755 421 31 33 0.026274376 
918 230 15 19 0.02615261 
421 180 27 52 0.025956837 
366 190 58 93 0.024163866 
739 398 47 58 0.02283445 
389 210 53 79 0.022439003 
883 244 26 32 0.02175605 
874 248 25 34 0.021750277 
865 292 18 20 0.021740183 
863 239 29 34 0.02157297 
428 245 10 16 0.021355484 
930 275 22 30 0.021340327 
962 258 15 17 0.021337032 
698 221 45 56 0.020418251 
778 492 38 35 0.020337164 
