24_Soldier_Firing_Soldier_Firing_24_15
50
485 211 135 152 0.9994442 
635 314 175 225 0.5916593 
-40 971 381 482 0.19127923 
364 933 32 51 0.18401454 
738 264 19 22 0.18082975 
203 509 16 18 0.13946661 
777 971 57 85 0.12073454 
337 918 45 80 0.1124162 
341 1037 442 457 0.090761244 
114 912 402 562 0.07130963 
820 971 29 40 0.069549024 
791 1001 36 48 0.0677995 
925 904 91 150 0.06726721 
661 975 443 470 0.065847486 
305 891 80 122 0.06387403 
215 533 52 67 0.05965137 
551 211 165 220 0.057183973 
178 777 200 259 0.056513622 
606 1222 29 40 0.05190424 
223 659 379 440 0.049854074 
366 862 30 34 0.048399195 
255 859 112 159 0.039895546 
205 503 15 15 0.039588235 
285 545 17 21 0.039276876 
731 259 18 23 0.038154516 
355 910 53 79 0.036323342 
724 261 31 37 0.035370618 
-5 1058 222 303 0.035209887 
655 1030 106 109 0.03447456 
728 639 34 48 0.031162007 
697 991 114 124 0.028699433 
495 133 197 250 0.027829519 
-6 1090 153 160 0.02683357 
622 1210 34 45 0.02671667 
199 886 185 311 0.026505228 
-2 1182 41 56 0.025563823 
594 1199 47 67 0.02550264 
838 136 29 35 0.024257582 
892 698 159 272 0.023908611 
767 677 39 36 0.023151275 
585 757 195 251 0.022376046 
616 256 108 128 0.022182608 
939 1135 87 135 0.021648379 
467 808 28 36 0.02131612 
260 911 390 438 0.020828206 
78 1385 102 120 0.020592768 
793 950 62 84 0.020560576 
876 463 55 62 0.020170089 
746 927 99 137 0.020147141 
0 1308 103 152 0.02002612 
