24_Soldier_Firing_Soldier_Firing_24_601
99
294 320 31 36 0.99967504 
859 303 36 39 0.99967325 
84 313 33 38 0.99885345 
472 305 33 37 0.99818367 
174 323 33 38 0.99733305 
390 308 33 38 0.99732506 
734 321 38 42 0.99593014 
594 305 42 44 0.96908253 
980 293 12 17 0.9175034 
311 291 34 38 0.87576246 
24 327 16 20 0.8159851 
415 285 30 37 0.6438046 
986 334 13 16 0.36450025 
905 322 17 21 0.34435034 
829 327 24 28 0.31666878 
63 316 24 31 0.2576694 
366 477 12 15 0.16753821 
627 299 32 38 0.1344959 
513 302 16 22 0.12601669 
260 341 23 30 0.12534699 
306 489 16 20 0.1192316 
323 479 16 20 0.117809735 
97 473 24 27 0.1122821 
499 471 24 29 0.108265966 
33 484 17 21 0.10790404 
236 494 21 25 0.107812196 
833 323 17 20 0.09839847 
0 341 11 18 0.09411599 
997 332 11 15 0.08009108 
237 306 23 30 0.07850467 
975 339 9 13 0.07116858 
521 291 26 39 0.06865459 
310 480 21 25 0.066886164 
1007 345 7 10 0.06359458 
380 313 28 34 0.061756648 
386 452 12 16 0.061392114 
1007 349 10 12 0.059649397 
489 302 30 34 0.05845361 
636 467 17 24 0.055155113 
204 298 27 27 0.051655855 
986 323 15 18 0.051615033 
987 314 14 17 0.051367115 
505 300 27 36 0.047744066 
432 473 12 15 0.046242416 
985 298 12 15 0.04336912 
997 324 14 18 0.042832453 
397 357 31 37 0.04121092 
227 464 17 20 0.039670292 
1011 380 13 18 0.037719425 
46 360 15 20 0.037048697 
267 333 24 32 0.036782607 
605 291 50 53 0.0361473 
366 499 10 14 0.03484749 
644 291 424 483 0.03448275 
944 301 10 13 0.033957656 
951 332 12 16 0.03337756 
405 473 28 33 0.032899406 
107 456 29 32 0.031738285 
347 484 11 15 0.031504355 
198 474 16 19 0.029941281 
919 306 12 16 0.0293768 
975 383 11 14 0.0286439 
581 318 27 36 0.028485103 
1 336 18 29 0.02801009 
524 455 17 21 0.02782536 
370 315 23 30 0.027526883 
411 481 17 21 0.027442139 
280 328 28 34 0.027116638 
991 372 11 14 0.027076602 
888 313 29 32 0.026937228 
840 332 19 25 0.026642254 
16 318 19 27 0.02615479 
969 338 11 14 0.02612441 
384 468 10 12 0.025244702 
201 489 16 17 0.02451994 
860 416 28 37 0.024312302 
258 339 17 22 0.02412118 
328 284 20 23 0.024092795 
225 308 25 36 0.02371209 
405 313 28 34 0.023672879 
841 324 14 17 0.023395702 
375 508 12 15 0.023153657 
373 482 11 14 0.023049109 
1008 353 11 16 0.022870554 
33 471 22 27 0.022863625 
953 358 9 12 0.022762453 
528 559 25 30 0.02266767 
373 501 11 14 0.022464922 
822 329 17 24 0.022225423 
384 478 9 13 0.022179168 
992 366 10 12 0.021560604 
966 377 9 11 0.021189729 
994 314 15 20 0.020817803 
938 320 15 20 0.020777958 
384 459 11 15 0.02066062 
183 615 48 48 0.020459985 
496 653 21 26 0.020252533 
146 459 15 20 0.020087468 
786 318 25 39 0.020017967 
