24_Soldier_Firing_Soldier_Firing_24_644
102
280 170 27 33 0.9931377 
207 151 26 37 0.85655385 
550 283 26 30 0.5803062 
469 196 16 17 0.3414846 
577 278 27 30 0.3223793 
47 99 24 32 0.31953153 
462 211 15 18 0.24883853 
398 192 16 20 0.22036554 
440 205 10 15 0.1883043 
312 180 26 30 0.16631347 
178 360 32 46 0.12930062 
130 104 26 29 0.12926866 
39 369 13 16 0.1183939 
199 323 27 35 0.10199309 
458 288 32 31 0.091771826 
0 89 22 44 0.08863961 
444 208 11 16 0.07895787 
92 133 25 30 0.076536156 
348 180 14 20 0.07612021 
442 338 41 44 0.06997808 
116 143 21 29 0.06490683 
437 281 15 20 0.061621908 
224 108 18 22 0.056530584 
137 112 25 34 0.054534674 
389 193 18 20 0.04943607 
331 187 12 16 0.04676044 
309 258 13 17 0.04555467 
559 275 42 47 0.044199586 
32 95 34 45 0.043730985 
556 274 27 31 0.041351512 
58 107 17 23 0.04086119 
395 175 23 31 0.040849455 
246 178 9 14 0.03922661 
282 173 48 55 0.038324576 
487 257 13 16 0.038128156 
238 178 12 18 0.037086107 
387 256 17 21 0.036990695 
318 387 15 19 0.036525555 
210 153 39 50 0.03495468 
0 497 18 35 0.034947284 
10 75 26 38 0.034300786 
372 546 23 27 0.033839297 
139 102 16 19 0.03347779 
21 74 16 22 0.03343476 
331 380 12 14 0.033401407 
593 283 12 16 0.03327007 
370 251 28 31 0.033147905 
410 177 15 20 0.031484406 
111 105 38 50 0.031121796 
311 185 16 19 0.030873885 
221 293 11 14 0.030821364 
298 239 27 38 0.030704893 
274 342 17 20 0.030157788 
465 201 23 28 0.029532367 
477 249 16 20 0.029014915 
149 147 27 34 0.028978847 
138 161 31 36 0.02823508 
335 258 11 15 0.027761279 
8 91 29 40 0.027620416 
322 182 27 34 0.027480502 
99 116 33 38 0.027333133 
456 211 27 31 0.02672344 
17 325 12 15 0.026394146 
393 252 16 21 0.025866175 
315 259 13 15 0.02554555 
76 113 38 48 0.025504084 
228 296 15 19 0.025006039 
561 294 16 19 0.024885 
426 274 25 34 0.024718856 
43 109 17 22 0.024708454 
811 595 26 28 0.024703715 
249 241 28 41 0.024319263 
13 89 14 21 0.024248825 
10 289 14 16 0.024041064 
156 133 31 37 0.023762442 
571 72 46 49 0.02327673 
402 197 16 22 0.02318932 
268 175 20 25 0.023155289 
223 233 40 50 0.023152472 
538 274 30 34 0.02311171 
103 829 29 34 0.02310237 
432 204 14 16 0.022940634 
77 200 26 34 0.022813747 
435 202 20 26 0.022797143 
419 173 13 17 0.022777552 
247 173 9 15 0.02248782 
541 288 19 22 0.02219494 
58 92 15 24 0.022175748 
91 99 14 19 0.022169204 
455 211 15 19 0.02206714 
160 162 24 35 0.021934211 
4 349 13 17 0.021692006 
28 224 12 16 0.021470122 
486 288 32 35 0.021408742 
305 252 25 31 0.021400362 
263 307 13 17 0.021372711 
125 111 13 18 0.020936342 
-1 171 21 43 0.020869974 
466 236 28 33 0.020817589 
45 114 27 36 0.02067731 
550 7 389 449 0.020323321 
168 112 28 36 0.020283129 
