24_Soldier_Firing_Soldier_Firing_24_281
23
244 441 12 16 0.11910733 
717 417 12 16 0.04405598 
207 665 43 48 0.04128461 
190 428 8 10 0.036559228 
270 438 10 13 0.033381462 
897 507 14 17 0.03034272 
141 445 20 26 0.030337952 
58 581 27 36 0.027824538 
223 674 48 51 0.026952542 
185 423 10 11 0.026602343 
241 704 53 53 0.025865518 
836 512 45 49 0.02579211 
191 414 10 12 0.024998117 
200 431 9 11 0.024981348 
589 241 227 273 0.023773147 
485 137 13 16 0.023608264 
179 453 14 17 0.023369284 
894 499 15 18 0.023157977 
148 413 10 12 0.022514919 
201 437 9 11 0.02234259 
182 437 9 11 0.022172658 
36 595 45 51 0.021680146 
91 444 14 16 0.021145737 
