20_Family_Group_Family_Group_20_255
45
606 424 55 68 0.9994931 
141 444 62 76 0.99942493 
488 411 62 77 0.9989459 
893 373 60 71 0.9989335 
304 446 57 67 0.99857736 
742 378 57 78 0.99783665 
518 128 45 56 0.99573356 
787 220 51 62 0.99550194 
197 337 47 58 0.99478626 
365 301 50 57 0.9901518 
659 232 44 54 0.9854256 
714 359 43 63 0.51274216 
909 713 41 47 0.14602229 
983 665 10 12 0.1111028 
247 365 39 59 0.09897341 
480 140 18 21 0.09741162 
255 395 30 41 0.09246793 
781 301 28 39 0.08986755 
974 618 11 14 0.06897968 
229 324 31 48 0.05805627 
438 365 32 41 0.05466105 
370 265 55 71 0.051669165 
14 365 27 51 0.04753694 
494 359 59 67 0.0462649 
720 287 38 56 0.046013173 
578 135 15 18 0.037551932 
826 615 133 138 0.03742184 
338 445 49 62 0.036166113 
647 379 38 48 0.03098084 
484 379 59 77 0.029955737 
295 424 51 65 0.02972939 
779 365 47 62 0.029024573 
926 53 7 9 0.028446442 
1000 659 9 11 0.028201208 
963 645 10 13 0.027260756 
505 -1 42 49 0.027241329 
358 451 48 60 0.027129296 
573 142 26 31 0.026579425 
490 141 13 17 0.025480937 
258 322 44 68 0.024534296 
390 304 34 43 0.023729146 
942 673 12 15 0.021139141 
266 375 34 50 0.02087322 
239 311 42 66 0.020510664 
18 267 20 28 0.020261774 
