20_Family_Group_Family_Group_20_101
37
893 294 49 59 0.9992902 
135 90 36 44 0.9989078 
970 54 48 62 0.9985178 
637 73 36 49 0.99797887 
382 27 38 51 0.99777275 
554 70 38 50 0.9977576 
781 276 48 58 0.99694103 
226 64 40 47 0.9966158 
842 94 45 60 0.99627763 
561 244 38 50 0.99583673 
493 53 36 45 0.9956713 
204 214 48 62 0.9936725 
70 265 45 56 0.9871639 
732 74 41 54 0.98418325 
38 65 40 52 0.9776062 
667 261 42 55 0.9651532 
814 280 31 45 0.16415446 
296 411 80 97 0.06623366 
622 87 30 38 0.06604397 
0 89 23 39 0.05371349 
738 505 118 185 0.049470797 
51 104 25 34 0.04698555 
93 145 15 19 0.04344353 
700 423 28 34 0.04124493 
228 -34 389 493 0.035612438 
769 0 15 13 0.03149782 
39 104 26 36 0.030463595 
76 124 35 45 0.029529387 
90 119 23 32 0.028598785 
671 83 21 29 0.026155666 
525 463 44 47 0.025818702 
805 440 25 32 0.02554118 
677 90 13 17 0.024172584 
623 421 70 76 0.023377867 
26 109 26 34 0.023220792 
826 292 17 24 0.022791494 
736 596 59 63 0.02254265 
