20_Family_Group_Family_Group_20_750
89
341 68 179 261 0.9995635 
557 211 178 230 0.9992435 
929 558 9 13 0.31607765 
992 622 11 13 0.16246076 
34 1038 17 20 0.111165404 
992 591 9 11 0.10144482 
985 747 11 14 0.091064334 
594 110 40 49 0.07873979 
981 610 10 13 0.070957534 
998 723 9 12 0.06904725 
1000 603 10 13 0.06196229 
115 1086 105 143 0.05245293 
952 573 11 14 0.049420882 
1005 605 9 11 0.0489631 
993 725 9 12 0.047900114 
934 562 9 13 0.0477339 
41 667 490 578 0.045892846 
944 608 10 13 0.045668673 
940 565 9 12 0.04373954 
990 597 11 15 0.043609586 
910 581 11 13 0.043181844 
1009 662 11 15 0.042913467 
969 782 8 10 0.041910797 
965 708 8 12 0.041110747 
919 536 8 11 0.04072688 
426 145 174 230 0.040367607 
795 1242 40 37 0.04020706 
987 602 12 16 0.039864976 
953 557 11 14 0.039529186 
926 553 9 12 0.038446978 
934 668 10 13 0.038046762 
956 566 12 15 0.036357883 
939 558 10 13 0.036056995 
971 765 9 12 0.035207152 
984 773 9 11 0.0343607 
917 602 12 14 0.033540815 
991 508 11 13 0.0318976 
959 550 11 13 0.03184686 
913 597 10 14 0.031209767 
910 587 12 14 0.030835513 
926 540 9 11 0.030672582 
990 614 12 15 0.03049541 
909 519 8 10 0.030363528 
1006 566 10 12 0.029454807 
1000 566 9 11 0.029215733 
970 774 9 11 0.028011998 
1007 742 10 12 0.027996812 
949 612 8 11 0.02702454 
956 627 10 13 0.026569858 
1007 524 12 14 0.02655518 
911 629 10 13 0.02651049 
904 535 8 10 0.026388727 
910 527 8 9 0.026098061 
905 517 9 11 0.02579059 
952 743 9 11 0.025337894 
927 535 9 12 0.02532276 
975 517 8 10 0.025222007 
933 644 10 12 0.024760153 
965 613 11 13 0.024713954 
1001 743 8 11 0.023917668 
991 638 10 11 0.023860715 
980 575 9 11 0.023835873 
975 733 8 10 0.023638194 
942 574 9 12 0.023496978 
934 604 12 14 0.023486042 
926 604 10 14 0.023478111 
922 555 12 16 0.023213597 
911 603 11 13 0.023040574 
912 535 7 10 0.022890022 
924 613 9 13 0.022806106 
977 816 8 11 0.022634394 
900 551 10 12 0.022403259 
960 675 11 13 0.02205666 
1000 800 8 9 0.021652848 
975 791 8 11 0.021636505 
1006 725 11 13 0.02145251 
926 518 9 11 0.02133035 
1010 775 8 11 0.02129529 
897 556 10 12 0.021289475 
991 557 9 13 0.021166567 
902 541 9 12 0.020896368 
936 705 8 10 0.020866424 
945 696 8 11 0.020862026 
996 507 10 12 0.02074425 
945 523 9 11 0.020726107 
925 553 17 23 0.020607853 
935 572 11 13 0.020413144 
992 821 10 13 0.020304296 
997 614 11 15 0.020215012 
