20_Family_Group_Family_Group_20_411
73
481 389 57 69 0.999736 
324 405 53 67 0.99972254 
600 387 55 67 0.9996099 
763 401 49 63 0.9996039 
219 393 53 70 0.9994338 
528 92 63 75 0.9994247 
676 74 64 80 0.9993204 
366 64 55 80 0.9992483 
706 757 26 29 0.6767584 
726 751 26 31 0.22869748 
119 727 25 25 0.1787402 
436 764 16 21 0.1786585 
610 757 12 18 0.17497452 
660 428 29 38 0.13778755 
711 767 27 33 0.091813006 
877 749 13 18 0.0694014 
701 754 17 26 0.06927462 
215 698 17 21 0.068761304 
607 759 21 28 0.06482553 
736 747 18 25 0.06207746 
209 703 21 31 0.060601257 
623 761 10 12 0.06005152 
610 752 9 13 0.057971563 
12 777 16 20 0.056473747 
231 772 46 47 0.056094155 
489 330 15 17 0.053097375 
1000 724 14 17 0.049209464 
181 758 34 33 0.049173154 
723 763 31 37 0.047192276 
103 783 15 18 0.04614564 
702 750 12 19 0.046059247 
720 760 20 24 0.044897094 
1006 89 12 17 0.03984743 
1008 261 9 14 0.032170888 
689 773 28 32 0.03195698 
717 786 15 19 0.031733822 
616 763 21 27 0.031708173 
618 776 29 27 0.031258635 
933 787 15 17 0.031061772 
853 766 10 11 0.030737514 
654 399 43 61 0.030070221 
803 740 17 21 0.029447665 
921 124 9 12 0.028907252 
1001 351 8 10 0.027524848 
1005 304 10 13 0.027474897 
695 765 54 53 0.027446866 
992 717 25 31 0.02730398 
1001 283 9 12 0.026331114 
1001 262 9 12 0.025763918 
572 775 18 22 0.025728475 
211 789 13 17 0.025667612 
803 743 24 35 0.025142452 
952 131 10 12 0.024895001 
739 765 17 25 0.02484881 
198 107 11 12 0.024568973 
964 -10 69 110 0.024342978 
498 762 12 15 0.02419206 
635 781 15 18 0.023654304 
494 777 13 19 0.023242207 
238 108 13 15 0.022957211 
203 565 51 53 0.022822717 
141 760 66 58 0.022416256 
626 765 15 18 0.02236806 
1006 217 10 14 0.022102712 
997 761 25 34 0.021828257 
311 87 8 10 0.02176143 
281 92 10 12 0.02167931 
73 763 65 58 0.021149985 
730 764 18 23 0.020746905 
47 751 10 14 0.020593248 
983 744 10 12 0.020577127 
261 102 9 11 0.020352595 
949 745 12 13 0.020344675 
