20_Family_Group_Family_Group_20_412
22
410 166 67 92 0.9965193 
663 273 60 89 0.99330115 
252 152 70 100 0.97731596 
89 459 49 68 0.39250183 
63 718 88 111 0.29103693 
142 482 59 52 0.09464717 
790 195 100 157 0.084566295 
754 107 184 284 0.07745562 
807 441 371 457 0.076963544 
47 454 31 37 0.061142746 
102 484 59 64 0.04072215 
443 167 63 76 0.039572224 
65 490 29 44 0.03692787 
96 746 32 37 0.036529567 
473 164 58 66 0.034715664 
653 14 361 444 0.031445324 
67 452 53 64 0.030239819 
51 457 45 54 0.026617449 
829 165 12 15 0.024215925 
247 330 50 45 0.022812987 
212 187 57 72 0.020970823 
515 614 32 37 0.020966873 
