20_Family_Group_Family_Group_20_759
49
760 228 51 63 0.99891615 
103 251 50 65 0.9984761 
798 101 45 58 0.9932555 
360 67 45 58 0.9923488 
574 297 43 56 0.98936355 
445 307 41 53 0.9892264 
659 118 42 56 0.9881692 
501 82 40 53 0.98218775 
307 289 55 67 0.9811156 
601 379 42 49 0.9804246 
220 158 42 53 0.9771969 
101 104 42 56 0.9757293 
525 293 28 37 0.68258023 
442 411 15 19 0.43066788 
283 629 45 60 0.32782623 
814 462 26 29 0.2332003 
623 311 39 52 0.118499905 
971 472 42 59 0.1118258 
553 323 24 33 0.0853757 
641 275 27 32 0.07735016 
738 444 17 22 0.066690676 
71 476 84 61 0.058993854 
267 317 42 59 0.053555004 
538 366 423 485 0.05143511 
668 458 16 22 0.04862563 
792 433 25 28 0.044812176 
305 633 33 39 0.040477704 
512 294 33 51 0.038338427 
845 419 29 34 0.037951536 
608 359 43 57 0.036765058 
661 460 17 24 0.035236284 
632 292 41 53 0.03425121 
633 326 39 57 0.032744385 
476 440 29 34 0.03115307 
430 557 37 39 0.029348778 
637 283 15 20 0.028503956 
659 267 17 20 0.027988004 
529 478 16 20 0.026385752 
524 287 20 26 0.025996873 
556 467 13 17 0.024573809 
570 475 16 19 0.022997908 
488 449 17 20 0.022511426 
601 306 32 44 0.021784866 
64 458 128 103 0.021586774 
374 612 35 39 0.021213768 
322 731 28 29 0.020988345 
426 431 13 14 0.020854596 
549 452 12 15 0.02076642 
525 444 11 11 0.020211218 
