20_Family_Group_Family_Group_20_360
24
534 260 65 82 0.99951625 
486 310 53 65 0.9992072 
730 270 71 90 0.99874395 
391 225 56 70 0.9969367 
425 413 35 48 0.06673492 
190 23 10 12 0.06458152 
234 78 16 20 0.055180565 
182 20 12 14 0.05110433 
157 22 11 13 0.038631484 
154 64 13 16 0.038041793 
328 117 40 46 0.037501283 
177 20 10 12 0.037488084 
596 281 14 22 0.028868431 
166 389 9 12 0.027777886 
197 46 14 16 0.026721831 
182 28 11 14 0.02656831 
258 0 19 18 0.026539296 
179 35 11 13 0.024568243 
161 40 9 12 0.02447732 
270 162 15 21 0.023423469 
207 312 8 9 0.022853265 
235 100 13 18 0.021531949 
132 70 14 17 0.02142941 
259 80 14 16 0.02093647 
