20_Family_Group_Family_Group_20_636
250
621 108 14 19 0.97841096 
886 96 17 21 0.91974753 
714 86 14 18 0.8736872 
949 67 15 20 0.8725963 
734 108 13 17 0.82195747 
190 126 22 29 0.81576496 
775 126 14 23 0.7662757 
273 113 19 23 0.76405567 
664 118 13 17 0.7458109 
804 81 14 19 0.7284365 
300 92 13 17 0.6600265 
348 105 12 16 0.5668467 
260 99 15 19 0.5491567 
922 130 40 52 0.5148722 
431 118 13 16 0.4629451 
347 148 24 35 0.42506358 
565 170 14 20 0.40892142 
237 117 12 18 0.37087733 
852 127 16 23 0.36069003 
581 161 16 22 0.35573956 
474 122 15 20 0.34291804 
835 82 14 20 0.3356738 
391 111 10 14 0.29895803 
464 107 11 17 0.28640506 
554 101 10 13 0.28320694 
511 79 8 10 0.1807933 
205 54 10 12 0.1691131 
683 171 17 20 0.16182292 
1004 137 15 20 0.14273185 
511 105 13 16 0.1422235 
613 155 16 19 0.14140135 
911 131 24 40 0.13489124 
497 134 31 39 0.13121457 
733 184 16 19 0.12005456 
509 85 9 12 0.11489901 
450 63 8 12 0.10867686 
654 81 11 13 0.10377214 
11 84 11 14 0.097126454 
768 77 12 15 0.09683759 
538 48 8 10 0.09292661 
201 123 16 21 0.09205169 
463 49 8 10 0.09187807 
498 115 12 17 0.09009845 
729 108 12 17 0.08415476 
503 90 10 12 0.081870764 
909 131 15 24 0.0816002 
469 115 13 19 0.07702647 
462 30 9 12 0.07234513 
384 109 10 15 0.07186987 
457 49 8 10 0.07113723 
199 61 13 16 0.06900055 
96 124 9 11 0.06261965 
416 78 10 12 0.060940325 
996 134 25 32 0.059700195 
394 115 11 14 0.058954183 
127 171 11 14 0.057386037 
453 67 9 11 0.056071874 
54 79 7 9 0.05594866 
485 61 8 11 0.054601736 
578 125 12 15 0.05441742 
542 47 8 10 0.052980673 
394 229 26 33 0.052463446 
247 79 8 10 0.05190296 
267 107 18 24 0.050657578 
482 63 8 10 0.050568335 
558 96 10 13 0.0502817 
206 48 11 13 0.050197583 
349 140 16 18 0.04931782 
42 93 9 10 0.048063606 
644 94 11 14 0.04612753 
426 116 12 16 0.04598434 
198 77 13 17 0.04536557 
494 120 15 19 0.043823984 
650 169 15 21 0.043637108 
530 85 8 10 0.043503053 
614 68 9 11 0.043175995 
785 130 17 19 0.043065112 
322 105 16 19 0.042021666 
193 66 10 13 0.04177903 
150 53 11 14 0.04122946 
901 142 14 23 0.04043517 
477 123 21 25 0.040383138 
415 72 8 10 0.039360527 
468 104 21 26 0.03837385 
557 105 10 13 0.038207717 
147 61 13 16 0.038040813 
128 119 8 10 0.037617456 
656 121 12 18 0.037286416 
157 48 10 12 0.037083145 
370 107 16 19 0.036893204 
767 121 15 24 0.036625843 
527 48 7 9 0.036571458 
461 7 8 10 0.036438577 
246 58 12 15 0.036421154 
553 84 8 10 0.035057455 
768 74 19 24 0.0343451 
471 47 8 10 0.034321815 
148 247 14 16 0.03419318 
64 88 8 10 0.034120895 
459 109 10 14 0.034113158 
807 83 19 25 0.033695307 
942 107 14 20 0.033555523 
788 121 16 22 0.03318317 
432 69 9 11 0.03317143 
525 132 10 15 0.033148948 
517 71 8 10 0.03310212 
95 105 8 9 0.032934863 
672 38 10 11 0.03289102 
436 109 11 15 0.032848585 
485 86 9 12 0.032470487 
383 135 12 15 0.032381304 
933 73 13 18 0.03234593 
630 52 9 11 0.032305196 
448 140 9 13 0.0322329 
194 117 19 23 0.031705346 
46 87 8 12 0.031645834 
846 123 17 22 0.03147738 
438 101 10 12 0.031300392 
127 134 11 14 0.031214181 
301 103 12 16 0.030855415 
522 48 7 9 0.030814245 
794 128 15 21 0.030767037 
528 96 8 10 0.030585883 
203 81 17 21 0.030555394 
573 120 14 16 0.030316528 
480 45 9 12 0.030275634 
694 29 8 11 0.030153017 
143 64 12 15 0.029959997 
464 97 11 14 0.029283592 
121 62 8 10 0.029244917 
440 96 8 10 0.029127669 
306 98 11 15 0.028745526 
507 78 9 12 0.028378207 
210 51 12 14 0.02832386 
381 230 22 30 0.028275948 
281 110 14 18 0.027934931 
619 148 15 18 0.027597334 
448 48 8 11 0.027558511 
457 37 8 9 0.027555367 
853 119 15 20 0.027466284 
172 70 9 11 0.027379492 
433 65 8 10 0.02731859 
115 187 13 17 0.027203977 
655 71 11 13 0.027156202 
61 46 8 11 0.02714847 
764 116 14 20 0.027134834 
710 96 12 17 0.026993705 
517 131 13 18 0.026938835 
822 83 15 19 0.02681892 
480 23 7 10 0.026787315 
415 83 11 13 0.026736109 
439 63 8 11 0.026648266 
512 8 7 9 0.026524331 
853 90 13 17 0.02651284 
613 141 14 17 0.026510797 
101 120 8 10 0.026412126 
726 185 14 20 0.026372204 
566 124 12 14 0.026007257 
381 206 13 16 0.025831765 
470 84 9 11 0.02570371 
497 93 10 12 0.025601836 
96 85 8 10 0.02544413 
406 150 10 12 0.025437234 
720 148 10 14 0.025318973 
63 68 8 10 0.025218127 
510 29 7 10 0.025120378 
894 146 13 18 0.025093181 
389 106 18 23 0.025086027 
944 135 30 44 0.025076788 
94 109 9 10 0.02501178 
842 83 13 20 0.0246611 
919 77 12 16 0.024654644 
10 46 10 13 0.024573395 
422 188 23 29 0.024560994 
541 118 9 11 0.024523383 
193 60 22 27 0.024312358 
931 69 23 29 0.024286103 
486 79 8 10 0.024252903 
472 39 7 9 0.024246266 
262 62 8 11 0.024193233 
122 173 10 14 0.024188198 
295 89 12 16 0.024074858 
463 25 8 11 0.023956202 
809 76 14 21 0.023946349 
510 25 8 10 0.023909174 
362 157 15 23 0.023620257 
190 108 10 12 0.023616496 
726 155 13 16 0.02351497 
515 77 9 11 0.023454007 
983 121 24 37 0.023376515 
536 125 11 14 0.02332158 
247 92 11 15 0.023292255 
629 141 12 14 0.023275983 
514 143 16 23 0.023246141 
481 112 21 26 0.023240985 
903 133 14 19 0.023174662 
414 63 8 9 0.023127113 
103 93 8 10 0.02311927 
279 163 12 15 0.023079017 
446 37 8 10 0.023051705 
560 163 14 21 0.02292929 
399 149 11 14 0.022716444 
496 56 9 11 0.022672767 
544 95 9 11 0.02265964 
71 88 8 9 0.022647273 
331 92 12 15 0.022622367 
689 29 9 12 0.022610877 
789 153 16 20 0.022608455 
811 131 15 20 0.02258759 
962 93 15 18 0.022426816 
498 104 18 26 0.022415001 
615 48 7 9 0.02239067 
720 89 14 18 0.022381948 
437 68 9 12 0.022358812 
528 54 7 8 0.022323746 
412 150 10 13 0.022239707 
239 78 9 11 0.022208279 
396 158 16 19 0.02217704 
513 73 9 11 0.022113806 
647 146 9 13 0.022046197 
1010 133 13 20 0.02201388 
129 243 12 15 0.02200873 
523 144 13 18 0.02199734 
424 72 7 10 0.021927811 
542 112 9 11 0.021785786 
486 56 8 10 0.021701094 
613 155 26 31 0.021693604 
573 71 8 10 0.021693189 
573 247 16 22 0.021567564 
51 78 7 10 0.021566711 
688 52 11 13 0.021484733 
352 101 14 17 0.021398915 
804 129 14 20 0.021342754 
575 168 20 27 0.021325892 
646 164 14 21 0.021256205 
50 71 7 10 0.021213861 
565 94 9 11 0.020765053 
342 139 24 31 0.020664303 
446 32 8 10 0.020641029 
983 117 12 17 0.020572547 
219 98 15 18 0.020568259 
403 154 13 18 0.020482188 
151 156 12 16 0.020413302 
481 39 8 11 0.020411465 
497 14 8 10 0.02035803 
506 145 27 37 0.020269755 
566 154 25 32 0.020226106 
345 71 8 10 0.020207778 
985 128 39 55 0.020091314 
664 46 9 12 0.02008012 
