20_Family_Group_Family_Group_20_556
35
120 312 47 59 0.9992913 
672 254 36 48 0.99895966 
240 297 34 42 0.9988632 
412 357 49 57 0.9988391 
268 326 47 55 0.998516 
779 267 34 38 0.99817884 
504 280 38 48 0.9976017 
127 239 51 64 0.99747604 
351 316 34 39 0.997063 
431 255 45 61 0.99705327 
622 267 44 55 0.9963677 
180 233 40 54 0.9954373 
931 236 42 52 0.9942595 
603 432 42 49 0.9920513 
740 232 43 49 0.9895315 
729 355 43 54 0.98855865 
357 261 41 49 0.98739004 
208 492 42 51 0.9675913 
697 494 47 53 0.95297086 
244 557 45 57 0.9227329 
777 353 43 51 0.12082686 
62 324 42 57 0.053401906 
796 250 21 29 0.05158235 
760 251 38 45 0.043144353 
707 374 25 31 0.041315425 
739 313 36 40 0.03417794 
772 366 29 35 0.033048898 
588 418 29 37 0.03053909 
775 228 23 31 0.030175323 
247 304 46 52 0.027720455 
799 242 14 18 0.024390578 
782 230 14 18 0.023596184 
690 506 29 37 0.023152022 
761 231 29 39 0.020552004 
574 414 32 45 0.020491013 
