20_Family_Group_Family_Group_20_835
53
180 266 31 40 0.9990885 
741 267 38 49 0.97334903 
65 329 40 62 0.94389176 
2 277 30 57 0.73455113 
840 304 25 51 0.7072844 
764 283 32 43 0.2804355 
857 113 57 70 0.22608641 
800 119 12 15 0.17007972 
325 112 9 11 0.14608279 
575 413 32 37 0.12835215 
588 423 17 22 0.11578821 
706 333 18 22 0.10806489 
639 422 49 55 0.08089963 
154 309 28 39 0.07994076 
317 125 8 11 0.063963175 
313 120 10 12 0.053976752 
319 116 10 13 0.053806238 
798 82 96 115 0.051967017 
813 347 184 228 0.05028253 
519 408 12 16 0.0433966 
696 341 11 15 0.042038552 
828 381 52 70 0.041578967 
799 166 14 19 0.041277763 
0 328 25 55 0.039927077 
836 289 32 45 0.037188396 
-3 299 40 75 0.037022136 
518 636 9 12 0.036954302 
693 124 11 16 0.03600346 
830 123 11 13 0.03559288 
557 413 41 44 0.035563037 
754 263 37 43 0.03310846 
222 32 14 18 0.032731354 
845 82 89 116 0.030001141 
795 320 35 44 0.029008782 
670 515 55 73 0.027533874 
569 565 10 12 0.027455974 
594 436 52 54 0.027341502 
560 383 56 61 0.027130036 
834 389 90 116 0.025629783 
659 333 12 16 0.025113838 
640 387 46 57 0.023311405 
858 300 45 56 0.023276513 
829 117 10 13 0.023194935 
604 378 12 18 0.023126876 
53 308 66 103 0.02265867 
302 146 30 29 0.02250683 
796 163 25 31 0.022147905 
539 619 10 16 0.02056532 
370 558 16 20 0.020519987 
776 300 19 24 0.020417778 
532 574 10 11 0.020385316 
627 403 50 58 0.020214545 
835 125 10 13 0.020153744 
