20_Family_Group_Family_Group_20_914
84
814 162 29 37 0.99895537 
460 202 28 39 0.9982796 
591 230 25 32 0.9974935 
526 288 29 36 0.99677426 
861 171 27 34 0.9952809 
160 120 25 30 0.9946626 
143 170 26 32 0.993883 
232 194 26 33 0.9899011 
388 314 28 39 0.98614836 
631 228 22 27 0.9782177 
263 256 23 30 0.9602029 
602 368 26 31 0.88982016 
187 192 22 27 0.30520314 
502 287 16 22 0.2845486 
378 306 28 38 0.16510889 
378 302 16 23 0.16065782 
185 171 16 21 0.14519003 
403 315 27 38 0.1401949 
146 118 27 31 0.13164997 
589 209 14 18 0.12540667 
909 206 24 32 0.10814376 
137 230 25 31 0.09944331 
178 204 26 32 0.095876954 
366 314 194 274 0.09018271 
214 214 19 27 0.08737055 
514 319 17 23 0.08235029 
446 312 23 28 0.08157472 
182 179 22 29 0.07757051 
595 211 14 17 0.075765416 
140 123 19 22 0.07212411 
136 210 20 24 0.068746716 
623 285 26 32 0.06525313 
293 312 23 30 0.059824955 
177 219 25 31 0.057008207 
418 317 22 33 0.052680515 
181 234 16 20 0.050753698 
233 188 22 23 0.041436657 
429 294 13 19 0.04081587 
27 212 423 449 0.040544935 
423 285 23 31 0.039332796 
185 239 17 21 0.039214667 
717 218 18 20 0.037608154 
675 261 15 18 0.036036447 
420 328 25 39 0.03587393 
496 271 23 31 0.035539817 
580 385 16 18 0.034825373 
523 384 45 52 0.034500454 
833 199 24 27 0.0335995 
645 306 18 23 0.032964826 
111 288 29 36 0.032913093 
584 213 25 31 0.03286719 
88 170 13 17 0.032315943 
217 258 24 34 0.03203217 
621 269 22 27 0.031485375 
666 214 15 17 0.030513482 
426 315 16 20 0.029078638 
628 213 13 15 0.028783014 
435 310 22 29 0.028743034 
200 194 17 21 0.028495785 
598 302 22 30 0.028151253 
533 276 17 19 0.028004318 
861 158 14 16 0.027902843 
135 124 13 18 0.027390214 
676 228 14 20 0.027109265 
182 199 17 23 0.026124245 
985 144 30 39 0.026035547 
69 133 12 17 0.025692089 
516 280 17 22 0.025132488 
182 166 14 18 0.02507097 
635 303 18 23 0.024879588 
206 249 14 20 0.0238586 
148 156 14 18 0.023631442 
891 205 38 49 0.023395678 
579 224 16 24 0.023297315 
77 139 14 16 0.023162924 
162 101 14 15 0.02310862 
538 330 23 29 0.022273207 
326 242 349 398 0.021459399 
172 211 16 21 0.021125102 
508 277 33 43 0.021069909 
858 155 23 28 0.021011783 
585 375 23 27 0.020648032 
200 203 22 31 0.020608893 
644 192 15 18 0.020402338 
