20_Family_Group_Family_Group_20_1015
59
647 319 94 110 0.9992654 
519 346 83 108 0.998016 
379 280 73 102 0.9898024 
970 228 14 18 0.52642953 
425 189 13 16 0.34303278 
222 363 16 22 0.20697789 
783 268 12 15 0.15828441 
1003 276 15 21 0.15090297 
255 388 14 19 0.12662731 
264 340 25 29 0.11728598 
123 341 16 18 0.103579104 
270 378 12 15 0.08415403 
984 284 12 16 0.059092548 
435 200 18 22 0.056844015 
457 20 375 432 0.05678243 
462 324 55 68 0.053043775 
423 188 22 26 0.052666266 
267 463 14 18 0.052230645 
919 231 10 14 0.052024703 
232 367 16 20 0.047806934 
290 262 90 110 0.04438259 
224 363 28 35 0.043376405 
444 195 15 19 0.041639313 
257 433 12 17 0.041234303 
996 408 17 22 0.040771242 
258 379 22 28 0.038424965 
935 299 25 31 0.03666918 
1 260 39 72 0.036606573 
918 235 13 20 0.035824697 
957 256 11 12 0.035261516 
429 301 82 99 0.034561247 
334 263 90 114 0.033446644 
907 205 93 108 0.032325715 
999 189 11 12 0.031942263 
698 212 42 50 0.031899694 
252 414 11 14 0.03145009 
217 342 11 13 0.030223083 
804 289 16 19 0.029807756 
46 506 22 31 0.028595751 
988 253 11 14 0.02710615 
223 228 121 161 0.025692208 
222 374 14 19 0.025139302 
193 391 9 12 0.024892824 
177 423 8 10 0.02481845 
911 233 26 33 0.02433765 
999 336 12 17 0.022936711 
254 419 12 17 0.022908736 
564 77 211 301 0.022836661 
969 239 15 18 0.02252193 
320 265 31 39 0.022340575 
757 388 60 75 0.022068875 
783 268 19 25 0.021840177 
217 341 52 65 0.021609547 
982 233 11 16 0.021232154 
244 377 25 32 0.020946896 
219 347 13 15 0.02091627 
811 288 16 19 0.020888109 
988 244 12 17 0.020431813 
117 275 15 22 0.02016743 
