45_Balloonist_Balloonist_45_518
33
433 356 62 70 0.99922025 
411 99 74 96 0.9974049 
984 158 36 43 0.9969457 
500 77 82 96 0.9931108 
625 182 55 68 0.9907652 
796 178 23 34 0.9758303 
831 59 14 19 0.6638649 
225 25 51 79 0.21466081 
779 151 15 17 0.21397337 
4 76 55 63 0.14072119 
423 18 61 74 0.10442326 
0 39 32 66 0.098178536 
787 185 36 43 0.087036826 
346 362 37 46 0.08365117 
30 80 55 57 0.06419164 
79 53 29 52 0.063361704 
788 190 20 23 0.061153606 
206 88 29 31 0.05996708 
459 73 84 110 0.039496165 
506 -3 42 37 0.036330227 
0 219 9 15 0.03564154 
229 38 29 53 0.03454483 
171 2 39 39 0.03361724 
49 99 42 42 0.024568038 
168 1 23 20 0.02420812 
518 466 29 33 0.02370148 
0 225 11 23 0.023072222 
97 176 27 32 0.02277096 
-2 94 47 66 0.022194963 
118 160 15 17 0.021876695 
386 74 29 41 0.021380488 
153 120 42 54 0.021180019 
974 204 22 29 0.02001245 
