45_Balloonist_Balloonist_45_186
20
459 225 177 305 0.9989982 
944 515 18 20 0.3873312 
960 524 18 23 0.2291768 
462 664 466 404 0.18591285 
533 233 178 288 0.13314036 
584 843 158 131 0.05472313 
363 316 167 177 0.042233713 
573 739 276 264 0.039675668 
448 30 11 16 0.03509663 
365 200 340 434 0.034036092 
711 1238 12 13 0.025837319 
969 791 32 42 0.023851344 
113 270 467 529 0.02353594 
939 524 24 27 0.023353945 
609 884 149 159 0.02217373 
437 53 14 16 0.021785466 
689 627 39 46 0.021719947 
925 540 26 32 0.0210203 
437 48 11 13 0.021012962 
420 73 13 15 0.020242061 
