45_Balloonist_Balloonist_45_416
53
411 591 70 82 0.99730635 
483 1325 34 51 0.9671891 
112 1342 11 14 0.3098098 
646 702 32 38 0.23309298 
546 827 26 46 0.20411347 
414 1404 15 17 0.17528884 
403 911 54 73 0.1624505 
113 1347 13 16 0.14501293 
64 1391 11 13 0.13069358 
682 577 14 20 0.102176085 
323 1292 12 15 0.08168446 
166 74 109 103 0.07553148 
751 802 134 158 0.059784107 
262 1335 14 18 0.054299258 
533 849 26 38 0.054184217 
506 809 47 55 0.05308594 
96 1352 8 12 0.04149121 
78 1385 11 14 0.03896576 
641 548 14 17 0.03781509 
599 923 124 167 0.037768405 
521 638 45 58 0.03656544 
559 793 27 34 0.03642368 
441 797 29 42 0.035482302 
535 832 44 59 0.034888484 
553 861 33 44 0.03365539 
121 38 125 128 0.032543954 
551 804 48 59 0.031142939 
478 812 48 59 0.0301404 
623 731 29 42 0.029666968 
563 791 17 21 0.02947976 
263 1401 15 16 0.027951589 
644 558 12 18 0.027926933 
303 1373 10 11 0.027418576 
556 842 27 45 0.026425863 
670 569 26 35 0.026283955 
554 896 42 49 0.026206935 
562 787 43 54 0.026058229 
101 1348 11 15 0.024517396 
523 861 24 33 0.02321759 
321 1406 17 19 0.023086226 
529 815 31 42 0.023005884 
578 861 27 32 0.022589806 
437 798 48 64 0.022078115 
98 1354 13 17 0.022040239 
426 1406 11 14 0.02180536 
582 788 14 18 0.02174592 
109 1337 18 23 0.021601567 
578 793 26 34 0.020995209 
445 1396 9 12 0.020930367 
643 461 18 24 0.020870512 
716 1143 37 36 0.020823162 
393 948 28 36 0.020723773 
506 954 40 50 0.020374697 
