45_Balloonist_Balloonist_45_273
142
709 206 56 75 0.99929464 
427 39 33 40 0.9992084 
720 301 109 159 0.9990527 
376 159 29 34 0.9986864 
465 160 38 46 0.997598 
107 314 72 85 0.9975381 
123 169 64 82 0.99289674 
627 198 43 58 0.96439224 
868 103 15 21 0.95931923 
818 122 15 17 0.68202806 
163 208 40 48 0.6349064 
360 183 22 31 0.30299994 
740 100 14 18 0.21794955 
202 121 16 19 0.20134757 
285 282 27 32 0.19666667 
857 177 19 24 0.19264475 
609 228 12 15 0.16791725 
766 155 38 52 0.13766767 
732 106 18 21 0.12703253 
957 203 16 22 0.12483586 
340 337 13 18 0.121012084 
777 162 17 24 0.120041266 
661 167 17 21 0.109227546 
580 136 13 16 0.105343275 
608 233 15 21 0.100877956 
279 198 11 14 0.100620024 
197 125 25 30 0.09550371 
543 212 16 19 0.08852359 
567 378 135 142 0.087036796 
563 136 15 20 0.086340785 
944 148 19 22 0.085223846 
573 137 16 19 0.0805355 
984 221 11 13 0.07986702 
607 134 12 15 0.07982774 
733 96 15 18 0.07762178 
558 208 22 29 0.07757742 
607 219 19 28 0.07582735 
49 219 32 47 0.07506101 
598 150 12 16 0.07291504 
722 138 18 22 0.06716934 
939 198 13 16 0.06678656 
722 163 25 29 0.06351421 
814 127 17 20 0.060738936 
873 107 17 23 0.058405835 
788 153 12 17 0.05467464 
980 123 22 24 0.05393542 
419 166 19 22 0.05295685 
602 205 28 36 0.052008472 
377 126 12 16 0.051826134 
994 130 14 17 0.05096459 
872 212 19 23 0.05063639 
283 263 38 45 0.050100207 
789 168 15 20 0.049145263 
379 354 23 29 0.04810042 
148 7 48 58 0.04794311 
806 130 22 27 0.047519997 
852 173 18 21 0.04621149 
238 546 74 66 0.04557211 
616 202 31 43 0.04524957 
405 313 12 13 0.04386902 
738 103 21 28 0.04328399 
836 154 14 16 0.042908292 
820 108 14 16 0.0423988 
268 227 11 14 0.041680183 
586 139 13 16 0.040036116 
951 207 28 37 0.03974007 
779 145 21 27 0.03889579 
786 136 16 22 0.038752217 
237 133 11 13 0.03811223 
397 284 16 19 0.038009856 
793 134 20 25 0.037712976 
959 518 56 67 0.03747567 
963 198 15 19 0.036882333 
486 315 34 35 0.036353357 
631 141 11 14 0.036231976 
248 520 118 112 0.03622806 
605 311 26 32 0.0354744 
581 285 27 35 0.034708705 
604 318 154 193 0.03468954 
983 211 13 16 0.034624245 
865 181 16 21 0.034614332 
487 130 14 17 0.033375084 
460 398 66 84 0.033035412 
667 158 13 16 0.032626394 
953 208 14 20 0.032437786 
253 242 27 31 0.031173764 
839 144 14 18 0.03070708 
772 133 15 20 0.030304657 
953 153 16 19 0.02939501 
291 278 15 19 0.027473839 
211 135 26 32 0.02718351 
829 155 16 18 0.02696858 
274 276 28 35 0.02691694 
806 138 13 16 0.026808554 
259 249 17 20 0.026105298 
788 126 12 15 0.025639579 
337 134 11 14 0.025559228 
298 283 16 19 0.025478732 
602 147 14 17 0.025122134 
230 139 12 16 0.024893567 
270 214 10 13 0.024853757 
517 120 13 17 0.024625845 
827 129 12 18 0.024479153 
613 126 13 16 0.024342386 
375 128 23 29 0.024252297 
276 251 12 15 0.024250617 
723 149 26 32 0.024158046 
802 110 23 29 0.023614708 
171 160 24 31 0.023566328 
548 399 31 43 0.0234915 
641 165 10 14 0.023367394 
886 513 136 131 0.02332467 
468 370 110 142 0.023293098 
987 203 15 22 0.023223693 
865 171 16 20 0.0230807 
725 120 15 19 0.023020873 
846 178 16 20 0.022709489 
413 214 494 474 0.022640692 
606 130 20 24 0.022631554 
165 87 425 439 0.022612689 
332 227 16 17 0.022569448 
309 274 12 16 0.022387214 
606 126 12 17 0.022161918 
223 146 15 19 0.022136645 
995 200 24 31 0.022066899 
773 155 18 23 0.022055019 
394 269 15 15 0.022038447 
248 257 39 48 0.021455374 
805 211 36 49 0.021301353 
727 112 23 30 0.021261944 
351 247 11 13 0.020944458 
348 274 15 19 0.020910203 
366 166 25 31 0.020779472 
247 157 11 13 0.02060503 
843 132 14 19 0.02055566 
268 248 15 19 0.020546628 
279 212 12 13 0.020521492 
988 227 11 13 0.020330882 
263 224 22 31 0.020295223 
669 151 9 12 0.020235425 
590 146 14 17 0.020029226 
842 150 16 20 0.02000741 
