45_Balloonist_Balloonist_45_118
40
529 205 51 65 0.99786013 
202 282 60 98 0.9958311 
712 78 70 100 0.98731065 
449 262 57 81 0.98668206 
374 346 48 84 0.9283316 
335 215 76 108 0.7659998 
851 147 41 46 0.7481037 
500 96 16 22 0.38566694 
649 202 19 34 0.15536839 
955 383 17 22 0.10442661 
838 499 56 62 0.09652225 
662 230 27 30 0.08954918 
914 205 11 14 0.08726297 
432 233 59 84 0.077524744 
312 334 74 102 0.06990935 
380 228 75 103 0.062297784 
929 447 30 45 0.05875584 
288 339 63 92 0.04648723 
856 131 33 42 0.04257412 
593 319 57 57 0.034538113 
498 97 27 34 0.03441165 
871 152 31 43 0.034288146 
860 465 50 54 0.0338412 
550 102 12 15 0.031477075 
975 285 37 44 0.02935243 
205 74 17 21 0.02861259 
533 541 28 35 0.028339813 
827 480 52 64 0.027861597 
538 109 40 52 0.025081217 
187 93 12 15 0.024692098 
539 112 25 32 0.02405473 
658 212 18 25 0.023155157 
573 304 94 95 0.023062015 
550 104 24 33 0.02182749 
853 115 32 40 0.021786563 
702 454 56 79 0.021647828 
671 50 44 57 0.021179562 
844 489 42 37 0.021000046 
518 140 24 31 0.020451758 
246 295 92 119 0.02027593 
