45_Balloonist_Balloonist_45_838
73
726 372 38 47 0.9992899 
690 226 25 32 0.9992704 
787 314 31 39 0.9992692 
276 333 32 37 0.99877864 
907 359 35 41 0.99870026 
491 349 32 37 0.9984863 
650 251 29 32 0.9981365 
590 238 24 31 0.9976941 
459 381 34 44 0.9976419 
124 371 39 47 0.99744344 
537 236 27 36 0.9973671 
188 310 32 37 0.9968953 
831 350 36 45 0.9965899 
641 346 30 34 0.99653447 
462 222 30 38 0.99624145 
606 377 40 54 0.9957137 
711 338 31 40 0.99454194 
731 234 26 31 0.9939375 
189 382 33 41 0.99393266 
351 391 34 39 0.9938372 
840 304 30 35 0.99338347 
526 384 31 38 0.99322975 
458 281 27 32 0.9927932 
487 285 28 34 0.9925649 
279 300 30 34 0.99021435 
278 211 26 34 0.98978126 
234 380 42 54 0.9803427 
179 243 38 43 0.97729677 
567 367 29 37 0.97713554 
409 348 26 35 0.9766063 
763 281 29 31 0.9757538 
820 239 25 30 0.9584714 
34 221 17 21 0.8932016 
200 231 26 32 0.7158623 
240 346 26 29 0.60991466 
650 392 30 36 0.5058092 
989 507 30 45 0.28069904 
858 279 23 29 0.1923208 
463 192 20 21 0.14759712 
129 297 31 41 0.10605579 
265 290 16 20 0.08086945 
861 274 17 22 0.077999905 
176 411 15 21 0.07457326 
472 279 34 41 0.059890497 
850 287 30 37 0.05717134 
370 289 12 16 0.05558221 
869 282 27 31 0.049496405 
885 291 26 34 0.044374235 
3 220 12 18 0.04362146 
444 321 18 23 0.043203816 
432 435 22 27 0.042081233 
580 379 27 43 0.041964713 
460 208 29 35 0.040731017 
274 310 39 49 0.038214125 
467 183 16 19 0.033247024 
248 341 17 20 0.032338377 
830 295 28 36 0.032185853 
307 289 16 21 0.032100055 
589 393 26 36 0.031798 
397 357 24 33 0.030507613 
296 287 25 30 0.029103473 
481 322 24 31 0.028483432 
888 13 129 131 0.026927942 
421 433 18 20 0.025733074 
829 241 26 34 0.025525836 
354 293 12 15 0.025227318 
237 355 32 39 0.02521799 
661 385 28 38 0.024657568 
175 264 44 52 0.024471741 
562 391 27 34 0.024326677 
415 431 42 46 0.023750486 
852 289 19 22 0.021610424 
437 309 21 29 0.021578567 
