45_Balloonist_Balloonist_45_692
125
814 733 37 34 0.9933589 
949 719 11 14 0.6674187 
974 731 17 22 0.35357472 
927 713 11 14 0.3432209 
622 162 24 25 0.27436802 
660 169 28 28 0.24603607 
221 733 10 13 0.17084879 
40 720 9 11 0.1602011 
195 156 365 484 0.14830795 
452 733 29 31 0.12925899 
1000 722 16 19 0.12209595 
46 723 9 13 0.12111587 
1 718 8 12 0.118807465 
902 718 13 15 0.11530978 
199 725 10 13 0.10540431 
906 704 13 17 0.10487971 
230 734 10 12 0.103802375 
613 154 25 30 0.09367987 
206 726 9 12 0.088086106 
38 724 9 12 0.086102806 
898 700 22 27 0.08343997 
365 719 10 12 0.07769205 
188 723 12 13 0.07596926 
162 717 14 16 0.07387274 
160 41 53 78 0.07067189 
384 727 8 10 0.06998228 
150 744 16 18 0.06549182 
505 704 8 11 0.06518919 
34 720 8 10 0.0642551 
1 723 9 14 0.054507934 
616 734 10 12 0.052880436 
13 727 9 12 0.052762546 
982 721 22 28 0.05257951 
702 719 12 15 0.051660743 
224 728 10 12 0.051604055 
405 743 11 14 0.051091038 
232 739 10 12 0.049869247 
922 714 11 13 0.048777428 
944 721 12 15 0.04875712 
921 708 10 15 0.04873026 
149 728 22 26 0.048273552 
805 418 116 139 0.04687401 
386 712 8 10 0.046854112 
230 728 9 12 0.045885656 
598 727 8 10 0.044746064 
238 750 9 11 0.04465238 
617 139 23 27 0.04375989 
6 725 10 11 0.0424102 
698 177 30 29 0.041878268 
553 723 10 12 0.041247502 
613 148 15 19 0.0394965 
83 720 15 17 0.03913925 
104 734 12 15 0.038977463 
183 725 13 16 0.03872881 
648 162 56 49 0.03865607 
392 731 12 14 0.03865296 
879 719 10 13 0.03799659 
6 720 8 10 0.037530083 
181 732 12 14 0.035708643 
91 732 13 15 0.035516188 
895 722 12 16 0.03537044 
416 711 9 10 0.035354435 
500 748 15 17 0.034557633 
879 724 11 16 0.034208555 
556 720 10 12 0.0335523 
894 709 22 28 0.03344864 
233 751 11 13 0.033363983 
604 164 26 30 0.033359505 
937 693 10 12 0.033041496 
679 184 33 34 0.032939304 
607 149 12 17 0.03243801 
375 725 9 10 0.032395873 
63 717 9 12 0.032052737 
633 160 26 29 0.031863403 
238 728 9 9 0.03146386 
681 740 10 13 0.031070292 
454 726 12 13 0.030781316 
879 708 10 13 0.030231303 
72 723 9 12 0.029443394 
78 720 13 15 0.029245498 
781 389 100 124 0.028911645 
895 705 14 18 0.028091526 
979 743 16 20 0.027996205 
577 727 9 10 0.027448006 
390 727 11 13 0.027126873 
196 719 11 15 0.026590781 
796 706 13 16 0.02624376 
893 731 11 14 0.025846394 
488 728 8 10 0.025804216 
606 160 17 22 0.025628148 
38 751 12 14 0.025626186 
760 700 49 52 0.025522782 
321 157 33 43 0.025303131 
11 739 13 18 0.025178151 
886 706 11 15 0.02472231 
1003 737 16 19 0.024260255 
398 741 13 15 0.024207383 
154 717 23 28 0.024159191 
52 724 9 13 0.023823593 
916 701 11 16 0.023774263 
57 711 8 12 0.023645332 
926 705 18 23 0.023608323 
616 717 7 9 0.02312639 
235 734 10 12 0.023071222 
782 414 57 70 0.022773826 
664 177 30 33 0.02275577 
55 717 9 13 0.022384511 
220 750 10 11 0.022284577 
417 716 10 13 0.022273604 
991 730 26 29 0.022053832 
460 724 14 16 0.0218639 
461 719 10 12 0.02185382 
627 141 95 97 0.02161407 
236 742 11 12 0.02155901 
986 754 14 15 0.021291098 
199 730 11 14 0.021123486 
65 725 9 11 0.021027597 
371 718 11 13 0.020815443 
646 171 32 36 0.020750113 
46 751 11 13 0.020654941 
183 718 14 15 0.020518146 
953 721 13 16 0.020491425 
599 155 11 15 0.02046919 
474 737 15 20 0.020424107 
172 750 11 13 0.020099116 
