45_Balloonist_Balloonist_45_531
32
816 453 8 11 0.113573276 
355 153 41 41 0.106571496 
909 488 10 14 0.07529054 
647 201 30 36 0.06120913 
798 469 12 15 0.05908865 
334 135 55 64 0.05177902 
758 417 7 9 0.05034661 
871 440 7 10 0.049450647 
701 436 12 13 0.045121443 
770 177 15 19 0.043577302 
816 458 9 12 0.043317873 
263 133 83 115 0.039838865 
923 510 11 14 0.037616007 
830 480 10 12 0.032187205 
36 54 18 20 0.032155007 
890 500 11 13 0.030625861 
511 128 62 58 0.030495696 
317 117 53 65 0.029904498 
655 391 10 11 0.02938744 
567 14 13 17 0.029050946 
301 24 58 69 0.028855823 
553 4 14 15 0.026846722 
718 447 8 10 0.02571909 
937 496 10 12 0.024194434 
797 465 10 12 0.02410438 
810 452 10 13 0.02245286 
708 62 198 260 0.021668682 
304 140 83 97 0.021649605 
-12 246 207 312 0.021210672 
730 144 18 22 0.020944597 
294 159 27 37 0.020798158 
642 55 17 20 0.020149194 
