45_Balloonist_Balloonist_45_434
19
585 62 162 262 0.99375254 
474 280 38 44 0.40063074 
451 308 23 30 0.18094185 
390 308 38 37 0.17778029 
137 319 233 202 0.094321005 
465 291 28 38 0.089335494 
475 298 33 43 0.07328936 
473 289 19 24 0.044627033 
465 321 36 44 0.04407302 
531 253 388 484 0.04134462 
446 317 31 36 0.03367091 
496 287 18 22 0.03344212 
198 194 356 471 0.03270172 
456 330 30 39 0.027058484 
467 334 48 58 0.02610603 
451 296 46 52 0.025980622 
707 94 416 433 0.02361598 
743 198 256 246 0.022143163 
237 286 196 276 0.022032006 
