45_Balloonist_Balloonist_45_1028
134
317 634 21 32 0.8724815 
582 607 10 12 0.56361306 
16 621 22 32 0.4456385 
96 662 12 15 0.40445846 
460 575 43 50 0.3741811 
489 194 59 73 0.33736035 
387 625 17 21 0.29560876 
372 546 17 22 0.24324004 
3 570 12 15 0.2256148 
36 588 10 13 0.21623571 
155 636 20 26 0.18078132 
6 604 10 15 0.17283832 
23 628 25 30 0.15546092 
560 626 12 14 0.15145774 
369 636 11 12 0.14225699 
351 546 13 20 0.1240272 
53 588 13 16 0.12313162 
994 543 9 12 0.119773164 
13 598 12 17 0.11926181 
95 590 9 11 0.11442065 
591 613 10 13 0.10420899 
656 603 9 13 0.10070419 
12 625 15 21 0.097504385 
576 612 10 13 0.09261937 
574 622 10 13 0.089793354 
834 522 16 23 0.08857898 
64 640 10 12 0.0878243 
61 590 10 12 0.073084705 
996 544 13 16 0.072899275 
422 561 11 13 0.067481644 
668 381 13 16 0.06696712 
588 607 10 13 0.06608395 
0 598 8 13 0.06563601 
565 623 12 15 0.06406047 
21 598 11 14 0.05587959 
1004 549 12 14 0.055490818 
527 614 10 13 0.054671418 
765 532 13 14 0.053816393 
387 634 16 23 0.053227305 
624 644 12 13 0.052292664 
8 629 12 15 0.051514935 
69 597 9 12 0.050738227 
408 537 13 17 0.050110128 
4 598 18 26 0.04894203 
722 518 25 26 0.04650152 
312 640 15 23 0.04625167 
340 660 10 13 0.04458056 
370 550 27 28 0.04425146 
229 673 14 16 0.043068197 
870 515 16 20 0.042645082 
408 495 10 13 0.04239285 
532 615 9 12 0.042390123 
606 645 11 12 0.04134437 
420 594 10 13 0.04076031 
46 588 14 16 0.040758263 
96 595 9 11 0.040191516 
69 591 9 12 0.03988188 
328 640 15 20 0.03944493 
96 584 9 11 0.039078075 
327 672 13 17 0.03859987 
343 611 12 16 0.037314948 
122 600 7 9 0.03707586 
112 583 8 9 0.03650979 
9 605 22 32 0.035847325 
510 68 25 30 0.0357545 
350 539 24 31 0.035409056 
616 582 10 13 0.035397843 
341 532 10 15 0.034576934 
777 529 40 45 0.034292284 
90 661 20 25 0.034284092 
195 562 16 20 0.03386208 
583 619 12 16 0.033422016 
69 568 9 11 0.032447916 
0 610 10 16 0.030772416 
361 540 23 30 0.030105747 
367 625 22 27 0.029920135 
79 599 8 11 0.029284913 
66 603 11 13 0.029232087 
499 627 17 24 0.029063834 
631 556 11 14 0.028979905 
580 602 19 23 0.028863996 
80 583 8 10 0.0286471 
601 595 12 15 0.028561838 
47 604 11 13 0.02853622 
689 590 10 13 0.028532265 
817 521 24 39 0.028351592 
697 612 9 12 0.028074183 
108 245 200 274 0.027981231 
90 592 8 10 0.027930317 
614 645 9 12 0.027640132 
88 597 8 12 0.027530923 
1000 536 10 13 0.027523762 
590 618 13 17 0.027140321 
430 526 14 18 0.026797354 
81 646 10 13 0.026771877 
36 593 11 14 0.026759231 
325 631 14 19 0.02668272 
-1 591 8 13 0.026418006 
695 620 11 16 0.02637609 
645 590 9 11 0.026158713 
392 620 16 20 0.026140897 
13 591 11 14 0.02548288 
0 637 8 12 0.025480455 
68 644 10 12 0.025367817 
700 555 95 116 0.025355756 
101 598 8 10 0.025147084 
282 670 13 16 0.025071908 
23 573 10 13 0.0243238 
521 614 12 15 0.024254145 
530 591 8 10 0.024113018 
303 629 37 46 0.02373092 
37 485 8 10 0.023570405 
31 605 11 12 0.023201343 
352 650 12 16 0.023117902 
622 627 15 17 0.022880627 
405 610 11 15 0.022698479 
220 596 13 19 0.022697778 
585 613 21 29 0.022662899 
114 589 7 10 0.022656837 
400 641 23 28 0.022418784 
344 478 33 36 0.022266231 
229 645 10 15 0.02221757 
964 588 14 17 0.02220438 
624 603 10 12 0.022101589 
564 597 11 14 0.021713361 
1014 539 10 15 0.021712987 
468 600 32 37 0.021477744 
681 614 11 13 0.021315182 
119 590 7 9 0.020861039 
516 209 38 43 0.020799467 
613 597 12 15 0.020708144 
387 608 24 30 0.020570442 
677 537 12 15 0.02047677 
565 647 22 33 0.020293301 
