16_Award_Ceremony_Awards_Ceremony_16_116
43
553 130 115 163 0.9998374 
396 167 123 183 0.9995284 
911 511 30 45 0.9744489 
844 480 20 25 0.37034947 
60 519 13 15 0.18448149 
923 503 42 52 0.17976558 
309 -2 51 45 0.14088298 
13 450 11 16 0.102521576 
173 467 13 16 0.08026219 
255 497 16 24 0.079539396 
0 649 13 22 0.07352535 
445 137 124 181 0.06041142 
720 827 64 77 0.060247846 
151 716 13 16 0.055416968 
78 506 19 21 0.05513464 
959 862 23 29 0.05447811 
460 28 47 58 0.049717773 
5 450 15 19 0.03913502 
872 525 14 18 0.03838078 
330 6 39 34 0.03631788 
946 499 43 58 0.032745175 
0 458 12 19 0.032532036 
132 611 14 18 0.03171384 
105 661 10 11 0.030301895 
987 741 30 36 0.029708838 
44 400 15 20 0.0271532 
93 622 13 17 0.026946273 
710 798 67 74 0.02684712 
129 555 17 21 0.02674868 
-3 296 403 481 0.026028596 
109 623 10 12 0.025147218 
0 457 20 35 0.025126902 
572 1259 55 90 0.023772435 
85 687 10 13 0.022236126 
876 518 11 14 0.02212812 
123 481 16 20 0.021845484 
0 627 8 13 0.021761743 
835 481 35 46 0.021685291 
95 654 8 9 0.021324689 
867 517 23 29 0.021182803 
10 444 22 32 0.021114402 
105 654 10 12 0.021092707 
86 47 12 13 0.020925397 
