16_Award_Ceremony_Awards_Ceremony_16_4
423
85 258 14 21 0.7081789 
40 262 10 13 0.6342221 
371 303 13 21 0.61091113 
15 252 12 16 0.56213164 
907 268 12 17 0.55830085 
381 281 11 14 0.5427358 
1007 273 17 33 0.4176234 
462 355 14 20 0.41128466 
766 338 21 37 0.39701033 
291 354 33 56 0.3853903 
823 282 13 19 0.37100923 
0 252 12 17 0.36187348 
322 305 23 27 0.3384248 
724 263 9 11 0.29189858 
556 275 14 19 0.28671098 
902 270 13 18 0.25880122 
67 340 27 42 0.25772646 
590 299 20 23 0.2576825 
639 299 13 19 0.23179613 
680 264 8 11 0.22558032 
274 279 9 11 0.22469348 
854 279 14 21 0.223416 
639 307 21 28 0.22297959 
463 254 8 12 0.22135064 
302 301 11 15 0.22097673 
217 276 10 11 0.21081349 
536 279 9 12 0.21049143 
950 261 25 31 0.20728704 
401 277 9 11 0.2003814 
807 277 12 16 0.19342856 
630 264 7 10 0.18800822 
727 309 12 16 0.17978999 
632 269 8 11 0.17901742 
0 298 24 42 0.1755077 
364 270 10 12 0.17478892 
696 301 10 13 0.17052919 
718 295 12 17 0.16826823 
241 280 10 11 0.16793981 
457 297 11 15 0.16671108 
682 285 12 15 0.15430221 
947 268 16 19 0.15248062 
5 247 10 13 0.14837518 
701 293 12 15 0.14539322 
256 278 11 13 0.14499435 
-1 288 22 31 0.14301984 
575 284 10 14 0.13399361 
224 332 29 34 0.1329582 
914 267 14 17 0.13176951 
177 278 9 10 0.12997387 
680 291 12 15 0.12957253 
657 271 7 10 0.1283746 
382 331 14 16 0.12516421 
712 264 8 10 0.12305709 
401 271 8 10 0.12136193 
753 264 9 11 0.117793374 
847 276 14 21 0.1125365 
438 284 9 12 0.11040286 
259 309 13 16 0.110229574 
736 264 9 11 0.105710894 
597 271 9 10 0.10417036 
361 275 10 12 0.10205016 
465 279 8 11 0.101098284 
859 285 15 20 0.09944681 
471 306 11 14 0.0989993 
649 305 17 24 0.09723969 
151 276 8 10 0.09476541 
213 299 13 17 0.094627 
293 301 15 18 0.09399095 
181 280 7 10 0.09192514 
783 271 9 12 0.090261176 
67 260 19 20 0.0886775 
446 284 10 13 0.08695992 
198 285 10 12 0.084489286 
220 300 11 16 0.084328204 
197 279 9 11 0.082243435 
732 286 11 13 0.08179616 
327 269 8 10 0.081169635 
456 280 8 11 0.0803284 
294 277 10 13 0.07979678 
257 273 8 10 0.07973596 
484 284 12 15 0.07929532 
394 255 8 10 0.0791056 
1 283 12 18 0.078337766 
15 295 24 33 0.07818482 
857 263 9 12 0.07704255 
434 283 9 12 0.07566196 
407 300 12 17 0.075552225 
306 299 13 18 0.074485675 
77 261 16 20 0.074454084 
383 264 8 9 0.07338674 
591 271 9 12 0.072976366 
662 271 8 10 0.072360925 
182 284 8 12 0.07097742 
828 279 11 17 0.070531815 
892 301 12 20 0.069760606 
191 285 9 12 0.068670206 
803 352 30 52 0.06600396 
771 288 14 19 0.06543164 
463 249 8 10 0.065169424 
470 270 9 11 0.0639577 
383 270 9 11 0.063730136 
198 270 9 10 0.06310669 
399 263 8 10 0.06306402 
741 268 9 10 0.062984176 
627 315 16 20 0.06273219 
832 263 8 11 0.06264689 
709 291 13 18 0.06254807 
393 263 7 9 0.062283095 
158 280 9 11 0.062088687 
361 262 8 11 0.061200704 
422 278 8 11 0.061038483 
454 382 13 16 0.060695548 
420 380 16 19 0.059653573 
359 255 8 10 0.059616845 
854 268 14 19 0.05953608 
112 308 27 31 0.05938545 
788 276 13 15 0.058458913 
285 275 12 15 0.058368493 
565 255 8 11 0.057938773 
563 275 11 16 0.056890886 
60 259 18 20 0.05666897 
335 279 10 12 0.055910442 
3 313 28 50 0.05499245 
815 269 9 14 0.054675233 
744 246 9 11 0.0546537 
680 280 10 12 0.05456509 
757 266 11 12 0.054222763 
636 271 9 11 0.053376883 
456 268 9 11 0.05332455 
22 301 23 36 0.053005826 
312 280 9 12 0.052998897 
457 247 8 9 0.052632816 
924 344 28 31 0.05218645 
313 272 7 9 0.051332876 
797 276 14 17 0.05069872 
127 278 8 10 0.05067378 
596 275 11 13 0.050248027 
193 272 8 10 0.050069764 
54 259 12 18 0.04995033 
158 284 10 13 0.04994597 
200 265 7 10 0.049631715 
625 267 9 11 0.049268227 
286 300 15 17 0.049166217 
961 266 15 20 0.049075224 
275 280 13 16 0.049007144 
471 263 7 10 0.04809451 
87 314 36 52 0.048038676 
558 330 23 33 0.04796599 
457 261 9 11 0.047908936 
464 271 8 11 0.04777631 
813 280 13 19 0.047745485 
595 293 15 19 0.04753558 
374 271 9 10 0.0471228 
796 242 13 16 0.047046345 
674 263 8 10 0.04624157 
331 301 14 18 0.045882013 
37 256 19 24 0.04554532 
32 267 11 16 0.045490533 
360 284 10 13 0.045427594 
220 273 9 11 0.04404108 
741 294 10 13 0.0433763 
404 344 17 21 0.04323504 
458 255 9 12 0.04320504 
735 246 8 10 0.0427474 
705 264 8 12 0.04270784 
8 296 17 23 0.042628437 
342 269 7 9 0.04250341 
316 312 23 29 0.042409092 
393 247 9 10 0.042302813 
1 245 19 24 0.04228599 
442 238 8 11 0.04213238 
566 260 9 11 0.041929167 
310 330 14 18 0.041821767 
469 277 9 13 0.0418091 
415 283 10 13 0.041717812 
921 268 13 16 0.041258566 
616 287 10 13 0.0410179 
992 430 28 40 0.04073927 
165 309 12 16 0.040656615 
18 257 12 16 0.04059705 
214 284 12 14 0.040236726 
278 272 20 24 0.039979775 
773 304 14 18 0.03989331 
154 300 13 16 0.039843064 
367 293 9 12 0.03965013 
412 306 12 15 0.039606795 
190 291 9 13 0.039254744 
832 277 19 27 0.037860602 
631 275 9 12 0.037822276 
146 273 9 11 0.037774134 
672 256 7 9 0.03768736 
411 380 28 28 0.037636705 
603 296 14 20 0.03757409 
822 267 9 13 0.036859818 
205 287 9 12 0.036823995 
10 302 39 54 0.03678848 
156 294 12 14 0.0367846 
287 272 9 10 0.036748514 
484 372 11 14 0.036692135 
468 254 8 11 0.036118615 
567 270 10 13 0.035744235 
635 319 16 22 0.035688676 
208 347 41 50 0.03567426 
865 289 15 19 0.035535295 
375 256 8 10 0.035512798 
582 263 9 11 0.03510608 
328 265 8 9 0.035070043 
725 292 12 15 0.034831956 
644 294 14 19 0.03456417 
505 279 8 10 0.034464393 
725 301 13 16 0.034407258 
614 271 8 10 0.034111843 
386 337 14 18 0.03405796 
125 273 9 10 0.033981767 
520 287 9 11 0.033523627 
630 306 15 20 0.03350849 
34 262 10 13 0.033089347 
206 292 13 16 0.032955416 
718 257 19 24 0.03294597 
629 330 12 18 0.032866456 
424 297 12 17 0.03282071 
442 230 8 10 0.032805912 
897 272 13 18 0.032793436 
376 295 8 12 0.03274471 
199 289 12 15 0.032488614 
525 285 10 12 0.032427255 
127 292 13 15 0.03237451 
56 354 34 38 0.032305524 
413 229 8 10 0.032069217 
278 302 11 15 0.032038942 
566 301 12 16 0.03190831 
462 305 13 15 0.03181369 
198 307 12 16 0.03179265 
534 231 8 11 0.03176649 
858 273 22 27 0.031475987 
733 277 11 14 0.031324856 
537 238 8 10 0.031279612 
766 296 12 18 0.031275764 
261 273 8 9 0.031210206 
360 299 23 29 0.030936265 
333 294 12 14 0.030892579 
302 278 10 12 0.030891756 
35 268 17 21 0.0308461 
781 298 15 18 0.030564627 
847 307 13 17 0.03050802 
363 337 14 18 0.030473933 
204 290 21 27 0.03045199 
254 300 22 27 0.03032581 
719 275 11 13 0.030314865 
407 295 11 14 0.030269653 
700 306 13 18 0.030239636 
696 262 9 12 0.030141488 
727 278 10 13 0.030082414 
638 247 7 8 0.0299318 
904 264 10 16 0.029914122 
268 306 13 17 0.02984606 
76 326 36 55 0.02952203 
703 287 11 14 0.029337207 
361 379 39 51 0.029314125 
203 305 17 19 0.02908211 
119 377 37 41 0.029009912 
678 296 13 17 0.028921392 
381 322 15 19 0.028762022 
854 407 39 38 0.028689707 
244 281 12 15 0.028645134 
542 290 12 15 0.028613301 
441 244 8 10 0.028596153 
720 257 8 10 0.028542757 
272 274 9 10 0.028447233 
121 272 9 12 0.028437685 
541 238 8 10 0.028412856 
157 307 14 17 0.02833116 
480 279 10 13 0.028063836 
129 39 422 471 0.02788028 
337 265 7 10 0.027854517 
519 293 12 15 0.027745994 
358 247 7 9 0.027675113 
478 316 10 15 0.02755151 
743 240 8 10 0.027544202 
613 297 14 19 0.027533727 
430 354 14 19 0.027526276 
684 262 9 12 0.027498439 
377 263 8 9 0.027456976 
672 268 9 11 0.027330069 
855 289 22 27 0.027286626 
405 264 8 10 0.02711927 
776 286 21 25 0.027090624 
294 272 8 11 0.027023016 
169 278 8 10 0.02686592 
378 278 17 22 0.026862761 
595 285 15 18 0.02680114 
278 351 32 50 0.026782382 
573 269 10 13 0.026704894 
619 307 15 18 0.026689997 
466 296 19 24 0.026686763 
254 289 13 16 0.026608203 
326 293 12 15 0.026601542 
608 271 8 10 0.026481291 
366 287 10 12 0.026475005 
438 261 9 13 0.026432002 
422 284 10 13 0.026371056 
540 322 29 33 0.026336981 
727 256 8 10 0.026238102 
7 242 9 12 0.026215231 
22 267 12 15 0.026209906 
471 315 12 15 0.026070992 
427 375 12 16 0.02604873 
420 306 12 16 0.025881909 
884 239 13 16 0.02587616 
461 357 23 29 0.025870025 
733 301 11 16 0.025755882 
261 284 9 13 0.025747303 
750 300 10 14 0.025676534 
316 295 23 31 0.025608165 
389 362 24 30 0.02543974 
541 333 33 40 0.025322143 
112 276 11 12 0.02530246 
541 283 11 16 0.025282301 
294 339 29 37 0.02519507 
167 293 10 13 0.0251354 
19 246 11 15 0.025087759 
575 247 8 9 0.02499998 
349 284 10 12 0.02496331 
619 291 13 15 0.024952175 
365 263 8 11 0.024942193 
337 270 8 9 0.024784783 
748 245 10 12 0.024670878 
489 264 9 9 0.02459322 
741 284 12 14 0.024591919 
648 273 9 11 0.024539903 
317 285 10 12 0.024539663 
750 291 12 16 0.024510818 
455 240 8 10 0.024469523 
663 275 9 11 0.024413219 
487 385 12 15 0.024341863 
880 269 10 12 0.024287019 
626 256 8 10 0.024253858 
303 327 27 30 0.02424771 
629 285 10 15 0.024144119 
391 269 8 9 0.024117839 
232 326 19 20 0.02403811 
376 367 26 34 0.023945369 
151 306 12 16 0.023890544 
319 271 8 9 0.023886243 
298 363 42 58 0.023775145 
774 261 11 14 0.023716342 
241 273 8 9 0.023603547 
477 269 8 10 0.023595624 
338 306 13 19 0.023457967 
893 294 20 31 0.023420572 
400 307 11 14 0.023392534 
466 350 14 17 0.023230402 
476 308 10 15 0.023157585 
754 324 28 39 0.023095261 
470 282 10 14 0.0230416 
256 302 13 16 0.023001382 
270 290 12 16 0.022998655 
885 269 10 13 0.022935169 
575 262 9 12 0.02290195 
485 367 9 13 0.022861594 
470 247 8 11 0.022735126 
766 262 9 12 0.022716487 
773 300 25 28 0.022703724 
475 300 10 14 0.022556929 
614 309 24 31 0.022491341 
631 298 14 19 0.02247645 
200 313 13 16 0.022466237 
168 273 9 10 0.022452371 
741 300 12 15 0.02243659 
611 287 20 25 0.02238784 
174 273 10 11 0.022385428 
428 293 12 17 0.022371616 
742 276 11 14 0.022255909 
159 272 8 10 0.022253897 
176 282 12 15 0.022228573 
409 335 22 29 0.02217341 
718 305 15 20 0.022168083 
782 281 13 19 0.022143511 
569 247 8 10 0.022074716 
329 277 9 12 0.021940712 
360 291 12 15 0.021933049 
764 277 12 15 0.02192684 
900 320 14 18 0.02189714 
543 267 10 14 0.021877829 
632 247 8 9 0.021868045 
423 356 14 18 0.021864068 
288 272 20 24 0.021815076 
689 237 9 11 0.021778982 
568 290 12 16 0.02176355 
341 293 11 14 0.021762555 
439 267 8 12 0.021751018 
935 348 30 35 0.02168221 
184 291 10 13 0.021473182 
765 284 15 21 0.021464972 
585 269 10 15 0.02133699 
165 301 12 16 0.021285862 
630 291 12 15 0.021284163 
510 253 26 31 0.021281635 
366 256 8 10 0.021149354 
182 300 11 12 0.021124905 
276 296 21 27 0.021062855 
758 289 14 19 0.020996932 
526 347 38 41 0.020962749 
0 314 12 22 0.020940892 
371 307 21 27 0.020884387 
460 317 12 14 0.020866342 
764 268 10 13 0.02076603 
961 261 26 36 0.020757213 
775 345 37 50 0.020708308 
582 275 11 16 0.02069501 
310 292 12 17 0.020689078 
655 275 8 10 0.020579992 
412 292 13 17 0.020552393 
685 305 13 16 0.020446396 
205 270 8 10 0.02038692 
45 255 12 18 0.02037746 
413 224 8 10 0.020335559 
379 388 32 37 0.020292195 
148 293 21 27 0.02025709 
354 255 9 11 0.02022867 
135 358 46 60 0.020201718 
893 414 96 114 0.020194832 
762 291 22 30 0.020025097 
