16_Award_Ceremony_Awards_Ceremony_16_25
52
502 94 33 44 0.9987889 
440 122 33 43 0.99794906 
843 133 38 47 0.99721164 
650 137 38 47 0.99605995 
563 103 40 54 0.9957072 
225 118 39 49 0.9928762 
740 146 42 55 0.9903038 
929 153 42 54 0.98621213 
149 96 39 54 0.9859 
332 148 43 52 0.98317873 
60 102 44 52 0.96573156 
660 313 18 23 0.5207477 
429 429 10 13 0.12773134 
681 303 19 24 0.12316993 
929 356 27 30 0.12246858 
254 122 29 39 0.06481588 
430 425 8 11 0.064043045 
861 353 18 23 0.0506183 
733 386 14 18 0.045919728 
457 415 7 10 0.042989418 
670 306 24 28 0.040723827 
194 -2 17 19 0.030676134 
806 380 14 17 0.030339934 
426 425 9 11 0.030337239 
749 371 14 18 0.030030025 
466 432 7 9 0.029132549 
792 422 9 12 0.028186869 
488 381 7 10 0.028158402 
439 350 8 10 0.02702694 
759 348 11 13 0.027020613 
470 382 7 9 0.026275398 
486 400 7 10 0.0261524 
726 393 14 16 0.025928896 
792 467 16 18 0.025690028 
470 391 7 9 0.025408356 
814 404 10 13 0.02529299 
456 383 6 8 0.02506331 
168 50 37 48 0.024986777 
481 408 7 9 0.024767842 
470 375 8 10 0.024172178 
489 376 6 8 0.023842162 
513 376 8 10 0.023423227 
466 383 8 9 0.023367088 
214 81 22 29 0.023126723 
758 407 13 15 0.022512842 
651 281 43 53 0.022451652 
473 408 7 10 0.02243161 
535 136 24 30 0.022001637 
471 438 7 10 0.021808298 
184 249 29 42 0.021727405 
471 414 8 10 0.020576416 
471 424 7 10 0.020321747 
