16_Award_Ceremony_Awards_Ceremony_16_195
46
456 182 27 41 0.9972209 
532 210 31 38 0.97807616 
237 26 37 57 0.96928763 
597 236 25 37 0.9669986 
302 102 38 50 0.90002525 
672 271 14 21 0.3751706 
682 298 16 20 0.36238587 
870 279 14 21 0.29740387 
122 437 28 26 0.2489495 
355 115 51 66 0.12704645 
401 235 34 38 0.12673761 
424 366 20 32 0.10884104 
966 377 15 22 0.10133659 
231 400 15 20 0.08026935 
264 357 41 61 0.06232508 
573 261 28 33 0.06004825 
190 278 16 22 0.047826342 
660 291 11 15 0.04664281 
876 355 36 48 0.04404585 
270 330 19 28 0.043595262 
435 370 17 25 0.042533726 
586 246 27 34 0.040783215 
589 248 16 22 0.039914303 
677 349 13 17 0.038713917 
587 262 17 21 0.037628315 
930 245 15 24 0.035893876 
604 127 38 44 0.034436762 
571 272 16 19 0.033687066 
282 340 17 22 0.03249674 
627 247 23 33 0.029690629 
862 275 18 23 0.028652282 
803 348 24 33 0.028568136 
306 -2 31 35 0.026661985 
613 241 26 35 0.026284188 
352 0 61 62 0.025488578 
128 298 22 28 0.025484342 
710 310 9 10 0.02393124 
415 358 36 48 0.023883726 
870 282 26 37 0.023614975 
438 185 26 33 0.023373878 
555 218 14 21 0.022308461 
851 276 24 33 0.021710297 
951 10 14 17 0.021607993 
849 291 38 50 0.021490684 
139 433 16 19 0.020659745 
211 81 34 45 0.020461729 
