16_Award_Ceremony_Awards_Ceremony_16_73
354
260 122 35 46 0.9983298 
410 145 36 49 0.9979693 
316 73 33 38 0.9973489 
615 146 37 47 0.99099535 
266 78 18 23 0.9900109 
203 54 19 24 0.9860989 
91 72 17 23 0.98526275 
727 90 39 52 0.9819118 
640 79 17 22 0.9799392 
492 61 15 19 0.9645944 
720 40 18 23 0.9614724 
637 44 16 20 0.94411 
654 22 15 19 0.9424921 
563 29 17 20 0.9421789 
619 33 14 17 0.9185094 
603 20 13 17 0.9098074 
472 28 14 17 0.8723088 
593 71 16 21 0.863429 
533 68 13 17 0.856443 
686 25 13 18 0.83675146 
697 41 16 20 0.82877755 
866 37 13 19 0.8244904 
538 44 16 20 0.7995994 
568 76 16 19 0.7879441 
365 50 14 19 0.7831658 
608 59 16 20 0.7709543 
6 83 14 17 0.70317495 
990 0 14 18 0.7015078 
168 57 14 18 0.68767023 
701 1 14 16 0.67684776 
989 35 13 17 0.6587471 
240 58 14 17 0.64452326 
414 63 14 20 0.58408475 
904 113 21 31 0.5731437 
852 21 12 16 0.5636628 
345 37 10 13 0.55552316 
813 32 12 16 0.55259275 
624 73 15 19 0.53658783 
918 37 10 13 0.52545726 
458 58 18 22 0.5155232 
184 66 18 23 0.50934535 
889 36 12 15 0.507212 
771 0 13 15 0.4767081 
445 54 13 17 0.46947375 
656 64 14 17 0.4578923 
722 14 14 17 0.40051025 
973 20 11 15 0.38324723 
582 16 13 17 0.38143063 
749 38 14 19 0.37382546 
151 140 11 15 0.35360277 
142 56 16 22 0.3447676 
973 36 11 15 0.34168452 
22 80 16 20 0.33120516 
240 81 13 19 0.32778382 
571 50 13 17 0.31736532 
156 78 15 18 0.3145128 
836 36 11 15 0.30831856 
427 60 13 18 0.30021092 
508 0 13 14 0.2971666 
226 68 16 21 0.27918598 
1004 22 12 16 0.27137998 
431 80 15 19 0.27026883 
590 0 13 13 0.2609452 
584 45 12 15 0.25716257 
546 77 13 16 0.21661156 
39 77 10 13 0.20825355 
877 18 11 13 0.19616628 
548 1 14 17 0.1849989 
234 64 18 24 0.17871931 
492 29 11 14 0.17498781 
455 45 14 17 0.17189535 
15 64 11 13 0.16506484 
123 58 14 17 0.16282219 
421 58 15 23 0.15769768 
382 63 15 23 0.14515553 
389 33 11 15 0.14485934 
489 34 12 15 0.13916321 
785 38 11 14 0.13701032 
9 75 19 25 0.13632071 
792 539 27 28 0.13145891 
641 14 11 14 0.13038017 
833 42 11 14 0.12837155 
387 81 14 20 0.12806223 
588 49 11 13 0.12495659 
754 37 12 16 0.122839645 
741 6 11 13 0.11983142 
20 70 14 17 0.11901495 
494 23 11 13 0.11800533 
527 34 13 15 0.114629835 
456 38 12 15 0.11456886 
892 31 10 14 0.113637164 
805 62 9 11 0.105081126 
445 38 11 14 0.10499876 
446 52 21 26 0.10326112 
982 33 15 20 0.099726744 
151 73 15 22 0.09720977 
320 44 8 10 0.09654771 
845 125 10 14 0.0943447 
803 21 11 13 0.088764146 
672 51 13 18 0.087996975 
1001 76 11 14 0.08732472 
52 61 13 17 0.08704306 
132 57 20 25 0.08449574 
445 46 12 14 0.08272173 
627 81 15 18 0.08236592 
757 30 10 13 0.08211798 
347 61 15 19 0.0820824 
599 41 11 16 0.07935303 
699 8 15 18 0.078147136 
904 29 10 14 0.077801384 
1005 15 11 14 0.077653274 
517 60 13 16 0.07647898 
146 62 15 23 0.0754523 
788 43 10 13 0.07443394 
345 87 17 22 0.07416429 
500 23 11 14 0.07371229 
792 53 9 12 0.073417 
601 32 16 20 0.073288985 
758 -1 10 9 0.07302735 
800 69 9 12 0.07099461 
595 61 19 25 0.070510864 
386 70 16 23 0.07041562 
356 52 20 25 0.07012023 
970 24 16 22 0.069412954 
676 530 15 19 0.0693566 
424 52 12 17 0.0690387 
367 75 13 20 0.06841057 
822 54 8 10 0.06834891 
896 193 17 18 0.06679845 
532 37 16 20 0.06534758 
558 4 14 18 0.065223075 
51 64 21 26 0.06454645 
810 35 9 14 0.06351787 
334 65 24 35 0.06330553 
421 46 10 13 0.063237906 
360 23 8 11 0.06237781 
658 42 12 17 0.060313605 
804 70 9 11 0.057541706 
814 42 12 15 0.057291526 
543 1 12 14 0.057188746 
327 54 11 14 0.05578064 
913 43 10 14 0.05544343 
341 96 24 31 0.054629385 
815 0 10 9 0.053938158 
383 87 14 19 0.05387465 
81 56 18 21 0.053620823 
389 43 12 15 0.05344693 
585 11 15 19 0.052385207 
950 4 10 12 0.05202531 
893 60 10 12 0.051998135 
229 71 20 27 0.051196843 
456 33 10 12 0.05096923 
429 62 19 27 0.050557114 
536 0 9 11 0.050074756 
799 16 11 12 0.049971424 
647 21 14 17 0.049358472 
834 31 11 13 0.049077787 
854 37 11 14 0.048933107 
645 7 13 15 0.04892867 
478 59 12 16 0.04811988 
584 36 12 17 0.04782762 
171 61 16 22 0.04751194 
273 59 10 14 0.047473803 
488 22 12 14 0.047139995 
366 0 8 8 0.046532143 
443 64 15 21 0.046091855 
76 52 17 20 0.04589149 
838 1 10 11 0.04572956 
735 5 12 15 0.04564359 
699 17 14 17 0.045001935 
807 29 12 16 0.044820704 
976 54 9 13 0.044458773 
10 87 14 20 0.044388793 
342 0 7 9 0.04366929 
210 333 9 12 0.043216225 
558 54 11 15 0.04298907 
332 53 12 16 0.042803165 
758 51 11 14 0.042310853 
562 9 15 17 0.041985534 
533 136 14 17 0.04122496 
856 26 19 24 0.04108029 
793 59 9 13 0.04062778 
351 251 14 16 0.04059848 
431 0 9 8 0.040404245 
816 51 10 12 0.040151075 
344 22 9 11 0.0397311 
915 9 12 16 0.039527625 
5 96 15 19 0.039199732 
415 52 12 17 0.038933273 
106 80 14 18 0.0388284 
537 71 18 23 0.038511474 
325 0 9 10 0.038301032 
652 15 14 17 0.038208377 
437 58 13 19 0.038171284 
798 35 11 14 0.03808075 
334 80 26 35 0.03779336 
823 64 9 11 0.037527032 
374 75 19 27 0.037482884 
903 126 13 21 0.03733939 
527 62 12 16 0.037137665 
800 63 9 11 0.036845904 
367 28 9 12 0.036302228 
759 3 11 12 0.036255796 
847 38 10 13 0.035801735 
800 27 10 14 0.035546444 
360 0 9 9 0.03532321 
366 6 9 12 0.035256226 
599 15 14 17 0.03482154 
422 15 9 11 0.034733627 
8 67 12 14 0.03464667 
429 22 8 11 0.034575447 
453 12 12 14 0.03427782 
884 188 23 25 0.034043305 
911 51 10 15 0.033936102 
819 6 11 13 0.033725355 
391 22 8 11 0.033703595 
0 99 10 17 0.033583965 
424 21 9 11 0.03337077 
314 40 9 10 0.03326707 
461 3 9 11 0.033084955 
862 0 11 11 0.03302236 
781 22 10 12 0.03291787 
692 20 13 18 0.03288325 
550 27 15 18 0.032762803 
796 136 15 19 0.03258436 
784 50 11 13 0.032027468 
491 41 14 19 0.03184871 
43 75 12 17 0.031612683 
872 15 12 15 0.031491883 
367 12 9 11 0.031426813 
997 167 10 13 0.031357944 
820 0 9 9 0.031351496 
717 24 15 20 0.031309478 
799 55 9 11 0.031089718 
790 12 10 12 0.030865839 
407 61 14 19 0.030733671 
328 59 12 15 0.030623669 
699 29 14 19 0.03056279 
818 35 12 16 0.03053072 
676 110 16 21 0.030348357 
365 23 9 12 0.030299542 
438 0 9 9 0.03008706 
128 98 13 17 0.02996985 
610 22 13 16 0.029713167 
501 52 13 18 0.029523965 
880 7 10 12 0.029402196 
396 33 11 15 0.029365845 
597 197 13 16 0.029245717 
710 79 16 21 0.029105322 
285 6 9 10 0.028716905 
993 124 25 39 0.028617097 
623 90 14 16 0.028502611 
456 5 10 12 0.02846884 
370 54 15 21 0.028303042 
439 14 9 12 0.028122593 
700 33 19 25 0.028121142 
1001 59 9 11 0.027958492 
389 51 12 17 0.027805123 
896 117 24 37 0.027743619 
726 8 12 14 0.02761291 
487 54 16 20 0.027563522 
792 67 12 16 0.027534869 
735 1 10 11 0.027190661 
626 36 13 17 0.027041964 
374 65 14 22 0.026980054 
325 28 11 13 0.026891576 
393 65 15 19 0.026873995 
120 153 9 12 0.026610197 
509 20 11 15 0.02648859 
508 57 15 18 0.026454484 
805 -1 11 11 0.026303047 
903 1 10 11 0.02629901 
21 92 14 19 0.0260088 
2 83 11 16 0.02597509 
53 56 11 13 0.025875993 
589 30 11 14 0.025593802 
965 148 10 14 0.025400318 
913 6 10 13 0.025335973 
346 69 17 25 0.025274768 
156 143 11 15 0.025176372 
342 60 14 18 0.025153223 
915 125 16 23 0.02504129 
905 145 12 19 0.025029384 
733 10 12 16 0.025016291 
381 53 11 16 0.024819806 
894 24 9 11 0.024751201 
833 4 12 14 0.024574596 
841 63 9 11 0.024403442 
154 65 18 25 0.024397967 
250 71 21 26 0.024376824 
878 63 8 10 0.024205957 
423 7 9 10 0.024074152 
836 130 25 37 0.02400091 
145 135 19 24 0.023952926 
355 72 15 20 0.023943752 
28 149 26 28 0.023920806 
27 70 13 17 0.023854047 
440 138 24 36 0.023656817 
805 54 10 13 0.02351405 
978 20 12 16 0.02344621 
673 45 17 19 0.023419047 
394 81 14 19 0.023346864 
0 68 9 13 0.023210252 
603 43 14 17 0.023122877 
547 49 13 17 0.023105886 
70 56 16 20 0.02301536 
277 69 12 16 0.022841506 
567 54 14 19 0.022797834 
883 141 11 18 0.022779927 
279 2 8 9 0.022689244 
823 318 13 16 0.022565104 
858 20 12 15 0.022467766 
879 145 12 20 0.02216198 
342 4 8 11 0.02215117 
690 91 22 31 0.022048995 
778 27 11 14 0.021881646 
342 32 18 22 0.021789769 
903 135 21 32 0.021743769 
603 80 12 17 0.021720398 
868 0 10 10 0.021676108 
790 28 12 16 0.021551661 
486 13 11 15 0.02147946 
878 68 9 11 0.021403747 
647 72 18 22 0.02137597 
446 0 10 9 0.021297576 
584 2 14 16 0.021281281 
182 63 13 18 0.021236647 
657 49 18 24 0.021235857 
971 30 22 28 0.021150934 
889 60 9 11 0.021057822 
436 69 21 26 0.02103899 
909 29 12 16 0.020907857 
758 24 10 12 0.020879956 
156 55 18 25 0.020853305 
942 21 9 11 0.020810783 
815 23 10 13 0.020767929 
475 52 13 18 0.020656656 
532 30 13 17 0.020635162 
645 38 19 24 0.020535078 
903 108 13 18 0.02044716 
753 -8 23 23 0.020430148 
441 43 12 15 0.02041807 
749 6 10 12 0.020411765 
763 53 11 13 0.020394707 
282 74 14 18 0.020221323 
438 6 9 11 0.020159382 
845 61 9 12 0.020155355 
456 1 10 10 0.020149352 
651 5 12 15 0.020144703 
591 -1 19 20 0.020091267 
848 122 41 48 0.02009014 
376 7 9 10 0.02008251 
576 71 18 24 0.0200428 
1003 16 20 27 0.020012878 
