16_Award_Ceremony_Awards_Ceremony_16_143
163
269 312 418 540 0.9999639 
227 1400 32 38 0.8011459 
661 1390 12 16 0.45226625 
202 1397 15 18 0.27932844 
360 1378 13 15 0.21030359 
608 1380 11 15 0.19622639 
411 1405 27 34 0.1825765 
550 1395 14 19 0.15882584 
662 1398 11 16 0.15751593 
276 1396 25 32 0.14471899 
679 1399 14 19 0.14184025 
691 1399 16 22 0.116960175 
750 1365 10 13 0.11649546 
316 1371 11 13 0.114575885 
518 1442 26 34 0.11403834 
389 1372 13 15 0.09903085 
606 1412 11 14 0.09563604 
787 1375 15 20 0.09562097 
798 1382 16 24 0.09338538 
632 1410 10 13 0.08711709 
591 1382 13 17 0.0871104 
744 1365 9 12 0.08040399 
699 1401 16 21 0.075729236 
352 785 475 472 0.072105244 
905 1488 15 19 0.071483515 
782 1354 12 13 0.07101203 
655 1371 9 11 0.07008285 
468 1431 14 17 0.06993942 
102 803 526 408 0.06878515 
202 1398 23 29 0.068079464 
629 1394 11 15 0.06432651 
822 1392 12 15 0.062009815 
577 1396 10 13 0.05896748 
680 1397 24 28 0.057888538 
646 1417 14 17 0.057858586 
582 1388 10 13 0.050722353 
541 1395 14 18 0.049819276 
261 1398 29 38 0.04950903 
425 1416 15 20 0.049420957 
542 1419 15 17 0.048550755 
371 1396 10 13 0.04750152 
816 1396 13 17 0.045679454 
227 1371 15 17 0.045311533 
618 1489 16 18 0.04465763 
588 1483 11 15 0.042999614 
762 1376 16 20 0.042865 
459 1430 17 20 0.042337526 
600 1476 11 13 0.04207727 
558 1452 15 21 0.04161447 
555 1399 15 20 0.04138432 
170 1370 15 22 0.0410939 
533 1394 16 20 0.040913846 
759 1374 13 15 0.04034756 
587 1442 11 17 0.03989902 
248 1402 30 38 0.039539937 
894 1336 25 35 0.038928144 
421 1388 11 13 0.03870097 
722 1416 104 111 0.038520843 
564 1412 10 15 0.03781595 
641 1375 7 10 0.037519217 
326 1419 27 29 0.03749902 
897 1490 23 28 0.036698483 
326 1416 17 19 0.036553312 
610 1386 12 15 0.03637262 
580 1477 13 16 0.036323667 
667 1372 11 13 0.03560955 
157 1423 23 31 0.035416536 
590 1407 9 11 0.035298 
152 1364 24 29 0.03499227 
594 1376 21 28 0.034974605 
383 1383 12 14 0.03483626 
146 1366 17 21 0.03400796 
188 1385 24 30 0.03398078 
386 1374 10 12 0.03395874 
590 1419 11 15 0.033551265 
508 1436 13 19 0.03334828 
546 1412 13 17 0.033221416 
649 1372 8 11 0.033055924 
210 1397 13 17 0.032674707 
188 1466 14 16 0.032568477 
408 1390 9 10 0.032363363 
542 1489 18 21 0.03231581 
636 1411 12 16 0.032132436 
236 1373 12 15 0.032109436 
604 1453 12 16 0.032006998 
631 1420 10 13 0.031498667 
826 1397 14 18 0.031012457 
474 1428 14 19 0.030962273 
640 1418 12 16 0.030721936 
289 1400 15 23 0.030251341 
221 1368 25 28 0.030047301 
691 1404 93 109 0.029876791 
181 1379 23 31 0.029867359 
400 1400 10 12 0.02971113 
387 1378 14 16 0.029601563 
735 1400 15 21 0.029492099 
168 419 378 521 0.02924776 
772 1377 13 18 0.029218148 
399 1407 29 35 0.029109852 
805 1385 21 26 0.028763 
753 1450 56 57 0.028386267 
796 1435 16 23 0.028115746 
657 1382 11 14 0.02777948 
646 1398 9 12 0.027357684 
580 1469 10 13 0.027337568 
910 1415 16 22 0.027285233 
605 1448 11 13 0.027194967 
503 1437 23 31 0.027071288 
373 1381 12 14 0.02696773 
207 1396 56 63 0.026951835 
353 1390 11 16 0.026756715 
900 1392 12 17 0.026734132 
799 1404 12 15 0.02667641 
616 1434 10 13 0.02645539 
742 1370 11 15 0.026075048 
756 1366 11 15 0.025664223 
171 1372 23 31 0.025456203 
755 1456 27 37 0.025307877 
191 1483 14 16 0.025232073 
374 1374 9 11 0.025029594 
197 1390 15 18 0.02438342 
584 1383 10 13 0.02396652 
893 1493 14 19 0.023806449 
666 1395 12 17 0.023805203 
181 1434 11 16 0.023682063 
681 1392 41 52 0.023301322 
726 1433 15 20 0.023265924 
235 791 16 20 0.023135923 
559 1419 12 14 0.023006044 
518 1375 8 12 0.022964323 
782 1361 14 18 0.02277552 
613 1376 8 11 0.022695472 
692 1437 26 33 0.022624549 
190 1387 49 58 0.022473432 
583 1404 8 11 0.02230969 
573 1474 15 19 0.02229713 
617 1476 13 16 0.022166464 
592 1377 9 11 0.022152413 
176 1480 10 12 0.021985024 
597 1448 21 27 0.02176672 
502 651 539 421 0.021755604 
413 1405 15 18 0.021688676 
916 1449 17 25 0.021576734 
657 1403 11 14 0.021570096 
335 1423 29 34 0.021565223 
415 1388 11 12 0.02143387 
221 1375 15 18 0.021117626 
414 1399 12 13 0.020985138 
312 1367 21 26 0.020910036 
406 1399 10 12 0.020819051 
814 1393 24 30 0.020750461 
784 1436 11 14 0.020688195 
737 1365 9 12 0.020613734 
759 1458 13 20 0.020506533 
611 1419 11 14 0.02047979 
606 1393 13 16 0.020452606 
388 1367 21 23 0.02033475 
620 1430 12 15 0.020246357 
598 1420 11 14 0.020131348 
-30 340 431 452 0.020129351 
601 1406 10 14 0.02009893 
-67 776 471 487 0.020095577 
223 1460 15 16 0.02002129 
