16_Award_Ceremony_Awards_Ceremony_16_231
40
432 144 127 157 0.9999355 
559 99 115 161 0.99983454 
130 150 63 54 0.9964444 
39 143 41 53 0.9804047 
793 143 17 21 0.91783893 
714 137 17 20 0.90383184 
903 155 19 25 0.84008247 
298 131 17 25 0.69216657 
924 135 18 23 0.64394546 
87 114 17 22 0.42620218 
751 210 28 39 0.33465266 
738 159 19 24 0.33226842 
862 267 61 86 0.18854806 
997 185 16 23 0.12684081 
472 112 134 158 0.11568295 
918 119 12 15 0.09625774 
98 143 25 33 0.09243293 
931 141 15 19 0.07853092 
52 609 27 38 0.050772518 
916 122 22 28 0.047046997 
427 644 17 22 0.044197712 
923 202 21 32 0.044190295 
249 128 17 26 0.040581565 
786 175 24 29 0.040114705 
991 375 16 20 0.029237837 
127 138 38 46 0.028519299 
831 274 25 36 0.028405318 
293 131 27 43 0.027787479 
781 183 18 20 0.026692875 
796 178 22 28 0.02632274 
930 125 14 17 0.026314076 
787 171 16 20 0.02629262 
-3 583 44 74 0.02515469 
853 240 57 82 0.023495026 
871 236 14 18 0.023493499 
245 125 15 22 0.023095286 
714 220 32 37 0.022759235 
376 105 28 41 0.021802662 
926 197 14 20 0.021136021 
879 210 14 19 0.02103062 
