16_Award_Ceremony_Awards_Ceremony_16_422
47
287 198 376 503 0.9997857 
696 251 195 298 0.4844064 
853 1462 38 42 0.3404795 
735 330 116 152 0.33849403 
816 512 163 217 0.23470621 
407 1501 41 35 0.21356073 
490 694 438 554 0.11064103 
293 1207 440 491 0.09779374 
695 1303 27 32 0.07801897 
891 1334 49 59 0.074234664 
979 1365 34 46 0.06805219 
714 130 359 474 0.060795233 
802 1486 31 40 0.057368103 
996 1498 27 35 0.055782866 
918 1259 31 36 0.052975297 
791 1274 31 32 0.05191474 
873 1416 101 108 0.049658984 
658 1324 20 25 0.047861744 
367 1021 389 507 0.045731116 
905 1339 63 68 0.042172145 
889 1444 56 64 0.040421646 
926 1501 34 34 0.035805143 
746 1372 55 88 0.034703866 
836 1394 82 99 0.034691676 
838 1414 39 48 0.034418114 
181 795 408 561 0.033397336 
886 1343 34 42 0.032778293 
501 1503 42 34 0.028572055 
803 353 100 132 0.02797587 
967 1235 35 33 0.02723846 
766 410 182 270 0.026022937 
804 1492 17 22 0.025706988 
902 392 97 129 0.025402064 
938 1354 56 69 0.024371995 
612 1297 17 19 0.024297237 
841 420 108 118 0.024264134 
849 1471 56 52 0.022498103 
794 1462 49 69 0.022471515 
967 1342 52 76 0.022441838 
939 1384 40 44 0.022141937 
767 358 67 94 0.021719353 
927 1325 88 112 0.02109094 
859 1434 56 67 0.020723581 
743 1507 32 29 0.020713491 
128 421 393 470 0.02030054 
849 368 101 121 0.020294283 
961 1326 20 24 0.020224895 
