49_Greeting_peoplegreeting_49_759
20
130 930 369 474 0.7020677 
524 544 423 524 0.5831008 
90 548 486 461 0.36674434 
588 348 442 569 0.345684 
451 -2 593 595 0.26723707 
79 -95 431 432 0.22599626 
226 206 417 587 0.1801744 
438 746 379 433 0.16383341 
83 723 488 546 0.123270616 
679 122 468 551 0.120795 
253 -97 531 490 0.11489535 
893 971 151 275 0.05522437 
442 977 272 231 0.05121217 
921 932 116 195 0.046633217 
-75 374 413 544 0.04634753 
388 250 448 509 0.044514887 
72 1009 268 332 0.03483541 
812 1108 196 261 0.030406537 
484 890 408 435 0.022725783 
670 982 394 478 0.020881388 
