49_Greeting_peoplegreeting_49_923
45
388 146 58 75 0.9988263 
600 277 56 70 0.998767 
542 156 53 65 0.99826705 
656 70 58 88 0.99792886 
497 126 53 67 0.9895238 
521 138 52 70 0.23637937 
293 472 10 13 0.12791139 
703 431 55 89 0.08229908 
292 161 14 17 0.05845358 
809 80 45 57 0.05826977 
863 84 48 75 0.041690588 
392 310 9 11 0.039292313 
394 304 9 11 0.036490586 
165 382 25 35 0.03430983 
276 166 26 35 0.033655025 
373 640 25 37 0.03277867 
306 0 17 17 0.032711163 
409 353 10 11 0.0319027 
651 241 47 54 0.03153797 
459 348 11 14 0.031409632 
405 331 10 13 0.027919607 
506 220 40 47 0.027876351 
329 221 11 14 0.02776164 
424 396 9 9 0.027761433 
325 202 17 22 0.027714109 
386 384 7 10 0.025237603 
284 229 12 17 0.02474615 
230 75 13 18 0.024706503 
962 473 17 21 0.0246956 
282 397 40 52 0.024398696 
491 207 36 38 0.024390288 
333 209 13 17 0.023674209 
148 357 14 19 0.023559116 
748 424 57 86 0.02275095 
440 359 8 10 0.021801429 
230 70 11 15 0.021361252 
270 236 10 13 0.021319611 
165 387 15 22 0.0209414 
677 264 16 18 0.020747893 
613 150 33 45 0.020716634 
279 360 25 30 0.020690415 
271 174 11 16 0.02068828 
144 358 11 17 0.020259071 
291 167 17 22 0.020258453 
516 159 37 44 0.020045422 
