49_Greeting_peoplegreeting_49_920
42
236 170 91 137 0.99961084 
8 669 50 66 0.99494714 
469 302 73 93 0.9806024 
599 267 68 102 0.9514412 
568 604 57 89 0.93181235 
711 216 97 127 0.13321848 
986 611 38 67 0.09198462 
957 615 53 66 0.09118594 
1 518 33 70 0.09052327 
945 643 40 41 0.07739237 
663 190 34 47 0.076633364 
737 1027 55 66 0.05248168 
531 779 24 27 0.051800013 
346 723 73 59 0.04781099 
670 246 181 238 0.045585074 
917 769 25 34 0.04251084 
316 17 444 513 0.04141886 
749 330 124 146 0.03906383 
999 818 22 35 0.03587565 
336 712 45 33 0.035169967 
576 682 62 79 0.03429153 
919 770 14 18 0.029744003 
114 1100 143 207 0.029712478 
993 570 14 18 0.029599685 
727 257 112 146 0.028797025 
8 450 34 44 0.027479151 
670 607 79 133 0.02724924 
945 554 80 127 0.027233457 
408 250 34 38 0.026851235 
751 1004 59 76 0.0262004 
667 225 110 142 0.025530202 
595 607 98 108 0.024639932 
559 618 97 126 0.024087338 
1012 577 11 17 0.0237866 
366 288 34 36 0.022653125 
996 597 28 50 0.02254696 
568 299 49 84 0.021579307 
919 755 27 35 0.021275695 
654 206 84 109 0.02070883 
54 202 408 460 0.020390308 
971 821 33 41 0.020351024 
926 619 82 95 0.020325813 
