49_Greeting_peoplegreeting_49_50
33
327 202 66 84 0.99960715 
651 271 143 188 0.99841154 
352 118 59 75 0.9967019 
282 114 30 33 0.8868445 
229 612 144 110 0.797019 
961 181 38 73 0.707843 
981 202 38 73 0.48557365 
805 160 27 46 0.41371745 
194 630 126 118 0.15069151 
915 156 21 28 0.11167068 
189 570 197 212 0.087822326 
850 154 27 45 0.06314173 
398 129 32 45 0.04345241 
430 176 49 72 0.039408408 
168 214 17 21 0.039299235 
271 120 41 49 0.039056614 
808 143 44 57 0.037465796 
109 47 11 13 0.034224335 
438 730 48 40 0.033546224 
954 178 31 55 0.031924758 
108 197 13 16 0.031641744 
388 162 49 67 0.030727793 
275 118 24 23 0.02695827 
423 139 46 61 0.02694847 
225 171 88 111 0.025631597 
411 142 16 25 0.023444364 
416 145 83 114 0.02325454 
179 176 15 18 0.022591012 
146 286 198 258 0.022089245 
419 703 68 60 0.021045262 
430 740 35 27 0.020570094 
121 179 12 15 0.020326493 
115 102 13 15 0.02006318 
