5_Car_Accident_Accident_5_642
92
581 745 14 17 0.9447054 
59 672 13 17 0.84108126 
491 649 29 35 0.7828413 
540 747 10 13 0.73722875 
434 216 95 109 0.46982002 
493 617 14 19 0.39398116 
699 741 17 18 0.23698048 
477 717 12 16 0.18258184 
545 764 10 12 0.18176655 
475 708 13 16 0.11874671 
752 636 10 13 0.09865241 
635 763 16 19 0.091912694 
825 407 135 103 0.08769796 
49 699 17 20 0.082550175 
633 770 17 19 0.079015225 
557 816 17 22 0.07677825 
455 764 10 12 0.07662614 
500 631 22 28 0.06885659 
367 726 11 14 0.0645613 
637 753 15 18 0.06450626 
212 422 50 53 0.062368695 
520 735 9 11 0.056934245 
80 78 234 295 0.053168412 
534 764 8 11 0.049345955 
486 281 15 20 0.045361675 
589 642 10 12 0.045355454 
571 763 11 13 0.04494808 
792 1030 53 62 0.044880435 
695 773 12 14 0.044134397 
594 709 10 12 0.041666497 
550 761 9 11 0.04030453 
483 708 11 14 0.039841637 
199 869 30 35 0.038933557 
461 760 9 12 0.038489267 
541 758 11 13 0.038392916 
704 760 30 31 0.038209982 
169 994 32 38 0.038147084 
44 669 10 12 0.03762015 
276 581 439 475 0.03658273 
469 202 63 83 0.036365066 
66 676 12 15 0.036328126 
705 745 15 17 0.03532588 
569 704 9 11 0.034751642 
346 725 14 17 0.034630276 
599 790 46 54 0.034046467 
537 791 9 12 0.033805095 
265 731 15 18 0.033524726 
0 649 10 15 0.033163283 
527 759 10 12 0.032714996 
585 672 23 31 0.031573664 
614 759 9 11 0.031560775 
641 750 11 13 0.031368684 
428 243 12 15 0.030707799 
567 783 9 11 0.03005807 
633 749 11 13 0.029970687 
807 718 20 27 0.02932825 
529 764 9 11 0.029175295 
559 767 10 12 0.029007064 
494 632 14 16 0.02848999 
334 726 11 16 0.028298689 
32 603 184 236 0.02762064 
56 664 10 13 0.027142383 
407 619 9 11 0.026415296 
478 759 14 15 0.025982507 
415 623 8 9 0.02566559 
562 782 9 11 0.024218742 
357 732 12 15 0.023465084 
472 700 12 16 0.023411984 
609 759 8 10 0.023382718 
40 665 10 12 0.023277674 
480 639 28 37 0.02326003 
791 633 15 17 0.023245485 
486 629 12 16 0.023047602 
511 735 9 12 0.023006871 
574 722 12 14 0.022869691 
717 748 12 16 0.022828609 
391 235 52 63 0.022734543 
472 181 52 67 0.022548715 
359 725 11 15 0.022495484 
46 664 10 12 0.022383936 
709 769 17 18 0.022039473 
456 742 9 13 0.02145238 
491 261 15 15 0.021424802 
602 793 28 32 0.021245683 
336 717 9 12 0.02119816 
470 694 11 16 0.021141686 
473 723 11 14 0.021117168 
474 238 60 74 0.0209044 
592 715 11 13 0.020691257 
513 768 8 10 0.020620964 
452 718 10 13 0.0205317 
527 644 14 18 0.020167781 
