5_Car_Accident_Car_Crash_5_94
83
247 348 28 41 0.53300875 
517 291 12 15 0.47095627 
625 302 8 9 0.19636767 
265 355 29 34 0.16609132 
550 300 8 10 0.1547144 
629 302 7 10 0.13282986 
583 304 7 8 0.119185954 
454 308 10 13 0.09439456 
625 297 8 10 0.070016354 
589 317 8 10 0.06593016 
651 335 11 14 0.06444382 
607 311 8 9 0.06377554 
585 310 9 12 0.055105455 
524 286 12 15 0.051865537 
609 296 8 9 0.051650334 
535 278 9 11 0.05002472 
589 279 8 10 0.048958067 
576 287 8 10 0.048871253 
534 284 9 12 0.048402295 
545 295 10 12 0.0479686 
586 278 7 10 0.047381606 
748 513 91 99 0.042091765 
574 327 8 11 0.04206376 
569 295 8 10 0.039087187 
617 252 10 11 0.037483208 
549 286 9 10 0.036447056 
449 310 8 11 0.035158716 
441 271 94 117 0.034962762 
645 222 12 15 0.033300284 
93 325 22 28 0.032942947 
437 308 34 45 0.03260246 
544 285 9 12 0.032543626 
577 302 7 10 0.03252156 
234 355 32 40 0.032414865 
609 304 8 10 0.03186913 
574 295 8 10 0.031648315 
533 181 11 12 0.03154221 
764 342 17 19 0.03035564 
570 327 7 10 0.030349739 
582 108 9 10 0.029546808 
543 279 9 10 0.02932739 
608 327 8 9 0.029085241 
460 309 9 12 0.029018588 
653 367 9 12 0.028413909 
478 182 12 14 0.027519505 
514 287 10 14 0.027267216 
620 248 9 11 0.027216867 
560 263 8 9 0.027173785 
616 360 8 11 0.027133552 
606 246 9 11 0.02706059 
254 329 12 15 0.026978642 
601 264 8 9 0.026688669 
568 310 9 10 0.026376544 
606 318 8 10 0.026314063 
482 310 9 10 0.026301984 
615 303 6 9 0.026219543 
527 280 10 12 0.025729725 
449 383 27 31 0.025550075 
591 285 8 10 0.025431173 
567 302 9 10 0.024710938 
647 269 10 12 0.023373388 
584 272 9 10 0.022610968 
808 364 24 36 0.022529237 
560 279 8 10 0.022441994 
544 271 8 9 0.02227505 
629 296 7 10 0.022212151 
577 280 7 9 0.02199767 
367 318 9 11 0.021941867 
56 268 10 13 0.021926634 
245 358 17 24 0.021865496 
930 249 13 17 0.021368902 
590 272 8 10 0.021177003 
57 165 8 11 0.021174254 
526 387 14 17 0.021161212 
631 276 8 12 0.020923235 
197 350 15 19 0.020823916 
602 247 9 10 0.020814998 
311 303 8 10 0.020569978 
847 552 48 55 0.020460889 
613 309 8 10 0.020291334 
591 303 8 9 0.020211624 
801 245 13 18 0.020159636 
569 287 7 9 0.020037187 
