5_Car_Accident_Accident_5_234
459
657 487 21 27 0.9685157 
450 338 17 21 0.8429839 
581 537 17 21 0.7429006 
472 329 17 19 0.73971575 
885 289 12 14 0.7155863 
808 235 10 13 0.70853215 
867 352 15 18 0.6713246 
421 508 17 22 0.6379616 
417 402 18 20 0.6075995 
812 235 12 13 0.4977553 
806 315 18 20 0.48962107 
775 232 10 13 0.40249875 
800 257 13 16 0.38058856 
347 427 16 19 0.35646284 
852 191 13 18 0.35426113 
270 390 17 20 0.35316184 
226 410 15 17 0.3429007 
430 588 23 32 0.3405082 
380 318 10 14 0.33911896 
355 377 18 21 0.32094058 
598 564 20 28 0.31094992 
18 574 25 27 0.3085267 
414 316 11 14 0.30719694 
728 42 12 14 0.27325258 
410 347 13 16 0.27177498 
467 180 12 16 0.271465 
242 384 16 21 0.2635899 
163 421 20 29 0.25777948 
199 394 14 17 0.24187344 
783 293 13 18 0.22892408 
820 235 10 12 0.20331314 
496 167 8 10 0.178079 
343 335 11 13 0.1750111 
913 107 11 13 0.1694208 
868 268 13 17 0.16780132 
560 150 8 9 0.16591968 
791 103 10 11 0.16347301 
782 208 9 11 0.16166681 
822 545 43 48 0.14799337 
595 551 24 29 0.14696527 
774 192 8 11 0.1373451 
178 424 21 28 0.13432786 
792 187 11 13 0.1342229 
552 169 10 12 0.13122176 
341 286 11 13 0.13064231 
757 220 10 14 0.12663145 
321 433 18 21 0.12619783 
205 401 12 16 0.12158554 
770 173 8 11 0.120081075 
73 563 24 30 0.119089 
352 414 25 33 0.116706006 
324 327 10 12 0.116634116 
425 271 10 14 0.1137374 
649 161 8 10 0.11255979 
585 127 9 11 0.111801945 
873 347 14 20 0.11107872 
774 276 16 19 0.10859568 
275 398 16 19 0.10706298 
855 236 10 14 0.106829144 
588 540 24 27 0.10495753 
339 372 12 15 0.104846045 
405 352 17 18 0.10364056 
501 166 8 11 0.10188793 
407 340 14 18 0.1009457 
894 348 15 17 0.100321226 
340 345 13 18 0.09353927 
802 645 24 30 0.092588894 
239 378 16 19 0.092572376 
121 478 21 34 0.092232324 
246 418 13 17 0.08891906 
870 260 14 17 0.08753695 
439 168 10 13 0.08582852 
761 204 9 12 0.0836817 
797 205 10 12 0.08215474 
367 327 12 14 0.08195209 
83 450 18 21 0.081796326 
496 162 8 9 0.0812574 
382 438 15 23 0.08115931 
666 127 7 9 0.08023731 
663 428 43 45 0.080042504 
560 145 7 9 0.07956356 
356 363 15 19 0.07944023 
350 278 9 12 0.079228275 
356 309 11 14 0.07765399 
641 127 7 9 0.0725931 
375 360 11 13 0.07233993 
377 313 10 12 0.07230368 
810 77 9 11 0.071812935 
69 563 17 22 0.070229806 
420 430 17 21 0.0696787 
730 491 39 51 0.069229156 
814 277 10 14 0.066952966 
330 406 13 16 0.06644104 
672 114 6 9 0.06632953 
822 530 31 44 0.06617064 
397 349 12 15 0.06543402 
769 190 9 12 0.065208696 
490 168 8 9 0.06394956 
502 161 7 9 0.06365073 
360 293 9 12 0.06331415 
359 273 10 12 0.06327355 
768 155 9 12 0.06297846 
422 372 12 14 0.062517434 
806 278 11 13 0.062125683 
581 158 8 10 0.06189517 
783 84 9 12 0.06075593 
338 353 14 18 0.060618617 
765 113 8 10 0.06026145 
771 648 28 32 0.060023833 
264 560 24 32 0.059155528 
305 480 19 24 0.0590389 
190 395 13 16 0.05840721 
413 322 12 15 0.058241293 
798 210 11 15 0.058238797 
773 181 9 12 0.058151886 
552 144 7 9 0.058058914 
213 403 11 16 0.057959884 
126 476 13 20 0.057801805 
797 562 16 22 0.057123948 
804 537 13 19 0.057068884 
795 524 23 40 0.056958005 
415 377 12 16 0.056929868 
426 500 18 23 0.05683877 
334 348 14 17 0.05624118 
413 286 9 12 0.055746622 
749 332 16 18 0.05507213 
239 391 15 20 0.05410785 
768 150 8 12 0.054075386 
417 406 24 32 0.053957373 
625 127 6 8 0.053506903 
135 539 27 30 0.05321171 
88 456 20 20 0.05306023 
576 143 7 9 0.052679732 
771 265 16 18 0.052262302 
626 175 9 12 0.05220917 
792 196 12 14 0.052022703 
646 126 8 9 0.051772755 
368 348 9 12 0.051361825 
546 150 8 10 0.051360864 
846 216 9 12 0.050856784 
859 368 13 17 0.050715968 
145 416 16 20 0.050369177 
777 213 10 13 0.050338563 
855 185 10 13 0.04985863 
544 145 7 9 0.049408313 
375 322 10 15 0.04939923 
400 354 12 15 0.04900106 
812 259 12 17 0.048919532 
867 291 12 14 0.048020713 
777 101 8 11 0.04734879 
518 184 8 11 0.047264565 
204 381 11 13 0.046734195 
753 215 9 13 0.046714626 
751 120 8 10 0.046689164 
860 236 11 15 0.04600733 
804 515 37 49 0.04594223 
122 441 18 24 0.04568403 
338 363 14 18 0.045678355 
798 173 10 11 0.045644984 
334 312 10 11 0.045250658 
784 103 9 12 0.04495433 
608 164 10 12 0.044766024 
618 625 27 47 0.044628773 
789 85 10 12 0.0441621 
421 378 12 15 0.04413363 
370 422 23 33 0.043470588 
341 378 12 16 0.04343178 
354 465 17 20 0.04340361 
22 562 28 33 0.043259773 
186 421 17 20 0.043203544 
405 290 11 14 0.043119207 
850 236 10 15 0.04308967 
768 230 11 15 0.043086495 
720 354 15 17 0.04287028 
429 342 12 14 0.04279527 
753 79 6 9 0.042793535 
593 533 16 20 0.042634998 
550 150 8 11 0.042431056 
767 198 9 11 0.042327624 
679 118 7 9 0.04221042 
778 87 8 10 0.041732453 
876 333 12 15 0.041709527 
400 287 11 12 0.041403394 
862 111 11 11 0.041398343 
788 342 25 29 0.04137457 
682 126 8 11 0.04127013 
846 176 8 10 0.041252818 
768 136 7 9 0.041001502 
769 259 13 17 0.040669672 
263 388 15 18 0.04066027 
320 328 11 16 0.04016126 
791 203 11 14 0.039955545 
899 353 14 18 0.03990988 
395 315 13 16 0.0397085 
445 168 8 11 0.039673395 
783 190 9 12 0.03956095 
778 207 9 12 0.039342865 
455 168 7 9 0.0392886 
102 482 27 37 0.03887943 
275 380 16 19 0.038749363 
803 263 15 18 0.038730785 
711 528 27 37 0.03850265 
486 362 16 22 0.038303465 
121 424 20 26 0.038145605 
411 332 14 17 0.03771196 
796 320 19 21 0.03766658 
904 285 10 13 0.0376141 
393 347 11 15 0.037602752 
260 449 22 25 0.0375535 
409 325 9 13 0.037360232 
464 176 11 14 0.03726301 
513 184 9 11 0.03716532 
350 327 9 12 0.03690564 
840 176 10 12 0.03687845 
794 181 13 15 0.036855295 
809 72 9 11 0.036573615 
790 210 11 15 0.036490094 
262 567 43 53 0.036207814 
795 548 24 38 0.035911586 
686 80 7 9 0.035851344 
779 272 23 28 0.03571662 
53 433 21 27 0.03570274 
799 168 8 10 0.035628457 
618 127 7 9 0.035570957 
336 291 10 14 0.035303134 
337 366 21 25 0.03522084 
697 112 7 9 0.0352199 
747 491 39 55 0.034917425 
426 367 16 19 0.034646086 
856 112 10 12 0.03457937 
92 490 38 50 0.034373548 
745 56 9 12 0.03433491 
147 421 24 29 0.034214273 
820 177 187 228 0.034020934 
821 182 8 10 0.033763938 
792 174 9 11 0.03343279 
845 159 8 11 0.03339606 
372 332 11 15 0.033372577 
744 135 8 10 0.03336869 
241 474 24 30 0.03334269 
833 197 9 11 0.033303298 
687 62 8 11 0.03318716 
759 103 7 9 0.033015948 
731 250 12 18 0.032923292 
408 402 14 19 0.032765225 
810 83 13 15 0.032596283 
837 197 9 12 0.032583065 
613 159 11 13 0.032396425 
863 105 10 10 0.032324832 
346 340 11 16 0.032315526 
870 243 15 17 0.032074183 
398 244 11 13 0.031968556 
427 279 15 18 0.03181879 
795 101 11 13 0.03178729 
583 142 8 10 0.031760544 
806 241 12 16 0.031738326 
545 157 8 9 0.03167637 
577 151 8 10 0.03162068 
547 576 42 45 0.031409994 
251 385 13 19 0.031317614 
528 174 8 11 0.0312916 
602 160 9 11 0.031221496 
866 283 14 17 0.031178784 
847 181 9 11 0.031088017 
351 372 15 20 0.03105806 
753 104 7 9 0.030923322 
790 354 15 22 0.030831624 
12 576 18 24 0.030780662 
250 411 15 20 0.0307042 
331 322 13 15 0.030664261 
788 290 24 29 0.030407302 
229 396 14 18 0.030321445 
396 324 13 16 0.030245852 
544 193 8 9 0.030070025 
434 168 9 11 0.030022047 
520 159 7 9 0.030011682 
542 489 15 20 0.029858917 
544 173 10 14 0.029798603 
833 192 8 10 0.029589826 
179 491 38 47 0.029394723 
728 95 7 9 0.029238462 
601 541 16 19 0.029224647 
670 127 7 10 0.02914438 
629 614 25 37 0.028987568 
774 137 8 9 0.02893568 
608 568 17 24 0.028796853 
712 39 9 10 0.028771184 
77 447 17 21 0.028712237 
275 408 15 21 0.028630035 
356 356 13 18 0.028587013 
430 264 9 12 0.0285059 
797 389 11 16 0.028460441 
360 407 26 36 0.028359883 
490 161 7 9 0.028260205 
642 552 13 17 0.028057074 
204 408 14 19 0.027930904 
270 410 13 18 0.027866429 
567 144 6 9 0.027644118 
768 180 9 12 0.027642816 
872 252 17 20 0.027619831 
377 272 9 12 0.027548928 
772 155 11 13 0.027534861 
760 191 8 11 0.027525984 
421 175 8 10 0.027516488 
772 167 9 12 0.027429702 
388 302 11 13 0.027359087 
839 265 12 16 0.02732827 
759 224 12 18 0.02707665 
425 398 17 23 0.026906362 
873 96 8 10 0.02684687 
422 340 12 16 0.026782403 
347 346 13 18 0.026614575 
798 158 8 11 0.026601197 
726 246 13 17 0.026575131 
65 482 17 26 0.026563868 
697 47 8 10 0.026556812 
704 55 8 10 0.026551925 
571 523 15 19 0.026491737 
366 339 13 18 0.026475193 
234 411 14 19 0.026404286 
793 151 8 10 0.026298376 
863 298 12 16 0.026239121 
719 507 37 46 0.026210709 
773 656 15 22 0.026151575 
878 96 9 11 0.026133334 
863 134 9 11 0.025996808 
117 446 17 21 0.025974516 
245 213 27 33 0.025951609 
635 535 21 27 0.025906319 
420 331 13 16 0.025870744 
136 420 24 30 0.025837032 
308 227 12 13 0.025829017 
791 191 19 25 0.025785666 
375 302 10 11 0.025673151 
776 143 8 10 0.025670242 
502 171 8 11 0.025626872 
334 301 10 11 0.025540374 
265 444 18 19 0.025477868 
299 413 13 17 0.025410026 
112 414 21 26 0.02536122 
194 426 15 19 0.025330804 
425 265 9 12 0.025298227 
390 325 11 14 0.025044998 
838 191 9 12 0.02502067 
400 271 8 11 0.024984488 
626 111 7 10 0.024980271 
457 330 19 25 0.024944099 
760 167 8 10 0.024927251 
798 86 12 14 0.024912244 
36 591 27 38 0.024840847 
744 120 8 9 0.024810905 
527 159 7 9 0.024746248 
428 356 13 16 0.024739271 
752 183 8 10 0.024697082 
364 272 10 12 0.02441782 
596 525 15 17 0.024407951 
416 278 10 13 0.024392758 
360 286 10 13 0.024390334 
590 131 8 10 0.024193157 
774 220 13 17 0.024137188 
587 237 23 27 0.024128126 
865 254 11 14 0.024105806 
746 79 7 9 0.024063645 
581 152 8 10 0.024018317 
560 564 42 45 0.02397954 
635 547 22 28 0.023916427 
772 255 12 15 0.023890473 
707 506 31 42 0.023842745 
131 476 24 38 0.023822207 
761 118 9 11 0.023778537 
350 473 13 18 0.023774054 
774 71 8 10 0.023593016 
821 520 15 23 0.0235843 
427 378 13 16 0.023555802 
874 205 14 15 0.023542237 
58 426 17 20 0.023374652 
631 119 8 11 0.023362089 
752 124 7 10 0.023330927 
912 95 10 12 0.023265589 
360 331 11 14 0.023253381 
665 164 9 11 0.023235194 
799 79 9 11 0.023232987 
886 261 12 15 0.023221971 
763 662 28 34 0.023195412 
865 260 12 17 0.023191776 
196 419 16 20 0.023171742 
336 333 11 15 0.02313587 
577 135 8 10 0.023066869 
803 323 18 23 0.023047822 
695 136 7 9 0.02301917 
812 521 15 23 0.022997953 
895 268 11 13 0.022985624 
782 198 10 12 0.022960944 
211 419 14 19 0.02291539 
728 102 8 10 0.022863572 
780 150 8 10 0.022830592 
781 91 11 14 0.02279024 
230 375 12 15 0.022763686 
409 316 10 15 0.022757985 
884 346 14 20 0.022700403 
760 127 7 9 0.022688113 
713 70 8 10 0.022652738 
805 88 14 18 0.02257532 
998 688 14 16 0.02256517 
663 628 26 34 0.022471499 
779 520 24 39 0.022467092 
649 470 38 46 0.022447007 
752 206 9 13 0.022441762 
837 206 9 12 0.02242525 
582 552 40 45 0.022416309 
353 304 18 23 0.022397388 
36 559 23 32 0.022291157 
37 521 26 33 0.022242013 
812 252 13 16 0.022184016 
793 329 25 31 0.022154089 
220 397 15 18 0.022115445 
429 495 14 17 0.022082722 
460 404 15 20 0.02201434 
205 418 13 19 0.021981198 
725 36 19 24 0.0219476 
774 150 10 11 0.021806547 
747 518 25 33 0.021762932 
791 94 11 14 0.021719456 
655 127 7 9 0.021701861 
251 451 25 31 0.021688174 
758 80 7 9 0.02168643 
374 590 11 17 0.021681335 
457 182 8 11 0.021679284 
672 95 7 10 0.021563219 
862 125 11 12 0.021522533 
656 451 33 38 0.021373488 
813 241 14 16 0.021351982 
62 560 16 22 0.021198273 
197 409 16 20 0.02119357 
703 582 38 55 0.021175334 
632 126 7 10 0.021095557 
485 190 11 13 0.0210682 
687 134 8 10 0.021050934 
566 150 7 9 0.021035908 
796 276 13 17 0.021024438 
749 59 10 12 0.02100567 
720 45 9 12 0.020996379 
185 397 12 14 0.020977065 
811 534 13 21 0.020960806 
868 299 13 17 0.020960767 
776 79 8 9 0.020945115 
346 283 12 14 0.020799177 
928 112 10 12 0.0207344 
158 429 16 23 0.020661326 
31 541 28 34 0.020650677 
744 191 9 12 0.020649664 
231 389 12 15 0.02052913 
840 214 9 12 0.0205259 
830 246 10 13 0.02040315 
437 268 14 17 0.020319268 
354 323 100 116 0.02015295 
728 88 6 8 0.020070978 
879 102 10 11 0.020052167 
760 159 8 10 0.020051464 
