5_Car_Accident_Accident_5_735
42
624 315 90 86 0.9210709 
974 340 15 17 0.73494357 
994 353 13 15 0.24293147 
858 180 17 22 0.17826699 
668 22 16 18 0.13537395 
897 403 16 19 0.08154992 
828 189 15 20 0.0652621 
801 145 17 22 0.062964395 
929 131 13 17 0.06205265 
979 353 14 17 0.055482306 
819 162 39 51 0.053367823 
642 197 430 545 0.05168432 
836 153 17 19 0.051000956 
829 155 14 16 0.04834875 
807 145 25 32 0.04603091 
820 153 15 19 0.04367791 
784 138 24 31 0.040108353 
719 134 13 15 0.04009322 
843 151 12 15 0.03844328 
171 210 21 30 0.03538393 
246 295 416 462 0.033057444 
859 396 15 20 0.032873563 
814 160 14 19 0.030938724 
749 139 14 17 0.029603673 
826 151 25 30 0.029568482 
841 172 27 33 0.029505938 
907 398 23 27 0.0294881 
548 135 10 13 0.02942704 
819 171 13 17 0.02932036 
703 136 9 11 0.028993446 
657 465 40 46 0.028550858 
779 139 18 20 0.028095353 
963 356 13 15 0.026337618 
801 270 30 30 0.02379479 
334 56 15 18 0.022807807 
512 73 17 22 0.021757232 
747 129 24 30 0.021264002 
270 86 14 16 0.02063792 
542 465 14 19 0.020635156 
967 347 12 15 0.020614037 
989 342 11 14 0.020278938 
814 160 27 34 0.020110592 
