5_Car_Accident_Accident_5_243
39
391 112 10 12 0.6283581 
456 100 9 12 0.19551757 
476 104 10 14 0.13843322 
379 123 12 14 0.08622795 
366 127 8 12 0.0753415 
376 119 12 14 0.066948 
373 180 11 13 0.06498554 
443 210 191 242 0.054844502 
416 124 10 12 0.051981848 
432 104 8 10 0.05176611 
395 115 10 13 0.051414907 
421 124 11 13 0.044655375 
345 75 10 13 0.039895557 
408 126 9 12 0.035894793 
345 164 10 13 0.035708208 
398 126 9 13 0.033893853 
485 65 28 42 0.03354481 
481 47 45 68 0.032648683 
430 108 9 11 0.029507307 
404 179 13 16 0.02750067 
361 130 10 14 0.027346345 
437 101 9 12 0.027331972 
381 130 12 14 0.026058603 
390 122 10 14 0.025649125 
399 175 13 15 0.024414515 
412 177 27 32 0.023776893 
376 111 10 14 0.023248084 
397 171 23 28 0.022574218 
448 109 9 11 0.022568703 
419 182 15 18 0.021749264 
450 101 10 12 0.021575699 
460 96 9 12 0.021386486 
438 95 10 13 0.021135425 
378 168 176 234 0.020889394 
367 173 23 26 0.020438842 
428 126 10 12 0.020354528 
166 508 35 35 0.020330809 
374 117 19 24 0.020303318 
447 72 8 10 0.020099869 
