5_Car_Accident_Accident_5_448
1069
292 390 15 19 0.9852873 
51 437 18 23 0.98361164 
925 558 25 30 0.9811312 
230 373 13 17 0.97177505 
88 393 14 19 0.96919125 
804 432 15 26 0.95258045 
982 238 9 12 0.8787506 
866 231 9 13 0.84902424 
702 406 16 22 0.8320018 
192 450 15 20 0.8302874 
299 541 25 33 0.81160337 
926 262 10 11 0.80744165 
136 348 12 14 0.7686283 
312 259 9 12 0.76559323 
251 617 32 30 0.7471431 
302 277 9 12 0.72147197 
890 407 17 27 0.68674254 
981 318 12 14 0.6865029 
181 324 11 14 0.6505149 
14 340 13 16 0.64094776 
198 286 9 12 0.59319407 
157 428 16 18 0.5682399 
741 473 13 21 0.56484395 
174 283 8 11 0.47233856 
336 264 10 12 0.44839135 
225 264 9 12 0.4277206 
295 214 8 10 0.42404318 
336 237 9 12 0.41915062 
391 440 14 17 0.41291106 
967 242 10 13 0.39905643 
174 365 13 15 0.39813295 
374 229 8 11 0.39711678 
357 174 9 12 0.3944495 
127 433 13 18 0.39169192 
412 144 10 12 0.3868473 
644 438 22 26 0.36995107 
358 247 9 10 0.35953802 
231 293 8 12 0.3510917 
389 204 8 11 0.3369365 
150 313 10 14 0.3350213 
261 347 13 17 0.3296724 
928 333 13 17 0.32586083 
308 458 13 18 0.32576746 
309 371 13 17 0.3205949 
271 293 10 13 0.3194373 
67 391 11 14 0.3166375 
113 262 10 12 0.30697256 
214 343 14 18 0.28346068 
317 261 10 13 0.28337732 
874 198 8 11 0.28216776 
54 311 9 13 0.2767999 
194 264 9 12 0.27457026 
407 198 8 10 0.2642872 
55 341 11 14 0.26169991 
429 238 8 11 0.2569561 
176 260 9 13 0.2413206 
183 238 8 10 0.23567444 
930 196 8 11 0.23448913 
336 199 8 10 0.23430638 
917 279 10 12 0.23317626 
295 262 8 10 0.23228483 
910 202 7 9 0.23162353 
386 198 8 11 0.23113763 
200 306 10 13 0.22542256 
262 264 8 11 0.22306217 
897 414 18 23 0.22068295 
279 239 8 9 0.21984808 
816 189 10 11 0.21272074 
174 344 11 13 0.21097888 
757 452 22 32 0.20669825 
840 199 8 10 0.20244384 
143 331 9 12 0.20239258 
324 269 9 12 0.20056012 
221 341 13 17 0.20023614 
888 201 7 9 0.19807293 
385 176 8 10 0.19531442 
63 298 9 12 0.1933359 
224 224 8 10 0.1920806 
149 272 8 10 0.1910886 
936 213 10 13 0.19072083 
349 223 8 11 0.18944229 
270 286 9 12 0.18637545 
157 310 11 14 0.18540958 
270 260 9 11 0.18452387 
165 239 9 12 0.18346494 
812 531 34 38 0.18109903 
199 334 12 16 0.17916103 
225 294 10 12 0.17851077 
112 223 9 11 0.17722122 
201 356 10 13 0.17625846 
469 189 10 12 0.175152 
354 246 8 11 0.17408693 
169 378 13 17 0.17334029 
183 396 11 15 0.17249557 
10 362 13 17 0.17161213 
838 428 11 16 0.17113689 
162 231 8 9 0.16895595 
46 381 11 14 0.16736135 
402 236 8 11 0.16726632 
874 205 9 12 0.16583107 
310 307 10 12 0.16486761 
411 284 9 12 0.163771 
185 216 7 9 0.16352156 
228 333 12 16 0.1575327 
369 230 9 11 0.15479955 
453 222 10 12 0.15454249 
68 401 13 16 0.15363121 
405 231 10 13 0.15125489 
193 287 8 10 0.15101373 
598 477 24 28 0.15079106 
1002 206 8 10 0.15034716 
830 200 9 12 0.15000005 
303 238 9 10 0.14818381 
965 284 11 14 0.14625862 
941 209 8 10 0.14581048 
109 239 10 12 0.14496732 
265 288 8 11 0.1449338 
852 269 13 15 0.14475776 
933 287 9 12 0.14404888 
141 353 13 16 0.14327148 
137 229 8 11 0.14176995 
303 330 12 17 0.14163347 
887 205 7 10 0.14162081 
377 193 8 10 0.1407582 
984 222 9 11 0.1406896 
809 192 9 11 0.13840821 
607 472 24 28 0.13744013 
129 302 9 12 0.13703197 
382 260 10 12 0.13676849 
944 271 9 12 0.13630335 
71 327 11 14 0.1346099 
360 297 8 10 0.1339842 
111 397 8 12 0.13385728 
807 197 11 13 0.13380702 
446 239 9 11 0.13346955 
240 619 53 45 0.13100174 
158 437 16 24 0.13039465 
257 269 8 11 0.1300699 
171 370 14 17 0.12797382 
367 239 8 11 0.12771851 
335 206 8 10 0.1263029 
182 254 9 11 0.125734 
384 241 8 10 0.12484606 
402 192 7 10 0.124285676 
184 247 8 10 0.12342267 
51 380 12 14 0.122492425 
408 193 8 10 0.121287204 
344 396 9 13 0.12016591 
344 336 10 13 0.11953503 
61 402 12 17 0.11944647 
93 294 9 12 0.119200446 
294 285 10 12 0.118668646 
927 238 10 10 0.118648306 
212 412 13 17 0.11852809 
52 375 11 12 0.11764047 
145 294 9 11 0.11727025 
205 432 14 19 0.11665551 
385 256 9 12 0.11504082 
159 329 12 15 0.114666566 
854 199 9 11 0.11444059 
409 204 8 10 0.113846265 
254 302 11 13 0.113253854 
995 293 9 13 0.11309899 
297 210 9 10 0.11305951 
195 421 15 17 0.11293931 
77 342 11 15 0.11258819 
889 231 9 13 0.112100266 
238 239 7 10 0.11206394 
592 484 20 22 0.11160106 
342 200 8 9 0.110862926 
375 214 7 9 0.11046496 
110 303 9 11 0.110356465 
982 233 10 12 0.11031159 
161 239 9 12 0.10995985 
28 362 11 14 0.10950583 
353 206 9 10 0.109320045 
926 230 9 11 0.10845215 
103 280 8 11 0.10800084 
878 198 8 11 0.10744369 
201 232 7 10 0.10682535 
223 318 12 15 0.10633029 
271 207 9 10 0.1056423 
339 239 10 13 0.104818396 
699 398 16 23 0.10459384 
199 280 9 11 0.10400161 
938 207 8 11 0.10363646 
879 212 8 11 0.10350449 
311 206 8 10 0.10333965 
2 440 13 20 0.10320126 
54 300 9 12 0.10266456 
824 199 11 14 0.10182473 
73 345 10 14 0.101345174 
352 215 8 10 0.100851186 
160 362 13 17 0.10058159 
205 303 10 13 0.10044526 
106 303 8 10 0.100414634 
792 184 8 12 0.099936225 
289 222 8 11 0.0999043 
968 267 9 12 0.09986637 
451 365 14 17 0.09949744 
340 267 9 12 0.09816473 
255 223 8 11 0.097800486 
196 269 10 12 0.097322725 
962 284 9 12 0.09584595 
223 246 8 9 0.0956666 
54 322 12 14 0.095550284 
360 239 9 12 0.095159225 
227 324 13 17 0.094837144 
414 189 8 10 0.09453956 
263 225 7 10 0.094455145 
329 214 8 9 0.09432895 
54 404 13 16 0.09381854 
161 244 8 10 0.09294407 
815 236 11 15 0.09220622 
118 268 10 14 0.091718175 
286 437 15 19 0.091547675 
886 214 8 11 0.09119659 
276 337 11 16 0.0909681 
291 434 14 19 0.09090034 
344 279 8 11 0.09080219 
29 383 10 12 0.090773985 
292 293 10 14 0.08972027 
408 173 7 10 0.08912246 
200 237 7 9 0.08904056 
232 239 7 10 0.08902113 
192 216 7 10 0.08870085 
87 341 11 15 0.08850339 
302 208 9 10 0.08844074 
383 192 8 10 0.0884067 
292 301 10 12 0.08822505 
216 323 10 13 0.08813079 
121 341 8 11 0.08802165 
25 358 9 12 0.08772963 
921 230 8 10 0.0872622 
944 287 10 12 0.08695233 
128 240 8 10 0.086619616 
311 201 9 10 0.086496994 
199 215 8 9 0.08592763 
182 451 16 18 0.085699454 
204 337 13 17 0.08546667 
350 228 8 11 0.085186735 
190 246 8 11 0.08515382 
904 204 9 11 0.08458687 
191 425 13 15 0.08443863 
375 371 13 14 0.0840063 
145 287 9 11 0.08386106 
129 246 8 10 0.08362672 
924 307 12 15 0.08345459 
631 448 21 29 0.08279325 
223 285 11 13 0.08218314 
934 219 9 12 0.08217004 
43 358 11 14 0.08191866 
73 374 11 13 0.081757106 
744 463 20 28 0.081364654 
272 332 10 16 0.08017118 
413 206 8 10 0.08010339 
301 431 13 17 0.07979364 
244 330 12 16 0.07947316 
137 224 8 10 0.07895572 
333 420 12 15 0.078831755 
846 458 14 19 0.07870336 
981 331 12 17 0.07824296 
967 303 8 11 0.078180425 
927 287 11 14 0.07787814 
449 220 10 12 0.07783837 
196 427 21 27 0.077356935 
230 352 12 18 0.07721481 
299 465 14 21 0.077057734 
382 390 14 19 0.07690147 
940 252 9 11 0.07689476 
205 416 15 18 0.076800436 
267 348 13 19 0.07643171 
327 192 8 11 0.07552527 
296 237 8 11 0.07538636 
184 233 8 10 0.07536757 
223 279 10 12 0.075279474 
365 182 7 9 0.07493039 
325 277 9 11 0.07453795 
206 348 12 17 0.07434949 
660 365 11 14 0.07410372 
151 300 9 11 0.07396449 
182 280 8 10 0.073727295 
975 333 12 16 0.07363638 
316 256 10 12 0.073435634 
432 167 7 9 0.07342892 
336 368 10 13 0.07257432 
272 281 9 11 0.07235092 
446 200 8 10 0.07167394 
711 410 16 20 0.07159653 
116 229 9 11 0.07091376 
150 262 7 10 0.07070844 
797 185 8 10 0.07048105 
173 357 14 17 0.070455655 
873 211 10 12 0.07034042 
462 198 10 11 0.07022631 
310 238 8 10 0.07003463 
181 302 11 14 0.06963107 
98 325 9 12 0.069570996 
272 213 8 10 0.0695589 
228 268 9 11 0.06924857 
856 264 11 14 0.068852164 
213 293 9 12 0.0687713 
966 232 8 10 0.06824712 
328 198 8 10 0.06811856 
977 323 12 14 0.06809912 
334 426 13 15 0.06800736 
287 186 7 9 0.067858346 
301 213 9 10 0.06781955 
389 255 9 11 0.06766646 
368 199 7 10 0.06751391 
848 205 9 11 0.06721782 
141 230 8 11 0.06708613 
147 355 12 15 0.06646593 
60 310 11 13 0.06639069 
57 297 8 11 0.0662144 
442 237 8 12 0.06608365 
129 295 8 10 0.06594017 
376 207 7 10 0.06587327 
273 199 9 11 0.06578847 
92 341 12 16 0.06566637 
392 149 7 9 0.065608695 
341 365 10 14 0.065390304 
330 208 8 9 0.06510802 
208 292 9 11 0.06499474 
249 255 8 10 0.06426848 
145 264 7 9 0.06423986 
134 247 9 10 0.064028874 
20 347 11 14 0.063721776 
378 363 14 17 0.063670196 
201 208 7 9 0.06366995 
87 364 9 13 0.06353538 
170 280 10 12 0.063440345 
916 322 12 16 0.063439615 
587 400 13 17 0.06293924 
210 432 16 21 0.06271365 
240 262 9 10 0.06269687 
840 202 9 12 0.062044363 
312 183 8 10 0.06192868 
169 343 9 13 0.061803456 
238 331 10 16 0.06175436 
298 357 12 15 0.06149063 
948 292 9 12 0.061467133 
308 434 12 15 0.06137802 
239 230 8 9 0.061038423 
303 308 12 13 0.060497295 
357 169 8 10 0.060459197 
295 340 12 15 0.06032183 
517 402 11 13 0.06027649 
439 168 7 9 0.059626993 
814 440 17 20 0.059530508 
407 379 13 15 0.059521683 
833 516 15 16 0.059433114 
49 309 10 13 0.059375804 
600 418 13 16 0.059049398 
918 237 11 13 0.059027944 
207 460 12 15 0.05889651 
404 197 7 10 0.05850466 
145 315 11 14 0.05847227 
148 332 11 14 0.05844825 
41 383 10 13 0.058401734 
293 471 17 22 0.05833869 
368 191 8 10 0.05831939 
228 344 13 19 0.058023393 
144 237 7 10 0.057952296 
277 300 9 12 0.057858404 
152 239 7 10 0.057562254 
334 214 7 10 0.05747013 
61 324 11 14 0.05735283 
991 270 9 11 0.057190977 
262 330 13 17 0.057006616 
358 206 8 11 0.0569878 
296 269 9 12 0.056644276 
320 246 10 11 0.056160398 
368 223 9 11 0.055987597 
415 185 8 10 0.055777647 
249 222 9 12 0.055665582 
176 330 12 16 0.055661436 
933 193 7 9 0.055587035 
999 223 10 12 0.05548006 
249 215 9 10 0.055343423 
303 231 8 11 0.055142913 
370 215 7 10 0.05513703 
135 286 8 11 0.05505035 
129 252 9 11 0.055043917 
296 232 8 10 0.054875333 
182 294 10 12 0.054683346 
992 200 6 8 0.05467004 
517 299 11 12 0.054493688 
424 215 8 10 0.05438617 
961 318 8 10 0.054313973 
410 147 8 11 0.054170806 
413 281 9 12 0.05394186 
294 308 11 12 0.053751394 
110 427 15 20 0.053704426 
188 326 10 14 0.05335618 
206 387 13 16 0.053325262 
223 215 7 9 0.05323189 
231 288 8 11 0.053226415 
847 199 8 11 0.053020734 
426 284 9 11 0.052810766 
277 279 9 11 0.052583206 
231 254 8 10 0.052473873 
254 277 8 10 0.052462313 
458 198 8 11 0.052202005 
919 269 12 13 0.052178856 
337 255 10 12 0.052002 
191 330 11 15 0.051902775 
967 318 8 10 0.05179556 
814 229 11 15 0.051695306 
847 255 9 11 0.05167224 
862 213 10 12 0.051452197 
352 200 8 10 0.051312145 
59 318 11 13 0.051132455 
351 309 9 11 0.05102041 
119 274 10 12 0.051004715 
358 214 7 9 0.050843135 
928 222 9 12 0.050782952 
73 284 10 13 0.050737713 
238 286 10 11 0.050606966 
334 390 11 13 0.050531384 
933 309 9 13 0.050458375 
73 277 11 13 0.050367806 
54 335 12 14 0.0501534 
301 453 16 20 0.049893588 
445 426 13 18 0.049754802 
380 266 12 15 0.04964297 
308 337 13 17 0.04942699 
876 246 9 13 0.04937349 
873 326 10 12 0.049182314 
182 285 9 11 0.049147114 
179 341 11 14 0.049130116 
366 244 9 11 0.04900915 
213 287 9 12 0.048875622 
254 254 8 10 0.04874297 
849 273 11 15 0.048018 
336 300 10 12 0.047786552 
133 264 9 11 0.047647577 
408 223 8 10 0.047621436 
116 433 17 20 0.0472686 
273 191 7 8 0.04715308 
152 206 7 10 0.047088385 
394 468 15 17 0.046955734 
936 247 9 12 0.046888348 
429 232 9 12 0.04682248 
374 224 9 11 0.04674697 
296 347 11 14 0.046713945 
408 169 7 9 0.04663463 
170 347 11 14 0.046583045 
915 283 9 12 0.046559993 
287 269 8 11 0.046552062 
449 270 10 13 0.046521313 
326 246 9 12 0.046456352 
225 240 8 10 0.04632976 
144 278 9 11 0.046169594 
812 194 12 15 0.046096332 
288 288 11 13 0.04607245 
916 314 14 17 0.04606122 
121 349 11 14 0.0460481 
327 418 12 15 0.045979805 
920 207 8 10 0.045975596 
233 207 8 9 0.045971792 
118 257 8 10 0.045630798 
935 270 9 11 0.04555615 
916 241 13 15 0.04552333 
176 222 7 9 0.04526564 
887 221 9 11 0.045119844 
112 392 8 11 0.04504586 
430 197 8 11 0.045011476 
136 333 10 12 0.044894498 
967 291 10 12 0.04464883 
305 199 9 10 0.044642262 
191 291 10 12 0.04462127 
280 190 8 9 0.04459929 
383 329 9 11 0.044594 
87 336 9 12 0.044263214 
128 264 9 11 0.04418018 
14 317 8 11 0.04397579 
224 192 8 8 0.043919493 
175 267 9 11 0.04381148 
932 327 11 15 0.04381102 
249 277 9 11 0.04380574 
391 239 9 10 0.043720923 
434 362 13 17 0.043711446 
272 230 8 10 0.043667536 
381 356 12 14 0.043652806 
216 277 8 11 0.043560073 
764 445 14 18 0.04352564 
958 254 9 12 0.043382935 
993 288 10 12 0.043327283 
343 319 9 12 0.04331269 
855 193 7 9 0.043291375 
992 216 7 9 0.043167666 
111 319 9 12 0.043157022 
685 485 13 15 0.043093514 
385 168 7 9 0.0430899 
895 205 8 10 0.043013822 
368 206 7 10 0.042975508 
976 243 9 12 0.0429091 
373 432 14 16 0.042743433 
985 200 7 8 0.04260008 
896 348 13 18 0.042565558 
384 150 7 9 0.042556055 
349 280 8 11 0.042514134 
216 255 7 10 0.04250771 
453 376 15 19 0.04248816 
359 199 8 11 0.04240362 
164 325 10 15 0.042390857 
143 245 7 10 0.042368006 
217 224 7 10 0.042252164 
76 333 10 12 0.04220024 
855 300 11 15 0.04211119 
414 360 16 17 0.04210228 
603 356 13 15 0.04196491 
423 190 7 10 0.041766893 
206 231 8 10 0.041597117 
60 333 12 14 0.041510522 
374 159 7 9 0.041459564 
917 290 13 15 0.041390415 
281 408 15 17 0.041301746 
218 435 14 19 0.04113356 
22 362 12 16 0.041037876 
407 357 11 13 0.0410347 
164 359 12 15 0.04102575 
130 289 8 10 0.040998865 
185 220 7 10 0.0409837 
290 216 8 10 0.040898517 
314 376 14 17 0.04084209 
127 348 10 14 0.040826984 
271 223 8 10 0.04081771 
963 244 8 12 0.04081628 
177 293 10 12 0.04073927 
646 258 14 17 0.04071973 
264 246 7 9 0.040630694 
106 242 11 14 0.04057915 
116 395 10 13 0.040572897 
0 645 9 15 0.040567826 
77 310 10 13 0.040520307 
112 216 8 11 0.0403826 
873 194 8 10 0.040312145 
274 238 8 10 0.040311635 
304 224 7 9 0.040252857 
839 194 8 10 0.04001947 
973 262 9 12 0.03997613 
597 570 15 20 0.03990088 
94 267 9 13 0.03986184 
264 279 9 11 0.039861508 
62 383 12 14 0.03983921 
257 190 8 9 0.039622296 
426 167 8 10 0.039554175 
360 231 9 11 0.039531354 
280 245 8 9 0.03945163 
390 356 12 14 0.039449703 
87 301 9 11 0.039372083 
89 268 9 12 0.03909444 
48 348 10 13 0.03897232 
79 396 12 16 0.038961213 
274 632 40 45 0.038932752 
87 427 13 17 0.038735446 
377 152 6 7 0.038721126 
208 269 10 12 0.038540866 
336 333 9 11 0.038272355 
1000 200 7 9 0.038128592 
927 277 9 11 0.037961043 
374 378 12 14 0.037845984 
960 222 9 11 0.03753396 
961 228 9 13 0.03750385 
966 310 9 11 0.037379082 
443 142 8 11 0.037374858 
312 189 8 10 0.03733427 
375 197 8 10 0.037328705 
353 168 8 10 0.037222285 
318 184 7 9 0.037165646 
422 184 8 10 0.037137415 
177 240 8 10 0.037125107 
125 268 10 12 0.037107144 
934 276 11 13 0.037019365 
283 425 16 20 0.037014835 
904 237 8 12 0.03698653 
216 199 7 8 0.036934603 
326 381 11 13 0.036925733 
70 301 9 11 0.03686032 
102 295 9 11 0.03676278 
294 330 14 18 0.03675449 
457 173 9 13 0.036754195 
391 167 7 9 0.03668066 
929 215 9 11 0.03664417 
68 380 14 17 0.03664392 
920 255 11 13 0.036611434 
1012 369 13 20 0.03659845 
891 398 16 21 0.03653101 
7 383 10 14 0.036520317 
375 246 8 11 0.03649826 
389 180 8 11 0.03643903 
300 336 14 18 0.036341913 
336 394 11 14 0.036245547 
229 311 10 13 0.036211766 
263 190 7 9 0.036155958 
276 285 9 12 0.036116168 
375 237 9 11 0.036113314 
168 215 6 8 0.03607934 
622 266 13 17 0.03606149 
957 356 12 15 0.035951346 
324 264 10 12 0.035889868 
736 438 11 14 0.03588744 
86 359 10 12 0.0358616 
587 457 22 26 0.03582856 
78 302 10 13 0.035804983 
95 331 11 15 0.035751596 
247 262 8 10 0.03572563 
918 302 14 17 0.03569209 
104 308 10 11 0.035587378 
249 271 8 11 0.03547356 
857 228 11 14 0.035441093 
854 254 9 13 0.035420764 
231 191 7 9 0.03537678 
987 333 11 15 0.035371672 
0 388 10 17 0.03535918 
102 267 10 14 0.035113364 
304 256 9 11 0.035096418 
715 482 14 18 0.03501669 
240 270 9 11 0.034965165 
579 582 10 14 0.034863506 
113 257 9 11 0.03484299 
217 229 7 10 0.034760054 
255 247 8 11 0.034607414 
78 316 10 12 0.034586128 
342 401 10 14 0.03458413 
290 445 23 25 0.034530662 
207 466 14 17 0.034501303 
301 314 13 15 0.034494437 
272 248 7 8 0.03438545 
237 292 9 12 0.03434218 
869 224 11 14 0.03433857 
49 342 10 14 0.034146417 
38 435 12 17 0.03411412 
185 210 7 8 0.03411324 
162 225 6 9 0.034077957 
327 167 7 10 0.034025278 
398 357 9 13 0.0340178 
400 150 7 9 0.03400399 
132 306 11 15 0.034002073 
399 286 7 10 0.033992786 
892 235 10 14 0.033985343 
287 245 8 11 0.033948984 
390 246 9 10 0.033914942 
198 247 8 10 0.033892673 
911 244 11 13 0.03387784 
171 384 13 18 0.03383922 
229 224 8 10 0.033753004 
406 418 13 17 0.033715576 
239 214 8 10 0.03370586 
492 405 12 14 0.03364878 
334 193 8 10 0.03362478 
369 159 8 9 0.03344642 
49 303 9 12 0.03343389 
285 522 38 47 0.033432875 
489 272 15 18 0.033332076 
306 277 10 13 0.033201735 
151 256 7 10 0.033196002 
820 229 9 14 0.033040155 
393 231 9 11 0.032965254 
945 229 9 12 0.032955296 
290 263 8 12 0.03289426 
328 230 8 10 0.032733005 
587 471 23 27 0.032673676 
224 255 8 11 0.032636303 
987 398 16 23 0.032572933 
769 463 14 21 0.032535203 
959 332 9 12 0.032527145 
970 284 12 15 0.032487717 
49 315 12 14 0.032478306 
341 357 11 15 0.03246241 
933 316 10 11 0.03233492 
893 262 11 13 0.032280993 
162 446 14 20 0.032198917 
366 177 7 10 0.032184843 
177 246 7 10 0.032155376 
904 246 9 12 0.032128792 
999 263 8 11 0.032034427 
932 238 8 11 0.03202021 
218 214 7 10 0.03201063 
342 205 8 10 0.031981714 
999 211 9 12 0.031967517 
102 319 10 12 0.03195877 
176 305 11 15 0.03195171 
213 300 10 13 0.031946465 
109 401 10 14 0.031853873 
855 213 10 13 0.031843983 
668 526 24 34 0.031834185 
839 222 9 13 0.031831875 
277 254 9 12 0.03181018 
213 451 13 17 0.031730656 
215 263 8 11 0.031718627 
102 397 11 14 0.031676035 
429 334 9 12 0.031570885 
237 206 9 10 0.031547558 
217 207 7 9 0.031527273 
198 414 14 18 0.031524602 
1005 352 14 19 0.03152142 
949 277 9 11 0.031487256 
354 303 9 11 0.031485025 
864 226 17 21 0.03137745 
343 230 9 12 0.0313745 
328 222 8 10 0.031329386 
754 446 18 20 0.03131541 
318 206 7 9 0.03128541 
240 278 10 12 0.031243559 
369 143 8 9 0.031224722 
399 327 10 12 0.03118824 
42 310 10 13 0.031157881 
282 186 7 8 0.030957015 
1000 377 21 33 0.030938251 
143 360 12 15 0.030921333 
909 252 11 15 0.030857665 
119 244 9 11 0.030845659 
118 302 9 11 0.030811341 
319 239 8 10 0.030753879 
279 443 13 16 0.030669266 
251 323 13 16 0.030658549 
827 510 25 28 0.030652694 
888 262 10 12 0.030641945 
148 324 13 16 0.030630123 
215 407 12 16 0.030598437 
961 303 10 12 0.030588945 
431 159 7 10 0.030580558 
334 222 9 10 0.030564519 
425 158 8 10 0.030505534 
425 243 9 11 0.030505354 
460 221 10 14 0.030491672 
282 270 8 11 0.030487191 
156 324 19 24 0.030447952 
327 285 9 11 0.030432796 
663 359 11 15 0.030418525 
311 214 8 8 0.030264115 
931 261 11 13 0.030249251 
317 334 10 13 0.030238783 
763 468 16 24 0.030227272 
333 404 14 16 0.0302077 
853 221 11 14 0.030165793 
557 425 13 17 0.03012383 
102 365 13 15 0.030117366 
492 262 11 12 0.030105844 
352 168 17 24 0.030083274 
97 256 8 11 0.030066723 
926 205 8 11 0.030038936 
453 255 9 11 0.030003536 
336 174 7 10 0.02994707 
925 363 10 14 0.029892584 
309 442 14 19 0.029885635 
110 277 9 12 0.02975791 
68 295 10 12 0.029724605 
902 259 12 15 0.029683854 
174 456 15 19 0.029664222 
85 453 11 13 0.029602919 
214 270 8 10 0.02953858 
614 265 14 17 0.0295307 
347 394 12 16 0.029446127 
191 306 12 15 0.02941488 
345 311 9 12 0.029396849 
383 213 8 10 0.029315433 
177 320 19 22 0.029281734 
202 439 16 22 0.029245133 
252 331 13 17 0.029215435 
210 262 9 11 0.029129356 
153 232 6 9 0.029123446 
102 261 9 13 0.029101083 
199 222 8 10 0.028991776 
951 355 11 15 0.02887239 
841 238 8 12 0.028808204 
152 245 7 9 0.028754717 
503 223 49 61 0.02875401 
406 319 8 11 0.02874578 
922 257 19 22 0.0287428 
376 328 9 11 0.028706534 
304 244 9 11 0.028610935 
785 188 11 14 0.02856652 
294 221 8 11 0.02852488 
134 294 8 10 0.028470285 
961 270 8 10 0.028444242 
820 185 9 11 0.028443333 
443 361 20 29 0.028434517 
402 174 8 10 0.028312974 
334 383 9 11 0.028303975 
963 238 9 13 0.028274653 
8 347 13 16 0.028170412 
470 219 13 15 0.028089272 
336 326 8 11 0.027817866 
1005 224 9 11 0.02774261 
404 327 10 11 0.027736679 
314 366 13 17 0.027734771 
430 243 9 11 0.02767478 
984 269 10 13 0.027637286 
119 309 9 12 0.027617544 
889 277 10 13 0.027525868 
439 172 7 9 0.027469097 
351 191 9 10 0.027462749 
358 150 7 9 0.027235528 
441 184 9 11 0.027201729 
112 209 7 9 0.027190113 
29 555 17 19 0.02711988 
651 265 17 22 0.026991578 
991 222 8 11 0.026860213 
75 377 13 18 0.02684239 
620 452 24 32 0.026809338 
320 231 8 9 0.026808785 
137 281 8 10 0.026794452 
96 311 9 11 0.02678438 
115 421 15 20 0.026739063 
240 223 9 11 0.02672689 
854 284 11 13 0.026720176 
97 278 8 11 0.026711961 
232 246 7 10 0.026699036 
326 294 9 11 0.02666676 
424 152 9 10 0.026585547 
401 205 8 11 0.026553417 
96 319 10 12 0.026536796 
137 327 10 13 0.0265364 
195 327 14 16 0.026526725 
467 445 12 14 0.026466573 
981 261 9 11 0.026464986 
279 365 11 15 0.026460702 
841 244 8 11 0.026423488 
231 230 7 9 0.026377784 
28 325 9 12 0.026358966 
942 222 10 11 0.026300104 
167 224 7 9 0.026264852 
736 468 14 23 0.026241798 
390 191 7 10 0.026209325 
354 151 7 9 0.02617262 
195 280 19 23 0.026154658 
871 331 11 13 0.026152128 
63 418 12 15 0.02613572 
359 264 8 11 0.026125284 
301 363 13 18 0.026102839 
13 389 9 13 0.026098587 
959 216 8 11 0.026057838 
976 256 8 10 0.026051749 
408 138 18 23 0.025969973 
353 295 8 11 0.025969507 
41 382 20 24 0.025964443 
932 229 9 12 0.025922129 
426 197 8 10 0.025914248 
335 285 10 11 0.025891742 
820 252 9 12 0.025889754 
191 232 8 9 0.025872862 
755 470 17 21 0.025808545 
650 252 17 20 0.02572212 
876 230 9 12 0.025691098 
206 326 12 15 0.025683124 
397 351 9 12 0.025664994 
255 199 8 10 0.025653264 
187 389 14 18 0.025629021 
959 261 9 12 0.02558595 
86 309 8 12 0.025571605 
538 467 17 20 0.025565987 
308 255 18 22 0.025516082 
112 296 9 11 0.02550589 
345 160 7 9 0.025493197 
238 255 8 11 0.025489977 
28 370 12 16 0.025450777 
943 326 11 14 0.025433123 
254 207 8 10 0.02539562 
320 190 8 10 0.025363509 
949 229 10 13 0.025334788 
410 182 8 11 0.025324108 
467 193 13 14 0.025313329 
442 199 9 11 0.025252823 
253 453 12 17 0.025243694 
460 350 11 14 0.02522139 
999 192 8 10 0.0251403 
272 186 6 7 0.025107827 
480 184 64 78 0.025046904 
352 252 9 11 0.025036134 
402 145 7 9 0.025003042 
350 159 7 9 0.02497236 
244 617 19 25 0.024963098 
848 221 10 14 0.024947988 
381 453 12 15 0.024932446 
53 386 12 16 0.024917142 
819 244 10 13 0.024868766 
399 159 8 10 0.024805762 
968 253 9 11 0.024705634 
206 207 7 9 0.024657903 
128 335 8 11 0.024648992 
80 453 11 14 0.02460719 
450 426 14 20 0.024599575 
135 237 9 11 0.02456884 
408 361 13 16 0.024565674 
28 347 12 16 0.024502037 
376 255 8 10 0.024482809 
304 191 8 9 0.02447338 
794 469 19 21 0.024467088 
250 247 8 11 0.024420684 
344 164 7 9 0.024416875 
255 351 13 17 0.02434883 
352 240 8 11 0.024311928 
596 653 13 18 0.024228785 
328 174 7 9 0.024211327 
384 145 8 9 0.024192808 
53 367 12 13 0.024153078 
407 369 21 25 0.024138745 
307 396 14 19 0.0241335 
326 371 11 14 0.02410134 
255 240 9 9 0.024009354 
298 272 18 23 0.024006544 
410 537 22 31 0.023986096 
144 255 9 10 0.023984753 
972 290 11 14 0.023984307 
238 245 8 10 0.023908382 
248 228 8 9 0.023872878 
1015 244 9 13 0.023745263 
222 257 18 24 0.023730975 
254 341 14 18 0.02371901 
595 661 16 18 0.023711318 
431 192 8 10 0.023577726 
451 276 11 13 0.023559723 
806 225 14 16 0.023535477 
96 286 9 13 0.023505725 
124 421 13 19 0.023455558 
72 310 10 12 0.023441603 
278 232 8 10 0.023432795 
344 216 9 10 0.023371868 
926 356 12 15 0.023362767 
902 295 12 14 0.023354663 
1000 237 8 11 0.02333114 
60 277 10 13 0.023305975 
67 410 13 16 0.023300527 
80 368 10 12 0.023294037 
278 261 9 12 0.02325871 
440 232 10 12 0.023248233 
49 313 19 24 0.023209384 
725 402 12 19 0.02316831 
265 255 7 10 0.023138875 
382 437 12 14 0.02311367 
257 286 8 12 0.023011956 
455 356 13 16 0.023002636 
914 416 14 20 0.023002295 
408 159 8 9 0.022981215 
880 407 20 27 0.022974325 
320 200 8 10 0.022961747 
192 339 11 15 0.022959586 
93 365 10 13 0.022952687 
993 298 10 14 0.022944445 
763 437 13 15 0.022899985 
329 238 8 11 0.022879092 
279 308 10 13 0.022877367 
192 278 9 11 0.022872953 
603 424 17 18 0.022858772 
264 186 7 9 0.022837715 
869 345 13 16 0.022809777 
10 334 11 16 0.022801287 
910 222 9 11 0.022799628 
950 263 9 12 0.022764474 
295 544 18 23 0.02276361 
159 339 11 14 0.02275107 
811 184 19 23 0.022729632 
433 172 7 9 0.022636393 
163 317 11 15 0.02258556 
0 382 9 15 0.022577722 
117 414 12 14 0.022496678 
368 326 9 12 0.022478355 
429 151 8 11 0.022468027 
403 444 11 13 0.022447012 
893 492 25 29 0.022394462 
871 279 9 11 0.022336124 
278 417 16 21 0.022331374 
878 193 7 9 0.022289753 
943 263 10 13 0.022225749 
978 232 19 23 0.022221109 
991 389 20 30 0.022208625 
29 338 12 17 0.022199336 
338 421 12 16 0.022189876 
333 233 19 23 0.022012288 
716 395 15 21 0.022008575 
375 144 6 8 0.02199012 
293 316 13 15 0.021988714 
517 309 12 15 0.02196595 
305 183 7 9 0.021949943 
160 215 7 9 0.021920603 
306 408 15 21 0.021902679 
24 351 18 25 0.021882769 
247 294 9 12 0.021875838 
392 284 9 10 0.02183129 
415 159 8 9 0.021825172 
118 239 9 12 0.021804491 
844 237 11 14 0.021804258 
903 231 9 12 0.021755543 
643 666 15 14 0.021749664 
339 433 11 14 0.021728804 
86 371 11 14 0.021703886 
238 201 9 10 0.02163113 
248 207 9 10 0.021607019 
311 344 11 16 0.021577453 
119 316 10 13 0.02155127 
400 167 7 10 0.021508578 
177 216 7 9 0.02147655 
323 342 13 15 0.021463946 
317 144 9 11 0.021458877 
382 223 8 10 0.021437429 
377 175 7 9 0.021436242 
976 231 11 12 0.021407608 
256 185 8 10 0.021401988 
911 331 11 14 0.02140025 
703 517 13 14 0.021398244 
500 405 10 12 0.021328758 
376 167 7 9 0.0213002 
920 211 9 12 0.021299595 
422 355 25 27 0.02129887 
253 317 12 15 0.021273082 
636 441 18 23 0.021268662 
881 311 9 12 0.021263452 
289 229 8 10 0.021257518 
318 339 12 17 0.021239014 
606 268 14 16 0.021233395 
351 262 10 12 0.021228334 
143 214 8 9 0.02119954 
452 237 10 13 0.021136865 
990 275 10 12 0.02113544 
67 428 12 15 0.021123536 
179 370 12 17 0.02102422 
961 328 8 11 0.021007165 
23 387 12 14 0.020999186 
343 192 8 9 0.020954574 
71 317 10 13 0.020895792 
462 204 11 13 0.02089032 
328 387 11 15 0.020888604 
996 316 11 14 0.02086491 
966 326 9 12 0.020855734 
145 208 7 10 0.020854183 
141 224 8 9 0.020854078 
48 323 11 14 0.020822546 
313 452 15 21 0.020806367 
998 268 9 11 0.020796418 
842 253 9 13 0.020784684 
914 308 11 14 0.0207272 
786 183 9 12 0.02069032 
474 411 16 18 0.020680187 
409 213 8 11 0.020673046 
69 341 20 24 0.02066039 
972 301 10 13 0.020540342 
861 412 14 17 0.020535903 
401 320 9 12 0.020522296 
223 208 7 9 0.020509603 
452 262 10 13 0.020492902 
103 389 11 14 0.020466868 
942 309 10 13 0.020433942 
446 227 12 15 0.020408912 
414 137 9 10 0.02035747 
36 339 11 14 0.020347435 
365 294 8 11 0.020339036 
270 359 13 19 0.02033865 
100 451 15 18 0.020321082 
464 182 10 13 0.020305838 
697 509 25 29 0.020292593 
473 263 9 11 0.02028607 
702 482 26 26 0.020277286 
175 320 13 15 0.020269807 
650 538 30 29 0.020253323 
388 268 12 16 0.02024683 
342 294 9 12 0.020215617 
217 192 7 9 0.020209713 
360 189 8 10 0.020185456 
78 272 9 12 0.020163972 
308 327 12 16 0.020150373 
54 335 18 23 0.020116813 
388 447 16 18 0.020110833 
393 160 7 10 0.020098578 
1015 221 8 11 0.020096865 
377 393 13 17 0.02008889 
