5_Car_Accident_Accident_5_633
82
242 278 16 25 0.93705434 
490 276 33 44 0.93171704 
103 78 57 108 0.80254686 
451 458 82 72 0.6823179 
617 298 43 54 0.5726907 
323 826 16 21 0.44759446 
161 284 18 24 0.39274296 
667 368 38 39 0.3508713 
815 319 9 12 0.28735328 
297 831 18 21 0.25247392 
510 436 54 61 0.171387 
535 507 95 116 0.16666809 
641 217 33 48 0.13480045 
919 345 23 28 0.12851599 
504 271 39 49 0.12736659 
82 122 69 81 0.12378899 
552 263 22 31 0.121834256 
302 805 10 13 0.10897357 
801 327 8 11 0.10333894 
255 468 41 52 0.097549886 
161 409 14 15 0.08594296 
291 841 469 584 0.082673326 
432 809 54 70 0.08263114 
821 338 11 15 0.07899645 
894 351 14 19 0.0598895 
805 328 8 11 0.05797366 
0 145 12 23 0.053099655 
345 819 11 15 0.051787816 
308 971 66 56 0.050506804 
386 298 12 14 0.050317973 
523 268 29 43 0.045479566 
534 264 29 39 0.04263222 
562 269 16 23 0.039047766 
477 432 80 86 0.038977787 
323 938 58 59 0.03840123 
572 483 107 131 0.036499374 
220 249 12 17 0.035405368 
471 399 94 85 0.03485161 
305 828 15 20 0.034727324 
854 327 11 11 0.034482114 
56 76 82 118 0.034358878 
486 256 30 47 0.03216387 
943 566 63 81 0.03122237 
255 883 15 22 0.03095673 
592 282 45 62 0.030848462 
294 806 23 27 0.030819941 
299 820 15 18 0.029405216 
492 274 17 25 0.028141614 
654 526 23 28 0.028083546 
613 289 33 42 0.027973235 
635 289 29 47 0.027260605 
285 830 14 17 0.027105644 
783 331 9 11 0.027037818 
444 372 70 55 0.02694108 
534 439 84 106 0.026846007 
942 369 35 39 0.026612889 
906 347 24 29 0.026586063 
820 345 14 18 0.026267195 
218 259 14 20 0.026103819 
793 318 8 10 0.02574856 
546 552 67 85 0.025158634 
198 846 56 63 0.025014466 
386 604 18 23 0.024865141 
469 456 103 118 0.024166746 
271 329 15 18 0.023856195 
319 822 14 19 0.023752129 
541 262 39 52 0.023512015 
571 273 13 19 0.022746123 
307 1092 58 74 0.022728177 
150 289 15 19 0.022643669 
663 279 38 58 0.022593772 
849 327 10 11 0.022411793 
855 320 9 11 0.022241376 
318 909 67 67 0.021853505 
148 284 25 34 0.021447642 
323 39 108 140 0.021245087 
92 155 39 44 0.021135584 
440 861 52 66 0.020867724 
799 321 8 10 0.02070319 
330 823 14 19 0.020603431 
516 390 65 77 0.020345636 
235 638 56 67 0.020140614 
