5_Car_Accident_Car_Crash_5_773
30
325 411 17 22 0.91843873 
394 425 17 22 0.91804504 
686 439 15 18 0.87720454 
630 444 14 17 0.84586096 
550 426 16 21 0.8028476 
465 434 16 20 0.5142098 
720 478 12 16 0.11675488 
3 452 25 31 0.107126705 
493 472 8 10 0.09939645 
658 297 12 16 0.059160966 
731 448 16 18 0.05635456 
514 285 12 14 0.051193114 
583 450 11 14 0.048144553 
570 409 14 19 0.036446434 
604 449 11 15 0.030152585 
491 475 9 11 0.027254598 
653 447 10 13 0.026938565 
670 374 12 15 0.02635511 
937 468 23 33 0.024762359 
379 434 15 17 0.024180414 
1005 188 15 19 0.023768222 
727 443 14 19 0.02230784 
299 460 11 16 0.02173558 
614 454 11 12 0.021505326 
531 436 11 13 0.021306628 
655 373 9 12 0.021046797 
712 483 13 16 0.020899778 
633 549 9 12 0.02088421 
757 447 16 23 0.020734482 
399 449 23 29 0.02002683 
