5_Car_Accident_Accident_5_388
29
135 159 21 26 0.9707407 
211 266 20 22 0.9263891 
55 124 24 28 0.6833047 
250 248 19 21 0.47018814 
64 130 23 26 0.34668452 
215 270 24 28 0.17961186 
137 150 18 20 0.12099293 
31 160 27 33 0.10426802 
892 286 22 27 0.05075577 
218 282 27 36 0.03832781 
256 254 19 20 0.036525164 
877 273 14 17 0.035751957 
552 130 18 20 0.035145998 
109 158 10 14 0.034652673 
880 165 9 11 0.03188602 
453 200 8 12 0.031489577 
701 255 44 54 0.028568467 
73 141 17 21 0.0258539 
220 285 16 22 0.025179394 
507 168 61 67 0.02481291 
226 295 27 36 0.023676068 
490 177 55 70 0.022809118 
229 304 15 21 0.022405088 
481 206 57 78 0.02177239 
477 226 11 16 0.021395689 
77 154 14 17 0.021264702 
301 275 16 21 0.02102389 
533 158 16 19 0.020741219 
11 268 40 62 0.020643217 
