5_Car_Accident_Car_Crash_5_868
18
306 208 50 63 0.99925536 
438 281 45 55 0.8304582 
218 152 29 29 0.16935374 
228 226 61 52 0.14289011 
232 244 36 32 0.0774205 
912 182 37 35 0.07215493 
244 235 32 30 0.045372136 
406 49 426 443 0.04137045 
235 141 15 19 0.030776097 
245 147 13 16 0.027718652 
168 118 428 497 0.027215235 
262 230 30 39 0.027098041 
455 296 19 26 0.023901686 
255 228 53 63 0.023843883 
-13 -27 195 231 0.021928795 
267 238 17 22 0.021554397 
601 -20 418 489 0.020561904 
892 170 59 57 0.020352947 
