5_Car_Accident_Accident_5_777
102
759 148 14 19 0.9683631 
826 152 14 18 0.9301471 
500 142 25 29 0.91971993 
634 148 18 22 0.8454505 
795 149 11 15 0.7048508 
726 166 14 17 0.57384527 
853 197 14 19 0.4751 
597 167 13 15 0.41879463 
181 284 25 26 0.2755755 
549 158 13 16 0.18368003 
118 316 22 28 0.16709217 
949 170 14 15 0.14514701 
889 161 15 17 0.13995767 
886 202 14 18 0.12593633 
383 240 11 13 0.12465584 
379 223 11 13 0.11726362 
603 170 12 16 0.11651812 
403 257 16 19 0.093354344 
891 178 16 19 0.083768174 
167 293 12 16 0.07915459 
944 170 12 14 0.07410354 
367 244 9 11 0.0739707 
628 170 16 19 0.073441714 
173 285 21 27 0.06993784 
141 280 27 29 0.061376344 
984 212 14 16 0.060002036 
540 171 16 20 0.055965275 
978 254 16 21 0.05589971 
524 147 15 19 0.05190226 
512 148 16 22 0.050033513 
982 230 12 14 0.046567004 
628 157 23 24 0.046507135 
527 151 20 24 0.04329207 
374 246 9 11 0.042423572 
140 84 252 308 0.040780514 
903 212 12 14 0.040751666 
658 171 22 29 0.040506866 
909 211 12 14 0.040408067 
538 157 21 25 0.03689624 
976 230 12 15 0.034596488 
723 168 23 27 0.034533117 
889 195 16 20 0.034179434 
877 239 18 21 0.033516392 
887 169 14 18 0.033301424 
866 211 15 19 0.033241663 
242 267 12 15 0.031666134 
400 230 9 12 0.03147679 
400 252 12 15 0.03100843 
26 206 8 11 0.030356685 
910 162 11 16 0.029815575 
364 172 9 11 0.029747967 
899 161 13 16 0.02950134 
862 165 11 14 0.028759575 
918 155 11 16 0.02844789 
388 243 9 12 0.028225813 
870 179 11 14 0.02806511 
887 186 14 16 0.027693968 
186 288 42 48 0.027595203 
925 156 11 14 0.026870178 
771 147 14 16 0.026251217 
360 168 9 11 0.026071714 
405 232 9 10 0.025511527 
897 201 22 28 0.025365263 
928 235 13 15 0.025039345 
99 294 15 19 0.024994468 
887 221 13 14 0.024952965 
918 150 10 14 0.024927922 
897 171 15 18 0.024767648 
861 209 13 18 0.024725467 
836 173 13 16 0.02451505 
678 159 15 17 0.024371415 
781 148 12 16 0.024305912 
974 239 26 33 0.023962326 
190 279 29 35 0.023617744 
521 148 372 456 0.023442432 
257 273 16 20 0.023153251 
962 221 43 58 0.023115048 
751 153 14 19 0.023088919 
345 175 9 12 0.022983098 
955 167 12 15 0.022948785 
401 266 12 17 0.022948252 
740 163 13 17 0.022732213 
956 178 13 15 0.022699926 
154 282 16 19 0.022580728 
902 207 25 32 0.02252011 
833 153 12 17 0.022273399 
405 247 14 16 0.022155024 
353 191 9 10 0.02209309 
350 252 10 12 0.021679804 
980 212 22 27 0.021362731 
930 254 27 31 0.021342922 
388 269 11 14 0.02123829 
1014 252 11 18 0.021040713 
391 228 9 13 0.02085304 
400 235 10 13 0.020697417 
880 163 11 15 0.020677762 
835 185 14 18 0.020674739 
360 246 9 11 0.020652266 
635 175 223 303 0.020439625 
879 202 15 19 0.020335369 
137 288 39 43 0.020292476 
169 302 46 52 0.020039793 
