5_Car_Accident_Accident_5_982
37
321 240 45 62 0.9985184 
733 202 45 57 0.9975969 
474 226 42 56 0.98225963 
612 212 13 17 0.33746025 
903 88 29 35 0.075613245 
422 392 24 35 0.052571844 
726 516 87 140 0.051608603 
565 499 18 24 0.04091125 
812 133 14 17 0.040666565 
835 133 16 22 0.037628323 
727 570 50 79 0.03709847 
835 334 18 21 0.03499071 
832 202 14 19 0.034504347 
808 345 46 48 0.034333456 
401 226 24 30 0.03281969 
988 90 14 19 0.032688715 
826 336 30 34 0.031849768 
861 43 11 13 0.03010961 
653 184 12 15 0.029345734 
814 116 13 16 0.028124472 
382 368 23 34 0.027938087 
41 152 458 465 0.027455905 
982 68 12 15 0.026730003 
415 260 13 17 0.024504764 
861 12 10 13 0.024109794 
644 304 96 114 0.023794942 
905 79 45 55 0.023127422 
686 230 31 39 0.023072954 
101 269 96 109 0.023032155 
836 235 17 25 0.022584926 
659 323 58 73 0.022504007 
983 84 23 31 0.02238479 
812 123 14 16 0.020718386 
356 193 46 58 0.0202654 
311 117 13 17 0.02020956 
818 112 16 19 0.020078206 
826 354 18 23 0.020055495 
