5_Car_Accident_Car_Crash_5_365
64
275 161 37 36 0.9900682 
930 143 17 20 0.38815972 
827 194 15 17 0.3574946 
222 122 13 15 0.2650108 
923 181 28 30 0.18597946 
914 146 26 33 0.17727095 
513 352 58 79 0.13807213 
935 155 27 28 0.11750003 
688 33 9 11 0.08063869 
703 18 11 14 0.07986134 
228 119 11 13 0.073988184 
661 26 9 11 0.06622181 
603 10 19 22 0.06377131 
221 165 11 15 0.06110103 
575 0 20 18 0.054312773 
667 298 23 25 0.051348537 
207 383 35 33 0.05073799 
821 195 26 27 0.050457433 
924 164 32 35 0.04943083 
693 36 10 13 0.049381286 
489 352 107 126 0.043462962 
756 476 12 13 0.042602018 
586 34 16 21 0.041574758 
700 290 43 51 0.041224197 
231 114 8 10 0.040747717 
843 531 20 19 0.039360333 
541 0 11 11 0.03669352 
770 259 55 71 0.035770934 
619 2 14 15 0.034266423 
288 117 12 16 0.03393855 
534 -1 12 11 0.033739757 
937 168 21 22 0.03315846 
749 447 12 13 0.031492326 
722 22 8 11 0.029770695 
677 66 385 466 0.029630655 
830 580 22 30 0.029629039 
613 18 15 20 0.028760035 
203 385 57 48 0.028109444 
213 148 13 17 0.027967528 
687 302 43 48 0.02765086 
617 44 27 33 0.027101036 
897 221 26 30 0.026154077 
700 38 12 14 0.02613215 
220 145 13 17 0.025657598 
912 154 13 19 0.025575347 
217 119 12 15 0.025340442 
837 613 14 21 0.024419127 
566 0 17 17 0.024223413 
611 3 17 17 0.023686757 
448 313 50 55 0.023360368 
527 -1 13 11 0.022820812 
695 309 14 18 0.02221903 
935 177 22 24 0.021849276 
727 438 13 14 0.021689635 
584 2 19 19 0.021230333 
204 150 13 17 0.021158878 
559 652 11 12 0.020991761 
225 128 16 17 0.020311942 
697 20 11 13 0.020281162 
277 199 15 17 0.02014914 
587 20 26 31 0.02013469 
691 34 22 27 0.020076264 
207 149 23 31 0.020025704 
917 184 19 22 0.020021655 
