5_Car_Accident_Car_Crash_5_644
24
651 134 212 289 0.99982387 
52 229 254 286 0.9996209 
465 692 108 123 0.5594615 
336 602 92 123 0.2947125 
859 752 31 43 0.09575247 
926 598 56 68 0.043670222 
114 196 69 70 0.043049227 
89 171 118 132 0.04183198 
136 216 40 36 0.039760727 
73 116 211 282 0.03453758 
204 508 93 110 0.028118057 
903 801 30 34 0.027624939 
857 730 48 58 0.02638007 
879 579 107 112 0.025662545 
996 770 23 37 0.025660243 
604 195 387 483 0.02517738 
338 1 16 18 0.02493993 
870 741 13 16 0.024881538 
343 649 100 124 0.024820564 
685 263 151 184 0.023677705 
251 478 211 265 0.023015643 
92 585 108 108 0.022551347 
347 729 74 64 0.021866014 
976 27 27 34 0.020852553 
