5_Car_Accident_Car_Crash_5_866
47
246 109 51 64 0.75672895 
355 83 71 61 0.5688406 
384 223 46 47 0.25671637 
485 86 35 44 0.22411896 
66 92 60 79 0.1540488 
702 439 40 44 0.12499499 
739 9 56 54 0.08758754 
468 106 84 114 0.086306565 
454 304 89 114 0.07018372 
376 81 42 42 0.06794164 
626 136 33 42 0.05755589 
452 89 45 64 0.049367096 
671 174 18 22 0.043652322 
801 0 41 47 0.040613927 
643 153 13 18 0.035255928 
438 51 85 110 0.03493664 
333 91 64 61 0.034811497 
363 103 40 43 0.033287786 
371 214 42 45 0.033112593 
438 312 77 72 0.029983623 
665 163 26 29 0.029494064 
404 85 54 64 0.02938814 
333 122 52 56 0.028966542 
465 390 36 38 0.028857995 
503 123 79 106 0.028381636 
437 113 48 67 0.028306391 
72 227 43 56 0.02777056 
112 84 50 64 0.027086202 
501 87 27 34 0.026904225 
731 206 24 30 0.02644432 
464 71 50 65 0.024678333 
7 253 28 39 0.024312912 
780 6 47 53 0.02361034 
383 200 42 42 0.02356658 
250 65 57 67 0.023548787 
630 451 68 65 0.023387447 
646 481 64 64 0.023355782 
194 349 48 71 0.023165582 
118 180 54 66 0.022895979 
605 419 48 55 0.022502203 
685 272 52 58 0.021872167 
229 86 51 70 0.021520464 
707 282 32 36 0.02109686 
512 89 17 23 0.020627283 
295 93 33 42 0.020212796 
235 137 34 40 0.020126522 
305 175 39 54 0.020076517 
