5_Car_Accident_Accident_5_202
53
990 73 19 23 0.8620295 
822 76 15 20 0.7812387 
743 90 17 19 0.5979752 
898 84 14 18 0.5189855 
760 83 13 17 0.46205625 
923 71 27 34 0.44955784 
399 349 23 27 0.17645685 
793 80 8 10 0.14602923 
966 150 10 13 0.14402248 
969 68 15 19 0.13974491 
727 206 106 128 0.087437436 
712 86 9 11 0.07654239 
417 -4 367 465 0.07055794 
570 105 8 9 0.06393552 
862 261 10 14 0.063752115 
-1 405 24 36 0.061148997 
750 84 20 22 0.056221463 
789 99 14 16 0.052195437 
696 93 8 10 0.048843 
573 108 8 10 0.047910705 
971 77 15 19 0.0459791 
964 144 11 14 0.043661382 
936 79 15 20 0.043490656 
975 65 21 27 0.04227541 
918 79 15 18 0.042146288 
474 168 30 35 0.04036359 
567 126 10 13 0.038691565 
8 106 27 38 0.03757477 
705 88 8 10 0.037281115 
566 120 9 11 0.034389965 
989 87 17 20 0.03331437 
960 141 12 14 0.031422704 
498 171 196 259 0.031233694 
729 89 8 11 0.031047024 
925 94 23 30 0.029451987 
828 71 11 15 0.029184053 
314 111 16 21 0.02617303 
917 60 10 12 0.026165897 
883 101 11 13 0.025884181 
809 94 10 14 0.025531927 
296 144 431 422 0.024113255 
941 48 15 18 0.023953266 
794 84 12 14 0.023901442 
724 278 13 16 0.02316383 
973 62 39 49 0.022404354 
958 145 22 28 0.021823524 
549 134 10 14 0.02181069 
860 95 16 17 0.021476397 
562 119 9 11 0.020756291 
856 197 52 73 0.020603105 
555 215 62 57 0.02050372 
928 142 11 12 0.020389382 
481 235 20 16 0.020078124 
