5_Car_Accident_Car_Crash_5_279
61
339 6 33 36 0.9899856 
663 349 28 39 0.555034 
967 444 13 15 0.12897523 
267 505 89 117 0.11078381 
249 18 24 30 0.08619688 
170 262 85 109 0.074549034 
210 251 94 106 0.07274208 
104 185 34 51 0.07150572 
2 340 13 18 0.055240005 
718 251 14 19 0.051012725 
701 254 37 51 0.049787592 
659 322 15 21 0.049418814 
717 248 25 30 0.047117148 
468 407 54 74 0.039260704 
463 138 110 136 0.039138906 
408 161 67 79 0.039019015 
319 32 10 12 0.038696907 
234 284 96 108 0.038160488 
994 470 27 45 0.037909884 
667 368 20 28 0.03659423 
790 357 15 15 0.03602666 
963 438 22 27 0.034693882 
19 278 64 69 0.032652885 
748 316 11 14 0.032410495 
346 32 19 23 0.032336634 
655 331 30 37 0.032286633 
534 76 13 15 0.031157676 
105 176 58 75 0.03098833 
708 266 16 21 0.030428551 
767 304 55 60 0.029145023 
171 646 25 35 0.029143754 
11 242 26 34 0.02895107 
775 360 33 38 0.028521307 
54 191 31 38 0.027773397 
438 154 176 207 0.026817016 
763 342 52 63 0.026715383 
260 268 67 77 0.026647212 
235 434 37 39 0.025992071 
420 135 107 124 0.02586393 
716 301 48 66 0.024865163 
620 209 31 34 0.024526296 
645 313 25 34 0.024305686 
0 335 22 31 0.024211261 
728 382 11 14 0.024197793 
285 107 18 20 0.024151294 
92 146 96 124 0.023943383 
729 250 15 18 0.023896448 
710 268 49 66 0.023029586 
915 477 29 38 0.022724604 
740 414 15 16 0.022449207 
882 389 51 65 0.022424795 
696 268 27 34 0.022318719 
793 362 15 17 0.02230811 
734 291 49 62 0.022052225 
659 336 16 21 0.021812841 
176 649 10 16 0.021605784 
152 152 103 125 0.021337386 
469 367 93 98 0.021269532 
683 271 26 32 0.02106638 
672 346 19 26 0.020388925 
176 248 59 78 0.020254927 
