5_Car_Accident_Accident_5_510
169
277 272 34 42 0.95619 
579 463 37 55 0.9452835 
389 239 26 34 0.9444542 
195 291 36 42 0.9412149 
343 210 28 32 0.9336232 
51 244 40 57 0.7684961 
242 251 27 32 0.7625064 
317 281 29 35 0.72317827 
563 679 351 445 0.5073514 
416 239 31 36 0.28832465 
433 241 28 37 0.2089031 
342 999 11 14 0.18877448 
85 234 45 58 0.18843848 
88 276 35 41 0.17297836 
377 1017 10 13 0.16968928 
439 449 49 70 0.16357872 
237 239 26 32 0.14115253 
419 254 23 29 0.12617692 
360 989 10 11 0.11468562 
687 776 210 293 0.106173925 
515 228 17 20 0.10401945 
4 813 10 12 0.1032605 
450 457 445 456 0.10026863 
540 244 15 17 0.09385186 
353 383 15 20 0.092692494 
542 958 13 15 0.08231368 
380 436 110 155 0.073809005 
104 716 69 77 0.06779344 
372 244 24 32 0.066827774 
376 237 12 17 0.066523835 
289 256 25 32 0.06615751 
305 276 29 37 0.065340154 
420 237 20 23 0.06463192 
352 288 16 23 0.06156902 
287 1009 11 13 0.061479345 
508 557 50 57 0.060936995 
526 974 11 13 0.060691494 
577 530 221 331 0.059216525 
475 252 27 46 0.05825972 
574 451 11 16 0.057454154 
218 1163 46 65 0.057056773 
113 232 40 51 0.057018325 
268 276 26 33 0.05570342 
701 269 15 17 0.053525362 
47 604 13 17 0.052146014 
549 964 10 11 0.051225506 
45 44 11 15 0.047650002 
672 451 50 57 0.047230143 
188 619 189 229 0.046845395 
537 958 10 12 0.046721417 
366 1223 9 11 0.04653623 
507 224 28 32 0.046458177 
490 459 39 52 0.045961265 
74 255 32 49 0.045109123 
293 984 105 150 0.04498997 
577 294 361 448 0.04338418 
301 -22 401 448 0.042197198 
725 256 12 15 0.039832897 
762 228 22 25 0.03981442 
190 243 17 20 0.039073564 
876 1081 16 20 0.037664995 
575 455 29 42 0.036437266 
1006 726 11 16 0.03631774 
887 827 30 35 0.035129298 
884 1220 24 30 0.035099044 
274 256 24 31 0.03479535 
205 230 12 14 0.034647897 
306 262 19 21 0.0346005 
700 246 10 14 0.034439273 
332 256 23 25 0.03431508 
261 283 15 20 0.033950973 
416 459 66 98 0.03394583 
535 952 9 10 0.03369344 
452 242 39 49 0.033555005 
335 1015 9 12 0.03330956 
509 159 20 27 0.033064064 
365 254 25 32 0.03228666 
594 466 46 56 0.03199015 
73 718 60 66 0.03169123 
612 940 12 13 0.03145472 
68 1253 15 21 0.031435326 
0 10 11 16 0.031273223 
4 4 13 17 0.030995548 
440 645 55 60 0.030472519 
36 1292 12 16 0.030233115 
882 779 51 59 0.030224456 
111 704 110 126 0.030200645 
506 1004 8 10 0.02907899 
445 238 30 39 0.02904539 
427 295 20 22 0.028665 
299 249 26 30 0.028245898 
365 256 16 20 0.028031299 
559 1093 10 12 0.027907014 
15 790 12 15 0.027838154 
158 261 13 18 0.027802581 
574 861 16 18 0.027540548 
533 972 13 15 0.02728456 
282 248 24 29 0.026883459 
999 734 11 14 0.026861846 
306 273 18 24 0.026360506 
152 254 41 49 0.026071932 
247 271 28 34 0.025790961 
628 78 26 30 0.02566447 
423 1216 6 8 0.025260655 
300 237 25 28 0.025238717 
419 1002 24 29 0.024847792 
382 300 20 27 0.024791427 
13 877 9 13 0.024668682 
554 1008 11 14 0.024652211 
47 31 10 12 0.024305956 
302 235 16 18 0.02415075 
372 233 23 28 0.024110096 
263 252 24 32 0.023965625 
262 643 125 146 0.02389673 
700 263 25 29 0.02386535 
965 1084 14 20 0.023834016 
411 318 30 45 0.023759825 
478 245 12 16 0.02366987 
911 1084 12 15 0.023631994 
242 228 27 29 0.023372648 
636 461 47 55 0.02320543 
446 221 12 15 0.023099516 
1013 713 11 17 0.022936009 
354 222 26 33 0.022874136 
627 1148 238 251 0.022803232 
237 252 18 24 0.02278317 
18 718 25 30 0.02277857 
342 1216 7 8 0.022732265 
805 1000 25 33 0.022629227 
528 951 9 9 0.022486582 
103 283 37 37 0.022106769 
480 93 12 14 0.022056855 
348 1003 9 12 0.0220433 
999 703 20 33 0.022002382 
568 965 12 12 0.021946209 
559 434 48 66 0.02189092 
280 298 27 32 0.021723613 
102 881 15 20 0.0217093 
748 920 31 39 0.021685194 
91 541 10 12 0.021682039 
615 461 44 56 0.02165129 
388 229 16 19 0.021588234 
140 478 341 461 0.021580238 
178 243 23 28 0.021557447 
399 1206 7 9 0.021261267 
396 274 14 21 0.02122956 
236 235 18 21 0.021214068 
548 236 14 16 0.021182468 
302 307 13 18 0.021089558 
509 1000 11 13 0.021067044 
285 309 16 20 0.020960297 
218 292 29 37 0.020848308 
895 1216 27 32 0.020775145 
276 251 15 18 0.020704102 
303 1005 9 12 0.020680118 
473 982 411 492 0.020672278 
394 264 25 33 0.020467073 
410 261 28 32 0.020368358 
710 258 23 30 0.020280316 
595 654 17 22 0.02022688 
267 282 16 22 0.02022312 
924 1099 12 17 0.020152483 
67 233 29 46 0.020150043 
457 260 54 51 0.020137431 
291 244 16 19 0.02011859 
374 1010 20 24 0.020118374 
535 964 14 16 0.020069677 
768 809 18 18 0.020041207 
492 544 88 98 0.020031046 
