5_Car_Accident_Accident_5_34
52
762 65 25 32 0.99143934 
691 51 18 24 0.95984185 
607 61 21 28 0.9467913 
526 69 14 19 0.81713086 
94 76 12 15 0.15200362 
448 242 35 46 0.11911378 
635 9 15 16 0.08886488 
564 4 17 20 0.080602296 
702 34 39 48 0.07262423 
69 189 373 425 0.06474441 
717 54 27 34 0.060171697 
526 95 9 11 0.056845296 
651 74 12 14 0.0481241 
41 64 19 28 0.04716935 
217 273 220 257 0.045899298 
710 24 31 33 0.044280484 
610 2 16 18 0.043792672 
982 7 15 18 0.042434763 
710 58 13 16 0.041635524 
985 3 25 30 0.038207423 
612 56 12 15 0.035394628 
679 37 8 10 0.034724697 
643 3 15 16 0.034136456 
1005 236 12 16 0.03331309 
886 5 22 31 0.03311235 
359 71 9 11 0.03119175 
247 116 45 58 0.030906912 
892 1 12 12 0.030280381 
157 33 12 15 0.028847015 
619 34 13 15 0.028257614 
836 58 18 21 0.027574271 
888 4 12 15 0.027502466 
563 211 103 136 0.026187228 
620 3 14 16 0.025673881 
453 238 18 26 0.025529485 
1000 244 11 14 0.024401326 
708 64 14 18 0.02418229 
706 52 24 29 0.023937501 
760 35 12 14 0.023908487 
990 70 25 42 0.023682088 
218 254 482 471 0.0234104 
717 56 15 18 0.022800768 
422 255 48 63 0.022646999 
737 73 14 19 0.022645168 
644 69 21 25 0.022315193 
729 63 22 32 0.02171581 
972 7 16 18 0.021623503 
878 26 14 19 0.021569207 
530 62 14 19 0.021123787 
651 82 16 19 0.020577563 
408 57 11 13 0.020168845 
151 34 13 16 0.020049065 
