5_Car_Accident_Car_Crash_5_38
96
0 228 22 33 0.90013534 
832 234 11 13 0.5620648 
777 238 11 14 0.5154269 
324 92 46 40 0.49807525 
941 245 11 13 0.46508408 
69 269 14 19 0.4643202 
440 125 25 27 0.19842005 
915 237 9 13 0.18150239 
358 97 46 51 0.1285259 
888 243 9 11 0.10760589 
367 118 33 40 0.09363619 
705 434 115 120 0.09120599 
525 430 17 22 0.06868832 
339 99 47 52 0.067653276 
428 122 42 50 0.0668022 
797 279 13 18 0.06604939 
893 238 11 14 0.0646662 
777 262 18 20 0.064014345 
427 419 28 37 0.057344783 
306 72 49 48 0.05142519 
855 301 12 17 0.04937704 
427 125 27 31 0.047921672 
402 113 24 31 0.046871215 
963 289 20 20 0.045349296 
37 451 30 35 0.04390654 
428 137 15 18 0.043165594 
862 247 10 12 0.042349167 
878 238 11 14 0.04234456 
304 56 42 38 0.042092986 
902 271 8 10 0.04009492 
102 262 40 51 0.039349854 
110 194 12 16 0.03885845 
669 207 127 143 0.03839321 
373 108 49 57 0.0381287 
879 220 12 14 0.038092814 
128 203 11 14 0.037221514 
308 434 246 196 0.036310382 
898 219 12 13 0.03564628 
924 235 11 13 0.035290528 
913 232 10 13 0.033492573 
392 97 28 39 0.031506825 
66 259 22 26 0.031251833 
798 311 17 23 0.031003086 
536 437 28 33 0.030824378 
305 95 42 50 0.03053359 
318 116 54 68 0.030073702 
813 412 73 88 0.029856652 
377 126 19 24 0.029726386 
894 251 11 13 0.029589871 
421 153 44 63 0.028523799 
917 232 11 13 0.028218126 
775 249 21 27 0.02800369 
877 134 31 41 0.02790438 
886 333 9 13 0.027902992 
424 136 27 32 0.027899165 
884 219 14 16 0.027882328 
808 238 9 11 0.027631078 
495 120 14 17 0.02737077 
895 215 12 13 0.027365673 
428 373 13 14 0.027083108 
916 242 10 12 0.02687721 
866 324 15 21 0.026607493 
871 234 13 16 0.025966473 
439 401 42 56 0.025671883 
837 242 12 14 0.025351297 
572 377 37 54 0.024905303 
788 245 11 13 0.02483159 
774 234 18 23 0.02476245 
830 224 12 15 0.024739532 
133 203 12 15 0.024596266 
451 116 26 32 0.024436153 
886 226 12 14 0.024324412 
68 255 14 17 0.024044283 
506 431 18 23 0.0238996 
417 409 48 57 0.02346163 
414 115 24 30 0.023321042 
499 147 15 18 0.023268871 
862 221 11 16 0.023200395 
937 239 12 14 0.02317457 
401 393 87 104 0.023162773 
494 424 26 32 0.023123126 
500 429 15 19 0.022935685 
347 121 37 46 0.0228819 
844 229 10 14 0.022854965 
876 226 13 16 0.022401026 
911 328 10 12 0.02203844 
513 427 27 32 0.022017885 
428 153 27 38 0.02149576 
773 250 14 19 0.021469478 
937 250 12 13 0.021406163 
574 114 46 51 0.021279003 
401 173 45 70 0.021089174 
491 431 17 22 0.021071302 
463 113 24 31 0.020929895 
36 250 14 17 0.020609573 
407 426 28 35 0.020539267 
