5_Car_Accident_Accident_5_869
24
369 178 254 348 0.99982387 
815 1243 216 249 0.7539981 
486 1043 228 322 0.66449064 
333 897 402 477 0.33732954 
735 806 177 288 0.32830653 
710 1160 375 384 0.24109958 
854 351 112 149 0.16583587 
565 1017 350 443 0.15004805 
227 430 415 479 0.08159555 
509 1134 153 185 0.07811765 
763 876 111 184 0.0559689 
185 647 215 381 0.0484515 
704 681 293 443 0.038893636 
161 1061 434 495 0.03749577 
773 755 109 176 0.035620503 
113 107 111 140 0.034076743 
410 33 354 486 0.03355349 
593 1136 151 197 0.027304806 
149 618 405 535 0.026754465 
528 812 361 440 0.023537816 
573 4 18 19 0.022397745 
3 -9 385 513 0.021703301 
114 40 199 276 0.021189135 
845 61 203 263 0.02021305 
