5_Car_Accident_Car_Crash_5_544
21
494 39 204 277 0.9998178 
226 187 185 205 0.99876815 
63 227 57 76 0.9977882 
706 188 61 81 0.98824304 
39 267 26 42 0.6721471 
435 173 53 75 0.12713897 
-101 278 389 475 0.12045773 
-46 553 549 467 0.10542434 
497 416 396 490 0.068801925 
66 357 352 490 0.060717665 
858 267 25 31 0.04797646 
616 649 19 19 0.03859033 
811 448 198 312 0.03820439 
669 162 93 120 0.03493254 
484 307 44 59 0.033767827 
567 643 12 17 0.028315177 
116 232 41 61 0.02588731 
334 220 133 150 0.023696983 
630 622 14 19 0.023150861 
157 70 224 360 0.02159813 
615 653 25 28 0.020473493 
