5_Car_Accident_Car_Crash_5_133
33
235 228 16 20 0.6641835 
344 165 31 40 0.22707216 
712 102 11 14 0.1072637 
339 153 26 29 0.08814046 
230 185 34 41 0.06763639 
-3 97 350 440 0.05091949 
227 432 130 160 0.042619996 
368 138 93 103 0.0397606 
773 91 13 18 0.03874039 
224 167 30 37 0.035838563 
244 340 12 16 0.03211703 
722 62 10 13 0.031332918 
361 175 16 22 0.031274147 
758 102 11 15 0.030315978 
358 169 31 35 0.028385976 
921 108 11 14 0.027592555 
764 81 17 20 0.026598962 
246 330 12 15 0.026595159 
869 102 16 21 0.02659069 
848 59 13 18 0.026326917 
482 421 47 60 0.02628875 
3 257 25 28 0.025124395 
473 389 54 68 0.024994528 
617 502 106 88 0.024722813 
332 81 162 194 0.024312709 
271 387 10 13 0.024241483 
519 148 35 47 0.023423709 
577 42 124 151 0.022792384 
49 230 217 278 0.021967378 
147 280 45 51 0.02164205 
334 162 27 35 0.020897847 
759 92 22 27 0.02014725 
461 343 15 18 0.020028006 
