5_Car_Accident_Accident_5_177
251
906 160 16 19 0.973317 
749 184 17 21 0.9670752 
696 197 18 24 0.95926625 
989 188 16 22 0.9449955 
597 129 15 19 0.9398672 
394 208 17 21 0.93680364 
834 217 22 25 0.93124545 
301 209 20 23 0.9057814 
892 215 18 22 0.8919359 
808 271 24 32 0.8778038 
870 254 23 28 0.8499273 
639 232 14 23 0.72934043 
973 210 21 28 0.65842396 
912 242 17 23 0.6242607 
852 337 34 48 0.5400526 
879 257 22 28 0.49782354 
797 131 11 14 0.48727882 
832 325 23 35 0.443271 
881 181 14 18 0.4225196 
675 207 19 22 0.41475618 
671 125 14 18 0.36916828 
682 179 13 17 0.28084996 
685 199 21 26 0.27811804 
799 183 25 28 0.25793615 
886 259 25 34 0.24902584 
797 215 16 24 0.22223808 
672 216 22 30 0.21398355 
644 233 19 24 0.1900187 
795 289 26 35 0.18010992 
377 284 11 14 0.16263752 
623 97 11 15 0.14877741 
788 216 20 28 0.14423132 
834 328 38 48 0.1425322 
899 192 18 20 0.13679802 
765 223 22 28 0.12888439 
771 252 14 18 0.11800925 
437 392 17 18 0.1074071 
893 265 29 39 0.10419877 
691 420 10 13 0.103578135 
743 225 13 18 0.09860715 
775 222 23 28 0.09811734 
760 186 14 18 0.096866764 
348 267 10 12 0.09546251 
794 241 16 21 0.09405864 
618 276 15 19 0.08459284 
368 194 13 16 0.08385639 
261 148 13 15 0.08188053 
977 203 16 22 0.08056029 
231 142 10 11 0.07436797 
545 352 21 32 0.07254108 
781 180 11 16 0.070690274 
678 79 7 10 0.06940571 
888 184 20 25 0.06822197 
696 118 8 11 0.06654422 
896 203 21 26 0.065480225 
354 242 15 18 0.064858526 
688 431 9 10 0.06318775 
691 177 12 17 0.06112946 
233 148 10 12 0.05965764 
787 230 21 26 0.058683418 
675 117 15 18 0.05832122 
248 131 11 13 0.05785496 
773 238 22 26 0.05768145 
757 221 20 27 0.05733177 
923 277 23 29 0.05733022 
805 268 16 25 0.05638118 
999 188 15 19 0.05572108 
663 125 11 15 0.054154146 
650 186 15 18 0.053396508 
733 436 19 21 0.05211329 
725 187 15 20 0.050832696 
904 251 24 30 0.050439414 
340 220 11 15 0.04973373 
457 200 24 27 0.04932762 
493 332 14 19 0.04880016 
979 213 23 32 0.04877057 
254 130 13 14 0.047812838 
352 295 11 16 0.047578774 
591 105 12 15 0.047258105 
255 136 24 29 0.047208626 
621 78 9 11 0.0463304 
568 277 11 13 0.045244265 
905 265 17 23 0.044323422 
772 407 25 35 0.04411797 
672 71 9 11 0.043578018 
521 318 18 22 0.043187357 
883 189 16 21 0.042919535 
996 270 18 23 0.042573325 
680 165 12 15 0.04101684 
236 122 38 50 0.040843744 
906 266 27 34 0.040646173 
632 218 24 32 0.040645607 
341 215 12 14 0.04031451 
614 106 13 17 0.039859265 
865 350 19 29 0.03978475 
647 558 12 12 0.039574903 
993 193 17 23 0.039412633 
466 219 12 16 0.038470156 
464 210 14 16 0.0383622 
587 251 13 16 0.038311187 
542 351 14 19 0.038307287 
675 493 20 21 0.03747772 
890 180 14 17 0.03726301 
674 82 11 15 0.03703294 
590 200 13 15 0.036977332 
906 200 16 23 0.03653814 
667 180 14 20 0.03648721 
658 234 14 20 0.036373924 
259 133 13 16 0.03609524 
615 324 15 20 0.035639282 
635 181 15 17 0.03557185 
667 194 16 20 0.035400223 
703 282 12 15 0.03523969 
450 387 15 18 0.034585994 
428 394 16 20 0.033891756 
670 224 15 23 0.033711877 
93 96 10 12 0.033536654 
905 211 16 22 0.033074267 
628 116 10 14 0.03243968 
831 258 23 32 0.032008313 
831 344 51 60 0.031993706 
61 6 10 11 0.03189906 
342 423 11 15 0.031894203 
-24 165 456 517 0.031727884 
679 73 7 9 0.03171554 
825 275 23 31 0.031539932 
792 250 22 31 0.031445004 
687 582 32 30 0.031327788 
678 110 12 14 0.031177612 
532 364 28 38 0.030912988 
581 252 14 19 0.030683642 
304 193 22 28 0.030589147 
601 194 15 16 0.030578164 
269 140 11 14 0.030534623 
677 195 17 22 0.030513532 
208 136 7 9 0.030379599 
614 240 20 28 0.030340323 
430 233 14 18 0.03026229 
277 140 8 12 0.02989788 
514 237 14 17 0.02987077 
758 209 13 18 0.029641325 
510 257 14 18 0.02946315 
236 142 9 13 0.029237691 
792 128 12 15 0.028976157 
379 287 15 18 0.028768955 
371 313 57 65 0.028683713 
661 184 15 20 0.028666424 
133 66 10 11 0.028255675 
311 358 10 12 0.028009236 
919 246 18 23 0.02772398 
595 102 11 14 0.027535519 
996 226 27 34 0.027391702 
672 205 14 17 0.027361117 
288 152 9 12 0.027075164 
88 96 10 12 0.026808616 
629 109 9 14 0.026682772 
733 551 18 21 0.026556596 
898 224 21 28 0.026552824 
646 181 13 16 0.026512673 
779 248 14 19 0.0264937 
912 322 42 50 0.026443953 
724 200 14 18 0.026182031 
671 164 10 14 0.02609715 
510 317 15 19 0.025962168 
849 314 41 51 0.02592102 
829 322 17 27 0.025898006 
897 348 44 54 0.025811376 
701 116 9 13 0.025795896 
423 305 38 43 0.025778253 
645 77 8 11 0.025606055 
643 219 18 22 0.02552207 
640 193 27 32 0.025480917 
237 127 9 11 0.02546194 
616 212 21 29 0.025451178 
680 230 17 24 0.025375532 
798 276 16 25 0.025301801 
263 254 11 15 0.025079247 
734 644 14 17 0.024991164 
584 248 10 13 0.024925658 
919 288 24 33 0.024876578 
888 283 31 36 0.024875708 
549 363 25 32 0.024766445 
642 78 7 10 0.024740156 
228 126 21 27 0.02469661 
630 234 19 28 0.024587974 
729 191 16 22 0.024525244 
661 203 12 17 0.024433738 
365 221 13 17 0.024378339 
481 212 13 16 0.024315916 
615 94 20 25 0.02429923 
320 234 13 17 0.02427045 
798 136 13 16 0.024146706 
245 139 13 16 0.02396492 
646 174 12 14 0.02376135 
762 211 15 19 0.02347164 
622 105 12 17 0.023470975 
353 237 11 16 0.023452915 
323 196 13 18 0.023406582 
588 194 25 27 0.023370575 
632 186 13 16 0.023350518 
702 422 11 12 0.023333354 
1001 276 20 24 0.023269428 
626 153 15 16 0.023255136 
226 140 8 10 0.023174029 
587 332 11 15 0.02308684 
629 589 15 17 0.023072587 
650 229 16 20 0.023066247 
695 122 10 15 0.022912897 
687 249 13 16 0.022861438 
244 125 24 28 0.022833273 
809 181 18 21 0.022725074 
486 335 16 19 0.02249221 
631 185 26 30 0.022476345 
575 197 10 14 0.022394948 
401 203 18 22 0.022258636 
797 194 23 29 0.02219877 
687 414 11 15 0.02213961 
334 224 14 18 0.02209415 
575 188 11 13 0.021940984 
323 524 13 18 0.021939024 
278 156 11 13 0.021805312 
314 192 21 27 0.021745028 
764 413 25 38 0.021711366 
561 253 10 13 0.021672644 
128 93 9 11 0.021558052 
498 436 58 105 0.021510966 
582 231 10 13 0.02149368 
983 224 26 34 0.021376153 
485 321 24 31 0.021353494 
287 347 12 17 0.021242693 
279 276 12 15 0.021200301 
679 167 22 28 0.021083238 
388 501 11 13 0.021069443 
733 427 33 37 0.020974537 
914 202 14 21 0.020919912 
499 262 31 35 0.02091193 
821 329 28 41 0.020899579 
551 307 13 17 0.020739235 
440 389 23 26 0.020705028 
118 127 10 13 0.020640682 
128 68 12 12 0.020639742 
156 119 422 481 0.0205031 
269 330 16 19 0.020458728 
508 302 28 34 0.02037629 
231 127 10 14 0.020336714 
682 122 12 19 0.020305635 
686 117 10 14 0.02029854 
615 71 12 15 0.020287523 
576 330 12 15 0.020240957 
654 187 24 28 0.020127214 
420 279 15 16 0.020021811 
