5_Car_Accident_Accident_5_515
26
924 476 35 45 0.9799601 
128 380 42 52 0.7395582 
826 215 30 43 0.4362696 
469 208 28 32 0.4298656 
841 216 39 50 0.40715617 
452 208 46 52 0.13748804 
352 595 126 132 0.09769199 
856 237 28 33 0.087166086 
475 194 24 35 0.07529843 
500 209 13 19 0.0746799 
466 191 45 52 0.06261146 
490 197 20 33 0.04767171 
844 201 35 38 0.046328954 
478 192 16 21 0.045088463 
745 589 29 31 0.03246626 
856 201 18 19 0.029817602 
561 523 57 85 0.028691461 
620 460 18 22 0.027644863 
457 202 29 36 0.025723748 
323 428 34 37 0.024817951 
911 468 30 41 0.024708755 
162 482 28 31 0.02271726 
96 391 51 60 0.022171896 
830 217 16 24 0.021854341 
174 489 15 18 0.02056919 
730 202 53 55 0.020455958 
