5_Car_Accident_Accident_5_937
63
882 0 34 33 0.23462446 
749 0 32 28 0.21602182 
492 106 20 24 0.20720343 
153 0 9 11 0.15205126 
499 348 12 14 0.11563839 
651 44 17 22 0.105353504 
408 0 26 31 0.095258854 
594 106 14 19 0.0922888 
490 353 25 30 0.08712549 
663 208 11 15 0.08314567 
538 48 16 20 0.07802824 
644 594 32 29 0.07537994 
514 48 17 21 0.069032155 
171 16 29 34 0.06287544 
111 63 8 10 0.06173028 
175 5 10 12 0.055743374 
507 347 12 15 0.045635346 
573 105 13 16 0.045314524 
156 7 27 33 0.043256458 
352 0 11 11 0.042516615 
155 3 14 17 0.04126042 
175 1 9 9 0.041125465 
589 85 11 13 0.03997332 
589 207 9 13 0.03727487 
648 3 24 28 0.037024714 
356 4 10 12 0.036658116 
199 0 12 11 0.034540687 
357 14 9 12 0.034386694 
751 -4 50 47 0.033429876 
689 -1 18 16 0.033239815 
494 343 14 17 0.032648727 
126 71 11 14 0.03136614 
732 131 40 48 0.029515406 
688 51 16 21 0.029079383 
488 356 14 18 0.028871669 
122 71 21 28 0.028631419 
541 -1 17 15 0.028593896 
435 389 25 34 0.028199065 
453 102 15 19 0.027708044 
624 462 11 14 0.027395679 
133 80 16 20 0.027172806 
503 401 23 30 0.026689092 
503 13 26 31 0.026239168 
126 51 11 13 0.024923783 
642 410 10 13 0.024751374 
884 6 20 23 0.024477934 
682 99 27 36 0.0243672 
404 403 33 34 0.023509594 
937 97 26 32 0.023392728 
105 64 10 11 0.023287693 
149 1 24 31 0.022970531 
105 69 9 12 0.022843817 
781 10 31 32 0.022545679 
389 119 10 13 0.022320697 
0 108 10 16 0.02226111 
500 50 13 15 0.0219672 
839 -13 167 229 0.02169302 
502 454 60 67 0.021663351 
17 15 207 256 0.021056097 
507 397 14 17 0.020383826 
671 63 11 15 0.020129578 
426 5 13 17 0.020051733 
190 3 12 12 0.02000698 
