5_Car_Accident_Car_Crash_5_492
25
898 50 29 43 0.9174532 
966 353 21 28 0.1340193 
241 385 17 22 0.113284014 
790 4 34 36 0.103862055 
310 286 27 35 0.08553866 
220 335 27 32 0.07895846 
881 60 29 38 0.06605507 
625 296 118 135 0.06409727 
236 540 42 50 0.05729459 
303 775 24 32 0.03858938 
277 736 27 31 0.037202794 
250 283 12 16 0.03351951 
769 11 57 62 0.02987313 
969 12 52 76 0.029789496 
225 333 18 21 0.029616777 
28 276 14 20 0.027594991 
253 277 204 252 0.027587341 
276 407 412 497 0.025111994 
229 364 29 36 0.024357863 
626 195 148 159 0.022783825 
293 405 14 20 0.022420982 
176 37 414 485 0.020971878 
224 348 29 36 0.020740272 
204 357 25 35 0.020353027 
309 439 15 20 0.020231908 
