5_Car_Accident_Accident_5_460
133
113 312 20 24 0.9575935 
235 306 12 15 0.89123666 
61 312 14 18 0.6489285 
867 364 14 16 0.61890376 
271 314 10 13 0.5688361 
41 73 16 22 0.308952 
182 311 11 14 0.29580906 
158 308 12 17 0.28834543 
209 312 10 12 0.26006585 
255 315 11 14 0.21155258 
128 290 12 15 0.2040415 
3 296 12 18 0.19573095 
277 316 10 12 0.1807538 
918 352 11 14 0.17863345 
216 97 9 11 0.17177252 
204 114 16 18 0.15145527 
286 317 9 11 0.1494555 
263 316 9 13 0.1469051 
319 333 9 12 0.12869896 
213 314 10 13 0.123652734 
250 105 8 10 0.11642025 
428 140 10 12 0.11241933 
319 327 8 12 0.09879976 
177 315 11 14 0.09654726 
417 144 9 13 0.09007982 
341 117 8 11 0.08972873 
200 327 10 12 0.07937464 
209 107 14 17 0.0791084 
464 141 10 13 0.07372254 
223 315 9 12 0.070712715 
9 332 15 19 0.06808866 
165 302 11 15 0.06574853 
319 339 9 12 0.06395786 
973 350 10 11 0.06099261 
35 332 16 18 0.06098706 
426 137 8 9 0.060654417 
132 342 16 20 0.05931994 
10 325 14 16 0.05898341 
252 109 9 11 0.05871549 
923 357 11 12 0.058431465 
387 129 7 9 0.058249317 
887 364 11 15 0.057225194 
201 109 14 16 0.056149658 
873 363 14 17 0.053770598 
384 148 12 15 0.053387355 
181 323 12 15 0.05337367 
390 379 98 107 0.04985883 
150 313 12 16 0.04970149 
420 149 10 13 0.048791587 
390 132 8 12 0.04751645 
3 304 13 20 0.045192376 
888 359 10 12 0.04517306 
233 119 9 11 0.043827 
891 364 14 17 0.04244036 
312 333 10 12 0.041813303 
927 374 10 12 0.041403156 
423 140 10 13 0.041326307 
703 210 26 26 0.04003528 
385 133 8 10 0.040011756 
465 137 9 11 0.0390426 
77 331 16 20 0.038588263 
320 113 8 8 0.038280614 
318 321 8 11 0.037512876 
106 351 14 17 0.037476018 
0 313 11 17 0.037004326 
155 291 11 14 0.03694377 
237 118 10 12 0.036603846 
204 332 11 15 0.035675786 
232 313 12 15 0.034992766 
446 149 9 11 0.0340913 
204 324 11 14 0.033896524 
388 142 10 13 0.03357554 
215 332 11 16 0.03331284 
188 314 10 15 0.03316742 
283 322 13 15 0.033021957 
140 317 16 17 0.032286014 
302 341 10 13 0.031809375 
248 119 10 12 0.030898992 
313 327 10 13 0.03085642 
866 375 16 19 0.029473567 
247 323 13 16 0.02847392 
164 311 14 18 0.02844845 
300 360 12 16 0.02842273 
338 113 9 11 0.028243339 
174 321 14 17 0.028120324 
457 143 9 12 0.027740076 
180 330 14 20 0.027482083 
132 295 15 19 0.027381437 
217 99 12 17 0.026953919 
125 342 16 19 0.026846942 
583 216 39 45 0.026472853 
311 341 10 13 0.026444076 
429 147 10 13 0.02635112 
279 332 11 13 0.026281938 
899 371 13 16 0.026000991 
221 115 10 14 0.025939574 
149 298 14 18 0.025926862 
140 292 14 16 0.02571169 
323 334 10 12 0.025691157 
440 148 10 13 0.025657305 
188 331 11 17 0.02556752 
221 332 11 15 0.02552197 
44 64 14 17 0.025508227 
924 363 12 14 0.025476646 
183 429 10 14 0.02498276 
230 323 12 15 0.024810895 
913 354 13 15 0.02448158 
314 320 8 11 0.023995796 
325 116 10 12 0.02377197 
924 407 15 17 0.023684211 
422 166 11 14 0.023418806 
213 340 13 18 0.023404561 
31 338 14 17 0.023403233 
67 319 14 18 0.023247369 
269 310 17 23 0.023114294 
150 286 13 16 0.022729892 
172 310 20 24 0.022667062 
303 335 10 13 0.02264361 
456 149 9 12 0.022511961 
199 334 19 29 0.022372013 
0 279 17 39 0.022287803 
173 294 8 11 0.022224225 
205 103 14 16 0.02190296 
459 157 14 19 0.021460501 
206 312 18 22 0.02138407 
134 333 14 18 0.02127178 
229 330 11 15 0.021124246 
232 45 422 435 0.02084485 
251 124 11 14 0.020826612 
253 142 10 13 0.020406848 
217 107 13 16 0.020394335 
41 324 15 18 0.020265413 
199 317 11 14 0.02015076 
