5_Car_Accident_Accident_5_77
188
885 57 28 35 0.99978584 
757 33 26 34 0.999345 
627 60 23 31 0.9990922 
654 59 22 30 0.99883014 
574 65 24 33 0.9987116 
930 48 37 46 0.99786574 
812 53 25 32 0.997414 
717 65 24 32 0.99670035 
377 61 22 28 0.9914888 
693 69 23 30 0.9861704 
290 77 21 27 0.9851967 
231 68 20 26 0.9825508 
437 54 23 29 0.9672122 
539 77 20 26 0.96700704 
489 67 20 26 0.9663549 
185 78 21 24 0.95624125 
113 89 19 24 0.95350313 
588 43 20 26 0.9355341 
517 37 19 22 0.92182547 
982 47 18 25 0.9210035 
710 8 14 17 0.9193142 
445 83 23 27 0.90446216 
391 0 12 12 0.7276834 
739 25 12 15 0.6615691 
903 57 25 34 0.49547714 
80 57 22 41 0.4433662 
658 461 129 132 0.42946672 
733 367 183 196 0.4074997 
793 22 13 15 0.40093803 
794 54 19 23 0.3737545 
873 60 11 15 0.3716195 
77 220 438 488 0.33422828 
679 27 11 14 0.27853298 
475 0 11 12 0.24938805 
995 267 18 21 0.23556836 
919 53 28 39 0.23135793 
706 64 23 32 0.20450221 
716 32 14 18 0.16776554 
559 347 25 32 0.16613422 
440 69 24 30 0.16029295 
638 29 12 16 0.15694258 
737 50 14 19 0.14257205 
655 438 33 40 0.1296493 
206 3 13 13 0.111534305 
326 76 12 16 0.10774359 
290 101 16 20 0.103177756 
161 369 258 320 0.099634446 
965 44 23 29 0.0979371 
563 0 16 18 0.09499469 
32 9 12 15 0.09341987 
481 38 16 20 0.09148297 
771 90 24 28 0.089312874 
615 0 11 11 0.08138597 
525 2 17 19 0.0806271 
790 27 19 26 0.075303346 
700 44 23 29 0.07528588 
376 27 10 13 0.0752291 
315 180 15 19 0.07314432 
189 95 16 18 0.07124276 
686 0 9 10 0.06787497 
172 13 15 20 0.06731341 
7 127 45 70 0.064688094 
3 0 12 14 0.06285805 
380 24 10 13 0.058338452 
71 8 28 39 0.057293523 
709 34 20 25 0.057080586 
71 290 127 159 0.05689776 
389 6 14 17 0.056120016 
319 0 10 9 0.055914328 
672 26 13 15 0.053902928 
26 51 24 39 0.053319797 
686 417 155 156 0.052127946 
563 8 18 23 0.051069517 
450 93 23 31 0.050166626 
872 53 23 30 0.048096523 
639 11 12 15 0.04762784 
637 62 24 31 0.04743964 
168 100 11 13 0.047144614 
16 43 25 39 0.04465459 
511 4 25 26 0.04447419 
1 34 37 61 0.044049535 
318 77 13 17 0.04396573 
860 495 121 126 0.04345761 
309 178 15 19 0.043320384 
2 37 23 37 0.042790722 
413 45 13 18 0.042640407 
325 26 17 22 0.042208076 
426 214 24 34 0.041773163 
882 45 14 16 0.0413748 
676 434 28 37 0.04091639 
915 53 13 18 0.03979533 
639 19 13 19 0.03935465 
766 22 13 17 0.039175816 
747 68 15 20 0.038943112 
393 64 16 20 0.038759425 
573 239 349 445 0.038250726 
532 6 16 20 0.038156778 
609 57 16 22 0.03797223 
655 364 30 37 0.037891924 
389 -3 20 20 0.037189677 
185 137 40 53 0.036646463 
765 64 15 18 0.03540246 
324 0 10 11 0.03538279 
66 64 31 38 0.03440535 
0 108 10 18 0.033981193 
580 315 11 14 0.03389422 
652 1 12 11 0.03355346 
439 84 17 21 0.033201132 
323 4 13 14 0.03319642 
722 28 14 20 0.03298464 
747 39 26 33 0.03274197 
724 264 41 44 0.03238257 
677 3 14 16 0.032329928 
700 37 16 20 0.032184564 
569 17 14 20 0.03189946 
262 158 15 17 0.031884324 
685 77 25 32 0.0318647 
991 269 25 35 0.031085122 
611 407 22 32 0.03089289 
729 342 31 35 0.030125126 
538 10 16 20 0.030118357 
737 67 22 28 0.029636417 
246 97 14 16 0.029624281 
467 227 14 19 0.029299818 
-1 151 24 58 0.029229678 
55 8 46 61 0.029018614 
547 227 12 15 0.028951256 
502 9 16 20 0.028838892 
548 0 23 24 0.028598031 
792 38 20 28 0.028372882 
993 12 14 17 0.02822928 
442 45 16 19 0.028083071 
591 26 13 17 0.02765127 
947 46 30 38 0.02754281 
699 326 27 31 0.02731435 
310 43 15 18 0.02724163 
150 116 13 17 0.026730482 
592 57 23 30 0.026414627 
869 71 15 21 0.026230954 
431 62 15 22 0.025852045 
612 334 15 18 0.025846023 
458 223 27 33 0.025461875 
262 59 14 17 0.025260242 
987 9 22 27 0.025221562 
812 0 12 11 0.025026591 
775 30 21 31 0.02468855 
663 2 13 16 0.024590615 
660 216 17 23 0.024414958 
806 372 177 246 0.024037736 
802 55 22 25 0.023968726 
228 98 14 18 0.023639923 
620 15 12 14 0.023532622 
550 0 15 14 0.023295587 
636 419 31 34 0.02327315 
585 65 25 32 0.023207126 
36 187 195 281 0.023075646 
243 3 11 13 0.023000535 
674 23 19 24 0.02296065 
429 210 40 50 0.022821872 
403 39 23 28 0.022665998 
644 5 13 15 0.022546433 
159 0 13 11 0.022523116 
137 78 9 11 0.022463221 
237 0 14 13 0.022462115 
916 99 17 22 0.02233227 
412 257 362 473 0.022213904 
223 93 12 16 0.022125924 
807 18 11 16 0.022085652 
944 330 28 38 0.022084514 
156 110 13 15 0.022064116 
682 457 12 17 0.021859305 
205 104 14 18 0.021828517 
76 133 53 68 0.021794708 
684 400 27 38 0.021658601 
729 55 21 27 0.021585569 
985 336 16 22 0.021548878 
688 423 29 45 0.021518528 
817 426 119 141 0.021172142 
186 99 24 25 0.021082297 
395 8 14 16 0.02086668 
20 22 15 18 0.020826932 
450 53 15 20 0.020768471 
710 348 36 37 0.02048682 
14 48 40 63 0.02043682 
420 193 41 51 0.02041782 
699 27 15 17 0.020314865 
183 37 11 14 0.020156175 
645 351 34 38 0.02014889 
