33_Running_Running_33_266
174
768 272 49 60 0.99912196 
360 257 51 67 0.9987457 
237 219 47 62 0.9981865 
482 251 48 62 0.9981012 
392 133 42 46 0.99771935 
871 197 46 56 0.9974274 
610 122 42 53 0.9966779 
96 264 46 55 0.9928019 
745 213 46 51 0.9919567 
182 172 44 49 0.98460835 
-2 160 42 59 0.9825522 
806 201 51 57 0.98064166 
794 94 41 53 0.98033625 
479 146 33 43 0.97529525 
919 105 27 48 0.9742588 
251 157 45 49 0.96911836 
36 168 31 40 0.965794 
282 207 41 43 0.959682 
904 107 28 47 0.90096146 
663 196 46 37 0.8927709 
991 207 31 48 0.87285304 
513 170 43 50 0.8181195 
886 134 40 46 0.79184663 
129 200 30 31 0.7187268 
378 212 41 41 0.5880687 
56 142 30 38 0.56739974 
649 321 41 35 0.34979877 
222 156 24 33 0.26851794 
444 128 20 30 0.23741508 
454 116 14 18 0.19866857 
155 140 19 21 0.1971965 
18 145 44 58 0.18434538 
975 183 43 69 0.17852262 
125 145 15 19 0.16740246 
45 137 25 32 0.16277622 
1 364 26 35 0.16001913 
264 129 28 30 0.15132488 
44 155 34 43 0.13339382 
900 598 11 13 0.13275735 
119 144 14 17 0.13096772 
161 143 21 29 0.124346465 
257 145 34 38 0.11759509 
495 150 42 54 0.11179732 
365 156 28 33 0.095339246 
239 189 51 62 0.0947101 
449 119 20 31 0.09316663 
956 180 31 48 0.09093199 
629 298 25 42 0.08248149 
438 135 16 24 0.077900864 
434 120 14 20 0.07760956 
132 164 15 17 0.07742174 
133 141 21 29 0.06705339 
949 604 11 16 0.06621213 
151 160 27 32 0.06114258 
640 312 35 40 0.059472878 
13 267 38 65 0.059075437 
52 603 10 16 0.058981095 
147 133 16 19 0.05878009 
901 122 46 65 0.05393559 
113 192 23 33 0.053567044 
157 162 15 18 0.052819584 
74 149 23 30 0.05197798 
393 198 32 42 0.051791184 
952 115 26 41 0.05122243 
331 165 28 33 0.05110283 
323 150 27 37 0.050215658 
155 195 13 18 0.050040316 
289 194 33 37 0.04879045 
924 113 40 60 0.048087157 
99 100 13 17 0.047318023 
136 111 10 12 0.04625802 
349 115 13 16 0.04573331 
756 231 49 63 0.043399956 
116 111 11 15 0.042573184 
180 151 17 23 0.04247007 
261 187 49 54 0.042102467 
435 144 26 34 0.04171758 
143 200 20 22 0.041287597 
142 131 12 17 0.04017071 
140 181 28 33 0.03989707 
280 348 32 37 0.03963032 
150 165 13 16 0.03883819 
101 193 22 31 0.03853608 
885 117 27 34 0.03753585 
2 92 14 21 0.037381034 
38 619 12 15 0.037070107 
200 456 61 84 0.03667277 
129 207 40 51 0.036496617 
0 622 8 16 0.035407953 
332 171 15 19 0.035325516 
127 154 25 29 0.035285205 
658 180 32 45 0.034903016 
431 124 20 30 0.03485611 
150 146 26 31 0.034463797 
631 133 31 43 0.034387544 
956 604 12 16 0.033830814 
421 137 27 34 0.03371635 
125 202 19 23 0.033697776 
380 127 16 22 0.03367706 
103 604 16 17 0.03319286 
407 333 45 57 0.03275998 
230 152 19 24 0.03250966 
205 165 33 41 0.03245687 
168 140 14 21 0.031868167 
85 147 15 20 0.031562466 
962 332 56 59 0.031287268 
735 57 19 23 0.031176409 
993 177 33 52 0.030919375 
397 217 33 43 0.030529808 
328 585 17 19 0.03049475 
60 98 13 17 0.030377647 
349 157 32 37 0.030260801 
271 137 30 36 0.030164817 
163 157 28 37 0.029795144 
163 134 16 21 0.029672438 
6 144 34 40 0.029629024 
35 140 25 39 0.029228002 
134 164 27 33 0.028871436 
93 155 13 18 0.028633313 
344 94 8 11 0.028258018 
233 388 26 41 0.027908208 
376 123 14 19 0.027344195 
171 159 14 21 0.02710069 
400 222 19 24 0.027070198 
375 107 11 15 0.026722973 
938 112 30 39 0.026491651 
86 140 14 17 0.02632343 
126 171 14 16 0.026268002 
318 135 15 20 0.026024064 
173 154 28 34 0.026004793 
108 203 46 48 0.02578129 
186 147 18 22 0.025638394 
162 169 14 19 0.0254902 
342 121 14 17 0.02531176 
71 217 32 36 0.025029365 
5 106 13 18 0.024910273 
247 353 25 42 0.024876637 
132 140 39 46 0.024804227 
319 137 23 29 0.024479028 
279 168 34 44 0.024332302 
71 640 9 10 0.024227886 
651 147 16 24 0.02415901 
446 116 16 20 0.024131529 
310 152 25 34 0.024016853 
364 219 48 56 0.023580316 
346 116 23 26 0.023566177 
142 137 14 21 0.023428382 
95 133 10 12 0.02333279 
272 124 21 23 0.023295395 
920 185 34 46 0.022953955 
295 153 26 34 0.022734702 
489 141 17 21 0.022612637 
380 80 9 10 0.022531517 
695 600 12 15 0.022485167 
380 86 10 12 0.022391597 
663 310 38 38 0.022287028 
428 142 15 22 0.021911168 
651 587 12 14 0.02178092 
104 104 19 25 0.021529306 
126 160 16 19 0.021304507 
282 122 17 21 0.021032976 
668 636 27 33 0.021019941 
144 233 35 53 0.020938698 
897 592 10 13 0.020934459 
670 645 16 21 0.020866998 
8 242 41 61 0.020856777 
113 140 13 17 0.020552471 
81 198 44 51 0.020455861 
651 166 26 44 0.020429488 
110 566 10 12 0.020408075 
675 638 16 18 0.020322897 
985 619 22 24 0.02027358 
948 149 39 66 0.020174764 
544 329 34 44 0.020113612 
