33_Running_Running_33_771
23
418 339 109 135 0.9999248 
330 136 99 134 0.9998801 
122 395 43 62 0.3025181 
14 544 79 123 0.21222834 
27 15 202 273 0.15916783 
338 804 428 560 0.14264315 
393 855 157 156 0.11156728 
130 521 88 118 0.095641814 
364 861 236 283 0.08380149 
854 171 165 260 0.06154574 
355 864 58 82 0.05530379 
-44 -104 361 435 0.047700923 
101 372 55 78 0.043069836 
24 943 56 73 0.031552125 
133 595 47 61 0.030472258 
163 342 29 35 0.030429235 
699 -2 108 114 0.029699571 
181 717 59 86 0.02754842 
151 588 29 37 0.025552763 
-4 471 162 251 0.023734115 
63 343 94 126 0.022843782 
983 477 40 71 0.0210003 
130 368 53 74 0.02020384 
