33_Running_Running_33_786
197
506 127 31 34 0.99936193 
503 459 35 41 0.9952129 
522 238 30 34 0.9936837 
130 375 26 31 0.99346936 
732 454 29 42 0.9907804 
917 450 21 31 0.98502594 
314 374 16 19 0.9793702 
943 352 14 19 0.95521617 
901 119 12 16 0.87667036 
953 113 15 20 0.8730609 
47 465 12 15 0.8354523 
883 337 15 20 0.7646569 
91 456 12 16 0.7210249 
333 255 16 18 0.6982641 
339 461 16 21 0.6112352 
979 342 13 18 0.5553622 
144 463 10 14 0.52895164 
181 370 17 22 0.38821366 
962 152 28 30 0.38591337 
73 102 30 38 0.30681276 
887 153 16 18 0.23659946 
919 134 9 11 0.23279509 
511 340 9 12 0.21527769 
112 247 9 12 0.19955043 
877 341 15 19 0.18242918 
992 365 12 14 0.1763021 
848 137 7 10 0.1739566 
712 354 23 31 0.17278628 
534 399 11 13 0.17141803 
350 113 31 37 0.16520822 
804 137 13 16 0.15950492 
278 229 15 17 0.14728998 
77 383 15 22 0.13611664 
927 143 11 14 0.1309666 
84 383 15 21 0.13020875 
985 346 13 16 0.11759753 
444 331 10 13 0.10638823 
949 131 12 16 0.10511128 
367 334 11 15 0.10137933 
946 155 12 17 0.09916406 
712 332 17 20 0.0946113 
951 117 23 28 0.08490984 
58 387 25 28 0.07813715 
989 370 15 18 0.075541675 
913 133 8 12 0.074310645 
870 149 10 13 0.07311058 
117 246 10 12 0.070688605 
101 378 15 20 0.0706385 
236 469 14 20 0.07033078 
7 267 9 13 0.06906748 
47 237 10 13 0.06853037 
956 373 10 12 0.062612936 
945 162 14 19 0.062408026 
297 270 11 14 0.062203437 
879 141 11 15 0.062052537 
370 253 11 15 0.060701173 
109 237 10 12 0.058723897 
247 455 11 13 0.05807229 
946 139 14 18 0.057843275 
89 378 20 28 0.054109797 
930 146 11 15 0.052067917 
215 252 27 35 0.052030817 
709 337 21 26 0.05169624 
947 146 14 19 0.051129255 
896 131 12 15 0.048965562 
548 338 11 14 0.048796393 
944 133 12 15 0.047332156 
906 123 11 15 0.047170136 
502 397 12 14 0.046264667 
299 276 10 12 0.045853805 
272 334 9 13 0.04461663 
857 513 9 11 0.04320529 
642 289 19 21 0.042997874 
894 139 13 16 0.04293972 
699 120 29 35 0.042864338 
507 336 10 12 0.04145954 
975 335 10 15 0.04037024 
883 140 13 17 0.03978616 
160 251 12 13 0.039689444 
982 398 16 22 0.039429788 
136 247 7 10 0.039357107 
920 139 11 14 0.038151335 
919 148 10 14 0.038120534 
412 178 14 19 0.037629467 
95 181 24 27 0.037496097 
43 273 14 17 0.03718809 
872 339 13 18 0.03717002 
87 106 30 37 0.03692505 
105 234 10 13 0.03687032 
989 357 13 16 0.036379002 
106 246 10 13 0.035979953 
924 155 13 17 0.035444386 
925 134 9 12 0.035318546 
762 233 17 19 0.034794644 
927 506 11 15 0.034666974 
66 376 23 27 0.034506746 
884 135 10 12 0.034473293 
49 233 9 12 0.03446212 
531 396 10 13 0.034341753 
872 144 10 12 0.034171104 
962 110 14 18 0.03406678 
965 391 9 12 0.03365612 
179 379 18 22 0.03353059 
293 252 23 28 0.03351971 
443 348 17 23 0.033032633 
551 397 10 13 0.032083303 
1005 400 11 13 0.03185612 
72 113 13 17 0.03176534 
13 270 8 11 0.031725112 
869 154 10 14 0.031479776 
59 365 24 28 0.031149024 
512 237 26 31 0.031133402 
47 448 21 27 0.031006748 
981 150 25 31 0.030974915 
48 430 25 29 0.030487686 
422 163 12 15 0.029825633 
849 151 8 10 0.02920983 
899 138 12 14 0.029094437 
42 244 13 18 0.028678905 
662 162 34 41 0.028646035 
639 234 13 16 0.028554166 
143 457 18 24 0.028422743 
950 132 24 29 0.028378842 
992 378 14 18 0.02798434 
994 145 24 33 0.027902404 
963 118 22 26 0.027820095 
431 413 11 14 0.027771858 
42 458 20 26 0.027492695 
559 526 12 14 0.027290082 
125 246 8 11 0.026835844 
990 335 11 13 0.026746117 
933 134 10 13 0.02656683 
416 174 23 31 0.026412524 
356 125 18 21 0.026256429 
1008 284 8 13 0.026157334 
670 121 16 21 0.026044302 
883 108 12 16 0.026028305 
247 449 10 12 0.026019095 
886 520 10 11 0.025975442 
925 142 20 24 0.02577199 
119 241 10 13 0.025509551 
623 215 42 49 0.025504626 
616 294 12 16 0.025502155 
955 132 40 45 0.025373917 
956 367 10 13 0.025164643 
413 405 8 10 0.024941282 
105 384 16 22 0.024923135 
876 380 10 13 0.02488031 
322 448 39 53 0.024802636 
687 327 13 15 0.024763567 
988 130 13 17 0.024667643 
930 498 16 21 0.0245256 
94 384 25 31 0.024521936 
970 324 9 13 0.024205651 
7 212 11 15 0.024146479 
286 225 10 13 0.024143685 
484 415 11 12 0.023822866 
637 96 15 18 0.023778811 
51 373 24 31 0.023738656 
721 338 17 21 0.02358271 
861 293 11 12 0.023498803 
921 326 9 11 0.023484858 
627 291 14 16 0.023301017 
690 331 13 15 0.023242228 
999 402 11 15 0.023238532 
420 182 14 18 0.02323278 
627 278 39 44 0.023128597 
982 107 13 17 0.02312187 
1008 279 8 11 0.022462992 
329 253 14 16 0.022377389 
983 363 10 13 0.02229743 
970 116 14 18 0.022227686 
518 408 8 12 0.02202982 
911 139 10 13 0.02184518 
529 392 9 11 0.021527251 
865 151 9 11 0.021466529 
496 398 12 14 0.021197833 
75 101 18 23 0.021130765 
293 246 15 16 0.021125004 
49 418 26 29 0.020817228 
964 103 12 15 0.020808455 
324 368 10 13 0.02078053 
714 251 16 21 0.020763341 
238 461 13 18 0.020752613 
991 328 9 10 0.020708308 
975 216 11 14 0.020686146 
698 102 34 37 0.020650148 
442 158 43 50 0.020588903 
933 154 11 16 0.020451315 
572 414 13 15 0.020415233 
972 108 12 16 0.020239176 
242 454 9 12 0.020218313 
13 276 9 11 0.020201512 
98 113 18 24 0.020185806 
971 223 18 19 0.020166473 
974 324 9 12 0.02016595 
16 425 27 34 0.020041475 
