33_Running_Running_33_517
26
504 147 45 59 0.9993661 
870 117 62 84 0.9993187 
92 90 67 81 0.99912316 
693 139 48 64 0.99878913 
337 141 46 64 0.9986945 
553 111 41 50 0.9909923 
427 71 44 58 0.98760337 
435 118 27 33 0.20113291 
967 132 9 12 0.17444296 
937 160 42 54 0.13209803 
746 419 12 15 0.056573275 
576 493 11 14 0.05655287 
644 179 13 17 0.050461777 
644 168 15 19 0.04266949 
271 147 9 11 0.034746807 
954 103 10 14 0.033530694 
63 363 41 35 0.030972615 
931 156 27 35 0.028615456 
1 196 10 15 0.027227988 
270 183 10 13 0.025187844 
926 146 14 20 0.024494873 
288 151 10 12 0.023821231 
650 178 12 15 0.023776177 
320 154 12 15 0.022935579 
947 154 31 36 0.020220269 
298 199 14 18 0.020111172 
