33_Running_Running_33_316
135
858 204 44 58 0.9978581 
760 153 48 65 0.9974438 
627 183 45 57 0.9972831 
404 186 44 55 0.9971329 
218 168 41 56 0.99500054 
154 186 39 54 0.9927159 
525 221 42 54 0.9908194 
853 114 14 19 0.9897558 
261 171 39 52 0.9756296 
326 173 26 35 0.97142845 
353 176 39 51 0.950089 
894 122 13 17 0.9489174 
573 130 14 19 0.9247381 
693 152 19 24 0.91625625 
547 124 13 16 0.91389585 
428 125 15 18 0.912654 
477 232 38 41 0.8833432 
914 133 12 16 0.8710136 
666 132 15 20 0.78931427 
426 161 32 39 0.77646226 
819 114 14 16 0.7410156 
718 138 14 19 0.72516525 
285 103 13 18 0.7173675 
183 131 16 20 0.6164893 
459 121 12 14 0.51240313 
786 123 14 17 0.4674882 
35 114 13 16 0.39214227 
648 113 17 20 0.34168887 
103 159 11 14 0.24849673 
475 131 12 16 0.22588335 
780 121 23 28 0.19207919 
41 174 9 13 0.16593553 
511 139 11 13 0.14549577 
268 125 14 19 0.14033952 
771 311 22 27 0.12502225 
500 224 40 51 0.11742306 
472 127 11 15 0.11082411 
410 109 9 12 0.10188232 
815 118 14 19 0.10090795 
475 138 14 19 0.096683346 
674 62 10 12 0.09377282 
649 136 20 27 0.07777118 
652 125 16 21 0.07720022 
44 113 12 14 0.076777466 
324 135 13 18 0.076634794 
823 130 12 15 0.07642451 
383 99 8 10 0.069149114 
73 176 10 11 0.068328485 
138 206 15 23 0.06635017 
341 171 35 44 0.06563567 
480 101 11 14 0.06535696 
72 179 13 18 0.064487964 
365 137 14 16 0.0623367 
516 135 10 13 0.060840882 
502 90 14 17 0.057480488 
415 154 29 32 0.057071757 
614 326 38 43 0.055758182 
279 148 31 36 0.053337153 
98 158 9 13 0.049294975 
376 95 8 11 0.04845284 
468 217 34 40 0.04777333 
593 123 12 16 0.04421939 
147 195 29 42 0.04152964 
898 391 16 20 0.041294545 
472 144 13 18 0.04113916 
647 144 13 18 0.03946519 
660 126 15 20 0.038124748 
96 208 11 13 0.037814155 
641 108 12 17 0.0375367 
505 139 12 15 0.03744358 
392 110 9 11 0.037321955 
925 227 26 33 0.03673115 
366 103 8 10 0.036521222 
51 111 11 14 0.036121264 
397 111 9 11 0.03611259 
326 107 11 14 0.035865113 
318 128 22 29 0.033988107 
118 156 11 15 0.033515934 
670 142 14 18 0.03337431 
103 170 11 13 0.032573197 
466 118 12 15 0.0323437 
376 114 11 13 0.032339122 
63 94 10 12 0.031123897 
818 118 19 25 0.030933792 
752 279 26 30 0.030819176 
110 173 9 12 0.029903341 
799 123 39 55 0.029481448 
505 163 23 27 0.028708702 
596 118 11 15 0.028596917 
512 128 10 13 0.02853075 
361 134 22 26 0.027987948 
697 30 10 14 0.02780815 
381 111 10 11 0.027467094 
216 103 10 14 0.027418802 
274 129 15 18 0.02713123 
493 99 12 14 0.026701463 
611 181 32 42 0.026687501 
757 0 13 11 0.025685715 
645 104 15 17 0.025578544 
460 215 24 32 0.025254184 
388 101 9 11 0.02450726 
683 207 25 29 0.024494154 
888 386 22 27 0.024357565 
469 86 9 11 0.024194974 
441 153 18 22 0.02389676 
464 86 10 12 0.023864526 
412 103 10 14 0.023441477 
952 165 10 13 0.023253564 
54 181 10 13 0.023221366 
397 116 9 12 0.023030223 
910 129 13 16 0.0229754 
947 235 13 16 0.02285769 
314 170 17 22 0.022702292 
508 84 13 19 0.022572173 
685 46 8 10 0.02224152 
316 164 13 17 0.022219393 
473 101 11 15 0.022068305 
467 202 32 37 0.02189738 
702 30 9 13 0.02181061 
702 37 9 12 0.021488456 
938 224 25 34 0.02128991 
454 128 12 16 0.021098308 
664 40 8 10 0.020963553 
43 177 12 16 0.020915387 
480 95 9 13 0.020739835 
647 32 8 9 0.020587357 
100 154 19 24 0.020567758 
496 92 13 16 0.02055367 
331 108 12 14 0.020494057 
407 94 8 10 0.020470649 
826 111 12 15 0.020276675 
897 123 17 22 0.02022023 
32 120 13 15 0.020194076 
675 65 12 14 0.02011027 
112 92 10 12 0.020032799 
