11_Meeting_Meeting_11_Meeting_Meeting_11_375
29
467 170 110 151 0.99950576 
226 168 97 125 0.99936944 
769 129 104 172 0.99878865 
78 205 70 88 0.9917812 
407 130 61 118 0.7922049 
349 466 42 54 0.65596527 
437 148 77 130 0.32945874 
70 394 141 109 0.15366825 
88 407 35 36 0.1192928 
842 189 121 172 0.10957122 
796 166 118 160 0.07108069 
21 354 214 184 0.06035211 
707 135 107 148 0.040306926 
78 200 39 62 0.03679025 
473 649 34 42 0.034398917 
393 108 57 106 0.032521132 
223 334 49 66 0.031103805 
402 676 18 22 0.030556755 
112 226 59 68 0.02734353 
366 131 83 129 0.02519418 
775 214 132 191 0.02479067 
123 180 85 115 0.023379268 
176 175 94 125 0.023060171 
110 403 385 498 0.02190078 
1002 603 21 39 0.021834806 
144 414 114 115 0.021156143 
900 283 63 89 0.020326333 
241 443 58 66 0.0202214 
666 123 372 418 0.020130174 
