11_Meeting_Meeting_11_Meeting_Meeting_11_663
106
242 217 51 65 0.9981883 
38 506 13 17 0.9635668 
101 479 12 15 0.87649584 
131 481 12 17 0.8742045 
59 510 13 16 0.48633248 
81 508 11 14 0.43007958 
15 511 11 13 0.3995657 
31 526 12 15 0.33171585 
52 484 12 16 0.3190769 
82 479 13 15 0.29801384 
48 490 12 15 0.24836625 
102 516 13 14 0.24452192 
55 480 9 11 0.22828324 
1 510 10 16 0.17345932 
106 532 9 12 0.15893772 
959 335 11 13 0.15800254 
116 499 11 13 0.1561622 
918 334 9 10 0.13340853 
6 513 11 15 0.12897605 
102 524 12 14 0.124549404 
6 486 9 11 0.113245286 
912 332 10 12 0.111877695 
64 483 11 14 0.11064325 
35 529 13 15 0.09889354 
925 289 12 15 0.09722345 
15 487 10 13 0.093104266 
5 533 12 18 0.086443126 
973 271 8 10 0.08098873 
940 344 10 12 0.07955399 
49 479 9 11 0.07899481 
83 513 13 16 0.07184228 
906 327 8 10 0.062938996 
62 503 11 15 0.061720666 
69 479 9 12 0.06111039 
19 486 11 14 0.060888033 
12 532 11 15 0.06067595 
54 500 11 14 0.057653416 
947 291 12 14 0.057532825 
43 502 11 16 0.057308834 
37 486 11 14 0.057220448 
117 509 11 15 0.056975376 
25 525 9 14 0.05661595 
108 511 12 14 0.055880047 
66 515 11 13 0.055879287 
113 496 10 13 0.055356245 
68 508 11 15 0.05444621 
121 478 9 12 0.054025322 
67 524 11 14 0.05215138 
964 339 12 14 0.050653175 
120 531 11 13 0.049401507 
911 349 12 14 0.04917793 
14 503 12 15 0.049060483 
7 490 11 15 0.048227724 
84 503 11 16 0.04771288 
992 268 11 11 0.047241576 
81 532 9 12 0.0410856 
31 485 10 13 0.040180657 
997 267 11 13 0.038921107 
119 515 12 15 0.038696464 
40 479 8 11 0.03727562 
926 347 11 14 0.03426981 
987 339 15 17 0.034102954 
86 531 10 12 0.033840835 
924 335 9 10 0.033796437 
98 482 10 15 0.033240613 
21 516 10 13 0.032822974 
102 504 11 13 0.03206893 
44 513 11 14 0.03175497 
67 501 12 15 0.030386765 
120 472 9 12 0.030345349 
22 541 10 12 0.02975994 
125 524 11 14 0.029608192 
10 506 19 23 0.029183222 
247 22 448 536 0.028800469 
959 294 9 12 0.028775876 
0 504 8 12 0.028557463 
93 507 13 17 0.02816025 
95 522 11 16 0.02809813 
84 523 13 17 0.02758348 
67 532 10 13 0.026981134 
954 334 11 13 0.02682971 
31 517 11 15 0.026804313 
12 523 13 17 0.026751956 
736 288 10 12 0.026596682 
932 291 12 15 0.02637985 
102 506 19 23 0.026350887 
32 502 13 17 0.02555144 
967 296 9 11 0.025515644 
13 486 21 25 0.025253827 
125 517 12 15 0.025197934 
67 489 13 16 0.024793167 
2 481 8 11 0.024188258 
927 277 10 12 0.02410603 
958 331 21 24 0.023912916 
8 501 11 14 0.023406634 
734 293 13 18 0.023299431 
43 530 12 16 0.022980617 
108 446 12 13 0.021434022 
43 194 14 18 0.020986224 
933 343 19 22 0.020862056 
40 490 10 15 0.020602155 
869 311 8 11 0.020439649 
0 508 17 26 0.02042503 
0 556 10 18 0.02038961 
91 449 12 14 0.020346178 
887 325 7 9 0.020049755 
