11_Meeting_Meeting_11_Meeting_Meeting_11_865
100
349 372 330 421 0.9972385 
0 428 97 118 0.21436885 
301 1261 16 24 0.18701151 
359 1317 21 29 0.15273386 
223 1195 29 33 0.11201665 
372 1104 15 20 0.10723033 
263 1244 12 16 0.084886 
354 1279 17 21 0.07874536 
382 1100 14 20 0.07481244 
467 1471 23 30 0.06710118 
492 1486 23 27 0.06671871 
359 1331 23 34 0.063415244 
559 1106 15 19 0.05929558 
422 1109 15 17 0.058271952 
316 1257 21 30 0.055788744 
469 1354 16 22 0.055104848 
418 1106 26 29 0.052044034 
477 1347 16 22 0.05161495 
352 1363 19 23 0.048011802 
431 1380 16 22 0.047798533 
291 1267 21 28 0.046710707 
398 1109 21 28 0.043673273 
332 1150 28 34 0.043640647 
413 1116 14 17 0.043372642 
216 1204 27 31 0.041625153 
333 1281 20 26 0.041287214 
447 1088 15 19 0.040171634 
214 1186 49 58 0.040125374 
468 1082 17 20 0.039858494 
408 1110 23 28 0.039816238 
402 1109 13 17 0.03810995 
394 1099 15 19 0.038042683 
407 1021 400 451 0.037306514 
472 1080 28 36 0.036391452 
328 1091 10 12 0.034732405 
435 1372 24 31 0.034225445 
351 1347 24 33 0.03408948 
273 1302 40 56 0.033547677 
476 1080 17 23 0.03346514 
362 1277 15 20 0.033444833 
492 1085 13 16 0.03317943 
306 1268 15 22 0.032511443 
376 1095 11 13 0.03116522 
394 1250 18 24 0.031114915 
476 1439 24 26 0.02981265 
341 1094 9 12 0.0290127 
355 1250 17 20 0.028692072 
350 1101 11 15 0.02845105 
366 1102 14 17 0.02838428 
358 1099 20 30 0.027857836 
49 420 103 118 0.027782656 
547 1098 24 30 0.027675219 
332 1157 41 56 0.027396899 
209 1210 45 56 0.027098512 
335 1460 30 38 0.026970051 
353 1139 17 21 0.026968917 
416 1438 10 12 0.026528692 
299 1277 15 19 0.026028352 
195 1274 31 35 0.025750669 
369 1328 16 22 0.02551275 
260 1268 11 14 0.024864841 
292 1420 13 15 0.024517557 
343 1100 11 14 0.023988457 
425 1097 27 32 0.023970727 
327 1168 29 35 0.023927232 
336 1088 8 10 0.02391808 
386 1093 19 22 0.023887323 
434 220 117 134 0.023616407 
299 1387 13 16 0.023529809 
360 1083 10 13 0.023488248 
411 1125 15 21 0.023393525 
460 1087 17 20 0.02334043 
393 1387 14 16 0.023206413 
340 1378 12 17 0.023026599 
456 1463 25 33 0.02301051 
294 1260 15 22 0.022944495 
860 527 110 137 0.022913674 
193 1303 96 133 0.022685163 
412 1099 45 53 0.022620149 
540 1157 15 20 0.022576349 
557 1106 25 34 0.022529947 
444 1480 25 31 0.022485912 
222 1172 34 42 0.022378767 
286 1140 14 18 0.022258086 
527 1084 24 32 0.022255583 
30 523 216 304 0.022081466 
319 1301 12 15 0.02190791 
522 1137 15 20 0.021886641 
37 466 363 438 0.021514568 
433 1107 16 20 0.021513943 
277 1405 12 15 0.021353995 
339 1276 16 21 0.021319155 
483 1077 27 33 0.020831313 
482 1338 16 24 0.020815255 
469 1446 24 28 0.02073429 
285 1274 16 20 0.020629143 
334 1108 12 14 0.020547183 
480 1482 23 29 0.020263426 
208 1234 27 32 0.020199139 
341 1105 12 16 0.02000835 
