11_Meeting_Meeting_11_Meeting_Meeting_11_639
51
719 47 55 77 0.9991947 
47 108 106 114 0.9984908 
315 75 82 105 0.9940679 
551 62 69 89 0.9926715 
909 101 76 100 0.99247473 
280 374 44 36 0.15127376 
856 4 11 12 0.15070158 
972 11 10 12 0.12562202 
714 297 17 22 0.09844865 
693 294 21 26 0.09387352 
861 3 11 10 0.0923109 
952 38 9 11 0.077974886 
968 9 11 13 0.07529906 
799 7 9 11 0.07490099 
943 39 10 12 0.065647006 
704 295 19 25 0.06562685 
920 30 9 10 0.059532277 
958 8 10 11 0.053223215 
3 13 11 14 0.0509776 
957 38 8 11 0.04416745 
953 12 10 11 0.041875526 
166 22 24 30 0.041115467 
952 64 8 10 0.040812697 
39 114 29 41 0.039257403 
974 37 8 10 0.036514025 
966 7 19 23 0.034775928 
56 13 11 14 0.034385856 
39 306 190 282 0.031595383 
61 14 9 12 0.030787507 
760 440 29 32 0.03016539 
993 40 8 10 0.028580815 
913 40 9 12 0.0258815 
968 38 9 11 0.025542114 
974 32 8 10 0.025438944 
134 23 10 13 0.025394535 
193 24 10 12 0.02507899 
172 0 11 10 0.024708346 
256 358 51 52 0.024650328 
912 44 8 11 0.02363798 
966 56 8 10 0.022383217 
44 23 12 13 0.022227839 
936 24 9 10 0.02193137 
999 23 8 11 0.021752764 
894 6 9 11 0.021204088 
878 1 10 9 0.021089919 
939 44 9 12 0.021037048 
172 25 13 15 0.020899354 
747 301 27 32 0.020628659 
950 66 12 15 0.020394897 
157 0 12 11 0.02038437 
793 14 9 11 0.02031204 
