11_Meeting_Meeting_11_Meeting_Meeting_11_287
59
568 228 40 58 0.9980787 
732 369 33 54 0.9940403 
318 405 37 60 0.9930992 
513 352 26 35 0.5312147 
250 8 18 19 0.3280439 
731 515 22 38 0.27855644 
395 482 24 43 0.20776653 
640 443 26 43 0.12517011 
199 447 32 45 0.11735212 
13 371 22 38 0.088521965 
206 520 37 56 0.08033805 
303 0 26 28 0.071411766 
524 346 14 17 0.06622261 
140 280 431 429 0.0661061 
738 513 38 45 0.065211356 
67 540 13 14 0.06221548 
627 514 41 62 0.055672716 
241 428 27 46 0.054575495 
104 539 35 34 0.05387145 
417 445 51 51 0.04930162 
845 532 40 45 0.04624199 
96 547 29 32 0.04527749 
0 369 22 43 0.04517852 
309 14 18 21 0.0444377 
716 461 31 32 0.042973112 
521 340 23 29 0.041073494 
20 376 33 39 0.0409549 
240 400 44 54 0.035728082 
223 490 46 52 0.03403476 
347 424 46 55 0.03389335 
832 524 29 37 0.03335829 
199 506 39 48 0.032415602 
724 500 25 45 0.031057779 
14 373 13 22 0.029678114 
700 521 40 52 0.029616334 
512 359 15 22 0.02880635 
158 489 40 42 0.027861565 
754 507 42 47 0.02764102 
536 -25 405 499 0.027068928 
867 529 26 33 0.02657634 
205 465 37 42 0.02653383 
645 512 33 47 0.026433127 
223 522 31 47 0.026191771 
279 394 28 45 0.02572565 
513 329 44 53 0.025689486 
549 331 15 17 0.02532773 
531 345 28 32 0.025132895 
530 345 18 20 0.024953151 
729 521 13 22 0.024821568 
557 498 43 56 0.023741553 
750 527 38 38 0.023592286 
-42 265 451 492 0.022832809 
100 553 16 20 0.022643875 
236 486 32 31 0.022513567 
64 535 13 15 0.022071965 
547 357 16 20 0.021463715 
300 391 44 64 0.021341586 
36 374 29 33 0.020513639 
2 594 29 41 0.020326236 
