11_Meeting_Meeting_11_Meeting_Meeting_11_587
692
805 318 16 26 0.97956777 
314 238 14 19 0.9562067 
735 250 13 18 0.9469958 
157 253 14 18 0.9380812 
876 227 11 16 0.92894495 
558 296 16 24 0.8858589 
588 296 16 25 0.8726678 
221 313 18 26 0.8703015 
493 220 11 13 0.8166673 
8 182 11 13 0.8162716 
850 289 14 18 0.8131087 
958 238 13 17 0.7907227 
193 185 13 17 0.7800221 
436 325 15 19 0.77677655 
771 270 13 19 0.7705041 
763 249 12 16 0.7673943 
723 298 14 19 0.76154625 
416 306 19 22 0.7330575 
544 220 10 12 0.71847546 
376 386 26 40 0.7143688 
524 244 12 14 0.7013379 
190 238 12 16 0.6997147 
802 349 24 32 0.68124557 
517 179 10 13 0.673635 
239 170 9 13 0.65241385 
560 321 16 23 0.64775527 
234 189 8 12 0.6241637 
363 166 8 12 0.61890894 
166 191 13 16 0.6053323 
383 175 10 13 0.59021443 
275 308 17 19 0.5612705 
260 238 12 15 0.56063765 
263 212 12 14 0.5232807 
273 170 11 14 0.51273954 
643 213 11 14 0.5116765 
652 281 17 21 0.50996536 
906 275 13 20 0.5003801 
428 354 17 22 0.49387246 
207 159 7 10 0.49186274 
657 203 10 12 0.48744953 
488 183 9 12 0.48205715 
252 363 15 17 0.48201072 
518 203 9 11 0.47252142 
557 184 9 12 0.43491662 
1011 248 12 17 0.4275256 
489 188 9 12 0.41871566 
349 295 13 18 0.40246233 
917 255 12 13 0.3997363 
114 159 7 10 0.37900934 
472 191 8 11 0.37862986 
57 184 9 11 0.36570758 
418 181 9 12 0.3425611 
331 253 14 17 0.30219594 
420 233 11 16 0.29391417 
818 256 13 17 0.291038 
543 254 10 12 0.290807 
727 199 9 11 0.2858707 
97 175 9 11 0.2782352 
573 170 10 14 0.27427226 
460 164 8 10 0.26727024 
920 235 10 12 0.25510016 
676 215 10 13 0.25146416 
444 181 10 14 0.24331717 
252 279 13 18 0.23164438 
222 236 14 19 0.22341864 
871 261 14 17 0.21891998 
198 275 13 18 0.21808809 
244 166 9 12 0.21774028 
709 370 16 22 0.21591179 
888 218 10 13 0.21315365 
472 127 7 9 0.20460947 
267 266 12 16 0.20182955 
751 215 8 10 0.19431475 
101 180 9 11 0.19325416 
477 172 9 12 0.19294608 
568 230 11 15 0.19207665 
322 196 14 17 0.19030197 
527 167 8 10 0.19014123 
478 168 8 10 0.18876104 
1000 397 23 44 0.18679191 
372 348 14 15 0.18621297 
894 214 11 14 0.17816605 
320 158 7 9 0.17158559 
343 290 13 21 0.17071867 
124 167 11 13 0.16152644 
758 236 11 13 0.16062707 
942 258 10 13 0.16047367 
704 299 11 15 0.15939039 
304 150 7 9 0.15925606 
759 152 7 9 0.15818222 
857 219 10 12 0.1551747 
303 166 9 12 0.15441372 
351 198 10 13 0.15165226 
238 142 10 13 0.15054986 
263 189 9 11 0.14926995 
48 172 7 10 0.14659582 
445 176 9 11 0.14585386 
776 205 11 13 0.14303502 
601 183 8 11 0.14179315 
124 253 11 14 0.13802172 
323 190 12 14 0.13639337 
601 205 9 12 0.13425134 
914 213 9 10 0.13331957 
777 174 7 10 0.13294576 
424 160 8 10 0.13132033 
141 157 8 11 0.1310304 
526 174 9 11 0.13071851 
832 267 13 18 0.1300808 
164 166 9 11 0.12720884 
329 166 9 11 0.12599632 
301 214 10 13 0.12526976 
494 174 9 10 0.12510356 
709 199 8 10 0.123980574 
41 185 8 11 0.12360208 
587 135 6 9 0.121969916 
457 190 10 13 0.11952039 
809 246 8 12 0.118840486 
672 218 11 13 0.11698185 
855 196 9 11 0.11604687 
928 268 10 12 0.1155655 
758 168 7 9 0.11460094 
144 188 10 15 0.112845905 
414 163 9 12 0.11237956 
499 258 13 17 0.11166564 
271 196 9 12 0.11140569 
278 292 13 16 0.11112435 
253 206 10 12 0.11037932 
186 150 8 12 0.108949915 
914 258 11 15 0.10849478 
488 167 7 10 0.108028404 
701 374 24 29 0.1071674 
564 294 21 28 0.10670377 
469 237 11 15 0.10628678 
813 248 9 11 0.10470643 
841 199 8 10 0.10413305 
287 156 8 11 0.1031617 
529 213 9 12 0.1026413 
557 166 8 11 0.10080119 
726 203 9 12 0.10079254 
707 294 12 15 0.10029781 
200 203 11 13 0.09980786 
503 173 8 11 0.0997641 
489 175 9 11 0.0989712 
420 176 10 12 0.097517096 
1012 257 12 19 0.09661037 
442 187 9 12 0.09651124 
745 184 8 10 0.09547701 
736 157 7 9 0.09427193 
478 237 12 16 0.09339648 
893 283 13 18 0.09339406 
485 243 10 12 0.09229063 
240 130 7 9 0.09193533 
820 283 10 13 0.0918949 
771 159 7 10 0.09157254 
777 268 14 18 0.09154989 
113 163 10 12 0.08969041 
214 152 7 10 0.0896623 
255 175 8 11 0.088881545 
190 158 8 12 0.08845201 
680 226 11 14 0.08776055 
742 209 8 10 0.08759802 
355 283 15 20 0.08711693 
536 146 7 9 0.08637791 
498 128 5 7 0.08571942 
259 276 15 18 0.0850637 
281 156 8 11 0.08362807 
936 254 10 13 0.083530836 
267 238 10 13 0.08288252 
278 329 14 18 0.082623444 
321 202 11 14 0.08238623 
646 141 7 9 0.08200657 
196 192 13 16 0.081432685 
287 202 11 13 0.08099309 
717 262 12 15 0.08032805 
424 311 16 20 0.07977718 
430 204 8 10 0.07946708 
871 255 11 13 0.07880887 
255 180 10 13 0.07850484 
888 294 10 14 0.077896945 
199 286 19 26 0.077486254 
427 220 12 14 0.077084124 
711 221 10 12 0.076862775 
902 238 11 13 0.076376155 
327 171 9 12 0.07573908 
520 250 10 14 0.07481238 
912 209 9 10 0.07446008 
640 207 11 14 0.073632754 
305 146 6 9 0.07359497 
894 253 11 14 0.0729623 
192 163 9 12 0.07288025 
247 160 9 11 0.07264156 
604 200 10 12 0.07213183 
534 181 8 10 0.0714707 
365 245 12 14 0.0706153 
134 173 10 11 0.07036774 
953 241 12 16 0.07017109 
923 252 10 13 0.06969868 
999 160 7 8 0.06806604 
236 274 12 15 0.0675909 
721 207 9 10 0.067536786 
851 352 14 18 0.06733539 
630 258 16 21 0.06682095 
310 167 10 13 0.06628038 
692 243 11 13 0.06596988 
425 227 15 18 0.065603234 
832 198 8 10 0.06559734 
142 194 11 15 0.06527306 
660 250 12 16 0.065039776 
655 171 9 12 0.06450719 
997 229 11 14 0.06428448 
751 220 9 11 0.06424122 
78 237 9 12 0.063457765 
303 160 8 9 0.06302096 
236 205 11 14 0.06287198 
891 291 13 17 0.06264776 
573 191 9 10 0.06230443 
514 332 13 18 0.062007487 
936 261 9 12 0.061866894 
736 228 9 12 0.06150642 
846 236 8 11 0.061449885 
257 211 12 15 0.060939763 
594 291 13 22 0.06048181 
312 190 8 11 0.060452405 
209 152 7 12 0.060202856 
357 197 9 12 0.0597885 
887 236 9 12 0.059654534 
263 183 9 12 0.05876117 
110 174 9 11 0.05860558 
510 253 9 13 0.05846554 
414 302 14 18 0.05792842 
750 191 8 9 0.057763424 
639 235 12 14 0.05745762 
476 192 8 10 0.05729696 
243 171 11 14 0.056848165 
385 356 16 18 0.0567029 
284 290 15 19 0.056700632 
925 232 9 12 0.056510806 
754 198 8 11 0.056504354 
367 205 9 11 0.05639866 
752 207 8 10 0.05627571 
729 282 21 27 0.056261342 
502 168 8 11 0.056241777 
326 159 8 10 0.055369765 
264 196 10 12 0.05524601 
294 309 11 14 0.054927636 
531 266 12 17 0.054900788 
481 181 8 10 0.05434278 
205 270 10 16 0.054059666 
239 133 9 11 0.053865645 
269 206 11 14 0.053738493 
737 207 8 11 0.05369608 
361 243 10 15 0.053552665 
926 262 9 12 0.053373016 
454 181 9 11 0.053267565 
441 168 7 9 0.053255536 
845 204 9 12 0.0525702 
254 198 10 13 0.05227178 
559 141 7 9 0.05224887 
630 204 11 13 0.052165985 
497 152 9 11 0.052107684 
705 191 8 10 0.05205899 
615 183 8 10 0.051974088 
845 199 8 11 0.05168834 
296 152 7 9 0.051488046 
364 172 9 12 0.051424943 
499 221 9 12 0.051323168 
366 345 23 24 0.051248886 
808 240 7 10 0.051189683 
440 213 11 15 0.050744727 
900 244 11 13 0.05074431 
143 181 11 15 0.05030878 
212 296 14 19 0.050273295 
320 172 9 12 0.05025196 
232 276 10 14 0.050138775 
806 297 12 18 0.050033554 
588 284 12 19 0.049961206 
1014 198 8 12 0.049741816 
704 183 8 10 0.049466845 
462 194 10 12 0.0493341 
605 175 9 10 0.049162783 
521 240 11 15 0.049155764 
188 231 14 17 0.04903991 
422 163 9 10 0.04899352 
551 246 10 13 0.048990745 
348 388 22 28 0.04898168 
285 233 15 17 0.048484433 
312 197 10 13 0.04846238 
758 213 8 11 0.048411585 
97 169 8 11 0.048400994 
284 298 14 20 0.048133474 
630 199 10 12 0.04808576 
583 291 15 23 0.047840327 
413 293 15 17 0.047826316 
949 259 9 12 0.047785103 
577 251 10 12 0.047475405 
258 189 9 11 0.047023274 
711 176 8 9 0.04701629 
743 286 12 15 0.046954066 
527 207 8 10 0.04690675 
749 184 8 9 0.04682999 
259 230 14 16 0.04631426 
904 141 11 14 0.04627525 
1015 157 7 11 0.046130303 
747 292 12 16 0.046091564 
410 165 8 11 0.045984887 
611 369 15 22 0.045878004 
738 212 9 11 0.045559935 
965 264 9 12 0.04554955 
496 168 8 10 0.04552948 
749 297 14 18 0.045341995 
424 215 10 14 0.045196395 
320 184 10 11 0.045001462 
558 251 10 12 0.044359803 
733 198 7 10 0.04432272 
895 245 11 13 0.04424617 
894 239 10 12 0.044223975 
322 242 15 18 0.04367979 
909 230 9 12 0.043357104 
462 174 7 10 0.043195717 
919 247 11 14 0.043141086 
704 291 20 24 0.043061063 
200 163 10 12 0.042925943 
776 167 8 11 0.042893123 
606 183 9 10 0.04287911 
686 223 7 11 0.042794295 
844 336 14 18 0.04276499 
916 264 13 16 0.042734556 
295 158 8 10 0.04223559 
926 248 10 12 0.042195275 
270 254 13 17 0.042048596 
464 233 11 14 0.04169276 
592 238 9 12 0.041680586 
550 151 8 10 0.0413199 
711 206 9 10 0.04129188 
384 170 10 12 0.04113113 
290 229 15 18 0.040989403 
785 306 22 28 0.040975224 
572 224 11 14 0.040851425 
323 373 17 20 0.04057657 
270 314 20 27 0.040227026 
861 160 7 9 0.04005462 
791 228 10 12 0.040050786 
439 254 11 16 0.039824203 
362 388 27 35 0.039813094 
629 211 11 14 0.03952285 
305 171 9 13 0.03944964 
731 273 14 17 0.03931636 
295 219 12 14 0.039272744 
432 327 23 29 0.039031733 
109 229 12 14 0.038821828 
277 197 11 14 0.0388167 
877 257 11 12 0.038749892 
873 196 8 11 0.038688377 
329 245 15 18 0.038614888 
148 182 11 14 0.038467277 
1008 265 12 17 0.038456105 
278 237 10 12 0.038183387 
933 230 12 13 0.0380602 
582 246 10 13 0.037953943 
421 187 10 11 0.037912946 
213 156 8 12 0.037872843 
318 166 9 13 0.03784067 
841 228 9 13 0.03773201 
698 229 9 12 0.03763476 
361 161 9 11 0.03759347 
532 176 8 10 0.03758461 
708 341 14 16 0.03752156 
309 182 9 11 0.037489392 
368 151 7 10 0.037391797 
495 255 11 14 0.037260532 
861 197 8 11 0.037255768 
415 243 10 14 0.037198596 
378 174 11 13 0.037167802 
456 174 9 11 0.036930714 
414 215 10 13 0.036684055 
837 262 13 17 0.036662538 
825 237 9 10 0.036453396 
135 167 11 12 0.036375497 
233 143 8 11 0.03622065 
408 298 12 16 0.03619878 
860 350 12 19 0.036187485 
763 255 14 20 0.036033604 
320 358 25 29 0.036029078 
235 194 12 14 0.035992056 
551 322 17 20 0.035974663 
254 270 11 15 0.035846878 
531 244 9 13 0.03580912 
310 144 7 10 0.035790328 
376 190 10 12 0.0355982 
709 192 8 10 0.035583403 
705 203 9 11 0.035458874 
704 176 8 10 0.03544723 
184 181 11 15 0.035171166 
869 306 13 18 0.035039607 
408 220 11 15 0.03498438 
934 247 10 13 0.034948144 
163 171 13 15 0.034684908 
755 152 7 10 0.034466922 
286 282 21 25 0.034443226 
622 251 13 18 0.03432488 
625 192 7 10 0.034246556 
927 274 11 16 0.03422979 
900 212 9 13 0.03420345 
313 158 9 10 0.03411398 
695 238 11 14 0.034090918 
544 150 7 10 0.033941396 
981 235 10 14 0.03359184 
311 365 10 15 0.033585776 
757 206 9 11 0.0333093 
346 203 9 12 0.03306125 
735 192 7 10 0.03305233 
800 246 9 12 0.032965925 
531 149 8 10 0.032916933 
729 301 16 20 0.032869328 
903 208 8 11 0.03275852 
496 134 7 9 0.03267795 
591 244 9 12 0.032601997 
15 213 10 12 0.032512773 
569 168 10 13 0.032364342 
845 230 10 13 0.03222367 
135 189 12 14 0.032111205 
537 221 10 13 0.032097574 
887 207 9 12 0.032003734 
174 183 11 15 0.0319849 
899 251 13 16 0.031924605 
573 244 11 14 0.031881485 
430 143 8 10 0.031866208 
902 222 10 12 0.0318418 
109 223 10 12 0.031830214 
998 224 9 12 0.03180473 
616 230 9 12 0.031721912 
633 182 9 11 0.0316863 
489 217 19 21 0.031466275 
716 276 14 17 0.031421155 
488 215 12 15 0.03141355 
887 255 10 13 0.031342853 
462 181 8 11 0.030838106 
961 268 11 14 0.03081986 
565 239 13 17 0.030818248 
821 300 13 16 0.03080697 
654 293 16 20 0.030797701 
865 265 13 16 0.030701844 
835 316 14 17 0.030647416 
238 180 10 14 0.030638263 
836 331 16 20 0.030544948 
332 197 10 13 0.030530762 
691 422 13 17 0.030469975 
53 176 9 10 0.03040907 
770 174 8 10 0.030400746 
701 235 10 13 0.030389335 
465 346 18 21 0.030373001 
654 221 11 13 0.030288171 
444 259 10 15 0.030212352 
373 205 10 12 0.030155262 
883 229 11 15 0.030149292 
298 280 19 26 0.030106727 
534 206 9 12 0.030073665 
810 298 15 18 0.02995979 
309 220 10 13 0.029900946 
193 268 14 18 0.029869199 
910 222 10 12 0.029798213 
558 243 10 15 0.029621648 
11 177 11 13 0.02959544 
523 167 8 10 0.029492984 
556 174 10 12 0.029481359 
477 195 9 12 0.029478243 
321 153 7 10 0.029449508 
848 190 9 11 0.02943682 
310 151 8 9 0.029393282 
975 268 13 16 0.029280988 
752 236 12 15 0.029218627 
518 187 10 12 0.02920574 
215 240 14 20 0.029010274 
694 143 8 11 0.029003913 
919 192 8 9 0.028949274 
494 196 9 12 0.0288939 
740 239 11 14 0.028872086 
195 279 19 26 0.028827494 
372 365 24 32 0.028711684 
426 300 15 21 0.028618377 
428 158 8 10 0.028601551 
102 168 8 11 0.028585158 
462 142 8 9 0.028458806 
704 346 14 15 0.028287364 
387 179 11 12 0.028286038 
780 199 10 12 0.02825136 
627 243 14 16 0.028176507 
750 228 13 15 0.028110018 
559 160 9 10 0.028067438 
409 215 9 13 0.028017653 
425 204 9 11 0.027958402 
766 215 8 9 0.02786046 
861 312 12 18 0.027810678 
771 246 10 14 0.02777939 
805 308 14 24 0.027727295 
837 324 14 17 0.027671881 
382 196 9 11 0.02765195 
841 237 9 11 0.027650142 
915 247 20 24 0.02739596 
686 236 10 15 0.027367158 
78 192 7 9 0.027215058 
842 288 19 24 0.027124254 
375 197 9 11 0.026993655 
309 247 14 20 0.026982183 
420 240 12 17 0.02697148 
963 232 13 16 0.02688732 
776 280 17 19 0.026881613 
567 182 8 10 0.026802838 
958 274 11 15 0.02672111 
693 343 10 12 0.026650468 
411 246 23 28 0.026635362 
297 166 9 12 0.026622267 
525 179 10 12 0.026573235 
481 160 7 9 0.026515849 
751 244 12 14 0.026495142 
505 333 12 15 0.026446655 
604 373 22 29 0.02636244 
752 174 7 9 0.02632645 
656 229 9 12 0.026317865 
232 148 9 11 0.026173286 
548 251 11 14 0.02603569 
137 197 11 13 0.025956802 
630 237 12 15 0.02585002 
374 350 24 26 0.02583552 
547 215 12 14 0.02583244 
702 166 7 9 0.025821874 
360 203 10 12 0.025800724 
472 132 8 9 0.025614034 
911 236 9 12 0.025600594 
814 321 16 20 0.025328005 
376 297 11 16 0.025275309 
689 126 8 10 0.025273276 
462 214 9 11 0.025211446 
1006 235 21 27 0.02517481 
698 159 8 10 0.025150577 
713 214 10 13 0.024940498 
757 275 12 16 0.024938997 
574 196 8 10 0.024888184 
836 270 14 19 0.0248348 
560 237 11 15 0.024817292 
361 282 16 22 0.024801068 
843 370 16 20 0.02479802 
958 206 10 11 0.024789145 
1002 227 12 15 0.024787704 
512 176 10 13 0.024785768 
678 233 13 17 0.02470711 
119 248 20 24 0.024700955 
960 263 9 11 0.024699897 
926 199 9 11 0.02458269 
112 213 11 12 0.024570633 
541 216 18 22 0.02455738 
797 298 14 22 0.024548834 
325 153 8 9 0.024539484 
22 215 8 11 0.024460476 
823 221 9 10 0.024452206 
743 222 10 12 0.024446458 
840 224 9 11 0.024345642 
738 297 15 19 0.02434129 
981 261 11 14 0.02433199 
689 148 9 10 0.024313387 
311 231 12 16 0.024288684 
244 189 11 12 0.02426925 
117 233 11 15 0.024238441 
872 214 9 10 0.024208946 
686 368 42 47 0.024195304 
55 199 10 12 0.024186501 
197 176 12 14 0.02417591 
701 299 20 26 0.024096774 
141 174 9 12 0.024062319 
409 173 9 12 0.024062045 
754 157 7 8 0.024044745 
120 258 13 18 0.024005447 
159 187 15 19 0.023951767 
359 160 17 24 0.023913316 
820 306 13 19 0.023901954 
324 228 13 17 0.023890251 
566 225 18 23 0.023820959 
783 142 7 10 0.023811255 
829 251 10 14 0.023721354 
566 307 21 31 0.023696983 
183 102 10 13 0.02366873 
757 172 8 10 0.023636902 
73 192 7 9 0.023610998 
351 215 10 13 0.023564951 
332 173 10 13 0.023564689 
836 296 14 19 0.023479162 
871 247 11 14 0.023477629 
926 283 11 15 0.02346098 
488 193 11 13 0.023437684 
268 166 8 11 0.023418713 
816 213 7 9 0.02338364 
4 181 9 13 0.023380492 
284 370 12 18 0.023354456 
239 161 18 24 0.023339938 
788 267 12 16 0.023228284 
845 251 11 15 0.023145443 
181 175 11 13 0.023139244 
500 215 10 12 0.023124084 
568 190 9 11 0.023119163 
625 196 9 12 0.023110382 
725 285 15 21 0.023099152 
637 199 9 11 0.02309462 
329 291 22 27 0.023047023 
727 270 12 15 0.023010632 
614 118 199 216 0.022989742 
310 393 14 17 0.022977013 
721 200 10 10 0.0229578 
294 205 9 12 0.022956243 
884 302 14 20 0.022946779 
554 142 7 9 0.022917798 
630 159 7 10 0.022903148 
318 222 11 14 0.022888374 
788 351 25 30 0.022860399 
526 161 9 11 0.022838937 
455 214 9 12 0.022831904 
629 219 11 13 0.022739671 
464 240 12 16 0.022613809 
139 287 22 28 0.022561278 
759 156 7 10 0.02254076 
792 246 9 12 0.022485571 
798 314 15 24 0.022477621 
634 233 20 24 0.022460949 
161 248 15 18 0.022438161 
381 187 11 14 0.022423333 
248 198 10 12 0.022422338 
829 238 9 10 0.022379505 
662 213 11 14 0.022366017 
495 205 10 14 0.022333536 
630 190 9 11 0.022320593 
462 207 8 10 0.022295363 
994 160 8 9 0.022227092 
756 233 19 22 0.02220918 
698 360 26 28 0.02218154 
14 197 10 12 0.022179466 
325 182 10 13 0.022175312 
741 227 11 13 0.022165896 
241 161 8 10 0.022089934 
96 212 8 11 0.022088112 
109 179 9 11 0.022073625 
209 144 7 10 0.022062192 
321 66 198 223 0.022053141 
625 213 9 12 0.02200133 
123 264 15 17 0.021997154 
727 237 11 14 0.021986833 
877 192 8 10 0.021965705 
290 298 13 18 0.02191586 
722 159 6 9 0.02190077 
734 238 12 15 0.021872716 
941 236 12 14 0.02184635 
519 209 10 13 0.021808855 
837 251 12 15 0.021727918 
468 237 19 24 0.021725582 
672 175 8 10 0.021714065 
253 200 19 24 0.021630857 
728 193 10 13 0.021625377 
238 259 12 15 0.02162219 
851 338 14 19 0.021485021 
190 281 15 20 0.021454308 
317 371 15 17 0.021264106 
649 173 9 11 0.021155627 
992 234 11 15 0.021144856 
282 447 32 39 0.02112026 
846 347 15 20 0.021118904 
486 184 18 23 0.021077296 
190 219 13 17 0.021027716 
436 235 11 15 0.020969858 
514 175 18 22 0.020886982 
502 236 12 15 0.02082738 
605 188 10 13 0.020776445 
764 231 10 13 0.020774985 
895 209 10 11 0.020760644 
975 236 10 13 0.020721309 
805 285 10 14 0.020692669 
853 182 9 10 0.020622564 
799 292 13 18 0.020600695 
214 163 9 13 0.020590547 
410 238 9 13 0.020565176 
190 205 11 14 0.020552471 
513 199 10 13 0.02052397 
893 190 8 10 0.020477466 
990 275 13 16 0.020474683 
438 244 10 14 0.020455858 
117 211 10 12 0.020380145 
830 216 10 11 0.02029266 
380 171 17 22 0.020204416 
445 197 9 11 0.02019627 
381 206 11 14 0.020153897 
642 241 13 17 0.020141676 
717 213 10 12 0.0201204 
694 223 9 11 0.020082239 
741 288 20 25 0.02005621 
271 161 9 11 0.020018741 
