11_Meeting_Meeting_11_Meeting_Meeting_11_702
288
747 319 60 71 0.9993228 
823 152 27 32 0.9993031 
623 191 30 40 0.99867165 
407 203 29 33 0.9986658 
441 297 52 61 0.99813026 
578 178 24 30 0.9975957 
793 186 34 42 0.9974075 
5 297 37 41 0.99628687 
889 244 48 54 0.99588436 
120 213 26 28 0.99585176 
888 161 37 41 0.9956483 
679 256 43 55 0.995265 
718 165 26 32 0.9943522 
374 127 16 20 0.9914894 
668 149 22 26 0.9904075 
418 239 38 48 0.9882935 
768 133 24 30 0.9876357 
713 129 19 24 0.9860903 
507 132 16 20 0.98588485 
376 186 24 28 0.9857019 
401 141 17 24 0.98519576 
330 132 16 19 0.98336005 
544 160 20 24 0.9780328 
959 181 43 45 0.9753322 
912 120 22 27 0.9750531 
803 120 19 24 0.9750279 
-1 213 20 31 0.97302747 
943 113 20 24 0.95783 
617 139 21 25 0.95434505 
943 144 25 29 0.9512602 
879 108 15 18 0.9480562 
683 122 19 25 0.9391005 
359 167 20 24 0.93890506 
981 99 13 16 0.92432034 
835 116 14 19 0.9184933 
859 127 21 25 0.9184365 
480 131 13 17 0.9095666 
782 108 13 17 0.90443313 
657 120 18 23 0.9026674 
525 141 18 23 0.8944593 
814 95 12 15 0.8750196 
984 125 24 28 0.85037726 
22 195 25 28 0.83995616 
899 97 15 18 0.82999647 
345 158 14 18 0.8027903 
698 108 12 15 0.7236236 
752 111 13 18 0.69255453 
570 126 15 19 0.62220335 
800 75 11 13 0.6155726 
935 94 11 15 0.4212199 
47 171 21 25 0.40183517 
336 214 11 15 0.36023015 
751 69 10 13 0.33362952 
603 126 16 19 0.29245594 
914 69 13 15 0.2687176 
533 119 13 15 0.25554445 
344 190 11 14 0.25119928 
924 99 12 16 0.25081035 
159 414 22 26 0.23097897 
583 324 35 40 0.2257188 
116 361 18 23 0.22529478 
471 169 14 17 0.2042592 
614 170 22 26 0.1897577 
876 131 15 18 0.1888547 
511 134 20 25 0.18734533 
466 198 20 25 0.18539514 
150 364 16 20 0.18478942 
168 412 23 25 0.17083357 
773 73 9 10 0.16764285 
632 118 11 15 0.16291603 
1012 111 10 16 0.16160242 
805 73 11 13 0.16098087 
1000 104 11 14 0.15879028 
769 74 10 12 0.15236673 
594 100 11 15 0.15060456 
347 281 16 18 0.14527929 
352 221 11 15 0.14337623 
530 194 23 29 0.14128645 
792 72 7 9 0.13046175 
349 272 25 27 0.121412486 
785 72 7 9 0.11942586 
1001 125 18 27 0.11747223 
994 112 21 26 0.11705085 
319 227 12 15 0.11703976 
997 108 16 19 0.11569409 
540 119 10 13 0.11509308 
892 140 16 20 0.10855382 
378 77 9 13 0.10324032 
786 102 13 15 0.09672997 
700 158 16 22 0.095624775 
637 123 13 17 0.09311359 
423 172 11 16 0.08873791 
585 389 46 52 0.0879917 
647 120 20 25 0.08732238 
476 194 16 22 0.087023444 
813 75 10 13 0.08395754 
608 396 27 35 0.07855785 
404 175 18 20 0.075029306 
463 123 12 14 0.07480482 
813 101 15 19 0.0741328 
720 94 10 13 0.074096605 
1005 110 16 21 0.07296034 
1010 128 14 21 0.07152837 
325 221 12 16 0.07081493 
571 328 38 52 0.06940617 
915 64 11 14 0.06902453 
693 112 15 21 0.06787851 
208 363 12 16 0.06754486 
349 162 19 26 0.06559715 
643 128 15 20 0.06557201 
605 135 20 27 0.06408022 
824 79 10 12 0.06236454 
862 278 27 34 0.061383374 
468 118 11 13 0.06063373 
527 122 15 17 0.058748245 
956 147 25 31 0.058401488 
756 61 10 14 0.05817687 
649 148 23 28 0.05772557 
906 76 23 27 0.057037238 
428 172 12 15 0.056921136 
356 245 12 15 0.056853496 
775 111 16 19 0.056427367 
636 88 14 18 0.05529964 
335 251 11 13 0.055105582 
205 417 12 15 0.052963953 
472 95 9 10 0.0506584 
454 144 11 14 0.050639693 
912 134 23 27 0.05012611 
349 180 10 14 0.04954367 
185 263 28 30 0.049505506 
483 189 14 19 0.04816155 
185 412 14 19 0.046907786 
448 120 10 13 0.04657668 
453 119 12 14 0.04625417 
523 219 15 19 0.046242032 
366 172 21 28 0.04611916 
811 156 25 31 0.045999818 
606 168 16 21 0.04576842 
1006 349 20 35 0.044999853 
661 110 15 18 0.04473541 
922 78 13 15 0.04452161 
339 229 11 13 0.044384 
538 207 25 31 0.04420924 
521 203 24 30 0.043423403 
898 85 23 28 0.043378517 
490 324 25 38 0.04320772 
707 158 22 31 0.043139495 
553 332 35 52 0.04268643 
836 124 15 19 0.042627018 
618 162 17 23 0.04246823 
971 153 16 20 0.04151071 
549 102 13 15 0.041454658 
951 300 23 32 0.041354764 
122 353 16 23 0.04124445 
792 75 9 12 0.041168913 
986 96 12 14 0.0407196 
874 165 26 33 0.04023833 
974 105 16 18 0.03977697 
996 7 31 35 0.039683186 
742 61 11 13 0.039577857 
979 111 23 28 0.039332222 
120 309 12 15 0.038490362 
311 271 9 13 0.03844051 
323 181 11 15 0.038118746 
561 295 33 32 0.037713837 
101 227 15 19 0.03767106 
132 138 14 14 0.03762426 
21 222 15 20 0.03713743 
785 76 8 10 0.037125126 
757 56 9 11 0.03711817 
446 97 8 10 0.03704201 
42 172 14 17 0.03676577 
336 136 15 18 0.03668873 
747 61 19 25 0.036444847 
456 102 8 10 0.036248483 
358 147 13 15 0.035975285 
478 94 9 10 0.035545625 
853 115 14 17 0.035407767 
839 103 12 15 0.035367448 
416 173 19 24 0.035120197 
939 160 32 39 0.034977973 
963 112 15 19 0.034781635 
199 417 13 19 0.034675825 
439 101 10 11 0.034215815 
52 325 31 38 0.03414086 
52 192 18 20 0.03384082 
932 116 22 28 0.03366864 
766 86 10 13 0.03352328 
178 356 12 13 0.033278234 
143 364 14 18 0.033267528 
421 101 11 12 0.033122487 
984 104 19 23 0.032595444 
166 341 11 14 0.032567937 
845 77 10 13 0.032353755 
462 103 8 9 0.032271367 
977 137 26 32 0.032226056 
696 94 10 12 0.032175895 
647 144 16 21 0.032138243 
977 94 13 15 0.03201612 
620 177 22 26 0.031987496 
56 183 15 19 0.031693183 
44 277 26 29 0.03143096 
119 258 23 30 0.031314008 
27 184 26 30 0.031124441 
918 93 15 18 0.030941281 
471 101 10 11 0.030718392 
339 218 12 15 0.030565403 
805 163 17 21 0.030545197 
826 83 12 15 0.030024517 
349 132 14 15 0.029872196 
914 106 23 27 0.029323265 
531 134 15 18 0.029197957 
343 183 12 16 0.028624421 
410 185 19 21 0.028486637 
830 91 12 14 0.02835179 
710 114 13 18 0.028157772 
34 229 23 28 0.027945265 
547 116 11 14 0.02772068 
855 143 25 28 0.027695404 
1001 140 24 28 0.027563978 
673 194 23 28 0.027392237 
227 128 16 19 0.02738639 
454 199 23 27 0.027199699 
474 176 17 20 0.02715332 
918 78 21 26 0.027094053 
883 135 16 21 0.026672455 
465 170 11 16 0.026116835 
343 152 12 14 0.026017193 
765 92 11 13 0.025989572 
855 136 16 20 0.025953516 
296 229 12 15 0.02580923 
546 337 24 40 0.025809059 
566 118 16 19 0.02546915 
495 118 11 13 0.025123198 
742 56 9 12 0.025017716 
502 116 11 14 0.024963237 
665 116 14 18 0.024793593 
145 423 24 25 0.024750678 
784 94 12 14 0.02465378 
569 92 11 15 0.024589026 
461 128 14 17 0.0243706 
675 176 16 19 0.02432349 
197 379 10 13 0.024227336 
131 311 29 33 0.024213966 
981 183 30 36 0.024213355 
149 380 12 14 0.024044555 
135 261 31 39 0.023895552 
863 157 27 33 0.023440534 
438 123 11 13 0.023278067 
45 180 17 22 0.023261955 
947 121 26 32 0.023231236 
841 115 13 17 0.023203328 
731 110 11 14 0.023110297 
973 120 24 28 0.023072453 
806 83 11 13 0.02298099 
981 108 36 51 0.022924164 
383 100 12 14 0.022649469 
696 84 11 14 0.022411501 
994 157 26 31 0.022367164 
356 139 15 18 0.022336487 
26 220 20 25 0.022329919 
110 368 16 19 0.022055633 
172 371 14 16 0.022028465 
784 87 9 11 0.021885535 
182 378 12 14 0.021847254 
178 407 17 20 0.021819396 
0 387 29 37 0.021765888 
900 124 26 30 0.02161355 
539 282 47 48 0.021579985 
355 132 14 17 0.021314587 
390 124 13 15 0.021285811 
931 144 17 20 0.021220574 
349 219 20 24 0.020892631 
853 167 28 32 0.020883778 
131 361 14 19 0.020809317 
847 281 31 37 0.020794919 
877 122 16 20 0.020790953 
429 122 13 15 0.020737773 
966 65 10 12 0.02059568 
508 117 13 15 0.020588998 
464 120 20 22 0.020542376 
951 197 31 36 0.020524094 
554 107 12 14 0.02041089 
113 341 25 30 0.020334186 
168 369 12 16 0.02031903 
367 195 13 17 0.020307425 
617 388 15 18 0.020269198 
922 142 17 22 0.020225644 
