11_Meeting_Meeting_11_Meeting_Meeting_11_295
80
608 369 51 65 0.9994211 
121 455 65 94 0.9943954 
233 340 24 33 0.9937133 
690 291 21 29 0.9895913 
140 373 32 55 0.9876084 
592 312 21 35 0.9795853 
810 549 60 119 0.97929287 
57 336 34 53 0.9745661 
801 299 20 28 0.9735205 
899 312 22 29 0.96736306 
491 334 26 37 0.9437814 
441 219 17 22 0.93070376 
431 536 72 107 0.4455591 
794 324 18 25 0.35439822 
406 535 58 99 0.33835807 
546 319 20 32 0.32991347 
947 340 13 16 0.2345594 
505 234 17 21 0.21401225 
508 343 30 34 0.14513662 
129 337 14 19 0.141164 
453 332 23 30 0.12401634 
531 319 24 39 0.098507896 
521 325 26 38 0.09527056 
830 561 92 133 0.09091393 
449 241 16 22 0.08966225 
81 365 26 40 0.08917728 
795 307 24 33 0.07880267 
220 145 31 39 0.06450553 
254 403 17 18 0.06258977 
463 333 25 31 0.061713126 
173 332 28 32 0.06118416 
122 308 23 32 0.059629448 
413 353 40 53 0.059460618 
226 332 18 20 0.048281126 
700 521 26 30 0.047687713 
772 535 11 13 0.047097173 
70 350 28 43 0.046217214 
782 326 25 30 0.0458368 
448 338 15 21 0.04546554 
149 365 15 22 0.040302206 
542 317 14 20 0.03960199 
352 481 63 66 0.03898379 
838 361 14 18 0.038152263 
475 333 26 34 0.037470125 
249 400 28 29 0.034163747 
152 368 30 50 0.03236903 
436 330 46 53 0.031322822 
327 157 9 13 0.030983461 
677 671 12 15 0.029328428 
153 336 26 30 0.028844543 
419 557 35 61 0.028269261 
553 315 23 35 0.0273804 
24 348 25 33 0.026555771 
243 333 15 20 0.026006732 
84 378 27 48 0.025992917 
791 315 14 20 0.025782716 
401 165 10 14 0.025189532 
894 524 57 84 0.025177637 
911 314 19 25 0.025130555 
833 298 16 23 0.024325969 
13 347 13 21 0.024100507 
429 332 10 15 0.023151949 
414 348 26 37 0.023119055 
234 333 18 22 0.023087308 
460 548 65 81 0.022928003 
221 335 17 22 0.022719253 
132 334 21 27 0.022591392 
33 350 26 36 0.022208745 
15 347 22 34 0.022061683 
444 354 15 17 0.021899011 
446 340 26 32 0.02171367 
584 315 35 49 0.021503678 
199 199 9 12 0.021497643 
488 335 16 27 0.021331565 
147 349 25 32 0.02096291 
442 378 15 17 0.020940248 
131 309 13 19 0.020787902 
879 588 69 102 0.02055013 
503 249 12 16 0.020104434 
643 739 31 26 0.020026984 
