11_Meeting_Meeting_11_Meeting_Meeting_11_633
29
463 210 203 247 0.9996202 
175 441 154 198 0.9985581 
702 356 151 204 0.9930092 
68 422 9 11 0.13508001 
955 73 12 17 0.118940584 
273 198 10 12 0.06165018 
972 60 13 16 0.048830166 
930 152 15 20 0.046494544 
964 56 15 20 0.045677636 
221 247 13 15 0.042278085 
960 54 11 17 0.039726444 
237 106 417 445 0.033721197 
285 213 9 13 0.032156624 
923 181 14 19 0.031879947 
949 66 21 27 0.031668454 
72 369 7 9 0.030504169 
39 357 10 13 0.027744202 
229 218 12 15 0.026164252 
249 228 17 19 0.024881324 
222 212 13 16 0.024509238 
958 151 10 14 0.024024433 
979 204 12 15 0.023574768 
222 193 8 9 0.023183305 
1013 388 10 14 0.022570029 
980 68 9 12 0.022358574 
965 600 8 11 0.022355247 
239 238 11 14 0.021628955 
1 324 8 13 0.021550275 
911 13 12 13 0.02006826 
