11_Meeting_Meeting_11_Meeting_Meeting_11_349
139
475 50 16 20 0.99556255 
524 50 17 21 0.99200386 
666 46 18 22 0.9904336 
699 63 16 19 0.9731204 
629 57 20 27 0.97288835 
427 37 16 22 0.96406174 
587 51 17 24 0.9615666 
203 171 65 120 0.95099616 
145 35 19 26 0.93740284 
981 51 13 15 0.89388365 
825 52 17 24 0.89091176 
727 56 19 22 0.87150586 
858 55 15 19 0.8148647 
894 51 11 14 0.7559933 
788 59 12 17 0.6657997 
606 50 17 22 0.61482465 
748 91 16 19 0.46177533 
821 68 18 23 0.29457888 
574 110 14 16 0.21304718 
901 53 10 14 0.19256668 
643 102 18 22 0.1615109 
835 34 12 15 0.1513329 
913 76 12 14 0.13001637 
399 78 11 13 0.117601626 
909 55 10 13 0.11613402 
953 53 8 10 0.10613633 
803 117 15 21 0.10418871 
600 97 14 18 0.101123504 
986 56 14 17 0.085505664 
572 24 15 19 0.08474312 
462 83 14 17 0.07890349 
414 339 45 55 0.07711632 
603 59 19 22 0.07574628 
556 57 14 18 0.07463552 
555 93 12 16 0.073422335 
967 53 9 12 0.07201706 
782 62 16 20 0.07076744 
853 45 11 13 0.062528245 
575 51 16 18 0.06016088 
819 100 13 16 0.059629768 
513 11 14 18 0.05911986 
852 63 16 21 0.058343574 
594 52 22 28 0.055318423 
774 62 14 20 0.05484487 
370 58 11 14 0.054698404 
758 69 11 14 0.05338194 
846 36 12 16 0.05304903 
706 143 24 28 0.05232344 
926 53 10 11 0.051771116 
498 91 14 17 0.05065411 
823 126 13 16 0.050140433 
959 53 8 10 0.04810587 
735 48 13 17 0.047505986 
794 128 15 19 0.046544567 
855 85 13 17 0.046397593 
867 53 12 17 0.043768093 
498 82 13 18 0.043123946 
149 181 87 121 0.042306997 
424 377 32 34 0.041747507 
927 49 8 10 0.04138245 
403 85 12 15 0.04017104 
307 361 51 49 0.03990543 
878 69 12 15 0.039484706 
773 74 11 16 0.039289303 
845 57 15 18 0.03897869 
965 61 9 12 0.038851764 
960 63 9 12 0.03868148 
570 109 11 14 0.038397394 
447 140 13 16 0.038030714 
986 49 13 16 0.036439374 
879 84 14 17 0.035528693 
868 82 13 17 0.034452505 
848 67 12 17 0.034398623 
964 69 9 13 0.03343064 
848 119 9 10 0.032614637 
575 31 22 27 0.032246955 
637 109 23 26 0.031126842 
776 93 11 14 0.03075277 
610 100 15 20 0.030456413 
921 48 8 9 0.030431809 
829 48 12 16 0.030361775 
640 2 18 21 0.029802613 
795 1 14 17 0.028726337 
560 182 9 12 0.028576167 
919 54 10 11 0.028547365 
566 22 14 19 0.028407868 
999 133 11 14 0.028403142 
463 61 10 14 0.028173685 
889 48 11 15 0.027609514 
459 14 14 21 0.027598102 
834 41 14 19 0.027547931 
573 180 45 53 0.027373089 
916 60 12 15 0.027350308 
834 55 13 19 0.026778843 
455 62 10 14 0.02657925 
658 46 19 26 0.026503054 
652 49 15 21 0.026461134 
989 65 15 16 0.02634548 
53 0 71 70 0.026042027 
771 134 15 19 0.026024759 
804 126 16 19 0.025790602 
885 77 12 14 0.025552342 
456 78 11 15 0.025435308 
767 66 11 17 0.025210755 
571 110 25 27 0.024804447 
870 119 11 13 0.024545325 
514 84 16 20 0.02445325 
810 116 13 18 0.024351107 
563 50 15 19 0.024204671 
797 83 12 16 0.023998767 
458 5 15 18 0.023889847 
485 85 14 17 0.023856074 
498 2 14 17 0.023471935 
749 69 13 17 0.023091532 
440 136 23 28 0.022782361 
870 76 12 15 0.022674223 
977 47 11 16 0.022590896 
909 68 19 23 0.022555877 
738 65 15 18 0.022358103 
953 60 10 13 0.022351058 
769 75 10 14 0.021905646 
821 27 11 16 0.021680396 
229 279 120 133 0.021675475 
794 60 10 15 0.021665873 
936 63 10 13 0.021619271 
1006 65 14 17 0.021584045 
398 126 42 58 0.021572517 
431 58 12 16 0.021571098 
790 85 12 14 0.021543961 
838 23 9 13 0.021243226 
427 132 15 19 0.021211376 
579 20 14 18 0.021030504 
467 88 13 16 0.02084785 
861 88 15 17 0.020715076 
755 2 16 19 0.020709703 
804 73 12 17 0.020676121 
892 78 11 12 0.020225544 
476 107 16 19 0.02004859 
566 29 21 28 0.020007247 
