11_Meeting_Meeting_11_Meeting_Meeting_11_507
373
133 361 29 39 0.9984646 
821 358 28 33 0.99804014 
56 253 27 35 0.9975656 
76 402 35 49 0.994829 
904 407 41 50 0.99106264 
240 234 14 19 0.97706586 
749 235 14 19 0.9664128 
283 289 14 18 0.9538739 
192 240 17 23 0.94509006 
846 301 16 21 0.939269 
661 282 14 17 0.9221753 
1011 248 12 20 0.91361856 
253 303 17 22 0.8879993 
876 287 14 18 0.8771564 
861 355 22 32 0.8769849 
774 230 14 18 0.8710701 
731 274 13 17 0.8309941 
684 283 14 17 0.806531 
895 319 22 26 0.7590459 
810 248 16 22 0.65125406 
696 298 18 22 0.6484164 
707 314 17 23 0.641907 
309 283 12 16 0.6414883 
735 323 14 20 0.6059181 
197 359 20 27 0.60415953 
146 292 18 23 0.59294254 
748 309 16 18 0.52415466 
913 359 22 29 0.50716734 
889 305 18 22 0.46590933 
647 275 12 14 0.3909374 
298 230 9 12 0.37922388 
660 256 9 10 0.3494894 
378 255 9 10 0.34235978 
801 346 16 21 0.33786058 
216 270 13 18 0.31750295 
275 270 9 13 0.29408503 
961 247 11 14 0.28362396 
241 316 22 28 0.2821929 
326 246 10 11 0.26501948 
521 239 7 10 0.24070403 
332 273 12 14 0.23906073 
632 262 8 12 0.23521468 
975 350 27 29 0.2197535 
1004 227 9 13 0.21301211 
581 283 11 14 0.21199457 
919 354 18 22 0.20654199 
309 262 10 12 0.20068601 
192 429 26 30 0.1984561 
575 285 11 14 0.18217565 
159 352 16 20 0.18182227 
706 357 19 20 0.1806532 
680 260 10 12 0.18059814 
589 302 10 12 0.1763866 
573 291 11 13 0.17402285 
273 274 10 14 0.1681189 
789 314 15 19 0.16123512 
357 256 8 11 0.15934633 
875 363 25 31 0.15690167 
577 279 10 13 0.15178493 
958 271 11 14 0.15025653 
735 246 9 12 0.14850596 
276 364 12 17 0.14845194 
735 238 8 11 0.13665424 
962 223 8 11 0.13634132 
657 258 10 14 0.13631868 
350 260 10 12 0.13614988 
600 253 8 12 0.13321246 
257 261 10 13 0.13175206 
739 318 16 21 0.12795396 
764 221 11 14 0.12773196 
434 254 7 10 0.12019878 
936 373 15 18 0.11960972 
984 243 12 15 0.11712633 
615 255 7 9 0.1147705 
618 308 11 13 0.11044019 
901 232 8 10 0.1102657 
882 254 9 12 0.10952288 
631 315 11 15 0.10824482 
630 305 9 11 0.10725781 
457 245 9 10 0.1055333 
346 262 9 11 0.10330988 
599 318 11 12 0.10296103 
604 310 9 12 0.10138221 
681 339 10 13 0.10103911 
545 263 9 11 0.10036085 
391 247 9 11 0.097639166 
406 252 7 10 0.09522065 
931 373 25 28 0.0939429 
313 392 13 16 0.09299794 
277 429 18 19 0.09083708 
988 239 10 12 0.08579537 
558 245 8 10 0.08574575 
918 368 24 30 0.08509761 
688 288 20 24 0.083922274 
861 346 15 22 0.08251898 
406 270 10 11 0.082392044 
166 274 14 19 0.07971934 
630 247 7 9 0.07730757 
634 342 11 14 0.075402364 
173 293 9 13 0.07480165 
625 262 9 11 0.07411554 
243 260 12 16 0.07212562 
963 358 34 35 0.071642525 
376 248 7 10 0.07137017 
322 241 7 10 0.06935167 
352 222 8 10 0.0685062 
817 244 13 16 0.067086965 
381 318 12 14 0.06691965 
991 219 8 12 0.066613935 
647 248 8 9 0.066089906 
600 302 9 11 0.06537217 
1003 277 19 27 0.06466332 
376 302 9 10 0.06442554 
575 315 11 13 0.06334773 
732 251 12 15 0.063331224 
123 331 13 17 0.06320141 
604 293 11 13 0.062250696 
922 232 8 10 0.061311387 
652 276 13 16 0.060042553 
629 310 11 14 0.059945885 
461 244 8 10 0.05843249 
195 417 24 29 0.057473604 
794 310 12 15 0.057416353 
288 239 9 10 0.0564631 
139 276 15 19 0.05524918 
559 263 12 14 0.053091746 
589 278 9 12 0.052883197 
328 250 10 13 0.0528417 
606 254 8 10 0.05273884 
636 263 10 12 0.052254714 
581 310 11 13 0.05213995 
648 253 9 11 0.052091397 
290 285 13 18 0.05121604 
651 271 12 14 0.05107541 
126 259 14 18 0.050833497 
864 302 10 14 0.05082048 
332 325 14 16 0.050445892 
895 365 27 32 0.04992481 
667 291 13 15 0.04955874 
781 319 16 21 0.048991513 
632 255 7 10 0.048454806 
1001 420 24 36 0.047805432 
691 280 11 14 0.04692221 
171 269 12 16 0.046781406 
300 234 10 13 0.046468996 
326 241 9 11 0.046252046 
808 348 23 30 0.04588917 
206 415 13 15 0.045337413 
398 304 9 10 0.04525338 
334 254 8 11 0.045143414 
941 368 25 30 0.04368939 
304 289 13 16 0.04309494 
591 248 9 11 0.04279933 
639 268 9 12 0.042794857 
236 324 18 22 0.042786334 
617 302 11 14 0.04258588 
286 409 9 11 0.042475894 
143 354 26 36 0.04240071 
311 257 9 12 0.041992843 
388 321 11 12 0.041519206 
828 346 24 32 0.041080832 
952 366 34 36 0.041034423 
884 269 11 14 0.040875982 
437 248 8 10 0.04062843 
742 309 15 17 0.04058776 
734 358 26 26 0.040457554 
867 332 14 17 0.03940895 
434 250 7 9 0.039074548 
266 325 15 18 0.038992263 
732 261 12 14 0.03882636 
753 301 17 21 0.038665824 
712 308 18 22 0.03860382 
709 356 27 29 0.038594827 
343 256 10 12 0.038470708 
556 285 9 12 0.038276818 
558 280 9 11 0.038225885 
975 332 12 17 0.03801805 
705 301 16 19 0.037958905 
368 297 9 11 0.037894197 
639 254 9 11 0.037878424 
277 255 8 11 0.03766477 
648 294 9 12 0.03765594 
936 278 9 11 0.037569787 
614 327 10 12 0.037442133 
583 293 10 12 0.037433654 
102 360 23 30 0.03728468 
108 350 24 33 0.037268896 
588 296 10 12 0.0372375 
327 374 10 11 0.03709299 
975 230 10 12 0.037020974 
771 493 31 34 0.036895365 
377 318 10 13 0.03678608 
943 198 7 11 0.036679592 
647 349 13 15 0.036566667 
910 372 18 23 0.036434095 
198 348 22 28 0.03609388 
276 261 10 14 0.036078006 
959 361 14 20 0.035866234 
408 277 8 11 0.03521572 
333 -1 140 145 0.035184354 
897 233 10 13 0.03487024 
686 247 9 11 0.034835633 
569 287 9 12 0.03473008 
529 261 9 11 0.03461581 
585 252 8 11 0.03443417 
544 256 9 11 0.034327585 
553 238 8 11 0.034126345 
408 294 8 10 0.033923846 
399 263 9 11 0.033597883 
586 283 11 13 0.03340271 
296 226 8 11 0.033366296 
390 252 9 11 0.033278268 
5 306 15 21 0.033135697 
351 237 9 11 0.032908827 
796 408 12 15 0.032809045 
568 277 9 12 0.032783303 
878 279 14 17 0.032514945 
327 261 10 12 0.032439444 
682 279 11 14 0.03221415 
190 361 18 23 0.032056097 
400 269 10 12 0.0318999 
309 343 11 13 0.031852167 
770 412 12 14 0.03180469 
685 254 10 13 0.03172914 
726 297 12 16 0.031704012 
614 293 11 13 0.031694103 
252 209 13 17 0.03160847 
670 261 10 12 0.031453867 
316 262 9 12 0.030999461 
664 335 13 16 0.030631453 
592 252 9 12 0.03054368 
972 336 24 31 0.030500764 
399 247 9 11 0.030271787 
342 270 9 11 0.03022107 
390 285 10 11 0.030135283 
262 269 10 13 0.02978546 
721 358 27 27 0.02969251 
953 269 11 14 0.029679036 
551 232 7 9 0.029507432 
384 237 8 10 0.029346822 
140 281 21 28 0.028777562 
374 224 7 10 0.028741254 
0 433 24 35 0.028609345 
349 360 11 13 0.028605629 
780 170 12 16 0.028549904 
510 249 9 10 0.028449152 
166 291 14 18 0.028410567 
745 355 26 26 0.028404059 
416 263 8 10 0.028378885 
104 354 13 17 0.028283989 
380 258 10 12 0.028232902 
380 302 11 12 0.028194278 
375 358 9 11 0.028122425 
998 278 14 18 0.028043501 
624 256 8 9 0.027880765 
924 234 11 13 0.02777212 
171 296 14 20 0.027756155 
964 227 11 13 0.027364314 
986 341 24 31 0.027280284 
897 399 27 38 0.027170202 
883 275 13 17 0.027145535 
251 234 13 18 0.02698665 
599 259 9 11 0.026978577 
881 259 11 14 0.026855892 
617 286 9 11 0.02677388 
718 262 9 13 0.026625102 
615 260 9 11 0.026600718 
292 254 11 13 0.026534768 
398 278 9 12 0.026523555 
570 316 10 13 0.026487978 
556 292 10 12 0.026423428 
550 269 9 11 0.02639243 
760 214 12 15 0.026341323 
202 440 16 19 0.026318476 
964 342 24 32 0.026313502 
1011 277 12 19 0.026253462 
293 357 12 14 0.026246503 
114 363 24 31 0.026227076 
398 239 9 11 0.026206035 
623 314 10 13 0.026187215 
391 303 9 11 0.026170282 
790 228 13 18 0.02616241 
424 272 9 10 0.026123391 
948 286 11 13 0.025823101 
606 358 9 11 0.025763132 
309 266 12 15 0.025568563 
954 245 10 12 0.025337689 
366 310 9 11 0.025309388 
331 247 10 11 0.025239006 
374 352 9 11 0.025101602 
294 389 10 13 0.025095189 
625 267 9 13 0.025076939 
685 270 11 14 0.02501631 
772 223 14 17 0.024951482 
755 229 13 16 0.02470606 
575 300 9 11 0.024699735 
979 333 14 18 0.02462342 
602 358 9 12 0.024596183 
625 240 8 11 0.024586234 
422 278 9 11 0.024573473 
695 315 22 29 0.02456707 
544 237 8 11 0.024564609 
888 236 9 13 0.024411926 
768 232 14 19 0.024330067 
763 333 14 18 0.02431119 
502 247 9 12 0.02418579 
565 267 11 13 0.024155548 
793 224 22 29 0.024124686 
343 245 9 11 0.024115767 
567 301 11 12 0.023942271 
694 390 11 15 0.023796573 
607 259 8 11 0.023582624 
617 316 10 11 0.023530232 
999 245 10 13 0.023109626 
654 302 11 13 0.023109179 
318 268 9 12 0.02297777 
1013 305 11 17 0.022938041 
289 231 9 11 0.022930795 
856 276 11 15 0.02291197 
367 240 9 10 0.022747725 
592 231 7 10 0.022647204 
421 287 9 10 0.02257878 
156 179 10 12 0.022499751 
743 259 11 14 0.022456424 
625 278 9 13 0.022453494 
606 249 8 10 0.022437047 
963 339 15 19 0.022428956 
398 286 9 10 0.022357386 
171 282 14 20 0.022234872 
535 256 9 11 0.022151763 
632 335 12 14 0.022119982 
153 282 20 27 0.022047164 
280 407 10 12 0.021964878 
316 348 13 15 0.021936854 
681 247 8 11 0.021930415 
294 226 18 23 0.021890564 
332 319 14 14 0.021851243 
267 333 16 20 0.021840706 
545 247 8 10 0.02170166 
624 217 7 9 0.021397674 
384 286 10 12 0.02132137 
755 421 14 15 0.021217773 
670 298 12 15 0.021166863 
991 229 9 11 0.021105332 
737 308 11 15 0.02108799 
559 255 9 10 0.021062266 
738 331 16 21 0.021036226 
240 412 13 14 0.020968292 
154 234 16 21 0.02094688 
275 389 14 15 0.020918995 
882 248 8 11 0.020874957 
675 390 18 20 0.02086884 
205 342 22 28 0.020661335 
345 364 12 15 0.020653265 
732 299 12 15 0.020651843 
496 240 7 9 0.020609144 
239 407 11 12 0.020600367 
260 291 12 16 0.020524384 
592 272 9 12 0.020514721 
983 232 8 10 0.020485176 
731 236 9 12 0.020482354 
126 213 23 31 0.020446356 
424 294 8 10 0.020424535 
256 254 18 24 0.020423133 
965 347 14 19 0.020343374 
637 301 10 12 0.020336246 
438 260 10 11 0.020321706 
352 230 9 12 0.02022003 
302 396 10 12 0.020198358 
265 357 22 26 0.020084232 
575 279 19 22 0.020079039 
691 350 14 15 0.020053066 
562 214 9 11 0.020008218 
