58_Hockey_icehockey_puck_58_940
30
825 267 27 28 0.9880756 
416 320 45 35 0.9444447 
695 292 31 35 0.93859255 
421 347 65 91 0.45007202 
288 206 10 12 0.29675615 
253 221 11 14 0.18070434 
481 334 92 125 0.096411265 
573 359 15 18 0.09303672 
778 373 11 14 0.0911544 
562 316 14 18 0.08430467 
568 353 15 20 0.055960722 
446 339 89 108 0.052633524 
312 199 11 13 0.05184978 
416 329 58 64 0.04935763 
672 377 17 25 0.043157708 
563 321 17 22 0.040974684 
738 319 13 19 0.030788722 
292 201 11 12 0.027131189 
817 250 30 40 0.025752878 
967 240 10 13 0.02399527 
879 389 11 14 0.023022454 
315 204 11 14 0.022960326 
269 207 9 11 0.022761637 
488 341 30 31 0.022507682 
447 333 59 73 0.022466917 
672 365 28 43 0.020547798 
728 317 20 27 0.020368526 
329 206 9 11 0.020141419 
720 327 25 30 0.020035772 
424 300 49 49 0.020032378 
