58_Hockey_icehockey_puck_58_785
79
481 340 32 38 0.99927944 
376 341 34 46 0.9992138 
447 354 34 42 0.9990846 
525 340 30 35 0.9990264 
130 328 37 44 0.9989636 
657 303 29 38 0.9986621 
793 307 33 41 0.9982016 
422 293 34 42 0.99817383 
625 360 31 40 0.99777466 
244 360 34 41 0.9973815 
729 336 33 42 0.9969188 
283 363 36 42 0.9966239 
684 336 33 39 0.99623114 
328 332 35 44 0.99494743 
280 308 35 40 0.99266887 
917 309 35 46 0.99111664 
609 326 24 32 0.966861 
310 548 15 20 0.3866031 
710 464 32 35 0.37369755 
834 450 18 20 0.3245599 
757 475 16 20 0.2969093 
541 583 12 13 0.2832966 
802 432 18 22 0.19425133 
284 506 23 30 0.16464946 
684 459 29 35 0.14004003 
3 479 30 36 0.11872863 
567 528 12 16 0.108288504 
613 312 22 30 0.10424112 
872 471 10 12 0.090171166 
38 461 35 50 0.089920126 
139 710 15 20 0.08502438 
25 484 13 18 0.08228747 
616 307 16 20 0.08119225 
615 333 28 32 0.07537735 
19 488 15 18 0.053922914 
485 535 12 16 0.05360233 
367 556 23 31 0.053057883 
227 501 15 20 0.041083124 
793 334 30 41 0.038711455 
691 461 17 23 0.037674885 
276 553 13 15 0.037598662 
565 311 11 14 0.03527977 
135 660 9 14 0.03444335 
556 454 15 16 0.033548765 
984 511 16 21 0.03330563 
418 367 22 30 0.03276362 
799 441 14 18 0.032401353 
1012 435 10 17 0.032371894 
455 333 14 17 0.032160476 
283 292 31 38 0.03177793 
478 532 13 16 0.030960869 
861 493 11 14 0.029366076 
553 573 9 11 0.029241236 
545 296 9 11 0.028612088 
571 496 14 19 0.027797325 
538 586 11 14 0.026645817 
757 465 26 32 0.02620507 
725 325 29 36 0.02614491 
905 586 38 61 0.025562963 
260 361 39 44 0.025232304 
661 386 22 25 0.024660068 
773 319 27 35 0.024580551 
885 457 12 14 0.024579942 
528 290 10 12 0.024194684 
552 569 8 10 0.024079312 
570 295 8 10 0.024015423 
331 321 17 21 0.023633953 
461 308 14 18 0.023620913 
600 329 14 20 0.023533355 
245 337 38 47 0.023299925 
836 433 15 18 0.022289282 
410 301 30 37 0.02168504 
437 542 9 12 0.020974783 
662 366 12 17 0.020674018 
561 311 9 13 0.020665644 
237 506 11 16 0.020399293 
547 580 12 16 0.02029901 
862 464 11 13 0.020271668 
247 619 12 16 0.020096939 
