58_Hockey_icehockey_puck_58_880
61
642 275 19 25 0.8826412 
393 312 24 27 0.801054 
615 316 23 29 0.6944841 
921 277 23 31 0.39963397 
735 302 15 21 0.3328464 
339 327 17 19 0.33129942 
716 315 24 28 0.14936595 
910 402 13 17 0.114292 
946 280 31 35 0.1089766 
776 93 13 15 0.07138943 
725 304 21 26 0.0688164 
388 319 20 22 0.061947573 
677 322 12 14 0.056230955 
327 326 25 28 0.055206444 
933 275 32 35 0.054061044 
679 309 10 13 0.053324584 
384 323 13 17 0.050106313 
1012 283 12 20 0.04822932 
743 296 21 32 0.047096234 
665 350 9 12 0.04606109 
328 339 12 14 0.044537883 
601 328 28 29 0.04098628 
807 95 11 13 0.03993459 
717 308 15 19 0.03973895 
1006 372 16 21 0.038268216 
668 343 10 13 0.037780855 
753 92 14 17 0.03634841 
497 139 10 11 0.033982433 
604 322 18 21 0.03162097 
388 324 29 30 0.031063732 
971 287 16 22 0.030969456 
331 337 25 26 0.03017405 
648 366 10 12 0.029801592 
663 354 10 13 0.02866692 
961 288 18 22 0.028472839 
918 266 40 51 0.028386181 
639 271 15 20 0.02737194 
674 318 11 15 0.027203344 
673 303 10 13 0.026853638 
901 410 14 18 0.026341459 
602 347 16 16 0.026320593 
416 366 9 11 0.025091762 
683 311 10 13 0.02486029 
332 354 14 16 0.024749033 
438 403 11 13 0.02469369 
327 347 14 17 0.02409195 
327 327 13 16 0.02364694 
664 134 13 16 0.02358215 
620 311 15 19 0.023309212 
551 166 11 13 0.02313529 
342 319 12 16 0.022693569 
718 294 12 16 0.0223575 
723 299 36 46 0.022317793 
903 398 13 18 0.021453101 
801 93 11 14 0.021378072 
596 329 18 19 0.021328155 
683 317 11 14 0.021311635 
940 394 11 14 0.021099994 
595 325 48 45 0.02086906 
830 95 10 13 0.020587852 
657 350 11 12 0.020234441 
