58_Hockey_icehockey_puck_58_553
55
913 231 25 29 0.9879935 
480 210 20 26 0.9268023 
565 166 14 17 0.73150027 
88 198 28 32 0.6462799 
140 179 17 23 0.60388803 
559 200 21 34 0.38540688 
854 187 10 13 0.25001127 
152 177 16 21 0.21189342 
22 243 12 16 0.06337316 
593 197 25 35 0.05701145 
572 201 26 30 0.05001714 
81 185 26 33 0.04551981 
198 202 13 18 0.04455615 
603 207 14 22 0.043296564 
938 159 8 11 0.042780288 
41 305 14 19 0.04246618 
846 204 12 17 0.041356865 
73 191 24 31 0.04109476 
463 -3 426 477 0.040338714 
915 188 14 15 0.037958805 
568 206 17 24 0.03758276 
830 172 11 12 0.037525605 
53 280 28 29 0.034956396 
71 195 12 20 0.034886878 
565 173 14 20 0.032727584 
553 206 19 33 0.03194755 
37 234 15 18 0.030593893 
849 183 10 14 0.030090397 
838 173 8 10 0.0300664 
826 172 9 12 0.029763894 
18 -4 500 470 0.029666927 
580 189 16 20 0.02827376 
477 206 15 24 0.028119322 
892 174 10 12 0.02789868 
91 437 14 18 0.027062645 
958 160 7 10 0.027023027 
902 231 17 22 0.025978958 
847 197 12 15 0.025916385 
877 166 9 12 0.025503073 
565 191 24 31 0.025289752 
38 243 13 16 0.024134686 
582 192 27 33 0.024122167 
877 244 13 17 0.023764016 
84 187 15 18 0.023578735 
59 242 15 16 0.023572985 
109 187 14 19 0.02337213 
94 168 10 12 0.023316594 
863 140 7 10 0.023102907 
569 143 9 10 0.023016442 
242 460 9 12 0.022004183 
599 87 8 9 0.021784555 
569 147 11 12 0.021773666 
126 449 15 18 0.021585 
937 163 10 13 0.020564176 
17 236 12 16 0.020410746 
