58_Hockey_icehockey_puck_58_290
135
422 64 25 33 0.9977202 
743 32 23 30 0.9972785 
660 37 22 29 0.99672467 
491 63 22 30 0.9965654 
358 72 24 31 0.99208987 
62 19 25 33 0.9893087 
561 44 24 30 0.9884426 
808 18 23 28 0.9834901 
863 1 23 27 0.97764105 
302 81 21 30 0.97439504 
363 0 24 26 0.9743301 
124 24 22 26 0.95052224 
101 113 22 27 0.9465503 
603 40 19 29 0.92653483 
491 469 27 41 0.9212103 
180 16 20 23 0.9159963 
31 36 20 28 0.71102524 
915 0 20 21 0.6701757 
325 339 34 35 0.60700923 
44 179 19 25 0.554693 
210 81 15 18 0.50328714 
155 25 14 19 0.46447307 
856 202 18 21 0.44523567 
1 120 22 37 0.34276623 
250 57 13 16 0.27370512 
250 12 16 20 0.26503307 
391 168 14 18 0.22322965 
901 218 29 32 0.217613 
162 89 18 21 0.21075796 
737 248 29 33 0.20826451 
245 20 24 29 0.2025202 
312 329 30 36 0.19899678 
741 1 18 20 0.19223885 
48 139 19 21 0.16071855 
778 87 16 21 0.15380138 
141 85 13 17 0.14981395 
74 94 17 20 0.14225459 
238 56 16 21 0.10472528 
453 139 13 15 0.10415992 
106 24 13 21 0.102910616 
894 208 47 53 0.09630408 
667 77 14 17 0.07927185 
680 0 20 15 0.078206085 
708 14 28 30 0.076824635 
200 79 21 26 0.07495225 
331 49 23 30 0.07340443 
170 97 15 18 0.07126159 
194 52 14 18 0.07092912 
380 23 16 21 0.06796469 
390 47 16 21 0.06700842 
715 315 33 32 0.066276096 
714 0 19 15 0.05870974 
265 65 22 26 0.056911394 
238 100 10 14 0.056902763 
690 346 14 18 0.05517536 
311 58 15 19 0.053905416 
335 350 20 22 0.0531732 
724 103 14 17 0.051876675 
681 3 28 28 0.05125707 
95 86 13 16 0.050277397 
441 159 16 21 0.048946656 
266 50 17 19 0.048051395 
572 2 25 26 0.044678498 
364 40 16 20 0.044538945 
704 464 35 35 0.04423115 
730 257 28 34 0.043475877 
769 28 23 28 0.042165373 
732 403 19 20 0.041706003 
20 37 25 32 0.041255448 
913 224 20 23 0.0398527 
126 7 13 16 0.039773475 
333 30 26 33 0.038428787 
258 55 22 26 0.038291864 
853 185 25 30 0.036908947 
772 95 17 21 0.036636163 
144 81 20 25 0.03563064 
314 172 14 19 0.0350124 
354 160 15 18 0.03461247 
182 1 12 12 0.034485098 
105 102 18 24 0.034454532 
213 25 17 20 0.033136886 
148 72 15 21 0.03300749 
686 344 22 29 0.03290623 
242 34 24 29 0.03222817 
165 21 11 16 0.030851843 
860 172 11 14 0.030632472 
243 7 19 21 0.029876355 
115 151 15 20 0.029402833 
742 262 29 33 0.028522767 
87 87 23 28 0.028352616 
180 98 13 18 0.028277377 
311 179 14 18 0.02810162 
108 38 14 19 0.026959147 
860 181 12 16 0.02689419 
255 383 13 14 0.026778886 
158 73 15 20 0.026654512 
239 27 14 18 0.02532842 
99 186 24 31 0.025228677 
376 8 16 23 0.024564633 
108 179 16 21 0.024447994 
636 130 14 19 0.024419628 
161 25 13 18 0.024256026 
953 238 11 13 0.024163127 
310 331 18 23 0.024157403 
239 15 16 20 0.02395483 
379 161 20 25 0.023872124 
164 58 13 16 0.023816487 
353 7 23 31 0.023786085 
236 44 15 18 0.023740543 
430 161 23 27 0.023717595 
695 9 30 33 0.023516597 
857 159 10 13 0.02298601 
30 27 16 21 0.022954741 
193 18 13 17 0.022464518 
848 200 16 20 0.022463612 
307 64 21 28 0.022385491 
76 84 23 28 0.0223449 
316 168 11 13 0.022329276 
378 153 14 18 0.02220326 
845 258 31 36 0.022109097 
173 1 16 17 0.022066008 
109 145 17 22 0.021632668 
189 45 14 17 0.021602208 
116 138 16 22 0.021529844 
869 181 12 14 0.021450488 
140 75 17 21 0.021445775 
126 154 14 21 0.02139517 
186 4 14 19 0.021143807 
274 70 17 23 0.02097223 
298 16 16 21 0.020948647 
74 200 17 21 0.020782521 
264 72 13 18 0.020629961 
135 26 16 21 0.02023477 
232 59 14 17 0.020176075 
338 21 21 27 0.02013747 
