58_Hockey_icehockey_puck_58_692
34
444 68 61 73 0.99882907 
566 89 57 69 0.85098445 
592 108 57 61 0.18436755 
418 81 15 22 0.113362685 
250 51 41 62 0.09465426 
563 112 36 47 0.09094961 
138 46 38 48 0.0841322 
147 37 31 36 0.06881528 
413 72 26 39 0.06300236 
333 282 25 28 0.06050418 
389 89 14 19 0.055679046 
700 161 30 38 0.055247523 
321 101 30 33 0.05414963 
324 107 17 20 0.051118437 
394 70 40 56 0.05089035 
388 90 24 36 0.048869323 
707 171 33 36 0.043077435 
791 7 53 58 0.03611187 
394 252 17 23 0.031126864 
155 47 18 21 0.030771948 
107 61 28 35 0.030035228 
693 150 29 35 0.029037802 
582 67 64 85 0.028873548 
380 81 43 57 0.028385883 
613 46 63 82 0.027630737 
105 152 46 63 0.026671913 
318 114 16 20 0.025917469 
318 112 45 52 0.025471985 
386 75 27 36 0.024529053 
401 49 46 64 0.024035247 
123 55 39 50 0.023384232 
645 42 53 76 0.022802329 
376 258 33 39 0.022282818 
615 123 39 41 0.021383006 
