58_Hockey_icehockey_puck_58_17
123
69 78 66 82 0.9961332 
447 493 25 31 0.9521728 
37 325 71 98 0.9468514 
165 499 42 46 0.733792 
851 71 44 55 0.47907612 
596 197 39 45 0.41002992 
218 331 40 44 0.35885102 
375 236 23 27 0.21467048 
273 448 29 32 0.18230659 
434 493 24 30 0.17332274 
420 495 22 28 0.12717411 
387 493 15 18 0.11640962 
89 173 57 76 0.11197906 
397 343 24 28 0.10626592 
325 486 12 14 0.10588633 
411 478 16 20 0.098405994 
64 342 78 100 0.085941374 
405 476 15 18 0.08514279 
61 178 64 77 0.07897227 
119 368 57 83 0.072756894 
444 561 12 15 0.06916825 
696 205 50 60 0.062275577 
494 450 53 62 0.05939262 
930 166 17 21 0.05742868 
520 428 47 56 0.056437332 
571 221 52 65 0.054493994 
106 158 62 80 0.053880993 
367 475 14 17 0.053624146 
278 411 29 34 0.052890506 
138 348 46 63 0.05055534 
382 411 43 52 0.049205 
366 468 24 29 0.048848107 
863 348 35 42 0.048025355 
342 439 28 36 0.046113294 
394 490 14 17 0.044894245 
396 483 16 19 0.042458925 
201 374 16 21 0.040000785 
378 228 18 22 0.03854972 
862 261 33 38 0.03744748 
207 476 34 38 0.037348717 
381 532 10 13 0.036724813 
250 439 31 39 0.036509678 
565 190 186 246 0.035731137 
289 414 16 19 0.03561644 
348 457 23 28 0.035138585 
425 485 43 47 0.033635974 
419 477 26 30 0.033233166 
704 232 38 39 0.0331907 
400 476 13 15 0.033004876 
382 495 14 18 0.032692935 
706 197 34 43 0.031914663 
319 480 20 25 0.031545762 
313 434 26 30 0.031422984 
157 348 43 55 0.031272247 
335 504 12 16 0.030930292 
293 346 48 57 0.030729016 
509 455 17 19 0.03053142 
915 329 42 52 0.030321905 
115 337 50 68 0.030163255 
258 438 47 52 0.03001648 
372 481 23 28 0.02989203 
265 350 29 39 0.029755276 
277 462 17 20 0.029387202 
418 476 16 18 0.02937253 
354 459 13 18 0.029328585 
882 223 25 31 0.029314853 
294 484 12 16 0.028234622 
333 493 12 15 0.0280216 
413 471 13 16 0.027965596 
404 488 12 16 0.02785349 
266 418 25 28 0.02757789 
318 442 15 17 0.02752812 
432 333 47 56 0.027517773 
200 334 42 51 0.02746612 
353 415 43 50 0.027325343 
416 429 11 13 0.027100025 
324 478 14 16 0.026770629 
426 508 17 21 0.026643071 
499 461 32 39 0.026539233 
278 437 33 36 0.026124418 
866 60 43 49 0.025989652 
10 443 50 61 0.0258163 
272 426 33 35 0.025376793 
298 445 14 16 0.025113728 
358 453 26 30 0.024845947 
302 485 12 16 0.024431217 
266 463 30 35 0.024236131 
2 314 49 62 0.024026552 
343 350 25 30 0.023843052 
691 233 59 65 0.02372638 
911 267 16 21 0.023466514 
932 362 48 64 0.023406884 
285 334 93 104 0.023197476 
438 553 22 28 0.022741199 
1 329 25 41 0.022680104 
344 359 47 52 0.022643581 
379 390 29 32 0.02255654 
501 443 14 15 0.022519872 
406 430 11 13 0.022358615 
305 477 20 28 0.0222049 
461 467 16 17 0.022202238 
354 353 14 17 0.022121547 
339 500 13 15 0.022014247 
545 541 12 14 0.021976475 
327 486 21 27 0.02179263 
231 333 57 63 0.02157058 
307 483 12 16 0.021417836 
29 240 59 72 0.021235418 
350 515 16 18 0.021198926 
708 219 55 64 0.021176932 
326 518 10 12 0.0209618 
174 339 41 49 0.020815976 
402 462 42 49 0.020767685 
359 477 12 15 0.020721762 
389 442 24 28 0.02065465 
503 449 28 29 0.020550754 
435 482 14 18 0.02054084 
417 336 35 40 0.020529645 
367 224 26 32 0.020472284 
366 460 13 17 0.020399548 
332 494 21 26 0.02021339 
862 200 25 32 0.020113317 
371 355 25 30 0.02007966 
