58_Hockey_icehockey_puck_58_245
60
612 196 30 37 0.99973077 
197 121 30 36 0.9997129 
811 54 29 36 0.99969745 
351 206 29 37 0.9996942 
380 103 29 36 0.999689 
281 77 29 38 0.9996834 
408 82 32 38 0.9996094 
676 54 30 39 0.99956554 
473 115 32 39 0.99951804 
198 226 33 39 0.99938965 
840 200 28 35 0.9993568 
734 63 28 36 0.99931157 
253 204 30 39 0.9992163 
527 98 31 40 0.9991339 
612 366 28 37 0.999014 
610 71 29 36 0.99896586 
678 290 29 37 0.99895096 
901 169 31 38 0.99881244 
103 95 32 38 0.9987109 
155 75 27 34 0.99865675 
884 48 28 33 0.99837565 
436 193 33 43 0.99661714 
98 189 33 37 0.99520564 
465 181 25 32 0.50584847 
774 247 16 24 0.21776338 
585 360 27 31 0.11929185 
346 113 15 20 0.098002456 
520 194 34 44 0.094434194 
721 87 15 21 0.065577514 
835 287 29 33 0.057610545 
557 75 22 27 0.055390038 
508 112 13 20 0.049843635 
388 230 26 31 0.04575652 
269 290 14 17 0.04459793 
418 141 16 21 0.044022407 
722 72 26 33 0.042056162 
610 291 23 29 0.04146286 
364 292 31 34 0.040373825 
726 264 22 30 0.037780482 
468 199 15 20 0.03705462 
157 262 30 32 0.03608344 
560 374 45 49 0.031054374 
725 195 12 14 0.029783463 
884 140 13 18 0.029645437 
899 349 16 24 0.029628804 
596 359 31 36 0.02940145 
978 314 24 32 0.02751979 
779 260 15 19 0.02733011 
726 279 15 20 0.026881002 
523 291 32 37 0.026763923 
285 169 17 19 0.024198445 
597 435 15 18 0.02418991 
756 206 24 28 0.02401543 
581 371 29 35 0.023621742 
185 180 483 412 0.022301547 
679 144 15 18 0.022265436 
157 157 21 28 0.021530546 
652 358 31 34 0.020933256 
528 263 40 49 0.020543389 
333 423 24 28 0.020433744 
