58_Hockey_icehockey_puck_58_285
62
567 172 36 45 0.9942403 
287 146 36 39 0.9891649 
434 129 27 30 0.9772181 
568 95 19 23 0.9556233 
39 129 22 25 0.9063708 
964 262 48 52 0.8312021 
787 81 13 16 0.73324615 
607 169 23 30 0.32385644 
941 258 47 59 0.26630113 
315 117 18 23 0.25998724 
881 270 65 81 0.22882232 
69 176 40 37 0.16886403 
45 138 22 27 0.14829493 
315 109 15 19 0.11413437 
28 105 18 22 0.08534625 
856 64 8 11 0.06226365 
789 87 13 17 0.06141783 
29 113 24 29 0.060491398 
848 266 64 68 0.051316567 
789 118 11 14 0.041526753 
829 99 10 12 0.04127989 
888 70 10 12 0.040564235 
169 79 8 11 0.040486377 
847 280 36 41 0.04035013 
812 83 10 14 0.039645467 
794 82 13 17 0.03943445 
905 264 76 87 0.03714855 
893 68 10 12 0.036763176 
585 179 32 39 0.035119873 
841 77 10 13 0.03384062 
550 175 31 37 0.03303016 
797 116 12 16 0.032881837 
830 78 9 12 0.032630526 
555 152 43 56 0.032328453 
766 87 9 12 0.031392023 
197 223 382 497 0.030947905 
797 91 11 14 0.029961858 
541 178 25 30 0.029122539 
34 102 12 15 0.028836327 
558 86 10 15 0.028593116 
593 189 32 38 0.02854406 
49 145 25 30 0.028497318 
572 88 15 19 0.027635057 
134 -17 425 463 0.02718851 
319 94 11 13 0.026324986 
804 76 13 18 0.02599293 
419 129 19 25 0.024366405 
839 84 9 11 0.02405381 
805 101 11 14 0.024021493 
23 211 11 14 0.02385275 
964 80 13 17 0.023753427 
544 180 13 17 0.023728102 
30 96 10 13 0.023323067 
79 157 32 33 0.022910494 
846 71 9 12 0.022827197 
31 180 11 16 0.022150429 
901 330 38 43 0.021716304 
520 84 10 12 0.021545913 
387 195 354 472 0.020784391 
421 132 31 35 0.020777693 
314 124 27 36 0.020755708 
430 141 31 36 0.02068901 
