58_Hockey_icehockey_puck_58_365
24
800 27 57 75 0.9953902 
478 211 64 72 0.9950488 
155 54 61 73 0.76801944 
230 13 35 41 0.24184695 
96 116 56 65 0.152468 
460 203 54 70 0.102584615 
133 34 69 76 0.092027776 
182 72 38 47 0.0845457 
750 88 46 61 0.08381497 
629 855 430 515 0.04246087 
947 -1 45 42 0.03959305 
764 97 53 80 0.038109154 
197 817 436 509 0.037738305 
134 27 43 48 0.03650242 
328 112 57 55 0.035280988 
689 108 54 60 0.03368272 
115 144 38 46 0.033155233 
728 29 27 32 0.03275271 
461 167 13 13 0.027706014 
36 916 463 466 0.025748225 
112 48 82 109 0.024422811 
859 1 41 48 0.022948263 
707 97 61 68 0.022279158 
727 842 39 35 0.02129315 
