58_Hockey_icehockey_puck_58_403
52
295 96 55 63 0.9740762 
259 109 58 66 0.61508065 
80 275 62 76 0.54201317 
575 211 64 74 0.54026383 
120 322 213 299 0.33847302 
990 159 30 35 0.33618203 
220 197 343 424 0.2985082 
263 237 32 38 0.25130585 
614 202 92 100 0.21183023 
47 105 209 256 0.15653802 
782 324 27 39 0.10973008 
21 4 341 422 0.094154164 
66 274 388 477 0.090131775 
788 416 36 35 0.08925443 
174 254 207 272 0.07523056 
355 288 230 278 0.07086154 
804 420 30 29 0.06665597 
351 337 47 56 0.064274974 
121 156 192 233 0.059805766 
81 226 103 140 0.05869991 
254 126 39 55 0.05444919 
564 146 69 59 0.051050447 
386 203 347 468 0.047393266 
216 253 27 36 0.04503819 
374 349 35 45 0.044668045 
762 321 42 52 0.04435617 
259 72 55 71 0.043437883 
524 292 48 57 0.04263246 
561 161 87 93 0.04074716 
410 98 29 37 0.039246555 
534 411 235 260 0.03782786 
346 325 37 49 0.03599543 
389 363 35 46 0.035234988 
48 257 52 64 0.032927286 
673 474 61 56 0.03140879 
78 289 42 46 0.03090053 
580 406 121 134 0.02977773 
526 403 125 152 0.026492251 
796 342 15 20 0.026289567 
909 271 29 29 0.025732966 
608 199 378 496 0.02570525 
616 493 122 104 0.025108 
769 345 33 38 0.025021963 
816 420 18 19 0.02442804 
165 340 134 161 0.024133645 
701 468 62 51 0.023830602 
540 216 87 92 0.023316486 
831 159 28 30 0.020984577 
669 461 26 35 0.020838268 
162 138 38 41 0.020628555 
973 487 12 15 0.020469539 
231 106 78 104 0.020372156 
