58_Hockey_icehockey_puck_58_469
316
551 210 35 42 0.994562 
368 239 38 41 0.990328 
338 112 16 21 0.9727146 
88 2 17 21 0.96075374 
163 81 17 23 0.9547042 
304 55 17 22 0.9508897 
481 87 16 21 0.9343608 
24 82 20 26 0.9321158 
619 110 21 26 0.9294809 
67 92 19 25 0.92237025 
333 73 19 23 0.90963507 
414 24 19 24 0.90448576 
464 11 18 22 0.8880716 
101 83 18 23 0.88767165 
647 113 17 22 0.8873139 
571 105 19 21 0.87827426 
398 85 20 24 0.84008235 
499 22 14 19 0.8266332 
783 157 16 21 0.8139671 
4 45 20 28 0.78598166 
551 139 19 24 0.7622801 
215 58 20 24 0.74245304 
258 48 15 19 0.6969975 
828 118 16 20 0.6761807 
888 68 13 17 0.64942557 
721 22 16 21 0.6288863 
357 61 18 20 0.6082194 
739 134 14 18 0.60637367 
130 11 17 22 0.5954233 
684 26 13 17 0.5589393 
902 164 13 18 0.5329806 
926 154 14 18 0.50211775 
839 162 12 18 0.49237502 
701 170 23 28 0.441702 
867 117 14 17 0.44058302 
478 0 14 19 0.42764658 
627 178 18 21 0.41259292 
524 164 15 20 0.40425542 
879 93 11 13 0.3596881 
622 0 13 13 0.3462615 
78 177 21 25 0.28973684 
264 69 12 15 0.27971306 
862 159 14 19 0.2703426 
1 111 22 29 0.26550665 
291 173 13 16 0.2524262 
111 179 16 20 0.24936962 
279 133 10 13 0.23208125 
949 75 14 18 0.23175153 
428 174 13 17 0.23119612 
372 90 13 18 0.21672396 
604 18 17 20 0.21335699 
924 124 11 14 0.21184511 
162 28 14 19 0.21110572 
856 186 14 17 0.20971833 
201 11 16 20 0.20166959 
0 59 19 32 0.20019506 
904 115 12 16 0.18457037 
823 70 13 17 0.16256115 
293 130 14 18 0.15874557 
856 18 10 13 0.15736009 
57 159 15 17 0.13442534 
581 -1 14 13 0.1175307 
916 176 14 16 0.11290726 
460 178 15 22 0.107791536 
16 76 21 30 0.105097026 
309 109 21 25 0.1050659 
158 184 23 27 0.10190268 
501 498 29 35 0.096723035 
908 170 13 17 0.08879575 
220 48 22 28 0.087988734 
633 110 21 26 0.086079404 
287 124 13 16 0.08595708 
912 87 9 11 0.08588484 
303 93 11 13 0.080972575 
877 22 11 15 0.08033169 
711 6 12 15 0.07512844 
150 49 13 16 0.073918335 
268 96 22 26 0.07321963 
108 147 10 14 0.07217809 
20 137 13 17 0.07153806 
542 35 15 19 0.07104701 
487 9 22 26 0.06922353 
588 0 14 12 0.06868653 
617 180 27 33 0.06861995 
601 265 51 67 0.06696697 
276 70 10 13 0.06691212 
915 95 10 13 0.064877875 
548 9 16 20 0.064284876 
480 3 22 28 0.063673615 
157 157 9 13 0.06289834 
619 100 18 21 0.06207269 
662 137 17 22 0.061229777 
91 200 15 17 0.061086107 
921 121 10 13 0.060207125 
852 146 15 19 0.06009097 
852 154 16 22 0.05960876 
235 104 17 21 0.059031438 
508 0 12 12 0.058943816 
137 16 14 19 0.058668826 
948 116 13 16 0.058198456 
521 213 23 28 0.057947073 
127 4 16 20 0.05707785 
222 289 12 14 0.057014715 
560 143 15 21 0.05584148 
366 180 16 20 0.055794924 
354 172 13 16 0.05562037 
51 182 16 18 0.055319324 
287 167 13 16 0.05507887 
832 162 13 18 0.055058934 
844 155 14 22 0.05411771 
827 149 14 18 0.053998645 
760 13 13 14 0.05338598 
181 193 13 18 0.052938413 
473 5 16 24 0.05279952 
240 151 12 13 0.051538397 
693 153 13 17 0.05089547 
182 126 11 14 0.05085177 
49 193 16 19 0.04776068 
309 120 16 20 0.04678633 
731 200 17 16 0.04658788 
726 306 15 20 0.046134498 
936 183 10 13 0.04538527 
1 75 16 24 0.045232967 
548 0 12 12 0.044815242 
534 43 14 17 0.044422645 
506 512 18 22 0.043655314 
296 122 20 27 0.043005187 
222 365 9 13 0.042285033 
729 301 38 47 0.042206753 
12 148 13 15 0.04206401 
576 0 13 12 0.041990485 
423 177 13 17 0.041538056 
237 33 13 16 0.040804878 
114 5 23 28 0.040707845 
126 98 13 17 0.04069502 
901 42 11 14 0.040533654 
510 162 12 16 0.040158946 
471 88 16 20 0.040155225 
502 146 15 19 0.039668437 
881 190 11 14 0.039556004 
323 109 20 25 0.03949961 
262 70 19 24 0.039132126 
782 90 15 17 0.038991477 
610 170 27 34 0.037648607 
401 -1 18 15 0.037512887 
858 14 13 15 0.037463907 
597 23 16 20 0.03694459 
931 149 13 16 0.03659364 
543 0 12 11 0.036526926 
521 520 22 29 0.036464613 
151 157 12 14 0.03633785 
233 49 16 19 0.03599227 
502 0 16 19 0.03595447 
210 18 15 20 0.035615165 
497 10 20 26 0.035546478 
220 0 13 11 0.03542574 
906 109 12 16 0.035240725 
237 162 14 18 0.03510112 
380 463 41 36 0.035067957 
945 94 10 14 0.034953937 
268 62 10 14 0.03457922 
10 38 15 18 0.034188814 
919 161 15 18 0.03367454 
499 58 16 19 0.033670343 
143 51 12 16 0.03350554 
531 59 16 19 0.033111636 
277 164 11 15 0.03290502 
533 2 15 16 0.03277483 
707 159 26 31 0.03255641 
875 44 11 14 0.032221876 
21 145 13 16 0.0321877 
505 19 14 20 0.032103594 
934 143 11 13 0.032060497 
12 352 166 217 0.03188385 
6 130 13 19 0.03179911 
547 52 16 21 0.031712987 
805 248 15 18 0.0316178 
10 123 20 28 0.031371675 
230 332 11 14 0.031347796 
682 176 13 18 0.030910803 
939 147 12 15 0.030703431 
728 190 27 28 0.030391667 
104 142 11 15 0.030340422 
501 165 13 16 0.030067148 
261 56 13 16 0.029705537 
583 105 14 20 0.029562822 
667 195 14 19 0.02952576 
979 220 13 16 0.029425018 
156 181 17 20 0.029362837 
782 98 15 19 0.029257834 
601 25 23 27 0.02921304 
171 200 15 17 0.02917857 
949 175 11 14 0.029099083 
610 13 16 20 0.029064272 
951 157 10 14 0.029048633 
328 165 10 12 0.02901142 
492 140 13 17 0.028846161 
883 99 11 13 0.028680487 
922 179 12 15 0.0285023 
327 78 17 21 0.028480818 
230 291 12 15 0.028354626 
927 144 10 13 0.028335951 
160 306 95 125 0.028288634 
417 1 17 18 0.028286524 
822 51 11 13 0.028255146 
302 103 22 27 0.028059855 
873 28 12 15 0.028002733 
665 5 15 19 0.027976476 
84 162 16 18 0.027936513 
118 150 14 16 0.027866984 
428 162 17 22 0.027848087 
131 21 16 21 0.027725214 
714 306 24 29 0.027671613 
881 68 12 16 0.027550181 
147 185 23 31 0.027491972 
133 82 15 18 0.02695645 
405 139 13 16 0.026687836 
293 118 12 16 0.026603553 
454 28 20 26 0.02658885 
896 39 11 14 0.026485091 
132 97 14 18 0.026455056 
934 102 11 15 0.026272317 
532 49 15 20 0.026267145 
368 172 17 20 0.026255257 
151 90 13 16 0.02624086 
163 38 15 20 0.026230212 
844 38 11 13 0.026095992 
866 187 11 15 0.025987051 
207 5 25 26 0.025949677 
507 153 15 20 0.025876798 
741 0 13 12 0.025865545 
107 8 17 20 0.025863307 
398 149 11 14 0.025862321 
974 148 11 14 0.0258033 
945 71 12 16 0.025701465 
935 83 10 14 0.0255995 
904 103 11 14 0.025545966 
911 99 12 15 0.025476202 
853 0 14 13 0.025341777 
168 186 19 23 0.025031526 
543 142 18 22 0.024819871 
188 74 13 16 0.02455804 
488 71 21 26 0.024444962 
637 0 14 13 0.02440083 
462 89 14 18 0.02434717 
150 26 13 17 0.024308948 
829 52 10 12 0.024259109 
237 28 21 29 0.024098389 
452 156 13 14 0.024019292 
296 90 12 16 0.02389131 
155 49 14 17 0.023738664 
350 63 19 24 0.023690194 
615 2 13 15 0.023572894 
787 104 14 19 0.023369232 
369 60 17 21 0.023244532 
165 199 15 17 0.023207137 
156 41 15 19 0.023205668 
620 294 30 34 0.023181561 
164 229 30 40 0.023037942 
98 7 16 19 0.023031715 
365 86 15 19 0.022931961 
302 207 10 13 0.02291476 
820 44 11 15 0.022872392 
812 165 11 14 0.022843456 
818 36 12 15 0.02278462 
296 212 12 15 0.022776406 
265 44 15 19 0.022768581 
46 200 14 17 0.02276097 
738 190 29 32 0.022755107 
459 20 18 23 0.022736097 
546 26 17 21 0.02272299 
787 45 14 18 0.022663401 
301 117 14 17 0.022640547 
829 62 11 15 0.022562528 
906 121 13 15 0.022531338 
847 13 11 14 0.022529993 
526 45 13 16 0.022525664 
246 51 10 15 0.022494523 
540 0 21 23 0.022427866 
730 297 23 32 0.022123452 
173 86 21 27 0.02209414 
447 153 12 15 0.022062432 
871 137 11 15 0.021945778 
517 157 15 20 0.021928025 
507 169 15 18 0.021776032 
243 40 19 27 0.021714117 
740 297 15 20 0.021689365 
877 137 11 15 0.021683598 
279 188 14 16 0.02150361 
885 113 13 16 0.021444613 
410 0 17 14 0.021411177 
931 125 11 14 0.021374004 
928 42 11 14 0.021372048 
143 186 12 17 0.021316808 
218 3 18 19 0.021271115 
202 75 14 17 0.021207524 
727 -1 14 12 0.021031855 
537 52 20 27 0.020948123 
453 163 14 16 0.020835515 
899 130 15 19 0.020699415 
623 213 26 29 0.020677935 
856 71 10 12 0.02062111 
83 187 22 25 0.020602137 
495 68 21 25 0.020517392 
117 17 13 18 0.020507779 
282 92 12 15 0.020439712 
628 488 22 27 0.020423714 
326 173 11 13 0.020404218 
574 93 22 27 0.020391554 
882 20 11 14 0.020310426 
158 22 15 19 0.02027681 
236 293 13 16 0.020208774 
194 97 16 22 0.020111235 
902 189 13 15 0.020109393 
996 177 14 18 0.020081423 
516 0 13 12 0.020024208 
