58_Hockey_icehockey_puck_58_507
161
723 113 62 79 0.9988918 
849 213 63 87 0.993277 
462 69 34 41 0.98465997 
416 107 34 39 0.98231137 
291 47 16 19 0.52581495 
142 17 17 22 0.35737377 
636 221 54 77 0.3335806 
519 101 39 42 0.3250946 
882 214 56 69 0.28402963 
213 0 14 13 0.24618785 
517 78 34 35 0.18675204 
354 56 18 22 0.18358208 
335 161 60 78 0.1685518 
228 71 24 25 0.15072103 
312 52 13 18 0.14897995 
365 71 31 36 0.13537343 
370 34 13 18 0.12993273 
311 11 14 17 0.12615286 
225 371 39 45 0.1007239 
346 49 18 24 0.0955403 
206 14 13 17 0.09513063 
358 60 26 31 0.09223251 
504 113 47 54 0.08554178 
92 68 11 13 0.084474124 
292 39 14 17 0.07692205 
176 73 28 39 0.07451696 
962 424 38 45 0.07223853 
286 42 15 19 0.07075158 
271 11 12 15 0.066994205 
284 38 13 16 0.06631831 
496 32 11 14 0.0648572 
385 1 22 20 0.06108191 
539 7 15 19 0.060570482 
210 9 15 18 0.059603624 
941 436 12 18 0.057514068 
358 28 12 15 0.05601612 
760 330 16 18 0.05563604 
612 237 76 93 0.053695064 
509 15 17 20 0.05189969 
171 17 13 18 0.051537327 
347 623 14 14 0.05146681 
159 -1 13 12 0.050803863 
40 -5 466 456 0.050234348 
414 31 24 28 0.050056748 
411 93 30 35 0.049339462 
235 0 12 12 0.04904535 
406 119 34 44 0.04723971 
387 39 21 28 0.04691608 
265 46 15 19 0.04511548 
796 0 12 13 0.044807278 
189 4 14 15 0.04477343 
275 5 12 15 0.04344151 
741 311 14 17 0.0426327 
986 425 28 38 0.04237729 
485 38 21 25 0.041329112 
270 18 12 15 0.041011836 
307 105 13 18 0.040203586 
355 35 22 28 0.039503925 
532 119 17 21 0.038648102 
179 71 16 25 0.038403984 
189 83 47 59 0.038133197 
390 450 52 59 0.038095918 
196 11 14 18 0.03741913 
118 11 11 15 0.036577903 
587 183 50 68 0.035507176 
313 3 15 17 0.035324737 
418 47 23 28 0.03505162 
222 74 17 20 0.03488803 
147 9 21 28 0.03472494 
408 102 12 14 0.0345627 
367 36 21 26 0.034546074 
317 75 27 32 0.034337837 
268 125 36 38 0.034082055 
383 121 44 53 0.03406656 
1012 453 11 19 0.033584148 
396 35 26 32 0.03336457 
174 78 16 25 0.032877963 
307 89 27 33 0.03214803 
966 445 31 35 0.031758804 
418 292 54 73 0.03121971 
493 33 21 25 0.030882332 
604 193 57 75 0.030688902 
187 70 32 37 0.030378954 
437 29 21 25 0.0301346 
428 95 29 37 0.029846301 
509 138 16 19 0.029739503 
430 2 14 14 0.029475696 
540 92 31 36 0.029299723 
310 83 47 57 0.02910171 
410 27 19 23 0.029059306 
182 62 12 15 0.028882822 
404 25 16 20 0.028844314 
382 43 15 20 0.028406013 
292 134 93 125 0.028368386 
38 0 12 10 0.028171273 
508 24 16 18 0.028049352 
750 321 27 30 0.028020032 
272 27 12 15 0.027907768 
475 48 24 27 0.027842177 
393 46 24 33 0.027255597 
496 133 42 46 0.02720758 
137 52 15 19 0.027106462 
476 25 14 17 0.027033864 
325 0 15 17 0.026914276 
883 13 13 15 0.026649253 
534 73 26 32 0.02632565 
206 0 21 22 0.025851319 
148 4 14 18 0.025438068 
545 120 17 22 0.025357146 
462 175 45 61 0.02535561 
515 86 20 21 0.02529341 
93 101 11 14 0.025250943 
455 58 12 16 0.02501307 
342 26 11 13 0.024824642 
149 98 13 17 0.024686584 
190 0 23 24 0.024527093 
276 29 12 16 0.024503928 
221 59 13 17 0.02393622 
302 21 11 14 0.023928903 
82 12 14 17 0.023880836 
407 29 41 48 0.023868049 
525 70 43 54 0.023713006 
109 98 11 15 0.023679467 
750 19 12 16 0.023650406 
278 101 39 50 0.023587512 
498 23 21 25 0.023354853 
985 403 17 19 0.023083832 
529 117 33 39 0.022800086 
199 44 12 16 0.022614345 
942 430 22 29 0.02260713 
316 0 14 12 0.022583338 
155 81 17 20 0.022307694 
431 45 24 30 0.02230218 
226 -3 22 21 0.022150312 
164 74 17 22 0.022146277 
898 431 25 30 0.021906218 
438 19 15 18 0.021849101 
298 124 14 18 0.021694615 
446 55 42 49 0.021238599 
528 77 20 23 0.021193704 
468 12 13 16 0.021189598 
669 109 41 54 0.021110242 
426 323 38 47 0.020931061 
369 85 20 22 0.020926733 
162 438 18 20 0.020906674 
394 0 17 14 0.02085407 
507 69 29 36 0.020803321 
207 78 45 54 0.020800438 
350 615 13 15 0.020707795 
406 104 29 37 0.02067551 
349 39 14 16 0.020662053 
206 69 26 31 0.020607824 
291 1 14 16 0.02060668 
371 48 29 35 0.020577714 
976 2 11 11 0.020532265 
220 65 16 21 0.020524679 
252 12 11 14 0.02043997 
391 9 26 30 0.02038545 
279 40 14 18 0.020185268 
741 309 28 36 0.020114416 
315 97 14 19 0.020093953 
