58_Hockey_icehockey_puck_58_212
339
594 77 57 73 0.9986934 
177 155 25 33 0.9985642 
140 160 24 32 0.99423355 
255 115 28 33 0.9876918 
63 172 24 32 0.98268247 
238 29 20 26 0.9708636 
288 34 20 27 0.959448 
943 155 20 26 0.95476246 
137 74 26 30 0.95404774 
854 159 17 23 0.9512629 
498 39 21 27 0.94779396 
915 119 18 24 0.94341636 
964 56 16 22 0.9392315 
379 74 19 26 0.9292726 
970 112 18 23 0.9289693 
877 17 17 21 0.92293066 
991 156 20 27 0.90422577 
513 82 22 28 0.8705934 
205 32 20 28 0.8640713 
428 83 20 25 0.83500576 
374 46 19 26 0.82189393 
774 50 17 22 0.8076156 
401 9 17 21 0.8008132 
219 70 24 32 0.7773452 
430 7 20 25 0.7544341 
830 84 22 29 0.7522271 
868 54 17 20 0.7480361 
957 92 17 21 0.7164139 
257 12 18 23 0.70345 
505 130 19 25 0.6738742 
826 60 17 20 0.6561385 
39 42 15 19 0.5886226 
647 47 23 29 0.5819512 
940 14 12 18 0.55999243 
437 121 18 22 0.55950826 
361 131 22 29 0.5574679 
217 3 16 18 0.4851803 
935 66 14 17 0.45705396 
192 0 17 16 0.43342072 
788 90 23 29 0.42969537 
420 52 16 19 0.42593783 
347 8 15 17 0.41776726 
718 57 23 37 0.38717923 
771 9 18 22 0.36895216 
999 45 12 17 0.35399252 
842 32 14 18 0.33125734 
747 86 28 32 0.325523 
825 68 23 27 0.31750637 
990 21 14 18 0.3161694 
165 39 17 23 0.3138053 
930 88 16 21 0.3066594 
129 42 18 20 0.30211502 
322 34 15 22 0.28591666 
455 146 19 22 0.28569433 
882 80 16 19 0.27839088 
796 54 16 23 0.27373675 
331 112 18 23 0.24734907 
997 100 14 17 0.24214086 
0 176 12 22 0.22948031 
349 77 18 22 0.2190258 
117 26 13 17 0.21275216 
353 32 15 19 0.20969516 
972 27 14 17 0.20821863 
469 71 15 22 0.19368783 
26 -1 18 17 0.19350664 
269 87 22 25 0.17722054 
500 0 14 12 0.1765772 
165 84 21 29 0.17535366 
377 195 22 25 0.1728665 
12 76 26 32 0.17084521 
109 40 15 22 0.16843116 
247 25 19 27 0.16407518 
598 9 16 21 0.15249802 
805 169 25 32 0.1492459 
646 36 39 53 0.14175963 
62 83 21 30 0.13897018 
148 10 16 20 0.13813277 
429 119 18 22 0.13440372 
44 26 15 18 0.13085786 
157 1 15 20 0.12660281 
428 161 21 27 0.12402902 
819 16 16 20 0.12172557 
349 129 24 30 0.120120265 
942 40 15 17 0.116908066 
656 44 22 28 0.113417454 
256 98 26 31 0.11146855 
821 32 16 19 0.11077158 
915 40 15 19 0.11000853 
803 93 18 25 0.10697068 
228 0 18 19 0.10414194 
419 56 22 26 0.100456685 
667 42 15 21 0.09957905 
789 86 14 19 0.09708413 
908 185 16 20 0.09095387 
991 81 13 16 0.090758175 
717 42 14 20 0.085669994 
331 97 22 28 0.08511075 
39 20 14 18 0.08438161 
731 50 17 21 0.08423277 
959 -1 14 13 0.083223425 
61 63 24 31 0.081063576 
987 4 11 13 0.0790051 
531 0 18 23 0.077547215 
752 6 22 28 0.07137126 
337 126 24 29 0.07013541 
1004 81 17 20 0.06995695 
798 36 12 16 0.06991148 
331 -1 13 12 0.06969679 
861 1 14 17 0.06882963 
469 155 13 17 0.067574546 
328 121 23 28 0.06675595 
172 5 15 17 0.065913215 
862 19 12 17 0.06519112 
329 55 15 20 0.0648876 
226 158 41 49 0.059950337 
420 74 24 29 0.05993254 
821 132 15 19 0.05968504 
871 45 21 26 0.059639692 
867 2 14 16 0.05907538 
696 6 26 30 0.058997896 
641 0 17 15 0.058696225 
332 18 14 17 0.05813943 
874 152 15 21 0.057675898 
323 43 19 29 0.05597221 
346 46 16 21 0.055436686 
142 3 17 18 0.053975217 
123 76 23 30 0.05330987 
973 102 15 20 0.053308867 
881 48 15 20 0.05256652 
784 49 17 25 0.051200215 
453 0 17 19 0.051164184 
998 131 15 19 0.051023483 
113 34 16 21 0.05076732 
909 58 14 18 0.049122594 
848 86 21 27 0.048795424 
801 62 16 22 0.047866683 
997 89 19 25 0.047406 
129 47 24 31 0.04718077 
66 59 17 22 0.046700496 
423 47 23 28 0.046299566 
929 72 21 26 0.045851607 
338 86 22 28 0.045326512 
268 124 25 32 0.044663765 
148 79 25 31 0.04448039 
981 25 13 18 0.044002123 
749 1 17 20 0.043781262 
995 79 20 24 0.04357265 
74 66 17 23 0.043389928 
118 0 12 11 0.042591617 
254 27 21 27 0.042222876 
811 60 22 27 0.042204596 
737 97 26 30 0.04213499 
183 0 21 22 0.04162051 
884 130 13 18 0.041369088 
159 72 23 33 0.041264743 
221 59 17 22 0.040776208 
765 13 18 22 0.04028911 
10 38 15 17 0.04028087 
423 8 18 22 0.039952967 
737 54 16 21 0.039915115 
984 0 11 11 0.039659772 
1 209 12 20 0.039470565 
34 0 14 14 0.03922661 
907 106 14 19 0.0392014 
931 100 17 21 0.03881017 
801 50 14 20 0.038749583 
333 230 27 33 0.038525846 
190 131 24 29 0.038144216 
877 87 17 21 0.038060363 
981 60 13 17 0.038015306 
352 4 16 18 0.037843123 
797 43 14 20 0.037737004 
439 87 16 21 0.037461042 
368 147 24 32 0.037453547 
454 128 23 29 0.0368439 
380 185 24 27 0.036570515 
246 92 24 28 0.036446065 
912 35 14 18 0.03637011 
889 152 20 28 0.03635106 
869 148 16 20 0.036240034 
763 84 25 33 0.03555496 
600 6 25 31 0.035303984 
586 139 424 503 0.035236266 
877 100 15 18 0.035041936 
290 20 14 18 0.034857925 
946 12 13 17 0.03470082 
754 74 16 21 0.03460727 
813 34 16 21 0.034532778 
837 39 17 20 0.034378536 
835 153 16 22 0.034368824 
413 153 17 22 0.034314908 
823 87 17 22 0.03408902 
1003 39 12 14 0.034074984 
659 0 19 19 0.033771377 
19 60 13 17 0.033297163 
1004 18 15 17 0.033111095 
915 60 13 17 0.0330852 
799 -1 13 12 0.033046626 
395 95 15 19 0.032617364 
794 70 22 31 0.032594517 
327 11 12 16 0.032569665 
770 90 15 21 0.03217986 
375 35 22 27 0.03211603 
917 30 15 17 0.032055575 
940 51 16 21 0.03199351 
989 15 13 15 0.031654697 
570 -2 24 23 0.03159072 
235 -2 24 24 0.031300623 
936 35 12 17 0.03122631 
798 101 22 30 0.030917013 
876 177 15 21 0.030792637 
475 157 13 19 0.030784257 
857 92 21 26 0.030495342 
648 1 24 23 0.030413922 
40 31 22 26 0.030376283 
5 87 16 21 0.030345025 
692 56 16 24 0.030280003 
403 20 17 22 0.030170515 
816 180 18 23 0.029939651 
268 48 16 21 0.029453227 
921 34 15 19 0.029406799 
815 23 20 24 0.029324416 
461 72 15 21 0.029177183 
417 154 22 28 0.028953101 
883 106 14 19 0.028823668 
0 167 11 20 0.028794985 
444 114 22 28 0.028782923 
671 43 38 50 0.028760802 
654 8 24 29 0.028580809 
878 144 21 28 0.028559344 
251 69 21 28 0.028416153 
284 129 16 25 0.028406791 
258 78 24 29 0.028373314 
730 107 25 30 0.028149588 
320 27 14 20 0.028115237 
492 119 26 36 0.028027168 
387 174 23 27 0.027966455 
194 121 23 25 0.027941523 
374 158 23 28 0.02777046 
13 63 16 21 0.027676418 
596 21 17 21 0.027560122 
267 141 17 24 0.027253713 
305 35 22 29 0.027055103 
447 126 20 26 0.026936866 
75 72 21 31 0.02690402 
0 38 8 14 0.026801612 
222 156 26 30 0.026793217 
962 85 15 18 0.026706383 
11 50 15 19 0.02632821 
868 103 16 19 0.026287312 
350 115 28 35 0.026125347 
26 74 17 23 0.02610086 
445 146 22 28 0.025999978 
855 146 21 27 0.025945865 
608 54 51 67 0.025882319 
639 36 13 16 0.025496053 
280 88 15 20 0.025460718 
472 157 24 33 0.025289541 
926 10 13 17 0.025256967 
100 43 18 24 0.025187077 
723 47 17 23 0.025141167 
980 92 12 16 0.02510495 
142 16 17 20 0.024946705 
825 12 15 18 0.024717327 
114 74 21 29 0.02470001 
996 15 14 16 0.024683602 
197 36 19 24 0.024601804 
933 22 14 20 0.024370559 
819 134 23 28 0.024355443 
875 123 20 26 0.024262333 
584 1 25 26 0.024071902 
699 0 15 13 0.024028681 
804 42 14 19 0.02399178 
1012 19 12 17 0.023986751 
0 3 12 18 0.023967227 
943 8 11 15 0.023961768 
164 44 24 33 0.023950895 
38 205 13 16 0.023889977 
949 73 14 18 0.023739392 
327 20 12 17 0.023593118 
340 113 26 33 0.02357066 
898 158 17 21 0.023482502 
891 131 14 18 0.023404738 
741 6 24 34 0.023106834 
914 48 16 19 0.022911564 
769 36 24 30 0.022892538 
428 173 18 22 0.02283212 
224 48 24 30 0.02258219 
434 130 19 24 0.022526797 
153 73 18 25 0.022525022 
931 121 15 19 0.022411104 
354 503 35 32 0.02240132 
636 1 25 28 0.022390123 
346 10 21 25 0.022327874 
454 74 15 20 0.022267956 
675 25 17 22 0.022240996 
824 36 22 25 0.02220437 
877 0 11 13 0.022155242 
330 26 14 19 0.021991268 
711 45 23 36 0.021971831 
241 207 35 38 0.021938499 
921 91 13 17 0.02191401 
50 21 14 19 0.021894732 
974 93 12 16 0.02181658 
946 58 13 18 0.021768687 
440 103 22 29 0.021736098 
460 81 15 20 0.021668328 
23 83 20 25 0.021604445 
928 19 13 17 0.02151984 
759 94 19 23 0.02144003 
982 159 16 22 0.021391485 
815 148 28 32 0.021381425 
557 332 30 40 0.021285662 
999 155 18 24 0.021280061 
956 9 15 19 0.021249011 
148 19 16 23 0.021235783 
257 62 21 28 0.021145355 
803 83 16 22 0.021139465 
177 10 15 19 0.021129679 
26 5 18 21 0.021114398 
139 57 26 36 0.02111282 
609 4 16 21 0.021101706 
854 0 15 16 0.021098912 
995 135 21 27 0.020968657 
156 65 17 23 0.020961676 
326 1 14 17 0.020932408 
814 5 22 26 0.020909026 
724 66 26 34 0.020872002 
35 68 13 17 0.0207505 
952 -1 13 12 0.020697325 
19 140 23 31 0.020683663 
196 27 18 24 0.02054924 
1001 104 16 18 0.020324688 
923 28 14 17 0.020321451 
337 100 26 31 0.020292927 
464 147 15 20 0.02015877 
840 91 17 22 0.02014065 
908 62 20 25 0.020104509 
692 44 13 19 0.020034607 
