19_Couple_Couple_19_810
20
513 618 57 55 0.5448102 
482 346 16 21 0.27135283 
458 336 19 23 0.1726155 
87 325 116 133 0.049067847 
820 315 120 143 0.032315798 
415 533 70 48 0.03210561 
401 233 370 469 0.031108996 
559 106 115 132 0.029498534 
532 312 50 58 0.028284257 
728 86 347 449 0.027455559 
477 348 25 32 0.026204841 
463 342 27 33 0.025656566 
448 336 11 13 0.023898471 
448 344 50 58 0.023667177 
139 -65 513 433 0.023080012 
406 572 34 38 0.02246434 
358 126 80 113 0.022371989 
475 333 43 53 0.021902116 
539 322 62 72 0.021021748 
420 581 17 19 0.020464731 
