19_Couple_Couple_19_847
22
285 634 178 245 0.9996693 
500 487 184 262 0.9996141 
91 930 27 31 0.07931737 
1 228 46 96 0.06666515 
325 1039 15 16 0.06309855 
258 1028 33 29 0.060829345 
217 953 15 17 0.048532777 
3 187 75 133 0.042290606 
245 955 30 33 0.040241476 
3 351 39 83 0.037435036 
28 177 87 118 0.03735606 
386 306 50 49 0.033705153 
380 991 15 18 0.03165172 
377 990 27 29 0.031123254 
270 1023 35 36 0.030829297 
365 981 47 46 0.028924674 
339 979 40 38 0.027818162 
265 982 32 40 0.023662334 
57 1029 25 25 0.023040405 
183 304 11 14 0.021579431 
256 997 11 14 0.021330085 
188 286 49 62 0.020025644 
