19_Couple_Couple_19_667
25
470 98 238 355 0.99849176 
565 105 276 357 0.9263081 
108 698 471 480 0.81545573 
449 390 213 273 0.46062207 
380 836 383 510 0.40881032 
152 536 337 447 0.3417118 
517 747 409 537 0.24557035 
618 614 454 559 0.19405924 
478 491 133 173 0.14260423 
57 723 17 21 0.10858926 
245 10 27 31 0.09701079 
287 345 364 432 0.09383477 
161 1353 18 23 0.08810483 
122 1343 13 15 0.085419625 
424 199 218 336 0.06845028 
681 172 160 238 0.06753859 
626 419 421 508 0.049694464 
56 900 474 545 0.03709158 
47 1054 30 41 0.035800487 
379 84 16 19 0.03117774 
657 118 330 457 0.026767561 
49 721 27 34 0.02601593 
360 228 95 114 0.023446072 
377 75 27 31 0.02335722 
401 627 16 18 0.022096295 
