19_Couple_Couple_19_743
93
523 277 32 39 0.9968039 
447 306 30 38 0.99666613 
126 319 27 33 0.9955384 
403 304 33 41 0.9952786 
697 413 27 35 0.9902643 
858 298 34 43 0.9811808 
157 312 25 31 0.954319 
670 394 27 30 0.9130763 
279 415 22 35 0.7985399 
803 303 35 39 0.7377279 
636 326 17 23 0.7124973 
182 473 24 34 0.6817022 
664 365 17 20 0.65531796 
141 315 26 33 0.6473492 
152 465 37 45 0.27817285 
657 395 24 31 0.24279398 
214 383 23 28 0.18815847 
648 398 21 30 0.1378195 
627 298 15 17 0.13635285 
266 423 26 31 0.13594629 
603 319 17 21 0.11214166 
735 392 25 30 0.10208696 
786 89 32 33 0.08705481 
757 215 25 27 0.086657695 
743 223 48 60 0.08034638 
783 127 43 60 0.062471334 
874 322 33 36 0.06241326 
596 296 17 19 0.058696646 
676 364 13 17 0.05605519 
550 38 147 140 0.052718315 
710 241 13 17 0.04751261 
644 360 16 19 0.047276188 
223 389 25 31 0.04443062 
404 108 56 65 0.044130374 
651 360 20 25 0.04317135 
909 319 14 17 0.042094015 
326 216 11 14 0.03995325 
670 379 25 30 0.03487795 
700 350 13 16 0.03474036 
109 347 17 20 0.034427177 
127 427 19 22 0.033708505 
716 213 11 15 0.03304085 
269 213 8 12 0.03296393 
464 177 17 19 0.032704994 
244 273 15 16 0.03204305 
458 463 24 29 0.031775218 
257 405 24 33 0.031144187 
890 387 35 35 0.03098157 
623 270 26 32 0.030405268 
285 406 16 23 0.029846834 
491 183 22 30 0.029704848 
594 302 23 29 0.029636875 
735 205 9 14 0.029400107 
281 228 10 11 0.029099526 
552 192 25 30 0.028873889 
256 428 12 16 0.028852355 
860 318 33 41 0.02850456 
111 380 32 40 0.027870355 
257 428 22 31 0.027609864 
534 179 35 46 0.027099999 
330 366 14 15 0.027055757 
207 384 16 22 0.026650777 
319 213 24 28 0.0261361 
635 304 14 18 0.025464118 
155 302 16 19 0.025339497 
300 238 9 12 0.025270248 
602 391 22 27 0.024996899 
681 405 28 34 0.02494907 
139 310 13 16 0.024836635 
645 385 17 22 0.024602022 
150 303 26 30 0.024019593 
112 324 30 34 0.02399664 
902 317 23 29 0.023859603 
628 378 13 19 0.023827195 
687 353 21 25 0.023664858 
595 186 15 15 0.023538467 
554 389 21 27 0.023509735 
278 327 10 12 0.023390004 
326 140 34 31 0.022499772 
634 265 18 27 0.022411041 
174 461 29 35 0.02237738 
647 412 16 22 0.022170471 
105 426 16 21 0.022131627 
643 207 17 18 0.0220957 
358 189 13 18 0.022074409 
310 318 11 14 0.02200995 
538 230 26 32 0.021970311 
679 357 21 27 0.021355564 
621 289 23 27 0.020929867 
153 477 21 26 0.020886673 
510 473 25 27 0.020856792 
221 344 16 20 0.020419141 
318 206 10 12 0.020405564 
