4_Dancing_Dancing_4_378
28
778 87 68 94 0.9982822 
680 48 71 97 0.9972928 
162 78 86 104 0.9718285 
320 138 55 92 0.93406177 
613 401 25 33 0.5930334 
96 18 445 468 0.3100705 
249 0 18 19 0.1599907 
104 85 61 83 0.10265153 
305 150 95 135 0.096492104 
220 10 15 18 0.07941719 
376 16 15 19 0.076993845 
147 9 18 21 0.055787113 
374 48 16 20 0.04720783 
392 6 12 14 0.041613825 
289 21 24 31 0.039972678 
136 82 71 93 0.036604922 
232 137 240 312 0.03318678 
573 484 13 14 0.032881584 
143 91 131 146 0.032233387 
197 59 57 87 0.031357232 
305 99 93 108 0.026246037 
358 0 15 15 0.025318101 
404 28 12 16 0.022068042 
92 95 98 128 0.021719705 
914 16 31 37 0.021619873 
145 10 32 40 0.021321079 
417 12 14 18 0.020685025 
577 433 34 44 0.020617276 
