4_Dancing_Dancing_4_228
21
445 115 42 55 0.996908 
848 39 46 62 0.99305844 
611 101 43 55 0.96202433 
274 158 39 53 0.93814474 
575 145 26 42 0.17330489 
805 93 11 14 0.06027159 
569 363 47 65 0.04364092 
779 93 11 14 0.03771323 
799 94 13 15 0.034544162 
802 141 41 61 0.03290957 
792 93 10 13 0.030566664 
1000 175 11 14 0.027861634 
646 113 25 35 0.026839074 
551 115 12 14 0.02642027 
1006 174 12 14 0.026049035 
320 463 9 11 0.023623304 
1013 173 11 16 0.02353427 
821 161 16 22 0.023393648 
171 313 46 50 0.022693614 
811 92 11 15 0.020393325 
324 189 343 435 0.020030264 
