4_Dancing_Dancing_4_156
40
905 19 60 67 0.98862505 
157 9 39 50 0.9855892 
659 3 47 68 0.50820625 
459 120 54 67 0.34258533 
193 46 35 45 0.24139743 
863 45 100 141 0.2270376 
530 58 52 84 0.16785039 
103 4 27 36 0.14261976 
877 0 27 27 0.116319016 
628 1 65 86 0.1115099 
504 99 53 83 0.09890187 
556 53 56 90 0.09451281 
758 293 133 209 0.08538913 
80 10 42 56 0.07034115 
282 26 100 134 0.059096266 
224 5 41 51 0.05766733 
857 185 101 113 0.046776526 
763 7 26 26 0.045757834 
838 54 45 61 0.04463453 
1000 197 27 44 0.044427875 
879 202 61 63 0.044165574 
306 2 16 19 0.04348748 
177 28 40 51 0.035703823 
602 -9 71 78 0.0350854 
683 93 69 92 0.033371598 
301 202 28 30 0.032931555 
137 320 48 53 0.03266626 
512 108 27 48 0.0322177 
889 0 35 33 0.029530898 
788 171 190 278 0.029241018 
508 30 91 125 0.028442575 
984 302 40 93 0.028415944 
-17 -117 403 447 0.027426757 
496 81 93 131 0.026863234 
53 16 58 66 0.024631217 
245 11 27 36 0.02279392 
413 107 34 45 0.021706814 
623 33 51 82 0.02159039 
641 288 188 264 0.021284869 
109 515 23 28 0.02046757 
