4_Dancing_Dancing_4_375
53
226 165 60 89 0.9976102 
557 306 98 64 0.9935156 
907 294 14 19 0.1484762 
796 312 15 19 0.13077642 
999 326 11 13 0.12046117 
845 298 16 19 0.10644992 
898 289 20 25 0.08941416 
778 300 14 16 0.08236189 
972 349 10 13 0.0684209 
984 336 10 12 0.067152195 
901 286 13 18 0.05823096 
511 295 12 14 0.056446504 
967 333 10 13 0.055344272 
943 350 12 15 0.05211258 
908 287 12 16 0.051624473 
991 334 10 13 0.05114405 
459 294 10 12 0.048590753 
969 341 10 12 0.04267912 
72 331 11 15 0.04201696 
511 298 16 19 0.037490364 
472 295 10 11 0.037207574 
528 291 12 15 0.034669224 
881 671 24 26 0.033547167 
19 331 14 17 0.030860225 
887 290 39 56 0.030198732 
16 329 9 12 0.029812962 
473 285 9 12 0.027778735 
459 297 12 16 0.026502274 
884 280 25 32 0.026237655 
525 297 13 16 0.02568926 
942 342 13 16 0.025466098 
901 303 15 18 0.025445536 
993 327 11 14 0.025440514 
93 305 11 14 0.025162537 
895 295 14 19 0.02492131 
14 330 22 28 0.0244937 
446 296 10 12 0.024236096 
580 290 111 101 0.02419925 
458 307 12 16 0.023712274 
886 314 11 14 0.02359072 
457 289 9 11 0.02328355 
116 396 25 31 0.022317056 
903 313 24 32 0.022154089 
453 324 11 13 0.022128785 
846 289 12 14 0.021395756 
9 332 10 16 0.02128858 
935 325 11 15 0.021205287 
902 317 13 18 0.02098133 
471 300 10 13 0.020873344 
908 316 14 18 0.020820854 
849 293 15 18 0.020813279 
941 333 12 14 0.02060347 
914 291 12 18 0.0204906 
