4_Dancing_Dancing_4_194
24
633 522 83 122 0.18318021 
4 417 99 178 0.17679024 
597 493 49 60 0.13358752 
779 219 51 69 0.10324637 
125 552 41 66 0.074404545 
661 486 35 56 0.064263284 
172 153 140 121 0.055938564 
346 490 38 28 0.04926255 
231 185 40 30 0.04821514 
459 -11 430 500 0.047088422 
418 508 16 19 0.0439121 
118 536 37 59 0.03713605 
887 329 102 178 0.036507692 
126 -4 430 426 0.034609612 
409 339 120 148 0.032089494 
149 568 42 65 0.03187976 
553 463 56 72 0.030116113 
7 461 154 214 0.02881998 
669 558 61 83 0.02773258 
578 479 81 97 0.025199184 
107 535 71 108 0.024752757 
385 258 350 411 0.024258818 
21 417 59 114 0.023497043 
768 603 52 60 0.023469104 
