4_Dancing_Dancing_4_57
37
579 205 44 57 0.9787192 
562 135 31 53 0.8160081 
731 158 22 33 0.542243 
770 167 18 25 0.21582642 
538 147 51 59 0.18511702 
-41 11 462 384 0.1530253 
948 198 16 24 0.14824986 
524 179 46 59 0.13034365 
395 225 63 60 0.11845779 
845 163 21 27 0.09989058 
830 275 23 25 0.0762928 
767 179 26 40 0.06817084 
812 164 16 22 0.055624925 
850 291 18 19 0.047607545 
990 146 10 14 0.04502639 
798 209 14 20 0.03889476 
890 165 16 22 0.036346763 
715 155 31 43 0.03560794 
547 198 45 60 0.0336118 
600 48 440 477 0.031949546 
863 139 14 17 0.030795112 
971 241 14 18 0.02991823 
777 184 26 37 0.029505206 
1012 123 11 21 0.027898513 
939 170 15 21 0.026470866 
810 170 21 31 0.026301188 
810 375 17 21 0.025278594 
783 197 26 36 0.024908442 
534 166 35 41 0.02436377 
65 226 32 35 0.023941403 
780 186 15 22 0.023459174 
509 190 53 70 0.02298297 
850 157 14 17 0.022942811 
806 161 16 23 0.022755358 
331 162 45 49 0.022551067 
94 35 265 218 0.022354985 
973 126 11 14 0.020727511 
