4_Dancing_Dancing_4_715
276
487 470 37 45 0.9984145 
74 455 39 45 0.9975178 
417 444 31 35 0.9974476 
411 108 40 63 0.994021 
661 125 39 55 0.9840591 
295 464 31 38 0.9391677 
170 347 19 24 0.7359329 
627 451 32 39 0.68690336 
197 117 13 16 0.66418636 
424 12 16 18 0.5981535 
350 123 14 16 0.587028 
153 453 29 38 0.5667168 
113 337 14 18 0.40763322 
141 388 16 21 0.31007978 
116 115 16 18 0.2890201 
241 45 10 13 0.26016954 
264 302 27 35 0.25672513 
862 675 14 18 0.25022474 
152 363 13 17 0.23100832 
199 98 10 13 0.20206556 
197 45 9 12 0.19749276 
525 661 39 44 0.19743423 
159 44 9 12 0.19648279 
298 654 41 48 0.18509741 
313 123 14 16 0.1835839 
260 111 10 12 0.17913485 
279 269 11 12 0.17272788 
159 3 10 11 0.17098677 
182 110 9 13 0.16871862 
194 344 13 16 0.16725102 
946 659 16 18 0.16347183 
920 642 10 12 0.16275582 
192 365 14 18 0.15999466 
635 253 17 24 0.1573217 
502 57 11 14 0.154569 
518 1 14 18 0.15011075 
272 101 11 12 0.14658122 
464 14 15 17 0.14545391 
158 98 10 13 0.13881195 
268 277 29 35 0.1380333 
78 113 14 15 0.1363186 
613 397 61 79 0.13518287 
482 1 15 18 0.13296752 
115 397 21 27 0.13181403 
351 106 10 13 0.12262508 
556 6 15 18 0.11984067 
275 179 11 14 0.11526821 
120 96 9 11 0.108814366 
151 332 13 16 0.10682874 
841 28 13 15 0.10559591 
155 118 15 18 0.10535583 
142 107 11 15 0.10054038 
193 334 12 16 0.10006967 
276 229 11 13 0.099957205 
463 287 12 17 0.097537115 
389 8 14 15 0.09462904 
461 408 13 17 0.092550345 
575 109 11 15 0.092070244 
503 16 14 17 0.09191214 
313 158 9 12 0.09104935 
619 499 17 19 0.08924091 
124 397 22 31 0.088203765 
423 348 12 16 0.083922274 
499 0 12 13 0.08238732 
295 111 11 14 0.08176498 
899 651 21 28 0.08017878 
444 0 14 18 0.07806562 
814 630 11 15 0.076290116 
313 179 12 16 0.07552168 
934 647 12 14 0.07340532 
785 645 11 13 0.07272226 
390 52 11 14 0.07137299 
237 5 12 13 0.07030625 
723 725 17 19 0.06862114 
233 119 11 14 0.0673441 
425 412 11 15 0.06672732 
81 96 8 11 0.06577135 
728 296 161 251 0.064659275 
465 55 12 14 0.06278589 
310 4 14 13 0.0625262 
349 688 17 22 0.062143933 
497 432 16 18 0.061637934 
836 70 10 13 0.060994916 
535 474 13 16 0.06061722 
199 3 14 15 0.060582723 
236 177 11 16 0.06018689 
123 43 10 14 0.058722794 
865 661 10 15 0.05852803 
539 60 10 13 0.057001743 
268 301 17 22 0.056055304 
761 625 14 16 0.05584918 
887 692 12 13 0.053428456 
196 62 10 13 0.052391607 
28 455 16 22 0.052297156 
257 115 11 14 0.051435657 
74 338 12 16 0.050284665 
152 338 15 19 0.048921485 
274 120 15 17 0.048638903 
234 286 12 14 0.04837765 
352 6 13 14 0.047352716 
204 100 9 12 0.04733264 
854 681 10 15 0.047274098 
185 383 26 33 0.0472379 
904 646 10 13 0.046830874 
190 367 20 28 0.046661533 
543 184 10 12 0.045799486 
124 94 10 12 0.04481487 
153 356 14 17 0.04383977 
575 60 9 12 0.04352252 
351 46 12 15 0.042591162 
294 0 14 13 0.04257247 
768 23 12 16 0.042381164 
275 46 10 13 0.041584935 
466 109 10 13 0.041503575 
262 91 11 14 0.041227385 
822 199 9 12 0.040969077 
313 101 11 13 0.04065595 
271 106 11 13 0.039947078 
238 40 12 14 0.039909493 
111 362 15 19 0.03977762 
236 111 10 11 0.039753396 
286 242 14 17 0.03891543 
511 1 14 16 0.038872022 
116 304 15 17 0.03864075 
489 -1 20 23 0.038361534 
458 457 15 18 0.038058233 
275 274 18 23 0.037950158 
422 425 14 17 0.037801355 
334 113 11 16 0.037119865 
444 659 49 55 0.03710401 
372 656 49 60 0.036669802 
704 724 16 17 0.036497414 
426 53 11 15 0.036377132 
156 662 28 33 0.03615662 
206 111 9 12 0.03612601 
149 100 13 15 0.035734206 
118 151 9 12 0.035499293 
373 2 14 13 0.035426266 
157 112 12 14 0.03469451 
268 465 14 19 0.034617007 
275 261 14 18 0.034305327 
505 189 9 12 0.03427352 
115 391 15 19 0.034270376 
191 427 16 19 0.034195315 
464 235 11 15 0.03398186 
298 113 12 15 0.03367505 
189 0 9 9 0.0335246 
184 0 10 9 0.03350057 
34 338 12 16 0.033453796 
628 364 76 115 0.033242363 
268 687 23 31 0.033123188 
255 32 12 16 0.033026155 
196 289 12 15 0.032929514 
38 147 12 15 0.032751586 
767 729 13 13 0.032507524 
335 92 10 13 0.03238567 
924 644 11 13 0.03233642 
144 388 24 32 0.032316435 
897 659 12 17 0.032198824 
909 649 24 31 0.032180816 
892 199 11 14 0.032146968 
430 5 21 26 0.032101158 
425 123 46 66 0.03200535 
221 0 11 10 0.031939816 
723 24 11 13 0.031659607 
294 31 12 17 0.03137337 
763 437 11 14 0.031293705 
193 400 16 20 0.031185638 
152 95 11 14 0.031062612 
885 30 11 15 0.03080494 
758 454 12 14 0.030536372 
268 288 18 22 0.030332705 
234 155 13 17 0.02998616 
250 292 45 54 0.029519353 
181 660 11 14 0.029401433 
275 235 13 16 0.029296335 
954 660 14 16 0.029125568 
163 97 13 15 0.029117193 
155 342 21 25 0.029100787 
782 16 12 15 0.029035226 
275 96 12 14 0.02890734 
466 35 13 15 0.028882071 
249 474 15 21 0.028841082 
158 62 11 13 0.02880363 
578 165 9 13 0.028737767 
28 437 40 50 0.028707953 
215 662 50 56 0.028606093 
258 0 14 12 0.028571408 
296 87 10 13 0.028460018 
215 109 11 14 0.028302101 
276 109 11 12 0.028186087 
146 108 14 15 0.028011654 
236 102 10 11 0.027787184 
865 200 9 11 0.027758213 
273 251 12 15 0.027570346 
33 302 12 15 0.027383598 
257 85 10 14 0.027370548 
203 30 10 12 0.027032437 
175 340 20 25 0.027012989 
177 114 10 13 0.026798356 
826 659 16 18 0.026738904 
372 96 25 37 0.026630867 
580 190 10 13 0.026313435 
541 16 15 19 0.02630587 
534 489 15 18 0.026225803 
315 107 12 13 0.025852209 
355 674 27 34 0.02568785 
466 165 9 12 0.02568371 
234 225 13 17 0.025626745 
652 21 13 16 0.025497165 
636 246 30 41 0.025443297 
920 649 23 30 0.025297482 
295 125 11 14 0.024953488 
332 0 15 16 0.024755754 
220 109 11 14 0.02474907 
309 427 16 18 0.024747794 
543 166 9 13 0.024571642 
230 346 10 15 0.024537807 
27 259 24 33 0.024509408 
295 132 11 14 0.024220746 
155 282 13 17 0.024155976 
351 157 12 14 0.02414358 
492 703 15 18 0.024125399 
192 306 13 15 0.02402353 
578 195 13 17 0.023955755 
457 431 16 19 0.023928357 
770 68 12 14 0.023748746 
392 32 10 12 0.023652455 
574 1 13 12 0.023536982 
637 246 14 17 0.023523737 
719 714 25 27 0.023486651 
459 398 12 16 0.02338052 
548 7 21 25 0.023364302 
595 83 12 15 0.02331766 
818 634 12 16 0.023291828 
158 454 14 21 0.023103185 
79 173 12 16 0.023063643 
526 123 9 12 0.023010354 
216 84 11 15 0.022982853 
145 379 16 20 0.022977928 
189 355 14 18 0.022776013 
557 245 14 18 0.022631157 
274 5 14 15 0.02260805 
113 425 16 21 0.022499552 
910 646 11 14 0.022422642 
180 39 11 15 0.022406833 
230 31 12 14 0.0222719 
929 656 22 26 0.022151047 
171 378 12 17 0.022088263 
573 433 15 20 0.022039646 
509 79 11 12 0.021912018 
833 75 12 16 0.0218946 
126 29 8 11 0.02173188 
900 663 13 18 0.021683669 
224 28 100 128 0.02145583 
366 408 50 62 0.021440951 
133 397 26 36 0.02139157 
652 60 12 15 0.021300111 
245 101 12 15 0.021174429 
847 682 14 17 0.021116287 
667 627 13 17 0.020989662 
463 279 13 16 0.020933576 
191 98 12 15 0.020921193 
942 655 13 17 0.020903977 
24 460 28 40 0.020832859 
367 113 12 16 0.020799726 
248 461 24 34 0.02067099 
914 641 22 27 0.020665927 
652 228 39 50 0.020582465 
274 239 19 27 0.02045092 
176 38 10 14 0.020445662 
223 115 10 13 0.02042155 
173 419 26 31 0.020369265 
260 449 25 33 0.020263927 
379 4 24 25 0.02005281 
312 46 12 15 0.020013861 
