4_Dancing_Dancing_4_718
22
461 164 98 134 0.9996985 
506 1089 382 464 0.22496198 
23 1156 13 15 0.1440763 
-39 1020 435 512 0.12494599 
41 1150 11 13 0.08267287 
39 1143 11 12 0.082376994 
635 1147 394 483 0.07735047 
512 1190 193 251 0.060373202 
41 1156 11 14 0.059766635 
1 1144 8 11 0.048391595 
294 642 398 527 0.046694364 
64 1158 11 14 0.033386525 
406 1057 154 160 0.032753255 
455 1424 35 35 0.02953776 
55 1149 8 11 0.02687664 
33 1144 9 11 0.025113447 
55 1157 9 12 0.024094982 
772 1161 224 313 0.023787508 
28 1151 11 14 0.0235306 
54 1144 8 11 0.02132538 
41 1165 11 12 0.021248462 
69 1159 10 12 0.020030877 
