4_Dancing_Dancing_4_514
80
519 34 80 110 0.9975067 
379 109 77 108 0.9932806 
945 456 28 29 0.6176583 
1010 575 13 21 0.4191384 
952 548 19 23 0.39654672 
963 499 16 21 0.17932816 
841 604 14 17 0.16859248 
991 662 14 21 0.09570592 
908 485 18 26 0.08838668 
1011 660 13 20 0.08323387 
957 651 25 31 0.07742762 
940 645 15 19 0.07473904 
992 479 22 32 0.069951564 
1004 664 21 29 0.06729252 
815 630 11 13 0.061192706 
874 525 14 19 0.060228806 
839 631 10 13 0.058537368 
880 711 10 13 0.05294309 
714 521 15 19 0.052125424 
854 617 14 16 0.049086355 
836 649 13 16 0.048894215 
829 597 11 15 0.048243474 
999 547 25 31 0.047496643 
18 541 24 33 0.047372222 
105 139 421 492 0.046399258 
915 568 26 32 0.045156695 
942 537 23 29 0.043044567 
320 161 23 32 0.041801117 
1002 586 23 30 0.039909378 
938 574 25 31 0.039582968 
995 305 26 42 0.03852408 
983 651 14 20 0.037496522 
1014 520 11 17 0.037478477 
870 526 24 32 0.03666014 
928 578 26 33 0.035519812 
956 364 26 33 0.03370501 
998 602 25 32 0.03298102 
839 593 20 24 0.031944383 
934 390 22 26 0.031943135 
1006 556 20 30 0.031795535 
1013 626 14 22 0.031423975 
941 435 32 39 0.031269062 
839 590 11 14 0.03096805 
938 420 31 38 0.029821804 
1010 410 14 23 0.029683154 
963 568 23 29 0.02958023 
990 442 15 17 0.02949476 
846 584 12 13 0.02940436 
873 594 14 18 0.02898993 
484 581 117 151 0.027924832 
854 590 13 15 0.027598217 
76 544 27 34 0.026878146 
946 79 34 38 0.026874311 
131 301 27 36 0.02679746 
986 395 13 16 0.02602908 
1004 615 21 30 0.025244907 
990 590 23 28 0.02454498 
909 719 11 12 0.024049217 
997 75 26 42 0.024022713 
76 482 28 34 0.023698622 
329 157 32 41 0.023642048 
936 483 27 34 0.023623582 
896 737 8 11 0.023384495 
995 362 25 35 0.02308216 
952 489 25 30 0.022952134 
1001 540 18 21 0.022475505 
304 189 28 41 0.02237666 
670 -66 429 512 0.02230546 
865 669 10 13 0.02202346 
928 711 11 14 0.021964813 
319 170 14 18 0.021938708 
934 528 24 30 0.02191673 
827 597 21 25 0.021197813 
998 614 15 19 0.021154419 
944 547 36 48 0.020830927 
958 557 23 30 0.020642359 
845 599 22 24 0.020592768 
954 430 28 35 0.02014194 
830 590 13 16 0.0200254 
910 575 15 20 0.020015238 
