4_Dancing_Dancing_4_422
79
393 390 77 108 0.94959176 
500 86 77 119 0.8375742 
578 83 83 119 0.78928435 
255 29 348 460 0.71465147 
533 6 339 445 0.54453635 
318 401 70 97 0.50611925 
692 397 27 38 0.4856822 
352 387 79 115 0.35907367 
604 512 102 142 0.35096434 
170 432 296 304 0.26398224 
546 90 79 122 0.22806928 
420 700 14 19 0.15613736 
571 573 18 22 0.11831867 
636 619 18 21 0.11738524 
545 79 221 259 0.100115806 
424 381 81 116 0.086058445 
500 244 409 571 0.06450198 
971 614 16 21 0.060798816 
564 189 151 145 0.05741127 
598 65 132 176 0.05667401 
187 457 134 164 0.05015509 
406 71 101 139 0.048922837 
843 666 13 17 0.04716715 
844 440 18 21 0.047091205 
522 127 60 103 0.045095667 
605 564 14 17 0.044037193 
540 559 18 22 0.04334771 
599 522 67 96 0.04005548 
954 599 14 19 0.037421294 
579 677 28 29 0.03690032 
435 739 15 19 0.036684427 
434 725 17 19 0.036594346 
556 534 23 28 0.034870215 
597 678 16 19 0.03483523 
420 545 32 40 0.034729145 
563 610 14 17 0.034615684 
250 413 131 167 0.034406215 
440 699 13 17 0.033721704 
858 754 16 15 0.033653103 
708 399 24 34 0.03358369 
723 735 15 18 0.032116372 
483 617 17 23 0.03154718 
279 198 134 154 0.03134716 
253 667 14 16 0.031142928 
208 498 164 191 0.030693127 
647 531 78 93 0.029107623 
783 557 121 158 0.028908705 
523 591 18 22 0.027897477 
469 602 17 21 0.02753684 
548 182 38 59 0.027507404 
327 708 13 16 0.027146963 
668 611 16 21 0.026886953 
529 707 15 18 0.026842462 
965 613 27 35 0.02612379 
801 604 16 18 0.025789557 
741 392 13 15 0.025656642 
918 437 10 14 0.025554942 
673 401 28 35 0.025514701 
564 601 16 20 0.025071077 
486 65 181 248 0.024541141 
663 393 29 37 0.02358601 
678 641 39 49 0.023233334 
928 443 11 14 0.023024037 
330 661 18 18 0.022752104 
588 645 24 29 0.022693174 
569 683 26 30 0.022411436 
621 566 10 13 0.022372475 
781 679 15 20 0.022268917 
612 565 13 15 0.022203503 
529 78 67 101 0.022150787 
789 212 11 15 0.02198629 
514 662 17 20 0.021556258 
724 407 16 21 0.021385485 
743 659 13 16 0.02075384 
630 597 27 33 0.020593634 
546 513 16 17 0.020582663 
557 591 16 20 0.020487215 
540 736 15 20 0.020461328 
356 431 37 45 0.020102616 
