4_Dancing_Dancing_4_1026
68
99 113 116 149 0.99996173 
795 114 115 145 0.99993896 
469 146 104 128 0.999933 
602 89 103 140 0.9999294 
291 150 99 145 0.99971145 
893 136 77 118 0.7387789 
565 669 13 16 0.5593471 
536 643 12 16 0.4771373 
461 662 12 15 0.30370098 
436 691 12 14 0.21912017 
611 658 14 17 0.13654937 
899 697 28 34 0.13096613 
1012 86 10 14 0.12909245 
493 711 13 16 0.1004545 
550 662 12 15 0.09832391 
532 658 13 17 0.09523658 
1004 633 20 38 0.09454923 
580 693 16 17 0.09257852 
472 685 13 17 0.0909476 
504 692 12 15 0.08331217 
285 86 14 18 0.07653466 
534 696 17 19 0.072493106 
516 678 11 15 0.07231865 
994 172 21 29 0.06870874 
511 684 11 15 0.0647535 
458 666 10 13 0.057963062 
991 671 17 20 0.057766307 
942 91 11 14 0.055805426 
290 89 15 19 0.054554075 
976 78 11 16 0.052020423 
549 615 15 17 0.050283927 
499 664 15 17 0.048595246 
346 359 44 62 0.046737585 
580 639 19 21 0.044877343 
288 95 28 33 0.04248478 
528 649 14 16 0.040164974 
410 57 55 73 0.03994533 
926 183 40 55 0.039491236 
612 734 14 16 0.033779092 
997 57 13 18 0.033450313 
993 211 28 42 0.032943007 
991 58 13 17 0.03125881 
556 662 15 20 0.030784272 
369 58 16 21 0.030061455 
587 715 15 18 0.029942928 
390 51 94 123 0.029895786 
1005 147 11 15 0.029277086 
516 625 13 14 0.028588707 
1003 155 12 17 0.027427044 
1008 139 13 17 0.026525835 
612 740 17 18 0.025318688 
298 92 15 18 0.025200374 
494 631 14 17 0.024819812 
533 621 13 16 0.024387361 
554 101 107 126 0.024041321 
1001 151 11 14 0.023883838 
608 735 11 14 0.023401108 
557 82 15 20 0.023248248 
749 121 14 18 0.022717716 
630 621 15 17 0.022644773 
799 5 13 16 0.02205809 
525 624 13 16 0.022027692 
982 233 26 37 0.021813406 
496 691 11 15 0.021479543 
462 77 21 31 0.020702383 
1013 259 9 15 0.02053754 
566 715 15 19 0.020456385 
996 100 10 13 0.020409487 
