4_Dancing_Dancing_4_41
85
130 376 15 20 0.9910025 
601 113 48 61 0.98247176 
21 402 21 25 0.9537271 
58 363 14 18 0.9208344 
229 370 13 17 0.88912547 
198 395 14 17 0.81986856 
257 389 14 17 0.77732235 
38 381 17 23 0.7526642 
175 370 15 20 0.7056411 
546 103 40 68 0.6666228 
96 400 21 27 0.5601435 
150 399 17 21 0.4960249 
103 353 14 17 0.33675385 
474 96 45 67 0.19929625 
212 445 12 15 0.1924254 
202 390 13 16 0.1763735 
557 93 27 50 0.16303007 
476 125 32 52 0.14269826 
143 343 10 13 0.1263943 
526 111 36 58 0.114898704 
109 373 12 16 0.10727455 
533 82 45 59 0.09485473 
174 341 11 13 0.078620404 
309 323 10 13 0.07464079 
222 391 15 18 0.069349475 
228 388 13 18 0.0674373 
180 395 10 14 0.06651963 
231 440 10 13 0.05687558 
133 401 12 16 0.05584278 
87 402 15 17 0.05329117 
312 361 10 14 0.052746724 
191 331 10 12 0.052246958 
116 371 12 17 0.046966895 
120 397 13 16 0.045766953 
187 414 12 14 0.043700885 
98 437 17 22 0.04358718 
651 103 17 22 0.04204361 
218 443 13 16 0.041856874 
118 451 12 17 0.04126899 
85 409 14 18 0.041099958 
148 388 16 18 0.04064695 
235 390 11 14 0.038008012 
79 421 13 15 0.03764272 
305 378 8 9 0.0366736 
204 383 11 14 0.03552353 
105 377 12 16 0.034311395 
346 267 15 19 0.034286555 
614 112 70 68 0.03363337 
4 421 12 16 0.03254391 
-4 -14 455 479 0.032104954 
142 481 17 22 0.03177337 
36 375 16 18 0.030052282 
242 418 16 19 0.028088674 
47 408 15 21 0.027848186 
215 390 12 15 0.027018677 
491 76 53 62 0.02690346 
67 370 13 17 0.026539128 
89 312 8 11 0.026402635 
83 358 12 16 0.02591682 
210 139 14 17 0.02564341 
511 71 55 55 0.025602546 
576 196 42 55 0.02512247 
668 122 40 41 0.02497229 
816 538 37 32 0.024934266 
5 427 13 15 0.024261452 
42 391 13 17 0.02424606 
519 136 41 60 0.02407416 
260 445 14 14 0.024043905 
339 374 15 15 0.023824502 
108 362 12 16 0.02353653 
565 115 32 52 0.02339526 
453 275 54 60 0.022983102 
620 146 38 46 0.022859007 
358 165 34 34 0.022780992 
197 326 9 12 0.022645667 
198 426 13 18 0.022048812 
150 317 9 13 0.021949831 
142 401 13 18 0.021507828 
219 426 13 17 0.02133253 
602 105 28 46 0.02097337 
566 195 25 43 0.02085317 
58 386 15 18 0.020680564 
53 385 13 17 0.020277053 
146 346 11 14 0.020160941 
232 420 11 15 0.020091323 
