7_Cheering_Cheering_7_195
92
457 470 52 59 0.997717 
188 593 61 59 0.9229594 
230 924 75 57 0.83296376 
337 526 37 50 0.51721877 
288 514 56 67 0.5154221 
676 615 54 59 0.42699015 
429 971 65 71 0.4104111 
626 807 35 37 0.38493103 
238 894 73 57 0.37306058 
589 876 43 56 0.26429576 
601 484 57 73 0.1815965 
555 473 31 41 0.16722448 
413 509 42 52 0.15121585 
683 789 28 30 0.0976682 
270 366 26 33 0.08642814 
823 489 27 30 0.08594708 
639 805 23 25 0.082152285 
571 879 42 52 0.075942695 
353 781 29 36 0.072641686 
733 740 48 51 0.07047567 
514 503 48 61 0.068075866 
156 593 28 39 0.061902836 
789 106 29 38 0.06112218 
591 1040 46 58 0.05937643 
744 806 24 32 0.059337176 
387 523 44 56 0.058489583 
257 493 92 107 0.057572257 
176 764 55 62 0.05640216 
270 540 29 38 0.056166817 
269 867 61 59 0.055311948 
126 477 28 34 0.05495603 
597 864 28 43 0.054457985 
288 848 52 63 0.05423646 
614 464 53 62 0.05019162 
229 911 97 124 0.048816867 
846 911 25 31 0.040350646 
806 864 26 30 0.039371535 
598 894 54 60 0.034224126 
264 912 59 69 0.034099538 
714 750 47 52 0.033789985 
435 970 41 43 0.033698864 
951 157 27 33 0.033047892 
965 203 29 37 0.03271314 
536 48 30 39 0.031468417 
173 582 53 59 0.03144202 
596 712 23 36 0.031387676 
140 279 26 30 0.031346336 
298 872 53 57 0.031082598 
608 800 44 53 0.030866608 
595 852 56 69 0.030827632 
97 394 27 32 0.030380756 
191 903 61 54 0.030263746 
602 708 13 17 0.029739495 
618 502 56 66 0.029473908 
241 917 49 44 0.028541492 
563 892 33 40 0.027981518 
219 580 51 56 0.027892092 
682 774 26 33 0.027563239 
893 2 30 29 0.026656274 
691 763 52 56 0.026540816 
560 482 48 62 0.02637429 
239 569 46 58 0.026033154 
614 812 52 61 0.025903268 
178 337 26 32 0.02574399 
681 778 46 52 0.025176795 
205 110 29 36 0.023691695 
324 746 32 34 0.023674775 
599 498 36 47 0.023520702 
748 807 14 17 0.02329506 
948 799 27 30 0.023198778 
369 516 44 57 0.02304205 
44 321 29 35 0.022765107 
520 910 27 39 0.02223012 
715 778 52 63 0.022190953 
222 871 76 59 0.022095641 
337 755 20 21 0.022069823 
38 454 26 33 0.022042839 
594 734 31 40 0.022029126 
317 529 43 59 0.021996709 
161 767 43 40 0.021747092 
291 837 31 53 0.021721026 
631 802 15 20 0.02156342 
278 102 28 34 0.021528775 
827 1093 32 35 0.02093785 
545 950 48 57 0.020925187 
184 923 53 54 0.020853486 
140 827 42 38 0.020821894 
609 1392 28 32 0.020659 
596 784 44 55 0.02055061 
601 471 38 52 0.020421645 
784 743 33 37 0.02038985 
596 809 28 41 0.02001541 
