7_Cheering_Cheering_7_118
109
875 290 110 152 0.9999503 
294 232 97 117 0.9998 
567 246 95 123 0.999767 
30 289 95 122 0.9996164 
779 221 98 131 0.9995389 
416 237 97 114 0.9992918 
16 226 51 55 0.926806 
384 114 17 22 0.647535 
925 93 22 27 0.6161014 
788 140 20 26 0.54100424 
102 214 28 34 0.5029835 
410 92 22 29 0.50036293 
10 222 37 43 0.4985996 
852 120 19 26 0.49176702 
382 162 22 29 0.48281634 
853 73 24 32 0.47954008 
953 28 26 32 0.41978747 
580 24 13 18 0.41742113 
835 0 26 29 0.33586192 
240 161 16 22 0.32201633 
160 178 41 51 0.31012893 
824 146 23 29 0.29007965 
598 36 15 19 0.20676178 
287 62 24 29 0.20315528 
106 209 18 21 0.19972673 
222 338 41 50 0.19509576 
285 148 17 20 0.16598423 
1000 201 22 37 0.15681666 
763 159 19 24 0.13799378 
984 137 17 22 0.12516421 
753 180 21 28 0.12069646 
423 151 23 33 0.11718562 
1010 109 14 22 0.113515034 
884 165 22 33 0.11270567 
296 429 49 58 0.095111296 
283 388 30 36 0.092804536 
231 160 33 50 0.085815445 
177 195 31 41 0.08534246 
935 25 32 38 0.07129739 
1004 174 21 33 0.06400935 
935 123 21 27 0.06370967 
332 112 16 22 0.060408782 
880 175 29 42 0.059402607 
460 -2 43 39 0.057700414 
901 47 24 31 0.0575035 
936 176 27 32 0.05727591 
53 203 27 37 0.05360953 
435 111 17 22 0.052134957 
211 206 16 20 0.052005515 
944 125 29 36 0.050691437 
662 30 12 14 0.049658936 
438 84 16 22 0.04856049 
757 165 24 33 0.04823845 
388 101 22 29 0.04668165 
927 103 24 28 0.046600383 
660 33 21 27 0.046485543 
303 52 24 32 0.045906924 
539 32 16 22 0.043897223 
1004 626 17 17 0.043449532 
818 258 105 133 0.042764205 
42 216 33 44 0.04266601 
821 182 15 20 0.038825836 
692 54 16 20 0.037605893 
270 324 29 37 0.037447598 
214 259 47 61 0.037351683 
96 217 45 55 0.036090363 
427 -3 57 45 0.035803266 
522 16 14 18 0.03538354 
424 98 21 29 0.034937643 
937 8 44 48 0.034760393 
652 23 11 12 0.03432147 
178 147 15 18 0.033928536 
583 201 34 40 0.033212658 
988 177 34 59 0.032759152 
337 123 22 30 0.03184577 
990 166 23 31 0.030336922 
890 50 41 47 0.029780574 
201 201 23 30 0.029171977 
34 243 39 47 0.02856607 
396 93 24 30 0.028338945 
389 45 14 18 0.027110236 
584 20 16 19 0.026481714 
4 213 79 94 0.025930412 
162 189 22 26 0.02504579 
327 98 24 31 0.024785656 
938 37 19 23 0.024523694 
771 132 14 19 0.023833297 
667 28 12 15 0.023816962 
111 256 60 77 0.023523197 
654 35 14 18 0.023091502 
896 169 17 23 0.02307154 
192 175 38 52 0.023050906 
4 233 29 43 0.022763845 
589 29 21 25 0.022749968 
653 30 12 13 0.022592548 
12 254 56 75 0.022234265 
60 221 46 58 0.022024421 
460 224 90 115 0.022015218 
442 292 68 89 0.021807471 
50 185 16 23 0.02179054 
219 176 27 39 0.021564258 
323 143 17 23 0.021410009 
333 164 15 21 0.021358162 
312 45 25 33 0.021356 
269 313 25 31 0.021030577 
930 166 26 34 0.020909213 
211 233 45 62 0.020558853 
287 406 51 57 0.020498758 
844 76 39 50 0.020032046 
