7_Cheering_Cheering_7_413
88
428 362 32 40 0.9992669 
927 380 58 73 0.99919444 
485 428 58 87 0.9986966 
270 339 27 39 0.99777716 
735 362 30 36 0.9974929 
542 347 32 41 0.99737144 
843 376 37 44 0.99658257 
728 451 84 103 0.9959453 
618 370 37 49 0.99269485 
168 335 22 31 0.9922071 
343 414 42 57 0.98962045 
37 334 22 27 0.9866195 
382 339 16 19 0.9830199 
45 386 32 36 0.98155105 
68 331 21 26 0.9716144 
250 333 13 19 0.9449273 
750 385 42 52 0.9431273 
319 348 22 28 0.92274374 
155 380 32 55 0.91173697 
203 332 12 17 0.87189406 
353 283 11 15 0.8492768 
6 342 25 32 0.7057801 
496 391 35 36 0.59793276 
992 371 32 46 0.5736492 
339 330 23 27 0.567353 
228 435 30 33 0.23604128 
961 368 50 62 0.13166869 
246 502 50 67 0.12505865 
4 339 17 21 0.12495619 
740 370 39 48 0.12493587 
42 371 16 19 0.11487925 
509 383 33 37 0.09712126 
204 360 15 20 0.08471054 
0 462 13 20 0.06774153 
1008 382 15 26 0.06582281 
154 371 23 35 0.062443487 
442 472 42 54 0.061461106 
238 373 20 27 0.056864876 
296 452 51 55 0.054289926 
1 341 12 16 0.052493803 
0 491 12 18 0.050091635 
27 390 13 18 0.046306495 
219 430 47 54 0.042231724 
37 374 25 31 0.04187981 
768 383 31 39 0.04005337 
168 382 39 51 0.039609663 
315 360 23 32 0.03734665 
-1 454 22 32 0.035281442 
316 339 16 20 0.03430941 
498 388 21 26 0.03375586 
177 335 24 29 0.03359305 
641 85 11 12 0.03354171 
629 87 10 11 0.033429224 
19 347 24 31 0.032456048 
488 350 13 17 0.031648085 
326 433 46 54 0.03138888 
353 334 17 22 0.031160736 
18 338 17 22 0.030651914 
334 331 18 22 0.029834906 
30 335 18 24 0.028610105 
694 132 9 12 0.027654398 
321 341 19 22 0.027176911 
464 438 50 70 0.026761556 
24 385 24 31 0.026611025 
29 377 13 17 0.026603628 
686 85 14 15 0.025817497 
35 364 44 52 0.024826016 
667 123 56 77 0.024565842 
244 365 14 19 0.024403377 
210 357 15 18 0.024052827 
703 429 31 39 0.02389926 
651 374 26 36 0.023697747 
479 393 45 59 0.023234341 
195 368 23 29 0.023095042 
647 198 9 11 0.0228304 
196 350 20 25 0.022802955 
0 361 10 19 0.022623327 
184 402 33 38 0.0222045 
230 357 11 15 0.02219699 
22 333 13 16 0.022113366 
405 346 13 17 0.021589048 
484 390 29 38 0.021482829 
631 136 9 11 0.020927267 
385 351 24 31 0.02085115 
659 65 14 17 0.020786926 
355 370 17 22 0.020694643 
745 356 28 32 0.020349365 
186 382 29 40 0.02018819 
