7_Cheering_Cheering_7_373
65
783 852 134 188 0.99962115 
390 865 145 205 0.99767345 
62 966 152 242 0.99634475 
496 308 31 32 0.12002588 
317 374 15 19 0.11649436 
336 1335 48 67 0.082992725 
257 376 17 20 0.07920966 
599 1262 21 30 0.06933983 
763 1402 17 24 0.06217871 
347 347 15 18 0.055497285 
401 1384 26 31 0.046276323 
855 1399 61 79 0.043141585 
374 333 14 18 0.041760426 
364 411 19 21 0.03370604 
333 371 11 15 0.033223957 
786 1368 18 23 0.03281122 
804 1321 22 29 0.031899165 
396 1260 44 54 0.030594857 
342 363 13 16 0.030509796 
320 1313 47 68 0.029987091 
998 1372 22 36 0.029915048 
299 1267 26 33 0.02931915 
356 364 14 17 0.028640684 
455 1356 31 43 0.028516635 
796 1275 45 57 0.028130386 
337 412 16 20 0.027703216 
348 361 16 19 0.027655412 
830 502 46 57 0.02652181 
550 391 26 33 0.026492361 
706 1286 27 33 0.026479222 
619 1347 19 22 0.026468921 
668 1300 13 17 0.025954828 
109 467 31 33 0.025702903 
715 1370 13 18 0.02532199 
683 1369 14 17 0.025308399 
802 439 24 30 0.024922583 
253 382 17 20 0.024860874 
676 1286 24 33 0.024330202 
656 1311 23 29 0.024118258 
316 377 360 466 0.02374185 
585 1311 38 46 0.02365278 
720 1272 29 35 0.023610758 
800 518 52 59 0.02350282 
654 1277 41 49 0.023169808 
793 1374 16 21 0.022670701 
324 366 15 17 0.022204077 
647 1315 23 31 0.02202456 
402 1289 48 60 0.02188904 
203 530 18 20 0.021376226 
681 1447 20 22 0.021279754 
564 1327 39 43 0.021226479 
940 347 28 34 0.021086484 
693 1329 41 53 0.02099657 
332 399 24 31 0.020940838 
545 1332 41 44 0.02085216 
412 363 26 31 0.020716408 
416 1385 18 24 0.02065843 
339 1431 16 18 0.020649036 
392 325 12 17 0.020621087 
705 1443 23 29 0.020219581 
796 1299 16 21 0.020165572 
333 380 12 15 0.020142421 
855 317 210 239 0.020096526 
681 1375 24 30 0.020090967 
635 1316 23 31 0.020065486 
