7_Cheering_Cheering_7_386
212
763 291 33 41 0.98671144 
210 547 49 55 0.98075783 
765 434 33 42 0.96806806 
800 511 45 78 0.86481255 
53 506 53 84 0.8301117 
391 401 15 19 0.694316 
286 401 17 21 0.6647745 
220 427 16 21 0.4311837 
301 431 25 28 0.37937525 
795 483 49 72 0.27430373 
663 440 27 33 0.26135913 
909 376 28 32 0.2529485 
355 430 18 24 0.2270005 
411 404 13 19 0.20083016 
80 327 96 133 0.18261634 
415 439 20 27 0.1796705 
558 467 37 47 0.17397405 
217 456 27 33 0.15964153 
331 454 23 29 0.14671734 
42 512 83 126 0.119893484 
984 344 28 31 0.113097906 
885 550 47 67 0.103678875 
871 380 26 30 0.099578045 
306 407 16 20 0.09501744 
813 391 25 32 0.09466501 
884 396 22 29 0.09212826 
396 379 11 14 0.0844415 
971 342 26 35 0.08399309 
384 401 14 19 0.08311262 
682 332 18 24 0.08017241 
329 395 15 19 0.07993846 
894 397 24 31 0.078556396 
228 422 24 27 0.078148276 
0 483 43 67 0.07771699 
341 454 23 30 0.07581517 
679 397 48 64 0.075161666 
566 489 114 150 0.07510933 
475 389 13 16 0.07428123 
32 354 83 118 0.07246201 
993 370 23 30 0.071156256 
10 383 15 19 0.07020821 
357 393 17 19 0.069747485 
243 375 14 19 0.066852234 
188 401 13 16 0.06489156 
812 404 30 38 0.0639117 
363 386 15 19 0.06374603 
41 537 35 49 0.06319015 
533 409 14 18 0.061956193 
434 424 16 21 0.061709292 
875 350 18 21 0.061481617 
461 435 18 23 0.061477818 
365 356 13 14 0.060933616 
333 553 60 70 0.059743077 
10 526 126 217 0.058263917 
155 356 14 17 0.0556664 
413 399 12 16 0.055622276 
1014 402 9 16 0.05338684 
525 424 15 19 0.052402977 
445 393 14 17 0.05187399 
71 370 57 83 0.050046727 
762 410 52 67 0.049830448 
496 362 12 13 0.049825594 
965 408 14 18 0.049018368 
546 451 29 34 0.048270497 
366 379 15 18 0.048177186 
154 704 60 60 0.045061674 
432 452 23 34 0.043712575 
437 415 13 15 0.04336178 
363 405 15 18 0.042117883 
907 390 18 23 0.04148929 
356 446 27 31 0.041104916 
581 394 17 22 0.04106827 
487 532 32 51 0.041007936 
824 383 25 31 0.040299498 
16 493 50 75 0.039840728 
884 383 25 31 0.038825847 
249 469 27 33 0.037956737 
371 435 16 20 0.03778084 
39 403 50 81 0.03766795 
303 414 26 29 0.037345875 
899 366 13 15 0.03717557 
565 420 15 19 0.036257654 
170 -13 427 492 0.035743263 
850 536 79 95 0.035200115 
400 442 27 31 0.03358609 
570 392 25 32 0.033314407 
529 417 16 21 0.03307597 
469 392 23 30 0.032866787 
991 353 27 35 0.03282724 
381 530 52 63 0.03275591 
424 428 21 28 0.032673754 
906 398 17 25 0.032537736 
768 338 37 38 0.0321808 
482 386 14 17 0.03121713 
315 568 55 61 0.031134235 
257 426 16 22 0.031124944 
5 378 22 31 0.031048728 
701 341 12 16 0.030920532 
543 391 10 14 0.030904818 
215 430 28 35 0.030523367 
64 445 24 37 0.02999401 
453 438 22 30 0.029872969 
204 539 78 89 0.029581472 
413 385 10 11 0.029564787 
285 392 44 55 0.029350217 
398 526 38 43 0.029316125 
860 434 28 35 0.029235477 
444 379 16 18 0.028986815 
397 386 13 16 0.028649576 
789 487 30 44 0.028576104 
441 453 27 36 0.028445782 
511 363 13 15 0.028399987 
371 383 15 19 0.028263034 
184 428 28 38 0.028197324 
346 370 15 19 0.02802366 
874 400 24 30 0.028001357 
425 334 10 12 0.027532019 
558 369 15 21 0.027477024 
407 387 11 14 0.027476396 
484 375 12 15 0.027451396 
518 423 26 31 0.027254658 
937 407 23 28 0.02699298 
139 346 59 91 0.02688154 
491 400 17 23 0.026713463 
317 403 14 19 0.02660638 
3 477 31 38 0.026381038 
490 381 24 29 0.026191667 
392 375 11 14 0.026159039 
201 424 27 35 0.02612409 
672 401 26 33 0.026051523 
594 425 17 20 0.025968036 
377 380 14 16 0.025962409 
16 417 53 82 0.025927898 
865 391 26 34 0.025876107 
361 540 58 72 0.02565305 
93 394 98 140 0.025489263 
524 405 23 30 0.025330909 
673 431 28 36 0.02529827 
363 416 16 19 0.024771791 
975 358 30 37 0.024771497 
708 403 51 75 0.02449931 
619 401 27 32 0.024416273 
858 412 28 33 0.024397006 
1003 398 21 33 0.024161188 
868 437 16 20 0.024129666 
872 418 16 20 0.02382856 
902 386 15 19 0.02368913 
690 397 29 41 0.023665044 
539 352 14 19 0.02346341 
819 524 77 94 0.023347469 
621 333 14 15 0.023216728 
828 412 25 32 0.02319599 
362 457 30 35 0.023162365 
435 425 24 32 0.023007052 
681 395 24 33 0.022999506 
1000 414 22 39 0.022989646 
374 394 13 16 0.022943052 
581 370 13 17 0.022928992 
754 345 31 37 0.022861052 
418 390 12 14 0.02282897 
427 19 387 451 0.022820175 
479 381 12 17 0.022626119 
769 446 51 74 0.022544142 
999 310 20 28 0.02251429 
316 444 40 51 0.02250042 
293 418 44 57 0.022437047 
357 420 14 18 0.022412127 
118 454 50 71 0.022336667 
480 394 24 31 0.022321438 
674 382 77 109 0.022223055 
581 474 39 43 0.022041 
306 437 29 34 0.02201682 
501 386 16 19 0.021975016 
-8 181 89 159 0.021967506 
458 389 23 29 0.021967389 
369 409 15 19 0.021959702 
123 468 14 19 0.021955933 
469 407 14 19 0.02184657 
478 382 23 28 0.021814395 
857 381 28 32 0.021810567 
957 339 14 18 0.02181038 
848 391 26 33 0.021759572 
819 403 42 52 0.021653641 
563 365 13 17 0.021582264 
68 387 17 20 0.021510841 
237 461 30 35 0.02148466 
989 429 27 46 0.021465512 
950 322 38 51 0.021383142 
533 400 22 31 0.02124299 
962 332 22 32 0.02112605 
-2 361 87 126 0.021065364 
846 415 32 42 0.021020487 
387 386 23 26 0.021010738 
374 381 22 27 0.021010514 
456 452 25 32 0.02100021 
510 489 29 37 0.0209923 
541 355 24 33 0.020938417 
537 335 10 12 0.020924307 
370 354 14 16 0.020918263 
892 386 14 19 0.020879205 
281 584 52 64 0.020824412 
477 372 12 16 0.020640364 
542 402 24 30 0.020450875 
526 507 91 129 0.020432606 
378 459 31 33 0.02041354 
378 387 13 16 0.02031597 
377 440 15 19 0.0202929 
589 426 164 228 0.020226862 
475 405 16 22 0.020114029 
384 322 11 13 0.02009738 
317 404 23 29 0.020068234 
424 447 17 23 0.020001912 
