7_Cheering_Cheering_7_313
65
162 123 47 61 0.9939997 
346 160 37 53 0.993936 
25 111 34 50 0.9934248 
651 153 35 47 0.99329245 
232 147 38 48 0.9920759 
950 187 41 61 0.97650415 
746 139 39 55 0.95329684 
967 150 39 55 0.8408363 
846 2 27 23 0.2110718 
880 109 18 23 0.1940197 
865 0 26 23 0.14732867 
599 257 64 88 0.14094366 
618 148 25 40 0.12929326 
467 239 41 68 0.120992124 
103 111 23 33 0.10772289 
218 156 30 39 0.09182257 
975 140 26 38 0.08291988 
909 187 31 47 0.0669761 
334 0 23 16 0.064928725 
-2 316 38 81 0.059445538 
42 0 17 14 0.054890644 
108 155 30 40 0.051444087 
312 299 66 74 0.051005244 
198 0 10 8 0.048311174 
880 3 15 18 0.04762627 
943 156 52 66 0.04518343 
621 246 51 67 0.044445384 
873 17 16 20 0.043538306 
590 217 14 18 0.04237959 
204 157 30 38 0.0407177 
377 165 28 39 0.040636554 
565 269 63 94 0.039855585 
586 212 26 31 0.038193937 
913 148 41 56 0.038152523 
789 130 27 39 0.036020722 
115 72 28 32 0.03448613 
870 122 13 19 0.033215355 
741 447 42 60 0.032378975 
876 117 17 22 0.03166715 
844 0 20 16 0.030919375 
889 183 39 57 0.029855493 
213 162 17 25 0.028368378 
79 1 36 28 0.028307386 
338 6 63 65 0.028249614 
986 139 17 25 0.02751072 
866 166 27 40 0.026819132 
829 524 27 27 0.026675947 
-1 91 24 43 0.0264587 
144 112 49 62 0.025754169 
707 145 31 46 0.025721675 
802 127 15 21 0.025116624 
616 165 23 35 0.02495531 
899 582 29 36 0.024949789 
721 164 27 42 0.024069162 
380 309 11 14 0.022099998 
803 475 254 232 0.02175146 
4 11 31 38 0.02144433 
882 176 25 38 0.02135145 
20 27 14 18 0.021289675 
9 46 25 33 0.020879392 
705 293 35 33 0.020488393 
125 223 35 36 0.020459613 
182 135 40 55 0.020341273 
918 206 32 43 0.020288244 
-3 321 67 121 0.020255491 
