7_Cheering_Cheering_7_29
1413
443 170 14 17 0.99003345 
889 216 15 20 0.9839085 
811 370 14 17 0.9638658 
977 337 14 19 0.9448246 
908 127 13 18 0.9333583 
571 219 15 19 0.9194432 
899 351 15 20 0.912763 
21 152 16 19 0.9055446 
271 106 12 15 0.88575083 
936 117 11 15 0.85475653 
205 93 11 15 0.84821236 
590 97 11 14 0.8431576 
245 46 10 12 0.842607 
962 300 13 17 0.83615935 
883 368 15 19 0.82944775 
533 139 11 13 0.82233864 
591 125 13 17 0.8047206 
605 83 10 13 0.7936632 
619 179 13 17 0.78640145 
278 87 10 12 0.77578497 
380 116 14 17 0.7576749 
340 131 14 16 0.7437092 
678 118 12 14 0.73433435 
218 70 9 11 0.72461504 
803 278 13 17 0.7103749 
325 274 15 19 0.6942969 
880 249 12 15 0.6901139 
707 101 13 16 0.68534607 
679 178 14 17 0.6566666 
155 267 15 17 0.64238584 
822 98 10 13 0.6260976 
921 95 9 12 0.6192917 
904 83 11 13 0.61284584 
684 272 16 19 0.60771936 
622 112 14 17 0.6064433 
173 77 10 13 0.59170896 
224 141 11 14 0.5878197 
254 229 14 18 0.58781856 
410 200 14 17 0.5860899 
761 130 12 15 0.5852245 
255 138 16 19 0.57820743 
1003 333 15 19 0.57541966 
766 326 14 18 0.5744873 
94 294 12 14 0.57378596 
802 101 9 13 0.5646519 
725 163 14 17 0.5589386 
1005 88 10 12 0.55713516 
41 357 12 15 0.53832877 
719 117 12 16 0.52744895 
1000 188 12 15 0.5242594 
436 126 12 17 0.51518184 
192 160 12 17 0.51488256 
193 119 9 12 0.5090736 
551 90 12 14 0.4838011 
44 307 14 19 0.4794484 
836 340 16 18 0.47615725 
517 86 11 13 0.46325758 
408 328 11 12 0.45869622 
68 277 13 17 0.4581726 
195 274 12 14 0.44652075 
705 291 23 25 0.43856323 
454 338 11 13 0.4321818 
76 75 10 13 0.42793092 
165 147 9 12 0.42261627 
664 55 10 13 0.41862664 
356 245 12 15 0.41832718 
972 93 12 15 0.40848386 
310 87 10 12 0.40817806 
823 166 13 16 0.40260208 
172 109 11 14 0.3990268 
669 77 11 15 0.39573026 
901 326 12 16 0.3918539 
211 243 11 13 0.38454238 
100 213 13 17 0.3840651 
994 222 14 17 0.37706563 
127 269 13 16 0.37651134 
968 92 10 14 0.37475562 
909 175 13 15 0.37328878 
788 213 13 15 0.37240586 
823 268 13 16 0.368819 
855 212 11 13 0.36192718 
697 132 11 14 0.3610823 
151 114 10 12 0.35410336 
976 194 13 15 0.34553412 
950 252 11 15 0.33598337 
613 361 11 13 0.33585393 
415 352 10 13 0.33410043 
477 334 13 16 0.3331352 
479 308 12 15 0.33294684 
79 155 11 15 0.33055216 
936 295 13 16 0.31821755 
371 152 15 20 0.3152075 
943 93 11 14 0.31141773 
40 94 10 13 0.30599657 
556 88 10 13 0.30507085 
927 226 12 16 0.30046874 
767 268 13 16 0.29821357 
844 96 10 12 0.2972935 
513 87 10 13 0.29650724 
111 129 12 15 0.29294628 
247 103 9 12 0.28432238 
888 173 11 14 0.28411186 
559 187 12 14 0.28209877 
445 80 11 13 0.2765502 
670 242 24 27 0.27619943 
103 331 11 15 0.27245924 
168 118 9 11 0.27021304 
922 285 13 15 0.27020073 
350 342 10 13 0.26958212 
515 279 14 15 0.26821974 
979 123 10 14 0.26811284 
607 100 10 13 0.26647145 
66 335 12 13 0.266381 
372 296 11 13 0.2642459 
505 81 8 10 0.26330474 
319 276 13 16 0.26091784 
84 148 11 15 0.2597327 
403 295 11 13 0.25639778 
161 142 10 13 0.25595072 
270 161 24 28 0.25502148 
1012 205 10 15 0.25350675 
823 233 13 17 0.25314584 
466 358 13 15 0.25068873 
888 90 11 15 0.24995771 
289 208 14 17 0.24333686 
72 91 10 12 0.23755835 
331 57 12 15 0.23672287 
237 301 8 11 0.2357743 
166 325 11 14 0.22839972 
973 213 15 18 0.22782296 
622 207 21 27 0.22561553 
379 200 16 20 0.21837287 
249 292 11 14 0.21820718 
855 125 11 12 0.2159057 
949 165 9 12 0.21059069 
2 114 12 15 0.21012972 
766 284 10 12 0.20717229 
577 127 11 14 0.20617123 
200 462 25 30 0.20550813 
658 104 14 17 0.20545708 
504 215 10 13 0.20530958 
922 140 11 15 0.20376173 
708 96 11 13 0.19928277 
826 294 12 14 0.19914933 
119 245 11 15 0.19753464 
536 102 10 13 0.19678132 
44 348 15 18 0.19222605 
766 487 25 24 0.19174299 
880 109 12 15 0.1910946 
960 117 10 13 0.1897848 
676 76 11 14 0.18971938 
98 312 13 17 0.18948151 
497 107 10 14 0.1884817 
620 133 14 18 0.18748842 
950 189 11 14 0.18708909 
312 112 10 13 0.18707828 
153 318 11 13 0.18406624 
909 100 10 12 0.1833616 
37 167 13 16 0.18277693 
523 155 10 13 0.18207096 
387 311 11 13 0.18188523 
624 87 10 12 0.18181928 
309 229 16 21 0.18071994 
62 361 12 14 0.18071339 
157 102 9 11 0.17852879 
880 55 11 14 0.17835264 
960 86 8 11 0.17810938 
990 100 10 12 0.17761731 
666 156 16 19 0.17732967 
318 109 10 14 0.17508724 
678 139 13 15 0.17495134 
366 363 13 18 0.1702412 
854 94 8 10 0.16907367 
469 310 13 16 0.16863854 
605 237 14 17 0.16827503 
90 91 9 13 0.16792786 
920 196 12 14 0.16354856 
368 299 11 13 0.16205256 
904 172 12 16 0.16105838 
737 106 10 13 0.15998876 
758 109 12 14 0.1594873 
845 233 13 16 0.1591852 
559 107 9 12 0.15854934 
355 88 14 16 0.15779237 
779 102 12 14 0.15770876 
479 169 12 15 0.15769099 
0 338 13 21 0.15732525 
262 92 9 12 0.15477343 
607 211 13 17 0.15429667 
73 126 9 14 0.15118967 
885 114 9 12 0.1509902 
17 294 14 16 0.15054949 
916 131 12 15 0.14875294 
253 73 12 15 0.14773199 
422 306 11 13 0.14717494 
646 139 10 14 0.14680292 
925 384 12 16 0.14641964 
520 110 11 13 0.14495382 
611 242 14 15 0.14470463 
702 319 15 18 0.14467444 
160 295 10 14 0.14348339 
737 62 9 12 0.14141814 
353 182 10 13 0.14068948 
489 275 11 14 0.13955745 
101 205 12 15 0.13952494 
695 70 11 14 0.13936149 
807 211 11 14 0.13926958 
240 263 8 11 0.13646819 
351 92 12 14 0.13559754 
564 158 11 14 0.13478407 
837 202 11 14 0.13463214 
199 318 12 14 0.131658 
999 262 11 14 0.13162582 
45 98 10 14 0.1305929 
775 310 11 15 0.12938754 
535 255 14 20 0.12902872 
192 152 10 12 0.12585928 
767 100 9 12 0.12403249 
615 420 11 14 0.12362228 
551 188 12 14 0.12346753 
200 70 8 11 0.12320349 
739 139 13 18 0.12310099 
670 100 11 13 0.12209971 
924 133 10 12 0.12021787 
774 316 13 18 0.12015177 
448 318 10 13 0.12006677 
85 316 13 16 0.119776376 
1011 92 12 15 0.11852387 
724 121 12 14 0.11839727 
648 243 12 15 0.11829542 
614 174 14 17 0.11743113 
652 63 10 13 0.11718922 
495 291 11 13 0.11655839 
524 115 10 13 0.11637537 
503 267 10 12 0.116120584 
507 219 13 15 0.115597114 
976 120 11 13 0.11514066 
582 124 10 14 0.11491858 
577 110 8 11 0.114785165 
821 215 15 17 0.11422372 
675 130 14 17 0.113515735 
869 92 9 12 0.112639055 
216 118 10 11 0.11258505 
84 333 13 16 0.11227556 
784 89 10 12 0.11189379 
473 253 11 14 0.11138432 
8 56 8 10 0.11131909 
120 101 9 11 0.111264214 
100 180 16 20 0.110992104 
262 300 12 15 0.110043354 
406 343 11 13 0.10972735 
919 191 10 13 0.10960879 
564 182 12 14 0.10921066 
675 306 15 21 0.109110646 
171 375 12 14 0.10860279 
888 270 11 14 0.1079489 
77 225 14 16 0.10789606 
612 280 24 28 0.10775653 
695 61 10 12 0.10731728 
352 402 12 15 0.10721436 
459 333 10 14 0.10703443 
378 46 10 13 0.10673707 
232 326 10 14 0.10631642 
862 249 13 16 0.10602668 
840 318 14 15 0.10458161 
280 243 12 15 0.10429557 
456 140 12 15 0.10316216 
725 79 8 11 0.10298811 
585 101 10 12 0.10281183 
341 145 15 19 0.102536075 
595 99 11 15 0.102272674 
860 212 11 14 0.10198841 
423 341 11 13 0.10168076 
457 120 10 12 0.10151039 
436 199 10 13 0.10134495 
985 100 10 12 0.10051306 
190 47 8 11 0.099835195 
933 352 15 17 0.099716686 
696 158 10 13 0.09862414 
42 171 12 14 0.09827074 
356 276 13 15 0.09819898 
486 204 10 13 0.097970285 
492 186 12 15 0.09659736 
45 71 11 14 0.0960477 
837 180 10 14 0.095878735 
125 102 9 11 0.0951567 
501 104 10 12 0.094606206 
325 103 10 13 0.094330855 
135 116 10 13 0.093587965 
379 183 16 20 0.09345637 
442 131 11 13 0.09306191 
36 263 12 13 0.09283854 
244 70 14 16 0.09220728 
317 184 14 17 0.09180532 
480 84 10 11 0.09175464 
324 107 12 16 0.091540396 
741 62 9 11 0.09118121 
278 130 12 15 0.090892024 
941 134 9 12 0.09065846 
780 135 9 11 0.09065326 
827 229 14 17 0.09054771 
274 100 14 19 0.09021653 
961 123 10 13 0.08924604 
816 308 11 14 0.08903884 
652 38 10 13 0.088800535 
159 24 9 13 0.088679746 
813 212 11 14 0.08842272 
612 85 11 13 0.08831339 
255 108 8 11 0.08824957 
649 42 13 17 0.0879813 
215 124 10 12 0.08773689 
85 339 14 17 0.08752682 
672 125 13 14 0.087317154 
373 332 11 12 0.08714905 
680 243 17 19 0.086816885 
968 285 12 13 0.08647697 
302 71 8 10 0.08622594 
759 104 10 11 0.08603764 
966 87 10 13 0.08589682 
840 234 10 15 0.08567853 
285 130 12 14 0.08491195 
552 111 9 11 0.08491125 
135 134 9 12 0.08483089 
542 86 10 12 0.08473947 
57 80 9 11 0.08469414 
679 252 24 28 0.08410619 
169 319 10 13 0.08388328 
261 70 9 12 0.08374699 
884 326 11 13 0.08327532 
924 203 14 16 0.08318909 
914 177 14 16 0.08318138 
453 84 10 12 0.08287279 
289 51 9 12 0.08256995 
408 349 10 12 0.08251576 
777 106 10 13 0.082408614 
74 85 12 14 0.08227454 
660 285 12 16 0.08205367 
533 224 14 17 0.08165556 
864 103 10 12 0.08140255 
801 96 10 13 0.081361555 
630 370 13 15 0.08087823 
75 130 12 17 0.08079481 
664 304 24 30 0.08056848 
525 199 12 14 0.080285504 
308 264 13 15 0.0802749 
390 143 14 16 0.08009755 
390 161 13 17 0.08008575 
966 125 9 12 0.079954915 
311 181 13 17 0.0798728 
676 156 12 14 0.079804964 
626 136 17 20 0.079430714 
733 235 13 17 0.079363935 
21 125 10 11 0.07933867 
112 348 10 13 0.07929589 
372 278 9 13 0.079049826 
957 111 10 12 0.07887054 
848 291 12 15 0.07859086 
416 408 9 11 0.0785802 
6 141 10 12 0.07848657 
239 97 10 12 0.07841126 
265 109 11 14 0.078093916 
849 275 12 16 0.07797763 
923 98 11 13 0.07794518 
1007 98 9 12 0.07785888 
152 322 13 17 0.077584654 
118 406 13 17 0.07739397 
1003 195 14 16 0.07735232 
678 145 12 17 0.07734006 
883 332 11 14 0.07709743 
110 341 10 13 0.07676494 
377 93 10 13 0.076720685 
183 79 9 12 0.07614254 
876 261 12 15 0.07584745 
384 405 12 14 0.0756804 
508 149 11 15 0.07552926 
726 180 13 16 0.075431444 
462 62 11 11 0.07536741 
441 83 11 13 0.0753326 
207 192 12 15 0.075090945 
485 181 12 16 0.07505937 
765 333 16 21 0.07483534 
581 108 11 14 0.074555844 
727 361 13 16 0.07445392 
137 111 9 12 0.07425056 
551 129 12 15 0.074094914 
856 131 12 14 0.0740299 
16 325 11 15 0.07360215 
956 335 9 12 0.07355869 
951 87 10 12 0.07349893 
49 143 8 11 0.073496036 
525 181 11 14 0.07331714 
284 254 11 14 0.07307171 
202 99 10 12 0.07293499 
189 79 8 11 0.072825864 
303 328 14 18 0.072571054 
618 288 15 17 0.07256743 
417 355 13 15 0.07256004 
903 93 12 16 0.07255449 
344 99 11 14 0.07245074 
239 70 13 15 0.07185058 
420 348 13 16 0.07164206 
158 136 11 13 0.07163194 
757 259 12 14 0.07139646 
959 275 10 12 0.07091156 
768 38 10 13 0.07064752 
158 117 10 12 0.07056788 
560 162 12 14 0.07051683 
545 93 11 13 0.07040923 
955 253 12 16 0.07039987 
620 121 16 19 0.07021981 
891 275 12 14 0.0700974 
222 109 10 12 0.06995701 
502 181 13 17 0.06894129 
635 138 15 18 0.06888892 
734 122 11 13 0.067955494 
716 188 10 13 0.06794001 
533 172 13 17 0.06768477 
479 177 14 17 0.067666985 
31 88 9 10 0.06763424 
799 159 10 11 0.06747961 
306 211 12 14 0.06731009 
399 344 9 11 0.06721122 
945 186 12 16 0.067207955 
30 93 11 13 0.06711311 
1002 93 9 12 0.06701336 
188 84 9 11 0.0667034 
544 189 11 14 0.0660711 
318 253 11 13 0.06604737 
414 343 11 14 0.06596418 
765 150 13 17 0.06589426 
303 205 11 15 0.06580046 
655 467 13 15 0.06557683 
965 118 9 12 0.06504217 
1007 116 8 11 0.064884074 
983 95 10 13 0.06475001 
173 318 9 11 0.06466837 
469 64 11 12 0.064520456 
509 264 10 12 0.06451023 
132 259 14 17 0.06388669 
660 125 11 14 0.06370472 
308 325 14 17 0.06370378 
145 155 9 11 0.06368186 
814 477 11 13 0.06355197 
170 73 9 11 0.06318942 
951 103 10 11 0.06318264 
685 149 10 13 0.06300421 
113 99 9 12 0.062980585 
144 95 8 11 0.0628747 
731 168 13 15 0.062644966 
660 140 13 14 0.061611842 
1002 183 15 17 0.061536558 
186 217 17 21 0.06131302 
691 291 15 19 0.061258443 
829 171 11 14 0.060759943 
272 79 9 11 0.060738005 
978 217 13 17 0.06060294 
80 322 14 16 0.060532264 
474 339 12 14 0.060413897 
618 252 13 17 0.06018158 
598 440 9 12 0.060073484 
502 114 9 12 0.059998047 
173 105 9 12 0.05997317 
940 140 13 16 0.05995274 
803 234 13 14 0.05991209 
460 123 11 12 0.05966556 
949 269 10 15 0.059481192 
768 207 10 13 0.05941001 
718 168 15 18 0.059250027 
711 115 12 16 0.059117995 
206 249 14 17 0.058924407 
205 108 10 12 0.0589175 
785 494 12 13 0.058851358 
917 201 15 18 0.058789507 
481 203 10 13 0.058733016 
116 346 12 16 0.05852238 
206 239 19 23 0.058347516 
254 297 13 15 0.05832025 
893 206 12 15 0.058103733 
155 109 11 14 0.058052618 
835 116 11 14 0.05797376 
328 78 10 14 0.057578214 
117 119 10 12 0.057567354 
816 218 11 15 0.05733888 
134 94 9 12 0.057262946 
134 87 8 11 0.05722329 
240 296 10 13 0.05720812 
278 259 12 14 0.05718978 
628 89 11 14 0.057127263 
791 295 9 13 0.057087693 
492 200 14 17 0.05690815 
957 104 8 10 0.056698296 
80 331 13 15 0.05655576 
207 141 11 14 0.056542948 
925 146 10 13 0.05651023 
810 275 14 17 0.05648528 
483 166 11 13 0.056368317 
492 271 10 13 0.056198813 
927 125 10 14 0.056163684 
440 334 9 13 0.055988446 
113 109 9 11 0.05594889 
543 119 9 11 0.055574153 
380 158 14 19 0.055562112 
798 236 13 15 0.055495065 
457 60 11 12 0.0554596 
454 370 12 16 0.055214345 
382 333 11 13 0.055200867 
654 139 12 15 0.05511292 
293 131 11 13 0.055097513 
880 104 9 13 0.054938033 
317 259 12 14 0.05486497 
930 221 14 18 0.05473989 
535 95 9 12 0.054733615 
670 108 11 14 0.054552898 
991 149 11 13 0.05419813 
667 148 14 17 0.054131974 
418 136 15 18 0.054110665 
454 246 13 16 0.054021522 
481 338 15 17 0.053932928 
530 135 10 14 0.05392749 
685 298 12 17 0.05386606 
164 300 9 13 0.05384996 
998 201 13 17 0.05374726 
763 117 11 14 0.053354755 
350 186 14 17 0.05331951 
157 282 12 15 0.053309828 
450 339 10 13 0.053274248 
538 86 8 10 0.053216394 
221 123 11 13 0.053199545 
999 100 8 11 0.052960124 
313 131 11 15 0.05291045 
391 95 11 13 0.052746534 
520 104 9 11 0.052715637 
564 175 13 16 0.052666657 
375 268 9 12 0.052608117 
524 187 11 12 0.052607913 
351 318 10 12 0.05254035 
295 77 9 11 0.05250395 
338 165 14 17 0.052468855 
142 140 9 10 0.052262872 
791 125 9 12 0.05219996 
77 405 12 14 0.052134573 
184 149 9 11 0.052082032 
542 106 9 12 0.052039485 
566 108 8 11 0.052032486 
897 341 16 20 0.052019596 
399 116 13 15 0.051923893 
893 87 10 13 0.05191689 
852 297 13 15 0.051875632 
407 94 10 12 0.051848117 
616 109 11 15 0.051691215 
891 176 12 15 0.051544856 
345 347 11 14 0.05151662 
478 328 14 15 0.051491078 
717 180 13 16 0.051434025 
398 99 11 13 0.051325977 
796 219 13 17 0.051284783 
379 51 12 14 0.051101394 
967 68 9 12 0.05106342 
645 117 10 14 0.05105725 
638 123 12 15 0.051051706 
471 290 12 14 0.050981443 
639 107 9 12 0.05092405 
827 100 9 13 0.050897337 
78 138 12 15 0.0506803 
366 170 12 17 0.050645124 
13 92 8 12 0.05061824 
274 146 16 17 0.050577283 
535 235 11 13 0.050513953 
896 329 14 17 0.050048254 
185 116 9 11 0.050016493 
386 197 14 18 0.04991597 
1009 165 11 13 0.049771845 
110 77 12 16 0.049663223 
161 156 10 12 0.049519613 
96 69 10 13 0.049426705 
508 174 10 13 0.049418278 
804 272 13 15 0.049240194 
202 191 9 13 0.049199067 
610 204 19 25 0.04884065 
333 181 10 13 0.04883112 
563 439 10 12 0.048769645 
32 269 12 15 0.04867957 
54 261 12 14 0.048603863 
817 96 11 13 0.04853217 
544 156 11 14 0.048501328 
790 61 8 11 0.048280496 
368 283 11 14 0.04808434 
695 282 25 29 0.048029043 
741 359 13 18 0.04795529 
303 227 14 19 0.047848992 
323 348 11 15 0.047762237 
66 439 13 14 0.047541194 
197 241 14 18 0.047521483 
796 213 11 15 0.047510024 
452 380 12 14 0.04747691 
772 213 13 15 0.047392968 
655 310 22 28 0.047325376 
452 308 10 14 0.047323655 
69 259 17 18 0.047221407 
519 201 12 16 0.047156747 
166 122 9 11 0.047137357 
998 326 14 18 0.04707103 
41 77 8 11 0.04678828 
362 128 15 18 0.046612468 
188 261 14 18 0.046466056 
328 65 11 14 0.046424374 
454 347 11 13 0.04637324 
366 158 14 20 0.046212915 
972 203 15 17 0.046132524 
270 91 13 16 0.0456988 
89 296 13 17 0.045592576 
550 228 11 15 0.045456592 
947 91 12 14 0.04544724 
478 343 13 15 0.045315 
174 188 10 14 0.045302458 
130 55 8 11 0.045287408 
388 332 10 13 0.04520641 
941 243 11 15 0.04518596 
763 138 12 13 0.045042355 
606 169 15 19 0.04503466 
668 289 14 18 0.045010086 
142 115 10 13 0.04499699 
303 181 10 15 0.04489063 
741 234 12 17 0.04456049 
430 120 13 17 0.04437507 
366 307 11 13 0.044358 
850 230 13 16 0.044308826 
38 87 9 12 0.044196755 
68 268 17 20 0.044155035 
126 372 11 14 0.043832216 
315 84 11 14 0.043747418 
824 140 10 14 0.04373801 
248 233 13 17 0.0437014 
58 83 13 14 0.04368767 
0 317 8 14 0.043684617 
686 156 10 12 0.04354913 
830 131 13 16 0.043419085 
716 110 12 16 0.043403015 
151 95 8 11 0.04340155 
335 172 11 14 0.043327358 
691 235 16 17 0.04332323 
589 444 11 13 0.043235727 
303 221 12 14 0.043137103 
162 275 12 14 0.043128256 
870 211 11 15 0.043126367 
849 123 11 14 0.043021105 
357 106 12 14 0.04292679 
305 89 11 15 0.04291939 
17 126 10 12 0.042855363 
538 140 11 14 0.042571243 
835 125 12 14 0.04251707 
36 241 14 18 0.042510524 
1005 194 20 26 0.042468254 
712 124 9 12 0.042468157 
687 412 13 19 0.042412177 
92 329 14 18 0.042310175 
949 337 14 17 0.04227489 
373 98 12 16 0.04223375 
669 139 14 16 0.042163443 
894 294 13 16 0.042123254 
540 220 12 16 0.0420426 
375 109 12 15 0.04200779 
455 326 10 12 0.04193751 
0 324 8 14 0.041754242 
1011 86 11 14 0.041639984 
550 172 11 14 0.04163973 
384 267 11 14 0.04146983 
777 322 13 18 0.041462604 
749 146 11 17 0.04142452 
454 291 9 13 0.041299563 
233 245 11 15 0.04129913 
339 135 20 23 0.041298088 
378 148 14 19 0.0412747 
393 348 9 12 0.04122752 
868 100 11 14 0.041217722 
168 104 10 11 0.041114427 
344 188 11 14 0.041100163 
488 281 12 16 0.041072525 
480 91 11 13 0.0410594 
197 283 11 12 0.040997904 
395 371 11 15 0.040980518 
27 160 15 17 0.040876802 
661 146 15 17 0.040854324 
523 282 12 14 0.04083224 
671 73 11 13 0.040769435 
373 142 13 16 0.04073733 
247 166 11 15 0.04073727 
775 95 10 13 0.040701713 
945 158 9 11 0.04062111 
717 146 12 16 0.040586207 
876 205 11 16 0.040467322 
274 85 19 22 0.04035603 
577 118 10 13 0.040302325 
312 276 12 16 0.040203817 
894 167 11 15 0.040195502 
95 252 13 17 0.040155053 
370 367 14 17 0.04011546 
168 311 8 11 0.04008468 
796 370 14 17 0.040036034 
798 226 14 17 0.040013112 
760 329 15 19 0.039928358 
110 137 12 14 0.03989614 
5 146 12 15 0.03981453 
88 99 9 12 0.03978118 
325 181 11 15 0.03976803 
176 407 10 13 0.03973865 
180 317 9 12 0.03973052 
344 124 16 20 0.039687082 
723 289 15 19 0.03965233 
459 135 11 13 0.03959209 
393 367 10 13 0.03949496 
848 283 12 17 0.039482713 
688 404 12 17 0.03947063 
947 170 12 14 0.03945824 
432 443 11 12 0.03937924 
100 193 15 19 0.039296087 
40 301 12 16 0.03928491 
486 118 12 14 0.03927095 
664 412 11 12 0.039266806 
807 124 12 14 0.039255038 
668 252 18 22 0.03920911 
183 94 10 13 0.039089892 
733 402 16 20 0.03908862 
364 101 13 17 0.03898904 
473 134 11 14 0.038940612 
654 310 11 15 0.03887425 
462 101 10 12 0.038850438 
349 192 14 19 0.038816642 
578 224 14 16 0.038794227 
798 293 11 14 0.038780913 
176 436 12 15 0.03872363 
585 361 9 12 0.03870556 
1010 188 12 15 0.038669012 
1007 138 11 14 0.0386127 
303 383 10 13 0.038609225 
136 102 9 10 0.03855294 
917 167 11 13 0.03832128 
93 348 12 15 0.038170654 
233 260 10 13 0.038143635 
909 292 11 13 0.038140576 
120 269 14 15 0.038097046 
207 69 9 12 0.037848312 
118 97 9 12 0.037817784 
217 146 10 13 0.0377797 
803 216 14 19 0.037750002 
526 164 10 14 0.037683055 
125 185 14 19 0.037663955 
30 274 13 16 0.03762425 
870 88 10 12 0.037605297 
158 96 9 11 0.03757362 
211 92 12 16 0.037513327 
594 119 15 18 0.03745456 
542 213 11 15 0.037431926 
863 220 9 12 0.0372375 
422 336 11 13 0.037206925 
376 87 9 12 0.03717966 
782 216 15 17 0.03714197 
0 201 10 16 0.03709702 
55 133 8 10 0.03690961 
523 87 9 11 0.03687685 
911 206 12 15 0.03670685 
335 126 13 18 0.03668569 
174 287 10 15 0.036644742 
737 135 11 14 0.036591407 
217 292 9 12 0.036573194 
437 364 10 12 0.0365423 
690 242 15 18 0.03650368 
884 98 13 16 0.036496904 
918 379 15 19 0.036447275 
550 165 10 12 0.036342874 
689 265 23 27 0.036192615 
297 70 9 11 0.036142636 
980 237 11 14 0.03612881 
766 287 13 18 0.036123928 
741 124 9 12 0.036110546 
111 243 14 19 0.036090076 
854 99 10 13 0.036086347 
614 445 8 10 0.03596952 
846 298 12 16 0.035927195 
471 139 13 18 0.035864573 
658 282 22 29 0.035803873 
478 70 9 11 0.035774272 
940 497 14 14 0.035589576 
181 259 12 17 0.0355071 
566 193 12 14 0.03546525 
570 187 12 15 0.03545051 
758 147 13 18 0.03540542 
10 266 14 17 0.03540118 
611 164 14 20 0.035385825 
836 318 20 26 0.03538069 
509 80 9 12 0.035209417 
237 318 12 15 0.035181325 
675 276 20 27 0.035176605 
183 112 9 12 0.035147224 
643 326 12 15 0.035140626 
991 325 12 15 0.03512697 
769 325 19 25 0.035119116 
332 109 12 17 0.035065435 
93 371 14 17 0.035010442 
461 325 11 14 0.03499224 
683 306 13 20 0.034957558 
165 282 11 14 0.034881808 
815 233 13 16 0.034850877 
619 204 17 22 0.034847297 
477 239 12 14 0.03482946 
196 404 11 13 0.03476591 
39 195 14 18 0.034723327 
128 95 9 12 0.034575637 
822 316 10 13 0.034547627 
527 218 16 19 0.034545887 
540 134 11 14 0.03452556 
761 266 12 16 0.034428228 
883 339 14 19 0.034337904 
232 252 10 13 0.034309976 
856 177 13 15 0.03429394 
770 260 15 18 0.03417064 
718 157 12 17 0.03416817 
528 172 11 17 0.034057487 
869 251 12 16 0.034020904 
646 340 10 15 0.03399346 
792 246 10 13 0.03399229 
190 113 19 24 0.033986464 
783 127 10 13 0.033973943 
720 83 9 11 0.03397201 
519 123 10 14 0.033912286 
535 274 13 17 0.03388828 
698 163 11 15 0.03386339 
79 100 10 12 0.033842664 
944 202 11 15 0.033834312 
940 238 10 14 0.033818725 
557 173 14 16 0.03381458 
205 257 14 16 0.033765964 
391 341 9 13 0.033735838 
1008 238 12 14 0.03370023 
355 348 11 14 0.033667877 
1004 333 22 30 0.033643253 
134 69 9 12 0.03362125 
536 126 10 13 0.033565477 
693 94 10 13 0.03349268 
782 293 12 14 0.033420213 
353 282 11 13 0.03336674 
519 242 13 18 0.033338893 
460 250 11 15 0.033321846 
999 118 9 11 0.033314213 
688 101 10 11 0.03326095 
8 102 9 11 0.033053774 
742 330 12 16 0.033032935 
653 50 12 15 0.03298566 
32 256 21 25 0.032972854 
343 144 23 28 0.032870896 
668 171 13 17 0.032847445 
753 109 11 13 0.032762367 
320 104 11 14 0.032737546 
103 69 10 13 0.03273334 
555 228 13 16 0.032704752 
548 194 13 16 0.03254149 
342 107 12 15 0.032533854 
1013 158 11 15 0.032529995 
958 165 10 13 0.032513402 
929 156 10 13 0.03243214 
335 327 10 13 0.032383453 
221 102 10 12 0.032361843 
360 357 11 14 0.03234163 
952 108 11 13 0.032162152 
214 98 10 13 0.032037716 
737 84 11 13 0.032014966 
750 228 12 17 0.03200528 
618 245 13 16 0.0319658 
110 70 10 15 0.031946335 
463 65 13 14 0.03186168 
776 138 10 13 0.031805933 
646 283 12 16 0.031784527 
505 154 12 16 0.03175256 
368 326 12 15 0.031698965 
25 92 10 13 0.031661246 
237 236 13 17 0.031610653 
144 196 11 16 0.03148882 
169 72 19 23 0.0314314 
742 40 8 11 0.031399485 
901 286 11 14 0.031366114 
461 166 10 15 0.03132339 
1013 141 9 13 0.031158192 
220 468 14 18 0.031141596 
845 444 13 20 0.031140173 
774 253 12 14 0.031128857 
71 71 19 22 0.031081047 
901 147 10 14 0.031039886 
93 76 12 14 0.030918831 
902 167 11 14 0.03090986 
105 84 9 13 0.030908447 
236 253 11 14 0.030906115 
629 290 13 16 0.03086707 
142 100 9 12 0.030864466 
567 151 11 14 0.030823372 
871 266 12 15 0.030791113 
233 101 9 12 0.030648649 
504 223 13 17 0.030637827 
731 357 15 18 0.03058567 
699 235 13 16 0.030500969 
351 175 11 14 0.030484904 
237 171 14 16 0.030468479 
936 138 12 15 0.030446757 
60 259 14 16 0.030396812 
534 144 11 15 0.030310608 
803 105 12 15 0.0302321 
966 111 10 12 0.030229373 
454 98 11 15 0.030215422 
736 57 9 11 0.030199682 
453 301 10 14 0.030190453 
471 128 10 12 0.030134587 
413 132 15 19 0.030093038 
940 113 11 13 0.030089125 
169 83 10 12 0.030047461 
657 322 26 30 0.030020768 
336 421 11 13 0.030011233 
670 299 13 17 0.029980749 
89 318 19 24 0.029918715 
182 335 10 14 0.029893726 
155 29 10 13 0.029885989 
495 212 11 14 0.029859815 
833 204 11 15 0.02985469 
405 287 12 14 0.029795349 
97 326 19 24 0.029783309 
895 251 11 15 0.029771753 
896 412 13 16 0.0297569 
569 125 9 13 0.029684326 
540 172 12 16 0.029668786 
398 122 12 16 0.02964694 
40 293 10 14 0.029640255 
693 108 11 14 0.029593058 
454 236 13 15 0.029513618 
997 255 13 16 0.029469471 
454 328 18 24 0.029429885 
911 158 10 11 0.029408997 
118 150 12 14 0.029390147 
770 284 13 15 0.029306391 
700 127 13 16 0.029284105 
47 117 8 11 0.029247206 
814 268 14 17 0.02918478 
871 300 13 18 0.02914478 
975 224 12 15 0.02908723 
393 156 16 19 0.029082106 
242 42 18 22 0.029041518 
669 405 14 17 0.029034918 
463 303 9 13 0.029028468 
684 110 12 14 0.028979905 
731 186 12 14 0.028970849 
656 74 11 15 0.028889503 
432 94 8 10 0.028881889 
975 268 10 13 0.028786441 
388 121 13 16 0.028778354 
633 213 18 22 0.028764732 
688 279 17 22 0.02876465 
65 356 14 17 0.028759643 
975 128 11 15 0.02867986 
840 309 14 16 0.028674157 
118 485 10 12 0.02865658 
220 74 11 13 0.028653122 
407 320 11 12 0.028636469 
150 262 16 19 0.02863387 
638 299 11 15 0.028602336 
660 113 12 16 0.028551836 
361 189 23 29 0.02848214 
966 279 10 12 0.028460283 
196 243 22 27 0.028430713 
316 127 12 14 0.028390829 
315 173 13 17 0.028356006 
752 115 10 14 0.028335137 
240 189 11 13 0.028307948 
209 126 9 11 0.028293211 
724 413 14 19 0.028235136 
975 181 13 17 0.028223725 
422 177 11 15 0.028222948 
471 169 12 16 0.028205585 
844 253 10 13 0.028202817 
822 189 12 16 0.028200243 
672 177 14 19 0.028158443 
733 280 13 21 0.028064173 
158 378 14 15 0.028043723 
447 350 9 13 0.02801513 
886 340 21 27 0.027998189 
1014 148 10 14 0.027985357 
649 85 9 12 0.027956778 
43 260 15 16 0.027887244 
937 93 9 12 0.02788246 
860 299 11 14 0.027876873 
761 278 12 15 0.027835114 
366 350 11 15 0.027805476 
226 134 14 18 0.027798522 
601 79 18 21 0.027774563 
869 117 12 15 0.027773404 
798 409 13 17 0.027749956 
98 355 14 17 0.027728228 
530 135 19 22 0.027715448 
246 292 18 23 0.027704757 
571 155 11 15 0.02766318 
29 299 12 16 0.027646784 
372 359 14 16 0.02761042 
390 133 12 14 0.027595764 
756 234 13 16 0.027583977 
880 86 9 12 0.027544778 
1005 206 14 19 0.02747419 
690 251 16 19 0.027474169 
293 48 8 11 0.027459683 
347 434 15 18 0.027411511 
263 64 9 11 0.027403787 
1006 227 12 14 0.027399024 
535 246 12 16 0.027381076 
86 86 19 25 0.027369538 
182 251 11 15 0.027354164 
780 253 10 13 0.02731834 
469 274 10 13 0.027314356 
933 237 14 17 0.02724402 
916 209 14 17 0.027184801 
304 198 11 16 0.027158257 
531 212 16 20 0.02713545 
656 95 10 13 0.027072957 
62 173 10 12 0.027049618 
682 290 21 29 0.026968354 
472 307 20 24 0.026943104 
43 247 15 19 0.02693784 
12 140 11 14 0.02692463 
751 223 8 11 0.02690143 
284 364 11 13 0.026894929 
805 118 11 14 0.026885943 
748 62 10 12 0.026821442 
269 194 16 20 0.02678252 
142 252 13 17 0.026721707 
402 109 15 17 0.02668475 
128 117 9 13 0.026645573 
168 106 18 23 0.026633613 
300 131 11 14 0.026625514 
440 91 10 13 0.02662416 
730 62 9 12 0.026608348 
263 114 11 14 0.026588641 
638 318 10 12 0.026581885 
269 70 9 12 0.026570715 
498 86 8 11 0.026555857 
174 312 10 13 0.026500523 
533 197 11 16 0.026478767 
400 276 11 14 0.026469294 
386 144 21 25 0.026452951 
541 124 11 14 0.02642314 
159 71 9 10 0.026392905 
558 141 10 13 0.026369866 
902 317 12 17 0.026360458 
427 347 11 15 0.026358576 
939 219 12 16 0.026272424 
830 158 10 14 0.026223686 
281 145 16 19 0.026138036 
197 479 16 19 0.026118297 
694 150 11 13 0.026094925 
176 149 8 11 0.026085848 
31 249 103 118 0.02605968 
31 354 12 15 0.026049878 
450 165 16 20 0.025962815 
373 205 16 19 0.02594963 
760 179 11 14 0.025938738 
484 211 13 15 0.025912708 
869 219 10 13 0.025876025 
860 148 13 16 0.0258405 
816 364 15 21 0.025829125 
478 185 13 16 0.025762042 
205 76 9 12 0.02576197 
318 93 9 12 0.025705222 
350 107 12 14 0.025667738 
1015 115 8 12 0.02565485 
784 205 12 15 0.025635323 
45 295 10 13 0.02563176 
601 241 12 16 0.025629355 
414 319 10 12 0.025622211 
668 275 14 20 0.025606075 
221 299 11 15 0.025580175 
312 257 21 25 0.025548873 
88 109 8 11 0.025541538 
196 259 16 18 0.02553532 
996 210 16 20 0.02552875 
73 157 11 14 0.02551438 
306 82 18 22 0.0255139 
510 144 9 12 0.025511233 
518 150 18 23 0.025498696 
334 185 12 17 0.02549492 
302 240 13 18 0.025412122 
782 197 10 13 0.02539456 
181 213 17 19 0.025351437 
275 129 21 24 0.02532074 
623 290 24 30 0.025294464 
327 96 9 11 0.025292533 
795 242 13 16 0.025287848 
484 78 9 12 0.025287447 
1006 126 10 11 0.025269615 
381 372 12 14 0.02526603 
993 196 12 15 0.025254536 
748 333 13 16 0.025236508 
201 321 15 17 0.025196299 
351 261 10 13 0.025172148 
936 70 9 12 0.025162322 
933 325 9 13 0.025142163 
740 166 11 14 0.025137391 
968 211 13 17 0.025103997 
678 420 11 15 0.025090652 
52 92 12 14 0.025008313 
714 323 15 17 0.025007384 
187 222 21 28 0.024976518 
648 307 9 13 0.02493898 
655 339 11 16 0.024923725 
190 128 12 15 0.024901511 
415 302 10 13 0.024894208 
381 347 10 14 0.02489192 
614 91 11 15 0.024882786 
587 236 11 14 0.024881922 
726 305 13 18 0.024825834 
404 121 15 17 0.024823947 
994 260 11 14 0.024777608 
213 201 13 16 0.024775792 
128 140 10 12 0.024738349 
725 95 9 12 0.02473477 
951 233 12 15 0.024714513 
447 93 11 13 0.024706878 
515 208 15 19 0.024678046 
309 240 14 18 0.02466174 
623 365 10 13 0.024656266 
55 149 8 11 0.024648968 
70 99 11 13 0.024601586 
635 202 16 21 0.024586864 
735 144 14 17 0.024579255 
52 342 12 15 0.024507318 
263 170 13 17 0.024492912 
207 117 10 11 0.02446435 
104 76 11 16 0.024451248 
390 380 9 13 0.024445051 
818 95 18 21 0.02444327 
149 150 10 13 0.024437701 
153 141 9 11 0.024422605 
109 409 13 16 0.024349168 
339 277 11 14 0.02432366 
151 71 8 11 0.024317158 
837 211 12 15 0.0243166 
627 222 16 19 0.024295002 
577 114 19 23 0.024281776 
6 165 12 15 0.024274234 
980 270 10 13 0.024262285 
958 235 11 14 0.024247572 
214 64 18 23 0.024224037 
465 220 10 13 0.024213288 
63 334 19 22 0.024197223 
901 80 18 22 0.024127541 
399 290 18 22 0.024127511 
315 104 18 23 0.024102697 
948 326 13 16 0.024092987 
54 282 14 16 0.024083342 
53 355 11 15 0.024036728 
25 88 9 11 0.024036558 
713 285 18 21 0.024025064 
851 133 20 25 0.024023417 
934 188 12 14 0.02401302 
1004 183 21 25 0.02400775 
358 317 10 13 0.023987487 
15 133 9 12 0.023983601 
555 131 12 14 0.023970976 
102 410 14 16 0.02396256 
805 196 14 16 0.023949102 
439 327 10 12 0.023914434 
181 381 11 13 0.023905022 
190 242 12 17 0.023898374 
53 274 14 17 0.023881905 
51 301 13 15 0.023878025 
839 161 12 16 0.023830203 
448 302 10 15 0.02382244 
406 155 13 17 0.023812741 
214 86 10 12 0.023810308 
137 422 10 12 0.023807026 
376 40 9 10 0.023732334 
189 466 26 32 0.023722248 
312 151 10 13 0.02371195 
997 316 11 15 0.023710048 
806 299 12 15 0.023681311 
158 328 13 17 0.023671513 
921 280 11 14 0.023648573 
263 127 12 15 0.023641458 
271 219 12 17 0.023630828 
526 92 9 12 0.023613505 
9 286 21 29 0.023605559 
134 125 10 13 0.02357674 
599 361 8 10 0.023543773 
540 246 12 14 0.023531357 
396 132 14 16 0.023502028 
365 195 13 19 0.023498235 
365 85 10 13 0.023486977 
811 260 14 16 0.023481889 
80 347 14 17 0.0234749 
52 143 10 12 0.023447858 
567 142 11 13 0.023434104 
459 410 15 19 0.023386836 
60 345 16 18 0.02338567 
632 421 12 14 0.023363061 
805 165 11 14 0.02336165 
539 178 14 17 0.023357708 
110 477 8 12 0.023355817 
119 109 10 13 0.023351384 
174 180 13 18 0.023325691 
268 291 12 16 0.023321612 
645 108 10 14 0.023301287 
644 309 23 29 0.023289338 
161 261 15 19 0.023257583 
46 156 12 14 0.023244912 
354 149 21 28 0.0232334 
16 149 15 18 0.023205305 
693 100 9 12 0.023194378 
630 120 21 26 0.023178058 
45 320 14 17 0.02317349 
295 244 11 14 0.023088653 
16 159 13 17 0.023086907 
681 121 13 16 0.023060808 
60 268 14 19 0.023058029 
671 283 21 29 0.023000276 
506 187 12 16 0.022990305 
477 127 10 13 0.022989664 
908 167 14 15 0.022984257 
227 469 11 14 0.02296669 
636 236 13 17 0.022932556 
653 461 21 25 0.02291966 
348 335 20 24 0.022916079 
796 253 11 13 0.02283147 
429 357 11 14 0.022830794 
902 157 10 12 0.022829723 
312 250 12 15 0.022816751 
504 163 11 16 0.022804113 
708 218 15 20 0.022788709 
441 75 20 23 0.022785027 
1005 81 20 25 0.022769827 
175 259 12 17 0.022718797 
624 81 9 11 0.0226998 
1004 253 13 17 0.022686971 
894 96 12 15 0.022676218 
612 370 11 16 0.022628762 
105 131 12 14 0.02262546 
366 314 12 15 0.02262127 
910 106 11 13 0.022608055 
411 93 11 13 0.022581918 
102 92 10 13 0.022541411 
399 331 11 13 0.022527076 
765 179 13 15 0.022518571 
402 98 15 17 0.022505594 
542 147 11 15 0.022498332 
501 182 21 25 0.022476638 
103 140 12 13 0.022463031 
512 82 19 22 0.02244552 
133 181 9 14 0.022437133 
765 234 12 16 0.022424191 
980 226 12 16 0.022422586 
64 131 11 13 0.02240002 
346 203 15 19 0.022396272 
333 146 21 28 0.022386745 
507 149 17 25 0.022349535 
112 484 9 12 0.022267034 
524 237 14 16 0.022255119 
226 398 16 18 0.022254964 
385 179 16 20 0.022250945 
125 108 10 13 0.022248346 
265 102 10 14 0.022237603 
824 322 11 14 0.022181384 
580 130 13 15 0.02216419 
53 266 13 16 0.022161258 
704 114 12 17 0.0221564 
272 261 13 15 0.022151757 
966 261 11 13 0.022144968 
31 170 14 16 0.022143118 
342 326 12 14 0.022114046 
753 103 10 12 0.022106165 
239 116 11 14 0.022076486 
332 82 10 13 0.022075303 
708 249 13 17 0.022068892 
216 112 10 12 0.022051712 
459 369 13 15 0.02204838 
797 205 13 16 0.02204366 
775 96 19 23 0.022043426 
306 110 10 14 0.02200562 
270 140 12 17 0.021994619 
773 439 10 13 0.021961864 
877 53 19 23 0.021930072 
603 95 20 24 0.02192088 
799 96 16 22 0.021920145 
271 126 10 14 0.021919202 
918 301 11 14 0.021906622 
729 159 15 18 0.021897132 
0 311 7 13 0.021891722 
580 250 17 20 0.02187026 
789 483 13 16 0.021869158 
609 356 19 23 0.021839626 
543 81 9 12 0.021830002 
4 201 14 18 0.02182934 
947 140 12 16 0.021813648 
534 186 12 15 0.021811748 
6 153 13 17 0.02180679 
368 79 8 11 0.021783467 
618 236 14 17 0.021726213 
123 250 13 17 0.02171495 
405 325 18 22 0.021688106 
305 263 23 27 0.021681007 
727 453 11 12 0.021672726 
519 82 10 12 0.021652222 
694 319 16 21 0.021637918 
1009 91 19 25 0.021621546 
679 268 14 20 0.0216034 
896 142 10 15 0.02160319 
3 356 12 14 0.021601673 
220 242 12 16 0.021599347 
791 118 11 14 0.02159196 
768 308 13 17 0.021589201 
855 242 13 17 0.021583097 
222 65 10 12 0.02157414 
961 205 10 14 0.021559656 
420 361 11 14 0.021545187 
767 437 10 13 0.021538286 
274 197 20 24 0.02153488 
697 323 23 26 0.021526264 
461 352 12 14 0.02152214 
368 327 21 24 0.021486998 
991 187 12 17 0.021480696 
776 245 10 14 0.021480292 
27 292 13 17 0.021443555 
625 307 12 14 0.02138705 
661 337 17 20 0.02136686 
653 277 15 20 0.021365568 
468 101 10 13 0.021359028 
354 94 20 25 0.021348001 
189 112 9 12 0.0213305 
506 202 19 24 0.021306664 
775 126 10 12 0.021290902 
985 148 10 12 0.021280644 
201 88 10 12 0.021250198 
166 374 20 22 0.02124406 
991 108 10 12 0.021214085 
750 166 11 15 0.021208435 
1000 125 8 10 0.021204434 
877 63 12 15 0.021203516 
188 93 10 12 0.021200161 
161 124 10 11 0.021195306 
351 276 21 24 0.021165557 
294 251 10 15 0.021151965 
133 61 9 12 0.0210565 
93 141 9 12 0.021052524 
658 293 38 47 0.021050485 
500 204 13 16 0.021013103 
232 295 19 24 0.020994525 
1000 414 9 12 0.020986358 
218 382 9 12 0.02097509 
641 282 23 31 0.020964244 
115 74 12 17 0.020952785 
397 202 14 17 0.02095276 
609 444 9 12 0.020922795 
86 77 10 13 0.020921024 
895 79 10 12 0.020913266 
482 199 20 24 0.020893294 
423 275 11 13 0.020874571 
935 149 9 13 0.020869048 
316 166 11 13 0.020868545 
675 318 15 20 0.020864742 
47 388 14 15 0.020758776 
623 397 12 14 0.020722141 
930 259 15 19 0.020710966 
893 258 13 16 0.020689648 
487 102 9 12 0.020650666 
845 132 12 15 0.020645859 
676 93 11 15 0.020644959 
839 164 22 26 0.02063803 
404 308 12 14 0.02060843 
862 229 11 13 0.020586528 
270 157 15 18 0.020556724 
831 195 12 16 0.020543221 
621 170 20 26 0.02050551 
93 96 11 14 0.020477103 
944 274 11 14 0.020464882 
484 147 11 15 0.020442966 
0 121 11 14 0.020440886 
151 312 11 13 0.02043954 
244 267 11 14 0.02042233 
611 295 16 19 0.020412743 
932 316 10 13 0.020395163 
688 94 11 14 0.020370781 
637 436 14 16 0.0203506 
408 423 10 11 0.020339524 
461 95 10 11 0.020325791 
664 248 15 19 0.020322667 
444 140 12 14 0.020317731 
205 199 13 18 0.020316456 
3 249 11 15 0.020310603 
461 57 10 11 0.020275326 
329 174 9 14 0.020273263 
491 340 13 15 0.020248173 
37 263 24 26 0.02023618 
855 89 9 12 0.020235132 
627 375 14 17 0.020234223 
835 137 14 17 0.020234182 
917 157 10 12 0.020233318 
368 380 11 14 0.020227708 
35 331 13 16 0.020201158 
127 124 10 13 0.020180505 
28 243 21 27 0.020164344 
415 276 10 12 0.02014241 
355 335 12 15 0.020128708 
982 295 10 12 0.020114928 
362 161 22 29 0.020090887 
796 478 11 13 0.020080818 
674 161 14 18 0.020050677 
133 174 9 13 0.020048944 
527 251 15 19 0.020044822 
825 262 21 26 0.02004077 
478 110 11 13 0.020024762 
539 198 20 25 0.020019745 
927 299 12 15 0.020013189 
196 212 12 15 0.020002015 
