7_Cheering_Cheering_7_558
185
445 677 151 179 0.99942005 
658 528 162 191 0.99839264 
606 274 15 21 0.21544409 
1 771 16 21 0.17821133 
820 152 15 22 0.15618487 
928 20 30 34 0.15063186 
1011 956 12 19 0.15009174 
646 257 17 23 0.11482988 
100 727 12 14 0.11340069 
998 965 26 44 0.10262596 
350 728 52 74 0.09969112 
677 253 15 21 0.09621176 
580 306 15 18 0.09553895 
54 717 11 12 0.09452903 
811 35 28 34 0.0936056 
514 139 12 14 0.08431991 
788 413 100 123 0.084142126 
360 712 81 118 0.08262785 
120 803 14 18 0.08232922 
53 829 28 37 0.07713826 
206 771 437 504 0.07608013 
588 307 17 19 0.072941095 
812 79 39 52 0.06915568 
274 731 19 19 0.06614853 
43 816 28 35 0.065355435 
857 457 33 39 0.063187495 
74 436 14 15 0.062105887 
3 879 26 35 0.05995758 
416 -9 431 519 0.05995014 
580 309 25 31 0.058438785 
794 29 31 37 0.058185007 
609 303 24 26 0.056770686 
593 304 22 26 0.055930402 
628 392 17 21 0.05564459 
38 719 11 14 0.053768035 
1005 52 16 26 0.05347028 
46 -27 404 473 0.05149045 
604 303 16 21 0.048776433 
56 709 12 15 0.047019843 
344 695 22 30 0.046774 
619 312 18 20 0.045357432 
816 473 64 94 0.045119226 
189 405 9 11 0.043180645 
132 437 10 13 0.040934544 
484 149 13 15 0.04064168 
608 274 24 26 0.040580843 
692 0 32 31 0.038902264 
52 740 12 17 0.038512137 
788 22 26 33 0.037881058 
47 719 10 12 0.03659021 
146 447 9 12 0.03615936 
457 523 57 57 0.036052078 
17 132 25 29 0.03597985 
998 952 25 33 0.035710145 
764 177 26 31 0.03530856 
944 679 23 27 0.035222393 
21 697 15 19 0.035044022 
45 820 16 21 0.034939174 
329 729 26 33 0.03482782 
251 718 41 46 0.03467398 
256 764 57 71 0.0346067 
0 619 25 37 0.033836804 
115 406 11 13 0.033781316 
893 137 22 26 0.033268772 
315 805 14 18 0.03303252 
341 713 27 36 0.03297551 
365 741 13 18 0.032894537 
128 444 10 13 0.032191887 
728 41 32 39 0.03200369 
63 758 11 15 0.031896263 
235 695 17 20 0.03181353 
4 725 14 17 0.03142436 
128 418 12 15 0.031069934 
715 277 27 28 0.03056423 
875 120 15 18 0.030444335 
657 300 17 20 0.030310385 
946 527 31 36 0.030273018 
529 313 16 22 0.029933194 
183 438 10 13 0.029861404 
610 286 18 22 0.029853895 
660 312 13 16 0.029853718 
844 437 51 67 0.029814418 
53 735 12 15 0.029725542 
1009 909 14 22 0.029686013 
601 183 25 29 0.029541299 
-39 252 407 446 0.029485833 
526 148 13 17 0.029441549 
273 735 24 28 0.02884326 
849 462 49 74 0.028525857 
977 1323 51 54 0.02851978 
151 452 10 14 0.028500536 
19 817 23 32 0.028343601 
683 203 12 16 0.02828009 
0 852 13 21 0.028130373 
21 528 449 487 0.028070197 
980 564 24 26 0.028007912 
640 313 17 20 0.02788961 
88 758 11 13 0.027845887 
6 559 12 16 0.027522 
89 348 10 12 0.027474819 
134 799 11 14 0.027184702 
70 787 25 34 0.027096609 
111 799 22 27 0.026903437 
1 436 9 13 0.026833372 
281 738 14 16 0.026545659 
118 520 8 9 0.026339604 
76 813 26 36 0.026299687 
104 1091 174 229 0.026180552 
84 730 14 18 0.026116222 
331 745 16 22 0.026093898 
721 -1 35 31 0.026046721 
335 -63 365 391 0.026009033 
600 273 15 19 0.025980758 
999 955 15 19 0.025880815 
110 504 10 12 0.025822064 
524 299 12 17 0.02570384 
115 787 12 13 0.025491409 
388 710 109 132 0.025245953 
83 725 13 15 0.02517277 
4 737 15 20 0.025169808 
588 373 16 22 0.025102284 
851 141 24 29 0.02492341 
9 810 25 33 0.02481993 
135 518 9 12 0.02473878 
868 452 16 24 0.024732292 
696 206 10 12 0.024660198 
352 693 27 37 0.024659004 
0 776 22 36 0.024616603 
707 304 14 16 0.024550216 
141 470 10 12 0.024386901 
955 883 19 23 0.024298783 
257 739 16 18 0.024288017 
165 425 12 15 0.024115631 
348 724 14 20 0.024058646 
802 76 32 41 0.024010763 
13 706 12 14 0.023685493 
118 421 11 13 0.023561439 
65 845 18 22 0.023520747 
129 733 14 16 0.023475215 
348 731 29 38 0.02331435 
316 741 14 17 0.02324746 
826 40 15 20 0.022897627 
601 267 11 16 0.022685902 
109 423 11 11 0.022543987 
95 725 19 23 0.022466702 
13 729 15 19 0.022355186 
358 738 14 20 0.022306485 
283 747 15 19 0.022207603 
994 519 16 20 0.021932457 
652 305 17 21 0.021891117 
594 368 15 22 0.021822134 
335 738 29 38 0.02181728 
101 812 15 19 0.021662073 
140 461 10 12 0.021583399 
20 591 23 30 0.021544052 
120 446 9 12 0.02129204 
144 400 9 10 0.021286974 
134 791 9 11 0.02126783 
1007 890 14 19 0.02126126 
699 303 15 18 0.02125234 
796 11 15 19 0.02123791 
72 357 10 12 0.021220546 
1004 1155 14 22 0.02118856 
862 462 14 20 0.021106139 
175 846 12 14 0.021058047 
303 693 25 29 0.020919932 
708 201 23 28 0.020802028 
144 406 9 10 0.020797875 
127 782 9 11 0.02079127 
183 432 11 12 0.02072777 
604 118 14 17 0.02070328 
4 799 24 35 0.020594757 
776 185 14 17 0.020542147 
898 100 25 32 0.020430509 
31 373 13 17 0.020376181 
767 51 13 15 0.020248886 
356 55 28 29 0.020222194 
658 283 26 26 0.020200241 
0 101 10 14 0.020188956 
186 400 8 10 0.020169873 
594 285 25 30 0.020163972 
278 765 37 43 0.020157253 
735 114 13 14 0.020035813 
161 713 11 12 0.020026963 
564 362 14 20 0.020011108 
