7_Cheering_Cheering_7_870
27
890 200 54 70 0.9988493 
232 255 34 43 0.9969452 
646 221 50 62 0.9938451 
380 203 38 52 0.99174786 
108 229 36 46 0.98526055 
136 231 27 32 0.24665228 
309 140 16 19 0.11225174 
591 293 29 38 0.0451437 
791 247 10 12 0.038628068 
639 268 12 17 0.033856526 
480 394 12 18 0.031680543 
600 280 10 11 0.031496134 
589 279 9 12 0.030193442 
301 144 17 19 0.029953307 
145 228 18 22 0.028472858 
591 295 12 13 0.025685666 
883 199 28 39 0.025051761 
697 477 64 79 0.024897872 
171 135 14 18 0.02470826 
604 283 10 12 0.024500165 
120 226 35 38 0.024330094 
941 217 18 25 0.023338124 
595 303 18 23 0.022866357 
831 252 12 16 0.02201652 
637 258 26 34 0.021728545 
798 245 9 12 0.020995816 
259 265 16 21 0.020106303 
