7_Cheering_Cheering_7_57
132
33 161 38 51 0.99522203 
431 338 45 56 0.9937092 
0 305 46 56 0.9878576 
129 298 48 53 0.9869984 
553 346 45 51 0.9844774 
669 315 34 40 0.9800862 
797 285 46 52 0.9683527 
331 312 40 47 0.9132152 
746 339 43 50 0.8909798 
351 205 14 17 0.74311477 
602 180 17 22 0.6620528 
885 298 33 51 0.48540565 
105 325 34 41 0.39592347 
677 257 23 31 0.3135085 
953 370 34 53 0.23658729 
1000 337 27 61 0.23274618 
89 159 26 33 0.21616265 
388 224 32 40 0.20978078 
491 337 40 51 0.19946924 
880 122 36 45 0.19860055 
514 251 13 16 0.19309357 
493 711 30 42 0.15164714 
577 241 8 10 0.1179642 
540 227 15 18 0.11241697 
300 238 16 22 0.11236374 
542 221 11 14 0.10791344 
688 204 11 15 0.09840547 
880 210 49 73 0.097854264 
690 198 11 14 0.093068354 
582 239 8 11 0.090117194 
486 236 13 15 0.08708996 
72 83 17 18 0.08634111 
537 708 27 41 0.080593035 
575 244 8 11 0.07868259 
964 382 34 46 0.07729334 
734 151 46 47 0.07684727 
269 213 12 14 0.07212476 
907 107 13 16 0.07151256 
351 201 24 28 0.06938146 
361 203 14 18 0.06937796 
968 744 27 34 0.06785026 
701 249 16 20 0.06718526 
534 231 16 20 0.063926 
227 322 53 58 0.060187597 
583 244 8 11 0.05985159 
492 242 11 14 0.057442926 
611 351 39 53 0.05165761 
470 334 44 57 0.0513692 
326 214 9 12 0.051306363 
277 222 12 15 0.04915278 
981 210 24 28 0.048064798 
326 226 12 16 0.046288446 
382 237 29 35 0.045145866 
302 221 8 10 0.044476938 
700 268 25 30 0.042776484 
510 703 50 71 0.041701883 
269 219 13 15 0.04129232 
149 265 27 32 0.0407549 
688 201 20 27 0.040360015 
275 211 12 16 0.038790673 
539 240 15 17 0.03864928 
567 262 23 28 0.03863054 
569 247 10 11 0.038257275 
886 104 44 52 0.0377815 
690 248 23 31 0.037081495 
737 171 43 47 0.035958223 
723 463 50 48 0.03567763 
357 289 17 19 0.03552255 
791 279 28 38 0.035458524 
209 310 49 59 0.03524674 
332 224 13 16 0.034847964 
546 225 13 17 0.03468237 
504 326 36 48 0.034667492 
588 381 26 33 0.034572624 
606 227 14 20 0.034232266 
628 237 11 16 0.034121934 
507 247 21 27 0.033879828 
117 309 40 48 0.03333028 
68 80 28 34 0.033225536 
709 196 10 13 0.03296637 
305 246 17 22 0.032826256 
906 101 12 16 0.032568913 
402 231 28 43 0.03254524 
337 290 46 59 0.031337056 
666 357 30 39 0.031161232 
107 75 25 35 0.03103747 
535 222 13 16 0.030983252 
617 241 19 29 0.030960301 
479 312 42 55 0.03076498 
692 216 25 34 0.030477008 
486 237 21 28 0.030252818 
740 202 30 40 0.029193724 
521 251 13 15 0.028829722 
936 376 33 47 0.02843473 
705 192 9 11 0.028203862 
380 254 25 33 0.028077912 
399 304 37 50 0.027195122 
684 264 28 36 0.026678659 
655 737 30 31 0.026545655 
339 218 13 16 0.026355615 
902 104 22 27 0.025395693 
737 270 32 37 0.02491778 
757 188 39 38 0.024519162 
277 196 9 11 0.024223978 
587 245 10 15 0.023779323 
567 251 11 13 0.023737669 
297 220 11 13 0.02368881 
115 75 14 19 0.023687597 
538 216 21 24 0.02363227 
984 213 11 17 0.023626113 
401 226 20 24 0.02342784 
704 257 19 22 0.023316562 
715 221 13 16 0.023151703 
247 313 51 57 0.022945106 
698 208 15 18 0.022732437 
134 230 31 32 0.022651374 
1006 336 15 23 0.022571763 
486 701 53 71 0.022508403 
265 208 21 25 0.022194183 
350 281 27 31 0.022131871 
1003 419 15 21 0.021803435 
700 238 24 26 0.02179016 
581 249 13 19 0.021536592 
303 230 11 15 0.02148846 
668 264 25 34 0.02130441 
269 225 16 18 0.020932956 
388 231 19 25 0.020903638 
81 88 15 18 0.020826027 
577 263 17 22 0.02071005 
146 232 17 20 0.020441765 
704 221 25 29 0.020343274 
264 337 37 37 0.020067712 
