7_Cheering_Cheering_7_542
29
255 290 212 301 0.9998853 
553 130 242 333 0.9996061 
136 347 48 74 0.7277662 
4 339 29 41 0.7243861 
102 342 54 72 0.2563382 
873 288 16 21 0.1538534 
991 250 32 48 0.14512849 
83 326 37 51 0.13969848 
419 139 330 435 0.06893474 
57 285 26 31 0.056130476 
954 288 13 17 0.056066446 
915 349 28 35 0.052077446 
0 285 23 39 0.04989026 
909 279 42 54 0.0492285 
58 349 23 31 0.046352863 
1 273 28 35 0.034484405 
271 193 392 484 0.027459968 
7 359 31 39 0.026934464 
900 285 26 34 0.026822224 
86 314 29 39 0.02617424 
0 272 47 58 0.025611807 
919 287 49 61 0.024836082 
154 350 53 79 0.024281751 
61 335 41 55 0.02422809 
272 155 17 20 0.02295487 
50 277 43 54 0.022896321 
928 283 27 36 0.02260369 
673 -11 69 61 0.021475336 
0 290 13 22 0.020649856 
