7_Cheering_Cheering_7_884
20
824 190 60 85 0.9992913 
465 117 87 131 0.9978923 
322 182 71 100 0.9974154 
187 430 35 46 0.9898601 
164 363 27 31 0.93306243 
996 337 22 29 0.8961089 
19 269 49 63 0.04787334 
43 272 50 64 0.043295275 
-1 311 29 47 0.034351274 
19 99 84 102 0.03326103 
15 391 89 127 0.03148407 
553 5 17 23 0.030617807 
988 325 34 51 0.030064264 
23 289 30 38 0.028560579 
137 174 45 51 0.02686402 
993 419 31 54 0.02528948 
883 195 45 60 0.024871374 
2 288 42 64 0.024616819 
195 309 13 14 0.020226404 
386 160 51 75 0.020190435 
