7_Cheering_Cheering_7_687
113
571 80 53 76 0.9985904 
818 211 35 43 0.9979232 
677 378 18 24 0.7938682 
73 493 8 11 0.14851017 
224 462 10 12 0.13553849 
44 445 11 13 0.117864415 
20 479 10 13 0.10886575 
894 445 14 19 0.10055748 
778 310 27 35 0.09573915 
852 186 26 28 0.09245233 
812 442 28 30 0.09037883 
552 88 21 40 0.08161542 
814 455 32 30 0.08156064 
510 93 42 54 0.07996303 
791 469 13 15 0.07496979 
186 522 12 15 0.07417247 
47 489 9 10 0.071519256 
203 474 11 15 0.06991908 
189 464 10 12 0.065419294 
228 437 10 13 0.05959259 
157 456 9 12 0.05769502 
22 504 8 10 0.057417385 
753 446 10 13 0.05484554 
928 520 12 16 0.05444307 
96 425 10 11 0.053269923 
101 462 9 12 0.052081004 
93 487 10 12 0.04880972 
495 75 40 63 0.047270607 
199 428 9 12 0.046368383 
538 90 30 52 0.04588754 
56 463 9 11 0.044165503 
133 453 9 12 0.044094604 
83 469 10 13 0.043539573 
64 504 9 11 0.042137712 
78 428 9 10 0.041863553 
61 430 8 11 0.04137358 
153 459 10 13 0.04005117 
216 414 9 11 0.039883118 
31 463 8 10 0.039670166 
31 494 9 12 0.039362054 
31 470 10 11 0.03832175 
77 487 9 12 0.037488326 
703 333 22 31 0.037187014 
53 518 10 13 0.037105873 
80 477 10 11 0.035925902 
132 272 10 12 0.035204682 
776 327 17 23 0.03360601 
16 504 10 12 0.03307128 
711 498 13 16 0.032496225 
89 487 10 13 0.03217115 
23 509 10 12 0.0321435 
136 475 12 15 0.03180722 
70 445 9 11 0.030598052 
6 480 9 11 0.03037453 
295 453 9 10 0.029428413 
41 440 9 11 0.029372884 
487 64 29 51 0.02918974 
298 492 9 11 0.028999154 
93 310 13 17 0.027794838 
30 455 9 10 0.02767944 
39 476 8 10 0.027289689 
24 454 9 11 0.027283777 
630 232 40 47 0.027167367 
718 356 13 19 0.026765782 
88 414 9 10 0.026537186 
25 462 9 10 0.025714206 
124 502 10 12 0.025647609 
986 504 26 32 0.025075458 
152 487 10 13 0.025041599 
117 472 9 12 0.024787761 
85 464 8 10 0.024716854 
62 438 9 11 0.024606666 
8 446 9 11 0.0245507 
239 526 9 11 0.024489328 
220 414 10 11 0.024404569 
0 485 8 12 0.024333276 
103 501 11 15 0.024187827 
214 430 9 12 0.024095064 
81 465 8 9 0.024068099 
6 495 8 12 0.02402563 
191 487 11 13 0.024002297 
205 447 11 14 0.023814922 
818 467 19 21 0.023606401 
6 485 9 12 0.023578702 
537 477 31 33 0.02327581 
317 455 9 11 0.023229048 
63 456 8 11 0.022875555 
200 451 11 13 0.022424553 
756 449 15 20 0.022364078 
87 503 9 11 0.022271708 
31 447 9 10 0.021896608 
182 510 9 10 0.021860272 
996 514 13 16 0.021833068 
661 501 16 21 0.02176934 
752 365 26 31 0.021634098 
529 38 19 22 0.021615302 
112 471 10 12 0.021469759 
56 438 9 11 0.02143697 
220 301 10 13 0.021408858 
142 485 10 12 0.02137695 
168 437 9 11 0.021130841 
730 110 12 14 0.020858768 
55 469 9 12 0.020598698 
144 503 10 12 0.020566557 
1 461 8 12 0.020503066 
178 510 8 12 0.02040567 
23 449 9 9 0.020379376 
0 493 9 14 0.020335687 
61 461 9 11 0.020240672 
232 416 9 11 0.020234792 
190 424 9 11 0.02011291 
30 475 10 12 0.020109648 
230 433 10 11 0.02010465 
