7_Cheering_Cheering_7_427
53
471 86 62 74 0.9991825 
123 77 64 82 0.99850285 
830 75 70 83 0.99657106 
412 501 11 13 0.15685359 
430 502 9 12 0.07953339 
751 494 11 14 0.07859822 
918 521 12 16 0.06874396 
757 496 10 13 0.06179101 
378 478 13 15 0.059548557 
435 486 11 13 0.05869437 
438 519 12 15 0.057072658 
417 485 10 12 0.056688216 
936 534 9 12 0.052738898 
433 491 10 13 0.04969935 
422 502 10 13 0.047971494 
393 462 9 11 0.047033977 
389 493 11 14 0.040684547 
432 520 11 13 0.039884966 
850 487 8 10 0.037310634 
408 505 11 15 0.036475185 
261 154 15 20 0.035566926 
394 468 9 12 0.035090093 
789 495 9 11 0.034490574 
444 467 10 12 0.033279203 
620 501 11 12 0.032734714 
766 477 9 12 0.031976387 
824 462 8 11 0.031280424 
390 487 12 14 0.030065296 
407 471 10 12 0.02996725 
463 455 42 58 0.029679572 
486 431 10 12 0.029200548 
888 493 9 10 0.02889929 
855 493 9 11 0.028520387 
913 486 8 9 0.028243221 
959 500 9 13 0.026972672 
424 520 9 12 0.025416482 
431 429 9 12 0.025249474 
435 390 9 12 0.024947062 
399 471 9 11 0.024749303 
802 503 9 11 0.02399249 
415 407 9 11 0.023468679 
864 503 7 10 0.023057902 
871 486 8 11 0.022592487 
918 486 8 9 0.022305308 
413 413 10 11 0.022015413 
853 487 9 12 0.02190575 
877 503 9 11 0.02188436 
257 175 17 23 0.021701377 
45 756 12 11 0.021056013 
413 462 9 10 0.020853514 
444 408 9 12 0.020735981 
407 491 20 26 0.020467388 
449 392 8 10 0.02043404 
