7_Cheering_Cheering_7_391
175
710 175 15 21 0.9590662 
310 329 15 21 0.91197413 
217 349 22 32 0.7820786 
105 471 67 78 0.74346024 
194 440 57 75 0.6241721 
479 339 14 20 0.5801946 
305 365 17 24 0.54792786 
663 272 12 16 0.49976963 
404 315 13 17 0.38902447 
356 368 14 19 0.32669583 
307 114 40 51 0.29571056 
368 306 11 16 0.27040288 
510 324 19 29 0.26624376 
737 373 29 36 0.23086002 
761 254 10 14 0.22169092 
111 402 33 35 0.22038701 
916 374 102 103 0.21989886 
540 337 15 21 0.18329531 
365 359 14 23 0.18152602 
112 266 25 35 0.16266333 
485 330 13 22 0.15887676 
727 151 8 10 0.14988688 
648 167 10 12 0.14875266 
411 323 15 18 0.14013264 
2 414 28 46 0.13151997 
95 401 49 62 0.124629 
332 656 68 102 0.113268495 
173 456 64 72 0.10322324 
585 381 16 20 0.10256794 
422 315 10 14 0.099838234 
504 386 30 42 0.091373846 
496 316 21 32 0.08660938 
371 354 15 22 0.08638224 
629 250 11 15 0.085790865 
88 270 28 40 0.08295086 
901 363 86 76 0.08280419 
133 462 80 83 0.07953999 
931 421 62 92 0.07745864 
734 359 23 39 0.07416943 
702 292 11 18 0.07097216 
638 270 10 13 0.07048683 
657 269 11 14 0.06510913 
77 405 43 61 0.06355148 
645 294 13 17 0.06310396 
205 353 28 31 0.061421912 
811 279 22 34 0.060863096 
629 286 13 17 0.05964627 
515 331 26 29 0.05632595 
351 329 13 16 0.055955734 
410 316 13 16 0.055351377 
402 318 21 28 0.054470986 
484 318 21 31 0.0540614 
742 382 35 36 0.05253272 
234 439 57 63 0.052201997 
692 304 15 20 0.052008025 
654 274 13 17 0.051222757 
758 253 20 26 0.05064572 
734 371 14 22 0.05040941 
62 359 40 61 0.04982521 
564 285 10 13 0.04882958 
758 295 10 13 0.048689533 
384 326 9 11 0.04664555 
462 316 11 14 0.046463616 
650 281 14 16 0.045929793 
90 274 42 56 0.04578787 
719 258 11 14 0.043746866 
726 258 12 15 0.040161204 
677 249 24 28 0.039968435 
313 368 15 23 0.039665334 
707 286 21 31 0.03877249 
624 284 11 15 0.038058374 
501 263 15 19 0.037948683 
630 276 12 15 0.037134055 
693 292 21 29 0.037080377 
721 156 9 12 0.037069395 
517 204 9 11 0.035325903 
717 288 16 24 0.035150103 
673 207 8 10 0.035119873 
458 413 57 67 0.034851763 
322 370 16 23 0.034489315 
637 291 14 19 0.034464985 
758 301 12 15 0.03405577 
437 322 11 15 0.03335584 
430 315 11 15 0.032799512 
118 405 16 20 0.032782007 
485 308 10 14 0.032083318 
365 348 16 22 0.03154735 
478 309 9 14 0.03129594 
412 311 12 14 0.031187112 
502 328 21 30 0.031183032 
73 381 39 54 0.031056872 
307 338 16 24 0.031004975 
530 329 25 31 0.030797644 
389 333 9 13 0.030499123 
127 326 12 16 0.030482303 
534 340 28 32 0.03002011 
165 471 104 104 0.029928582 
819 289 12 17 0.029537993 
383 331 10 14 0.029472267 
697 229 10 14 0.029331524 
434 370 19 21 0.029293122 
418 322 12 16 0.02854406 
549 391 42 49 0.028368596 
444 259 13 14 0.028159281 
197 401 46 60 0.027958443 
484 178 27 33 0.02791472 
477 350 23 29 0.02767736 
559 279 10 12 0.027360851 
456 314 12 15 0.027229011 
470 314 23 31 0.026980657 
734 177 12 16 0.026844192 
739 177 14 18 0.026817257 
471 308 12 16 0.026811564 
472 345 16 17 0.026305411 
512 202 11 14 0.026261488 
189 347 13 18 0.026178284 
19 279 84 114 0.026060753 
501 251 15 19 0.025890402 
647 278 12 15 0.025837058 
656 263 10 14 0.02489801 
724 397 14 16 0.024745425 
96 373 46 62 0.024349326 
255 366 11 15 0.02416691 
121 273 15 22 0.024066132 
469 317 40 48 0.023957355 
821 299 11 15 0.023933368 
401 311 12 16 0.023926245 
130 331 12 15 0.023918474 
546 331 14 23 0.023814125 
703 285 11 17 0.023791067 
754 301 23 27 0.02367967 
446 360 11 14 0.023653898 
335 615 114 164 0.023446716 
439 559 48 56 0.023415029 
685 288 16 19 0.023326188 
893 349 62 65 0.023043046 
481 283 10 13 0.02284837 
723 151 9 12 0.022847306 
340 366 23 27 0.022830885 
359 346 14 20 0.022830103 
277 438 13 14 0.022704935 
677 305 38 45 0.022645418 
340 368 40 45 0.022437058 
948 396 76 144 0.022207633 
436 331 11 16 0.021995902 
308 352 23 36 0.021889225 
574 377 24 32 0.021878146 
53 324 51 77 0.021833047 
444 315 12 16 0.021726571 
632 270 21 25 0.02171594 
820 349 17 23 0.021714542 
431 321 12 17 0.02161493 
777 -5 58 68 0.021611977 
814 308 14 17 0.021576308 
484 394 47 54 0.021542063 
63 280 87 108 0.02150378 
437 310 9 13 0.021454634 
85 431 56 82 0.021270279 
730 385 34 42 0.02110677 
709 283 13 20 0.021058835 
204 348 17 23 0.020990564 
159 630 132 121 0.020948974 
995 376 27 37 0.020891344 
687 306 13 20 0.020857872 
377 359 16 20 0.020854887 
478 303 24 34 0.02073588 
483 266 13 18 0.02067716 
115 284 17 23 0.020559775 
973 381 16 18 0.020440437 
485 307 38 49 0.020324755 
625 244 19 25 0.020300755 
10 413 43 56 0.020256754 
75 285 53 70 0.020137386 
388 325 10 14 0.020046076 
520 339 30 33 0.02000036 
