23_Shoppers_Shoppers_23_243
145
47 394 13 16 0.8901861 
102 405 14 17 0.70042086 
289 469 9 12 0.22357476 
705 435 14 17 0.2197372 
2 479 8 11 0.12869425 
570 421 24 31 0.11549881 
17 478 9 11 0.08914338 
184 439 8 11 0.0736534 
592 445 8 9 0.07361495 
209 439 7 9 0.072930574 
590 437 9 12 0.070918076 
590 427 10 16 0.06777144 
501 440 8 10 0.065408185 
35 447 12 13 0.06445667 
15 496 10 12 0.062848344 
479 501 8 10 0.0603969 
229 432 8 10 0.059504714 
222 449 11 15 0.058197815 
453 497 8 10 0.0581452 
801 483 11 13 0.056275204 
12 573 10 13 0.05358196 
387 518 14 17 0.05267414 
718 435 12 14 0.052601922 
580 419 14 20 0.05062969 
615 493 10 13 0.050621103 
463 439 12 14 0.046439257 
656 476 10 13 0.04635768 
448 500 9 12 0.0461202 
79 363 14 17 0.045687143 
63 421 11 14 0.04550618 
382 494 25 29 0.04530913 
214 440 8 10 0.044544775 
376 423 8 9 0.043534353 
129 431 8 10 0.04289356 
247 464 8 11 0.04275271 
609 455 9 11 0.04240582 
498 444 9 12 0.041109465 
216 446 10 12 0.038765863 
321 542 12 15 0.038755015 
15 534 11 12 0.03841769 
751 436 22 30 0.036819775 
485 453 9 11 0.03650356 
611 477 11 15 0.035887543 
612 459 10 14 0.034985412 
73 487 9 12 0.034804404 
689 394 205 268 0.034618616 
47 535 10 13 0.033552755 
467 444 10 12 0.03353131 
591 420 11 17 0.033433106 
599 452 9 11 0.033123385 
159 439 10 12 0.03310322 
190 476 11 12 0.033018284 
457 463 8 10 0.032562982 
14 469 9 12 0.031954248 
496 495 8 11 0.031491008 
188 438 8 10 0.031243883 
614 483 11 13 0.031238228 
662 486 9 11 0.031120876 
648 470 8 10 0.030821348 
430 472 8 9 0.030784938 
447 479 7 10 0.030166 
473 496 9 11 0.029393086 
612 469 11 14 0.029327063 
521 534 10 13 0.028769841 
5 523 12 13 0.028655427 
49 399 15 19 0.028401867 
64 476 9 11 0.028369594 
4 483 10 12 0.028120494 
464 515 9 12 0.027788756 
581 432 13 17 0.027677225 
541 446 12 13 0.027403578 
49 481 8 10 0.02738209 
230 447 12 16 0.02707924 
486 496 9 11 0.02684838 
7 461 10 13 0.026451146 
710 432 21 25 0.026370715 
96 422 10 12 0.026268551 
0 550 8 12 0.026198564 
5 436 11 15 0.026097212 
1 444 9 14 0.025992187 
594 425 12 17 0.025989665 
817 503 7 9 0.02596036 
463 472 7 9 0.025927223 
50 485 8 11 0.02580056 
400 471 10 12 0.025675563 
742 442 11 18 0.025423126 
580 424 23 31 0.025372233 
112 456 9 12 0.025193842 
597 447 8 9 0.025066314 
495 462 8 10 0.024988266 
474 501 8 10 0.024935015 
31 545 9 11 0.024927804 
121 446 9 11 0.024835682 
423 479 8 11 0.024524104 
354 447 8 9 0.024482058 
9 567 9 13 0.024354165 
357 430 8 10 0.024323829 
19 500 9 12 0.0243161 
140 445 11 13 0.024292763 
100 446 9 10 0.02427317 
201 439 8 9 0.024235573 
510 429 9 12 0.024220157 
743 462 11 14 0.024089785 
38 422 10 13 0.0240768 
689 502 8 10 0.024021268 
96 446 9 11 0.0239928 
21 512 9 11 0.023898093 
158 432 8 10 0.023881683 
457 455 8 11 0.023667948 
374 334 12 14 0.023551907 
96 409 12 16 0.023466876 
497 476 9 11 0.023441853 
321 399 9 11 0.023397075 
224 436 10 12 0.023152225 
457 444 8 12 0.023012508 
37 486 9 10 0.022670778 
661 472 8 10 0.022586713 
521 519 9 11 0.02258432 
595 436 10 13 0.022421679 
1 453 8 14 0.022414906 
447 484 8 11 0.022390183 
725 436 12 16 0.022309443 
581 454 10 11 0.022250222 
446 471 7 9 0.022180082 
441 503 9 12 0.021952098 
36 440 11 13 0.021929268 
55 418 13 17 0.021827914 
548 445 10 12 0.021649413 
484 446 10 13 0.021558562 
479 465 8 9 0.021552699 
64 471 9 11 0.02143439 
662 502 9 11 0.02132755 
7 467 10 13 0.021265201 
698 521 8 10 0.02121815 
722 433 20 26 0.021065073 
54 478 10 12 0.020946072 
620 494 10 11 0.020938527 
426 464 7 9 0.020927101 
1 459 9 13 0.02086805 
760 502 9 9 0.02075799 
47 495 8 11 0.02030488 
352 461 10 13 0.020278435 
353 455 8 10 0.020267306 
380 510 24 29 0.020265978 
336 449 7 9 0.020025807 
