23_Shoppers_Shoppers_23_514
38
516 25 17 21 0.47902805 
703 6 89 101 0.11731342 
759 290 33 39 0.0979419 
269 151 62 82 0.06548102 
272 10 46 53 0.06260919 
244 125 108 135 0.05540678 
943 532 40 45 0.053844593 
496 0 10 11 0.05035293 
266 0 19 18 0.04840664 
598 186 115 151 0.045466274 
705 313 18 20 0.045160517 
212 494 106 133 0.043822985 
629 86 51 70 0.04192815 
264 1 28 32 0.038842656 
230 366 113 121 0.03855589 
654 80 35 55 0.038102455 
640 147 150 227 0.03524962 
763 279 46 69 0.0345037 
523 12 12 13 0.03373573 
654 31 51 71 0.033609264 
529 115 101 113 0.033309463 
200 43 209 271 0.03166229 
340 191 16 20 0.030716477 
419 21 16 19 0.027182747 
249 512 16 19 0.026876608 
747 395 25 30 0.026049746 
442 268 26 31 0.025696153 
588 83 54 71 0.025563244 
525 7 11 12 0.024951894 
252 -1 84 92 0.024333993 
434 270 15 21 0.023718968 
205 519 34 41 0.022906793 
533 0 11 10 0.022070745 
334 269 10 12 0.022031669 
293 29 27 33 0.021995015 
446 274 15 19 0.020265572 
331 116 15 18 0.020240976 
422 1 13 14 0.020100038 
