23_Shoppers_Shoppers_23_91
43
635 119 47 53 0.99782455 
365 228 30 49 0.9952943 
312 265 22 35 0.9809187 
195 203 23 36 0.55863756 
378 115 44 61 0.18507963 
205 282 15 19 0.18442392 
117 267 14 17 0.13895828 
252 294 12 14 0.08601502 
169 300 25 28 0.079122804 
110 267 12 16 0.07613017 
262 285 9 11 0.07436438 
307 245 14 19 0.06866009 
298 242 26 34 0.06386689 
974 235 23 33 0.0587681 
246 319 12 15 0.057767626 
254 379 13 16 0.051223557 
229 312 16 21 0.04755103 
103 269 12 15 0.04024439 
255 288 10 12 0.03784031 
373 215 26 43 0.03557285 
752 237 11 13 0.03553836 
300 239 14 17 0.035358153 
296 243 14 18 0.03395165 
966 238 36 49 0.02881007 
34 320 7 11 0.026606329 
141 236 12 14 0.026510619 
300 249 37 47 0.02627098 
21 364 8 10 0.02593176 
134 267 12 15 0.025680287 
321 269 15 23 0.025670659 
248 298 12 15 0.025363583 
204 228 22 30 0.024296554 
5 257 15 22 0.024041623 
407 325 12 15 0.023426576 
281 347 16 17 0.022854572 
280 368 9 11 0.022388132 
270 281 12 17 0.02207099 
18 359 9 11 0.021569917 
9 230 9 13 0.021316914 
315 258 16 28 0.02118575 
52 308 9 13 0.020766465 
324 272 21 30 0.020680394 
201 306 22 26 0.02026052 
