23_Shoppers_Shoppers_23_364
72
587 182 98 117 0.9995621 
278 213 72 95 0.99757594 
457 232 53 64 0.9963392 
200 310 18 21 0.18624862 
175 363 12 14 0.11947711 
14 251 11 14 0.09907692 
149 358 10 13 0.086168766 
1003 159 20 31 0.08123086 
165 389 13 14 0.07817401 
998 88 22 41 0.06515805 
166 396 14 18 0.057741676 
757 146 13 18 0.051521152 
65 293 10 11 0.04828151 
369 292 13 18 0.047879245 
66 261 8 11 0.043933712 
175 370 14 18 0.042919867 
161 387 10 13 0.04207785 
10 272 9 12 0.039813116 
742 80 12 17 0.03848708 
134 368 9 11 0.038295586 
173 376 13 16 0.03822476 
179 358 13 15 0.037954714 
145 364 9 12 0.03641419 
393 317 25 34 0.035977807 
170 357 10 13 0.035155244 
40 318 9 12 0.035044055 
167 362 12 15 0.034075815 
756 140 24 30 0.033384547 
159 402 12 16 0.033023994 
1 532 54 109 0.032033842 
48 243 8 11 0.031598583 
162 385 21 27 0.030595753 
85 383 27 30 0.029906435 
40 278 9 12 0.029579505 
117 208 13 16 0.028816836 
84 479 10 13 0.028696157 
95 212 14 15 0.027992688 
785 140 15 19 0.027510874 
117 187 11 14 0.026950598 
201 311 30 30 0.026766986 
768 141 27 27 0.026542626 
96 352 10 12 0.026155325 
14 258 10 12 0.026007907 
797 150 15 17 0.02587427 
92 274 16 20 0.025456771 
1000 164 15 21 0.025168909 
193 269 9 13 0.025097253 
10 252 11 14 0.02487976 
198 317 15 20 0.024569413 
651 47 431 466 0.024412846 
2 129 15 20 0.024283225 
719 248 13 18 0.024039868 
80 141 25 32 0.023930004 
128 414 9 12 0.023416772 
174 352 10 12 0.02328727 
127 372 11 13 0.023114512 
733 166 9 12 0.022825086 
751 116 13 17 0.022614518 
61 358 19 21 0.022597665 
111 368 10 14 0.022458581 
54 285 9 12 0.022376904 
100 356 9 11 0.022078643 
979 77 46 68 0.021952057 
81 208 8 12 0.021729963 
103 189 11 13 0.021614106 
59 182 10 12 0.021456813 
810 203 29 32 0.021281019 
167 374 12 13 0.021200983 
558 420 104 107 0.020543613 
944 214 9 11 0.020469205 
42 479 104 153 0.020424506 
514 232 22 30 0.020149307 
