23_Shoppers_Shoppers_23_607
351
238 297 181 240 0.99969125 
170 1219 12 15 0.46857232 
175 1433 12 15 0.38857388 
189 1225 13 16 0.36045158 
89 1455 9 12 0.2879609 
212 1417 10 12 0.26183218 
477 1482 12 16 0.24994002 
884 450 66 47 0.22892465 
148 1238 11 13 0.218596 
116 1268 10 13 0.19863424 
206 1199 8 11 0.19819088 
206 1382 9 10 0.17624381 
229 1411 9 12 0.16642925 
713 639 405 426 0.16465911 
609 995 446 580 0.15346839 
317 1206 9 12 0.15134335 
129 1236 9 12 0.13198638 
175 1284 10 13 0.12954663 
348 1290 11 15 0.12723456 
373 940 10 12 0.1171633 
102 1309 10 13 0.11650147 
368 1305 12 15 0.11399029 
453 916 11 14 0.113454826 
445 1276 10 13 0.10893945 
370 920 9 11 0.10472042 
232 1342 10 11 0.103120044 
151 1269 9 12 0.09946686 
391 926 9 11 0.09825599 
136 1219 10 13 0.09593893 
96 1309 10 13 0.09061606 
516 1286 13 16 0.087020405 
173 1200 9 11 0.0826909 
330 1177 13 17 0.08226071 
536 1341 12 15 0.08047369 
453 1270 10 12 0.079218216 
503 1333 10 13 0.07816233 
215 1193 9 11 0.07640715 
271 1269 10 13 0.074580126 
421 948 8 11 0.07448408 
543 1292 13 16 0.0712927 
143 1200 9 10 0.07081883 
129 1415 9 11 0.068268485 
160 1226 10 13 0.06761353 
277 1268 11 14 0.0675918 
113 1262 11 13 0.06669889 
119 1220 9 12 0.06662331 
112 1254 9 11 0.066472106 
847 646 47 58 0.06446494 
467 1333 12 14 0.064303815 
191 1415 10 12 0.06358511 
103 1454 10 12 0.06278368 
169 1206 9 11 0.06258594 
133 1415 8 11 0.06254908 
225 1408 10 12 0.062006067 
418 1253 9 12 0.061142158 
472 935 9 11 0.060587827 
103 1230 10 13 0.05682576 
199 1453 11 13 0.055314675 
134 1238 9 12 0.054044504 
448 1271 10 13 0.052035775 
88 1415 9 11 0.051759113 
304 1228 8 11 0.05174126 
168 1199 9 11 0.05116199 
246 1303 9 12 0.050836187 
352 1204 10 12 0.05047134 
377 1277 9 12 0.049961433 
144 1496 8 11 0.049842212 
175 1413 10 11 0.049567476 
135 1299 11 14 0.04953615 
392 920 9 10 0.049389213 
254 1422 7 11 0.04854637 
417 943 9 12 0.048291564 
489 924 9 11 0.04818628 
432 1309 9 12 0.04774028 
225 1357 8 11 0.046589322 
262 1277 10 12 0.046220213 
309 1222 10 13 0.046045072 
72 1427 8 12 0.045884904 
173 1423 11 13 0.04584948 
253 1368 8 10 0.045003768 
134 1320 10 13 0.04469981 
236 1279 10 12 0.044133186 
199 1443 11 14 0.044078022 
106 1412 12 14 0.043379106 
398 918 7 10 0.043310247 
349 909 10 11 0.043274846 
387 926 8 11 0.04312626 
89 1421 8 10 0.042874333 
238 1205 9 12 0.042521026 
449 917 9 12 0.042223778 
174 1363 11 13 0.041988812 
240 1302 9 12 0.041952252 
385 1228 8 11 0.04156264 
326 1290 11 15 0.041198183 
112 1248 9 11 0.041176375 
358 1203 9 12 0.041147783 
229 1302 11 14 0.04107392 
175 1316 9 11 0.040842503 
116 1255 9 12 0.040769238 
208 1192 9 12 0.040269017 
193 1406 9 10 0.040030155 
266 1429 8 11 0.039309565 
352 1199 8 11 0.039055012 
95 1511 11 13 0.038809914 
198 1406 9 11 0.038779635 
336 1245 9 12 0.038703408 
301 1482 10 13 0.03867322 
108 1407 10 13 0.038659744 
266 1271 9 11 0.038644373 
142 1302 8 11 0.038291477 
424 1471 8 12 0.037988156 
136 1430 9 12 0.0379345 
483 1482 11 14 0.03751984 
222 1245 9 12 0.037499744 
159 1445 9 12 0.037469372 
124 1389 12 13 0.03737703 
214 1397 10 12 0.037219692 
132 1230 10 12 0.03671065 
262 1238 9 12 0.036614377 
441 918 8 11 0.03660229 
184 1182 8 11 0.036573444 
327 1230 8 10 0.036504723 
192 1373 8 11 0.036411114 
329 1224 8 10 0.035701632 
93 1269 9 13 0.035582688 
117 1247 8 10 0.03529796 
424 912 7 9 0.03512086 
249 1367 8 10 0.035097037 
231 1286 10 11 0.03496071 
109 1231 10 13 0.03452299 
156 1469 10 14 0.03451998 
127 1205 8 10 0.033620317 
174 1239 9 11 0.033386126 
128 1256 9 11 0.033107996 
333 1223 8 11 0.032976735 
104 1293 8 11 0.032858163 
548 1270 11 15 0.032770768 
143 1308 8 11 0.03276949 
175 1271 11 13 0.03260611 
384 1453 9 12 0.032529518 
489 1317 10 12 0.032373372 
424 1316 10 12 0.032174308 
370 935 9 12 0.032031264 
141 1216 9 11 0.031999834 
497 1333 10 12 0.031905644 
159 1191 8 10 0.031680997 
170 1286 9 11 0.031562854 
88 1448 10 13 0.03140232 
103 1251 10 12 0.03135496 
172 1243 11 13 0.03132825 
201 1253 9 13 0.031298295 
245 1485 10 11 0.031174075 
94 1429 11 15 0.03102952 
401 1431 9 12 0.031007737 
416 1331 11 14 0.030982614 
429 1470 10 11 0.030916302 
221 1192 9 11 0.030781288 
176 1454 10 11 0.030769449 
230 1262 9 12 0.030678403 
149 1198 8 11 0.030551432 
432 1368 9 12 0.03044688 
71 1447 8 11 0.030231051 
377 1428 9 12 0.030213818 
150 1232 9 12 0.03002859 
184 1504 9 11 0.029837113 
255 1261 8 11 0.029469464 
480 1454 10 12 0.029249525 
256 1302 9 12 0.02920586 
238 1438 10 12 0.029165165 
118 1199 8 10 0.029157067 
183 1221 11 15 0.029144287 
94 1263 8 11 0.029142143 
143 150 11 14 0.029017527 
128 1324 9 12 0.028922262 
456 1289 10 12 0.028452013 
190 1190 10 13 0.028373512 
206 1253 10 15 0.0283093 
150 1262 11 14 0.02821916 
224 1287 9 11 0.028161678 
351 1225 8 11 0.028095014 
544 1519 10 12 0.027792454 
165 1443 10 13 0.027666451 
200 1432 8 11 0.027637158 
127 1200 8 10 0.027465908 
127 1404 10 12 0.027315784 
111 1399 8 11 0.027296891 
224 1300 12 15 0.02726246 
190 1341 9 11 0.02724558 
221 1213 9 11 0.027240423 
208 1398 9 12 0.027232863 
134 1287 10 13 0.027193319 
98 1224 7 10 0.027055645 
320 1231 9 10 0.02701031 
190 1233 11 14 0.026802825 
509 1340 10 12 0.02672431 
470 1511 10 12 0.026672725 
143 1500 8 10 0.02658676 
269 1430 10 12 0.026572552 
277 1306 10 13 0.026359221 
191 1197 8 11 0.026309958 
93 1413 11 13 0.026270078 
111 1219 9 11 0.026220202 
183 1396 9 12 0.02617935 
473 1480 12 14 0.026149606 
447 924 9 12 0.026042344 
199 1375 9 11 0.025978643 
380 1373 9 11 0.025930468 
383 910 8 10 0.025893908 
232 1346 11 13 0.025863029 
215 1430 9 10 0.025739267 
119 1228 9 11 0.025717074 
182 1360 9 12 0.02570137 
257 1222 9 11 0.025681054 
196 1222 10 13 0.025645424 
168 1364 10 13 0.025564268 
430 919 7 9 0.02551405 
311 1284 8 11 0.025483567 
124 1396 12 14 0.025473388 
98 1228 9 12 0.025428405 
352 1360 8 10 0.025339166 
136 1342 9 11 0.025271893 
507 1333 11 15 0.025225272 
310 1279 8 11 0.025172407 
238 1199 9 12 0.025081532 
225 1293 10 12 0.025036376 
258 1245 8 12 0.025035435 
295 1213 9 10 0.025020055 
430 1315 9 13 0.024914745 
406 912 7 9 0.024871156 
276 1286 10 13 0.024857467 
233 1432 8 10 0.02482745 
437 1307 10 12 0.024801701 
301 1335 9 11 0.024788285 
149 1255 11 13 0.024695002 
262 1245 9 11 0.02467276 
234 1199 8 11 0.024546683 
237 1237 12 14 0.024469158 
262 1221 9 12 0.02444365 
420 1351 9 10 0.024346268 
233 1436 10 12 0.02426834 
103 1418 14 18 0.024259986 
135 1421 9 11 0.024134088 
246 1479 10 12 0.024034377 
439 1283 10 13 0.024024636 
305 1414 8 11 0.02393935 
239 1212 8 10 0.023867728 
367 1296 10 12 0.023767836 
184 1340 10 13 0.02374662 
126 1214 9 12 0.023734618 
408 1411 10 12 0.023712268 
224 1262 10 12 0.023705965 
296 1221 9 12 0.023571678 
103 1221 9 13 0.023563119 
191 1279 9 12 0.023561185 
298 1228 8 11 0.023423413 
154 1446 9 10 0.023413729 
272 1324 8 11 0.023370255 
297 1335 9 11 0.023368295 
166 1224 11 14 0.02333776 
191 1245 9 11 0.023334533 
119 1302 8 11 0.02333255 
238 1255 9 11 0.023328476 
249 1414 9 12 0.023314288 
305 1223 9 13 0.02330864 
190 1333 10 12 0.02327017 
137 1199 8 10 0.023208106 
261 1301 9 12 0.023127014 
169 1316 9 11 0.023106717 
303 1274 9 13 0.02306788 
206 1386 10 13 0.02306642 
145 1232 9 11 0.023032805 
420 1328 10 12 0.02298523 
105 1215 9 11 0.02294659 
352 1341 10 13 0.022934472 
151 1183 7 9 0.022903016 
198 1333 9 11 0.022883978 
264 1253 9 11 0.022796413 
133 1487 7 10 0.022719802 
465 1325 10 13 0.022702292 
168 1435 11 16 0.022692714 
232 1214 9 11 0.022654347 
208 1219 9 13 0.022645574 
144 1261 9 13 0.022636801 
87 1370 10 12 0.022606324 
112 1274 10 12 0.022584885 
273 1319 9 11 0.022538595 
103 1479 8 10 0.022510858 
414 936 7 9 0.022497412 
114 1197 8 11 0.022387141 
360 1277 10 12 0.022368278 
272 1263 10 13 0.022360178 
375 1269 10 14 0.022276837 
340 1245 9 11 0.022238702 
190 1399 10 13 0.022226688 
193 1349 9 12 0.022192458 
360 1254 10 12 0.02217766 
152 1191 8 9 0.0221769 
153 1274 9 12 0.022153152 
185 1333 10 13 0.022133406 
128 1183 7 9 0.022029541 
135 1435 10 13 0.021950906 
383 934 8 10 0.021909066 
190 1215 9 11 0.021880431 
177 1183 8 10 0.021817021 
88 1311 9 13 0.021799156 
249 1461 9 11 0.021739693 
73 1491 10 12 0.021672672 
97 1304 9 12 0.021659466 
466 934 9 11 0.021655707 
183 1316 10 12 0.021628032 
110 1236 10 12 0.021492833 
527 1519 10 11 0.021448832 
547 1295 13 17 0.02130712 
449 912 8 11 0.02118347 
409 1455 8 10 0.021180483 
449 1263 8 10 0.021086432 
206 1405 8 11 0.021071697 
216 1437 10 12 0.021064743 
596 1446 15 19 0.02106315 
108 1455 9 11 0.0210123 
169 1421 9 11 0.021010013 
142 1179 10 13 0.020983819 
489 1277 9 12 0.020948017 
144 1240 11 14 0.02091552 
239 1335 9 11 0.020877715 
135 1308 10 12 0.020867042 
77 1422 9 13 0.020837028 
159 1438 11 15 0.020796759 
471 918 9 10 0.020727182 
314 1201 8 10 0.02064612 
320 1438 9 12 0.020643676 
414 1405 11 14 0.020588692 
453 1265 10 11 0.020542841 
112 1336 10 12 0.020525254 
297 1272 9 12 0.020462414 
196 1413 9 12 0.02039853 
157 1464 10 12 0.02037876 
198 1191 11 13 0.020357737 
254 1372 8 10 0.020352902 
240 1326 9 10 0.020339513 
101 1517 10 12 0.020286169 
472 912 8 10 0.02024688 
92 1457 11 13 0.02024398 
401 913 7 10 0.020237694 
336 912 7 9 0.02017058 
185 1177 7 9 0.020088686 
126 1221 10 12 0.020081723 
120 1183 7 10 0.020062085 
256 1428 7 10 0.02004703 
431 1339 10 13 0.020033361 
400 1309 9 12 0.020027919 
