23_Shoppers_Shoppers_23_22
69
417 289 37 48 0.9976526 
615 256 49 70 0.9689418 
343 288 39 48 0.9598635 
238 242 35 60 0.92959434 
330 248 40 62 0.7105052 
25 109 29 51 0.428673 
998 0 24 29 0.26453117 
976 49 32 35 0.2483354 
197 259 37 50 0.23000635 
720 250 27 46 0.22885638 
71 103 28 49 0.18782933 
625 53 8 10 0.1038384 
756 205 12 16 0.078783214 
746 93 12 14 0.077733055 
135 0 37 34 0.06953388 
48 109 46 59 0.06746427 
734 210 13 15 0.066953905 
713 261 25 45 0.062326442 
531 319 14 18 0.060229752 
811 283 14 19 0.059009764 
654 63 11 14 0.048005562 
840 245 27 33 0.048000947 
218 250 44 59 0.046246488 
852 321 22 29 0.04535834 
14 60 12 18 0.04384193 
251 248 42 65 0.04364592 
764 205 16 18 0.042965554 
753 210 11 15 0.041882202 
728 214 10 13 0.041805808 
635 75 14 16 0.038465325 
687 140 12 16 0.03711498 
792 280 43 56 0.037101403 
692 84 11 14 0.03697959 
0 280 11 16 0.0369488 
739 203 13 17 0.035153124 
733 116 11 15 0.0326193 
803 278 24 33 0.03232442 
659 90 13 16 0.031846955 
752 107 14 17 0.030605648 
729 254 35 58 0.02961243 
71 112 43 63 0.028834831 
713 199 8 10 0.028131012 
719 214 9 12 0.027816737 
692 110 27 32 0.026618404 
776 263 47 65 0.026377602 
36 46 13 15 0.024924582 
766 193 15 19 0.024886781 
20 67 11 16 0.023702871 
691 220 12 14 0.02357375 
730 200 21 26 0.023484835 
378 308 27 36 0.023470717 
821 319 49 63 0.023422599 
613 62 9 12 0.023401095 
988 -8 38 51 0.02329555 
664 76 10 13 0.023132568 
10 299 14 19 0.022944508 
634 262 57 73 0.022909537 
700 230 12 15 0.022873549 
584 264 85 89 0.02281623 
607 325 39 38 0.02270603 
704 245 30 47 0.022664066 
710 227 51 72 0.022278821 
689 214 11 12 0.021554748 
671 128 14 16 0.021546334 
536 315 24 29 0.021280536 
613 70 8 12 0.020900968 
840 342 11 14 0.020572351 
543 256 11 14 0.020296197 
747 196 13 17 0.020176824 
