23_Shoppers_Shoppers_23_571
59
878 353 103 144 0.99759406 
353 485 19 24 0.65001357 
277 568 24 32 0.20629238 
743 571 12 16 0.10885912 
74 611 9 12 0.10678552 
852 557 17 18 0.105358094 
1011 549 13 20 0.09373336 
284 565 16 22 0.08908023 
1003 525 14 18 0.07117551 
54 636 13 19 0.06712549 
792 540 14 17 0.06539806 
946 530 25 32 0.06400053 
587 597 10 14 0.05471255 
573 603 10 12 0.053932652 
811 532 12 14 0.045937866 
684 611 11 14 0.041888997 
729 534 8 10 0.038543556 
899 535 26 32 0.036307506 
110 621 10 12 0.034593422 
617 552 8 10 0.034543827 
630 705 11 14 0.03414564 
617 598 8 12 0.02849435 
652 478 11 16 0.02826511 
854 541 13 15 0.028142698 
263 662 12 16 0.027960373 
451 421 33 38 0.02781946 
736 569 13 16 0.027797943 
1004 539 16 19 0.027785394 
699 699 14 20 0.027622672 
259 557 13 15 0.027040685 
254 514 12 16 0.0266861 
645 601 8 10 0.02638942 
38 599 8 11 0.025939299 
194 638 51 75 0.02514926 
678 450 43 68 0.024872208 
91 626 17 19 0.024585802 
55 621 10 12 0.024385534 
960 593 12 15 0.0243172 
644 472 14 20 0.024059454 
908 594 14 17 0.023957841 
641 600 8 10 0.023949074 
636 462 20 29 0.023904262 
574 560 8 10 0.023828454 
858 549 12 16 0.023021657 
734 534 8 10 0.022998933 
462 625 11 11 0.022931581 
269 578 15 18 0.022764342 
688 550 9 10 0.022569217 
538 674 13 15 0.022419667 
201 621 28 37 0.022139866 
131 647 13 18 0.021703007 
125 590 10 12 0.021551676 
422 520 12 18 0.021518102 
163 628 12 16 0.021369865 
702 608 8 11 0.02094233 
134 612 46 54 0.020621518 
847 539 13 16 0.02026798 
56 605 10 12 0.020201446 
735 549 10 12 0.020058973 
