23_Shoppers_Shoppers_23_511
452
501 316 12 16 0.8126153 
56 301 10 13 0.79306215 
70 362 16 21 0.56414247 
479 322 12 14 0.54263896 
788 638 13 16 0.5363369 
843 324 16 20 0.44605777 
245 162 12 15 0.3996338 
749 573 9 12 0.3580159 
530 14 9 11 0.3326192 
706 603 15 22 0.31383055 
728 194 13 18 0.31157207 
323 209 12 15 0.30825862 
12 220 13 17 0.29876724 
459 550 22 29 0.27313578 
484 24 11 13 0.24522725 
343 216 11 14 0.24395329 
450 302 8 10 0.23972341 
384 251 9 12 0.22542286 
894 342 10 14 0.21860114 
830 239 9 12 0.21291158 
160 93 11 13 0.21148492 
647 303 12 14 0.20537868 
748 275 11 14 0.20104317 
418 284 8 10 0.19597913 
742 215 9 13 0.19477324 
852 619 13 17 0.19093959 
828 259 13 16 0.18713161 
739 321 13 16 0.18160228 
243 121 12 17 0.17615661 
617 360 10 12 0.1587401 
219 582 14 17 0.15367125 
52 322 12 14 0.14136007 
588 332 12 17 0.1353994 
16 294 8 10 0.13285933 
65 283 10 13 0.12909684 
698 341 10 13 0.12677811 
483 319 12 15 0.1256376 
127 92 13 17 0.12349079 
293 140 13 19 0.12236985 
101 60 13 17 0.12086975 
100 580 29 37 0.11290562 
652 307 9 12 0.1118339 
837 254 11 14 0.10730727 
129 356 14 18 0.10692219 
853 561 8 10 0.105122425 
6 303 9 12 0.10359578 
22 294 9 12 0.10340955 
560 33 9 10 0.09922057 
606 341 9 12 0.09813127 
137 48 9 11 0.0979891 
315 202 22 28 0.097252764 
718 335 10 14 0.097167045 
1 293 9 12 0.096826196 
166 582 13 16 0.09378842 
478 52 13 17 0.089881204 
164 54 10 13 0.08932763 
806 189 9 12 0.08892359 
75 317 12 15 0.08878687 
337 215 22 33 0.08799455 
93 67 12 16 0.08362075 
591 68 10 12 0.08286354 
671 367 9 12 0.080787756 
743 612 10 12 0.080072366 
144 345 14 17 0.07987667 
236 195 11 14 0.078979835 
334 211 53 74 0.07702807 
111 377 16 19 0.07634321 
718 636 15 19 0.075191654 
250 497 106 121 0.07440081 
49 40 9 11 0.073895656 
749 629 9 12 0.073785916 
235 101 10 11 0.07375725 
126 122 10 12 0.07315685 
787 631 13 15 0.072792694 
171 625 13 15 0.072383136 
903 325 9 13 0.071852505 
52 58 16 21 0.07173202 
260 430 46 64 0.07165613 
83 91 11 15 0.070981674 
842 229 10 13 0.070703045 
6 294 9 11 0.0703814 
714 339 10 12 0.069929324 
701 397 12 14 0.0695224 
152 361 29 40 0.06923606 
800 271 9 11 0.068981834 
23 350 12 13 0.06840482 
551 374 10 12 0.06586515 
129 524 22 30 0.06578223 
477 9 8 10 0.06508224 
159 60 10 12 0.06429086 
640 301 10 13 0.063289694 
912 329 11 15 0.06224373 
845 225 9 10 0.061231032 
859 639 12 15 0.06047118 
779 42 13 17 0.06044544 
312 199 54 74 0.059840605 
847 624 14 18 0.059730966 
559 324 12 14 0.05931276 
51 52 15 18 0.058626346 
747 310 14 17 0.05753238 
833 276 12 16 0.057237 
40 350 11 13 0.057016354 
23 299 10 13 0.056243625 
69 298 12 16 0.056195818 
872 341 9 12 0.05590162 
740 268 22 27 0.055703007 
282 482 29 42 0.05556444 
586 326 9 13 0.05522717 
130 521 14 19 0.054374572 
140 530 16 21 0.05422088 
737 220 11 13 0.053964965 
39 316 10 14 0.05383723 
823 256 13 15 0.053151924 
52 379 15 19 0.052525353 
171 636 16 19 0.052193124 
630 332 9 12 0.052151367 
809 260 9 12 0.05154335 
183 22 13 15 0.050403856 
748 576 12 15 0.04964764 
784 220 10 12 0.049279127 
213 29 9 11 0.049071312 
247 38 11 13 0.048953984 
232 96 10 13 0.048747588 
126 86 11 15 0.048508875 
802 188 8 12 0.048345447 
150 346 49 63 0.04759011 
42 431 20 21 0.047413375 
715 608 15 21 0.04720129 
821 23 10 11 0.047173813 
59 303 13 16 0.04691648 
133 58 14 15 0.046883535 
816 572 10 13 0.046716973 
536 36 8 11 0.046694703 
858 617 13 18 0.046485096 
46 590 11 15 0.04635766 
94 338 15 19 0.04626592 
164 99 10 13 0.045791555 
824 264 12 15 0.045261826 
270 457 51 75 0.044008683 
114 308 13 16 0.043766163 
41 51 22 27 0.04339255 
845 234 10 13 0.043391187 
76 50 11 15 0.043086987 
700 334 10 14 0.04304519 
96 37 9 11 0.042966038 
520 55 9 12 0.04287921 
545 333 11 14 0.042757977 
582 425 10 12 0.04241028 
228 31 10 13 0.042350266 
794 637 13 17 0.042337503 
138 450 29 38 0.0423123 
778 636 11 15 0.04161578 
745 569 10 13 0.041413244 
798 16 9 11 0.041250747 
696 318 9 12 0.041072976 
350 516 12 15 0.040750023 
98 33 7 10 0.040539462 
7 332 11 16 0.040294692 
719 269 11 16 0.040060084 
200 119 9 13 0.03987557 
101 37 8 10 0.03961447 
849 561 12 16 0.03954069 
478 13 9 12 0.039389268 
59 64 15 20 0.039319713 
861 611 11 16 0.03930417 
405 466 17 21 0.039176192 
251 521 65 77 0.038810324 
526 56 11 14 0.03879021 
8 328 10 12 0.038731404 
55 48 21 26 0.038550697 
284 186 16 20 0.038387205 
119 84 10 15 0.038191114 
197 547 13 16 0.037971985 
478 329 12 13 0.037767116 
123 527 16 23 0.037714522 
161 47 10 13 0.037572376 
63 325 9 12 0.03756696 
542 37 9 11 0.037533306 
220 531 110 120 0.0375221 
52 43 12 16 0.037375033 
121 550 60 68 0.037280634 
36 611 13 16 0.037226833 
444 533 41 57 0.036350768 
296 23 9 10 0.03628749 
237 591 62 64 0.0361165 
7 288 9 12 0.03603967 
236 108 11 14 0.035877198 
589 45 10 12 0.03558683 
265 414 37 52 0.035027012 
803 637 13 16 0.03487036 
95 60 14 19 0.034780156 
180 638 15 17 0.03458128 
572 366 10 11 0.034483448 
557 277 14 16 0.034426782 
853 606 13 15 0.03430786 
563 331 16 18 0.034109 
61 369 15 19 0.034050666 
860 625 13 16 0.03395945 
758 284 9 11 0.033900756 
2 299 10 14 0.0339005 
489 47 21 28 0.03389523 
22 288 8 11 0.03381581 
111 77 9 12 0.033792358 
663 300 11 14 0.033541508 
848 605 10 13 0.03327058 
109 68 9 13 0.033214115 
120 334 10 12 0.03308282 
838 39 11 15 0.03279691 
484 51 13 17 0.03261433 
774 261 9 11 0.032315046 
115 556 14 16 0.03220259 
770 299 16 20 0.032156266 
7 314 11 15 0.031933155 
359 237 11 15 0.031780973 
739 316 22 26 0.031737074 
45 348 10 14 0.031711902 
522 59 9 12 0.031492226 
550 325 10 13 0.031468116 
559 330 13 16 0.031320415 
132 548 16 21 0.03124893 
724 333 10 13 0.031217195 
454 296 10 15 0.031097295 
248 355 12 16 0.030940242 
4 238 14 19 0.030802958 
101 33 8 9 0.030715462 
847 60 10 12 0.030661287 
734 229 10 13 0.030433184 
494 47 11 14 0.030248886 
464 336 8 12 0.030216586 
47 318 11 15 0.030000115 
13 593 44 54 0.029949173 
576 40 9 11 0.029825551 
331 89 13 17 0.029707726 
598 338 12 15 0.029587086 
96 556 60 66 0.029459395 
19 636 15 17 0.029439475 
281 23 8 9 0.029430486 
838 248 11 13 0.02941774 
325 21 8 11 0.029306818 
825 245 10 12 0.029301837 
799 576 10 13 0.029166596 
111 525 52 66 0.029053876 
804 269 10 13 0.028917668 
15 299 9 13 0.028916748 
831 343 10 12 0.028677352 
861 348 10 12 0.028607331 
667 298 13 15 0.028590603 
127 80 10 13 0.028577229 
166 557 27 30 0.028544562 
70 322 11 14 0.028487245 
119 80 8 12 0.028284611 
167 620 23 26 0.028274849 
599 47 8 11 0.028262716 
204 588 12 14 0.028075544 
541 357 11 14 0.0279966 
750 362 12 14 0.027966116 
86 316 11 15 0.027932573 
67 279 10 13 0.027886359 
606 54 9 12 0.0278698 
742 207 10 13 0.027839728 
464 23 10 13 0.027812598 
558 317 13 15 0.027745519 
87 311 10 13 0.027593995 
448 550 25 32 0.027499108 
830 251 20 24 0.027456408 
792 20 11 13 0.0273675 
566 47 11 14 0.027308779 
788 6 10 12 0.02728546 
848 586 10 13 0.02728299 
108 54 10 14 0.027195012 
138 52 12 14 0.027193641 
228 225 25 29 0.027186599 
131 87 11 13 0.027050484 
687 342 9 11 0.026987987 
625 333 9 11 0.026833918 
94 299 10 12 0.02667451 
164 87 10 13 0.026669888 
273 32 8 11 0.02666651 
90 41 8 10 0.026533818 
930 247 29 39 0.026492245 
815 224 8 9 0.0261587 
324 28 11 14 0.026081558 
614 413 12 14 0.02606526 
212 550 12 14 0.026061604 
724 610 11 15 0.025976341 
792 301 10 13 0.02597535 
145 502 10 13 0.025948493 
278 31 9 11 0.025850104 
703 374 8 11 0.025828602 
753 9 8 10 0.025681563 
152 69 9 13 0.025606224 
736 610 12 16 0.02557371 
789 221 8 11 0.025542395 
697 422 11 14 0.025529105 
550 390 10 12 0.025482194 
83 491 102 130 0.02546179 
894 334 13 17 0.025419341 
92 315 10 14 0.025375959 
792 29 9 12 0.025373604 
64 237 98 123 0.025310006 
241 38 11 15 0.025247434 
742 634 13 15 0.025238272 
549 60 11 14 0.025194133 
585 44 10 13 0.025114417 
148 374 25 34 0.025099244 
576 254 11 13 0.025096273 
14 468 13 18 0.025087822 
353 232 49 66 0.025041388 
117 304 10 13 0.02502441 
632 351 10 12 0.024983032 
791 14 10 13 0.024945507 
35 37 38 46 0.024862126 
135 462 23 34 0.024777653 
46 382 24 26 0.02473366 
133 67 13 14 0.024716096 
500 638 15 15 0.024623875 
156 68 11 13 0.024564449 
77 311 12 15 0.024514155 
296 29 10 12 0.024446348 
638 353 9 11 0.024415525 
203 123 11 15 0.024294447 
292 174 10 14 0.02426318 
102 333 12 17 0.024256272 
12 602 13 18 0.024250494 
645 317 10 12 0.024234433 
888 345 10 13 0.02422152 
157 519 52 63 0.02409001 
835 267 14 18 0.024019403 
544 403 12 16 0.024006404 
109 522 25 32 0.023977086 
128 352 10 13 0.02396874 
801 185 8 10 0.02396316 
165 572 24 27 0.023931965 
822 285 11 14 0.023871575 
707 397 12 15 0.023817584 
741 282 13 15 0.023757173 
243 127 15 20 0.023736494 
484 69 11 15 0.02372486 
447 305 11 14 0.023641821 
269 386 45 66 0.02359919 
271 363 23 39 0.023590995 
827 265 15 19 0.023576204 
841 318 12 17 0.023508472 
156 563 15 21 0.023496572 
153 556 50 63 0.023481982 
33 316 10 13 0.02343655 
568 339 15 16 0.02342897 
704 600 12 16 0.02335363 
784 624 10 12 0.023341555 
816 229 9 10 0.023216015 
93 51 13 17 0.023210619 
744 303 10 13 0.023209115 
529 31 9 12 0.023208585 
189 533 27 35 0.023206284 
767 276 10 13 0.023142174 
776 632 22 26 0.023021216 
152 62 10 12 0.023009785 
35 59 16 21 0.022936665 
876 341 12 15 0.022803431 
135 348 22 27 0.022638904 
518 46 9 11 0.022612257 
726 324 13 16 0.022600364 
600 62 9 12 0.022588369 
823 580 9 13 0.022505015 
829 275 20 26 0.022478197 
297 142 16 23 0.02247039 
286 143 16 20 0.022391215 
700 325 10 13 0.022296874 
574 46 10 12 0.022286057 
263 366 41 60 0.022281416 
546 339 12 14 0.022269806 
361 76 10 13 0.02221724 
69 308 12 16 0.022106793 
815 259 10 14 0.022099666 
733 30 9 10 0.022093695 
736 252 46 56 0.022090264 
601 292 10 12 0.022083355 
206 474 172 201 0.022082541 
573 79 8 10 0.022067076 
138 518 26 32 0.022065248 
862 342 11 14 0.022056 
475 320 19 21 0.022048634 
808 610 10 13 0.022039447 
558 80 8 9 0.021980235 
63 366 23 28 0.021919735 
530 59 12 14 0.021915203 
312 55 8 10 0.021912223 
16 620 27 32 0.021902317 
480 19 18 22 0.02184036 
275 172 28 34 0.02179354 
57 542 28 32 0.021755833 
686 336 9 12 0.021748014 
318 67 10 13 0.021730198 
142 105 46 58 0.02167853 
27 299 11 14 0.021610573 
743 620 12 16 0.021593219 
517 308 10 12 0.021548074 
586 68 10 13 0.02149606 
614 312 9 12 0.0214932 
614 406 11 14 0.02148149 
733 632 15 18 0.021453405 
770 212 11 14 0.021450449 
806 43 9 12 0.0214323 
755 630 10 13 0.02142599 
496 267 95 116 0.02138466 
800 253 9 11 0.02137549 
70 46 14 18 0.021349974 
287 29 9 11 0.021341713 
343 488 50 71 0.021248268 
657 24 7 9 0.021237895 
124 537 23 31 0.021196842 
551 36 10 13 0.02118794 
768 204 11 13 0.021120992 
266 548 15 18 0.021120816 
735 39 9 12 0.021095755 
478 309 12 15 0.02105974 
707 196 13 16 0.021008482 
475 50 22 27 0.020992706 
707 611 17 25 0.02098158 
269 485 62 81 0.020961177 
232 347 16 20 0.02091625 
36 52 14 17 0.020875102 
219 589 16 19 0.020828221 
568 71 9 11 0.020819971 
140 60 11 13 0.020800482 
581 211 14 17 0.020752603 
152 100 10 13 0.02075165 
269 79 9 11 0.020745473 
223 22 10 13 0.020741433 
271 446 96 138 0.020724894 
680 341 8 11 0.02065923 
560 44 12 14 0.020635 
473 12 10 13 0.020602444 
689 349 9 11 0.020574544 
146 352 15 18 0.020556876 
153 561 27 36 0.020542372 
728 237 11 13 0.020480618 
469 21 11 14 0.02039989 
0 455 24 41 0.020393698 
485 17 10 12 0.02032824 
839 235 11 14 0.020312825 
382 255 11 17 0.020282911 
189 589 14 17 0.020262659 
577 193 8 9 0.020222308 
110 550 24 27 0.020159679 
123 514 22 32 0.02011548 
738 194 12 15 0.02011271 
472 318 13 15 0.020107968 
286 24 8 9 0.020102847 
209 24 10 12 0.020052046 
125 260 11 14 0.020044459 
749 633 12 15 0.020011947 
