23_Shoppers_Shoppers_23_599
83
145 28 39 78 0.85602516 
658 50 35 51 0.77669543 
607 530 25 32 0.66361755 
572 431 20 26 0.40036905 
961 171 18 23 0.35032287 
803 467 22 27 0.3277585 
790 219 25 32 0.27161366 
497 406 25 29 0.18099098 
670 48 39 44 0.16868615 
93 45 54 72 0.16412424 
482 413 12 15 0.16099402 
644 428 14 18 0.11597709 
263 54 11 13 0.09999275 
607 423 23 30 0.09665353 
312 55 9 11 0.082337104 
220 29 14 20 0.08005805 
264 49 9 12 0.071623884 
546 412 13 17 0.07153999 
117 35 53 79 0.07098505 
538 210 28 29 0.060724176 
532 421 16 18 0.05956426 
388 88 11 13 0.057048433 
570 542 25 30 0.05599838 
588 471 18 20 0.055759687 
685 425 16 18 0.055429034 
359 244 11 14 0.054516487 
673 105 53 82 0.05087905 
548 406 10 13 0.050545145 
604 412 13 15 0.048706513 
662 50 55 76 0.046513062 
172 100 31 44 0.042582076 
579 404 11 13 0.04171797 
480 408 12 14 0.037523538 
467 524 12 14 0.03514833 
650 429 13 16 0.03482536 
995 237 25 37 0.034417506 
259 52 21 25 0.03271323 
578 589 18 20 0.03187524 
785 370 16 20 0.03155508 
507 451 22 26 0.030591607 
493 410 18 20 0.030308075 
699 526 12 16 0.030059438 
786 358 13 15 0.029856369 
701 458 14 18 0.029453533 
-2 137 35 62 0.029156715 
836 498 23 29 0.028455168 
455 405 24 28 0.028380571 
638 551 14 17 0.028341152 
571 217 52 58 0.028319074 
310 72 8 11 0.027364697 
600 404 12 14 0.026985666 
271 77 10 13 0.026449759 
268 47 10 12 0.026245283 
464 411 14 17 0.024842374 
695 531 11 13 0.024371782 
874 500 18 20 0.023977228 
156 57 43 71 0.023764592 
572 422 16 18 0.023019344 
343 53 11 13 0.022994773 
536 410 20 24 0.022863489 
615 399 10 12 0.022557786 
505 237 27 33 0.022542814 
615 510 12 13 0.022452537 
320 78 8 9 0.022197545 
613 515 13 15 0.022163996 
203 36 10 14 0.022039015 
403 186 15 19 0.021775411 
88 6 30 44 0.021551622 
931 247 86 131 0.021384573 
611 412 14 15 0.02133489 
700 436 12 16 0.021271238 
258 238 17 20 0.021010902 
345 11 12 15 0.020990651 
352 243 13 17 0.020963384 
437 408 13 18 0.020939866 
501 535 15 18 0.020908881 
500 421 17 20 0.020839062 
468 420 12 17 0.020818088 
410 93 9 12 0.02066644 
607 525 12 16 0.020554796 
653 468 15 18 0.020455027 
250 211 30 35 0.020433662 
515 411 14 18 0.020232894 
