23_Shoppers_Shoppers_23_43
125
356 231 63 80 0.9989843 
166 231 57 72 0.99894387 
158 392 66 87 0.9959357 
941 122 27 31 0.995622 
572 146 45 58 0.9955107 
64 147 39 50 0.98981595 
925 199 48 68 0.97473484 
72 212 38 62 0.9130899 
790 133 38 50 0.88992816 
862 148 37 47 0.79371315 
605 124 31 42 0.78031313 
24 146 24 32 0.75881326 
723 341 41 46 0.6254312 
960 86 30 38 0.49409503 
969 108 28 41 0.37646276 
441 327 41 54 0.37567317 
376 139 32 42 0.33932492 
746 223 23 32 0.27914488 
679 227 22 29 0.23283114 
230 151 29 39 0.19402434 
832 398 23 33 0.17064656 
100 158 25 37 0.15266208 
355 353 44 47 0.11669215 
687 236 21 30 0.109109595 
824 195 59 56 0.10705389 
547 131 27 38 0.103415936 
455 104 32 41 0.10228535 
189 501 44 56 0.09621281 
751 334 48 51 0.095611766 
212 148 25 39 0.09448103 
793 35 10 12 0.08901411 
340 133 26 36 0.08419851 
449 94 25 38 0.07727054 
883 149 25 35 0.07170681 
823 382 52 62 0.06625619 
841 162 60 62 0.06564824 
890 139 23 30 0.065526366 
956 120 26 32 0.065333866 
672 104 17 20 0.063498355 
741 177 13 18 0.061080426 
796 31 11 14 0.060770135 
944 88 30 36 0.056963567 
959 301 51 71 0.05665631 
311 216 50 62 0.050360363 
984 119 16 23 0.04596056 
816 135 48 53 0.045835067 
234 148 18 24 0.04579179 
489 334 31 41 0.045358267 
975 93 18 24 0.045353737 
469 113 31 35 0.04413033 
245 451 48 54 0.043559678 
54 141 29 38 0.04318368 
808 370 79 110 0.040917214 
322 162 15 20 0.04039199 
168 130 22 33 0.03920112 
773 102 11 14 0.037858088 
281 270 44 59 0.037626605 
35 143 26 34 0.037234373 
696 244 23 30 0.036048423 
742 214 39 52 0.033946063 
772 14 9 12 0.033216175 
438 390 34 56 0.03269477 
701 94 26 28 0.032603018 
200 156 39 49 0.032548603 
703 350 50 59 0.032482844 
1003 65 15 20 0.032228358 
942 250 81 115 0.03221224 
166 127 16 24 0.032085527 
162 145 38 52 0.031826288 
252 152 30 32 0.031585943 
682 251 21 29 0.030900033 
309 149 22 28 0.030665262 
256 202 59 72 0.0305358 
442 91 22 31 0.030301755 
736 251 22 31 0.030264577 
305 147 18 22 0.02923682 
856 139 32 42 0.029145973 
73 160 43 59 0.029062744 
2 473 50 92 0.028998094 
44 218 56 77 0.02863001 
551 133 14 19 0.028375648 
520 130 27 30 0.028179562 
427 337 38 50 0.027901504 
923 92 24 31 0.027652988 
906 137 18 22 0.027604848 
615 121 20 25 0.027547492 
265 153 19 21 0.027538827 
531 125 37 49 0.027302135 
345 134 45 54 0.026771903 
984 113 28 35 0.026596136 
549 118 30 37 0.026532939 
851 377 37 35 0.026465628 
739 168 22 30 0.02605939 
530 136 15 19 0.025954375 
584 121 49 60 0.025104972 
682 353 50 60 0.025084304 
258 235 57 75 0.024835236 
695 362 28 37 0.024749896 
171 139 26 37 0.023907762 
43 148 44 56 0.023780871 
105 155 17 24 0.023747817 
653 104 16 17 0.02357276 
17 156 34 42 0.023457391 
517 471 28 46 0.023176707 
831 215 37 38 0.023159517 
324 432 38 35 0.022631126 
465 328 40 53 0.022564057 
-2 186 37 60 0.022184178 
81 146 31 41 0.021711092 
180 165 34 42 0.021602523 
301 141 15 18 0.021564214 
560 117 47 57 0.021060655 
951 218 55 73 0.02087978 
117 276 45 60 0.020832727 
332 128 25 35 0.020804567 
253 170 56 66 0.020667154 
228 128 25 33 0.020654963 
549 100 25 33 0.020567283 
704 272 41 47 0.0205596 
789 124 28 40 0.020502837 
446 62 25 30 0.020453691 
278 220 56 71 0.020279365 
3 97 28 37 0.020076549 
112 161 18 24 0.020047117 
756 0 11 13 0.020028597 
