23_Shoppers_Shoppers_23_880
38
190 99 76 155 0.96946454 
736 200 99 124 0.9403956 
693 721 83 63 0.23654847 
225 168 259 217 0.2140876 
387 542 541 379 0.20437258 
-88 306 498 459 0.14592043 
404 182 44 56 0.13390863 
233 112 84 139 0.13188379 
473 863 583 503 0.10193194 
266 140 110 147 0.075719915 
155 446 493 405 0.071499065 
159 92 389 368 0.06197413 
44 460 242 232 0.055139855 
285 203 140 108 0.051615283 
-51 485 400 517 0.043871824 
341 223 82 63 0.041649308 
557 640 82 61 0.040435 
389 144 53 85 0.038154203 
412 165 15 22 0.033476986 
381 195 59 57 0.031452324 
390 220 66 58 0.030389981 
433 208 18 23 0.030358875 
634 471 410 433 0.029338876 
683 712 135 113 0.028758978 
416 101 30 32 0.027618095 
214 46 21 28 0.027457995 
595 648 47 37 0.027439116 
432 196 30 36 0.027024256 
346 74 103 149 0.026991313 
314 618 138 117 0.026685419 
409 120 56 69 0.025817024 
423 115 32 39 0.0258037 
542 636 255 191 0.02312917 
205 50 13 19 0.02182125 
556 641 48 40 0.02180468 
49 491 177 120 0.021561565 
206 74 71 104 0.020867104 
572 644 135 106 0.020585977 
