23_Shoppers_Shoppers_23_60
60
145 508 22 33 0.9631594 
393 584 15 22 0.84207803 
270 547 17 24 0.77271473 
519 588 10 11 0.3995423 
100 518 23 26 0.35975102 
205 552 14 19 0.28376132 
651 596 10 14 0.20063893 
470 588 11 15 0.19697666 
122 802 19 22 0.19629358 
559 576 11 13 0.16696194 
476 588 11 16 0.1501176 
576 571 13 16 0.13678956 
0 667 18 45 0.11143201 
464 588 11 15 0.10671371 
227 548 15 20 0.102436945 
517 591 14 16 0.07322919 
107 510 17 20 0.06819007 
494 588 9 13 0.06701248 
563 578 12 15 0.06661439 
167 626 24 35 0.06336048 
218 551 20 27 0.06033247 
629 581 12 16 0.058460366 
670 598 9 11 0.05457275 
502 584 10 12 0.05429049 
512 588 10 13 0.054248102 
555 585 15 17 0.049297754 
695 607 8 10 0.042583257 
553 579 12 15 0.040575784 
383 584 17 21 0.038423605 
581 575 11 16 0.037266586 
522 583 10 13 0.03630027 
262 551 18 22 0.035075366 
202 608 17 22 0.035072237 
656 614 7 10 0.03359066 
485 586 13 17 0.031838413 
640 598 10 13 0.031715967 
470 658 14 16 0.031327095 
198 609 30 40 0.03028594 
690 608 9 11 0.029696614 
648 601 10 13 0.029583152 
150 503 14 19 0.02934576 
488 736 9 11 0.02751849 
208 551 23 30 0.026666274 
135 511 18 23 0.026660284 
666 606 7 10 0.026171042 
623 585 14 16 0.025524365 
645 589 18 25 0.02507926 
456 588 11 16 0.024642933 
741 608 8 11 0.022778317 
519 533 9 14 0.02172954 
462 584 19 25 0.021464515 
718 616 8 9 0.021381296 
513 611 9 13 0.021234171 
203 623 16 22 0.021023652 
590 580 15 18 0.020995444 
56 772 9 11 0.020779384 
545 572 9 12 0.020386487 
87 677 11 16 0.020306535 
516 579 19 23 0.020074118 
586 526 16 19 0.020026313 
