23_Shoppers_Shoppers_23_25
48
451 61 41 66 0.9935592 
268 161 26 33 0.70507175 
365 113 13 18 0.45544493 
906 37 34 43 0.42536172 
887 78 19 28 0.17245394 
618 94 15 19 0.1403534 
370 111 13 17 0.1295996 
271 130 11 14 0.11928086 
897 18 34 38 0.10114865 
-1 485 47 80 0.09585033 
935 92 12 16 0.07306688 
318 344 13 17 0.07269668 
221 162 354 478 0.06864344 
823 103 22 28 0.050982367 
4 485 16 21 0.048416 
230 257 58 70 0.046021175 
259 158 46 49 0.044225533 
909 44 43 59 0.039610714 
339 96 16 19 0.038438264 
720 122 224 311 0.03571346 
274 126 14 16 0.035637498 
233 462 80 124 0.034965627 
933 135 12 15 0.03462569 
78 446 10 13 0.033493366 
1 485 24 38 0.032539826 
293 273 215 302 0.031688545 
267 128 21 25 0.031684052 
934 276 11 13 0.030573737 
922 47 17 23 0.028158396 
438 92 29 45 0.027974179 
262 170 17 21 0.027500007 
13 355 14 18 0.027371252 
905 62 28 37 0.026984237 
359 118 15 19 0.026771277 
895 82 18 22 0.025967725 
265 127 12 14 0.02463384 
755 110 155 183 0.02456161 
5 364 14 17 0.024016334 
891 91 17 22 0.023780184 
323 485 10 12 0.023562776 
661 88 12 15 0.021592805 
-10 449 85 122 0.021512704 
268 138 29 38 0.021502808 
792 182 123 153 0.02085279 
250 166 30 33 0.020747203 
938 94 14 20 0.020539248 
356 167 29 30 0.020535603 
947 532 42 39 0.020032287 
