23_Shoppers_Shoppers_23_10
101
468 333 27 34 0.99937266 
638 298 28 33 0.99246395 
276 312 35 43 0.9874248 
64 384 36 52 0.9836038 
348 491 14 19 0.39444008 
998 332 19 26 0.38964438 
758 324 21 28 0.31118762 
785 321 21 28 0.26539934 
567 313 31 42 0.22357273 
891 327 14 17 0.20535216 
938 37 10 12 0.14531064 
767 324 22 28 0.1302367 
610 111 9 12 0.12653609 
624 115 10 12 0.12016618 
542 80 8 10 0.116072565 
737 106 29 38 0.11584661 
849 313 21 25 0.11346054 
5 168 52 77 0.109864295 
28 586 47 85 0.10025774 
535 299 21 28 0.09797862 
692 22 8 11 0.07712874 
112 344 9 11 0.075977705 
633 470 29 41 0.07428752 
596 93 9 13 0.073532 
217 386 16 19 0.07307585 
520 70 9 12 0.062447548 
36 413 26 33 0.06145027 
676 298 26 30 0.06017781 
-2 385 24 48 0.05766834 
428 478 12 15 0.057315197 
44 411 15 17 0.056418505 
816 40 9 12 0.056115046 
717 78 8 11 0.053734735 
614 114 9 12 0.05314681 
778 325 18 23 0.052045327 
841 42 7 9 0.049935784 
843 311 17 23 0.046708502 
919 70 9 11 0.045890506 
377 455 28 32 0.045388125 
838 306 14 21 0.044880863 
299 543 23 31 0.04469576 
551 80 8 10 0.042261705 
641 107 9 12 0.041982085 
676 6 9 11 0.04047964 
584 86 7 10 0.03960622 
554 87 7 9 0.039295368 
686 293 25 29 0.039088078 
645 103 9 12 0.037751593 
512 79 8 12 0.037352305 
537 79 9 10 0.037297223 
660 154 94 123 0.036914732 
557 88 8 9 0.036450382 
533 501 12 15 0.036279943 
0 403 31 40 0.032058083 
671 24 8 10 0.03086798 
997 339 25 37 0.030277554 
527 87 9 10 0.030098831 
889 331 18 23 0.029843837 
858 311 22 30 0.02979994 
989 330 17 21 0.028916484 
946 440 25 30 0.027963469 
518 74 11 14 0.02777733 
694 103 7 9 0.02770212 
335 578 12 17 0.027682647 
599 113 7 9 0.027406 
629 112 8 10 0.027118837 
953 481 16 21 0.026177647 
793 315 16 25 0.025812212 
997 612 28 58 0.025690086 
18 379 37 53 0.025538756 
954 306 22 29 0.0253387 
389 414 9 12 0.024826696 
645 94 9 11 0.02471442 
103 320 9 10 0.024464251 
390 -51 393 485 0.024402682 
1008 334 13 23 0.024392178 
698 296 17 23 0.024191543 
592 87 9 11 0.024096087 
794 321 21 32 0.024007445 
705 216 15 19 0.023459157 
529 333 26 33 0.023451053 
591 113 8 10 0.023444364 
529 500 10 14 0.022999646 
935 42 13 15 0.022932315 
536 72 8 10 0.022805093 
536 321 37 49 0.022764634 
535 84 9 12 0.022741972 
528 122 11 15 0.022315796 
597 117 8 10 0.022152567 
420 636 13 16 0.021900415 
285 588 9 12 0.021310948 
127 305 8 10 0.021214042 
262 333 11 14 0.021011734 
553 92 9 11 0.020981193 
1012 453 12 21 0.020947803 
897 324 12 16 0.020866586 
530 430 118 168 0.020748302 
712 96 7 9 0.0206949 
285 582 9 12 0.020430624 
229 569 17 18 0.020302134 
719 96 8 10 0.020156741 
