23_Shoppers_Shoppers_23_461
66
743 145 22 29 0.98071736 
689 141 17 22 0.94839823 
651 187 16 20 0.8765559 
339 29 73 127 0.76065755 
918 142 14 19 0.20305341 
604 171 13 20 0.1607101 
617 194 25 31 0.15181026 
700 194 17 20 0.13584153 
550 184 14 19 0.12414162 
531 188 15 18 0.085726395 
830 217 10 13 0.07202483 
569 153 17 21 0.071546204 
715 168 16 19 0.06733751 
944 611 11 12 0.055438787 
676 185 17 19 0.053167954 
541 229 12 15 0.052658383 
433 181 10 13 0.050186705 
723 168 15 20 0.04686587 
690 195 21 28 0.042353585 
689 209 15 18 0.042025033 
539 188 15 17 0.04183715 
783 253 11 14 0.040180087 
308 60 97 141 0.039759427 
705 219 16 20 0.03961574 
912 175 12 15 0.039462324 
683 182 12 15 0.038829323 
694 179 40 53 0.038493462 
455 182 10 12 0.036077384 
795 268 23 30 0.035942804 
599 173 21 30 0.034351896 
629 191 13 17 0.03213859 
600 179 40 51 0.031888932 
990 149 13 17 0.031759087 
215 55 108 121 0.031467695 
827 221 10 12 0.031072717 
1010 163 14 21 0.030778907 
678 189 21 27 0.028806191 
485 208 16 18 0.02878424 
467 194 11 14 0.028035676 
787 221 18 22 0.02775069 
716 156 15 18 0.027503014 
668 184 19 25 0.026360886 
990 159 15 18 0.025582597 
774 170 14 17 0.024634458 
932 149 12 15 0.024576668 
612 165 13 18 0.024220815 
924 228 14 17 0.023652049 
672 196 13 17 0.023635272 
697 203 23 30 0.023598569 
438 172 9 11 0.023177367 
440 168 9 11 0.022661103 
652 220 26 36 0.02256211 
448 188 10 13 0.022092428 
712 146 25 30 0.022089256 
536 224 23 30 0.021975113 
829 235 11 16 0.021883767 
821 180 9 12 0.021786602 
691 210 22 28 0.021585956 
924 152 14 17 0.021509057 
655 148 11 14 0.021204587 
369 8 53 104 0.020869128 
522 85 411 407 0.020602908 
779 164 15 18 0.020532124 
791 162 14 20 0.020308223 
768 101 27 32 0.020300604 
653 143 9 12 0.020148067 
