23_Shoppers_Shoppers_23_708
20
334 114 506 502 0.21917857 
398 37 36 54 0.18736881 
569 21 89 126 0.09593567 
218 118 46 57 0.059193067 
618 34 101 113 0.05530062 
-32 156 377 484 0.040512346 
277 74 11 14 0.034422886 
942 531 46 48 0.033667214 
399 15 58 86 0.03041548 
226 145 47 56 0.028671596 
166 128 349 478 0.025887193 
527 62 459 422 0.024438405 
219 125 28 36 0.023552198 
-2 135 89 140 0.023365695 
390 -2 103 139 0.023351096 
185 49 96 136 0.022298874 
232 244 205 291 0.021751992 
252 132 18 21 0.021017691 
404 37 15 19 0.020602126 
273 71 10 14 0.020051131 
