23_Shoppers_Shoppers_23_459
373
107 114 13 16 0.95238674 
780 126 8 11 0.41535008 
446 534 11 13 0.37849158 
550 567 9 11 0.3560297 
651 523 13 17 0.34969848 
134 124 10 12 0.32537454 
668 506 13 17 0.30780673 
463 319 10 12 0.263767 
34 104 11 15 0.23573129 
753 131 10 13 0.21819128 
427 526 10 14 0.21698853 
386 312 8 11 0.1973047 
130 119 8 12 0.1605254 
600 526 10 12 0.15860921 
799 121 9 11 0.15156266 
128 539 12 15 0.14989914 
399 247 7 9 0.14610572 
504 543 7 9 0.14263873 
222 407 9 13 0.1353008 
342 279 7 9 0.13411742 
193 403 25 31 0.13102947 
837 452 11 15 0.11558983 
511 328 7 9 0.11456375 
166 123 8 11 0.112594664 
495 569 7 10 0.10984934 
175 415 9 11 0.10755835 
49 119 9 12 0.10644466 
392 302 8 10 0.105937846 
405 271 8 10 0.10364416 
196 110 12 14 0.10350463 
343 127 8 9 0.10331435 
806 430 10 12 0.10093542 
560 480 9 12 0.09973278 
511 540 8 9 0.09810189 
445 528 10 14 0.09753278 
598 554 13 16 0.097355545 
274 134 8 11 0.09578768 
92 519 24 31 0.09406569 
527 461 8 10 0.09086567 
758 296 13 15 0.08958943 
255 430 8 10 0.08872972 
199 103 10 12 0.08201424 
276 431 8 10 0.08157669 
449 342 8 10 0.08111349 
49 124 11 15 0.078944124 
774 108 8 10 0.078814045 
662 499 14 19 0.07701146 
643 536 14 18 0.07476299 
343 272 7 8 0.07165566 
439 272 6 8 0.07163048 
584 524 11 14 0.07158619 
429 318 8 10 0.07145463 
409 278 8 11 0.07044747 
478 639 8 10 0.07006551 
336 134 9 11 0.068915635 
128 548 12 14 0.06830049 
646 479 7 10 0.06773487 
425 241 7 10 0.067562744 
921 375 21 32 0.065920234 
700 581 14 17 0.065543234 
142 118 11 13 0.065444924 
449 336 9 11 0.0650096 
623 614 10 14 0.06500479 
582 519 11 12 0.0639081 
318 135 9 11 0.06332751 
405 541 14 18 0.06184355 
322 415 9 11 0.06170589 
649 507 9 12 0.06120223 
329 128 8 10 0.06091918 
478 552 8 10 0.059973884 
353 279 8 9 0.0580361 
304 127 7 9 0.057967972 
458 494 8 10 0.05750002 
756 126 11 14 0.056894492 
560 327 9 12 0.056315638 
525 456 8 11 0.05602038 
305 417 8 11 0.055874635 
658 492 12 17 0.055801634 
53 128 11 17 0.055797234 
590 525 9 14 0.054977264 
382 239 9 11 0.05470965 
450 562 13 16 0.054340065 
620 630 10 14 0.053466793 
399 303 10 12 0.05346348 
140 124 10 12 0.05331749 
166 447 9 10 0.052012846 
376 121 8 10 0.0519892 
401 307 10 13 0.051594414 
546 573 8 11 0.051374596 
415 285 6 9 0.05115173 
794 357 9 11 0.05031033 
512 476 8 10 0.04969461 
805 120 8 9 0.049452834 
815 136 9 10 0.04840095 
506 535 8 11 0.048112508 
583 487 7 10 0.04737183 
369 249 7 9 0.04722421 
86 514 16 22 0.046674985 
336 140 9 11 0.04661687 
437 548 9 12 0.046563275 
748 315 10 13 0.046476416 
808 425 9 11 0.04643392 
383 245 8 10 0.046197243 
250 429 9 12 0.04617772 
606 543 11 12 0.046059992 
352 271 8 9 0.04584783 
475 639 7 9 0.045687646 
352 266 8 9 0.04471553 
488 646 6 8 0.04426554 
401 265 7 9 0.044155866 
311 135 10 12 0.04395966 
204 101 9 12 0.043842807 
130 534 14 16 0.043371346 
430 241 7 10 0.043350402 
431 313 8 10 0.043093313 
759 430 9 12 0.04290481 
646 530 13 18 0.042602602 
603 549 12 14 0.04234783 
375 124 7 10 0.04204847 
594 556 10 13 0.042046458 
409 285 9 10 0.04154483 
848 407 10 12 0.041530598 
392 239 7 10 0.04126481 
149 117 8 11 0.041105196 
552 561 8 10 0.040402617 
671 591 9 11 0.040235717 
279 141 8 12 0.040215343 
485 671 8 10 0.040177952 
359 141 8 10 0.039788287 
452 339 9 12 0.03978255 
254 487 9 11 0.039545037 
802 311 8 10 0.039391264 
61 127 11 14 0.039351713 
413 281 7 9 0.039033692 
909 437 13 15 0.03890694 
391 278 7 9 0.03887063 
557 509 11 16 0.0387144 
472 551 9 11 0.03867972 
446 304 8 10 0.03864775 
97 530 25 29 0.038646188 
113 116 12 15 0.038368218 
4 750 16 17 0.03825263 
226 55 26 42 0.03814565 
584 492 9 12 0.03791923 
908 430 11 13 0.037730057 
335 128 8 11 0.037589062 
776 295 8 10 0.03751717 
721 322 8 9 0.037304346 
647 580 11 15 0.037230592 
687 592 9 11 0.037142154 
184 439 9 11 0.0371277 
578 486 8 10 0.036691144 
305 134 9 11 0.03661999 
494 336 7 9 0.036460765 
581 327 10 11 0.036411338 
127 109 9 11 0.03627771 
753 453 18 22 0.036208425 
377 296 7 10 0.036115862 
33 85 11 14 0.03601807 
152 541 11 15 0.036014523 
653 508 12 14 0.03601291 
554 486 10 11 0.03595745 
360 136 7 10 0.035697717 
808 111 7 9 0.035584766 
856 420 11 14 0.035582405 
148 111 9 11 0.035551243 
566 510 11 15 0.035533383 
393 297 7 9 0.03552013 
181 411 10 13 0.03549457 
843 451 14 18 0.035462253 
498 544 8 10 0.03522228 
161 120 10 13 0.03487904 
480 557 8 9 0.034742963 
83 498 14 17 0.03464199 
80 493 13 15 0.03432685 
335 437 8 12 0.034262203 
441 310 8 10 0.03414297 
376 246 8 10 0.033939213 
255 117 9 13 0.03386088 
741 278 9 10 0.033748835 
640 494 8 11 0.03350714 
183 445 9 10 0.033501696 
814 414 8 10 0.033426467 
84 508 15 19 0.03341506 
440 518 9 11 0.03328349 
506 527 8 11 0.033207573 
606 530 10 13 0.03320633 
506 326 8 10 0.03314722 
624 542 10 12 0.033055436 
752 293 10 14 0.032798775 
5 124 11 14 0.03249121 
425 271 8 10 0.03247275 
167 441 8 11 0.032440096 
659 522 14 19 0.03228112 
449 671 8 10 0.032045178 
815 119 8 9 0.031635072 
468 750 10 12 0.031519912 
495 312 7 9 0.031093216 
16 102 10 13 0.031059641 
680 592 9 12 0.03084482 
503 319 6 9 0.030819744 
191 420 11 14 0.030623827 
439 333 8 11 0.030452281 
447 309 6 9 0.030375615 
448 249 7 9 0.030143904 
470 574 8 10 0.030088438 
502 548 8 10 0.030040644 
20 100 11 14 0.029842187 
451 541 9 12 0.029828088 
620 596 13 15 0.029769016 
442 303 8 11 0.029765945 
759 122 9 10 0.029764885 
479 644 8 10 0.02970911 
21 125 9 12 0.02964306 
596 548 21 25 0.029367067 
489 479 7 9 0.02914279 
170 416 9 12 0.02907264 
655 497 12 16 0.028926255 
831 412 10 13 0.028804101 
448 287 7 10 0.02874188 
85 76 13 15 0.028330162 
470 304 8 9 0.028185021 
384 232 8 10 0.028139252 
335 183 9 12 0.02794327 
768 103 10 12 0.027817318 
488 335 7 9 0.027815912 
229 166 9 11 0.027807364 
734 67 10 12 0.027806448 
794 120 8 11 0.027757302 
464 313 8 10 0.027655168 
826 423 9 11 0.027602196 
574 518 10 13 0.027513234 
446 639 10 13 0.027340978 
694 588 12 15 0.027207399 
544 486 8 10 0.02687721 
559 504 9 12 0.026780974 
804 123 10 12 0.026698695 
462 296 7 9 0.02665747 
457 279 7 9 0.026557876 
537 573 9 12 0.026543472 
324 418 10 11 0.026521478 
441 343 8 10 0.026414052 
600 543 12 14 0.026410796 
339 272 7 9 0.02627607 
481 335 8 11 0.026071675 
724 324 9 12 0.025933329 
703 190 10 13 0.025929064 
744 318 10 14 0.025857072 
310 128 8 10 0.025811493 
468 744 10 12 0.025808413 
853 405 11 14 0.025768757 
14 108 10 13 0.025756838 
471 310 7 10 0.025734628 
341 133 8 12 0.025728967 
613 542 9 12 0.025648842 
199 97 10 11 0.025641372 
41 565 28 35 0.025603969 
439 543 10 12 0.025513856 
383 297 7 9 0.025478873 
391 232 7 10 0.025449814 
240 125 7 10 0.02540057 
23 545 11 15 0.02537761 
585 530 9 13 0.025354803 
480 573 10 11 0.025272185 
35 90 11 15 0.025239367 
406 265 8 9 0.025166528 
357 278 8 11 0.025154417 
383 120 7 10 0.025030408 
296 151 8 11 0.024944382 
687 70 9 10 0.024930768 
161 447 9 11 0.024817854 
223 144 8 11 0.024774002 
833 398 11 13 0.02465189 
717 347 13 14 0.024428295 
725 340 13 16 0.024382321 
447 545 11 13 0.024296843 
433 271 8 9 0.024275566 
637 179 10 13 0.02416515 
215 410 12 15 0.023952981 
814 158 9 11 0.023792377 
78 486 23 26 0.023775991 
441 510 9 11 0.02374827 
344 265 8 10 0.023698362 
463 510 10 11 0.023659218 
378 206 434 493 0.023651257 
359 270 6 8 0.023634033 
388 315 9 12 0.023565581 
438 278 7 9 0.023521626 
829 430 11 14 0.02351601 
816 478 11 13 0.02350906 
760 317 9 11 0.0235045 
808 398 8 12 0.023473443 
468 318 9 12 0.0234349 
612 626 20 28 0.023347126 
272 434 12 15 0.02330554 
280 148 9 12 0.023297723 
612 549 10 12 0.02320776 
392 286 7 10 0.023098515 
240 463 9 12 0.022941442 
801 317 9 11 0.022896986 
742 324 11 14 0.022882955 
15 125 9 12 0.02286259 
488 567 9 11 0.022839636 
404 303 10 12 0.022822294 
369 253 8 11 0.022756908 
20 112 203 220 0.02268438 
789 65 11 13 0.022629622 
367 332 11 13 0.022603502 
456 664 8 10 0.022586726 
126 542 20 25 0.022462258 
360 128 7 8 0.02244672 
582 511 12 14 0.022375073 
158 452 10 11 0.022335395 
446 504 8 10 0.022294614 
567 504 9 11 0.022266265 
398 240 8 11 0.02222371 
529 319 9 11 0.022134146 
120 103 10 13 0.022067705 
782 120 8 11 0.021881126 
462 502 9 10 0.02187344 
463 302 7 9 0.021853078 
694 454 11 14 0.021844266 
674 548 9 11 0.021836074 
454 670 7 10 0.021827593 
563 482 10 13 0.02173215 
406 327 8 11 0.021730132 
432 264 7 8 0.021722939 
589 518 10 13 0.021671148 
190 438 8 11 0.02162697 
855 399 10 13 0.021594731 
658 228 18 23 0.021567253 
794 351 8 12 0.021541981 
399 288 8 9 0.021399269 
174 446 8 10 0.021378223 
569 523 10 15 0.021326458 
692 583 21 26 0.02123532 
373 333 9 11 0.021233514 
473 646 9 10 0.021166906 
596 520 20 25 0.021155791 
393 246 8 10 0.021137936 
222 149 9 11 0.021118125 
498 549 8 10 0.021101259 
809 324 9 12 0.021096813 
153 455 9 10 0.02106796 
599 575 9 12 0.021011291 
98 508 18 22 0.021003544 
489 312 8 10 0.02098794 
62 509 10 13 0.020947287 
827 76 167 241 0.020819858 
799 143 9 11 0.020795517 
297 119 8 11 0.020792002 
904 415 8 9 0.0207709 
557 490 10 13 0.02070034 
456 311 8 10 0.020663075 
168 420 9 12 0.020662598 
910 414 9 11 0.020458104 
436 522 19 23 0.020415708 
385 254 8 9 0.020401252 
459 319 8 10 0.020392263 
463 287 6 8 0.020367788 
697 571 15 19 0.020342398 
693 132 9 12 0.020328041 
502 493 9 10 0.020327043 
754 298 11 14 0.020323027 
519 541 7 9 0.020259101 
799 133 10 11 0.02021813 
736 273 9 10 0.020179806 
431 125 8 10 0.02013201 
394 262 6 9 0.020105148 
811 429 10 14 0.020033961 
409 351 7 10 0.020030374 
457 287 7 9 0.020022197 
161 440 9 10 0.02001671 
