59_peopledrivingcar_peopledrivingcar_59_172
66
652 218 12 16 0.8554641 
846 222 11 14 0.25879183 
863 224 9 12 0.14623757 
822 213 14 16 0.100057 
841 221 10 14 0.07754564 
770 192 26 29 0.07591105 
767 195 12 17 0.071820684 
175 286 25 28 0.069777645 
656 239 11 14 0.060891524 
761 118 16 19 0.06077729 
854 222 11 14 0.060006052 
798 194 13 20 0.057963636 
1012 298 10 15 0.055015013 
880 229 10 11 0.051985044 
704 169 9 10 0.045807004 
913 189 8 10 0.044692025 
927 201 8 10 0.041658543 
694 183 8 9 0.039414868 
887 225 8 10 0.038676213 
952 231 8 11 0.0386239 
472 359 25 27 0.036621846 
647 222 15 18 0.035647716 
942 189 8 10 0.035533514 
1013 177 10 15 0.03359176 
139 260 13 16 0.03292314 
828 218 13 16 0.032696877 
960 206 8 10 0.03227392 
913 185 7 10 0.032093477 
864 238 9 11 0.031192658 
585 372 15 17 0.031022053 
971 181 10 12 0.030541362 
936 199 10 11 0.029444559 
673 183 10 12 0.028022595 
942 200 8 10 0.027827881 
895 227 8 11 0.02722162 
844 218 18 23 0.026996436 
927 205 7 10 0.02666697 
871 228 8 11 0.026532928 
784 198 20 23 0.026374707 
208 174 9 10 0.026330503 
329 321 45 49 0.025944103 
911 199 7 9 0.025693724 
823 209 11 13 0.025285058 
1 99 9 14 0.024888474 
896 149 9 11 0.024733346 
951 236 8 11 0.024662144 
918 214 8 9 0.024339123 
327 286 26 31 0.024276575 
47 388 13 15 0.02378066 
869 224 8 10 0.02376303 
677 160 8 10 0.023323592 
339 284 24 29 0.022815805 
911 205 8 10 0.022651147 
952 198 7 10 0.022325514 
917 190 8 10 0.022044906 
952 216 8 10 0.021915974 
937 183 8 10 0.021701576 
463 175 12 16 0.021666672 
942 184 8 10 0.021647746 
860 321 13 16 0.021548234 
914 229 8 10 0.02150643 
927 224 8 10 0.020814545 
136 204 7 10 0.020678839 
337 310 28 34 0.020653944 
613 270 13 15 0.020549765 
1013 220 10 13 0.020012619 
