59_peopledrivingcar_peopledrivingcar_59_1019
48
93 548 20 26 0.9205468 
963 517 28 33 0.8633563 
122 557 18 24 0.81812257 
297 497 26 43 0.8121823 
263 481 91 128 0.3116944 
106 582 16 20 0.25804755 
952 607 25 32 0.23414539 
823 377 28 37 0.1452019 
242 426 177 252 0.113207586 
218 355 352 415 0.10979065 
2 417 16 22 0.09612893 
651 575 15 18 0.073687546 
886 450 31 40 0.07335396 
689 548 26 30 0.064746864 
770 430 28 37 0.0641699 
238 64 7 10 0.054691013 
696 496 23 31 0.043685224 
1 348 25 35 0.04254755 
806 532 49 81 0.03910648 
865 373 37 52 0.03727622 
862 381 22 36 0.037245203 
668 295 48 75 0.037041422 
288 45 10 12 0.03671303 
960 521 45 53 0.033949237 
1 403 11 18 0.03343597 
849 383 26 34 0.031266633 
803 432 24 36 0.030000823 
223 94 10 12 0.029306915 
488 218 125 142 0.027246403 
271 54 10 13 0.027020175 
873 450 26 40 0.025411928 
873 384 17 28 0.025399348 
264 44 9 12 0.024233643 
635 500 13 16 0.024124222 
5 467 12 18 0.02403259 
815 431 38 56 0.024018196 
300 553 50 57 0.023752373 
784 523 82 125 0.023148298 
281 512 42 57 0.022561919 
31 413 12 14 0.02228811 
305 487 30 47 0.022086058 
36 409 14 16 0.022019919 
0 399 18 34 0.021968268 
1004 621 21 31 0.021336544 
935 596 41 56 0.020772576 
813 380 25 35 0.02070764 
530 377 108 154 0.020525595 
59 443 14 16 0.020445831 
