59_peopledrivingcar_peopledrivingcar_59_592
19
391 64 34 37 0.9828367 
378 595 117 157 0.10570364 
240 167 233 185 0.06598843 
320 204 140 120 0.061809156 
515 156 14 18 0.05241818 
272 166 133 129 0.048336994 
453 136 14 17 0.046700604 
961 131 43 49 0.046031117 
480 158 10 12 0.04511908 
460 158 12 15 0.040618896 
515 148 12 15 0.03998779 
418 253 17 16 0.038523495 
507 150 24 28 0.034558117 
955 123 35 39 0.02877098 
455 162 16 20 0.027289165 
73 158 28 35 0.025399815 
550 191 24 32 0.024515212 
125 279 372 455 0.024324838 
516 142 11 14 0.021312082 
