59_peopledrivingcar_peopledrivingcar_59_763
59
443 215 51 59 0.99605113 
748 421 68 91 0.9940487 
582 118 10 13 0.09529655 
407 3 11 14 0.082720034 
163 0 15 14 0.0823582 
528 131 12 13 0.07730306 
568 141 12 14 0.067655236 
607 165 10 12 0.05955401 
142 26 16 19 0.050394434 
215 0 14 13 0.048303206 
424 32 9 11 0.04709405 
638 198 11 13 0.0397605 
501 57 13 16 0.036789525 
449 7 9 11 0.03662027 
678 169 13 16 0.03574818 
588 174 12 14 0.033650994 
55 25 13 16 0.03341265 
614 189 9 12 0.032790676 
597 213 11 14 0.03181428 
604 141 10 13 0.031506732 
477 154 14 16 0.03071708 
596 140 12 16 0.030366078 
608 172 11 12 0.030026156 
630 189 11 14 0.029837113 
598 106 12 15 0.029489737 
640 204 11 12 0.029412879 
636 188 12 14 0.02933001 
608 205 10 13 0.028228227 
616 131 13 16 0.028030546 
523 62 10 12 0.02692703 
397 26 14 17 0.026848935 
1012 437 10 15 0.02653084 
621 137 12 15 0.026441 
136 7 11 14 0.02595251 
615 207 10 13 0.025612239 
457 184 15 19 0.024655389 
601 164 9 12 0.024345009 
644 148 12 15 0.024129441 
646 156 11 12 0.023828706 
382 22 9 11 0.023691855 
653 166 9 11 0.023259535 
711 143 12 15 0.023063982 
981 414 10 12 0.023038613 
117 12 10 13 0.022992289 
598 123 11 12 0.022788981 
630 168 10 11 0.02275433 
613 182 9 11 0.02262356 
539 60 12 14 0.022577919 
620 228 15 19 0.022478927 
633 146 10 14 0.022250794 
432 20 9 12 0.022225121 
533 20 10 11 0.021610346 
588 117 11 13 0.021609394 
172 0 14 13 0.021188349 
168 62 12 14 0.020668646 
571 135 14 17 0.020613296 
624 166 9 12 0.020337008 
655 213 11 15 0.020129483 
201 423 418 408 0.02008871 
