10_People_Marching_People_Marching_10_People_Marching_People_Marching_10_447
1968
462 479 27 32 0.9976937 
964 394 24 29 0.99673563 
176 830 23 28 0.9921934 
850 654 22 27 0.9906441 
968 475 25 32 0.9902766 
567 756 27 30 0.9885041 
214 881 24 32 0.98837775 
247 484 21 27 0.98730403 
809 309 22 27 0.9870357 
253 811 22 28 0.9866231 
806 639 21 26 0.9857956 
411 453 21 30 0.98443764 
883 406 23 26 0.9833452 
767 744 25 30 0.9827619 
928 618 21 28 0.9813461 
614 364 24 30 0.9810527 
68 445 21 27 0.9807169 
736 333 19 23 0.97968894 
873 626 21 28 0.9796522 
488 326 22 28 0.97877777 
669 510 22 29 0.97727215 
35 686 24 29 0.97696084 
327 426 22 26 0.9767793 
231 638 22 27 0.97554374 
109 536 21 26 0.9752666 
256 571 21 25 0.9730704 
611 693 21 25 0.9705935 
382 645 24 27 0.97027266 
639 673 23 27 0.9695127 
300 396 23 29 0.96791035 
124 593 17 24 0.9658649 
272 280 18 24 0.96586066 
519 352 22 26 0.9640577 
256 72 23 28 0.963992 
14 291 21 26 0.96364224 
170 471 23 26 0.96325123 
275 547 21 28 0.9622932 
413 349 23 27 0.96182126 
296 333 20 25 0.96152306 
859 470 23 28 0.959925 
333 158 19 25 0.95733494 
685 267 21 25 0.9523493 
831 526 22 28 0.95013374 
604 265 22 28 0.9490601 
477 111 24 27 0.94551873 
282 369 19 26 0.94019985 
339 251 18 23 0.94012505 
832 245 19 22 0.9381478 
621 4 18 23 0.93633235 
557 634 22 27 0.93315923 
848 14 17 21 0.92930627 
185 575 22 28 0.92575747 
717 47 21 26 0.9256836 
759 104 23 30 0.9231804 
769 362 17 21 0.92082256 
980 271 19 23 0.92058164 
261 440 21 25 0.91813606 
853 292 20 25 0.91645676 
599 158 22 27 0.91540354 
133 794 21 26 0.9119319 
703 19 19 27 0.91104025 
566 275 22 26 0.90914446 
84 193 22 25 0.8981762 
792 703 23 29 0.89682055 
993 368 20 25 0.89418346 
502 35 22 29 0.8916477 
681 366 18 23 0.88822913 
973 171 14 17 0.8864532 
663 149 22 27 0.8863714 
15 455 20 27 0.8853452 
835 49 19 21 0.88248974 
72 649 18 25 0.87952113 
900 202 17 21 0.8779461 
123 450 22 26 0.8755456 
404 85 23 28 0.87522745 
311 642 20 25 0.8719285 
36 781 27 35 0.8716745 
544 133 20 24 0.8698647 
993 108 19 25 0.86432344 
149 177 19 23 0.85356724 
894 238 20 26 0.8489779 
612 130 24 27 0.8484172 
493 154 21 26 0.8462121 
646 271 18 23 0.8431426 
934 329 18 22 0.8384792 
630 98 19 22 0.8361962 
460 187 17 22 0.8248928 
904 437 23 27 0.8173553 
357 512 19 27 0.8124982 
774 498 23 27 0.805284 
531 184 18 21 0.7936861 
206 62 17 21 0.79342395 
342 855 37 47 0.7872264 
962 201 16 18 0.7866002 
461 306 22 25 0.78080827 
214 101 18 23 0.7784435 
60 587 15 19 0.7746192 
951 23 21 27 0.77283406 
906 163 17 21 0.767473 
221 337 20 24 0.74731755 
252 122 13 19 0.74599004 
516 80 20 28 0.74296933 
171 540 17 19 0.73437256 
725 362 15 19 0.7304759 
679 314 18 22 0.7207054 
546 37 17 21 0.71979356 
492 789 41 41 0.718034 
143 347 18 23 0.7159724 
466 456 16 17 0.71114683 
783 426 13 18 0.7111323 
322 499 15 18 0.7095871 
698 91 17 19 0.70622164 
909 71 14 20 0.7061232 
408 801 25 31 0.6954465 
194 430 22 26 0.6941091 
811 125 17 21 0.69264174 
342 386 20 25 0.691396 
464 110 21 28 0.6888749 
513 264 15 19 0.68723375 
566 334 17 22 0.6845287 
871 326 18 23 0.6844842 
829 369 15 21 0.6795483 
548 151 15 20 0.67554194 
708 236 16 21 0.67003876 
422 281 20 25 0.6647169 
728 171 19 21 0.65608484 
748 81 17 20 0.65504557 
719 296 16 21 0.6534566 
935 250 14 17 0.6514779 
603 523 23 28 0.65023834 
47 77 19 22 0.64562804 
915 353 17 21 0.6451091 
503 293 19 23 0.64373255 
151 885 23 35 0.6366644 
971 353 20 23 0.63607025 
190 125 19 23 0.6327119 
901 731 22 28 0.6321353 
85 622 17 20 0.6246353 
853 47 15 22 0.6238043 
61 499 16 21 0.6224305 
662 440 21 25 0.62162113 
562 107 21 25 0.6202444 
38 592 14 18 0.6182586 
147 670 21 28 0.616248 
797 281 16 21 0.6160775 
181 603 21 25 0.61357534 
872 382 21 25 0.609703 
531 -1 20 19 0.6003697 
60 104 19 21 0.5887446 
353 418 15 19 0.58556354 
619 448 16 22 0.58364666 
110 128 16 20 0.5822757 
409 167 24 29 0.5810204 
995 344 17 21 0.5808476 
666 49 19 25 0.5802181 
113 59 16 21 0.57736146 
297 234 19 22 0.5772553 
994 525 19 23 0.5667741 
522 433 16 18 0.55958015 
657 54 17 21 0.55919325 
698 652 21 27 0.5574335 
954 106 16 21 0.5560182 
417 396 15 18 0.5509148 
330 474 21 25 0.5488305 
1013 242 11 17 0.5484477 
319 585 14 20 0.5464762 
462 39 16 20 0.5461574 
289 587 17 20 0.5389578 
459 253 14 16 0.53696287 
568 159 17 23 0.53129035 
109 683 16 20 0.5299297 
862 369 16 20 0.52883476 
763 410 17 21 0.52808523 
429 83 14 19 0.51972413 
522 400 14 17 0.51669556 
657 81 21 28 0.51388556 
669 393 16 19 0.5135855 
158 738 14 19 0.511132 
741 135 19 22 0.51084507 
840 200 20 21 0.51035875 
341 593 16 20 0.5054486 
775 702 23 30 0.49020362 
339 467 18 20 0.48923048 
598 461 16 22 0.48815602 
1007 186 13 19 0.4864503 
836 348 17 19 0.48080963 
874 111 17 23 0.47556397 
594 410 17 21 0.46130475 
674 51 16 20 0.4550625 
534 270 17 21 0.45455995 
134 567 22 27 0.44571736 
469 229 18 22 0.4451953 
546 472 17 23 0.44464123 
890 353 15 19 0.4443116 
714 379 13 18 0.44423342 
996 225 13 17 0.44222584 
621 57 14 17 0.44184682 
553 442 16 19 0.44130155 
659 114 16 20 0.44038138 
144 49 22 26 0.43683887 
948 587 14 18 0.42981768 
885 295 14 18 0.42669058 
289 498 16 20 0.42428204 
506 465 16 19 0.4076441 
990 253 15 18 0.4045174 
594 600 24 27 0.40416643 
662 2 16 18 0.40113476 
19 156 17 19 0.39475945 
744 429 15 18 0.39265108 
532 258 15 17 0.38960573 
971 218 14 18 0.3817028 
313 203 20 26 0.38153118 
974 105 16 20 0.37938148 
30 504 21 25 0.37917748 
919 229 15 18 0.37890342 
571 228 19 21 0.37442032 
977 227 13 17 0.3678513 
460 287 17 20 0.36664048 
382 244 12 17 0.3656077 
21 230 15 19 0.365159 
661 362 16 19 0.36347455 
594 63 17 20 0.36130178 
628 75 19 22 0.35929757 
230 83 16 19 0.35857263 
636 240 16 21 0.35610184 
49 668 16 20 0.35417348 
965 209 14 20 0.35009095 
389 365 13 19 0.34804252 
52 4 18 20 0.34788728 
81 888 27 36 0.34630927 
386 260 15 18 0.34524074 
158 387 14 18 0.34243277 
782 126 16 20 0.34122694 
750 174 20 25 0.3404876 
783 308 13 19 0.3389336 
29 730 26 29 0.338472 
797 23 13 19 0.3368651 
759 541 13 16 0.33587918 
37 834 33 39 0.33556306 
926 388 20 25 0.33525258 
441 416 17 19 0.33413357 
76 526 15 18 0.33373472 
782 24 17 21 0.33068788 
238 297 15 18 0.32668403 
881 8 16 19 0.32555425 
858 588 17 23 0.32330424 
971 591 16 22 0.3212514 
203 392 19 23 0.31998304 
790 526 27 31 0.31986958 
395 138 14 19 0.31292698 
363 541 16 22 0.3117773 
698 106 18 22 0.31005502 
161 440 17 21 0.30977264 
161 731 20 25 0.3097209 
573 59 14 19 0.30693617 
831 171 14 19 0.30623624 
740 465 15 21 0.30623224 
659 481 17 21 0.3040808 
563 2 15 17 0.30240867 
747 625 14 17 0.30209023 
124 131 15 19 0.2942985 
602 61 15 20 0.29229102 
651 203 18 26 0.2910628 
316 309 18 25 0.28973898 
302 855 39 49 0.28549388 
551 387 14 18 0.2854542 
191 172 11 14 0.28415143 
542 760 22 26 0.2827663 
225 473 19 21 0.28151006 
461 108 16 21 0.2799031 
224 301 13 16 0.27723 
405 218 26 30 0.27706867 
650 323 17 20 0.27699202 
405 286 21 26 0.2767577 
629 338 17 20 0.27629566 
910 386 16 20 0.27619943 
954 234 16 20 0.27600068 
139 400 16 19 0.27534425 
160 392 18 23 0.27127936 
427 142 21 26 0.2712009 
25 638 17 23 0.26965493 
193 8 16 21 0.2696379 
115 843 22 27 0.26912683 
419 713 14 19 0.2661424 
323 475 18 22 0.26613814 
676 140 22 29 0.26534814 
438 170 14 19 0.26475897 
771 656 16 19 0.26421842 
59 487 22 28 0.2632793 
1005 453 20 31 0.26172355 
794 447 14 19 0.26004928 
773 217 13 17 0.2591291 
733 464 14 20 0.251996 
36 189 16 23 0.2519878 
464 97 16 17 0.251445 
921 260 15 18 0.24916224 
256 760 16 22 0.24687594 
443 338 15 19 0.24442464 
638 398 21 23 0.24079886 
384 283 13 16 0.24054885 
885 454 18 24 0.23940729 
193 99 17 21 0.23885456 
173 43 13 17 0.23712865 
868 208 14 19 0.23476845 
357 337 12 17 0.2337223 
502 420 14 18 0.2331852 
687 766 40 45 0.23251216 
723 459 16 19 0.23093057 
837 138 15 20 0.23054826 
335 209 15 20 0.22882462 
358 685 15 18 0.22839998 
960 104 18 24 0.22817548 
66 834 26 33 0.2279431 
197 656 17 21 0.22787793 
436 512 22 27 0.22629482 
822 139 14 18 0.22385383 
189 606 21 26 0.22363761 
478 1206 11 14 0.22324024 
949 228 15 19 0.22237428 
620 608 14 18 0.22206622 
223 391 19 24 0.22149725 
169 722 17 20 0.21981749 
266 596 17 21 0.21897656 
447 231 14 20 0.2178525 
678 703 15 25 0.21772632 
172 607 16 21 0.21570417 
45 659 13 18 0.21266961 
957 287 16 18 0.2108714 
969 149 14 18 0.21001752 
7 82 13 17 0.20898598 
702 344 15 19 0.20687935 
766 710 24 28 0.2063363 
501 244 16 19 0.20527376 
871 271 15 19 0.20453158 
690 -2 17 18 0.20361242 
810 423 22 29 0.20344599 
831 359 20 25 0.20336734 
782 270 14 18 0.20276986 
777 207 16 20 0.2004937 
395 916 46 63 0.1982642 
965 590 13 19 0.19763334 
251 321 15 18 0.19722217 
781 654 15 19 0.19668883 
348 555 20 28 0.19585906 
198 398 21 26 0.19558805 
186 302 12 16 0.19445348 
723 233 17 22 0.19425002 
316 260 14 20 0.19412953 
398 381 13 17 0.19267806 
236 580 16 21 0.19111688 
628 268 14 19 0.19057967 
317 762 13 16 0.18825705 
478 393 13 16 0.18798634 
493 388 14 19 0.18660195 
646 329 15 17 0.18653417 
599 139 27 32 0.18629795 
687 485 12 16 0.18503955 
724 0 14 17 0.18469426 
671 600 14 19 0.18467322 
570 457 14 17 0.18379448 
467 388 13 16 0.18354875 
314 666 17 20 0.18183208 
815 178 13 16 0.18158014 
696 540 13 16 0.18031637 
786 422 15 18 0.18026818 
91 879 22 33 0.17932989 
813 820 23 31 0.1789472 
235 395 18 22 0.17883256 
768 282 13 17 0.1778297 
334 546 13 17 0.17752625 
74 543 15 18 0.1765393 
355 433 15 20 0.17612231 
446 795 12 15 0.17559683 
176 907 21 26 0.17499024 
314 319 14 21 0.17177172 
614 403 14 20 0.17159435 
405 267 13 18 0.17103983 
450 361 15 20 0.17082994 
820 718 18 23 0.17052445 
12 182 23 30 0.16797295 
562 384 15 17 0.1675919 
710 386 14 18 0.1674835 
287 266 12 16 0.16667128 
145 59 24 30 0.1651321 
251 287 18 20 0.16447528 
941 59 23 30 0.16431105 
523 445 16 20 0.16404885 
954 163 13 18 0.16386247 
823 403 13 17 0.16310398 
878 512 20 26 0.16255577 
466 378 13 16 0.1616545 
897 43 18 22 0.15805177 
510 79 18 23 0.15775673 
198 38 14 17 0.15762891 
126 483 15 19 0.15696558 
587 490 15 18 0.15607633 
435 0 17 17 0.15572248 
392 92 12 16 0.15517457 
3 250 15 19 0.15517102 
764 -1 14 13 0.15509236 
819 153 14 18 0.15450788 
409 232 18 21 0.15421988 
956 316 15 19 0.15309916 
851 256 14 19 0.15079455 
806 425 16 21 0.14953475 
389 250 14 18 0.14927173 
824 579 27 28 0.14899088 
531 448 14 17 0.14799021 
182 378 14 19 0.14770399 
1007 270 13 17 0.14666454 
764 61 17 21 0.145629 
321 565 22 24 0.14553556 
325 528 15 19 0.14527401 
789 272 19 24 0.14506263 
594 928 31 36 0.14493874 
949 707 14 18 0.14464271 
7 188 14 19 0.14457558 
624 699 21 27 0.1440189 
572 427 14 18 0.14353001 
279 496 21 26 0.14151724 
638 483 11 14 0.14143418 
803 55 15 18 0.1412496 
606 600 23 26 0.14108595 
590 70 15 20 0.14052847 
322 787 13 17 0.1402049 
813 722 16 23 0.14008602 
719 540 14 17 0.13909487 
810 419 15 21 0.13866444 
570 88 18 20 0.1377782 
922 659 15 19 0.13777499 
786 656 15 21 0.13705634 
914 675 26 31 0.13680169 
668 361 22 27 0.13637426 
767 395 14 18 0.13592164 
947 189 15 19 0.13582937 
195 476 16 25 0.13557252 
117 387 16 20 0.1354125 
187 653 21 26 0.13425909 
402 638 22 28 0.13389814 
208 428 20 27 0.13359122 
581 106 15 19 0.13300107 
676 598 12 16 0.13241604 
387 145 19 26 0.13212548 
570 2 15 18 0.13205227 
968 708 16 19 0.13197277 
228 315 12 15 0.13054533 
549 416 13 19 0.12972325 
282 480 17 21 0.12872373 
194 415 22 28 0.12841716 
654 354 15 19 0.12827304 
243 292 19 21 0.12755315 
408 261 15 17 0.12695768 
829 139 13 18 0.12618354 
420 426 15 19 0.1258507 
419 80 20 25 0.12546878 
259 114 17 21 0.12531418 
767 110 21 29 0.12523545 
693 594 15 18 0.12509681 
916 579 17 18 0.12486451 
199 289 13 17 0.12463096 
667 897 16 20 0.12442799 
710 277 16 19 0.12438139 
397 726 11 16 0.124003075 
381 862 17 22 0.12348321 
412 431 16 20 0.12262109 
525 219 15 20 0.122590095 
412 65 15 18 0.122413 
467 332 13 17 0.121771395 
445 379 11 16 0.12171607 
474 158 17 22 0.121409975 
614 60 14 19 0.120761 
696 586 22 26 0.1202623 
181 589 24 30 0.11972069 
391 887 17 22 0.1196771 
423 51 15 18 0.11935451 
550 451 15 18 0.11894513 
540 64 17 22 0.11888017 
991 141 12 18 0.1184881 
695 674 15 19 0.11823149 
425 604 15 19 0.11754758 
18 465 20 25 0.11688271 
403 433 19 25 0.116873376 
43 130 15 19 0.116613515 
1003 226 16 18 0.116267756 
778 247 15 18 0.116265774 
341 368 17 20 0.115765356 
191 113 20 26 0.11556066 
427 33 17 18 0.11545458 
925 418 15 18 0.1151077 
830 456 14 19 0.1143695 
245 635 23 30 0.11347014 
907 266 13 18 0.113422915 
763 13 13 17 0.11284577 
153 42 17 23 0.11239395 
753 623 15 19 0.11214346 
325 482 22 27 0.111699894 
429 794 11 14 0.11157571 
880 112 22 26 0.11123568 
599 403 19 25 0.111067556 
812 691 14 18 0.11100575 
28 93 13 17 0.110818304 
129 2 15 17 0.11078609 
774 170 15 19 0.10975311 
923 280 16 21 0.10971243 
538 709 16 20 0.10881722 
274 75 15 20 0.10873112 
90 179 22 25 0.10861546 
356 353 13 18 0.10860821 
342 833 25 31 0.10847361 
604 129 17 23 0.10839566 
662 550 12 16 0.10796336 
461 353 13 16 0.10759197 
716 370 16 20 0.107477106 
581 412 11 16 0.10701723 
218 418 16 20 0.10600406 
954 613 13 16 0.104944326 
243 317 17 20 0.10440124 
620 425 14 19 0.10340314 
506 245 19 24 0.10331473 
14 604 15 18 0.10320163 
12 231 17 20 0.102968834 
263 281 19 24 0.10205285 
971 17 16 21 0.10154809 
496 401 12 17 0.1014118 
574 406 11 15 0.10139355 
623 511 13 17 0.10092474 
136 153 19 23 0.10045628 
629 423 14 19 0.10032577 
953 588 20 24 0.09979198 
468 353 13 17 0.09958526 
259 369 14 19 0.09937603 
484 394 13 15 0.099189386 
179 656 16 20 0.09911741 
789 143 17 20 0.09910021 
628 390 21 25 0.09908368 
434 175 15 20 0.0989309 
1008 235 14 19 0.09756772 
626 375 16 21 0.097310945 
347 398 22 28 0.09717847 
351 549 15 19 0.09715678 
0 123 9 18 0.09701277 
315 54 15 23 0.09675975 
234 788 13 17 0.096743405 
234 158 13 16 0.09651772 
231 555 14 20 0.096273124 
716 393 15 18 0.0959183 
181 474 22 27 0.09577625 
911 2 13 16 0.095525935 
596 453 15 20 0.095305115 
332 584 20 24 0.09490802 
779 800 19 24 0.094893895 
566 491 13 18 0.09381673 
45 146 16 20 0.09378218 
917 193 13 16 0.093489476 
789 412 13 15 0.09335067 
860 429 16 20 0.09327903 
255 694 12 14 0.09322008 
604 391 16 22 0.09297317 
703 393 14 18 0.09278751 
321 510 21 26 0.09262597 
775 450 14 19 0.092172354 
743 630 21 26 0.0920484 
683 74 15 19 0.09204761 
814 584 25 28 0.091891326 
758 2 13 15 0.08966615 
323 8 19 22 0.089421675 
518 441 16 19 0.08929785 
893 198 16 22 0.08868702 
129 756 12 17 0.088648506 
949 664 15 19 0.08844496 
682 134 17 20 0.08840755 
826 289 18 20 0.08835487 
486 273 16 20 0.08830034 
18 539 17 21 0.08803196 
646 116 23 27 0.08794782 
237 315 15 19 0.08766634 
778 115 15 22 0.087607816 
935 132 11 14 0.08757658 
962 784 48 56 0.08756336 
216 36 12 17 0.0874514 
316 298 16 23 0.087151594 
963 457 26 29 0.08679346 
217 425 20 26 0.086646855 
225 348 17 22 0.08625314 
962 1144 32 39 0.086212866 
418 152 23 29 0.08608121 
305 37 18 23 0.08607801 
964 298 16 19 0.08595236 
815 149 13 17 0.085912995 
677 373 16 21 0.08585627 
242 574 21 27 0.08571548 
129 137 14 18 0.085708834 
827 155 13 17 0.085654125 
535 313 14 18 0.084886946 
238 479 21 27 0.08480613 
794 138 16 19 0.083931915 
137 559 21 24 0.08381899 
394 369 15 20 0.08346366 
829 164 15 18 0.083068684 
878 393 22 27 0.08301371 
291 482 15 19 0.08261985 
603 97 17 21 0.08260132 
315 196 17 21 0.082141995 
910 63 12 15 0.08211615 
763 679 17 19 0.081965834 
372 33 12 19 0.08151108 
276 403 16 18 0.081450194 
4 47 15 20 0.081351 
209 538 17 21 0.081341416 
148 393 21 25 0.08125004 
574 513 16 22 0.08115078 
813 434 24 30 0.08110816 
491 440 14 18 0.08109582 
288 804 12 17 0.08106916 
687 594 12 17 0.080731675 
620 408 14 19 0.08050242 
397 438 15 21 0.08001544 
266 109 17 22 0.07984941 
878 49 16 20 0.079366066 
737 179 23 28 0.07924552 
643 786 16 19 0.07917308 
780 14 16 19 0.07873191 
597 500 14 17 0.0782094 
95 173 14 18 0.078114755 
423 168 21 26 0.07804577 
159 894 23 30 0.07774343 
455 117 21 26 0.0777148 
931 142 12 16 0.07742942 
636 298 15 19 0.07739006 
236 545 20 26 0.07728305 
231 683 14 18 0.077181414 
356 343 14 20 0.07707226 
521 89 19 25 0.07643764 
699 543 15 18 0.076406404 
222 169 15 21 0.07635512 
853 168 15 19 0.07626372 
350 838 36 42 0.07618633 
114 512 17 20 0.07617565 
582 482 17 20 0.076036826 
766 372 21 28 0.07593032 
683 97 15 18 0.07570813 
147 642 15 19 0.07568732 
191 93 15 19 0.074953 
150 595 16 22 0.07476153 
951 656 24 29 0.074558906 
642 710 30 32 0.07455506 
101 591 22 27 0.07441962 
687 33 14 18 0.07429523 
973 315 16 20 0.07406274 
500 95 17 22 0.073880784 
352 379 16 21 0.073781304 
800 712 23 29 0.07373508 
166 717 15 18 0.07367883 
148 417 17 22 0.07365687 
820 88 17 23 0.07361542 
155 426 16 21 0.073589034 
310 305 15 21 0.073380396 
534 498 15 19 0.07334248 
722 266 14 20 0.073095456 
636 267 18 24 0.072476886 
695 347 13 17 0.07240443 
78 569 14 17 0.07221766 
420 746 10 13 0.07218386 
53 636 14 17 0.0720188 
128 323 13 17 0.07192486 
447 370 13 17 0.07189735 
427 417 15 19 0.07166183 
790 407 11 13 0.071567684 
77 719 25 29 0.07154482 
756 678 16 19 0.071533665 
907 200 13 16 0.07151817 
459 145 15 19 0.070834376 
775 628 13 18 0.07076481 
956 306 15 18 0.07045341 
124 575 23 29 0.070406236 
736 525 11 15 0.069906116 
99 699 12 16 0.06955245 
907 149 13 16 0.069476396 
273 591 21 26 0.06932871 
589 369 15 18 0.06908287 
205 98 20 25 0.069074795 
1000 115 19 24 0.06901455 
709 147 14 19 0.06900552 
927 735 30 34 0.06882056 
173 631 14 18 0.068308055 
149 82 14 20 0.067927435 
36 123 14 18 0.06790349 
333 359 14 19 0.06775485 
381 150 17 23 0.06774806 
69 747 22 30 0.0676647 
92 770 16 20 0.06743112 
130 357 14 17 0.067154974 
549 298 16 18 0.06696959 
632 704 24 32 0.06695535 
733 453 13 19 0.066820174 
761 719 20 23 0.06673578 
3 234 23 32 0.06646937 
854 525 22 27 0.06633194 
462 373 13 17 0.066330135 
590 406 15 19 0.065874 
914 312 14 20 0.06568626 
555 115 21 27 0.065498576 
265 553 24 30 0.065059856 
440 381 13 17 0.064969234 
506 89 21 28 0.06481628 
44 105 12 17 0.06465285 
869 709 16 24 0.064530544 
526 251 14 19 0.064066194 
271 366 21 26 0.06395394 
776 519 14 19 0.06369703 
814 187 16 20 0.06349671 
781 338 17 19 0.0633764 
322 402 17 22 0.06333992 
868 370 21 27 0.06323507 
341 834 15 21 0.06320807 
346 707 24 29 0.06308054 
561 445 16 18 0.062895 
163 41 19 25 0.062866 
396 89 16 20 0.06282545 
996 704 15 23 0.062735364 
1010 304 13 19 0.062733 
532 430 13 17 0.06269454 
963 233 14 19 0.06259296 
494 425 13 18 0.06256812 
89 775 22 31 0.06249991 
868 461 24 32 0.062495105 
751 585 23 26 0.062468037 
973 138 14 18 0.062306423 
820 430 16 21 0.062155113 
919 652 16 19 0.061932333 
928 93 14 18 0.06192455 
577 82 13 19 0.061883155 
768 386 17 21 0.061629247 
231 216 18 22 0.061388366 
453 440 12 16 0.0613623 
747 165 18 23 0.061341748 
11 68 14 18 0.06133115 
931 490 15 19 0.061257444 
1002 416 21 24 0.061240565 
844 704 16 21 0.061234612 
211 138 12 14 0.06113926 
874 211 14 18 0.061058152 
925 518 23 26 0.06081773 
139 403 22 28 0.0607398 
142 668 16 21 0.060716163 
741 210 15 20 0.06062643 
723 404 14 18 0.060414698 
110 723 14 19 0.060374312 
1 587 11 16 0.060184866 
550 784 16 24 0.060087714 
559 516 23 30 0.06008388 
931 -1 16 17 0.06002195 
648 673 24 29 0.059673313 
872 9 12 17 0.059375178 
581 0 13 12 0.059336267 
102 689 14 20 0.059197266 
594 101 21 25 0.05917624 
369 859 27 32 0.058777664 
751 540 14 16 0.05873352 
811 633 13 15 0.058683876 
843 53 17 21 0.058470063 
642 86 21 27 0.05838296 
774 194 20 25 0.058114074 
707 244 16 22 0.05804125 
891 578 18 21 0.05787525 
382 224 13 19 0.05782621 
579 65 14 18 0.057751924 
745 981 48 51 0.057448838 
384 274 15 19 0.057165798 
131 299 11 14 0.057163253 
570 211 24 28 0.057097398 
925 204 13 17 0.05700911 
39 657 14 18 0.056876075 
860 517 23 28 0.05682492 
917 664 17 23 0.05655662 
546 181 19 25 0.056473315 
404 212 17 19 0.056290023 
8 38 12 16 0.05618375 
756 651 15 20 0.05603947 
595 482 14 19 0.056034442 
837 353 22 26 0.055888873 
154 70 16 22 0.055856496 
612 429 22 29 0.055767473 
764 727 28 33 0.055729877 
115 705 15 16 0.055578526 
914 202 15 18 0.055541925 
746 641 23 29 0.055530123 
673 442 16 21 0.055155437 
411 773 12 16 0.05515188 
968 162 17 22 0.055138 
307 43 21 28 0.054991383 
301 303 14 21 0.054975975 
931 778 13 22 0.054884385 
939 209 13 16 0.05470893 
514 473 14 19 0.054484908 
805 824 18 21 0.054366507 
354 472 20 27 0.054346777 
846 426 12 16 0.054340955 
301 765 10 13 0.054140534 
561 167 21 28 0.054111693 
794 663 14 20 0.054107264 
964 189 14 16 0.05410004 
893 367 15 20 0.054035902 
533 510 16 21 0.054029904 
274 311 15 20 0.05402792 
804 368 15 17 0.053959172 
10 634 16 22 0.053879913 
675 75 21 27 0.053877443 
408 76 23 27 0.05376089 
6 170 12 17 0.053728275 
21 158 23 29 0.053710487 
775 510 18 21 0.053600583 
389 383 13 17 0.053321436 
716 589 14 16 0.05313042 
143 344 13 16 0.053049907 
978 588 16 24 0.052969236 
931 660 13 18 0.052952662 
323 52 15 23 0.05294853 
515 194 16 20 0.052886825 
487 373 12 14 0.052869324 
773 590 11 15 0.052777275 
266 57 16 19 0.05269336 
110 520 23 28 0.05266264 
795 421 19 27 0.05265536 
539 678 20 26 0.05263153 
56 3 23 27 0.052608225 
81 36 15 19 0.052500322 
436 317 10 13 0.05246887 
463 462 25 29 0.0523041 
574 418 14 20 0.05228317 
514 243 15 19 0.052139483 
773 2 13 17 0.052055825 
619 345 17 21 0.051980175 
141 316 13 18 0.051925007 
466 213 13 17 0.051915 
386 865 26 34 0.05190914 
333 553 14 18 0.051901355 
312 401 18 23 0.051771443 
321 750 18 22 0.05164465 
247 875 23 37 0.051584497 
188 945 12 16 0.051582117 
708 413 12 16 0.051394954 
78 741 24 32 0.051273767 
201 616 14 18 0.051219095 
71 529 15 19 0.05117923 
588 114 16 21 0.051172912 
45 47 17 20 0.05110468 
972 183 13 16 0.051006284 
611 768 23 31 0.050630454 
610 395 16 21 0.050291378 
838 484 14 19 0.050283376 
616 512 21 30 0.05026177 
508 29 16 20 0.05018563 
996 418 15 17 0.050107352 
616 526 17 24 0.049930174 
954 35 17 22 0.04978842 
653 702 27 34 0.049722284 
352 394 16 20 0.0494694 
230 671 21 27 0.04946579 
564 149 19 25 0.049348082 
682 708 22 27 0.049322784 
930 98 15 20 0.049289808 
135 443 22 28 0.049257755 
246 359 15 20 0.04916067 
654 778 13 17 0.049071524 
69 715 14 19 0.04898168 
438 442 13 16 0.048954725 
838 417 13 18 0.048617143 
445 435 13 18 0.04859038 
409 249 17 21 0.048463833 
316 291 15 19 0.048450187 
293 664 14 18 0.048356522 
5 647 20 28 0.048268013 
707 349 15 20 0.04825879 
626 399 17 20 0.04815631 
980 262 15 19 0.048150085 
918 270 18 24 0.048126057 
819 446 16 23 0.047997333 
324 409 22 27 0.047870602 
524 244 14 18 0.04785073 
11 625 16 20 0.047818087 
403 809 19 25 0.04780344 
425 43 19 20 0.04765529 
611 102 17 22 0.047555014 
799 51 14 18 0.047494568 
165 612 17 23 0.04729586 
55 590 15 19 0.047147296 
705 660 16 22 0.047145877 
318 745 15 19 0.047135603 
534 487 21 27 0.04711469 
735 424 15 20 0.047079932 
475 145 16 21 0.047026888 
297 371 14 18 0.046972275 
227 294 16 19 0.046892136 
850 135 16 20 0.046865612 
814 35 14 18 0.04684466 
316 513 17 20 0.04649739 
719 677 13 18 0.0464462 
877 14 17 20 0.046440344 
362 559 15 21 0.046426985 
957 218 14 17 0.046215784 
328 314 16 19 0.04608824 
270 503 15 20 0.046020124 
184 311 13 18 0.04587216 
47 627 14 19 0.045696255 
971 341 13 16 0.045651715 
495 102 22 28 0.045643527 
764 662 18 20 0.04564275 
364 481 13 19 0.045506638 
1 258 12 18 0.045466572 
193 672 17 23 0.04542614 
198 711 15 21 0.045299653 
613 219 13 17 0.045272723 
877 194 13 18 0.045211066 
251 252 14 18 0.045129377 
864 203 12 18 0.04507194 
718 347 13 19 0.04505974 
588 258 17 21 0.045033854 
20 580 12 14 0.044983245 
431 316 11 15 0.044937503 
964 582 13 16 0.04479415 
418 232 14 21 0.044771284 
666 357 17 20 0.044756085 
417 408 19 21 0.044707976 
694 27 14 19 0.044599377 
467 220 15 18 0.0445874 
70 71 15 20 0.044521235 
460 298 18 23 0.044487365 
851 162 14 18 0.044332154 
138 619 15 19 0.044225633 
536 251 18 21 0.044218134 
589 596 17 19 0.044118464 
725 417 16 22 0.04410042 
395 262 19 24 0.044095244 
252 363 14 18 0.04409458 
627 412 15 19 0.04409412 
488 110 23 28 0.04405209 
56 580 14 20 0.044047654 
774 11 14 19 0.04403282 
342 473 20 26 0.044004686 
145 700 16 20 0.043883577 
2 595 13 16 0.043698512 
634 341 17 22 0.043612372 
751 372 13 18 0.043528117 
546 456 21 26 0.043518037 
499 412 15 18 0.043474395 
38 617 13 16 0.043434475 
966 11 15 18 0.043395225 
826 410 15 18 0.043342307 
701 536 13 16 0.04332647 
789 467 15 20 0.043323662 
192 37 11 15 0.043298908 
795 330 14 17 0.043249294 
54 106 16 19 0.043192152 
115 132 17 22 0.04308321 
623 31 15 19 0.043074895 
353 331 13 19 0.043048665 
791 525 16 20 0.043044295 
529 70 20 28 0.0429342 
108 89 16 21 0.042857837 
922 222 14 18 0.042797733 
285 18 24 27 0.042609118 
434 75 15 21 0.042592335 
923 772 26 36 0.0425562 
851 359 19 24 0.042432938 
610 466 14 18 0.042407412 
852 37 13 18 0.04240286 
238 399 22 27 0.04232917 
849 354 16 20 0.04221637 
556 65 15 20 0.04214677 
530 194 19 23 0.04203267 
39 891 27 35 0.041982025 
327 354 15 21 0.041925944 
-1 741 12 23 0.04181083 
931 577 15 21 0.04179068 
1004 261 13 16 0.041778523 
440 120 18 21 0.04177613 
462 392 13 17 0.04176113 
99 163 17 20 0.04175396 
957 704 20 24 0.041705944 
555 410 15 20 0.04168299 
965 141 14 17 0.041646484 
950 507 14 18 0.041513678 
620 394 16 21 0.04149317 
519 419 13 16 0.04144221 
390 635 24 32 0.04143078 
568 116 19 24 0.041380793 
571 446 15 19 0.041312613 
787 298 19 23 0.04126512 
646 24 15 17 0.041164692 
707 545 13 16 0.04106616 
289 240 13 18 0.041013446 
415 63 21 25 0.040994827 
980 139 13 19 0.040866368 
1004 145 18 24 0.040862046 
995 143 14 21 0.040858794 
165 530 18 22 0.040836386 
564 409 14 19 0.040824708 
434 29 13 17 0.040819895 
226 159 18 24 0.040713396 
655 274 17 21 0.040656578 
961 320 15 19 0.04064356 
287 771 14 18 0.040603094 
875 103 15 19 0.04054716 
11 104 15 19 0.04053753 
970 306 15 19 0.04052723 
844 89 17 20 0.040478207 
769 687 22 29 0.040426623 
217 572 16 20 0.04040273 
282 2 27 31 0.04036186 
398 0 14 13 0.040346917 
10 89 13 16 0.04034243 
735 165 21 26 0.04030844 
204 132 13 17 0.04027888 
540 393 14 19 0.040255643 
894 82 15 18 0.040195867 
485 158 17 24 0.04018689 
909 357 18 21 0.040103346 
989 352 16 21 0.040099148 
410 157 18 20 0.040075395 
253 698 15 19 0.03996494 
4 193 19 28 0.039926182 
957 654 31 38 0.039911162 
596 522 18 24 0.039862704 
129 587 16 23 0.039849445 
855 17 16 19 0.039836217 
787 38 16 19 0.039726134 
772 277 13 18 0.0397039 
666 110 15 19 0.039700393 
339 684 15 19 0.03969442 
336 204 23 29 0.039668936 
929 680 17 21 0.03966576 
700 117 16 21 0.039661027 
685 408 17 20 0.03964316 
1010 280 14 19 0.039552018 
403 625 24 28 0.039475504 
157 875 24 33 0.03943179 
591 120 23 27 0.03939511 
213 329 22 26 0.03934521 
257 317 14 19 0.03931893 
387 691 11 14 0.03922887 
800 308 21 27 0.039200827 
603 518 17 19 0.03916181 
602 449 20 27 0.039156113 
101 147 16 20 0.03911935 
17 596 15 18 0.039089207 
294 623 16 22 0.0390671 
796 128 20 25 0.03902538 
953 11 24 30 0.038969122 
784 414 11 15 0.0387847 
59 610 17 21 0.038767442 
681 443 16 22 0.038723264 
668 38 13 17 0.03869311 
141 658 16 18 0.03858409 
950 203 11 16 0.03851003 
354 370 14 19 0.038447626 
380 40 16 25 0.03840584 
582 442 13 17 0.038387228 
927 483 14 19 0.03837867 
683 299 13 16 0.03831665 
942 580 17 21 0.038185682 
335 235 24 30 0.03814236 
635 333 16 20 0.038085967 
423 28 16 18 0.038085423 
668 381 15 19 0.038079713 
739 451 14 19 0.03802204 
611 454 17 22 0.038019046 
590 487 21 25 0.03798366 
768 403 15 18 0.037918303 
909 430 15 21 0.03787847 
33 159 15 21 0.037788462 
973 12 25 31 0.03778651 
384 873 40 54 0.03777098 
322 858 35 45 0.037734676 
571 480 19 25 0.03773152 
979 132 12 17 0.03758291 
579 508 15 19 0.03756925 
406 621 14 17 0.037553877 
821 22 11 14 0.037451033 
138 2 17 17 0.037402973 
894 357 20 25 0.037345663 
557 373 14 18 0.03734056 
817 670 23 28 0.037331995 
716 453 16 20 0.037329115 
642 390 16 18 0.03732908 
239 302 21 23 0.037292402 
553 156 19 24 0.037261557 
10 162 23 29 0.03723983 
915 388 20 25 0.037232213 
953 66 16 21 0.037216578 
93 744 18 24 0.03714937 
412 763 12 14 0.037118804 
423 64 22 28 0.037098702 
18 60 12 17 0.037055235 
303 536 15 19 0.03702617 
430 181 16 21 0.03698216 
520 263 18 24 0.03695239 
814 89 16 20 0.036931973 
491 500 15 18 0.03690707 
933 318 14 17 0.036840703 
339 358 16 18 0.036825817 
955 581 15 18 0.036817513 
401 272 13 18 0.036729403 
651 20 15 19 0.03670447 
622 98 15 20 0.03669073 
903 156 16 20 0.036651727 
196 50 15 20 0.036639966 
339 512 16 23 0.036595255 
877 586 13 17 0.036572266 
899 446 22 28 0.036561407 
489 122 17 24 0.036518365 
154 683 17 22 0.03650829 
694 632 16 21 0.036385015 
744 540 11 15 0.036355212 
411 272 15 20 0.03633778 
119 542 17 21 0.036256626 
3 122 14 20 0.03618329 
946 321 19 25 0.036163654 
949 289 16 19 0.036114573 
474 289 15 18 0.03607996 
895 27 13 16 0.03607439 
292 244 17 20 0.036032364 
780 692 15 20 0.036010187 
793 301 22 29 0.035854757 
873 157 11 15 0.0357465 
956 189 14 16 0.03574088 
663 44 15 21 0.03570068 
772 52 15 20 0.03569161 
712 229 20 25 0.035660658 
307 63 16 23 0.03566049 
834 85 21 28 0.035658374 
804 178 13 17 0.035647843 
350 355 13 19 0.035614315 
942 180 12 15 0.03558783 
385 12 15 21 0.035475723 
268 765 12 17 0.03523549 
598 134 16 22 0.035185132 
901 212 16 19 0.035141565 
658 898 28 33 0.03513973 
530 243 21 24 0.03513027 
942 232 16 20 0.035120424 
158 466 14 21 0.035089023 
101 669 12 16 0.03505748 
602 -1 14 13 0.035046984 
317 468 17 20 0.03504326 
906 576 22 25 0.0349952 
13 586 15 17 0.034991313 
165 381 22 28 0.0349904 
322 208 16 21 0.03498655 
92 515 16 19 0.03488596 
694 78 24 29 0.034867387 
400 848 37 45 0.03486383 
526 0 17 14 0.03484841 
925 529 16 20 0.03483164 
595 722 23 26 0.03480097 
19 546 21 25 0.034793235 
77 2 16 18 0.034769867 
98 728 22 29 0.0347551 
378 236 20 28 0.0347481 
685 86 21 25 0.034748074 
797 103 15 18 0.034732327 
430 128 24 29 0.03471428 
852 388 15 20 0.03467937 
67 144 14 18 0.034672983 
672 155 18 23 0.03465491 
597 394 16 19 0.03465241 
597 517 14 18 0.0346412 
847 206 16 20 0.03461339 
533 710 24 32 0.034608133 
550 914 13 18 0.034587987 
930 508 24 29 0.034476448 
41 773 19 24 0.0344688 
339 554 20 26 0.03445723 
866 588 16 20 0.034454457 
579 405 12 17 0.034433566 
85 588 14 19 0.034354925 
978 165 16 20 0.034330696 
977 479 27 33 0.03427437 
797 815 39 51 0.034270834 
573 73 17 19 0.034262124 
211 39 19 25 0.034236245 
609 109 23 30 0.03423158 
793 651 19 28 0.034225143 
933 206 12 16 0.034204643 
903 234 18 25 0.034186613 
322 317 17 20 0.03415586 
913 379 16 21 0.034144513 
658 556 17 21 0.03414111 
340 137 16 21 0.034120377 
81 728 26 32 0.03411593 
948 136 21 26 0.033972293 
395 142 21 27 0.033947453 
235 264 13 17 0.0339415 
194 0 16 16 0.03387999 
931 266 14 19 0.03385062 
600 415 15 20 0.03382274 
427 54 23 27 0.033806805 
579 450 13 17 0.033759627 
317 81 16 20 0.033572406 
542 156 17 21 0.033556435 
797 43 12 15 0.033548117 
37 117 12 16 0.03354253 
406 692 11 14 0.033526253 
806 414 13 17 0.033517536 
142 649 17 19 0.033495523 
749 308 15 18 0.03347448 
0 106 9 16 0.033445604 
493 513 29 31 0.03343668 
242 537 18 22 0.033423126 
899 623 22 27 0.033412125 
710 449 14 20 0.033394318 
741 586 24 28 0.033366248 
396 116 23 29 0.033355527 
459 240 19 24 0.033340327 
864 197 10 15 0.033303183 
853 640 23 29 0.03328793 
750 183 23 30 0.033175055 
995 212 13 17 0.033166535 
599 694 13 17 0.033146027 
852 60 16 20 0.033126257 
908 318 16 22 0.033120807 
11 121 15 18 0.03309629 
443 289 13 19 0.033078246 
742 395 15 20 0.03305015 
0 195 13 20 0.033039834 
312 747 13 17 0.033025548 
280 405 21 27 0.032861013 
669 703 18 26 0.03285253 
558 7 16 19 0.03285031 
577 736 26 29 0.032812707 
642 342 17 22 0.032795105 
760 178 16 21 0.032793418 
180 903 16 18 0.03275009 
40 731 25 30 0.032747284 
314 654 17 21 0.03267912 
447 341 21 25 0.032660794 
405 840 15 20 0.03263605 
596 16 15 20 0.032632027 
124 559 25 29 0.032596108 
437 403 13 18 0.032582734 
565 432 15 18 0.03255795 
699 550 17 20 0.032541793 
96 692 13 18 0.032496374 
665 387 13 18 0.03241305 
200 107 19 26 0.032342624 
76 29 15 19 0.03234013 
134 145 15 18 0.032319207 
797 390 11 14 0.03230473 
379 142 15 18 0.032269638 
292 795 12 16 0.032179553 
537 279 15 20 0.032169 
846 261 16 19 0.032165002 
682 43 15 20 0.03216175 
772 245 15 21 0.03211634 
637 148 14 19 0.03210036 
304 244 21 26 0.032086194 
831 711 20 27 0.032060746 
892 19 13 16 0.032050453 
77 738 14 19 0.03202324 
886 196 12 18 0.03198248 
499 82 18 22 0.03189796 
354 444 17 21 0.03189731 
334 418 22 27 0.031888034 
1 553 14 18 0.031874243 
823 811 32 42 0.031872187 
924 254 14 18 0.03186201 
709 709 21 29 0.031820286 
291 785 15 19 0.03178336 
556 504 21 29 0.03173915 
551 524 24 31 0.03165795 
310 768 13 16 0.03164325 
486 315 14 19 0.031637494 
424 394 15 20 0.031601407 
481 143 21 27 0.031586595 
76 713 19 23 0.03154661 
676 58 21 27 0.0314038 
33 644 20 28 0.03135622 
91 587 16 21 0.03134192 
330 330 16 20 0.03134087 
640 104 16 21 0.031323746 
635 408 17 20 0.03132253 
252 42 15 17 0.03128926 
300 780 12 16 0.03128862 
738 126 18 20 0.031287447 
149 36 17 20 0.031263772 
533 60 16 21 0.031250626 
1006 212 13 16 0.031249812 
435 84 22 27 0.03124231 
667 346 16 19 0.031224405 
322 88 16 19 0.031195827 
618 597 14 19 0.0311613 
863 47 21 26 0.03114967 
485 418 13 20 0.031137524 
394 97 24 28 0.031135242 
384 322 13 18 0.031060953 
349 498 14 19 0.030997034 
761 420 17 20 0.030996045 
886 218 11 15 0.030983075 
517 185 15 20 0.030896064 
602 10 15 20 0.030856075 
139 582 15 21 0.030853162 
171 587 14 20 0.03083751 
766 -5 22 22 0.030819053 
3 254 21 31 0.030810507 
899 21 14 18 0.030808369 
703 494 23 28 0.030788314 
435 67 15 19 0.030779958 
323 291 15 18 0.030779561 
451 66 17 22 0.030752482 
531 395 14 17 0.030741232 
699 4 25 25 0.030736575 
398 210 16 19 0.030736005 
940 162 13 19 0.030715123 
779 717 16 22 0.030699909 
903 68 15 19 0.030691655 
853 426 16 20 0.03068681 
922 190 13 16 0.03067543 
467 448 16 18 0.030619409 
761 534 15 18 0.03061901 
878 312 20 28 0.030581446 
0 0 10 16 0.03055317 
338 225 17 20 0.03053995 
15 628 20 30 0.030506667 
568 95 19 24 0.030490454 
478 257 14 17 0.030484024 
519 409 14 18 0.030471612 
467 146 16 20 0.03041406 
821 169 19 25 0.030410098 
488 529 15 17 0.030404989 
745 470 16 21 0.03040007 
677 346 14 17 0.030361895 
450 376 15 18 0.030348307 
970 197 14 18 0.030289583 
462 231 17 21 0.030252937 
360 426 14 20 0.030220507 
537 667 14 17 0.03018547 
325 577 23 25 0.030124793 
968 340 21 28 0.030104049 
885 583 16 20 0.030094344 
541 45 17 21 0.030028895 
637 790 16 19 0.029975995 
987 169 12 18 0.029920196 
585 437 16 18 0.029893452 
359 547 20 28 0.029838368 
759 798 34 36 0.02979399 
899 319 16 21 0.029738704 
103 62 16 21 0.029730765 
579 8 14 18 0.029724443 
818 117 16 19 0.029701827 
893 731 17 20 0.029602777 
465 252 14 17 0.029590707 
611 876 21 22 0.029580161 
765 444 12 15 0.029579751 
697 643 19 23 0.029570665 
582 325 21 27 0.02953458 
879 33 23 31 0.029531956 
274 414 21 26 0.029507633 
474 1203 19 23 0.029490862 
100 507 15 18 0.029479137 
980 360 22 27 0.029472172 
699 598 16 21 0.029463971 
622 350 23 29 0.029410006 
167 624 14 20 0.029403418 
826 427 14 19 0.029344399 
825 393 15 19 0.029291725 
611 721 17 22 0.029286232 
243 618 24 29 0.029274657 
147 439 21 27 0.029274115 
455 284 15 20 0.029266734 
671 690 23 35 0.029243698 
806 504 13 18 0.029225923 
674 428 16 21 0.02913765 
754 313 16 21 0.029135404 
925 764 43 56 0.029119588 
59 642 12 17 0.029108018 
765 247 16 20 0.029100485 
104 538 17 21 0.029093735 
781 592 15 19 0.02905655 
731 216 15 20 0.029035658 
140 166 21 28 0.02899047 
522 452 21 26 0.028951747 
335 599 20 26 0.02891652 
764 625 14 19 0.028888414 
180 364 11 15 0.02888828 
773 539 12 16 0.028888037 
979 71 17 22 0.028886154 
828 182 15 19 0.028884932 
614 142 22 29 0.028870191 
1 44 11 17 0.02886964 
276 261 13 16 0.028832722 
539 426 13 18 0.02882785 
893 64 15 19 0.028826753 
816 298 23 26 0.028808553 
882 517 23 31 0.028800441 
125 571 15 18 0.028745621 
331 291 14 17 0.028744275 
729 226 18 24 0.0286843 
512 296 15 20 0.028612379 
598 92 16 21 0.02858562 
514 110 16 23 0.02858166 
389 356 13 19 0.028570967 
320 793 12 16 0.028570417 
78 6 24 29 0.028565805 
533 471 21 26 0.028549746 
588 502 14 19 0.028540066 
290 -3 27 27 0.02851791 
478 124 23 31 0.028504932 
770 677 16 18 0.028481971 
169 589 22 29 0.028476898 
336 839 14 20 0.028444847 
24 176 25 33 0.02842886 
170 738 22 26 0.02840234 
742 444 13 16 0.028377311 
80 620 14 17 0.028366886 
1004 476 20 31 0.028352393 
657 193 18 21 0.028322026 
887 627 22 27 0.028305838 
485 378 16 19 0.028268654 
664 335 21 25 0.02814258 
652 109 17 22 0.028131822 
565 63 15 20 0.028130569 
611 417 19 25 0.028107341 
257 623 17 21 0.028081166 
0 77 10 16 0.028077766 
1000 350 18 22 0.028049909 
392 546 15 20 0.028017411 
309 813 14 19 0.028008454 
302 308 20 27 0.027978525 
776 188 16 19 0.027968798 
931 495 22 26 0.027966997 
407 163 17 21 0.027914092 
842 799 33 36 0.02791056 
978 -4 44 56 0.027903732 
333 150 17 21 0.027897181 
292 408 22 28 0.027887205 
977 211 15 18 0.02787049 
335 480 22 28 0.027838428 
858 680 17 20 0.027832923 
300 0 16 15 0.02781256 
7 270 26 31 0.027796237 
126 392 22 29 0.027795687 
426 402 15 20 0.027791653 
955 260 12 16 0.027759183 
104 650 12 16 0.027706606 
540 288 14 19 0.027649142 
867 789 44 57 0.027632533 
252 60 24 30 0.027630597 
45 828 48 57 0.027630392 
785 330 20 24 0.027569847 
747 90 22 29 0.027543716 
672 893 19 23 0.02753774 
619 383 16 20 0.027533544 
901 78 15 20 0.02746725 
990 115 16 23 0.027462287 
644 316 17 21 0.027457044 
40 135 15 20 0.027442535 
658 347 16 18 0.027378688 
287 766 11 15 0.027360154 
569 407 19 24 0.027329357 
762 21 21 27 0.027326183 
590 396 13 16 0.02728232 
805 725 17 21 0.027274646 
64 649 18 24 0.027255522 
12 660 19 27 0.027223645 
399 838 12 16 0.027210249 
545 0 16 18 0.027197553 
12 80 22 26 0.02719179 
774 43 13 17 0.027191354 
414 419 15 19 0.027158458 
778 32 21 26 0.02711831 
730 411 13 16 0.027104363 
154 49 23 29 0.027100429 
130 316 14 19 0.027095962 
706 395 19 25 0.027078258 
182 26 12 16 0.027063563 
618 728 16 22 0.02705437 
125 95 17 21 0.027015112 
781 509 23 29 0.0270056 
620 266 16 21 0.02700353 
1002 121 24 30 0.02698609 
537 434 15 19 0.026985502 
375 246 16 21 0.02698544 
857 258 14 20 0.026985327 
594 613 18 21 0.026981145 
467 161 21 30 0.026963832 
169 313 15 21 0.02696266 
843 191 16 20 0.026937826 
566 52 15 20 0.026912306 
307 25 25 31 0.02689997 
942 221 13 17 0.026876919 
433 684 10 13 0.026828714 
125 142 15 19 0.026797384 
23 699 12 16 0.026767649 
635 411 25 30 0.026756315 
58 674 14 17 0.026746402 
481 227 15 20 0.026710348 
588 940 28 34 0.026701456 
183 942 24 31 0.026687019 
445 73 14 19 0.026676776 
654 6 21 25 0.02664886 
229 567 20 29 0.0266384 
211 381 16 18 0.026618265 
427 708 12 17 0.026614014 
159 713 14 19 0.026612679 
901 230 14 17 0.026585039 
588 732 25 30 0.026573934 
765 451 13 18 0.026562957 
717 409 15 19 0.026549207 
1011 129 13 18 0.026544537 
226 430 16 23 0.026539197 
949 616 15 19 0.026538653 
294 767 11 13 0.026523875 
899 190 14 16 0.02650211 
890 25 22 28 0.02648801 
647 395 17 21 0.026481668 
54 66 25 28 0.026455725 
540 263 21 27 0.026443375 
415 743 12 15 0.026420513 
420 250 13 18 0.026376074 
427 800 13 17 0.026375135 
723 534 13 15 0.026318042 
89 756 22 30 0.026306361 
870 28 13 17 0.026278937 
880 329 15 20 0.02623802 
938 100 20 27 0.026223635 
663 652 15 19 0.026167 
642 742 26 32 0.026163302 
461 336 16 20 0.026140029 
762 587 17 19 0.026126668 
44 119 23 26 0.026125835 
868 197 13 16 0.026107853 
911 735 16 22 0.026098011 
356 693 17 22 0.026089326 
404 837 26 31 0.02603653 
231 656 23 29 0.026000902 
314 692 14 19 0.025974981 
211 877 18 26 0.02596596 
879 262 13 16 0.025918124 
316 813 15 21 0.025884986 
141 44 17 21 0.025878888 
906 42 14 20 0.025869347 
634 661 24 32 0.025863701 
502 471 16 21 0.02585366 
421 144 18 22 0.025847487 
26 801 48 56 0.02582008 
884 259 13 15 0.025815679 
585 99 20 26 0.025813393 
534 389 11 14 0.025810497 
299 665 13 17 0.025802791 
341 765 12 16 0.025798881 
339 88 16 23 0.025776215 
771 288 14 18 0.025766533 
422 428 21 25 0.025750998 
285 784 13 19 0.025743943 
750 10 20 26 0.025726607 
271 -1 25 28 0.02571094 
769 416 15 18 0.025693355 
587 472 21 27 0.025688939 
882 267 15 19 0.025687123 
943 1126 51 63 0.025636686 
814 395 14 19 0.025633292 
958 5 11 15 0.025571585 
938 129 14 17 0.025560737 
846 433 14 18 0.02554754 
36 180 16 22 0.025532128 
21 574 13 15 0.025502747 
445 222 15 19 0.025490321 
178 532 16 22 0.02545414 
348 113 12 17 0.025434421 
708 533 12 15 0.025413396 
741 307 14 17 0.025413143 
623 142 17 21 0.02540538 
717 512 15 19 0.025378963 
971 151 21 27 0.025375085 
958 477 22 29 0.0253151 
874 672 17 21 0.025240853 
130 125 15 18 0.02523788 
845 226 14 18 0.025224369 
75 480 16 20 0.025215382 
849 797 44 51 0.025189038 
683 673 15 19 0.025162946 
981 339 15 17 0.0251532 
941 53 15 20 0.025139464 
99 175 22 29 0.025096461 
683 662 23 29 0.025073158 
509 509 16 18 0.025055813 
347 310 15 20 0.025045814 
134 53 22 28 0.02504442 
557 87 24 29 0.02503883 
110 118 25 27 0.025025085 
659 330 15 17 0.025022283 
940 687 15 22 0.025002727 
995 334 16 19 0.024996208 
275 37 24 26 0.024988087 
46 70 16 19 0.024976574 
507 101 20 29 0.02490054 
296 496 15 20 0.024897436 
750 420 13 18 0.024890684 
941 693 20 29 0.024885274 
44 52 22 29 0.024857529 
333 630 21 29 0.024856277 
771 159 21 26 0.02484733 
189 428 17 22 0.024818856 
891 272 15 19 0.02479369 
512 454 20 26 0.02478858 
792 810 26 35 0.024780294 
349 686 19 26 0.024768243 
1 580 15 18 0.024753014 
888 107 16 22 0.02471661 
741 600 16 20 0.024710478 
608 919 32 41 0.02468534 
130 295 10 12 0.024680393 
159 723 15 20 0.024661485 
352 833 19 22 0.02458796 
401 291 14 18 0.024585504 
164 467 18 25 0.024559034 
101 673 21 24 0.024529442 
411 612 24 27 0.024525654 
112 727 17 22 0.02451197 
758 65 16 20 0.024494143 
112 715 16 20 0.024491107 
419 665 14 19 0.024474496 
7 51 22 28 0.024461698 
536 303 21 25 0.02444653 
579 477 15 19 0.024410222 
602 615 16 21 0.024409698 
299 281 14 20 0.02440597 
419 892 48 63 0.024391662 
364 738 11 14 0.02437662 
509 240 15 18 0.024374181 
956 653 16 20 0.024364114 
881 235 13 17 0.024358107 
588 -1 14 14 0.02432477 
448 411 16 20 0.024322134 
55 572 11 15 0.024300896 
524 233 16 20 0.024287043 
814 21 12 15 0.02426485 
651 278 25 28 0.024239114 
806 651 17 24 0.024231464 
407 428 14 20 0.02422932 
876 160 14 17 0.024212647 
109 507 14 19 0.024204174 
714 246 16 21 0.024197124 
227 320 14 18 0.024195975 
928 252 19 23 0.02418356 
775 149 22 26 0.024172366 
6 641 17 21 0.024157066 
428 132 16 21 0.024147952 
716 417 14 20 0.024127947 
949 483 15 20 0.024121648 
853 619 15 18 0.024107141 
272 48 22 25 0.024092123 
188 954 15 23 0.024086172 
384 99 22 28 0.024025137 
452 149 16 21 0.024001636 
754 613 15 19 0.023973245 
420 795 15 18 0.023973195 
900 725 15 21 0.023958154 
889 316 20 28 0.023942405 
550 508 15 22 0.023942104 
634 478 19 24 0.023933724 
114 80 16 20 0.02392916 
682 433 17 22 0.02390354 
536 684 13 17 0.023846664 
635 369 14 20 0.023823943 
178 210 16 21 0.023820234 
47 688 17 22 0.02379605 
298 467 14 18 0.023782974 
723 388 14 19 0.023779782 
5 599 20 27 0.023771632 
219 382 16 19 0.023758607 
349 512 17 23 0.023747513 
633 379 16 22 0.023737194 
552 476 16 21 0.023732316 
713 698 22 32 0.023705076 
43 545 22 27 0.023668438 
37 583 13 16 0.02364391 
153 733 14 18 0.023632847 
456 134 21 27 0.023611726 
135 674 15 21 0.023597991 
544 458 12 17 0.023592774 
37 236 15 18 0.023589186 
645 112 16 21 0.023588464 
886 51 23 27 0.023566816 
992 118 24 30 0.023564715 
116 484 22 27 0.023529662 
329 519 16 23 0.02351444 
8 147 12 16 0.023506792 
58 744 23 29 0.023495166 
570 465 14 19 0.02348699 
607 940 31 36 0.023472821 
67 616 14 18 0.023460658 
530 284 19 26 0.023452342 
436 498 24 29 0.02342635 
322 40 15 22 0.023424324 
63 385 12 16 0.023365272 
632 423 24 31 0.02336473 
714 254 21 27 0.02336415 
453 395 13 17 0.023357674 
525 294 16 23 0.023335181 
829 416 15 20 0.023322105 
434 286 16 21 0.023268044 
976 -1 27 29 0.023259459 
795 412 13 17 0.023258612 
102 723 14 20 0.02325218 
774 307 14 19 0.02323225 
281 74 14 19 0.023231868 
758 366 20 28 0.023212494 
548 256 16 20 0.023207335 
309 781 13 16 0.023206348 
758 457 13 17 0.023165379 
148 434 15 20 0.023152106 
3 544 20 26 0.023151282 
589 11 14 19 0.023132307 
503 155 18 23 0.023101054 
182 339 10 15 0.023091082 
691 354 15 19 0.023085823 
312 755 13 17 0.023080941 
660 395 20 27 0.023077156 
791 396 13 15 0.023058888 
807 694 21 28 0.02304771 
751 533 11 15 0.023036148 
117 653 13 16 0.023025183 
576 201 22 27 0.02300486 
28 163 24 32 0.022994582 
253 564 18 23 0.02297056 
80 514 20 24 0.022957357 
490 278 20 25 0.022946877 
191 49 13 18 0.022944253 
1002 99 16 19 0.022934591 
155 635 14 19 0.02292079 
876 1005 24 29 0.022918867 
19 93 20 24 0.02289903 
1005 467 17 25 0.02287514 
192 286 11 15 0.022869883 
396 348 14 19 0.022869507 
122 470 22 27 0.022851925 
553 176 20 26 0.02284606 
218 31 15 17 0.022845251 
589 516 13 18 0.022807902 
267 363 15 20 0.022801578 
858 36 15 19 0.022800218 
322 248 21 27 0.022799682 
72 105 14 18 0.022798864 
38 578 21 25 0.02278965 
880 366 21 26 0.022786522 
561 463 19 27 0.022781257 
497 291 14 18 0.022777945 
62 478 13 18 0.022775792 
541 933 12 16 0.0227671 
102 125 15 20 0.022756716 
66 17 15 19 0.022755556 
147 340 25 31 0.022753691 
841 815 32 38 0.022746455 
108 691 20 25 0.022734948 
871 117 14 19 0.02270637 
818 158 19 24 0.022695731 
756 543 24 28 0.022687042 
51 651 17 19 0.022685226 
949 275 13 17 0.022674372 
859 702 20 28 0.022672413 
156 661 14 19 0.02266083 
422 791 22 28 0.022658681 
43 613 13 16 0.022653634 
728 45 17 22 0.02264929 
529 461 21 27 0.022638809 
85 786 28 37 0.022631705 
942 298 14 19 0.022614788 
141 635 17 21 0.022594325 
95 192 16 21 0.022554995 
410 444 18 24 0.022542126 
658 211 17 23 0.0225403 
54 83 24 27 0.0224774 
607 370 15 20 0.02246461 
188 289 19 24 0.02246168 
683 493 17 23 0.02246121 
171 773 12 16 0.022453012 
587 920 15 20 0.022394167 
771 641 17 21 0.022387072 
780 56 14 19 0.02236351 
963 628 12 16 0.022339651 
986 781 37 46 0.02233163 
492 13 15 17 0.0222828 
999 398 23 31 0.022199232 
992 273 15 20 0.022194233 
662 244 13 18 0.022182558 
312 69 23 29 0.022180703 
744 17 13 18 0.022163013 
896 659 14 19 0.022136766 
173 484 18 22 0.022129402 
23 783 26 37 0.022127926 
553 465 16 23 0.022122562 
313 761 21 25 0.022112839 
406 1098 26 35 0.0221027 
731 193 23 30 0.022043806 
26 562 15 17 0.022036169 
362 838 21 23 0.02202924 
439 899 30 35 0.02202908 
231 429 22 28 0.022020051 
36 143 19 25 0.02199137 
931 235 15 20 0.021966798 
604 423 14 20 0.021958668 
29 580 12 15 0.02195574 
772 349 20 24 0.021954274 
276 768 13 18 0.021953968 
257 556 17 20 0.021947993 
477 166 16 22 0.021943562 
283 273 15 22 0.021912783 
258 125 16 20 0.021896811 
842 340 16 20 0.02189356 
147 685 16 22 0.021890834 
201 473 18 25 0.021884533 
872 23 22 28 0.021878297 
755 642 15 19 0.021875491 
632 478 12 16 0.02184686 
579 270 23 28 0.021814816 
284 33 16 19 0.021811113 
103 136 16 21 0.021779355 
574 519 22 30 0.021775696 
308 372 12 17 0.02175596 
261 52 15 18 0.021745762 
879 292 15 19 0.021736437 
13 101 22 27 0.021732043 
339 579 18 22 0.021700863 
173 642 16 20 0.021700518 
725 471 15 19 0.021691855 
973 602 24 32 0.02169151 
330 321 16 20 0.021674648 
540 412 16 20 0.021671059 
444 75 24 29 0.021663917 
950 306 14 18 0.021648716 
500 50 18 23 0.02164332 
749 320 15 21 0.02164299 
132 309 12 17 0.0216323 
100 625 13 18 0.021617139 
1005 92 15 17 0.021609072 
300 815 18 21 0.021605251 
400 403 13 17 0.021598266 
741 531 12 15 0.021597281 
562 33 14 21 0.02159538 
451 332 13 19 0.021588746 
908 726 14 19 0.021588158 
208 407 22 27 0.021581627 
622 501 11 14 0.021553 
662 671 21 29 0.02148675 
154 104 16 22 0.021473752 
148 333 12 15 0.02142382 
795 31 14 19 0.021414401 
205 337 16 21 0.021412766 
757 274 14 19 0.021410221 
351 861 45 59 0.021405214 
476 399 15 17 0.021392677 
190 23 23 28 0.021380816 
938 655 22 26 0.021376198 
4 0 15 16 0.021367002 
904 3 12 15 0.021365589 
600 -3 22 24 0.02134403 
885 102 14 19 0.02133044 
678 324 17 21 0.02131646 
28 628 15 20 0.021304168 
499 809 34 37 0.02126111 
541 29 16 22 0.02125159 
283 417 16 20 0.021230906 
126 165 24 29 0.021207267 
243 434 15 21 0.021176035 
556 920 12 16 0.02110679 
426 901 30 33 0.021097146 
951 267 14 16 0.021090047 
180 36 13 16 0.021048171 
859 384 16 23 0.021026982 
415 614 13 15 0.020990359 
77 22 23 29 0.020986263 
480 326 20 26 0.020986209 
649 344 20 25 0.020974059 
892 99 13 17 0.020968605 
0 562 12 20 0.020957313 
895 294 20 25 0.020951213 
766 211 16 20 0.020911599 
881 55 17 21 0.020901013 
895 1039 47 70 0.020892592 
706 0 15 13 0.020875903 
641 153 16 20 0.02086046 
267 115 23 26 0.020853126 
6 227 16 19 0.020832838 
414 376 14 19 0.020828376 
1003 504 19 31 0.020815274 
436 861 31 38 0.020812977 
602 506 13 16 0.020806262 
351 438 16 20 0.020800082 
558 646 24 32 0.020794507 
925 240 15 18 0.020792289 
31 626 20 29 0.020790726 
228 147 15 20 0.020786894 
605 346 14 19 0.020785639 
433 48 17 21 0.020778837 
752 4 12 15 0.020778336 
206 329 13 18 0.020775791 
303 72 15 20 0.020775203 
832 294 17 22 0.020757575 
472 307 16 20 0.0207571 
144 452 22 31 0.02075597 
417 857 29 36 0.020730529 
890 284 16 20 0.02069666 
78 587 15 20 0.020685578 
757 355 13 18 0.020683823 
777 5 16 18 0.020680707 
551 400 21 26 0.020673444 
450 237 20 25 0.020647274 
797 90 15 19 0.020638045 
664 95 16 19 0.020632189 
329 13 19 22 0.020624759 
703 97 16 19 0.02060052 
43 598 14 18 0.02059853 
257 639 24 31 0.020592162 
927 738 17 21 0.02056289 
851 627 13 17 0.020557782 
264 66 21 25 0.020557513 
111 888 22 30 0.02054444 
558 800 28 31 0.020542819 
685 347 13 16 0.020526646 
956 603 15 18 0.02051955 
946 509 24 29 0.020504769 
624 453 17 21 0.020502258 
955 516 21 29 0.020499641 
66 2 16 18 0.020487048 
717 588 21 27 0.020485919 
6 100 15 19 0.020457735 
175 730 16 20 0.020437105 
32 588 14 18 0.020418862 
634 308 21 26 0.020415364 
116 433 16 20 0.020397022 
297 589 15 20 0.020393562 
953 241 20 26 0.020390598 
164 347 20 28 0.020381603 
440 180 22 27 0.02037561 
85 581 13 16 0.020368839 
760 33 13 17 0.02034949 
539 443 13 18 0.020343553 
68 119 14 18 0.020341564 
760 314 21 26 0.020330371 
211 469 22 29 0.020329816 
784 203 15 19 0.02032768 
165 633 15 20 0.020324605 
592 75 22 26 0.020313764 
789 323 15 19 0.020289067 
156 340 15 18 0.020271445 
131 456 24 30 0.020265922 
853 377 14 21 0.020263797 
335 819 12 16 0.020256095 
473 351 15 19 0.020180497 
972 583 12 16 0.020176478 
917 63 21 29 0.020170119 
111 91 21 26 0.020165341 
840 584 17 21 0.020134112 
805 12 14 17 0.020133723 
422 456 20 25 0.020130932 
827 384 15 21 0.02012339 
894 408 18 21 0.020098226 
617 943 18 23 0.020077867 
750 717 26 32 0.020076746 
706 111 22 25 0.020070096 
1013 174 10 15 0.020041827 
533 170 22 26 0.02004132 
138 610 15 19 0.020032996 
546 712 14 19 0.020024864 
222 723 14 16 0.020021094 
513 437 12 17 0.020015024 
699 735 17 21 0.020007053 
