10_People_Marching_People_Marching_10_People_Marching_People_Marching_10_People_Marching_People_Marching_10_619
229
431 461 13 15 0.9339086 
438 433 9 11 0.6235722 
51 484 16 20 0.5761217 
519 448 11 15 0.5520658 
192 467 13 17 0.49535382 
669 441 14 19 0.4683945 
501 441 9 12 0.43709844 
353 458 8 10 0.33895642 
582 442 11 15 0.3324318 
497 456 8 10 0.2926015 
93 476 14 18 0.2818855 
555 445 14 18 0.27745625 
160 478 11 15 0.2631505 
238 528 9 12 0.23671076 
588 437 12 16 0.22755286 
407 430 8 10 0.20629501 
447 448 9 10 0.17674378 
166 484 10 13 0.17333157 
400 468 9 12 0.16085999 
415 446 8 9 0.15430062 
101 484 10 14 0.14983341 
462 449 7 10 0.14714228 
233 470 10 12 0.14467841 
260 459 10 13 0.14090359 
457 432 7 10 0.12858984 
357 456 9 11 0.12842289 
576 442 13 17 0.121805444 
540 451 9 13 0.11620662 
223 453 10 13 0.10935441 
257 456 10 12 0.109014496 
304 459 10 13 0.10278718 
444 438 9 10 0.10176519 
0 443 16 21 0.09539656 
868 659 25 29 0.08911092 
535 447 10 14 0.08594622 
308 455 9 12 0.083134934 
321 524 15 19 0.08110154 
498 444 9 11 0.07922427 
414 429 7 10 0.07747282 
402 431 9 10 0.077384576 
597 437 10 14 0.07516158 
171 485 8 12 0.07499939 
456 449 8 10 0.0738585 
181 433 9 11 0.07246758 
88 481 12 16 0.069496855 
606 440 10 13 0.06930238 
408 424 8 12 0.067384996 
414 425 7 10 0.06532882 
402 380 424 452 0.0642758 
361 430 9 12 0.060772665 
282 271 6 9 0.059241824 
185 467 13 17 0.05842098 
445 432 9 10 0.058255993 
239 501 9 11 0.057399504 
328 446 8 10 0.055879146 
162 469 14 18 0.053750172 
415 440 8 10 0.05317002 
408 437 8 10 0.05266047 
1003 753 21 28 0.05228005 
593 461 10 13 0.052134044 
231 464 11 13 0.051181104 
176 520 9 11 0.05034821 
67 480 13 20 0.049997885 
39 475 13 19 0.0495214 
501 455 8 11 0.048064567 
294 453 10 12 0.04604506 
157 423 12 13 0.045737717 
334 380 11 14 0.045362264 
222 460 11 14 0.045225658 
269 263 8 10 0.045168903 
270 472 7 11 0.04488787 
107 483 10 14 0.044203468 
328 455 7 10 0.043906428 
60 477 13 20 0.04375883 
44 478 15 19 0.04322837 
557 441 12 14 0.041722767 
215 468 10 12 0.04150161 
970 664 25 31 0.041340776 
153 379 9 11 0.04096607 
215 461 10 14 0.040552888 
529 96 9 13 0.039781656 
522 488 8 10 0.03975415 
207 461 10 14 0.03904592 
256 519 10 13 0.03850554 
961 665 40 49 0.037878957 
582 159 10 14 0.037771557 
234 531 9 12 0.0375637 
324 517 13 16 0.03742253 
329 460 8 11 0.037355985 
642 519 8 11 0.036604207 
110 542 9 11 0.0357778 
150 483 10 13 0.035122234 
265 472 8 10 0.03511557 
189 486 9 13 0.034952827 
521 493 8 11 0.034923002 
925 706 15 17 0.034904957 
336 92 9 12 0.03489714 
153 478 11 15 0.03465564 
266 262 7 10 0.034619797 
536 94 11 14 0.034144163 
163 461 12 15 0.03404824 
333 462 7 9 0.034028728 
553 511 7 10 0.033727378 
436 456 11 15 0.033462305 
293 494 9 12 0.03336631 
462 470 8 11 0.033329405 
270 460 9 12 0.032981887 
346 456 7 9 0.032737263 
266 476 9 12 0.032511175 
295 461 9 13 0.03241556 
564 443 13 17 0.032369595 
614 440 11 13 0.03221111 
254 537 10 12 0.03214293 
633 428 9 11 0.031954672 
961 690 18 23 0.031833462 
247 454 10 13 0.031481072 
257 256 8 10 0.031279303 
997 676 14 22 0.031221233 
998 730 13 17 0.03077235 
146 485 10 12 0.03048067 
119 436 10 12 0.030392094 
382 454 9 11 0.03031459 
455 424 8 11 0.0299896 
270 455 10 12 0.029854372 
207 549 7 9 0.029201854 
104 567 10 14 0.029122708 
289 453 10 12 0.0289172 
360 436 9 11 0.028838836 
185 492 10 13 0.027726248 
513 445 11 15 0.027645683 
337 471 7 9 0.027415682 
224 529 8 11 0.0273915 
333 438 9 13 0.027315509 
984 669 22 30 0.027205661 
471 455 7 10 0.027113548 
567 439 11 14 0.027025685 
78 534 9 12 0.026919322 
552 440 11 13 0.02690365 
390 422 9 12 0.026839903 
236 462 12 15 0.026818234 
342 471 8 11 0.02681674 
473 485 9 11 0.026667899 
967 662 11 14 0.026611641 
302 93 8 11 0.026565904 
410 445 9 11 0.02630514 
247 460 11 14 0.026227742 
223 468 9 12 0.026196674 
173 476 9 14 0.026139913 
432 407 7 9 0.026037227 
461 431 7 10 0.025987634 
176 435 12 15 0.025920216 
228 451 11 14 0.025537206 
504 399 8 9 0.025500603 
534 440 8 11 0.025241042 
473 479 8 11 0.02523134 
325 512 10 13 0.024836428 
216 454 10 13 0.024787035 
584 470 8 10 0.024771769 
321 454 9 11 0.024667386 
312 495 7 10 0.02465104 
432 447 9 11 0.024590794 
290 447 9 11 0.024590492 
358 446 9 11 0.024504125 
510 518 8 11 0.024444334 
401 424 9 12 0.024340607 
461 436 8 10 0.024332149 
0 419 8 14 0.024275962 
505 524 8 10 0.02423466 
248 534 8 11 0.02413501 
65 367 8 10 0.024025863 
87 506 12 16 0.024019403 
224 558 7 10 0.023822084 
394 385 7 9 0.023744673 
684 405 11 15 0.023703383 
331 444 10 13 0.023631403 
240 496 8 11 0.023530534 
425 421 9 12 0.023476044 
408 416 7 10 0.023433222 
561 468 9 11 0.023357462 
952 726 11 12 0.02328815 
681 410 11 16 0.023203073 
263 257 7 9 0.023109483 
157 436 16 18 0.022932043 
973 662 15 18 0.022849478 
463 462 8 10 0.022834089 
392 446 9 10 0.022831662 
621 439 10 12 0.022783093 
405 468 8 12 0.02272517 
833 721 26 33 0.022466205 
415 451 9 12 0.02243002 
895 683 23 33 0.02240107 
498 435 17 23 0.022332083 
931 699 16 19 0.022271385 
160 478 19 24 0.02224148 
114 413 208 234 0.022214392 
255 454 18 23 0.022204915 
435 436 8 11 0.022040846 
366 453 9 13 0.021926846 
414 462 9 12 0.021836845 
278 455 9 12 0.021834629 
585 433 10 13 0.02177854 
265 270 9 10 0.021774396 
391 463 9 11 0.021759434 
98 469 13 19 0.02173619 
592 323 398 518 0.021671575 
446 424 8 10 0.02165944 
527 439 10 13 0.021657819 
576 460 9 12 0.021389801 
926 715 15 17 0.021299664 
565 461 9 12 0.021271883 
239 507 10 12 0.021243485 
254 467 10 12 0.02123722 
93 436 14 19 0.021174029 
239 454 9 11 0.021154666 
280 277 8 10 0.021113725 
271 246 7 9 0.020879548 
165 541 10 12 0.020840613 
990 675 13 19 0.020779852 
400 436 9 11 0.020767197 
375 447 8 10 0.02073335 
225 552 8 9 0.020723565 
574 448 12 16 0.020720813 
151 421 11 13 0.020634297 
559 460 11 12 0.020552883 
217 485 10 12 0.020393955 
398 447 8 11 0.02034115 
893 690 15 21 0.020263875 
436 426 17 23 0.020175781 
320 511 9 11 0.020091457 
