10_People_Marching_People_Marching_10_People_Marching_People_Marching_10_69
2647
733 416 14 18 0.996828 
236 354 14 20 0.99466234 
652 457 18 22 0.9939214 
491 546 17 21 0.99187076 
210 607 18 23 0.9909821 
841 476 16 22 0.98965096 
395 502 17 22 0.98940384 
875 648 22 28 0.9893504 
745 574 21 26 0.9886431 
476 561 15 21 0.9868954 
883 443 16 22 0.98631346 
251 406 14 18 0.98572344 
358 534 17 22 0.9854154 
869 543 18 21 0.9851187 
181 163 11 14 0.98385 
161 513 17 22 0.9821406 
537 377 15 18 0.9819433 
5 611 22 27 0.9816866 
881 578 19 24 0.9805064 
960 630 21 28 0.9803797 
535 467 18 21 0.9795308 
426 451 14 17 0.97925603 
628 371 13 17 0.97830784 
49 593 21 26 0.97767055 
502 433 16 21 0.97744226 
181 446 19 23 0.97651666 
682 419 14 17 0.97632366 
563 535 17 23 0.97624993 
774 357 12 15 0.9761629 
794 543 18 22 0.97554636 
99 565 18 25 0.97554135 
484 269 10 13 0.97551423 
932 446 16 21 0.9751693 
358 456 18 21 0.9723202 
169 489 17 22 0.9696158 
513 565 17 21 0.9693378 
716 539 21 27 0.96933764 
876 394 14 17 0.96864945 
709 304 13 16 0.9685092 
223 519 15 19 0.96589744 
931 577 20 24 0.9656343 
164 558 19 24 0.96501863 
821 370 13 16 0.96437263 
119 619 19 23 0.9637237 
381 411 14 16 0.9637153 
424 491 17 21 0.96340156 
359 627 22 29 0.96337855 
677 252 12 15 0.96263486 
563 372 13 17 0.9624528 
995 526 18 22 0.9620143 
608 554 18 24 0.959471 
302 604 18 23 0.9585242 
691 274 13 16 0.95679116 
440 475 16 19 0.9565367 
436 294 11 14 0.9549307 
504 495 16 21 0.9535746 
366 498 18 22 0.95283794 
381 351 14 17 0.95212597 
197 188 12 15 0.9516953 
470 502 16 20 0.9505241 
885 481 19 23 0.9489324 
998 597 15 20 0.9487201 
767 444 15 20 0.948297 
622 280 13 16 0.9482864 
644 578 19 24 0.9466923 
179 654 19 24 0.94648814 
391 595 21 24 0.9463582 
143 227 13 16 0.9449881 
950 475 18 21 0.9444549 
107 251 13 18 0.9424425 
428 658 21 26 0.9412327 
232 549 18 21 0.94102275 
661 263 11 14 0.93865883 
600 659 21 25 0.93859065 
259 637 16 21 0.93609285 
754 618 21 26 0.93525 
631 494 17 22 0.93315125 
467 299 13 16 0.9324276 
978 602 20 24 0.9282548 
652 346 13 17 0.92785776 
688 659 22 27 0.9236329 
595 332 12 16 0.92355007 
695 482 20 25 0.9214312 
764 651 17 21 0.9212131 
461 215 11 13 0.921118 
840 613 20 26 0.9210758 
173 135 10 13 0.92020226 
779 502 16 19 0.91742986 
220 109 12 15 0.91582227 
806 399 13 17 0.91552836 
449 271 9 13 0.91522145 
726 501 18 22 0.9151938 
295 458 17 20 0.91491306 
484 312 11 14 0.91461825 
628 328 13 16 0.9129722 
87 510 19 24 0.9111621 
686 389 13 16 0.90655077 
448 370 17 20 0.90546733 
108 218 14 16 0.90538514 
559 318 12 16 0.9051637 
218 659 17 24 0.90318394 
791 380 13 16 0.90285885 
91 243 12 16 0.89947736 
300 422 14 18 0.8989085 
734 312 12 15 0.8973768 
718 357 13 17 0.8955394 
156 414 15 19 0.8946077 
600 310 11 15 0.8945156 
227 487 14 19 0.89324397 
533 611 19 25 0.8926794 
567 267 11 14 0.8887824 
403 576 18 23 0.88504016 
541 542 16 18 0.88183516 
272 566 18 21 0.88055164 
318 548 17 21 0.87882656 
759 506 16 20 0.8770733 
452 326 11 15 0.8755938 
744 393 12 17 0.8742605 
305 500 21 26 0.8716466 
584 627 18 22 0.869037 
550 580 16 18 0.8688172 
456 466 15 18 0.86747676 
577 493 15 19 0.86225843 
588 446 14 19 0.85964185 
97 194 12 16 0.8566088 
129 478 16 20 0.85066116 
817 528 15 19 0.84537 
716 215 9 11 0.8414914 
720 386 13 16 0.8410421 
566 460 14 19 0.8401128 
404 163 12 15 0.8391593 
687 327 13 17 0.83645666 
0 658 20 29 0.835503 
163 179 13 16 0.8322288 
439 618 21 23 0.8306253 
714 181 8 11 0.82511085 
725 474 15 19 0.82443726 
292 109 9 12 0.82365084 
401 527 16 19 0.8225432 
615 265 12 14 0.82214844 
505 672 22 25 0.8181102 
785 408 14 17 0.8168597 
567 301 10 12 0.814696 
639 311 12 15 0.8143489 
846 418 13 17 0.8075825 
320 192 11 15 0.80655116 
739 329 12 15 0.8045826 
428 314 12 15 0.80023533 
890 632 19 23 0.7961075 
298 198 12 16 0.7943014 
597 508 17 20 0.7940299 
918 545 22 26 0.79367393 
628 419 14 20 0.7932204 
53 561 14 17 0.7873713 
979 335 13 17 0.78113127 
285 663 16 22 0.77677315 
188 129 12 15 0.77663165 
520 166 8 11 0.7705215 
380 384 14 17 0.7590042 
462 277 11 14 0.7577496 
645 102 12 15 0.74678916 
579 349 12 15 0.7425587 
428 168 10 13 0.7346062 
132 178 14 16 0.73333967 
195 214 13 16 0.73247284 
332 611 19 24 0.72688925 
909 470 12 17 0.7263741 
660 230 8 11 0.72576183 
580 255 10 13 0.7215591 
397 111 9 12 0.71948373 
706 341 12 14 0.7161539 
75 226 13 15 0.7140556 
303 480 14 18 0.7132172 
886 327 12 15 0.7127744 
164 208 13 15 0.71146804 
659 290 11 14 0.6919105 
613 210 11 14 0.69064647 
422 120 8 11 0.68915844 
456 245 9 12 0.6887494 
314 672 23 26 0.68822783 
117 197 12 15 0.68107104 
296 175 10 12 0.675584 
115 333 15 18 0.6730845 
718 447 14 17 0.6721414 
465 410 15 17 0.669183 
200 134 12 15 0.6665048 
311 149 10 13 0.66627306 
111 106 10 13 0.66505486 
294 159 10 12 0.65734494 
485 348 12 15 0.655819 
660 307 11 14 0.65431565 
332 128 9 11 0.65380824 
512 239 9 13 0.6441578 
686 228 9 12 0.6397629 
272 197 10 13 0.6327618 
437 129 9 11 0.631654 
93 485 15 18 0.6263202 
638 192 10 14 0.6247703 
469 190 9 12 0.6246798 
492 188 10 13 0.6223109 
133 130 11 13 0.6197399 
271 86 10 12 0.6155788 
409 191 10 13 0.6134238 
786 142 8 11 0.60911626 
584 140 8 10 0.6028465 
605 191 9 11 0.59252423 
239 53 8 10 0.591036 
494 144 7 10 0.5905669 
374 179 11 15 0.5897305 
580 286 11 12 0.5891506 
212 163 10 14 0.5853147 
527 207 9 10 0.5838296 
825 572 16 20 0.5833944 
458 180 8 11 0.58031565 
131 154 11 15 0.5757391 
680 216 9 11 0.5755285 
94 640 22 27 0.5753134 
696 244 10 11 0.57023007 
804 572 12 17 0.568846 
951 306 13 16 0.5665893 
497 159 9 12 0.56657934 
440 251 9 12 0.5548886 
433 533 13 17 0.5518603 
703 164 9 11 0.5496613 
737 142 10 13 0.5451837 
328 358 10 14 0.54219484 
385 197 11 13 0.53846306 
549 630 16 20 0.53816855 
235 140 8 11 0.53469014 
148 145 11 14 0.53263223 
244 611 16 19 0.53112894 
115 508 16 21 0.530894 
136 193 13 16 0.5288354 
204 88 11 13 0.52489865 
578 112 8 11 0.52290195 
463 117 8 10 0.52200633 
158 112 9 12 0.5208421 
720 70 8 10 0.5187572 
632 246 11 13 0.51334965 
689 151 10 13 0.5126821 
446 190 8 10 0.5117996 
588 230 11 13 0.5113216 
312 94 9 11 0.5110669 
469 266 11 13 0.5097932 
606 243 10 12 0.5081162 
618 127 8 10 0.5017135 
267 468 13 16 0.49328822 
780 104 8 11 0.49223018 
502 635 16 18 0.49204513 
759 116 9 11 0.48448482 
647 37 8 11 0.484322 
417 143 9 13 0.48036116 
99 148 11 15 0.4799016 
382 72 9 11 0.4796343 
135 663 23 26 0.4774721 
325 164 9 13 0.4771998 
270 112 9 12 0.47523284 
472 159 9 12 0.47331563 
727 52 9 11 0.469321 
103 315 14 18 0.46823865 
604 80 9 12 0.46546826 
700 125 11 14 0.4651269 
592 171 10 12 0.46167624 
533 194 11 12 0.45947015 
497 221 10 12 0.45485038 
74 191 12 15 0.44636238 
300 533 13 18 0.445049 
307 169 11 15 0.44463313 
615 133 9 11 0.44362485 
1002 202 13 16 0.4420814 
269 416 13 17 0.43888846 
327 469 13 16 0.43482482 
711 451 14 17 0.42931804 
164 150 11 13 0.4259717 
160 225 13 15 0.42580628 
472 102 7 10 0.42534104 
402 72 6 8 0.4232036 
681 191 9 12 0.422904 
819 437 14 18 0.41364202 
346 119 9 11 0.41226098 
405 675 21 24 0.4120533 
502 388 11 14 0.41110957 
546 111 8 10 0.41072536 
424 345 12 16 0.41059533 
760 109 11 14 0.40944463 
860 361 12 16 0.40319622 
692 302 10 14 0.40058997 
345 162 11 14 0.3968541 
245 116 10 12 0.39446795 
639 143 9 11 0.39423862 
496 284 9 12 0.3936357 
701 596 17 19 0.39353663 
157 84 9 12 0.3903186 
586 95 8 10 0.39009276 
689 177 9 11 0.38641366 
939 410 15 19 0.38404283 
198 72 9 11 0.3827805 
119 235 14 17 0.382069 
554 658 14 18 0.37983742 
680 220 9 12 0.3708652 
324 188 11 14 0.3693997 
265 128 10 12 0.36883727 
228 185 11 15 0.3687141 
230 46 8 12 0.36768582 
264 87 9 11 0.36721715 
437 224 8 11 0.36427024 
145 96 8 10 0.3581554 
59 198 12 14 0.35797274 
368 126 7 10 0.35367417 
265 183 10 12 0.3516154 
530 158 8 11 0.35104355 
820 672 21 24 0.34722006 
455 101 7 10 0.3471892 
749 93 9 11 0.34680283 
392 93 6 9 0.34609234 
612 357 13 16 0.344886 
233 87 11 13 0.34342647 
551 428 15 18 0.34014708 
349 124 9 11 0.33963946 
646 133 8 10 0.33914655 
474 142 8 11 0.33899376 
597 154 10 12 0.33678237 
333 101 8 11 0.3366713 
327 183 10 13 0.33561614 
624 225 10 13 0.33405766 
716 242 11 14 0.3336627 
431 79 8 10 0.3334529 
623 175 9 11 0.33052418 
442 116 9 11 0.32963964 
287 405 11 15 0.3288797 
241 119 10 11 0.32736588 
583 9 10 11 0.32715723 
672 157 8 11 0.32496879 
703 108 8 10 0.3238926 
245 70 8 12 0.32247123 
376 102 8 11 0.32168302 
340 374 11 15 0.32071048 
386 385 14 17 0.31968042 
557 80 9 11 0.31669727 
566 581 13 17 0.31501657 
479 364 12 15 0.31232327 
121 144 9 12 0.30934998 
501 78 8 11 0.30795604 
700 640 12 14 0.30715483 
287 80 7 9 0.30622664 
817 344 10 12 0.30275917 
280 183 12 14 0.301698 
290 135 9 12 0.30169296 
215 32 6 8 0.30145448 
181 72 9 12 0.2986003 
407 97 8 10 0.29803023 
185 100 9 12 0.29790276 
348 158 10 14 0.29744327 
289 350 8 10 0.29597768 
217 7 7 9 0.29509276 
194 60 8 11 0.2947237 
108 282 13 17 0.29241875 
608 152 8 11 0.2914161 
573 597 16 19 0.28978977 
761 78 10 11 0.2855082 
647 183 9 12 0.2844184 
458 593 15 20 0.28437635 
244 181 10 13 0.2836625 
461 159 9 12 0.2816054 
137 112 8 10 0.2812345 
536 447 11 14 0.27930254 
452 198 10 12 0.2761237 
863 316 11 14 0.27559197 
263 147 10 12 0.26942092 
328 96 8 10 0.26785463 
552 263 9 11 0.2677324 
142 67 8 11 0.26541153 
713 237 10 14 0.2644299 
743 359 12 15 0.2636043 
504 120 7 9 0.26100618 
398 34 8 9 0.26089853 
615 165 8 10 0.26030612 
194 32 7 9 0.25955558 
741 75 9 11 0.2583099 
645 331 13 16 0.2563269 
578 326 12 15 0.2557583 
673 395 11 14 0.25299168 
592 207 10 12 0.25161642 
655 183 10 12 0.2513188 
845 367 9 12 0.25027046 
988 596 18 25 0.24965645 
520 113 9 10 0.24717203 
912 573 13 18 0.24691288 
957 511 15 18 0.24681196 
389 211 12 14 0.24546264 
455 95 7 10 0.24543387 
596 294 10 13 0.24483445 
525 113 8 9 0.24474066 
653 276 10 13 0.24332234 
365 56 8 10 0.24078013 
418 123 9 12 0.23918675 
393 49 7 8 0.23812823 
567 142 8 10 0.23812716 
197 115 10 12 0.238027 
593 152 10 12 0.23750404 
151 58 8 9 0.23713578 
217 196 10 13 0.23706934 
280 155 9 12 0.23683657 
107 466 14 17 0.23591913 
777 311 11 13 0.23498623 
377 147 9 12 0.23443045 
342 585 16 19 0.23423429 
75 269 13 17 0.23391554 
645 549 16 20 0.23347504 
215 71 9 11 0.23317957 
501 215 8 11 0.2331504 
395 584 20 25 0.23307528 
166 109 9 11 0.23184726 
607 117 8 11 0.22990221 
566 135 7 10 0.22965756 
360 435 14 18 0.22921751 
480 79 8 10 0.22869667 
641 31 8 11 0.22816977 
544 135 8 11 0.22758698 
505 269 10 12 0.22731113 
318 127 8 11 0.2247977 
174 627 14 18 0.22468913 
412 417 14 17 0.22276361 
327 16 8 10 0.22253387 
531 333 14 16 0.22251774 
642 135 8 11 0.22205877 
406 412 13 18 0.21968219 
821 584 18 21 0.21914692 
833 332 10 13 0.2184731 
598 287 9 11 0.21410081 
128 150 10 15 0.21392266 
336 36 8 11 0.21337885 
593 297 10 13 0.21201582 
334 548 13 17 0.21199223 
486 673 18 22 0.2113142 
665 148 9 11 0.2099395 
337 380 10 13 0.20889862 
318 389 14 17 0.20581247 
239 9 7 8 0.20580344 
369 95 7 9 0.2056461 
508 254 9 11 0.20510711 
620 356 12 16 0.20378631 
753 375 10 13 0.20280388 
821 162 10 13 0.20256217 
398 128 7 9 0.20193437 
246 112 10 11 0.20125875 
749 0 12 12 0.20033436 
894 133 9 10 0.2002832 
126 81 8 11 0.19994779 
346 53 8 10 0.19842617 
613 140 9 12 0.19290012 
240 172 10 13 0.19193164 
209 16 8 10 0.19182348 
940 330 15 18 0.19175203 
224 175 9 11 0.19148432 
304 123 9 12 0.19061552 
117 191 10 13 0.19040675 
520 285 10 13 0.18925613 
713 233 8 10 0.18878408 
473 135 7 9 0.18867671 
509 283 9 12 0.1884248 
222 103 12 15 0.18760711 
217 352 10 12 0.18399806 
143 128 9 11 0.18390629 
419 146 11 14 0.1837648 
505 263 8 11 0.18157329 
958 552 15 21 0.1800132 
598 131 9 12 0.17955807 
132 321 13 19 0.17562047 
525 145 8 9 0.17520702 
236 413 10 14 0.17483859 
625 309 10 12 0.1746886 
866 134 9 12 0.17433082 
231 25 7 9 0.17362343 
208 234 12 15 0.17354007 
88 79 9 12 0.17286976 
713 48 7 11 0.17250682 
661 224 9 12 0.1723055 
351 207 10 14 0.17224513 
447 79 8 9 0.17200935 
263 46 7 10 0.17155536 
222 69 9 12 0.17085712 
550 135 8 11 0.17084341 
368 41 8 9 0.16921327 
511 118 7 9 0.16721061 
596 212 9 12 0.16652897 
615 28 8 11 0.16608658 
624 454 12 15 0.16547485 
461 182 9 11 0.16539782 
312 125 9 12 0.16499005 
318 94 8 10 0.16425465 
863 409 12 16 0.16423516 
271 216 10 12 0.16389853 
545 151 7 9 0.16281463 
316 227 14 16 0.16249534 
293 104 10 11 0.16219525 
287 47 8 9 0.16204365 
449 195 9 12 0.16183859 
264 116 10 13 0.16130155 
687 52 9 11 0.15896945 
763 389 11 14 0.1585387 
543 216 9 12 0.15832089 
649 68 10 12 0.15793702 
294 64 6 8 0.15759325 
409 56 7 9 0.15745045 
379 335 11 12 0.15736751 
272 173 8 11 0.15692006 
542 335 13 16 0.15673238 
586 235 10 12 0.15592912 
764 334 10 12 0.15427966 
241 155 9 12 0.15396813 
561 127 8 10 0.15379436 
553 174 8 10 0.15332742 
384 203 12 18 0.15309355 
636 250 10 13 0.15304007 
530 192 9 12 0.15250702 
223 458 12 14 0.15078302 
384 47 7 9 0.15000655 
208 170 11 13 0.14925207 
628 227 10 12 0.14904653 
581 292 10 13 0.14849222 
279 56 7 10 0.14800392 
672 1 12 12 0.1473807 
725 293 11 14 0.14720885 
568 15 7 9 0.14718087 
463 272 11 13 0.14672162 
513 87 7 9 0.14626208 
438 97 9 11 0.1461875 
240 150 9 12 0.14485288 
358 110 9 11 0.14483403 
511 143 8 10 0.14469075 
349 103 8 10 0.14454284 
638 55 8 10 0.14344268 
504 208 7 10 0.14322713 
96 119 9 12 0.14303142 
582 185 8 10 0.14198641 
167 81 8 10 0.14196043 
646 188 10 13 0.1414092 
614 101 9 11 0.14109527 
962 395 14 18 0.14096159 
509 382 11 15 0.14032649 
433 102 8 10 0.14026637 
647 441 15 18 0.14024614 
775 151 8 11 0.1401981 
521 145 7 10 0.14001139 
394 128 7 9 0.1400004 
96 594 13 18 0.13890204 
551 419 15 18 0.13874269 
702 396 11 14 0.1383847 
486 127 8 9 0.13809693 
510 348 10 13 0.13807534 
182 7 7 9 0.13778207 
601 111 8 10 0.1377398 
368 173 9 12 0.13738059 
952 668 22 27 0.13695775 
471 111 8 10 0.13675325 
385 417 14 16 0.13675311 
119 595 15 19 0.13626632 
896 524 12 15 0.13619071 
289 62 8 10 0.13555343 
584 100 9 11 0.13530464 
513 113 7 9 0.1347539 
274 608 15 18 0.13438724 
686 124 9 11 0.13410401 
196 421 14 17 0.13368498 
185 230 12 15 0.13329788 
194 70 8 11 0.13261166 
148 223 13 16 0.13260652 
892 332 11 15 0.13223466 
308 396 11 13 0.13167256 
405 477 13 17 0.13163337 
701 264 9 11 0.13038528 
589 554 16 19 0.13020164 
553 83 9 11 0.13019037 
527 151 8 10 0.13007507 
224 95 8 11 0.12991858 
262 40 8 11 0.12987213 
247 37 7 9 0.12973936 
724 269 10 13 0.12891111 
367 167 9 11 0.12853365 
153 39 8 11 0.12822 
543 141 8 10 0.1280298 
596 588 14 17 0.12754354 
800 317 10 12 0.12753175 
910 164 15 19 0.12717523 
923 642 12 15 0.12703866 
277 533 14 18 0.12652028 
717 174 9 12 0.12651537 
544 105 8 9 0.12641442 
854 148 11 13 0.12534297 
336 450 16 19 0.124430016 
271 81 7 9 0.12442892 
182 369 15 17 0.12438169 
360 93 7 10 0.124214366 
196 55 9 11 0.123831965 
534 89 8 10 0.12340147 
320 55 7 8 0.123341724 
712 53 8 11 0.12308618 
285 204 10 12 0.12262684 
495 413 13 16 0.12122336 
626 460 15 18 0.12120171 
255 142 10 12 0.12118086 
607 399 13 15 0.12036334 
602 195 9 12 0.12035032 
669 151 8 11 0.12002237 
304 56 7 9 0.119933635 
656 269 10 13 0.1194696 
607 283 11 14 0.1192717 
678 390 11 15 0.11886884 
273 60 8 10 0.11859049 
383 118 8 10 0.118441045 
169 31 7 9 0.117572576 
305 424 15 18 0.11754818 
407 72 7 8 0.1170975 
397 212 12 14 0.11674219 
210 587 14 17 0.116571456 
368 45 8 10 0.11649868 
762 576 15 20 0.116468504 
692 155 10 13 0.11644376 
218 64 8 10 0.11493293 
255 63 8 10 0.11478665 
230 228 12 14 0.11464218 
258 39 8 10 0.11426783 
551 153 8 10 0.11400936 
707 346 13 15 0.11393699 
530 94 7 9 0.11390775 
656 161 9 11 0.11372114 
464 592 20 25 0.11346371 
249 22 7 9 0.11344851 
424 31 7 9 0.11319887 
440 436 12 17 0.113183565 
182 48 8 10 0.113039576 
698 29 9 10 0.112530656 
738 72 9 11 0.1124941 
904 356 13 18 0.11217689 
154 80 8 10 0.111974105 
881 531 15 18 0.111853085 
1008 185 12 15 0.11170419 
264 462 12 16 0.11110868 
526 285 10 14 0.11086346 
1002 563 18 21 0.11073624 
349 49 8 11 0.110531196 
690 308 10 12 0.11040644 
645 33 9 11 0.11038777 
208 38 8 9 0.1103143 
263 54 7 9 0.109841414 
440 42 7 9 0.10978758 
443 252 11 13 0.10938645 
380 143 9 12 0.10923356 
502 136 8 10 0.10920139 
296 93 9 11 0.10910084 
100 126 9 12 0.10908455 
546 115 8 11 0.10874157 
480 95 7 9 0.10854497 
486 72 8 9 0.10846097 
18 576 16 20 0.10838335 
376 118 9 11 0.10769783 
160 156 11 13 0.10741956 
649 85 9 11 0.10740434 
497 110 7 9 0.10740174 
596 302 12 15 0.10736674 
623 315 12 15 0.107338496 
320 33 6 9 0.10700786 
601 30 8 10 0.10669245 
456 163 10 11 0.106650196 
439 63 7 9 0.10646818 
480 86 7 9 0.10604733 
444 185 9 10 0.1060006 
589 134 9 12 0.10589472 
478 475 12 16 0.10556692 
413 195 9 12 0.10553536 
893 338 11 15 0.105293766 
344 112 9 10 0.10485576 
404 371 11 15 0.10483763 
561 134 8 10 0.10473328 
287 139 10 12 0.104475275 
182 23 8 10 0.10430266 
705 84 8 11 0.103631146 
576 502 14 19 0.10312036 
634 424 14 17 0.10299686 
159 41 8 9 0.102802105 
311 120 9 11 0.101381496 
566 127 8 9 0.10137852 
370 512 14 18 0.10126047 
279 61 8 10 0.10105301 
130 127 10 13 0.10095756 
759 520 14 20 0.100816354 
481 244 9 11 0.10063323 
183 186 12 15 0.10039456 
413 666 23 28 0.10002373 
757 380 12 15 0.09951607 
583 361 12 16 0.099360935 
211 436 14 18 0.09930192 
797 377 8 11 0.09870837 
402 159 11 13 0.09808746 
465 426 14 17 0.09804116 
142 79 8 10 0.09794203 
632 45 9 11 0.09752349 
272 39 8 10 0.09685643 
180 384 15 18 0.09682594 
505 277 11 15 0.096770704 
177 78 8 10 0.096745916 
730 314 11 14 0.09664591 
614 381 12 14 0.09630429 
351 95 7 10 0.09610473 
795 385 13 16 0.096088134 
696 118 9 11 0.09600182 
466 47 7 9 0.09594773 
575 292 10 14 0.09574949 
389 469 13 17 0.095719874 
399 366 13 16 0.09559489 
311 61 7 9 0.09546436 
974 521 13 16 0.0952259 
516 317 10 13 0.09521283 
393 16 7 9 0.09488717 
661 93 9 11 0.09473686 
716 233 10 11 0.09456997 
178 48 8 9 0.094416805 
589 142 8 10 0.09426151 
416 425 12 16 0.094207786 
135 203 12 16 0.09410074 
270 191 11 14 0.09407754 
234 52 8 11 0.094060756 
639 158 8 11 0.09404286 
286 23 9 10 0.09401457 
407 330 14 16 0.093837515 
725 261 10 13 0.0933673 
504 94 7 9 0.09322516 
223 150 10 13 0.093195975 
252 205 10 13 0.09311726 
404 213 9 12 0.09240049 
182 39 7 9 0.092312194 
981 328 20 24 0.09221005 
769 413 11 15 0.091831625 
606 112 9 11 0.09150285 
473 97 7 10 0.09141478 
724 275 11 13 0.09073751 
569 21 9 10 0.090463325 
151 133 8 10 0.0902499 
750 88 8 11 0.09016752 
234 8 7 9 0.090154625 
890 133 9 11 0.09012623 
177 38 8 9 0.090008594 
470 47 7 9 0.08990749 
543 437 13 16 0.089717776 
555 573 14 18 0.08955303 
679 139 10 12 0.089317374 
494 246 9 11 0.08891687 
494 149 9 10 0.08891291 
213 75 10 12 0.08883661 
465 71 6 8 0.08860561 
559 111 7 9 0.08839508 
86 646 24 28 0.0881736 
338 7 6 8 0.08800762 
277 175 9 11 0.08800464 
213 15 9 11 0.08796037 
175 119 9 11 0.087939456 
660 183 9 12 0.08789666 
478 355 12 16 0.087666966 
276 88 9 11 0.087626286 
192 426 12 15 0.08724884 
752 208 9 12 0.087140694 
122 84 9 10 0.08676565 
367 120 8 11 0.08670011 
590 24 7 10 0.08662067 
765 71 9 11 0.08614836 
263 520 14 18 0.08592788 
473 592 17 21 0.0858094 
548 334 12 14 0.08579418 
464 31 7 9 0.08565355 
313 80 8 10 0.085595116 
168 105 10 12 0.085411355 
311 350 9 11 0.085391656 
198 47 8 10 0.085346416 
120 399 13 15 0.0851494 
695 641 18 22 0.08506387 
228 103 11 14 0.08504442 
158 134 8 10 0.084920675 
249 17 7 9 0.084881306 
645 286 10 13 0.08480681 
720 48 8 10 0.0847567 
551 300 10 13 0.084551044 
397 149 9 11 0.08453673 
281 47 7 9 0.08447435 
505 191 7 11 0.084229015 
613 240 10 12 0.08394187 
205 359 9 13 0.083896175 
281 141 9 12 0.08366562 
473 64 8 9 0.08308105 
406 17 7 9 0.08305415 
526 248 8 10 0.08278409 
869 108 12 15 0.08266611 
432 84 8 10 0.08218065 
529 339 11 13 0.082089156 
488 53 7 9 0.08208841 
606 184 8 11 0.081977926 
371 167 12 14 0.08190367 
245 75 9 12 0.08178882 
553 256 9 11 0.081420206 
658 300 12 16 0.081311494 
241 31 7 9 0.080862425 
742 458 13 16 0.08070536 
725 103 9 12 0.08057282 
208 75 9 12 0.080463424 
263 72 7 9 0.08009744 
160 61 8 11 0.07999979 
613 401 12 15 0.07993604 
431 208 8 10 0.079801194 
536 255 9 11 0.0797882 
497 85 9 10 0.07943853 
694 192 8 10 0.079181 
101 247 14 18 0.079138555 
360 7 7 8 0.0789331 
366 133 8 11 0.078838676 
577 127 7 9 0.07864046 
312 33 7 8 0.07858408 
192 49 9 10 0.0784929 
397 388 11 15 0.07848814 
279 203 11 13 0.07823507 
168 62 8 11 0.07822579 
341 365 11 15 0.07816909 
610 166 8 10 0.07815302 
276 166 10 12 0.078072876 
208 47 8 9 0.07805449 
360 167 8 11 0.07795697 
831 315 9 11 0.07791853 
543 277 9 12 0.077802174 
643 562 22 28 0.077477686 
70 213 11 14 0.07739164 
415 70 7 9 0.07730069 
688 119 9 12 0.07700614 
567 160 7 10 0.07678664 
852 425 14 18 0.07677823 
654 86 9 12 0.07674466 
670 457 12 17 0.07652156 
214 38 7 9 0.07647511 
577 184 8 10 0.076351546 
222 7 7 9 0.076347806 
376 46 7 9 0.07634629 
733 47 9 12 0.07629174 
312 16 7 9 0.07625396 
375 87 8 9 0.07609636 
292 349 10 12 0.07606452 
705 302 12 15 0.076022305 
305 351 8 11 0.07593181 
434 229 10 13 0.07592981 
385 166 9 12 0.07582119 
131 470 16 20 0.07568018 
584 88 8 11 0.07552834 
608 63 8 10 0.07533881 
293 345 8 10 0.07526512 
486 48 8 10 0.075250216 
625 62 8 11 0.07504723 
140 176 12 14 0.0749452 
288 113 11 13 0.07490157 
406 567 15 17 0.07471087 
423 24 7 9 0.0746806 
280 39 7 10 0.07460057 
351 110 9 11 0.074585326 
661 235 10 12 0.074559614 
974 352 14 16 0.07444494 
342 360 9 12 0.074437425 
175 54 8 11 0.07407373 
282 24 7 9 0.073771805 
351 131 9 12 0.07368746 
244 167 11 14 0.073494285 
242 38 7 9 0.07348383 
322 15 8 10 0.07328029 
575 248 10 13 0.07323943 
415 80 7 9 0.07318939 
503 124 7 9 0.07292954 
591 284 10 13 0.07291525 
573 421 12 15 0.072884165 
236 135 9 13 0.07283511 
691 418 12 17 0.072785154 
497 137 8 9 0.072684035 
168 141 11 14 0.072581016 
858 665 13 18 0.07244531 
679 53 9 11 0.072415456 
286 40 7 9 0.072090894 
690 394 13 15 0.07204724 
96 143 9 12 0.07192483 
583 206 8 11 0.07187157 
134 210 12 15 0.07168615 
464 24 7 9 0.071632236 
764 380 12 15 0.071592614 
729 126 8 10 0.071535654 
701 120 9 12 0.07151982 
258 47 7 9 0.07146324 
702 208 8 10 0.07140625 
649 272 9 12 0.07109782 
353 7 7 8 0.07083594 
473 148 9 12 0.07078395 
153 116 9 10 0.07033571 
697 131 10 13 0.07031464 
432 62 7 9 0.07028242 
537 135 8 10 0.07027396 
238 122 11 13 0.07016664 
908 349 10 14 0.070116796 
141 116 9 11 0.07010143 
641 16 8 10 0.070062146 
265 8 7 9 0.06994256 
438 236 9 12 0.069903515 
110 378 17 21 0.06989939 
671 63 8 9 0.069866575 
179 393 15 19 0.06979387 
657 55 9 10 0.069669865 
188 94 10 12 0.0695392 
350 171 9 11 0.06948811 
488 149 9 11 0.0694796 
908 154 16 20 0.06946485 
295 88 9 11 0.069458015 
143 48 7 10 0.069387786 
712 286 9 13 0.06931552 
1011 599 13 19 0.06931485 
532 346 13 15 0.06898749 
359 118 8 10 0.0689182 
374 96 7 9 0.06888996 
635 412 15 18 0.06887438 
191 150 11 14 0.0687741 
519 48 7 9 0.06873312 
570 585 15 17 0.06872087 
529 89 7 10 0.06864643 
537 261 9 11 0.06862789 
381 104 8 10 0.068579234 
342 33 7 9 0.06855193 
361 351 10 13 0.06834346 
669 268 11 15 0.06828754 
661 87 9 10 0.06819485 
257 54 7 9 0.06817315 
188 367 12 15 0.068142936 
1015 329 10 16 0.06813333 
707 102 9 11 0.06807974 
660 313 12 16 0.06797769 
602 116 8 11 0.06739725 
562 525 16 20 0.06738649 
583 223 10 11 0.06706362 
216 398 10 14 0.06704933 
614 63 9 11 0.06690285 
172 108 9 11 0.06688398 
422 136 9 11 0.066780694 
573 261 10 12 0.06673271 
436 370 13 17 0.066678576 
678 37 9 11 0.06666858 
169 56 8 10 0.06655461 
408 86 8 9 0.06649998 
288 85 8 11 0.066357754 
411 326 13 16 0.06630539 
246 52 8 11 0.0662849 
510 355 11 14 0.06623329 
813 446 16 20 0.06622066 
318 79 7 10 0.066190235 
448 468 18 23 0.06597498 
583 129 7 9 0.0658536 
165 8 7 9 0.06556074 
624 79 8 11 0.065497495 
656 79 9 10 0.06548729 
167 14 7 9 0.06544636 
562 141 8 10 0.06542538 
669 531 14 18 0.06535276 
694 223 8 11 0.06534834 
303 40 7 8 0.06531688 
508 373 12 14 0.06524695 
249 133 10 13 0.065115646 
701 238 8 12 0.06499641 
646 230 9 12 0.064923234 
210 639 16 20 0.064822614 
629 80 9 10 0.064809605 
305 60 8 10 0.06470521 
724 286 10 13 0.06470069 
236 388 10 13 0.06454014 
376 339 12 14 0.06423059 
684 215 8 10 0.06419118 
146 54 7 10 0.06418937 
254 103 9 11 0.06414364 
262 1 7 7 0.06412536 
599 103 8 10 0.06410665 
631 308 11 14 0.06403256 
611 150 10 12 0.06395184 
979 455 14 18 0.063869566 
481 72 8 10 0.06367106 
447 73 7 9 0.06361948 
196 412 14 16 0.06352723 
653 63 9 11 0.06333419 
674 442 15 18 0.06331538 
328 143 10 12 0.0633124 
525 253 9 12 0.06322938 
935 403 16 21 0.06322503 
545 617 16 21 0.06317367 
116 298 12 15 0.06291695 
569 119 7 10 0.06287868 
573 173 9 11 0.06283962 
686 246 9 12 0.06281963 
83 443 13 16 0.062776916 
312 88 9 11 0.06272025 
449 55 6 8 0.062711135 
645 22 8 9 0.06260392 
446 403 15 17 0.0625252 
227 238 16 19 0.06248656 
244 233 15 18 0.062481552 
607 30 8 10 0.062476084 
193 2 6 7 0.062446326 
894 426 13 17 0.062311172 
102 132 9 11 0.062295645 
495 175 8 10 0.062162586 
679 468 13 16 0.06214149 
376 17 6 9 0.062050585 
819 431 12 16 0.06200787 
527 435 12 15 0.061937936 
288 157 9 12 0.061920565 
264 79 8 10 0.061876956 
622 167 8 10 0.061669294 
416 48 8 9 0.061648443 
221 64 9 11 0.06163687 
433 366 12 16 0.061634853 
213 23 7 9 0.061400432 
200 8 6 8 0.06123146 
519 245 9 11 0.061204955 
303 16 7 9 0.061084285 
433 96 9 11 0.06098627 
503 317 11 14 0.060956478 
263 220 11 14 0.06091553 
642 36 9 12 0.06087942 
693 47 8 11 0.060673967 
679 72 9 11 0.06063223 
503 72 8 10 0.060592722 
448 47 7 9 0.06049758 
885 334 14 19 0.060475998 
661 79 8 10 0.060412847 
724 69 9 11 0.060364306 
325 172 11 13 0.06030379 
384 88 7 9 0.060294632 
982 564 15 20 0.060278364 
216 191 9 13 0.060267225 
623 303 11 13 0.0601967 
718 210 9 11 0.06019625 
482 549 18 26 0.06018785 
341 507 13 18 0.060161926 
164 166 12 15 0.060160942 
552 346 11 16 0.0600546 
737 136 9 12 0.06002528 
746 364 12 14 0.059956882 
265 14 7 9 0.059908435 
336 87 8 9 0.05982867 
448 86 8 10 0.059748974 
336 79 9 10 0.059652876 
410 62 7 9 0.059638303 
805 494 13 16 0.059556767 
659 347 11 16 0.059519652 
557 565 14 17 0.05928633 
502 643 21 25 0.059225358 
784 137 9 12 0.05907481 
613 120 9 11 0.058948625 
535 165 9 11 0.05891631 
477 331 11 14 0.058902517 
558 255 9 11 0.05880663 
243 625 15 20 0.058755144 
697 23 9 11 0.0587457 
593 128 8 11 0.058736343 
582 280 10 13 0.058705706 
458 31 6 8 0.058694333 
161 126 9 12 0.05867108 
319 157 10 13 0.058645498 
376 78 8 9 0.05862806 
375 22 6 9 0.05861927 
727 298 12 14 0.058590963 
188 378 12 16 0.05857768 
608 135 10 12 0.05856025 
908 148 15 17 0.058421187 
518 222 9 11 0.058390047 
425 70 7 9 0.05835633 
989 379 11 15 0.058298834 
597 372 13 18 0.058286346 
401 76 7 10 0.058177408 
721 65 8 10 0.058171596 
719 288 10 12 0.058147416 
424 64 7 9 0.058122825 
559 104 8 10 0.058039032 
726 255 11 13 0.058021385 
518 401 14 17 0.057998925 
253 436 14 17 0.057961565 
275 220 14 17 0.05774342 
302 367 9 11 0.05765976 
511 232 9 11 0.057633583 
519 129 7 8 0.057602093 
800 397 14 17 0.057557423 
296 22 8 9 0.057504393 
909 409 16 18 0.0574637 
596 168 10 12 0.057395842 
493 194 10 12 0.05736177 
456 55 6 9 0.057296198 
578 214 9 10 0.05727305 
512 64 7 9 0.05726404 
624 7 9 10 0.05726014 
447 265 11 13 0.057163022 
486 102 7 9 0.057160504 
345 211 13 16 0.056955162 
818 129 15 17 0.056927986 
615 220 11 13 0.05691115 
335 16 7 9 0.05674161 
203 440 16 20 0.05667297 
217 140 9 11 0.05656908 
510 310 12 14 0.056551535 
227 460 13 15 0.056506027 
686 134 9 12 0.05627647 
343 77 9 11 0.05623976 
645 213 9 11 0.0561834 
883 539 15 18 0.056181606 
94 133 10 13 0.056177445 
560 459 14 18 0.056120664 
553 182 9 11 0.05607094 
70 172 11 16 0.055928852 
537 450 15 18 0.055809643 
737 191 8 10 0.055594 
598 94 9 11 0.055523545 
563 574 14 18 0.055486992 
225 41 7 8 0.055484693 
106 317 17 22 0.055454504 
728 1 10 9 0.055435713 
601 244 11 13 0.055376988 
850 413 15 18 0.05525441 
182 31 8 10 0.05524145 
656 233 11 13 0.055141434 
1011 301 11 17 0.055122107 
712 388 10 13 0.054915536 
542 168 8 10 0.054841638 
421 405 12 16 0.054817602 
812 570 20 23 0.05476094 
393 131 9 12 0.054667044 
293 140 9 11 0.054567583 
109 173 9 12 0.054534625 
703 213 8 11 0.054516856 
398 48 6 8 0.054507032 
527 347 12 14 0.05450437 
88 134 11 15 0.054355685 
55 525 12 16 0.05429885 
688 164 10 12 0.05426656 
919 531 24 26 0.054093774 
805 391 12 15 0.053772673 
432 57 7 8 0.05376099 
806 317 9 12 0.053731963 
220 204 12 15 0.053718675 
621 411 15 20 0.053521905 
354 658 17 21 0.053455412 
433 235 10 13 0.05341789 
758 427 11 15 0.05337945 
116 103 9 12 0.05293844 
284 151 10 13 0.052931223 
536 221 9 12 0.052919086 
313 132 10 12 0.05290086 
122 197 13 16 0.05289774 
656 254 10 12 0.052839555 
472 129 8 9 0.052815955 
535 236 9 11 0.052815896 
648 78 8 11 0.05279822 
235 229 14 16 0.052774347 
465 262 11 14 0.052762643 
260 437 13 16 0.05274387 
287 56 8 9 0.052644067 
349 71 9 11 0.05250503 
512 147 8 11 0.052457433 
319 62 8 9 0.052441835 
149 95 10 11 0.052434895 
644 410 13 16 0.052415077 
159 165 12 14 0.05239617 
761 102 12 14 0.052311543 
581 248 10 13 0.052292854 
231 417 14 17 0.05226323 
517 87 8 9 0.05225534 
706 62 7 10 0.052229278 
590 244 10 12 0.052223418 
687 72 8 10 0.052223347 
498 126 8 9 0.052128483 
854 545 11 16 0.05210599 
696 37 10 12 0.05204768 
173 61 9 11 0.05193276 
663 20 7 10 0.05188981 
513 80 7 9 0.051886782 
239 186 11 13 0.05187954 
176 33 7 9 0.05178336 
398 144 9 11 0.051775847 
590 225 10 12 0.05171927 
652 325 11 14 0.05168882 
544 285 9 13 0.051670883 
458 63 7 8 0.051635474 
778 674 17 20 0.051616326 
642 129 8 10 0.051550847 
662 157 9 12 0.051544297 
84 657 16 21 0.051508427 
481 265 17 21 0.051495854 
470 117 8 10 0.051488083 
1000 395 12 16 0.05148222 
220 366 11 15 0.05146509 
620 403 13 17 0.051416233 
622 364 14 18 0.05135025 
498 420 15 17 0.051300235 
990 455 15 20 0.05126862 
77 173 10 14 0.05125442 
638 46 8 10 0.05124313 
376 108 9 11 0.05122542 
838 386 11 15 0.051173523 
955 659 17 21 0.05108721 
262 491 11 15 0.051079243 
846 179 12 15 0.050890926 
446 266 17 22 0.05086204 
696 110 8 11 0.05080326 
317 119 10 12 0.050773714 
318 112 8 10 0.05076142 
695 79 9 11 0.050713584 
211 221 14 16 0.050687224 
998 339 14 17 0.05066817 
561 120 7 9 0.05062352 
623 252 10 12 0.05060891 
558 388 12 15 0.05053773 
701 413 11 16 0.05044412 
346 96 8 10 0.050393566 
463 209 9 11 0.050353535 
674 451 13 18 0.05028605 
219 402 13 16 0.0502078 
642 106 10 14 0.050171286 
148 101 9 11 0.05006679 
311 57 7 8 0.05002277 
566 246 9 11 0.0499875 
191 184 13 16 0.049934115 
406 183 10 13 0.049909208 
367 109 8 11 0.04978157 
713 151 8 10 0.049774915 
711 269 10 13 0.04976779 
367 382 10 14 0.04975622 
211 33 7 9 0.049693715 
744 214 7 10 0.049661726 
553 169 7 10 0.04964878 
292 221 11 14 0.049625486 
113 212 14 18 0.049592752 
168 278 12 17 0.049465276 
150 129 8 10 0.04941475 
167 361 10 15 0.049301658 
427 78 8 10 0.049260926 
656 16 8 10 0.049189918 
361 172 9 11 0.049165674 
248 65 8 10 0.049149726 
255 32 7 9 0.049072217 
545 292 8 11 0.049011063 
623 199 9 11 0.04888103 
465 394 12 15 0.048676416 
157 142 11 13 0.048613746 
400 104 9 11 0.04859895 
176 86 8 11 0.04858447 
629 175 8 10 0.048573073 
662 245 10 13 0.048560258 
56 452 12 16 0.048515234 
540 197 9 12 0.048469663 
198 166 9 11 0.04840317 
740 336 12 15 0.048322957 
775 325 12 14 0.048319142 
702 600 22 28 0.048292246 
173 103 9 12 0.048278265 
395 32 7 10 0.048253756 
479 134 8 10 0.048237335 
381 135 9 11 0.048194066 
552 238 8 11 0.048079878 
702 252 8 11 0.048044696 
239 13 7 9 0.04798212 
498 120 8 10 0.047968313 
369 102 8 11 0.04794228 
335 344 9 10 0.04788921 
341 37 7 10 0.047884095 
361 40 7 8 0.047868874 
377 7 7 8 0.047847472 
309 336 8 10 0.04780635 
391 343 11 12 0.04777716 
449 320 11 14 0.047692843 
639 238 9 11 0.047637384 
457 25 6 8 0.047598597 
527 174 8 11 0.047580913 
504 141 8 11 0.04752172 
509 191 8 11 0.04744938 
342 17 7 8 0.047439057 
536 173 8 11 0.04739368 
494 62 8 10 0.047372572 
747 357 12 14 0.047205236 
669 143 9 12 0.047203608 
621 131 8 11 0.047163345 
231 78 8 10 0.047114592 
568 165 9 12 0.047001377 
637 303 13 17 0.046959806 
778 360 12 16 0.04692678 
281 30 7 9 0.04684845 
661 256 9 12 0.046814084 
694 3 11 11 0.04679888 
736 126 8 10 0.04674565 
482 587 13 17 0.046635497 
415 55 7 9 0.04659651 
277 111 9 12 0.046591047 
375 288 11 15 0.046584282 
639 290 12 14 0.04651571 
238 24 7 9 0.046500575 
259 87 7 10 0.04649333 
729 477 16 20 0.046329085 
656 47 7 10 0.046300765 
215 458 12 16 0.04625024 
371 22 7 9 0.04622124 
317 349 9 11 0.046041377 
465 78 7 9 0.045998614 
420 387 15 18 0.045959923 
721 262 9 12 0.045934882 
143 87 8 9 0.045905422 
576 7 10 11 0.04583477 
455 89 8 10 0.045830544 
432 16 7 8 0.045828793 
227 26 7 8 0.045800675 
417 6 8 9 0.045800522 
187 384 14 18 0.04576324 
236 235 16 18 0.045749705 
166 69 8 11 0.04572161 
255 17 7 8 0.045571756 
559 166 8 11 0.045551766 
245 151 9 11 0.0455427 
690 382 12 16 0.04551204 
525 30 8 10 0.045504276 
686 207 8 10 0.045446236 
233 13 7 9 0.04543951 
733 302 11 14 0.045435708 
392 143 9 12 0.045413647 
374 41 7 9 0.04539118 
432 31 6 8 0.04538798 
327 49 6 9 0.045372237 
835 548 13 18 0.04516914 
270 9 7 9 0.045057718 
333 386 12 14 0.045052014 
642 184 9 11 0.044982478 
575 69 8 10 0.044970404 
598 551 20 25 0.044917054 
868 163 10 13 0.044818193 
377 326 9 12 0.044814702 
418 23 7 9 0.044750832 
558 151 8 10 0.044745117 
504 310 10 13 0.04472124 
13 570 16 19 0.044706076 
152 551 24 27 0.04467259 
214 47 7 9 0.044651102 
714 301 12 16 0.044633266 
158 57 8 10 0.044584792 
894 308 14 16 0.044558957 
327 119 9 11 0.04455034 
322 7 7 8 0.044534657 
697 214 8 11 0.044534095 
207 659 16 20 0.04451944 
323 220 11 13 0.04448666 
385 24 7 9 0.0444402 
687 195 9 11 0.044380743 
455 670 19 26 0.044348724 
128 175 12 15 0.044298068 
365 585 12 14 0.04425238 
698 418 12 17 0.04420383 
584 200 9 12 0.04410841 
646 223 9 11 0.043924496 
571 454 13 18 0.043874305 
295 16 8 10 0.043853015 
775 332 10 13 0.043780386 
64 313 15 19 0.043775234 
445 113 9 11 0.0437431 
192 111 10 13 0.043708812 
174 128 11 13 0.04368424 
460 211 17 21 0.043672137 
504 111 7 9 0.043643836 
577 342 11 14 0.043641556 
490 64 7 9 0.04361233 
207 53 8 10 0.043556716 
432 213 8 11 0.0435506 
528 79 6 8 0.043534502 
516 323 11 15 0.043500405 
468 461 12 15 0.043446973 
629 214 10 11 0.043305803 
615 256 9 12 0.043279607 
934 334 16 20 0.043197453 
755 118 8 11 0.04317871 
365 428 14 18 0.04304454 
117 477 12 15 0.043032657 
145 23 8 10 0.04294645 
373 126 9 10 0.042943735 
463 65 7 8 0.042818036 
972 609 22 28 0.04278796 
273 32 7 9 0.04277883 
76 199 13 17 0.04275508 
363 60 8 10 0.042752903 
622 206 9 11 0.04265567 
537 103 7 9 0.04263973 
631 63 8 10 0.04262429 
398 474 14 18 0.042541943 
763 83 10 12 0.0425147 
520 161 8 11 0.04250377 
532 286 11 13 0.042496614 
434 47 7 8 0.042408317 
344 62 8 9 0.042407 
673 71 8 11 0.042378977 
513 224 8 9 0.042373072 
717 471 16 20 0.04234655 
327 342 8 11 0.04222883 
515 166 9 10 0.04218117 
646 95 10 13 0.042165674 
656 92 9 12 0.042165127 
510 332 11 14 0.042117845 
568 223 8 10 0.04210313 
353 23 6 8 0.041990522 
744 208 9 11 0.0419884 
454 229 9 11 0.041953478 
113 252 12 16 0.04195299 
535 127 7 10 0.041918512 
133 390 12 16 0.04189741 
479 342 13 18 0.04188947 
735 357 10 13 0.041836686 
512 39 8 10 0.041834194 
447 41 8 9 0.04173734 
565 264 18 22 0.041717723 
382 172 11 13 0.041565716 
166 127 9 12 0.041546267 
584 298 11 13 0.041542966 
502 54 6 9 0.04154045 
458 117 9 11 0.041533448 
151 23 8 9 0.041527536 
758 175 7 8 0.041489925 
520 53 8 9 0.0414792 
358 442 18 22 0.041442502 
766 0 11 11 0.041415367 
542 262 8 11 0.041334238 
663 62 8 10 0.04131554 
248 104 9 11 0.041305806 
737 196 9 12 0.04130065 
672 163 9 12 0.0412814 
195 379 14 17 0.041257687 
709 85 8 11 0.041248202 
635 378 12 16 0.041204043 
980 484 12 14 0.04115492 
245 8 8 8 0.041123115 
394 116 8 10 0.041014723 
368 422 12 15 0.04095381 
171 131 17 21 0.040853824 
755 349 12 15 0.040811 
408 79 7 9 0.040805794 
982 299 10 13 0.040727343 
687 236 10 13 0.040710546 
384 41 6 8 0.040686782 
652 101 11 14 0.04066235 
634 142 9 12 0.040620044 
758 211 9 11 0.040452007 
260 229 12 14 0.040373992 
648 177 8 10 0.0403323 
434 253 8 12 0.040275156 
615 79 9 10 0.040256064 
447 247 10 12 0.04021734 
577 206 10 12 0.040198967 
382 111 8 10 0.040176764 
192 192 12 17 0.040173814 
624 246 10 13 0.040142164 
637 404 14 18 0.04011461 
863 123 12 14 0.04007857 
401 15 7 10 0.039982725 
407 32 6 9 0.03997005 
973 454 14 17 0.039957907 
848 316 9 12 0.039950963 
84 458 14 19 0.039945398 
492 356 11 15 0.039934535 
607 70 9 11 0.03990707 
269 150 9 12 0.039897885 
671 206 9 11 0.039890625 
392 53 8 9 0.039851457 
647 207 9 12 0.039795935 
774 485 12 16 0.039779857 
406 207 10 13 0.039746165 
480 118 7 9 0.039735544 
70 180 12 17 0.039710157 
255 22 6 9 0.03971006 
687 146 17 22 0.03954039 
608 101 9 12 0.039530322 
582 386 12 15 0.039475955 
398 132 8 11 0.03946623 
560 159 8 10 0.03944457 
449 95 8 10 0.03940395 
226 77 8 10 0.03932463 
510 293 11 13 0.039321315 
479 56 7 9 0.039309178 
345 171 10 12 0.039253447 
511 70 7 10 0.039201714 
357 413 10 13 0.039161697 
313 111 8 10 0.039119102 
481 128 7 10 0.039076857 
880 388 16 20 0.039037935 
765 301 10 12 0.039022822 
894 345 11 15 0.039001476 
431 179 10 13 0.038990613 
246 125 10 12 0.03893247 
638 61 9 12 0.038924046 
295 152 10 13 0.03885794 
455 204 8 11 0.03881414 
286 221 12 15 0.038803086 
457 110 8 11 0.038794316 
689 60 9 11 0.03876382 
607 252 10 12 0.03869923 
532 430 11 14 0.038649485 
572 436 12 16 0.038603693 
702 525 15 19 0.0386028 
846 359 10 14 0.038582675 
352 414 10 13 0.038533974 
382 301 11 14 0.038521457 
503 24 6 9 0.038496364 
367 159 10 13 0.038485017 
382 125 9 11 0.03848454 
606 172 9 12 0.038461007 
808 312 9 11 0.038459808 
671 21 8 10 0.0384517 
497 55 8 9 0.03844979 
589 99 9 12 0.038437176 
95 654 20 23 0.038398094 
1015 417 10 15 0.038389828 
485 303 11 14 0.038388766 
551 246 9 11 0.038384143 
217 112 11 14 0.03834086 
559 295 11 14 0.038297106 
398 436 11 16 0.038255446 
677 159 9 11 0.03823263 
566 0 9 10 0.038189217 
993 323 22 28 0.03818791 
69 532 13 16 0.03818167 
577 142 9 11 0.038158022 
764 294 11 14 0.0381059 
557 175 8 10 0.038098205 
545 530 21 26 0.038066965 
225 31 7 8 0.03801727 
428 356 12 15 0.037988562 
371 428 14 16 0.03798558 
409 50 6 8 0.037912752 
280 405 10 15 0.037885576 
714 71 8 10 0.037883267 
657 20 8 10 0.037808135 
561 246 9 11 0.037802916 
511 93 8 10 0.03777878 
265 23 6 8 0.03777287 
566 239 9 11 0.037760824 
558 182 8 10 0.037722573 
512 127 7 8 0.0376736 
972 623 21 27 0.03764143 
631 240 9 11 0.0375131 
542 270 9 12 0.03751181 
68 496 14 18 0.037511196 
495 254 8 12 0.037494533 
196 156 11 14 0.037485197 
824 316 9 11 0.037391204 
333 665 15 20 0.03737543 
539 604 15 21 0.0373696 
638 387 11 14 0.03728339 
884 148 12 16 0.037248373 
672 31 9 11 0.037233714 
776 303 10 12 0.037230935 
737 395 12 15 0.037225947 
158 90 10 12 0.037188586 
307 493 15 19 0.037122108 
201 15 8 9 0.037114337 
805 409 13 17 0.037113704 
409 142 9 12 0.037111294 
565 616 14 17 0.03709953 
687 294 11 14 0.03702431 
751 435 12 15 0.036957126 
682 183 8 10 0.03692218 
316 143 10 12 0.036846302 
459 317 12 15 0.036763087 
335 109 9 11 0.03675464 
397 380 13 16 0.036727957 
474 55 7 9 0.036717486 
450 101 7 10 0.036688454 
29 227 14 17 0.036671523 
541 347 12 15 0.036640253 
262 472 14 18 0.036631983 
149 181 10 14 0.036613096 
167 39 7 9 0.03660015 
319 343 10 12 0.036489442 
967 340 11 15 0.03648854 
589 371 13 17 0.036329873 
813 317 10 12 0.03632804 
567 8 8 11 0.036325127 
486 96 7 10 0.03632135 
860 107 22 26 0.03629287 
334 350 9 11 0.03628091 
503 29 7 10 0.03627449 
440 23 7 9 0.03621378 
490 165 8 11 0.036211636 
768 175 8 9 0.03617815 
816 92 9 11 0.03616307 
447 5 7 9 0.03613979 
205 239 17 21 0.035971124 
355 642 22 27 0.03593063 
578 105 8 9 0.03591062 
337 56 6 8 0.03588101 
642 21 7 10 0.035862707 
504 323 9 13 0.035800435 
361 135 9 11 0.035784077 
278 213 11 14 0.0357797 
257 146 10 13 0.03572762 
507 661 15 18 0.035712015 
674 54 8 11 0.035680324 
198 128 10 12 0.03564886 
478 191 8 11 0.035604537 
408 135 8 10 0.035586026 
893 356 13 17 0.035561994 
486 134 8 10 0.035535064 
255 109 8 12 0.035511654 
441 15 6 9 0.03547339 
449 204 9 12 0.035456 
350 152 9 11 0.035442933 
862 138 10 14 0.035431437 
359 3 7 7 0.035411347 
723 350 11 14 0.03538923 
453 275 12 14 0.035388146 
178 159 11 14 0.035378747 
242 554 14 18 0.035374094 
343 86 8 10 0.035334487 
230 406 13 17 0.035296146 
337 2 8 7 0.035290595 
183 53 8 10 0.035281967 
379 374 13 14 0.035240665 
400 96 9 10 0.035206124 
404 437 11 14 0.035198543 
401 189 11 14 0.035170548 
537 62 7 9 0.03515113 
433 288 10 13 0.03514761 
564 79 8 11 0.03512254 
645 196 10 11 0.0351216 
237 460 14 16 0.035036206 
575 317 11 14 0.035026655 
158 24 7 9 0.034973223 
456 409 14 19 0.034937844 
774 62 8 9 0.034911383 
497 105 8 10 0.034884855 
574 168 9 11 0.034861136 
84 182 11 14 0.034843504 
229 175 10 13 0.03482511 
565 426 14 19 0.034778606 
560 196 11 13 0.034752585 
248 200 9 12 0.034710262 
329 108 9 11 0.034691907 
448 239 8 11 0.034648336 
297 55 7 10 0.034615766 
711 158 8 11 0.034592044 
580 318 11 14 0.03458698 
105 93 8 10 0.034579754 
767 340 10 12 0.034579106 
550 95 9 10 0.034523305 
631 109 9 12 0.03451584 
348 374 12 15 0.03444508 
576 221 9 12 0.034430873 
710 60 9 11 0.03439985 
289 16 7 9 0.034362502 
404 389 10 14 0.034358997 
549 103 9 11 0.034313694 
406 336 13 16 0.03430795 
766 64 9 10 0.0343067 
211 653 20 24 0.034304988 
431 110 8 10 0.034298465 
686 317 13 16 0.03429592 
441 70 8 10 0.034210593 
370 79 9 10 0.0341795 
300 234 14 16 0.034160513 
199 24 8 9 0.03414798 
517 310 10 13 0.034120787 
415 64 8 9 0.034109645 
397 544 14 17 0.034097534 
138 64 9 11 0.03408901 
615 96 10 12 0.034079004 
732 1 11 10 0.03404354 
899 341 12 15 0.033948496 
839 413 14 20 0.033914432 
486 6 7 8 0.03391035 
560 231 8 10 0.033833034 
701 293 12 14 0.03381334 
271 408 12 15 0.033735037 
55 227 11 15 0.033679917 
136 79 7 10 0.033669826 
412 158 10 12 0.033665296 
696 164 9 11 0.03362817 
236 406 13 16 0.03360084 
381 423 15 17 0.03359056 
343 114 18 23 0.03358251 
723 244 12 14 0.03356414 
796 533 15 18 0.03353058 
580 134 19 25 0.033528537 
353 3 7 8 0.033485983 
546 96 8 9 0.033461884 
788 147 8 12 0.033412438 
689 4 9 11 0.033383183 
634 195 9 12 0.03336988 
498 94 8 9 0.033337977 
396 443 11 14 0.033303972 
261 341 11 13 0.033300128 
465 194 10 13 0.033291936 
717 251 12 14 0.0332557 
145 16 7 8 0.033252258 
192 7 7 9 0.033188704 
287 104 18 22 0.03318151 
255 407 16 23 0.03317613 
658 550 14 21 0.033115387 
322 50 7 8 0.0331136 
623 238 9 12 0.033098992 
665 201 8 10 0.033088934 
656 143 8 11 0.033081587 
332 158 10 13 0.033080947 
194 75 9 12 0.033075225 
199 37 8 10 0.033075124 
112 202 14 16 0.03302417 
585 80 8 10 0.033013504 
287 633 13 17 0.03299171 
320 37 7 8 0.032932047 
473 408 13 18 0.032889165 
493 605 11 15 0.032878075 
272 157 9 12 0.032801032 
888 127 9 12 0.032725103 
191 156 11 14 0.032651804 
286 30 8 10 0.032641176 
206 110 9 11 0.032621827 
237 211 12 14 0.032583073 
368 89 8 10 0.032573424 
595 308 11 15 0.032537032 
482 6 8 10 0.032485567 
954 311 14 18 0.03247641 
477 62 8 10 0.032450326 
359 31 6 9 0.03237058 
413 406 13 17 0.0323163 
614 70 10 11 0.03230482 
367 140 9 12 0.032296162 
727 199 8 10 0.03225418 
61 227 10 14 0.032241635 
644 140 11 13 0.032241605 
438 215 8 11 0.0322314 
559 239 9 11 0.032201115 
215 55 8 9 0.032169357 
258 1 7 7 0.032165438 
519 280 9 13 0.032164596 
306 31 6 9 0.032160055 
525 361 14 17 0.032159947 
769 350 11 14 0.0321506 
522 207 8 10 0.03212709 
608 207 19 22 0.03211301 
167 47 7 9 0.032110576 
256 69 8 11 0.032097615 
640 231 10 12 0.032094516 
403 218 12 14 0.032073677 
197 149 11 14 0.032054465 
739 474 13 18 0.032050904 
487 120 7 10 0.032018006 
567 148 9 11 0.03196256 
279 103 8 10 0.03194868 
328 69 8 10 0.031934813 
361 126 9 11 0.03186197 
312 38 7 9 0.03185981 
138 653 17 21 0.03179926 
717 640 17 22 0.031769782 
337 553 15 19 0.03172478 
418 32 7 9 0.031706832 
292 653 15 20 0.03170257 
460 176 10 11 0.031662155 
671 199 8 10 0.031652555 
383 193 18 23 0.03163822 
99 235 13 15 0.031631093 
101 475 15 18 0.031629108 
478 213 9 12 0.031619355 
178 23 7 9 0.031616434 
310 343 10 12 0.03158961 
406 379 9 13 0.031552635 
754 174 8 11 0.031534415 
229 155 11 15 0.0315114 
712 262 9 12 0.031485565 
370 16 6 9 0.03147386 
204 182 12 15 0.031451207 
329 427 11 16 0.031338606 
718 168 9 11 0.03132649 
231 41 7 9 0.031287726 
319 1 8 8 0.03128211 
742 466 13 18 0.031249354 
997 554 17 21 0.031227678 
752 99 11 13 0.031216675 
481 39 7 9 0.031196564 
613 108 10 12 0.031187901 
207 151 10 12 0.031146707 
899 133 11 12 0.031136466 
453 264 10 12 0.031126179 
766 324 12 15 0.031124748 
648 43 9 11 0.031118969 
82 269 13 16 0.031043408 
441 80 8 9 0.031031152 
333 143 9 12 0.031006387 
162 70 8 10 0.030996475 
662 117 10 13 0.030978736 
511 182 8 11 0.030968545 
216 362 11 14 0.030961463 
830 538 13 17 0.030935965 
123 322 17 24 0.030907754 
741 192 9 12 0.03090603 
418 113 18 24 0.030903803 
172 610 15 20 0.03085544 
214 212 12 16 0.030822968 
692 229 10 11 0.030813761 
720 0 9 9 0.030778438 
322 543 17 21 0.030775342 
641 214 8 11 0.030770883 
286 429 12 15 0.030759953 
583 149 8 12 0.030749107 
238 467 14 16 0.030722402 
318 88 8 10 0.030706115 
425 208 8 11 0.030687744 
510 206 8 11 0.03068568 
44 537 14 15 0.030672098 
488 284 10 13 0.030654086 
118 183 10 13 0.030649483 
221 441 12 17 0.030616676 
231 147 11 14 0.030588765 
722 108 9 11 0.03053452 
206 103 10 12 0.030486979 
692 653 17 19 0.030454358 
257 79 8 10 0.030444885 
334 437 14 16 0.03044145 
881 331 14 16 0.030434275 
697 207 8 10 0.030403279 
321 169 9 13 0.03033033 
551 72 8 10 0.030308291 
477 163 9 11 0.03028083 
615 277 13 15 0.030278463 
288 128 9 12 0.030262122 
469 185 10 12 0.030218054 
230 72 8 10 0.030201709 
325 445 11 15 0.030196024 
459 219 9 13 0.0301537 
712 238 20 23 0.030140683 
618 173 8 11 0.030139733 
681 381 11 15 0.030128812 
932 341 25 31 0.030112535 
655 176 9 11 0.030098023 
706 589 18 22 0.030067593 
680 209 8 11 0.029949572 
567 103 8 10 0.029947631 
325 8 7 8 0.029946074 
671 275 11 14 0.029922992 
440 663 16 21 0.029920734 
304 391 11 15 0.029918952 
869 356 12 15 0.029866055 
204 429 13 16 0.029857216 
405 112 8 11 0.029853301 
423 321 13 17 0.029825332 
224 51 9 11 0.029824404 
857 427 14 19 0.029807072 
266 195 11 14 0.029804818 
570 609 16 19 0.029796699 
385 94 7 9 0.02978871 
567 254 10 12 0.029773327 
700 1 11 10 0.029762434 
343 1 6 7 0.029757148 
626 357 11 14 0.029743863 
712 186 9 12 0.029742075 
111 234 12 16 0.029675344 
552 129 7 8 0.029670764 
494 240 10 11 0.029669417 
328 353 10 13 0.029659433 
298 39 6 9 0.029644115 
622 388 12 14 0.029626682 
268 81 18 23 0.029613866 
121 70 7 9 0.029606521 
505 340 11 16 0.029584257 
613 300 11 13 0.029576015 
609 24 8 11 0.029573264 
255 483 13 17 0.029563015 
527 442 14 18 0.029555267 
478 113 8 9 0.029553797 
487 245 9 11 0.029547274 
693 292 12 15 0.029542508 
528 221 8 11 0.029523376 
532 437 13 17 0.029519873 
344 21 6 8 0.02951964 
301 192 11 13 0.029457493 
24 515 11 13 0.029431492 
164 216 18 24 0.029413639 
454 189 9 12 0.029409314 
528 127 7 9 0.029388066 
556 346 13 17 0.029372545 
188 165 10 14 0.029367907 
196 205 14 18 0.029356044 
559 312 12 15 0.029335046 
806 323 11 16 0.029333211 
292 412 13 16 0.02933291 
541 184 9 10 0.029298538 
636 324 12 16 0.029293893 
825 530 15 18 0.029281564 
505 8 8 9 0.029277153 
819 515 16 21 0.029271124 
680 324 12 15 0.029253826 
589 87 8 10 0.029241897 
515 634 14 18 0.029231315 
552 188 9 12 0.029221034 
797 499 14 18 0.029220978 
469 206 9 11 0.029220574 
380 315 12 14 0.029211689 
475 301 11 14 0.029207982 
510 234 17 22 0.029188065 
407 350 10 14 0.029178252 
424 162 17 22 0.029172303 
704 95 10 11 0.029154934 
509 302 12 14 0.029146735 
383 157 10 13 0.029124489 
869 402 12 17 0.02911358 
513 47 7 9 0.029084954 
682 222 18 24 0.029070657 
592 118 8 10 0.029068686 
236 395 12 16 0.02904133 
551 63 9 10 0.029000951 
544 128 7 9 0.028943257 
854 332 10 13 0.028920922 
793 206 9 11 0.028917423 
305 341 9 12 0.028886888 
420 332 13 16 0.028852852 
835 327 11 14 0.028838033 
446 213 9 11 0.028831892 
469 586 15 19 0.028826138 
539 190 9 12 0.028818505 
182 88 8 11 0.028786054 
710 277 10 12 0.028779393 
353 31 7 9 0.02877843 
891 315 14 18 0.02876709 
663 135 9 12 0.028733894 
242 112 8 11 0.028722797 
340 389 12 13 0.028709112 
455 152 9 10 0.028708747 
496 23 7 9 0.028704554 
547 594 14 18 0.028691879 
120 94 9 12 0.028691312 
221 141 9 11 0.028680041 
535 56 8 9 0.028663661 
758 338 11 14 0.02857687 
396 348 12 15 0.02853829 
459 272 19 23 0.028533887 
1014 507 9 14 0.02852865 
302 2 7 8 0.028510004 
471 332 11 14 0.02849981 
354 210 12 15 0.028495844 
480 100 8 10 0.02844826 
374 373 12 14 0.028446147 
250 232 15 18 0.028440472 
394 38 7 8 0.028439414 
708 166 9 11 0.028432444 
693 16 10 10 0.028423699 
503 175 8 9 0.02841643 
70 202 13 16 0.028405324 
710 176 18 23 0.028389722 
530 187 18 23 0.028337883 
602 330 11 14 0.028331686 
674 215 8 11 0.028330026 
741 126 9 10 0.028286563 
689 16 8 11 0.028252386 
411 482 15 19 0.028240768 
836 339 11 13 0.02822132 
516 648 15 20 0.028213443 
621 212 10 12 0.028198741 
805 195 10 14 0.028186752 
111 182 10 13 0.028180469 
877 336 15 19 0.02816016 
374 157 10 13 0.028154971 
267 441 14 18 0.028116249 
329 458 19 22 0.028105602 
440 87 7 8 0.02809654 
325 595 14 19 0.028066566 
140 406 11 15 0.028060026 
592 328 12 14 0.028047347 
494 481 14 17 0.028041469 
124 388 21 29 0.028004814 
309 144 18 24 0.028002337 
673 221 8 10 0.027969927 
684 375 12 15 0.02796578 
496 261 8 11 0.027962005 
687 460 12 16 0.027956568 
728 133 9 12 0.027953323 
438 602 15 18 0.027949529 
433 315 13 16 0.027942566 
574 14 9 11 0.027853318 
795 514 14 19 0.027829604 
70 272 14 18 0.027829299 
524 199 20 24 0.02780102 
417 39 8 8 0.02776654 
838 606 13 18 0.02775182 
1005 347 11 13 0.027737191 
648 0 9 10 0.027733441 
249 139 10 14 0.027733395 
935 324 16 18 0.027696833 
166 117 9 12 0.027689176 
515 435 13 17 0.027675653 
590 80 8 10 0.02764499 
190 206 12 16 0.027639568 
272 226 12 15 0.027625706 
262 449 22 24 0.027597481 
700 285 11 14 0.027593112 
440 196 10 12 0.027584855 
599 262 11 13 0.027584162 
883 410 12 15 0.027583096 
481 368 14 17 0.027580192 
628 470 16 20 0.027564796 
721 417 12 17 0.027556274 
528 135 8 9 0.027548078 
574 279 10 12 0.027525172 
289 174 10 13 0.027521107 
225 651 15 20 0.02751026 
681 84 9 11 0.027477127 
62 193 11 14 0.027474528 
198 324 11 13 0.027442615 
357 380 11 13 0.027435018 
63 222 10 14 0.027419742 
653 360 11 15 0.027408978 
726 374 10 13 0.027407397 
542 172 9 11 0.027400257 
129 111 9 10 0.027389439 
996 538 24 30 0.027387634 
205 220 14 17 0.027370585 
757 93 13 15 0.02736787 
760 63 9 11 0.027359392 
977 345 16 19 0.027343104 
427 402 13 19 0.027326189 
799 312 10 12 0.027294625 
505 197 8 10 0.027293777 
838 423 13 18 0.027277483 
503 458 12 17 0.027266927 
63 500 12 16 0.027242338 
735 84 9 13 0.027234731 
110 240 19 22 0.027226863 
489 23 7 9 0.027224917 
406 443 11 15 0.027213482 
727 94 8 12 0.027207838 
222 230 13 15 0.027192237 
371 175 18 23 0.027173473 
420 475 14 18 0.027165465 
94 258 13 17 0.027153207 
303 6 7 9 0.027147658 
946 323 13 19 0.027143098 
520 215 9 11 0.027129231 
590 29 8 10 0.027123028 
542 255 8 10 0.027112402 
415 348 11 14 0.027078923 
646 15 8 11 0.027074289 
1011 590 13 18 0.027071841 
543 105 17 24 0.02706583 
376 406 14 17 0.027042905 
598 24 9 11 0.02702176 
448 24 7 8 0.026990868 
543 309 10 13 0.026985452 
799 321 12 16 0.026979981 
390 322 11 14 0.026903745 
333 362 13 16 0.026898474 
638 332 11 14 0.026896887 
187 436 14 17 0.026884945 
756 1 10 10 0.02687132 
232 675 16 20 0.02686151 
599 253 9 11 0.026848355 
321 358 9 13 0.026825663 
302 22 7 9 0.026814546 
357 231 13 16 0.026775084 
677 294 10 14 0.026772028 
879 438 16 20 0.026751362 
319 70 8 10 0.026687425 
400 3 7 7 0.026653746 
440 31 7 8 0.026646793 
470 40 7 8 0.026589941 
280 70 8 10 0.02658389 
349 77 8 10 0.026583584 
408 22 7 9 0.02657138 
592 511 15 18 0.026562145 
544 156 8 10 0.02655793 
392 103 8 11 0.026551692 
309 231 15 18 0.026551666 
711 79 8 11 0.026525086 
608 262 11 14 0.026523814 
676 269 12 14 0.026515026 
557 554 16 19 0.026496371 
517 160 19 25 0.026482623 
577 134 9 11 0.026482316 
687 142 9 12 0.026480973 
446 284 12 14 0.0264569 
890 436 14 19 0.026443228 
118 397 20 26 0.026371434 
295 170 17 22 0.026358925 
803 631 15 19 0.026357679 
638 269 10 12 0.026312403 
519 105 8 8 0.0263059 
108 483 13 17 0.026305031 
353 17 6 7 0.026277617 
476 625 16 18 0.026269106 
61 247 11 14 0.026254917 
385 54 7 9 0.026254157 
629 386 13 16 0.026253767 
759 422 11 14 0.026237674 
153 451 11 15 0.026203552 
422 38 7 9 0.026183713 
508 421 14 17 0.026179437 
608 95 8 10 0.026175154 
621 160 9 10 0.026174802 
127 94 8 11 0.02616628 
713 210 17 22 0.02615373 
634 466 15 20 0.026142826 
887 345 11 15 0.02612379 
576 281 17 22 0.026102716 
617 228 10 12 0.026090961 
958 541 14 19 0.026080893 
902 324 12 15 0.026079379 
55 267 14 17 0.026060272 
87 150 9 11 0.026057974 
494 299 10 14 0.026027218 
760 199 8 10 0.02601037 
110 339 23 31 0.025995132 
671 100 10 13 0.025989627 
679 99 9 12 0.025985815 
800 196 10 14 0.025969272 
486 79 7 9 0.025968859 
679 319 11 14 0.025940856 
303 372 10 12 0.025924342 
425 103 9 10 0.025917452 
585 53 8 10 0.025862057 
813 312 9 11 0.025836444 
268 142 10 13 0.025824921 
677 355 13 16 0.025765348 
448 143 8 9 0.02575034 
723 392 13 17 0.025746886 
413 334 18 22 0.025742097 
269 342 9 11 0.025715958 
471 136 18 25 0.02570896 
478 286 10 12 0.025706988 
494 292 10 14 0.025684088 
575 105 17 23 0.025681991 
245 434 14 19 0.025679989 
692 470 14 17 0.025674464 
753 91 21 26 0.02566862 
230 568 15 18 0.02566323 
592 148 17 22 0.025649378 
687 31 8 10 0.02563088 
441 8 7 8 0.02560762 
646 148 9 10 0.025573442 
263 31 7 9 0.025569076 
880 154 11 14 0.025551658 
473 79 7 10 0.025550451 
392 1 8 8 0.025542097 
393 7 8 9 0.02553818 
488 183 18 22 0.025515076 
515 382 12 15 0.025482936 
198 1 7 8 0.025477607 
543 64 7 9 0.025472747 
563 652 15 18 0.02546315 
535 214 9 12 0.025457421 
600 74 18 23 0.025445735 
536 183 9 11 0.025439827 
633 31 8 10 0.025427947 
213 135 10 13 0.025423817 
161 14 8 9 0.025366573 
415 433 14 17 0.025361773 
452 291 12 14 0.025344571 
567 230 8 10 0.025341067 
710 120 9 11 0.025334738 
532 356 14 16 0.025309425 
215 468 12 15 0.025305979 
580 495 19 24 0.025285915 
579 587 13 17 0.025255423 
1014 336 11 15 0.025253445 
295 69 8 10 0.025246968 
181 439 15 18 0.025225092 
461 333 10 14 0.02518873 
876 354 12 15 0.025183642 
531 205 10 12 0.025174003 
614 121 17 23 0.025159357 
464 135 7 10 0.025106099 
376 135 9 11 0.02508537 
456 126 9 10 0.02508107 
327 421 12 15 0.025070619 
935 317 13 16 0.025048349 
366 325 10 12 0.025048139 
357 527 16 20 0.025045015 
559 93 7 10 0.025039254 
294 227 12 14 0.024996521 
860 418 13 17 0.024970632 
368 291 11 14 0.024941413 
768 182 9 11 0.024936717 
768 361 13 15 0.024934055 
193 15 7 9 0.02491527 
252 627 19 23 0.02491339 
840 370 12 14 0.024899375 
695 251 11 12 0.024889514 
265 175 10 12 0.024888784 
640 222 8 11 0.02488514 
470 619 12 17 0.0248585 
76 279 14 17 0.02485453 
867 599 14 20 0.024842987 
77 416 17 21 0.02481533 
366 387 10 14 0.024786932 
639 164 9 11 0.024773939 
661 100 10 13 0.024744844 
218 3 7 8 0.024740903 
434 41 7 8 0.024730619 
613 291 11 15 0.024726065 
682 177 9 10 0.02471034 
728 190 8 11 0.02468061 
416 135 9 11 0.024643311 
945 308 12 16 0.024641877 
89 495 22 25 0.02463698 
262 62 8 10 0.024636865 
303 47 7 9 0.02460329 
305 729 27 28 0.02455425 
248 49 8 10 0.024550764 
66 320 17 22 0.024529237 
519 260 9 11 0.024517318 
360 327 8 11 0.024487091 
615 6 9 10 0.024478482 
295 48 8 10 0.024476176 
847 340 11 14 0.024475574 
486 240 8 11 0.024475193 
145 29 8 9 0.024464203 
948 337 12 15 0.024462184 
814 389 11 14 0.024461603 
753 167 8 11 0.024453547 
492 579 12 14 0.024441186 
103 167 11 14 0.024400946 
724 439 13 16 0.024400506 
460 240 10 11 0.024376268 
204 129 11 13 0.02437615 
759 122 9 11 0.024352498 
543 71 8 10 0.024341231 
422 7 7 8 0.024337374 
338 603 16 20 0.024334582 
115 346 14 17 0.024332693 
503 15 8 9 0.024329344 
453 241 17 22 0.024319552 
329 38 6 9 0.024318228 
763 116 10 13 0.024307545 
552 74 17 23 0.024302246 
108 102 18 23 0.024301039 
568 601 13 17 0.024268005 
155 106 18 22 0.024236118 
479 263 11 14 0.024214134 
571 676 19 22 0.024157826 
44 511 10 13 0.024122126 
394 105 18 23 0.024120336 
350 182 9 13 0.024120094 
128 212 11 14 0.024118105 
538 141 8 10 0.024066117 
528 103 8 9 0.024064872 
458 324 11 13 0.024059935 
401 412 12 17 0.024050523 
129 56 7 9 0.024040572 
359 105 9 10 0.024034351 
447 63 7 9 0.024021579 
448 150 9 11 0.024019267 
463 88 8 9 0.024011288 
578 351 18 21 0.024004947 
519 190 8 11 0.02398627 
976 367 23 29 0.023983808 
728 120 8 11 0.023978127 
177 632 16 20 0.02394559 
941 314 15 20 0.02394374 
105 214 13 16 0.023940612 
519 182 9 11 0.0239404 
798 168 9 11 0.02393838 
534 231 9 12 0.023937209 
522 395 15 18 0.023925362 
388 171 10 14 0.023905046 
877 117 10 13 0.023898052 
544 584 14 19 0.023892477 
214 151 11 12 0.023880983 
736 121 8 10 0.023864225 
598 279 10 13 0.023862325 
192 87 9 11 0.023848373 
757 640 23 27 0.023843998 
674 36 9 11 0.02381167 
545 302 9 13 0.023755444 
295 126 10 13 0.02373764 
727 204 8 11 0.02373157 
158 104 11 13 0.023711706 
246 221 11 13 0.02368429 
87 125 10 14 0.023636373 
310 180 9 12 0.023620432 
559 190 9 11 0.023603758 
87 479 12 17 0.023565248 
584 225 18 22 0.023563229 
567 642 13 17 0.023552073 
915 149 13 16 0.023549598 
662 165 9 11 0.023538819 
491 513 16 21 0.023528881 
135 86 7 10 0.023525177 
760 299 11 13 0.023506433 
151 16 7 9 0.023504877 
326 89 17 23 0.023501342 
500 163 9 12 0.023499286 
328 131 10 12 0.023494516 
435 496 13 18 0.02348186 
517 230 9 11 0.02347899 
123 253 11 14 0.023461534 
957 200 13 14 0.023449486 
478 150 8 11 0.023441171 
562 268 9 13 0.023430493 
482 48 7 9 0.0234292 
578 87 8 10 0.023426905 
330 121 17 23 0.02342516 
789 637 13 17 0.023406524 
614 452 11 16 0.02340235 
1002 591 16 19 0.02340053 
376 3 7 7 0.023383815 
175 371 14 16 0.023379944 
303 71 9 11 0.023362234 
719 264 20 24 0.02335717 
584 168 8 11 0.023353545 
741 135 9 12 0.023350744 
521 199 7 9 0.02334902 
417 17 7 9 0.023343017 
586 355 13 16 0.023313025 
377 30 7 8 0.023305833 
225 87 9 12 0.023295162 
424 56 7 8 0.023290416 
598 363 13 18 0.02328533 
216 105 11 13 0.023276798 
708 125 11 14 0.023264268 
172 181 11 15 0.023260022 
265 215 10 14 0.023258407 
234 222 13 15 0.023255574 
194 372 13 17 0.02323014 
624 56 8 11 0.023196606 
816 593 23 26 0.023181299 
335 21 7 9 0.023178833 
343 42 17 24 0.023171967 
171 148 11 14 0.023158148 
152 43 8 11 0.023144042 
848 334 9 12 0.023140905 
545 79 7 10 0.023133757 
735 137 17 23 0.023113422 
415 102 7 10 0.023107711 
600 55 8 10 0.02310642 
537 268 9 12 0.02309801 
788 397 14 18 0.023095597 
652 39 9 10 0.023091327 
94 306 19 25 0.023077749 
406 150 10 12 0.023071384 
698 103 9 11 0.023068719 
621 93 10 12 0.023061799 
776 445 15 17 0.023057533 
502 104 7 9 0.023044178 
550 500 13 16 0.023039233 
721 198 9 10 0.023038682 
744 86 10 12 0.02303457 
527 280 10 12 0.023032662 
311 223 13 15 0.023019873 
195 633 14 18 0.023005208 
182 140 10 13 0.023002924 
391 157 10 12 0.022998573 
240 177 18 22 0.022967536 
252 355 12 15 0.022964315 
303 356 9 11 0.022958873 
543 207 8 10 0.022951689 
303 94 8 11 0.02294625 
640 79 8 10 0.022941243 
93 267 12 14 0.022925476 
78 181 12 16 0.022924783 
208 8 7 9 0.022915797 
446 223 8 12 0.022909177 
472 69 7 10 0.022890372 
383 31 7 8 0.022886172 
277 435 14 19 0.022885175 
281 78 8 10 0.022852868 
717 150 9 12 0.022844674 
396 342 11 13 0.02284171 
778 457 14 17 0.022835003 
490 136 18 24 0.022834953 
190 172 11 13 0.022832096 
640 547 14 20 0.02281184 
437 207 10 11 0.022801572 
573 29 9 11 0.022764914 
557 61 9 10 0.022751877 
574 199 10 12 0.022737266 
668 347 14 17 0.02272284 
456 141 9 10 0.022712326 
237 474 13 16 0.022711286 
970 370 15 17 0.022703808 
515 340 11 14 0.022689857 
541 364 14 18 0.022683145 
708 394 12 15 0.022674572 
212 482 15 19 0.022666901 
300 158 10 12 0.02266627 
456 72 7 8 0.02266032 
217 190 18 23 0.022641774 
337 657 15 20 0.022641486 
358 581 13 16 0.022641342 
985 206 9 12 0.022637649 
598 220 10 13 0.022628916 
535 46 8 9 0.022622462 
112 87 7 10 0.02261464 
139 47 8 10 0.022603238 
982 372 13 18 0.0225959 
510 197 8 10 0.02257392 
229 478 12 17 0.022547007 
614 370 13 19 0.022546718 
983 380 22 29 0.022540623 
900 460 16 20 0.022534562 
205 380 11 15 0.022530641 
352 88 8 9 0.022509405 
153 74 18 23 0.02250824 
486 41 8 9 0.022496643 
136 40 8 9 0.022490155 
511 31 8 9 0.02248999 
662 30 9 11 0.022425262 
458 110 20 25 0.02241534 
289 7 8 9 0.022393411 
415 137 17 23 0.022390736 
465 38 7 9 0.022383446 
757 169 8 10 0.022383092 
350 464 13 19 0.022375902 
814 323 12 16 0.0223456 
19 102 95 133 0.022338767 
496 208 8 10 0.022334224 
151 2 9 9 0.022332499 
644 301 13 16 0.02232298 
1011 489 13 17 0.022322165 
653 133 10 13 0.022310331 
247 198 19 25 0.022302551 
854 176 10 13 0.022297023 
939 332 23 29 0.02228892 
737 215 8 10 0.022276381 
716 64 20 24 0.022262082 
73 647 23 28 0.022255996 
138 469 14 18 0.022247376 
478 387 13 16 0.02223026 
270 13 7 10 0.02222233 
502 48 8 11 0.022210205 
264 155 9 11 0.022209516 
881 401 14 18 0.022203445 
550 277 9 12 0.022203274 
535 153 8 10 0.022199055 
291 152 20 24 0.022188583 
674 246 10 14 0.022184933 
544 247 8 10 0.02217883 
513 105 7 8 0.022165203 
371 522 14 18 0.02213663 
693 142 11 12 0.022130048 
509 363 13 17 0.02211858 
782 507 19 26 0.022097455 
685 403 14 17 0.022071967 
381 240 24 29 0.02206636 
732 275 12 16 0.022054756 
908 416 17 21 0.022045856 
606 290 12 14 0.022021346 
472 24 6 9 0.02202089 
771 453 16 20 0.022017136 
518 80 7 9 0.021981712 
495 154 16 23 0.021978993 
487 86 7 9 0.021972682 
439 152 9 11 0.021956868 
843 174 22 25 0.021937827 
535 278 9 12 0.02193175 
475 494 15 20 0.021918492 
469 154 18 23 0.021916414 
816 376 12 16 0.02191631 
720 142 8 10 0.02190934 
569 112 8 10 0.021891663 
904 383 11 14 0.021879103 
678 164 10 11 0.021810407 
335 120 8 10 0.021787873 
550 460 13 17 0.021770628 
335 578 15 19 0.021762973 
303 88 8 10 0.021755598 
632 103 10 12 0.021751229 
414 206 10 13 0.021740777 
685 472 14 18 0.02173934 
529 229 9 12 0.0217296 
429 586 14 20 0.021701533 
659 276 13 15 0.021696929 
913 472 14 18 0.021681735 
712 251 11 13 0.021663241 
945 449 14 19 0.02164717 
260 346 13 15 0.021645917 
705 56 9 10 0.021625662 
542 596 14 18 0.021625128 
639 25 18 23 0.02161953 
511 136 8 10 0.021616226 
963 520 15 17 0.021607751 
681 693 16 19 0.021602308 
240 64 18 23 0.021598255 
564 340 12 16 0.021586627 
425 112 7 9 0.021578455 
534 438 19 24 0.021557214 
151 548 15 20 0.02154899 
399 418 12 17 0.021534385 
902 346 20 26 0.021530036 
898 421 14 17 0.021529226 
360 390 11 14 0.021523194 
400 55 7 9 0.021501914 
824 441 15 19 0.02150049 
630 260 11 12 0.021488 
133 163 11 14 0.021484336 
261 102 9 11 0.021474162 
503 356 11 15 0.021470735 
572 309 11 14 0.021467382 
748 452 12 17 0.02146066 
971 354 26 29 0.02144761 
101 351 27 33 0.021439532 
359 179 10 13 0.021433864 
639 176 9 10 0.021425473 
326 353 18 22 0.021409584 
311 356 9 11 0.021393673 
198 173 12 14 0.021387624 
242 359 13 19 0.021372437 
320 160 18 21 0.021362057 
534 247 9 11 0.021359008 
706 614 16 20 0.021356616 
845 347 13 17 0.02135271 
479 175 9 11 0.021345282 
376 318 10 12 0.021344136 
206 482 14 19 0.021334961 
951 552 15 19 0.021322936 
399 429 10 15 0.021317193 
120 154 11 14 0.021300875 
463 55 8 9 0.021299528 
176 93 9 11 0.021296363 
398 63 19 26 0.021294357 
775 56 8 10 0.02124877 
124 260 13 15 0.021248085 
378 66 19 23 0.021246163 
501 227 11 13 0.021237895 
281 399 9 14 0.0211876 
828 435 14 19 0.02117914 
679 236 10 13 0.021167852 
661 529 15 19 0.021145806 
558 261 9 13 0.021130173 
109 167 10 12 0.021124257 
493 362 11 15 0.021118125 
328 65 7 9 0.021113984 
305 530 14 19 0.021107033 
432 24 6 8 0.021106021 
292 444 16 20 0.021103691 
605 379 13 16 0.021096498 
537 71 8 9 0.021090541 
190 50 18 23 0.021086505 
407 127 8 10 0.021085162 
350 633 16 20 0.02108367 
97 112 8 12 0.021082554 
343 181 11 13 0.02107509 
590 200 8 10 0.021068884 
485 332 12 15 0.021064399 
417 391 20 25 0.021050772 
208 159 17 22 0.02103203 
269 192 19 23 0.02103167 
728 142 8 12 0.021027638 
811 455 15 19 0.021016477 
382 8 8 8 0.02100874 
577 249 17 22 0.020999694 
442 291 12 16 0.02096698 
837 356 13 17 0.020957839 
458 647 15 20 0.020957343 
513 160 8 9 0.020951258 
479 326 11 13 0.020945806 
628 403 14 18 0.020938873 
448 230 8 11 0.020935772 
182 15 9 10 0.020933153 
508 545 14 19 0.020916784 
888 143 21 25 0.020903815 
214 181 11 14 0.020892916 
746 88 20 25 0.020877196 
363 524 15 20 0.020875195 
694 71 8 11 0.020868447 
472 316 9 13 0.020856889 
114 469 13 17 0.020843003 
625 44 9 12 0.020837564 
368 373 10 13 0.020834498 
685 94 10 13 0.020813363 
424 16 7 9 0.020795897 
553 323 12 15 0.020788688 
656 119 10 11 0.020780878 
759 325 11 15 0.020780452 
372 96 19 24 0.020768316 
759 393 12 16 0.02075865 
383 15 7 9 0.020719003 
519 133 7 9 0.020718073 
340 635 14 18 0.020717844 
437 324 11 14 0.02070095 
547 439 15 18 0.020692697 
590 590 15 20 0.020684732 
391 72 7 9 0.0206503 
161 31 7 8 0.020648347 
644 178 18 23 0.020644179 
315 633 17 22 0.020623691 
536 79 8 9 0.020613214 
424 287 9 13 0.020604169 
671 14 10 12 0.020588499 
845 388 11 15 0.020573767 
92 460 11 15 0.020569215 
305 143 9 11 0.020561472 
820 325 12 15 0.020548528 
502 264 19 23 0.020538624 
519 303 9 12 0.020532748 
335 27 17 23 0.020531101 
118 385 20 25 0.020521844 
682 669 26 32 0.020519765 
633 148 8 11 0.020516574 
813 420 11 14 0.020514026 
669 261 10 13 0.020503255 
209 720 15 19 0.020483961 
222 166 9 13 0.020480016 
754 674 17 20 0.020469196 
239 112 19 22 0.020461056 
740 349 13 15 0.020460626 
266 107 18 22 0.020439854 
327 637 23 28 0.020409673 
423 230 11 13 0.020392917 
550 285 10 14 0.020380456 
642 418 14 18 0.020371933 
734 459 14 17 0.020370914 
741 120 8 10 0.020363435 
973 567 15 21 0.020357061 
136 104 7 9 0.020352025 
601 182 9 12 0.020348473 
110 550 13 16 0.020338632 
519 38 8 10 0.020336807 
89 118 9 12 0.02028323 
500 476 13 16 0.020280426 
524 387 14 17 0.020274157 
671 294 10 13 0.020270659 
788 415 13 16 0.02026451 
592 626 15 19 0.020223858 
429 331 11 14 0.020221282 
734 185 8 9 0.02020796 
548 365 11 15 0.020205982 
63 210 12 16 0.020198863 
454 176 18 23 0.020187277 
51 211 12 15 0.020153588 
890 610 16 19 0.020150172 
400 65 7 8 0.02014708 
840 166 11 14 0.020145912 
820 92 9 12 0.020110196 
588 12 9 10 0.02010709 
899 331 12 16 0.020106794 
713 209 9 11 0.020104922 
383 65 8 9 0.020102305 
807 451 13 17 0.020096086 
831 348 11 14 0.020086782 
692 52 9 11 0.020078426 
173 171 12 15 0.02007818 
351 234 15 18 0.020070307 
751 341 11 13 0.020069407 
795 505 15 20 0.020046199 
585 28 10 12 0.020040104 
437 247 18 23 0.02002551 
222 2 8 8 0.020016028 
438 429 13 17 0.020011729 
573 361 13 18 0.020006137 
