10_People_Marching_People_Marching_2_430
53
914 249 34 44 0.9974124 
288 129 32 36 0.9973562 
632 201 42 52 0.99259067 
416 172 30 36 0.9914363 
213 157 23 27 0.9855284 
163 161 35 41 0.97723323 
767 200 43 48 0.9692983 
306 183 25 32 0.566236 
91 144 18 21 0.37164155 
262 181 27 31 0.34355754 
836 266 46 66 0.25473666 
510 328 454 444 0.12635697 
368 170 15 18 0.105585806 
282 216 29 35 0.08638721 
346 193 17 20 0.069405496 
314 178 18 25 0.06253778 
3 222 493 377 0.060822517 
359 171 23 28 0.048271734 
235 181 23 29 0.047990404 
342 202 25 29 0.046580214 
113 189 16 21 0.041601956 
350 178 23 28 0.041280046 
257 189 40 47 0.03938349 
89 186 26 32 0.038881116 
271 206 31 37 0.037427768 
281 200 27 32 0.036424812 
63 124 23 26 0.035961818 
873 67 125 174 0.034292992 
863 278 31 47 0.03427033 
219 254 42 59 0.0326631 
689 165 28 37 0.032526605 
331 184 15 21 0.03239709 
271 178 38 47 0.03228922 
295 197 28 35 0.03202216 
841 266 28 38 0.030952537 
263 215 42 48 0.030676318 
73 154 15 18 0.029769002 
729 213 29 34 0.02681027 
284 134 23 24 0.02554256 
62 114 12 13 0.025522957 
90 181 17 19 0.024807515 
265 172 22 25 0.024499662 
80 151 27 31 0.024187708 
339 187 15 21 0.024099495 
249 186 28 32 0.023990741 
302 191 19 25 0.023801353 
239 190 41 50 0.023518357 
743 352 253 290 0.023130793 
107 190 26 33 0.02293567 
263 106 22 27 0.02238155 
673 227 33 35 0.021253204 
82 89 203 255 0.021008007 
845 247 51 67 0.020298002 
