10_People_Marching_People_Marching_2_898
142
678 587 56 65 0.9913731 
511 709 50 58 0.9888943 
259 792 56 66 0.978361 
795 653 32 34 0.6505209 
342 775 21 30 0.206538 
383 687 16 21 0.20335476 
788 652 49 59 0.1913622 
804 597 26 31 0.18987317 
668 886 38 40 0.16904914 
325 720 16 21 0.16830537 
483 874 100 122 0.14819667 
879 655 28 34 0.14506857 
798 552 16 21 0.13220403 
635 760 26 28 0.12938227 
545 660 24 32 0.12127793 
872 536 18 20 0.104374155 
325 651 12 15 0.10120594 
868 660 27 37 0.09622652 
556 613 18 22 0.095646605 
868 577 21 29 0.08986981 
330 712 16 21 0.089552164 
817 607 29 38 0.08822692 
615 728 28 36 0.08727152 
586 632 16 19 0.0847492 
916 588 14 17 0.08414208 
444 702 13 15 0.077440426 
423 752 28 34 0.07417981 
661 899 50 61 0.07156737 
628 912 48 58 0.06825781 
226 758 89 91 0.06815346 
587 576 11 12 0.065711804 
445 788 30 34 0.061692204 
243 682 15 18 0.05657521 
654 615 33 39 0.054722473 
876 661 16 22 0.0536806 
383 778 35 37 0.05351616 
325 614 10 12 0.052606072 
606 572 10 12 0.051983867 
861 667 26 39 0.051436983 
284 643 11 14 0.051202673 
411 750 26 33 0.050539687 
554 661 15 19 0.048915092 
548 652 13 16 0.042780265 
407 701 13 15 0.042431585 
217 728 57 55 0.04133578 
320 707 22 29 0.04133146 
942 674 15 19 0.04095437 
693 849 64 87 0.040657785 
381 660 10 13 0.04059939 
834 622 17 24 0.04056586 
361 692 10 14 0.03985576 
390 672 9 11 0.037896972 
596 798 16 20 0.036891256 
798 600 16 21 0.036247782 
381 773 15 17 0.03616553 
801 550 24 28 0.03588876 
375 654 10 14 0.03520694 
325 691 15 18 0.034199186 
784 841 51 71 0.033895824 
394 773 14 16 0.033760313 
428 117 201 219 0.033639275 
204 763 60 74 0.033615645 
393 785 214 233 0.0331951 
563 666 13 17 0.033070613 
338 739 15 20 0.032986496 
825 588 28 36 0.032982446 
249 697 27 31 0.032955296 
333 684 11 13 0.032459572 
389 675 12 15 0.03243602 
210 629 14 17 0.032420438 
224 669 47 52 0.031578016 
407 753 15 20 0.031229757 
842 675 29 37 0.0310472 
421 762 38 45 0.030848943 
328 764 44 56 0.030249946 
379 769 29 30 0.02990654 
859 580 18 24 0.029898388 
816 656 17 23 0.029795844 
598 712 40 48 0.02973074 
249 685 22 29 0.029370382 
580 638 16 20 0.028810224 
911 590 22 25 0.028623367 
670 875 64 77 0.028294696 
233 675 26 31 0.028276054 
322 692 25 32 0.028212946 
724 823 95 113 0.027952526 
388 607 9 12 0.027878264 
384 629 9 11 0.027763851 
403 707 15 17 0.027609149 
875 651 15 22 0.027479758 
641 635 30 37 0.027307676 
394 764 30 33 0.027277818 
874 585 27 35 0.026988575 
605 688 41 53 0.026929254 
593 633 16 20 0.02692703 
217 672 29 36 0.025916385 
403 779 14 18 0.025818808 
282 664 14 20 0.02572351 
254 648 16 20 0.02541312 
364 722 14 17 0.02478314 
444 727 28 33 0.024775553 
320 648 20 24 0.02455527 
422 582 11 13 0.024405396 
387 620 11 15 0.02429882 
426 766 18 22 0.024276141 
415 582 10 12 0.024246564 
328 687 11 14 0.024136446 
375 688 15 20 0.024011081 
343 661 10 12 0.023531685 
932 663 26 33 0.023499614 
701 597 52 64 0.02335922 
330 728 16 18 0.023349537 
935 738 16 22 0.023325263 
360 622 10 12 0.023167763 
211 802 16 22 0.0231655 
927 645 28 38 0.022990048 
831 588 40 48 0.022933897 
462 916 65 78 0.022564178 
383 679 12 14 0.022502877 
612 571 11 13 0.022168308 
625 746 29 35 0.022077175 
443 712 14 17 0.021912856 
573 659 11 16 0.021658355 
278 690 14 17 0.02141587 
893 654 32 35 0.021364339 
600 568 11 12 0.021345725 
621 701 40 52 0.021167386 
358 723 12 15 0.021117838 
335 711 362 410 0.020990102 
285 650 14 18 0.020958468 
598 686 32 37 0.02086348 
546 646 13 15 0.020652426 
444 635 16 22 0.020564862 
864 701 11 16 0.020447398 
759 849 55 70 0.020397926 
889 668 21 23 0.02034668 
386 612 12 16 0.020345947 
398 779 34 40 0.020308375 
321 648 11 13 0.020267706 
442 761 14 19 0.020222701 
293 676 13 18 0.020216063 
588 650 15 18 0.020140275 
