10_People_Marching_People_Marching_10_People_Marching_People_Marching_10_240
256
917 431 108 122 0.9999232 
412 320 107 136 0.9998349 
129 210 28 35 0.9993919 
379 254 24 32 0.99833375 
240 307 65 79 0.9976732 
2 238 32 38 0.9974577 
715 243 24 31 0.995777 
217 226 24 29 0.9940556 
222 270 33 44 0.993022 
612 231 50 61 0.99120915 
420 236 40 51 0.98929775 
290 267 35 53 0.98846966 
194 197 19 25 0.9845725 
837 263 28 36 0.9810409 
691 260 23 33 0.9785025 
167 199 23 29 0.9756448 
553 227 21 26 0.9699959 
329 230 27 38 0.9676133 
795 306 35 46 0.9620195 
493 214 16 22 0.94629705 
261 212 19 24 0.89649934 
766 203 11 15 0.8504784 
515 246 27 33 0.82388335 
742 219 15 19 0.79107475 
873 178 14 17 0.69957244 
224 204 17 21 0.6167339 
139 191 11 14 0.6140221 
263 534 34 51 0.61299646 
835 210 13 17 0.59850115 
278 192 13 17 0.57740307 
537 211 15 19 0.5583465 
390 188 10 13 0.55239475 
741 243 14 19 0.54151165 
310 198 10 14 0.5294788 
106 194 15 20 0.524547 
623 206 14 17 0.48385206 
682 226 15 19 0.46025273 
826 271 30 38 0.4514388 
890 226 16 20 0.42435437 
791 206 11 14 0.3827293 
794 216 13 17 0.37877813 
852 215 12 15 0.36322114 
605 222 10 13 0.31241998 
303 202 10 13 0.31055346 
777 234 16 21 0.30230606 
162 189 14 19 0.2664545 
590 196 9 13 0.26356834 
261 182 8 11 0.26084688 
375 220 11 15 0.26055464 
662 192 8 10 0.24591744 
847 213 12 16 0.23605353 
229 194 15 19 0.22991936 
478 192 13 17 0.22689009 
746 213 14 17 0.214003 
341 217 13 15 0.20898162 
373 299 44 61 0.19708678 
795 204 13 16 0.18868226 
460 77 42 59 0.18247026 
452 211 23 30 0.1802532 
368 192 8 10 0.16170561 
332 229 17 22 0.16109979 
277 201 13 19 0.15567133 
314 197 11 14 0.15256152 
20 236 28 36 0.15237351 
602 223 16 21 0.1482605 
636 222 13 17 0.14809674 
295 183 10 13 0.14607188 
345 191 8 11 0.14341626 
934 265 42 52 0.14309442 
711 225 13 17 0.14080995 
722 203 12 15 0.13955586 
325 168 9 11 0.13943994 
823 244 21 26 0.13149665 
346 196 9 11 0.12357688 
719 198 10 13 0.12355216 
300 212 11 16 0.122417465 
500 198 12 14 0.11715381 
238 180 10 13 0.11327594 
892 217 13 17 0.113130346 
455 236 24 33 0.11179549 
10 185 26 34 0.107369825 
454 223 23 31 0.10511234 
373 192 8 10 0.10377134 
258 188 10 13 0.10369457 
397 189 9 12 0.09839857 
544 217 21 27 0.09315565 
223 183 10 13 0.09258257 
726 241 20 27 0.08764939 
681 213 10 12 0.08199421 
927 167 66 92 0.08137431 
51 206 24 31 0.07923788 
244 181 9 12 0.07877851 
349 199 8 11 0.07683296 
598 231 15 21 0.07654391 
496 206 13 16 0.07508176 
158 193 23 32 0.07316174 
714 196 8 12 0.073039524 
30 165 46 50 0.07012082 
300 167 9 11 0.069547914 
321 172 9 11 0.06831906 
24 185 28 32 0.0676329 
598 228 26 36 0.06754407 
268 206 14 19 0.06612655 
976 337 48 74 0.06539984 
297 203 12 14 0.06523079 
233 190 13 15 0.063072056 
743 193 8 10 0.062910005 
300 181 10 13 0.060492814 
761 200 10 13 0.059956003 
318 204 9 13 0.059329752 
282 189 11 14 0.05843676 
713 179 10 12 0.056641214 
677 230 24 29 0.05588993 
468 210 13 18 0.05378831 
786 205 9 13 0.053107835 
169 509 44 51 0.05135011 
904 251 13 17 0.049614716 
349 202 11 14 0.04878599 
862 206 9 12 0.047645636 
685 211 11 13 0.04704106 
680 155 11 15 0.047040038 
135 191 18 22 0.046276405 
640 174 11 13 0.045782015 
693 207 9 11 0.045599222 
460 206 12 18 0.045380913 
279 184 11 14 0.04538026 
312 174 8 10 0.04497322 
199 182 11 14 0.044786584 
888 235 17 21 0.0422722 
688 208 10 13 0.042027 
902 175 9 12 0.041866302 
441 239 35 44 0.04080247 
53 156 33 32 0.040134594 
451 204 18 23 0.04009171 
282 173 8 11 0.038936242 
359 181 8 10 0.03887689 
815 96 195 216 0.038573053 
34 196 32 37 0.038472928 
33 233 25 32 0.03842145 
365 338 51 72 0.038244728 
334 266 16 19 0.037969444 
844 182 13 17 0.03779452 
859 212 10 14 0.037710354 
358 176 7 10 0.0370417 
64 201 26 37 0.0366518 
362 190 9 12 0.036479246 
234 199 15 19 0.036062554 
739 230 19 25 0.036051683 
508 198 11 15 0.035899077 
533 233 12 18 0.035119075 
693 211 11 13 0.03486176 
344 15 27 46 0.03468339 
717 191 9 12 0.03468268 
998 214 15 19 0.03464368 
617 182 8 11 0.03457969 
286 183 10 13 0.034506787 
528 248 17 24 0.03420807 
23 168 29 33 0.033251565 
750 208 9 12 0.03311082 
359 159 8 10 0.033075422 
260 195 12 16 0.03286588 
470 204 12 17 0.032658488 
766 291 15 21 0.032098867 
646 166 9 10 0.031771872 
632 180 8 11 0.031561203 
896 189 12 15 0.03141641 
357 165 9 11 0.031308115 
762 256 14 19 0.031045767 
60 310 14 17 0.030896168 
534 222 15 21 0.03083406 
630 226 14 15 0.030629974 
17 176 25 33 0.030340262 
249 234 16 22 0.03030823 
957 171 58 85 0.029981053 
374 196 8 10 0.02977724 
312 192 10 14 0.029570915 
784 214 20 26 0.029415423 
533 241 22 33 0.029050019 
336 221 13 16 0.028976403 
479 184 10 14 0.028975386 
717 176 8 11 0.028799796 
680 208 9 12 0.028017191 
379 214 12 17 0.027828023 
801 157 10 13 0.027797401 
302 173 9 10 0.027738513 
734 203 10 15 0.027655594 
299 188 13 15 0.027634826 
829 216 14 17 0.027453281 
977 323 29 44 0.027444262 
461 204 22 30 0.027349431 
286 168 9 11 0.027159253 
736 192 9 12 0.027026795 
321 212 10 14 0.02670008 
379 223 13 16 0.026695551 
630 220 22 27 0.026588235 
466 242 15 22 0.026427101 
367 184 8 9 0.02642585 
712 202 9 14 0.026400017 
823 121 12 16 0.0263537 
311 181 9 12 0.026130924 
211 199 20 25 0.02605083 
623 200 12 15 0.02560292 
527 227 23 33 0.025485724 
669 199 8 10 0.02531993 
337 219 21 26 0.02516347 
923 227 58 82 0.025010556 
385 184 10 12 0.02459311 
824 221 11 15 0.024582153 
803 204 13 17 0.024257142 
348 211 12 15 0.024224794 
319 262 26 35 0.023835901 
34 313 18 20 0.023827294 
864 326 49 69 0.023790725 
879 213 10 14 0.023760185 
360 153 7 8 0.023710005 
658 194 10 13 0.023692291 
828 240 13 14 0.023467882 
803 219 11 15 0.023445347 
602 217 10 14 0.023394981 
617 189 8 11 0.023348313 
230 183 13 15 0.023194019 
399 194 10 14 0.02313059 
771 199 12 15 0.022986235 
473 189 13 17 0.022907332 
617 197 9 12 0.022817705 
586 191 10 14 0.022758616 
100 197 23 34 0.022719124 
634 214 14 16 0.022627296 
54 304 12 14 0.022608412 
222 197 16 19 0.022487288 
508 138 15 20 0.022355838 
805 213 10 14 0.022343582 
306 194 17 22 0.02181652 
314 241 25 30 0.021730457 
277 253 22 29 0.021675047 
984 330 37 46 0.021503378 
223 186 19 24 0.02150012 
27 310 18 18 0.021381157 
660 240 43 53 0.021360133 
670 205 9 12 0.021332333 
294 176 19 23 0.02131709 
718 259 15 23 0.021153115 
355 159 7 9 0.021129128 
282 167 8 11 0.021060575 
758 210 13 15 0.020936381 
703 205 9 12 0.02084859 
276 541 30 38 0.020839693 
347 219 12 15 0.020779874 
387 182 18 23 0.02077331 
368 224 13 17 0.020613657 
518 144 13 17 0.020599097 
897 180 10 13 0.020503556 
7 191 15 23 0.02047422 
109 230 25 30 0.02033184 
36 218 28 35 0.02028267 
255 177 19 24 0.020191818 
