10_People_Marching_People_Marching_2_173
342
795 511 24 32 0.99844426 
317 485 11 15 0.9529189 
365 494 12 14 0.9514802 
858 513 17 21 0.94559556 
349 486 10 14 0.6526708 
759 499 9 11 0.6217038 
495 505 8 11 0.5767287 
383 493 9 12 0.44665942 
521 502 9 11 0.4453644 
281 494 9 11 0.40983784 
423 495 8 10 0.3983438 
674 504 8 11 0.39574093 
732 505 13 16 0.37380266 
455 496 9 11 0.3486526 
188 486 9 11 0.31470048 
575 518 10 12 0.2953088 
509 503 8 11 0.27961418 
250 491 10 12 0.26737276 
641 495 9 12 0.26255935 
672 534 12 15 0.2601164 
568 541 11 13 0.25398484 
253 487 10 12 0.2520393 
823 472 16 19 0.23468566 
979 518 13 16 0.23413455 
341 492 11 14 0.23289205 
167 488 9 11 0.22992243 
700 516 10 14 0.2154958 
520 496 9 11 0.21362108 
272 494 8 11 0.20162044 
939 498 15 19 0.20038307 
449 497 8 11 0.18844983 
947 504 17 21 0.16775484 
574 501 10 13 0.16660666 
975 485 9 11 0.15678936 
464 502 7 10 0.15280554 
440 501 8 11 0.14773387 
990 493 13 16 0.14754651 
301 458 11 15 0.14418636 
372 493 10 13 0.14262946 
614 503 9 12 0.14210397 
-3 731 40 39 0.13891633 
649 558 8 12 0.13402425 
614 509 10 12 0.12955405 
209 483 10 12 0.12792365 
388 494 8 11 0.12695508 
196 347 12 14 0.12487545 
597 477 9 11 0.116821095 
542 496 8 10 0.112040766 
416 464 9 12 0.10715963 
490 503 8 11 0.102253795 
112 486 8 11 0.10183961 
341 499 10 12 0.098901406 
144 488 10 12 0.0980408 
924 484 10 14 0.09741178 
750 544 13 21 0.09723525 
424 487 8 11 0.09699417 
709 501 16 20 0.095048316 
703 487 9 11 0.093856856 
936 495 12 16 0.09310361 
302 493 9 11 0.09280829 
590 508 10 12 0.088565804 
337 522 11 15 0.0866553 
237 487 8 11 0.084498815 
697 483 8 11 0.0807576 
224 499 9 12 0.0799386 
934 502 12 20 0.07955451 
756 532 16 23 0.0792334 
262 488 8 11 0.07819961 
693 495 9 13 0.07789664 
857 499 17 21 0.07700173 
656 504 8 10 0.076027125 
415 501 9 10 0.074016474 
779 515 14 18 0.07361477 
581 465 8 10 0.07301688 
645 499 9 11 0.07027416 
211 493 11 14 0.06918238 
442 496 7 11 0.068923704 
418 480 7 9 0.0674879 
1011 513 11 19 0.067190126 
486 519 10 13 0.0669273 
866 510 17 20 0.06613355 
926 479 10 14 0.06573183 
633 494 8 10 0.06539517 
264 493 9 11 0.06471708 
294 504 9 11 0.064245634 
575 509 11 12 0.06412557 
481 503 8 10 0.06400231 
990 518 10 14 0.06393972 
406 495 9 11 0.06258947 
974 492 11 14 0.06251067 
984 491 11 15 0.06190695 
1006 507 13 18 0.061556857 
418 486 8 10 0.06116664 
128 400 8 10 0.06100918 
697 511 10 14 0.06058321 
700 503 19 26 0.060051337 
148 487 10 11 0.059738427 
172 488 8 9 0.059354518 
874 513 13 17 0.05869981 
424 480 8 9 0.057331804 
812 492 12 17 0.056896236 
344 481 10 13 0.05607591 
703 531 13 17 0.05582372 
664 508 8 11 0.05574039 
965 500 11 17 0.05485389 
401 495 8 10 0.05415195 
362 493 10 14 0.053985275 
854 493 15 19 0.05319211 
976 526 20 24 0.05211861 
620 482 11 13 0.052035302 
303 487 8 11 0.05171663 
996 499 13 15 0.051698234 
581 502 12 14 0.051642105 
989 522 12 18 0.0511024 
956 500 14 18 0.050679713 
328 460 10 12 0.050541785 
968 546 11 14 0.050302994 
418 494 9 12 0.04846123 
194 344 10 12 0.048375677 
539 500 8 11 0.04818229 
760 525 20 26 0.04807179 
368 477 9 11 0.047330167 
286 500 10 12 0.047175907 
689 495 9 12 0.047094673 
969 536 20 25 0.047062017 
678 478 9 12 0.04640926 
474 524 9 12 0.046267625 
325 503 9 12 0.046162754 
185 482 8 10 0.04614258 
570 518 9 12 0.045940805 
469 503 8 10 0.045827456 
313 489 11 13 0.045796223 
166 396 10 12 0.045736767 
511 508 8 10 0.04561431 
561 471 8 9 0.045544337 
630 523 11 14 0.045360725 
213 481 9 11 0.045350313 
707 523 12 16 0.04500389 
478 524 10 12 0.04499971 
471 510 8 10 0.044911433 
904 527 11 14 0.04427867 
919 540 13 16 0.043511976 
350 509 13 15 0.04340251 
654 507 11 13 0.043285377 
429 479 8 10 0.042740047 
539 495 7 10 0.04261833 
665 504 7 10 0.042594757 
997 516 14 18 0.04241264 
764 496 9 12 0.041292485 
616 478 12 14 0.041198898 
525 496 6 10 0.04116198 
428 486 9 12 0.04105285 
376 487 9 12 0.040484056 
709 486 11 13 0.04035312 
551 488 8 11 0.040131588 
623 516 10 13 0.04009325 
104 445 8 10 0.040055353 
429 517 10 13 0.03976437 
343 482 18 23 0.039743613 
560 520 8 10 0.03896399 
200 480 8 10 0.03883999 
407 499 10 12 0.03874966 
462 496 7 10 0.038692188 
842 602 10 14 0.0381768 
944 493 18 20 0.038049474 
237 455 12 15 0.037423316 
294 492 9 12 0.037421566 
376 462 9 10 0.03732432 
511 496 9 11 0.03730777 
287 488 9 12 0.037203547 
665 496 8 10 0.03708345 
383 498 10 12 0.036986656 
117 487 8 10 0.0361538 
981 511 12 15 0.035847027 
998 506 15 17 0.035345472 
757 503 14 20 0.0352318 
104 438 10 13 0.034648176 
771 519 20 26 0.034554675 
186 490 9 12 0.034410015 
517 487 9 11 0.03435138 
215 497 10 12 0.0342688 
742 544 14 21 0.03366241 
137 487 9 10 0.033402085 
377 452 9 11 0.03337357 
293 487 9 12 0.033328637 
262 341 13 17 0.033322286 
707 492 15 16 0.03326399 
162 492 10 10 0.03317734 
945 415 10 13 0.032715943 
581 485 11 13 0.032628898 
524 508 9 12 0.03257708 
231 493 8 11 0.032572553 
645 489 8 10 0.032462656 
320 507 11 13 0.03224488 
308 460 10 12 0.03212533 
351 502 10 13 0.031896736 
934 486 12 16 0.03175267 
595 508 10 13 0.031699926 
971 498 13 15 0.031626422 
731 544 17 20 0.031619884 
919 470 9 10 0.031506173 
514 486 8 11 0.031418007 
632 487 8 11 0.031311557 
421 464 8 10 0.031242548 
366 523 11 14 0.030963223 
132 467 11 13 0.030778239 
1006 521 12 17 0.03071143 
592 515 10 13 0.030648533 
910 461 8 11 0.030589245 
754 501 11 13 0.030471005 
567 479 9 12 0.03046192 
988 535 15 19 0.030017117 
640 489 9 12 0.029838 
199 485 9 10 0.029829234 
340 517 13 16 0.029371241 
104 487 9 12 0.02933374 
295 455 11 16 0.02917797 
145 408 9 10 0.029132267 
688 479 8 12 0.028975077 
505 497 8 11 0.028911324 
750 487 8 11 0.028810231 
567 544 16 18 0.028627241 
289 445 9 12 0.028552895 
536 487 8 11 0.028410329 
615 495 10 12 0.028249653 
730 509 18 21 0.028159885 
620 510 11 15 0.027975235 
502 508 10 11 0.027857926 
966 494 11 15 0.027781388 
1012 503 11 16 0.027715517 
850 231 8 10 0.027557263 
336 478 9 12 0.02740615 
277 489 18 23 0.027383804 
622 493 10 12 0.026759252 
596 502 10 13 0.026703116 
473 519 9 12 0.026632067 
559 502 10 13 0.026454598 
679 471 8 11 0.026307521 
663 471 7 9 0.026242577 
248 499 10 12 0.02612502 
670 463 8 10 0.026118964 
528 470 8 10 0.025915904 
240 503 9 11 0.025911275 
74 479 8 11 0.025883496 
726 464 9 10 0.025833182 
542 527 8 11 0.025738668 
230 473 9 10 0.025688251 
983 487 9 13 0.025667159 
663 456 8 10 0.025654322 
575 468 9 11 0.025637288 
249 482 18 23 0.025595516 
337 487 10 13 0.02551941 
738 505 13 17 0.025475014 
488 496 8 10 0.025450082 
146 413 9 11 0.025324449 
464 518 9 12 0.025200468 
570 535 13 14 0.025167892 
420 533 13 15 0.0250592 
906 531 13 15 0.025004249 
478 509 9 10 0.024907226 
655 478 9 11 0.024851747 
166 436 10 12 0.024812706 
744 493 9 11 0.024591187 
553 509 9 12 0.024575189 
804 498 16 19 0.024536412 
133 398 8 11 0.0244165 
942 433 8 11 0.024403166 
390 500 8 10 0.024367353 
481 496 8 9 0.024318589 
429 494 7 10 0.024257334 
544 534 9 12 0.024079625 
272 235 8 11 0.023928815 
120 416 9 11 0.023918852 
991 494 22 26 0.023823505 
958 494 12 16 0.023753643 
939 487 14 17 0.023714133 
671 527 11 15 0.023634559 
343 454 8 10 0.023629187 
569 496 9 11 0.023589011 
743 462 7 9 0.023572346 
558 494 9 10 0.023509683 
699 518 18 24 0.023394952 
543 540 12 15 0.023320056 
569 506 10 15 0.02325869 
624 523 11 14 0.023211796 
481 487 7 9 0.023211071 
512 519 7 10 0.023179455 
938 438 9 11 0.023176821 
414 518 11 13 0.023130246 
751 506 13 17 0.023115933 
610 501 9 13 0.023062974 
191 482 8 10 0.022859795 
271 458 11 13 0.022814173 
470 487 7 10 0.022707464 
926 492 10 14 0.022698415 
543 488 9 12 0.022622826 
373 478 10 11 0.022594277 
668 545 14 17 0.022547876 
778 515 23 28 0.022525677 
325 491 10 13 0.022513451 
992 507 10 14 0.022486744 
955 510 14 20 0.022336854 
920 478 12 15 0.022307713 
990 523 22 27 0.022306763 
561 542 10 12 0.022189526 
837 339 42 51 0.022151588 
248 481 9 11 0.022053784 
567 468 9 12 0.021991307 
264 306 13 18 0.02193706 
745 488 9 11 0.021840291 
928 505 14 20 0.021825258 
649 464 8 10 0.021816378 
592 605 8 10 0.021789096 
431 471 8 10 0.02172358 
341 471 11 12 0.02159724 
970 485 9 12 0.021568168 
238 491 9 11 0.021558983 
933 479 10 13 0.021553937 
920 490 11 15 0.021411229 
589 483 11 13 0.021268027 
366 516 13 16 0.021190023 
466 508 8 11 0.020972846 
288 506 12 14 0.020943224 
671 513 11 15 0.020922795 
632 499 10 12 0.020850187 
685 524 11 14 0.02083805 
417 456 7 9 0.020766174 
966 514 12 17 0.02072212 
257 461 9 12 0.02068716 
706 513 15 19 0.020645352 
172 492 9 11 0.020611884 
640 470 7 9 0.020584902 
1006 514 19 29 0.020512698 
238 534 15 19 0.02049957 
598 369 10 12 0.020419184 
800 462 10 12 0.020303309 
713 470 8 10 0.020273406 
231 478 8 11 0.020269241 
567 523 10 12 0.020144204 
724 515 23 27 0.020126136 
594 455 8 10 0.020079874 
673 484 9 13 0.020012643 
