10_People_Marching_People_Marching_2_34
3103
624 717 34 43 0.99933124 
994 721 31 42 0.9958229 
714 702 23 30 0.9943869 
589 688 25 31 0.99129325 
670 708 22 32 0.98569494 
525 710 31 38 0.9823291 
165 633 13 16 0.9713029 
397 657 17 22 0.9639297 
455 637 12 15 0.96229804 
101 683 16 19 0.9609208 
174 689 14 19 0.95479333 
341 643 13 16 0.9359244 
866 722 28 33 0.92615193 
38 684 15 18 0.9253278 
835 670 21 28 0.9127533 
403 720 18 27 0.9093578 
85 734 22 28 0.87482613 
370 642 12 16 0.85524046 
513 687 22 31 0.83642095 
811 642 12 16 0.8264242 
662 669 16 18 0.7943139 
244 643 12 16 0.770538 
263 671 9 12 0.76289743 
751 611 10 13 0.743555 
950 667 14 19 0.7243206 
249 581 9 12 0.71640843 
714 659 14 18 0.61537814 
305 715 18 25 0.6142142 
449 684 14 18 0.6131287 
32 621 10 12 0.60338336 
342 574 8 10 0.597041 
127 606 8 11 0.58506465 
307 625 11 15 0.56485087 
276 584 9 11 0.5645995 
821 611 10 13 0.5472269 
189 575 9 11 0.53539616 
63 637 13 16 0.5264191 
92 619 11 13 0.5115519 
101 557 8 11 0.50030124 
80 599 10 12 0.49362767 
141 682 14 18 0.48839372 
838 611 12 15 0.47502372 
605 623 8 12 0.46714383 
463 660 13 17 0.45453107 
218 671 13 16 0.45154777 
424 694 11 15 0.45056516 
37 648 14 17 0.44836283 
384 671 15 20 0.42849874 
294 568 9 11 0.42252952 
465 592 8 10 0.41523126 
623 629 9 11 0.40490022 
377 583 7 9 0.3821107 
888 684 18 21 0.37932202 
578 612 9 13 0.36767796 
780 659 15 21 0.3664862 
665 612 10 12 0.35138962 
822 591 8 10 0.35072696 
341 607 11 14 0.34918267 
705 681 16 20 0.3461675 
445 590 8 10 0.34557834 
745 552 8 11 0.34176335 
552 623 10 12 0.3360616 
815 588 9 11 0.334489 
536 599 7 10 0.33064243 
301 678 15 18 0.32434136 
301 589 8 10 0.3233868 
527 690 24 32 0.31904742 
102 606 8 11 0.3172704 
958 568 9 11 0.3159758 
374 416 7 9 0.3124153 
995 542 12 16 0.30830395 
379 558 7 10 0.3054182 
361 549 9 11 0.3053751 
799 573 8 10 0.30482802 
761 747 27 29 0.3042087 
437 630 9 10 0.29995522 
664 532 8 11 0.29970178 
318 644 10 15 0.2996049 
999 655 11 16 0.29834387 
205 582 8 11 0.29778597 
534 624 9 12 0.2974233 
315 688 13 20 0.29601622 
898 566 9 11 0.2957008 
591 643 8 11 0.2933531 
507 645 11 13 0.29289523 
964 596 12 15 0.29259783 
942 597 13 16 0.290481 
888 478 7 10 0.2889919 
71 565 9 11 0.28802776 
119 572 8 10 0.2858 
474 423 7 9 0.27882332 
459 528 8 10 0.277486 
638 669 13 17 0.26847106 
776 630 10 12 0.2639657 
971 648 16 22 0.2575082 
617 544 7 10 0.25407204 
415 598 9 11 0.25361082 
864 480 7 10 0.25311902 
855 633 13 16 0.25046876 
760 527 7 9 0.2488707 
629 693 22 26 0.24765556 
128 454 7 9 0.24568772 
247 563 9 12 0.24561222 
594 575 7 11 0.24555796 
784 548 7 9 0.24539289 
321 565 8 11 0.24489695 
841 480 7 9 0.24303968 
192 566 9 10 0.24094024 
525 583 8 11 0.23768486 
776 399 8 10 0.23385045 
280 564 10 12 0.23317887 
268 612 11 14 0.23165749 
750 553 7 9 0.23049292 
975 444 7 11 0.2302231 
925 658 16 25 0.22967997 
110 510 8 10 0.2274102 
325 565 8 10 0.22544564 
336 549 7 10 0.22389668 
488 599 8 11 0.22387527 
326 560 8 11 0.22042374 
764 591 8 10 0.21985534 
656 652 13 16 0.21663801 
646 492 8 10 0.2156461 
73 604 9 12 0.2144633 
582 608 9 12 0.21339637 
366 567 7 9 0.20983006 
224 544 7 9 0.20933206 
283 487 7 9 0.20794578 
350 533 8 10 0.2074247 
424 576 7 9 0.2073531 
874 518 7 10 0.20435277 
360 544 8 10 0.20346256 
498 591 8 10 0.20307277 
225 495 7 9 0.20173846 
679 481 7 10 0.20130835 
1011 587 10 14 0.20074865 
904 455 7 10 0.19945481 
458 582 7 10 0.19940834 
149 463 8 10 0.19924287 
257 590 9 13 0.19915675 
735 583 8 10 0.19893251 
912 549 8 10 0.19873823 
778 588 9 11 0.19732428 
505 623 10 13 0.19530286 
160 493 7 9 0.19477226 
423 439 8 11 0.19459759 
458 458 7 8 0.19171278 
842 445 8 11 0.1899346 
278 543 7 9 0.18912333 
12 622 9 11 0.18852858 
1014 533 9 13 0.18833396 
104 645 12 16 0.1856993 
697 568 7 9 0.18566023 
559 612 9 12 0.18469702 
991 523 11 12 0.18315136 
770 480 8 9 0.18184252 
611 666 13 15 0.18145347 
1012 501 9 12 0.18122861 
199 526 8 10 0.18111265 
145 624 10 12 0.18065746 
225 612 9 13 0.18064179 
389 620 12 14 0.17953436 
55 576 9 11 0.177672 
440 527 6 9 0.17762691 
979 652 13 17 0.17724237 
736 359 9 10 0.17672077 
278 628 9 12 0.17473857 
207 550 7 10 0.1739148 
623 582 8 10 0.17283054 
229 595 10 12 0.17230219 
632 606 7 11 0.17173834 
662 503 8 10 0.17160486 
811 587 8 11 0.17029962 
505 401 7 9 0.1702908 
801 487 7 10 0.17000571 
25 485 8 9 0.1699273 
405 423 7 9 0.16957521 
629 520 8 10 0.16955842 
881 416 7 10 0.1693198 
864 430 7 9 0.16895938 
399 472 7 9 0.16837645 
425 619 9 11 0.16827187 
640 445 7 9 0.16765048 
385 590 7 10 0.16763073 
408 550 7 9 0.16727038 
324 646 11 14 0.1671764 
432 391 8 9 0.16631946 
342 591 8 10 0.16549568 
23 540 9 11 0.16489562 
313 470 8 10 0.16467178 
273 543 9 11 0.16390778 
521 454 7 9 0.16360587 
914 521 7 10 0.16284107 
502 599 8 11 0.1625217 
591 580 9 11 0.1620364 
521 647 9 12 0.16118659 
286 559 8 10 0.1610925 
66 560 9 11 0.15958537 
785 431 6 9 0.15953416 
623 600 7 11 0.15849733 
803 390 7 9 0.15847589 
279 456 7 10 0.15818328 
815 504 8 9 0.15729104 
463 568 8 10 0.15657069 
265 486 8 10 0.15640515 
557 502 8 10 0.15611821 
853 726 27 33 0.15559523 
750 496 7 10 0.15531172 
753 575 7 11 0.15501693 
813 585 9 11 0.15461709 
440 409 7 9 0.15430918 
511 406 8 9 0.15386602 
513 525 8 10 0.15340215 
837 368 8 9 0.1532372 
921 576 9 11 0.15261732 
830 432 7 9 0.15253524 
383 622 10 13 0.1518134 
253 645 11 16 0.15009591 
241 638 12 15 0.14955157 
586 476 7 10 0.14925952 
990 600 13 17 0.149189 
376 623 9 12 0.14899245 
785 469 7 9 0.14893652 
574 384 7 10 0.14858185 
245 600 8 10 0.14816749 
1007 629 11 13 0.14799683 
866 416 7 8 0.14701991 
559 591 10 13 0.14671403 
756 608 10 13 0.14665823 
730 470 8 10 0.14653175 
752 683 17 20 0.14649948 
566 589 7 10 0.14568108 
260 595 9 11 0.14423442 
838 500 8 11 0.14405386 
79 464 6 9 0.14354107 
422 532 7 10 0.14325757 
632 613 8 10 0.14323008 
77 635 12 15 0.14260928 
450 400 6 9 0.14256856 
63 630 11 14 0.14231738 
846 646 14 17 0.14229776 
308 682 15 21 0.14206858 
417 528 8 10 0.14158504 
391 472 7 10 0.14155416 
163 472 6 9 0.13996036 
749 513 7 10 0.13980867 
816 575 7 8 0.13959847 
311 642 13 16 0.13940501 
389 637 11 13 0.13881934 
555 384 6 8 0.13879822 
840 584 8 10 0.13867742 
472 621 10 12 0.1378647 
825 463 8 10 0.13763125 
386 473 7 11 0.137406 
296 585 9 11 0.13734305 
866 558 8 10 0.13657199 
830 462 7 10 0.1365615 
637 582 8 10 0.13608515 
350 608 9 12 0.13575575 
228 732 12 16 0.13513881 
462 456 7 9 0.13505736 
677 568 8 10 0.13497382 
153 439 8 9 0.1348027 
562 710 26 36 0.13479015 
657 559 9 13 0.13466278 
7 525 8 10 0.13459998 
219 505 7 9 0.13411264 
560 676 17 20 0.1336156 
255 441 6 9 0.132717 
16 520 9 11 0.1325874 
619 630 8 11 0.1318827 
675 519 6 9 0.13176054 
360 415 7 9 0.13168651 
849 520 8 10 0.13138054 
577 599 8 10 0.13124573 
665 488 7 9 0.13112429 
454 549 7 9 0.13088173 
431 548 7 10 0.13025315 
535 566 8 9 0.12999669 
936 516 8 11 0.12984858 
174 716 13 21 0.12984674 
768 448 7 10 0.12979692 
326 440 7 10 0.12973946 
1002 659 13 18 0.1291242 
465 447 7 8 0.12892865 
338 606 9 12 0.1288135 
517 504 7 10 0.12812896 
98 439 7 9 0.12798548 
894 638 15 19 0.12793365 
624 511 7 9 0.12720169 
13 583 9 11 0.1271045 
990 627 12 15 0.12698309 
774 479 7 9 0.12692823 
492 657 13 19 0.12665664 
598 391 8 9 0.12638819 
608 495 8 9 0.12627338 
672 452 7 10 0.12619956 
406 431 7 10 0.1260595 
473 428 8 10 0.12603231 
457 422 7 9 0.12590715 
657 576 7 10 0.12538426 
328 543 8 10 0.12527072 
586 375 7 9 0.12495306 
423 445 8 10 0.124725 
589 477 8 10 0.12427972 
417 533 8 10 0.12404272 
344 688 22 26 0.12390378 
313 613 10 12 0.123850845 
1 464 8 12 0.123191245 
279 399 7 8 0.12306962 
16 573 8 10 0.12300706 
423 418 7 9 0.12259045 
407 599 8 10 0.12254371 
192 376 7 8 0.12249565 
908 589 10 13 0.12233996 
442 590 8 11 0.12139462 
658 505 7 9 0.121291794 
592 496 6 10 0.1209071 
218 390 7 9 0.12074057 
227 676 14 19 0.12073947 
862 649 13 18 0.120641984 
707 590 8 11 0.12053728 
594 392 7 9 0.12038554 
49 533 9 11 0.119693846 
503 432 7 9 0.119321644 
392 527 7 9 0.118910655 
198 518 8 10 0.118816905 
169 566 9 11 0.11843007 
807 511 7 9 0.118241325 
66 449 6 8 0.118071176 
785 424 7 9 0.11795502 
777 404 8 10 0.11788425 
621 650 13 16 0.11777867 
296 496 7 8 0.11761726 
896 571 12 13 0.11752238 
686 551 8 10 0.117401026 
632 583 8 10 0.11727929 
704 598 8 10 0.116969176 
342 447 7 8 0.11683913 
425 432 8 10 0.11665911 
962 603 11 13 0.11643457 
329 731 18 21 0.11634254 
791 406 8 10 0.11615022 
7 446 8 11 0.11611627 
616 471 7 9 0.11609706 
209 454 6 8 0.116095595 
137 510 8 10 0.1159202 
849 416 7 9 0.11585893 
1014 570 10 14 0.11543218 
425 549 7 9 0.11533576 
674 572 8 10 0.114435345 
63 622 9 11 0.11421614 
734 471 7 9 0.11420757 
473 552 7 8 0.1138631 
464 407 7 9 0.11351643 
1012 604 10 15 0.113456815 
856 487 7 9 0.11321415 
377 440 6 8 0.11315578 
517 525 8 10 0.11315573 
293 603 9 12 0.113132104 
656 509 7 9 0.11309505 
448 613 9 12 0.11293587 
781 584 7 10 0.11274124 
792 401 7 9 0.11252731 
824 485 8 10 0.111630686 
719 581 8 10 0.11125512 
535 430 7 9 0.11106255 
520 391 7 9 0.11101023 
678 521 8 9 0.1109334 
414 478 7 10 0.11081635 
432 590 8 11 0.11048966 
617 581 7 10 0.11001923 
829 456 8 9 0.110013895 
152 592 8 11 0.10963905 
495 653 11 15 0.10907375 
77 567 8 10 0.10880999 
663 464 6 8 0.108637325 
529 414 8 10 0.1082081 
1007 567 11 15 0.1075486 
429 617 8 9 0.10713436 
639 565 8 10 0.107124515 
185 470 7 10 0.107062966 
522 653 10 12 0.10700599 
568 424 7 9 0.10693516 
12 548 9 12 0.10680485 
335 545 8 9 0.10673546 
445 659 12 16 0.106320076 
826 431 8 10 0.10619902 
747 656 12 17 0.10603738 
568 536 8 11 0.1059272 
880 422 7 8 0.10591984 
849 400 7 9 0.10587836 
488 440 7 9 0.10563834 
545 567 9 11 0.105558164 
728 510 7 10 0.10526031 
846 480 7 9 0.105059214 
721 534 8 11 0.10498231 
735 531 8 11 0.10480497 
143 650 13 16 0.104747966 
929 566 7 11 0.10444182 
591 589 7 9 0.10422799 
913 525 6 8 0.10406484 
583 679 14 18 0.10405616 
1007 584 11 15 0.103884466 
784 614 10 12 0.10367892 
918 520 8 10 0.10318859 
147 542 8 10 0.102874815 
334 500 8 11 0.10257118 
769 359 7 9 0.102472685 
199 432 7 9 0.10246598 
985 589 11 12 0.102435924 
825 480 8 10 0.102350414 
407 437 7 10 0.10150009 
702 569 7 9 0.10109213 
502 384 9 10 0.100804575 
447 596 8 10 0.100649886 
903 536 7 9 0.100632034 
425 582 7 9 0.10059996 
876 621 9 11 0.10058206 
767 657 12 17 0.10043878 
439 488 8 9 0.10041774 
518 660 11 14 0.10026161 
984 595 13 16 0.099746935 
191 424 7 9 0.099740975 
747 615 8 11 0.09970133 
470 446 7 10 0.09967069 
455 400 7 9 0.09962656 
388 667 15 19 0.099549726 
566 565 7 10 0.09933576 
897 561 9 11 0.09922008 
975 519 10 13 0.09920153 
333 699 16 19 0.09907296 
730 465 7 10 0.09889884 
856 566 8 9 0.098656006 
629 702 29 35 0.098624684 
671 511 6 9 0.098477386 
338 447 7 9 0.0984747 
776 665 14 19 0.098334305 
856 606 9 12 0.098121576 
429 621 9 12 0.098119736 
347 534 8 10 0.09780157 
147 627 11 14 0.09743015 
905 317 10 12 0.097339824 
376 400 7 8 0.09713651 
817 608 9 12 0.09686365 
854 423 7 9 0.096856706 
618 599 7 10 0.09645189 
26 559 8 10 0.096432716 
303 668 14 18 0.096328825 
660 564 9 12 0.09629618 
614 495 7 9 0.09610271 
353 447 7 9 0.09602483 
626 518 8 10 0.09591646 
444 584 9 10 0.09569278 
743 438 6 9 0.095642895 
616 653 11 13 0.09556197 
184 606 9 11 0.095376745 
695 679 21 25 0.095319316 
773 326 9 11 0.09493944 
257 426 7 9 0.09480202 
725 621 9 11 0.09479457 
834 558 7 10 0.09476434 
399 559 7 9 0.09465559 
870 430 7 9 0.09462483 
864 461 8 10 0.09453028 
134 496 7 9 0.09452285 
439 414 7 9 0.094511926 
352 589 9 11 0.09435088 
839 399 7 9 0.09432496 
367 440 7 9 0.0942918 
592 382 7 9 0.0941196 
361 408 6 8 0.09406002 
425 472 7 8 0.09398526 
746 495 8 11 0.093940064 
217 543 7 10 0.093893744 
501 650 13 16 0.093856156 
143 517 8 10 0.09385337 
361 439 7 10 0.09382302 
400 432 8 9 0.093754284 
133 607 8 11 0.09363841 
669 532 7 10 0.093564585 
48 637 9 12 0.093525164 
127 556 7 10 0.093510896 
910 504 7 10 0.09343137 
888 416 7 10 0.09342644 
122 551 7 10 0.09327442 
784 391 6 8 0.09295712 
503 453 8 10 0.09281622 
888 472 7 10 0.092762634 
440 533 7 9 0.092674986 
654 544 7 9 0.09234245 
680 558 7 9 0.09218127 
902 560 8 11 0.09203887 
802 431 7 10 0.09193015 
650 456 7 9 0.091850445 
177 600 8 11 0.09155245 
497 414 7 9 0.09145619 
150 607 8 11 0.091307595 
305 438 7 8 0.09126814 
504 603 9 11 0.0909906 
806 488 7 10 0.09090246 
166 471 7 9 0.09074479 
257 470 8 10 0.09066309 
743 573 8 11 0.090560764 
13 544 8 10 0.09047963 
239 446 6 9 0.09023808 
98 551 9 12 0.09017886 
654 637 9 12 0.09015548 
856 455 8 9 0.09012049 
544 691 22 28 0.089938365 
385 535 8 10 0.08974216 
745 516 7 10 0.08970972 
22 573 8 11 0.08956746 
753 446 6 9 0.08946724 
29 479 8 10 0.08933823 
406 591 8 9 0.08905746 
478 416 8 10 0.088971354 
1006 636 12 15 0.08884864 
313 465 8 9 0.08841164 
446 608 8 10 0.08826849 
486 660 12 20 0.08805571 
304 391 6 9 0.087941274 
14 495 8 9 0.08783545 
343 569 8 10 0.08766684 
511 582 7 9 0.08766419 
733 604 10 13 0.08760753 
737 433 7 8 0.087513186 
929 528 8 10 0.0874551 
34 518 8 10 0.08740779 
661 575 7 10 0.087158 
854 623 11 14 0.087121055 
134 544 7 9 0.086995505 
274 415 8 9 0.086847484 
879 729 17 22 0.08681625 
473 417 7 9 0.086798236 
824 510 8 10 0.08665824 
319 663 11 14 0.08664961 
258 466 7 8 0.08656912 
627 376 7 9 0.08637741 
126 552 8 10 0.08636647 
105 342 8 10 0.08626268 
626 407 7 9 0.08605701 
151 511 7 9 0.085985444 
520 567 7 10 0.08595049 
634 424 7 9 0.08578549 
267 510 8 11 0.0857262 
248 478 7 10 0.08555971 
721 636 9 11 0.08552396 
230 659 14 17 0.08537098 
866 407 6 9 0.085187875 
806 606 8 11 0.08508573 
768 525 8 11 0.08472869 
571 384 6 9 0.0846953 
144 608 9 10 0.084644325 
497 431 8 9 0.08435959 
901 630 11 14 0.08426339 
743 477 8 11 0.0842597 
158 439 7 9 0.08417673 
825 469 8 10 0.08412408 
425 400 8 10 0.08408416 
304 433 8 9 0.08393098 
314 719 15 22 0.083791405 
735 464 6 9 0.083687045 
544 399 8 10 0.08347325 
221 503 8 10 0.083400846 
274 462 8 9 0.083069645 
737 351 7 9 0.08298573 
287 566 10 11 0.08261943 
318 469 7 9 0.08233995 
286 627 10 13 0.08232632 
880 574 8 11 0.08226422 
704 573 7 10 0.08218253 
504 414 8 10 0.082139336 
391 590 8 10 0.082109936 
850 406 7 9 0.08204145 
553 510 7 9 0.08197658 
833 501 8 10 0.081770234 
495 464 7 10 0.08171692 
784 439 7 9 0.08155204 
664 494 7 9 0.08147923 
630 601 8 10 0.081418455 
855 430 8 10 0.08132584 
206 587 8 12 0.081275254 
191 406 7 10 0.08119794 
271 620 10 13 0.08114514 
23 566 9 11 0.08112403 
174 423 7 10 0.08068865 
520 450 7 9 0.08057784 
726 631 8 11 0.08011227 
705 583 8 10 0.08006672 
113 568 8 10 0.08003053 
222 525 7 10 0.07983892 
257 392 6 9 0.07980206 
441 609 7 9 0.07974731 
482 599 7 10 0.0797136 
553 423 8 10 0.07965603 
370 415 7 9 0.07950987 
47 527 10 12 0.0794786 
38 518 8 11 0.079463646 
770 390 6 9 0.07936651 
384 433 7 9 0.07925389 
880 688 22 24 0.079150185 
191 607 9 12 0.07912366 
439 625 9 11 0.07911723 
169 504 7 9 0.07897134 
774 526 8 10 0.07889809 
32 551 8 11 0.07886136 
825 423 8 10 0.07877351 
734 502 7 9 0.07875509 
925 607 11 14 0.07875153 
591 500 8 10 0.0787014 
896 473 7 8 0.078471765 
791 519 9 11 0.07815584 
496 597 9 12 0.07813781 
103 519 8 9 0.078066304 
537 527 7 9 0.07795187 
200 611 8 12 0.07782908 
834 553 7 9 0.07778031 
111 480 7 10 0.077612914 
415 487 8 10 0.07756393 
496 525 6 9 0.07716423 
929 447 8 9 0.07713407 
582 543 7 7 0.07708426 
463 573 8 10 0.07708106 
758 582 9 11 0.076999545 
904 448 7 9 0.076967694 
30 583 8 10 0.076939225 
488 407 7 9 0.07664028 
848 590 9 11 0.07662859 
785 447 7 8 0.076585904 
807 600 8 9 0.07640129 
460 631 10 13 0.07634517 
103 455 7 9 0.076293066 
619 577 7 10 0.076248065 
633 504 7 9 0.076107696 
687 605 8 11 0.07607603 
865 401 7 9 0.07596769 
318 464 8 10 0.07590402 
359 636 9 12 0.07579146 
656 526 8 11 0.07562276 
447 407 8 9 0.075445175 
623 549 7 9 0.075380735 
589 375 8 10 0.07535515 
274 688 13 19 0.07531315 
568 448 7 9 0.075310975 
784 607 9 11 0.075066894 
678 448 7 10 0.074995 
629 623 9 11 0.0748798 
10 502 8 11 0.074838534 
210 376 7 8 0.074797064 
712 691 20 28 0.074729264 
990 503 8 10 0.07470709 
340 598 10 12 0.07470014 
273 536 8 10 0.07462656 
912 495 7 8 0.07455417 
71 502 9 10 0.0745245 
896 410 6 8 0.07428189 
96 374 8 10 0.07414022 
655 647 12 14 0.07409222 
320 543 7 9 0.073936954 
464 416 7 9 0.07385879 
5 464 8 11 0.07385039 
250 503 8 10 0.07377636 
313 415 7 8 0.073732734 
454 508 8 10 0.07370556 
221 691 11 13 0.07362486 
448 455 6 9 0.073420644 
430 583 7 8 0.073417105 
465 441 7 9 0.07332465 
790 415 7 10 0.07322668 
936 541 8 10 0.07311417 
357 685 15 18 0.073102355 
711 630 8 11 0.07300811 
472 582 8 10 0.07290795 
668 609 10 12 0.07280475 
255 445 7 10 0.07273765 
513 376 7 9 0.07273491 
935 497 7 10 0.07264516 
874 597 9 12 0.07261163 
642 494 8 10 0.07259057 
705 606 8 11 0.072468095 
825 447 7 10 0.072411515 
695 667 14 17 0.072320215 
590 471 8 12 0.072273016 
801 726 21 30 0.07205958 
622 576 8 11 0.072002545 
510 616 9 11 0.071966946 
128 584 8 10 0.071895584 
554 488 7 10 0.07182739 
850 423 7 9 0.07180163 
565 651 11 15 0.07177642 
199 393 8 9 0.071699545 
942 542 7 10 0.07168945 
625 524 9 12 0.07167336 
504 639 11 14 0.07160785 
823 528 8 9 0.07151418 
988 583 10 12 0.07145083 
56 629 9 12 0.07126997 
222 424 7 9 0.07124738 
215 568 9 12 0.071232654 
1 487 8 12 0.07122152 
296 519 7 9 0.07119926 
854 520 7 10 0.071004726 
495 638 9 12 0.07076981 
214 375 6 9 0.07059769 
343 558 8 11 0.07053861 
567 429 7 10 0.070522 
448 473 6 8 0.07048475 
359 391 6 8 0.07035678 
944 454 7 9 0.07022441 
55 480 7 10 0.07018051 
390 535 8 9 0.07017173 
550 573 8 10 0.07006678 
654 550 7 9 0.06978076 
392 606 8 11 0.069746196 
530 624 8 10 0.06974516 
512 439 7 9 0.06974034 
207 448 7 10 0.06973645 
263 398 7 9 0.069646895 
24 504 7 10 0.0696426 
502 551 7 10 0.069308884 
766 596 8 11 0.06930021 
197 559 9 11 0.06895517 
880 461 7 9 0.068901435 
204 606 10 11 0.06890108 
71 573 9 11 0.06889465 
560 565 9 11 0.0688787 
136 447 7 10 0.0687155 
479 399 8 9 0.06866558 
41 431 6 8 0.06845561 
631 479 7 9 0.068352275 
768 613 8 11 0.06823274 
509 668 13 16 0.06821385 
416 493 8 9 0.06816008 
392 437 7 10 0.06814621 
622 544 7 10 0.06804925 
856 449 7 8 0.06802919 
627 401 6 9 0.06797286 
654 630 10 12 0.0679328 
657 463 7 8 0.06789167 
114 574 8 10 0.06783557 
159 552 7 10 0.06769292 
537 502 7 10 0.06769283 
14 502 8 10 0.06753403 
772 651 13 19 0.06746196 
272 471 7 9 0.067395516 
28 598 10 12 0.0673041 
200 511 8 10 0.06724281 
515 704 29 40 0.06709711 
959 560 8 9 0.06708045 
934 560 9 11 0.06707482 
850 391 6 9 0.0670504 
840 393 7 9 0.06702608 
936 440 7 9 0.06684595 
107 511 7 10 0.06672766 
167 606 8 10 0.0666378 
974 423 7 10 0.06663227 
462 391 7 9 0.06658425 
21 524 9 11 0.06657345 
457 417 7 10 0.066490695 
594 568 7 10 0.06629799 
416 382 7 9 0.06628334 
927 431 6 9 0.06619951 
810 712 17 23 0.066067845 
574 448 7 9 0.06604333 
654 622 9 10 0.06600582 
554 591 9 12 0.06598787 
7 487 8 10 0.06598436 
936 602 13 19 0.06593029 
55 462 7 10 0.065879405 
430 433 8 9 0.06586914 
877 519 8 9 0.06586758 
944 558 7 10 0.06586528 
714 440 8 10 0.06584224 
151 549 8 10 0.06579832 
269 517 8 11 0.06575893 
47 463 7 9 0.06570087 
693 510 7 10 0.0656894 
861 607 8 12 0.06559379 
448 415 7 9 0.06558473 
654 520 8 10 0.06556641 
135 502 8 10 0.065543644 
158 597 8 10 0.06551241 
383 607 7 11 0.065499194 
631 588 9 11 0.06545945 
991 535 12 15 0.06539186 
671 527 7 9 0.06531405 
544 404 8 10 0.06520168 
630 381 7 9 0.06507189 
480 628 10 12 0.06506035 
1 526 8 11 0.06503375 
400 590 7 9 0.064928696 
308 636 13 17 0.06482217 
623 463 7 9 0.064804174 
478 376 7 10 0.06479961 
845 606 10 12 0.06477447 
126 568 8 10 0.06461602 
688 591 9 11 0.06458641 
774 614 9 11 0.06445337 
266 668 12 16 0.06439999 
904 430 7 9 0.064398855 
767 509 7 10 0.06436096 
15 487 7 10 0.06435596 
183 489 8 10 0.06433191 
575 454 6 9 0.06430699 
9 545 9 11 0.06422718 
41 470 7 9 0.064135656 
336 693 23 25 0.06412359 
766 503 8 11 0.06408359 
390 615 10 12 0.06403757 
954 571 12 15 0.06392718 
856 612 10 13 0.063920565 
831 591 8 9 0.06391618 
328 400 7 8 0.06391342 
184 440 7 9 0.06386093 
48 479 8 10 0.06384615 
983 636 10 12 0.06380987 
623 504 7 9 0.0637683 
201 413 7 10 0.063676976 
785 535 7 9 0.06367133 
498 383 8 9 0.06360913 
889 504 7 10 0.06357273 
70 376 7 10 0.06356678 
696 457 7 8 0.06356301 
415 472 7 9 0.06351655 
608 662 11 15 0.06349555 
200 576 9 10 0.06345598 
582 620 9 12 0.06336068 
841 464 7 10 0.06329984 
854 505 7 9 0.063273005 
42 464 6 8 0.06320344 
865 550 9 12 0.06311201 
769 484 7 10 0.06306428 
856 384 7 9 0.06302353 
296 502 8 9 0.06301488 
543 623 9 12 0.063010484 
337 592 9 10 0.0629534 
104 462 7 9 0.06289758 
984 400 7 9 0.06289241 
874 385 6 8 0.06289209 
769 521 7 9 0.06283034 
513 447 6 9 0.06277394 
824 319 8 10 0.06272025 
650 519 7 10 0.06271949 
255 478 8 10 0.06269096 
807 517 7 10 0.062680855 
327 550 8 10 0.06266666 
345 407 6 9 0.062631965 
789 607 9 11 0.06259919 
675 479 7 10 0.062577926 
0 558 7 13 0.06254843 
489 464 8 9 0.06253277 
477 621 10 13 0.06250913 
850 343 8 10 0.062462684 
846 583 9 11 0.0622929 
169 392 7 9 0.0622824 
825 729 19 29 0.062269617 
806 431 7 10 0.06223259 
471 440 7 9 0.0621623 
831 437 7 9 0.062097117 
191 400 8 9 0.062075343 
125 635 13 16 0.0620168 
654 457 7 8 0.061981 
832 392 7 8 0.061936494 
273 456 8 11 0.061917655 
825 383 7 9 0.061815042 
358 606 7 10 0.061758175 
863 439 7 9 0.061700277 
849 486 7 9 0.06169469 
342 580 9 12 0.06156662 
871 460 8 11 0.061428465 
661 663 14 17 0.061377976 
527 576 7 9 0.061375093 
66 383 7 9 0.061256744 
134 382 7 9 0.061234184 
489 392 7 9 0.061196774 
791 511 9 10 0.061191626 
768 544 7 8 0.061187886 
104 431 7 9 0.06104777 
599 447 8 9 0.061038893 
1013 506 9 13 0.06102726 
293 628 11 14 0.06098774 
201 471 7 9 0.06096183 
633 677 22 29 0.060902927 
408 544 8 9 0.060864314 
287 481 8 9 0.060862914 
393 552 7 9 0.0607454 
375 391 7 9 0.06073974 
406 416 8 9 0.060708106 
1002 567 10 13 0.060698282 
474 375 8 10 0.06068684 
399 543 8 10 0.060670406 
744 473 7 9 0.06063448 
801 437 7 10 0.060528196 
70 430 8 10 0.060475916 
663 510 8 9 0.06042115 
816 543 8 12 0.06033945 
323 439 6 9 0.06033809 
496 647 10 13 0.060337074 
871 416 7 8 0.06032814 
327 486 6 9 0.06032507 
221 509 8 11 0.06027218 
272 547 9 11 0.060230777 
455 439 7 10 0.060170457 
348 639 11 13 0.060116146 
809 504 7 10 0.059951488 
792 526 8 10 0.059914384 
667 455 6 8 0.059882294 
344 472 8 10 0.05986113 
904 460 7 9 0.05984734 
330 500 8 10 0.05984672 
178 455 7 10 0.059846617 
608 479 8 9 0.05979006 
825 455 8 10 0.05977757 
790 464 7 10 0.059774708 
970 424 7 10 0.059560835 
353 422 7 9 0.059530534 
850 384 7 9 0.059484925 
481 470 7 9 0.059328567 
473 381 9 10 0.059307463 
560 400 7 9 0.059232302 
928 560 8 10 0.059214022 
104 600 8 11 0.05920141 
940 607 15 18 0.059175633 
807 422 7 10 0.059057575 
232 393 7 8 0.059032347 
847 535 8 10 0.058950216 
599 598 8 10 0.058890354 
70 620 9 12 0.05888032 
368 590 7 9 0.058874566 
558 366 8 10 0.058865618 
197 650 12 16 0.05876296 
600 408 8 9 0.05875911 
160 557 7 9 0.058526415 
145 454 7 9 0.0584767 
186 400 7 9 0.05846112 
254 551 8 10 0.05842873 
575 501 7 9 0.05834648 
727 612 10 13 0.058313992 
752 534 7 9 0.058301292 
775 520 7 9 0.058273993 
71 496 8 11 0.058221288 
128 589 10 11 0.05820819 
825 436 8 10 0.058182184 
495 468 7 10 0.058156725 
538 480 6 8 0.058134116 
815 621 10 13 0.05812194 
520 383 7 9 0.05811455 
520 575 8 10 0.05808192 
312 453 6 9 0.05802717 
177 462 7 10 0.058019172 
775 392 7 9 0.05795369 
143 468 9 11 0.0579378 
310 438 7 9 0.057930756 
877 696 17 21 0.05787746 
626 480 8 9 0.05774784 
319 719 21 28 0.05771374 
383 437 7 10 0.057712365 
254 565 8 11 0.057697844 
841 484 7 10 0.057692897 
697 462 6 8 0.057613533 
177 620 9 12 0.057609677 
849 431 7 9 0.057549596 
528 409 8 10 0.057493385 
744 619 9 11 0.05746776 
577 432 7 9 0.057427928 
73 454 7 9 0.05739878 
418 440 8 10 0.05734843 
639 472 7 9 0.057320554 
368 630 11 14 0.057283595 
639 510 8 9 0.05723937 
352 440 8 10 0.05723646 
778 464 8 10 0.05721141 
233 377 7 8 0.057182264 
455 486 9 10 0.0571777 
263 464 7 8 0.0571315 
135 677 14 18 0.056946304 
762 384 6 9 0.0569192 
373 626 11 15 0.05687613 
312 607 10 12 0.056860983 
401 392 7 9 0.056794662 
730 583 8 10 0.05678703 
288 535 7 10 0.056783963 
681 551 8 11 0.05677833 
465 472 7 8 0.05676407 
642 489 7 9 0.056697957 
473 544 7 9 0.056652196 
217 456 6 8 0.056616087 
407 604 9 11 0.056543913 
414 674 10 14 0.05642276 
176 440 7 8 0.05638983 
807 614 9 11 0.056275446 
455 405 7 9 0.05627004 
1009 532 10 14 0.05621156 
450 432 6 9 0.056207128 
830 425 7 9 0.056108173 
439 493 8 10 0.056091074 
734 496 8 10 0.056032363 
690 503 7 10 0.056025587 
971 446 8 10 0.055985086 
620 676 14 18 0.055958863 
296 615 9 11 0.055941746 
134 377 7 9 0.055939917 
553 431 7 9 0.055931818 
722 480 7 9 0.055906918 
498 448 7 9 0.055826556 
630 400 7 9 0.055762734 
220 682 15 19 0.055757757 
113 382 8 9 0.055748742 
833 566 8 11 0.05571034 
335 692 13 18 0.055651776 
554 455 7 9 0.05562872 
206 494 7 9 0.05557104 
694 584 7 9 0.05556449 
223 549 8 10 0.0555479 
952 558 8 9 0.055495404 
514 508 7 10 0.055484045 
446 567 7 10 0.055463906 
952 580 12 14 0.055390038 
879 458 7 9 0.055375393 
430 577 7 9 0.055223837 
799 628 11 13 0.055134937 
223 429 6 9 0.055105533 
305 479 7 8 0.05503883 
408 583 8 10 0.055007342 
410 488 7 10 0.054988608 
354 416 7 10 0.05473486 
901 479 7 9 0.054633353 
559 455 7 9 0.054588277 
448 477 7 10 0.054527592 
568 481 7 9 0.054444812 
358 590 9 10 0.054437026 
841 439 9 11 0.05441811 
71 614 10 13 0.05441032 
253 559 8 11 0.054373782 
405 697 13 17 0.054352414 
607 501 8 10 0.05434639 
996 612 12 15 0.054316998 
889 334 10 11 0.054304987 
264 492 8 11 0.054268677 
807 621 10 12 0.054266527 
881 440 7 9 0.054251734 
895 423 7 9 0.054214742 
801 424 7 8 0.054191586 
850 366 7 10 0.054147907 
65 424 7 9 0.054123867 
768 453 7 10 0.05412192 
830 480 7 9 0.05407579 
446 619 12 14 0.05404658 
578 693 27 35 0.054034855 
587 368 6 8 0.053976994 
927 512 9 11 0.053960234 
181 600 9 11 0.053944744 
364 706 13 17 0.053923186 
864 423 8 10 0.053876262 
382 583 8 10 0.05385956 
41 438 7 10 0.053830367 
240 440 6 9 0.053829893 
135 568 8 10 0.053764872 
790 470 6 8 0.053664066 
240 603 11 13 0.05364017 
630 486 7 9 0.05360202 
313 409 7 8 0.05356175 
478 551 7 9 0.05355719 
650 551 7 9 0.05348118 
414 621 9 10 0.053418376 
599 413 8 10 0.0533708 
327 591 8 10 0.053365506 
144 400 7 9 0.05330267 
834 407 6 8 0.053280998 
166 716 16 20 0.053159148 
122 464 6 7 0.053117614 
575 389 7 10 0.05310587 
10 494 8 10 0.05308544 
742 591 9 11 0.053081367 
168 559 9 11 0.053054888 
737 567 7 9 0.053012498 
1012 597 11 16 0.052970316 
933 609 14 18 0.05290013 
864 456 8 10 0.052835733 
437 634 11 15 0.05277248 
95 325 7 10 0.052704975 
135 549 7 9 0.052671887 
428 674 12 16 0.05252114 
419 416 7 9 0.052493375 
600 375 7 9 0.052485015 
30 588 9 12 0.052437477 
487 399 8 9 0.05239963 
727 479 8 9 0.05237946 
571 677 19 26 0.05236973 
506 406 8 9 0.052360673 
606 383 7 8 0.052275937 
388 693 14 17 0.05224383 
442 576 7 9 0.052226067 
495 424 7 9 0.052204367 
599 615 8 9 0.052178346 
0 613 7 11 0.052146632 
222 631 10 13 0.0520922 
609 559 9 10 0.05205308 
769 472 7 10 0.051899668 
351 628 9 11 0.05187995 
776 470 8 10 0.051865347 
802 606 7 11 0.05185836 
823 595 9 12 0.051855452 
187 406 7 10 0.051763035 
673 381 9 11 0.051759932 
199 397 8 10 0.05172904 
561 406 8 10 0.05167928 
470 627 9 12 0.05162555 
934 526 9 11 0.051538672 
799 480 7 9 0.05148536 
415 617 8 9 0.051444057 
289 416 7 9 0.05142526 
671 305 9 11 0.051410142 
577 619 9 12 0.05140349 
608 488 8 10 0.051391393 
752 579 9 12 0.051376015 
111 592 8 10 0.05134316 
823 568 8 10 0.051285084 
87 335 7 8 0.05128058 
639 504 8 9 0.051274054 
944 519 8 10 0.051225282 
438 422 8 10 0.051214322 
317 607 9 12 0.05117713 
245 632 13 16 0.05115046 
193 447 6 8 0.051140174 
418 577 7 9 0.051122196 
185 550 9 10 0.051078234 
340 684 16 19 0.051073655 
543 519 7 9 0.050958592 
446 575 8 9 0.050944764 
512 521 7 10 0.050876856 
200 409 7 9 0.05085009 
229 494 9 11 0.050794102 
185 509 7 9 0.05074426 
41 487 8 9 0.050722558 
929 534 8 10 0.050711516 
449 440 7 9 0.05070306 
63 576 8 10 0.050697926 
792 454 7 9 0.050672483 
433 416 7 10 0.05064948 
774 645 12 17 0.050589785 
228 666 15 19 0.050589215 
80 534 8 10 0.050578654 
362 573 9 11 0.050495047 
85 603 9 12 0.050483216 
791 447 8 9 0.050435796 
529 423 8 10 0.050384223 
649 524 8 10 0.05036483 
89 616 10 13 0.050352998 
391 476 8 11 0.050334558 
616 623 8 11 0.050301414 
489 424 7 9 0.050133634 
833 612 10 14 0.05009386 
806 385 7 10 0.05004852 
94 532 9 11 0.050039086 
171 630 12 16 0.05003897 
626 486 7 9 0.05002005 
686 557 8 9 0.049941245 
112 432 8 9 0.04992911 
686 598 8 11 0.049902514 
376 613 8 10 0.049882308 
446 447 8 9 0.04987857 
533 583 9 10 0.049871415 
654 480 7 9 0.049809072 
43 646 13 15 0.04975099 
393 433 7 9 0.049691666 
459 393 6 8 0.049669154 
442 566 7 9 0.049609117 
71 478 8 10 0.049579304 
201 447 7 9 0.049546488 
561 440 7 9 0.049533095 
71 406 7 9 0.049447007 
346 528 8 11 0.04944467 
560 584 8 10 0.04921011 
790 543 8 10 0.04918747 
293 622 10 12 0.049158126 
767 430 7 9 0.049105134 
520 472 6 9 0.04906409 
856 462 8 11 0.049035046 
320 582 8 11 0.049019348 
639 454 7 9 0.049013633 
864 544 8 11 0.04897179 
629 406 8 10 0.048941012 
502 557 8 10 0.048923004 
863 564 9 11 0.048907675 
31 470 7 10 0.04884411 
905 615 8 11 0.048838682 
319 535 7 9 0.04883791 
531 628 9 11 0.048833076 
14 455 8 10 0.048798926 
87 589 8 11 0.04879709 
181 622 10 12 0.04878339 
310 477 8 10 0.04870067 
234 446 7 9 0.04867732 
296 488 6 9 0.048636213 
996 711 25 29 0.048631452 
176 470 7 10 0.048594363 
590 367 7 9 0.048543528 
345 623 10 13 0.048526164 
287 541 8 10 0.048510835 
678 454 7 8 0.04844129 
673 551 7 9 0.048375987 
138 470 8 10 0.04837421 
71 448 8 9 0.04831487 
575 496 8 10 0.04828907 
569 520 6 9 0.04823328 
419 446 7 9 0.048225094 
640 392 7 8 0.048204787 
216 551 8 9 0.04814431 
409 472 7 10 0.048062563 
545 472 7 10 0.04800476 
193 534 8 10 0.047989573 
841 432 7 9 0.047946043 
216 384 8 10 0.047944322 
966 263 33 39 0.047935367 
359 400 6 8 0.047934968 
943 699 26 29 0.04790859 
146 535 8 10 0.047898572 
39 568 9 11 0.047884405 
793 375 8 10 0.047881745 
185 579 8 12 0.04787833 
88 529 7 9 0.047877505 
12 616 9 12 0.047875296 
632 576 8 10 0.047845215 
433 456 7 9 0.04783915 
841 320 8 11 0.047778547 
239 376 7 8 0.047747582 
480 569 8 9 0.047734637 
352 401 6 8 0.04772791 
495 409 7 9 0.047696415 
864 359 7 9 0.047675814 
515 666 12 15 0.0476655 
150 469 7 10 0.04764853 
849 505 7 10 0.04763395 
474 400 7 8 0.04759025 
104 337 7 9 0.04758154 
808 548 8 11 0.047572553 
535 375 7 9 0.047568437 
441 440 7 9 0.04751544 
952 526 8 10 0.047490586 
681 620 10 12 0.047472253 
895 414 6 9 0.047465034 
553 478 7 9 0.047457423 
607 445 7 9 0.047442485 
925 573 9 12 0.04741926 
175 479 7 9 0.0474126 
758 368 8 9 0.047410794 
288 384 7 8 0.047400393 
787 416 7 9 0.047324546 
112 375 8 10 0.04732073 
160 607 8 11 0.047313385 
543 360 8 9 0.047276553 
873 591 8 11 0.047195222 
416 377 7 9 0.0471869 
560 447 7 9 0.047175072 
561 559 8 11 0.04716702 
857 544 8 10 0.047162104 
850 359 7 10 0.04712976 
416 581 7 9 0.04711873 
777 438 6 8 0.047108497 
184 447 6 8 0.047103167 
472 616 9 12 0.047091056 
709 611 9 12 0.047089495 
575 486 7 10 0.047038138 
250 441 7 9 0.047002766 
431 396 8 10 0.04699599 
131 633 12 16 0.046994668 
752 440 7 9 0.046993952 
951 431 6 8 0.04699232 
814 629 12 14 0.046963748 
279 597 9 12 0.046963263 
358 584 9 10 0.046955496 
54 439 7 10 0.04692621 
570 390 6 9 0.046888687 
535 423 7 10 0.046812482 
158 591 8 11 0.046756774 
569 375 7 9 0.046749953 
258 648 14 17 0.046732645 
231 550 7 9 0.046704147 
228 643 13 16 0.0467002 
585 496 7 10 0.046698544 
743 597 8 11 0.046608567 
194 519 8 10 0.04660582 
269 487 7 9 0.046600483 
469 597 8 10 0.046570472 
400 437 7 10 0.04656774 
222 390 6 9 0.04652622 
729 600 9 10 0.046525367 
370 401 6 8 0.046509687 
262 375 6 7 0.04650189 
461 584 8 10 0.046402045 
206 629 13 15 0.04640125 
202 439 6 9 0.04636353 
555 696 23 29 0.04630308 
453 614 9 12 0.046288837 
837 660 16 19 0.046279777 
368 472 8 10 0.046202537 
759 545 8 9 0.046201546 
767 424 7 9 0.046173707 
462 532 8 10 0.04614558 
849 596 10 11 0.046139643 
697 536 8 10 0.04611786 
406 392 7 8 0.046105016 
841 326 7 9 0.04609316 
801 492 8 11 0.046085086 
519 621 9 12 0.0460798 
249 448 8 9 0.046058584 
833 573 8 10 0.046046577 
462 400 7 8 0.046035137 
346 401 7 8 0.04602781 
472 556 8 10 0.04599375 
624 589 9 10 0.045986805 
767 646 10 14 0.045985177 
110 342 8 11 0.045960005 
170 510 7 9 0.045912936 
206 575 9 11 0.045873538 
235 677 13 17 0.045841083 
575 519 7 9 0.045831516 
723 659 13 17 0.04579394 
389 629 12 14 0.04574918 
382 551 8 11 0.045722496 
935 536 8 11 0.045623217 
145 644 14 17 0.045622185 
471 480 7 9 0.04560057 
511 577 8 10 0.04557111 
397 693 12 18 0.04552765 
872 424 7 9 0.04552073 
598 640 8 10 0.045504585 
744 488 7 9 0.045484606 
535 383 7 9 0.0454798 
81 593 9 11 0.045470838 
510 401 8 10 0.045456994 
384 399 6 8 0.04540008 
930 454 7 9 0.04534611 
744 533 8 10 0.0453391 
66 376 7 10 0.045304287 
278 549 9 11 0.045303922 
186 504 6 9 0.04522815 
911 409 7 8 0.045179725 
137 573 7 10 0.0451784 
409 383 7 9 0.045132767 
191 644 11 13 0.045114975 
78 551 9 11 0.04502152 
175 575 7 10 0.04500714 
215 635 12 15 0.04493455 
585 639 9 12 0.044922803 
54 528 8 11 0.04491331 
502 367 7 9 0.04487889 
174 392 7 9 0.04474578 
870 407 7 8 0.04469844 
816 487 8 9 0.044668775 
242 478 8 10 0.04464734 
535 463 7 9 0.044630073 
932 565 9 11 0.044583216 
967 401 6 9 0.044562865 
353 455 7 8 0.044512015 
374 420 8 10 0.044479176 
174 559 8 12 0.044466674 
463 462 7 9 0.04444757 
359 527 8 9 0.044405565 
504 583 8 10 0.044357985 
191 543 8 10 0.044342235 
177 494 8 9 0.044294883 
165 662 11 13 0.044276126 
519 377 7 8 0.04426713 
438 431 8 9 0.044266995 
451 730 24 30 0.044250183 
336 610 10 14 0.04424571 
270 527 8 10 0.044032138 
134 453 8 10 0.043990016 
690 584 8 9 0.04393355 
785 454 7 9 0.04389059 
656 423 6 8 0.043860063 
880 343 7 10 0.04384273 
920 438 7 8 0.043805324 
327 573 8 10 0.043790016 
800 448 7 8 0.04373529 
663 630 10 12 0.043701123 
528 383 7 9 0.0436971 
840 423 7 9 0.04366455 
206 623 10 12 0.043604407 
191 472 6 9 0.0435624 
511 414 7 10 0.043561723 
352 384 7 8 0.04350668 
560 431 7 9 0.043504227 
835 400 6 9 0.043444477 
289 624 9 12 0.04341211 
642 673 14 18 0.043362357 
57 623 8 11 0.043348312 
837 567 8 10 0.04333918 
56 484 7 10 0.043319788 
600 455 7 8 0.04330596 
320 382 7 9 0.04330258 
894 578 11 14 0.043260824 
493 604 10 11 0.043180645 
854 367 6 9 0.04314803 
282 494 8 10 0.043100044 
224 463 7 9 0.04301337 
298 390 7 9 0.042958498 
790 335 9 12 0.04293607 
327 596 9 11 0.042933285 
799 462 7 10 0.042930897 
584 423 7 9 0.042922575 
529 368 7 8 0.04284452 
39 456 7 9 0.042840622 
538 689 18 24 0.042818494 
74 463 8 10 0.042733215 
313 534 8 10 0.04269313 
128 610 9 12 0.042675033 
958 446 8 11 0.042654194 
256 406 7 9 0.04265244 
577 438 8 10 0.04259727 
338 441 7 9 0.042578053 
529 496 7 9 0.042560924 
64 407 7 9 0.04247601 
328 416 7 8 0.04246152 
575 463 7 10 0.04233874 
601 397 7 9 0.042319678 
356 674 13 16 0.042257614 
253 509 8 11 0.042254757 
825 495 7 9 0.04224403 
904 424 7 9 0.042193253 
518 616 9 12 0.042187426 
101 612 10 13 0.042184502 
253 725 14 17 0.042152856 
841 471 8 9 0.04214471 
311 449 6 8 0.04211577 
273 399 7 8 0.04208175 
569 453 7 10 0.04206739 
905 414 8 9 0.04204048 
795 567 9 11 0.042037815 
887 440 7 10 0.042017803 
534 592 8 9 0.04198308 
776 575 8 9 0.041952044 
718 528 8 10 0.04183238 
489 544 8 9 0.04178207 
69 509 9 11 0.04176922 
599 472 7 9 0.04175159 
278 537 8 10 0.041734695 
825 390 7 9 0.041687515 
32 688 16 18 0.04166998 
46 327 8 10 0.041631225 
423 405 7 9 0.04157229 
87 558 8 11 0.04154805 
926 618 15 20 0.041489307 
545 560 8 9 0.041483052 
720 519 7 10 0.041414868 
497 375 8 10 0.041398454 
367 446 7 9 0.04136537 
953 425 6 8 0.04134707 
390 520 8 10 0.04134364 
553 494 8 10 0.04131938 
631 511 7 9 0.041274928 
778 375 7 9 0.04127227 
223 440 7 9 0.041226484 
488 480 7 9 0.041214798 
878 652 14 18 0.0411551 
55 550 9 12 0.04113408 
639 623 9 11 0.04113302 
659 532 8 11 0.04112031 
568 367 7 9 0.041115586 
226 592 9 12 0.041109107 
542 526 7 9 0.04109394 
649 638 10 13 0.041067194 
39 543 8 10 0.041061144 
838 551 8 10 0.04102975 
409 575 8 9 0.04101131 
168 478 7 9 0.040992487 
950 519 8 11 0.040958654 
560 362 7 8 0.040915344 
735 477 8 10 0.040866643 
792 638 12 15 0.04083226 
761 567 7 9 0.040814247 
110 597 8 12 0.040764008 
586 652 9 13 0.040727712 
383 627 10 14 0.040699758 
598 645 8 11 0.040692985 
305 472 7 9 0.04068363 
688 486 6 8 0.040678326 
820 630 9 12 0.040650737 
621 697 16 21 0.04059233 
88 583 8 11 0.04057568 
909 582 10 13 0.040544987 
913 400 7 8 0.040526923 
392 392 6 8 0.040505886 
806 494 8 9 0.040504824 
225 490 8 9 0.040499177 
896 510 7 9 0.040441662 
543 376 7 8 0.04039419 
96 447 8 10 0.04039238 
887 445 8 10 0.04038889 
965 690 16 20 0.040382084 
182 456 7 9 0.04038074 
650 479 8 9 0.04025867 
556 628 9 11 0.040220767 
693 591 8 10 0.040197063 
257 367 7 10 0.040176556 
624 359 7 9 0.040139887 
126 600 10 11 0.04009903 
189 550 9 10 0.040075995 
384 642 11 15 0.039989967 
786 665 14 20 0.039984476 
359 446 7 9 0.03997335 
151 433 8 9 0.039962076 
450 544 8 10 0.039927717 
576 536 7 9 0.03992565 
390 510 9 10 0.039924204 
150 382 7 9 0.039911266 
783 384 6 8 0.03990732 
358 535 8 10 0.039899938 
48 440 9 10 0.039857 
361 558 9 11 0.039794747 
94 320 7 10 0.039756313 
785 406 7 10 0.03975574 
747 500 8 11 0.039725587 
478 429 7 10 0.039716568 
239 613 11 12 0.039672542 
530 430 8 10 0.03966579 
585 463 7 9 0.039642878 
958 504 8 10 0.039642848 
264 480 7 9 0.039597563 
937 656 19 29 0.039595354 
854 342 8 10 0.039594788 
430 471 7 9 0.03957763 
630 673 15 19 0.03952529 
798 359 7 9 0.039491184 
543 433 8 9 0.03946264 
438 463 7 9 0.039451618 
178 487 7 10 0.039431147 
158 417 7 10 0.039419204 
386 526 8 10 0.039418824 
888 431 7 8 0.03941179 
223 568 9 11 0.03940763 
322 487 7 9 0.03931097 
31 503 7 10 0.039297897 
311 433 7 9 0.039288186 
344 424 7 9 0.039252616 
95 486 8 10 0.03922699 
857 481 9 10 0.039201304 
623 568 8 8 0.039191686 
416 464 8 9 0.03918722 
118 376 7 10 0.039186887 
689 457 7 8 0.039162863 
930 408 7 9 0.039143313 
863 447 7 8 0.039131284 
441 480 7 9 0.039114248 
825 375 7 9 0.03910147 
289 438 7 9 0.039066713 
586 644 10 12 0.039063107 
376 587 8 11 0.039062914 
799 454 7 9 0.03905323 
831 383 6 9 0.039019674 
111 505 8 10 0.03900951 
608 457 7 8 0.038996138 
471 463 7 9 0.03899537 
328 391 7 8 0.038977124 
592 430 8 10 0.038976107 
487 376 7 9 0.038969766 
129 384 7 8 0.03893676 
343 542 7 9 0.038933083 
582 599 8 10 0.03886552 
318 509 8 10 0.038840782 
297 681 12 18 0.038805243 
287 494 7 8 0.038794834 
729 527 8 11 0.03879469 
856 494 8 9 0.03879462 
94 503 8 10 0.03876603 
594 448 8 9 0.038737237 
714 444 8 11 0.038721304 
408 518 7 10 0.038700134 
950 407 7 9 0.03865118 
288 552 9 11 0.038645767 
601 384 6 8 0.038626164 
762 503 8 10 0.03860125 
406 399 7 9 0.038554594 
716 43 10 12 0.03854756 
544 449 7 9 0.038539894 
858 438 7 10 0.03853975 
327 446 7 8 0.038536657 
230 487 7 10 0.03851958 
456 658 11 16 0.038518004 
9 587 10 13 0.03851375 
984 630 10 13 0.03850941 
38 549 8 11 0.038482495 
96 368 8 9 0.038482025 
70 582 9 11 0.03845346 
377 543 8 9 0.038441114 
534 414 7 10 0.038440153 
143 449 7 8 0.03843018 
728 589 9 11 0.038406424 
168 465 7 9 0.038390014 
479 663 16 21 0.0383731 
424 682 19 25 0.038347624 
682 592 8 11 0.03832289 
150 457 7 9 0.038318828 
867 714 18 26 0.038307946 
391 503 7 9 0.03828454 
586 400 6 9 0.038263664 
499 455 6 8 0.038191248 
136 486 7 9 0.038152024 
325 640 10 13 0.038145326 
262 470 8 10 0.038115926 
320 550 8 11 0.03811578 
182 463 8 10 0.03808022 
569 527 7 9 0.03807662 
455 607 8 10 0.038003325 
89 486 7 10 0.03793565 
856 336 8 10 0.037928164 
352 478 7 9 0.03791015 
592 416 8 8 0.03790084 
970 440 7 10 0.03786462 
24 463 7 10 0.03783846 
585 591 7 9 0.03782793 
558 509 8 10 0.037817705 
550 473 8 9 0.03779626 
521 360 8 9 0.03778054 
640 694 19 22 0.037741832 
730 503 8 10 0.037722506 
807 543 9 11 0.03771442 
569 485 7 9 0.03768778 
98 453 7 10 0.03768395 
495 542 8 10 0.037678357 
347 651 12 14 0.037670273 
889 422 6 9 0.03766543 
174 377 7 8 0.037655436 
399 552 7 8 0.037631474 
362 359 7 9 0.0376245 
871 401 7 9 0.037617695 
65 597 9 12 0.037596915 
854 406 7 9 0.037586976 
921 431 8 11 0.037579045 
113 437 8 10 0.03757848 
650 460 7 10 0.037568085 
975 574 8 10 0.037549034 
383 542 7 10 0.037538465 
94 590 8 11 0.037532598 
702 536 7 9 0.037530694 
918 683 14 17 0.0375173 
112 326 7 9 0.037472013 
761 456 8 10 0.03737888 
312 551 9 10 0.03737553 
314 377 7 8 0.03737485 
824 519 8 9 0.037356265 
396 636 11 14 0.03734461 
877 627 10 13 0.037303653 
145 687 14 19 0.037288204 
152 446 7 8 0.0372729 
440 561 8 9 0.037250306 
766 385 7 9 0.037233055 
488 445 7 10 0.037219588 
526 454 6 9 0.0372192 
223 456 6 8 0.037199557 
71 437 8 10 0.037189506 
481 439 6 9 0.03715496 
296 409 7 8 0.037150174 
440 456 8 9 0.03715 
318 504 8 10 0.037131958 
775 366 7 9 0.037125327 
646 440 7 9 0.03711502 
826 335 7 10 0.037082344 
376 407 7 8 0.03707274 
88 494 8 10 0.03707004 
201 464 7 9 0.03703268 
957 509 9 11 0.037001844 
218 463 6 8 0.036987703 
480 407 7 9 0.03698128 
289 599 9 12 0.036974978 
663 620 10 12 0.036956538 
689 566 8 10 0.036933176 
717 359 8 10 0.036925953 
521 587 9 11 0.0369039 
921 415 6 7 0.036885496 
969 509 7 10 0.036883514 
328 406 7 9 0.036878344 
870 636 11 14 0.036870252 
25 581 8 11 0.03684969 
864 376 6 9 0.036845483 
854 417 7 8 0.036788452 
505 463 7 9 0.0367539 
632 390 7 8 0.036748476 
544 393 7 9 0.036742188 
528 440 8 9 0.036739416 
1012 620 10 15 0.036701266 
185 376 7 8 0.036671963 
850 509 7 9 0.036666714 
591 398 8 9 0.036658157 
416 543 7 9 0.03664755 
201 352 7 9 0.03663973 
953 511 8 10 0.03663392 
247 543 7 9 0.03663344 
990 470 9 11 0.036627337 
566 406 8 10 0.036623858 
801 600 8 9 0.03662211 
923 671 16 21 0.036598112 
968 406 6 9 0.036595035 
838 373 8 9 0.036576904 
883 478 8 10 0.036570046 
354 598 8 10 0.036563728 
305 645 10 14 0.03656146 
13 626 9 13 0.03653765 
591 612 9 11 0.036490176 
554 366 8 10 0.036482435 
146 377 8 10 0.03647328 
696 478 8 10 0.036426686 
248 453 8 10 0.03639779 
728 542 6 8 0.03639778 
281 481 8 10 0.036392484 
987 503 7 9 0.036391728 
824 416 8 9 0.036346395 
623 471 6 8 0.03629552 
511 543 8 10 0.036288913 
48 556 8 11 0.036280457 
737 575 8 10 0.03627415 
759 440 7 9 0.03625651 
783 376 6 9 0.03617351 
26 470 7 9 0.036155555 
736 326 7 9 0.03613084 
256 497 7 8 0.036116682 
975 568 8 10 0.03610551 
441 446 8 9 0.036095813 
328 537 7 9 0.036093213 
738 438 7 9 0.03606148 
830 448 8 9 0.036015704 
552 438 7 9 0.03600819 
867 645 12 16 0.035973307 
421 598 8 10 0.035967764 
433 488 8 9 0.035955805 
789 620 9 11 0.035849273 
930 541 8 11 0.03583602 
687 519 8 9 0.035827357 
270 439 9 10 0.035821658 
761 690 16 20 0.035811126 
261 679 14 20 0.035786696 
312 392 6 7 0.03578156 
599 423 8 10 0.03575878 
207 545 8 10 0.035753857 
952 472 8 9 0.035731636 
642 711 32 44 0.035719432 
122 557 8 10 0.035717636 
473 486 7 9 0.035714433 
429 438 8 9 0.035689693 
958 527 8 10 0.03567613 
910 414 7 9 0.035668682 
853 400 8 10 0.03566823 
146 591 9 10 0.035667446 
447 520 7 10 0.035654116 
757 575 9 11 0.03564974 
687 480 7 10 0.035648756 
174 511 7 9 0.035634708 
872 503 7 9 0.035626017 
142 485 7 9 0.035602912 
472 407 7 9 0.035575043 
789 422 8 10 0.035561115 
681 463 7 8 0.035559554 
891 656 13 18 0.0354832 
673 700 18 23 0.03547912 
391 447 7 9 0.035478532 
399 585 8 10 0.035450004 
121 470 7 10 0.035449922 
222 519 9 11 0.035446677 
791 503 9 11 0.035444316 
562 669 15 17 0.03543983 
880 568 7 9 0.035431493 
927 550 8 11 0.035412606 
894 504 7 9 0.035400875 
601 495 7 10 0.035396565 
967 489 7 9 0.035379004 
762 423 7 10 0.03537388 
809 417 7 9 0.035371374 
218 423 8 10 0.035305224 
648 623 8 10 0.035285283 
455 479 8 10 0.035281405 
359 385 8 9 0.035233967 
368 623 10 12 0.035219736 
504 353 7 9 0.03521615 
801 384 8 10 0.035185 
890 409 7 9 0.035171114 
177 580 8 11 0.03512193 
566 559 8 11 0.035115432 
590 608 8 11 0.03511346 
361 432 7 8 0.0351101 
200 600 8 11 0.03509881 
528 568 8 9 0.035090514 
73 470 7 9 0.03505825 
880 495 7 9 0.035017047 
710 583 8 10 0.03497992 
160 489 7 9 0.03494091 
616 615 9 12 0.034897108 
295 375 6 7 0.034866508 
437 391 7 9 0.03482858 
310 664 10 14 0.034802277 
726 485 8 10 0.034745183 
241 407 7 9 0.03473535 
812 702 22 27 0.0346959 
49 574 8 10 0.034678537 
896 478 7 10 0.03467584 
533 684 14 21 0.03467185 
841 452 7 9 0.034654796 
567 696 24 32 0.03464599 
220 726 16 21 0.034632884 
135 629 10 13 0.03461185 
33 510 8 11 0.0345883 
398 476 8 11 0.034587935 
574 670 11 14 0.03454636 
89 327 7 9 0.034540493 
400 464 7 9 0.034500737 
68 631 12 15 0.034484185 
248 367 7 9 0.034480885 
185 367 6 9 0.03446758 
1008 577 17 27 0.034465406 
150 359 8 10 0.034450818 
377 553 9 11 0.03444608 
262 393 7 9 0.034444984 
104 424 8 10 0.034443326 
130 544 7 9 0.03443249 
595 677 15 18 0.034428336 
127 463 7 9 0.03441154 
207 431 6 9 0.03439648 
79 468 7 10 0.034361716 
609 462 6 9 0.034355886 
638 423 8 10 0.034346204 
128 511 8 10 0.034338493 
593 486 6 9 0.03432448 
337 558 8 10 0.034280796 
581 536 8 9 0.0342777 
118 382 7 8 0.0342732 
241 399 7 9 0.03424788 
695 449 7 8 0.034205507 
261 663 13 17 0.03416971 
392 542 9 10 0.034152534 
409 493 7 10 0.03412731 
846 666 20 26 0.03412594 
969 416 7 8 0.034112614 
628 628 9 13 0.034102615 
513 384 7 9 0.03406548 
545 438 7 9 0.03405291 
16 462 8 10 0.03405072 
378 477 7 9 0.034030966 
967 646 13 20 0.034019712 
303 542 8 10 0.034014102 
584 629 8 10 0.034009904 
191 368 7 9 0.033992354 
184 558 9 11 0.033978526 
558 487 7 9 0.033945575 
345 487 8 10 0.03390503 
538 391 7 9 0.03388819 
590 464 7 9 0.03388583 
318 519 7 10 0.03387907 
230 470 7 9 0.033855963 
790 440 8 9 0.033845633 
1011 668 11 14 0.03384458 
423 455 8 10 0.033840694 
384 574 8 11 0.033831645 
648 503 7 10 0.033779122 
136 440 6 8 0.03376557 
663 469 7 10 0.03375123 
521 683 17 25 0.033721484 
393 598 8 10 0.03371589 
919 588 9 13 0.033714082 
879 580 9 12 0.03366739 
550 558 8 10 0.03366709 
304 351 7 9 0.03365858 
808 448 7 9 0.033648085 
81 528 7 11 0.033612426 
713 653 13 16 0.033611763 
386 510 7 10 0.033605825 
103 470 8 10 0.033571362 
489 603 10 11 0.03357021 
762 359 7 9 0.033560365 
169 571 8 11 0.033558317 
440 383 7 9 0.033552717 
144 635 12 15 0.033548914 
760 644 9 13 0.03354531 
174 398 7 9 0.03353627 
202 493 8 10 0.033516947 
114 408 7 8 0.03351001 
296 511 8 10 0.033497732 
24 440 7 10 0.033487823 
647 408 7 9 0.03348361 
452 621 10 13 0.033444446 
66 510 7 9 0.03344141 
512 422 7 10 0.033440903 
504 438 7 9 0.03343761 
401 398 8 10 0.03343062 
720 464 7 9 0.033417467 
552 607 8 9 0.033404063 
958 533 8 10 0.03339668 
710 423 7 9 0.03338511 
768 439 7 8 0.033368584 
913 438 7 9 0.033349458 
831 597 9 11 0.033342782 
289 528 7 9 0.033342782 
605 694 21 29 0.033321675 
503 544 8 10 0.033297814 
216 536 7 9 0.033275202 
606 400 7 9 0.03326248 
694 495 7 10 0.033258725 
576 407 7 9 0.03322667 
557 574 8 9 0.033218816 
845 319 8 11 0.0331152 
401 599 7 10 0.03309008 
584 405 8 9 0.033087775 
768 608 8 11 0.03308424 
170 375 6 9 0.0330836 
9 452 8 10 0.03307562 
922 558 7 10 0.0330569 
270 479 8 10 0.033043884 
218 430 7 9 0.0330134 
679 431 7 10 0.033012558 
489 593 7 10 0.032986928 
538 399 8 9 0.032986477 
880 408 7 9 0.032975744 
894 588 10 13 0.032973405 
215 472 7 9 0.03293746 
65 616 9 13 0.03293083 
424 463 7 10 0.03288541 
462 422 8 9 0.032866076 
390 573 8 10 0.032860786 
497 550 9 11 0.032834183 
383 487 7 9 0.032827213 
678 613 10 13 0.032813434 
800 534 8 9 0.032779388 
457 577 7 10 0.032777235 
512 359 7 8 0.032759584 
509 606 9 11 0.032713167 
120 598 9 11 0.03265456 
834 584 7 9 0.032646395 
693 502 8 10 0.03264344 
551 399 6 9 0.032612033 
501 641 18 22 0.032609023 
312 573 8 11 0.032574218 
798 335 7 10 0.03256648 
775 609 8 10 0.032543696 
579 680 24 29 0.03246436 
350 675 14 16 0.03246068 
314 382 6 9 0.032455787 
79 479 8 10 0.03239428 
880 559 9 11 0.032381438 
774 455 7 9 0.032323245 
361 690 13 18 0.032315698 
753 529 7 9 0.032313794 
450 504 8 10 0.032278676 
808 463 7 10 0.032271076 
847 463 8 11 0.03225309 
512 454 7 10 0.032235567 
774 510 7 10 0.032211773 
850 351 8 9 0.032205462 
423 629 9 12 0.03218972 
394 557 8 9 0.032172546 
722 485 8 11 0.032158896 
735 587 9 12 0.03213584 
896 519 7 9 0.032115553 
687 544 7 10 0.032108456 
189 690 12 15 0.03209126 
336 431 8 9 0.032090995 
353 487 7 9 0.032085866 
160 659 11 15 0.032081332 
240 416 7 9 0.032079674 
770 629 9 12 0.032061663 
142 657 13 15 0.03205437 
928 497 9 11 0.032053262 
905 410 7 8 0.032047328 
417 420 9 11 0.032041844 
128 390 8 9 0.032017495 
263 618 10 13 0.031986892 
982 406 8 9 0.03197545 
56 457 7 9 0.031912833 
473 606 8 10 0.031910397 
617 603 9 11 0.03188758 
297 384 7 9 0.031846356 
633 456 7 9 0.031835377 
732 611 9 12 0.031823978 
48 631 9 13 0.031816777 
485 630 9 13 0.03181176 
934 407 7 9 0.031811286 
519 312 7 9 0.03179585 
977 408 7 9 0.031773355 
558 495 7 10 0.03175335 
433 462 8 11 0.031753287 
607 416 7 9 0.031748064 
359 455 8 9 0.031686176 
672 332 8 10 0.031679135 
775 484 8 10 0.03167412 
481 465 7 9 0.031662934 
752 455 7 9 0.031657483 
807 471 8 10 0.031649377 
465 543 7 9 0.031644475 
398 528 7 8 0.03162848 
402 417 7 10 0.031628333 
258 398 7 9 0.031623453 
277 633 12 15 0.031615585 
897 541 8 10 0.0315948 
129 408 8 9 0.03157873 
997 536 11 13 0.031560346 
632 473 7 8 0.03155715 
481 448 7 8 0.031541232 
904 622 11 14 0.031533774 
871 564 7 10 0.03153277 
918 542 7 10 0.031503282 
29 485 8 9 0.031487703 
495 494 7 9 0.03146141 
954 658 21 28 0.031426277 
559 479 7 11 0.031421367 
544 478 7 9 0.031411715 
310 648 12 16 0.03139884 
778 543 7 10 0.03139172 
442 521 7 10 0.03139116 
431 644 10 13 0.031372894 
161 584 7 10 0.031370908 
152 504 7 9 0.03134708 
644 662 10 14 0.03132541 
605 673 14 19 0.031311143 
218 517 8 10 0.031301342 
295 423 7 9 0.031299844 
118 407 8 9 0.03129844 
930 650 15 24 0.031278286 
518 521 8 10 0.031277817 
143 582 8 10 0.03127643 
86 512 8 10 0.031229291 
567 552 8 9 0.031192247 
248 431 7 8 0.03117394 
31 542 9 11 0.03116283 
530 502 6 9 0.03116057 
514 390 7 9 0.031153673 
783 360 8 9 0.031145973 
710 399 8 11 0.031141546 
742 433 7 9 0.031135846 
767 567 7 10 0.031123782 
317 677 11 16 0.031095238 
578 542 7 8 0.031067679 
520 368 7 8 0.031057324 
266 456 7 9 0.03101128 
847 574 8 10 0.031008007 
538 521 7 9 0.031003136 
544 510 8 9 0.030992124 
503 390 8 9 0.030982913 
274 368 7 8 0.030960204 
447 631 9 12 0.030951584 
585 381 7 10 0.030939227 
527 463 8 9 0.030928776 
465 384 7 10 0.030911712 
489 431 7 9 0.030891297 
424 545 7 9 0.030870516 
303 487 7 9 0.030833079 
774 360 8 10 0.030810416 
161 527 7 10 0.030809235 
40 606 9 12 0.030793052 
402 449 5 8 0.030772133 
455 431 7 9 0.030762553 
207 383 8 9 0.03076225 
386 393 6 8 0.030761087 
552 676 11 16 0.030755827 
639 478 6 9 0.030672142 
302 616 9 11 0.030668557 
606 407 7 8 0.030651748 
129 376 8 9 0.030648887 
280 511 8 11 0.030624853 
346 385 6 8 0.030606782 
229 619 10 12 0.030601535 
636 607 9 11 0.03060139 
496 438 7 10 0.030559588 
569 464 8 9 0.030551465 
194 526 8 11 0.030548338 
786 340 9 11 0.030529762 
863 383 6 8 0.030511476 
221 642 13 16 0.030499035 
911 534 7 9 0.030491779 
770 319 8 10 0.030457905 
727 376 6 8 0.030436834 
432 596 9 11 0.030415885 
112 581 8 10 0.030396504 
272 392 7 8 0.030386833 
705 550 8 11 0.030383356 
790 318 8 10 0.03038209 
754 368 8 9 0.030359266 
526 448 8 9 0.030311694 
849 567 7 9 0.030308103 
668 664 11 15 0.03030768 
408 535 7 10 0.030286193 
753 327 8 9 0.03028307 
961 400 7 9 0.030261556 
743 320 7 9 0.030228898 
138 480 8 9 0.030209236 
246 486 8 11 0.030204294 
535 369 7 8 0.030201938 
139 516 7 10 0.030176312 
611 670 16 20 0.030153757 
496 391 7 9 0.030146673 
470 695 14 18 0.030144548 
805 568 8 9 0.03014157 
432 421 8 9 0.03013605 
849 453 7 10 0.03011787 
13 438 8 10 0.030117722 
152 479 7 9 0.030106995 
566 361 7 8 0.030093059 
561 552 7 10 0.030089458 
831 512 7 9 0.030067554 
662 592 9 12 0.030054482 
790 430 7 10 0.030036831 
386 520 8 9 0.030008692 
952 478 7 9 0.03000466 
258 374 6 8 0.029999603 
360 472 9 10 0.029991543 
495 535 8 9 0.029985746 
946 407 7 9 0.029980065 
743 528 8 10 0.029958986 
65 503 8 11 0.029941767 
732 655 10 14 0.029936602 
210 344 6 9 0.029924765 
782 487 7 9 0.029918132 
1006 542 9 12 0.029909246 
417 455 7 9 0.029895347 
519 550 8 10 0.029856335 
592 559 9 10 0.029852632 
888 341 9 10 0.029847732 
416 691 12 19 0.029845715 
94 708 15 18 0.029830022 
837 630 10 12 0.02982565 
504 470 7 9 0.029805934 
368 462 7 9 0.029802985 
217 556 9 10 0.029802907 
871 705 26 31 0.02977795 
822 673 15 21 0.02975917 
710 596 8 11 0.029741582 
668 670 20 26 0.02970589 
81 583 8 11 0.029702025 
481 455 7 8 0.029635387 
171 724 16 21 0.029613592 
296 527 7 10 0.029600961 
40 424 7 9 0.02959926 
976 416 7 9 0.029586198 
968 427 8 11 0.02957656 
358 613 9 11 0.029560804 
89 376 7 10 0.029557673 
576 399 6 9 0.029536024 
174 430 7 8 0.029531863 
957 96 47 61 0.029516751 
147 597 8 11 0.029495504 
201 504 7 8 0.029485364 
759 560 9 9 0.029467186 
320 432 6 8 0.029466983 
799 406 7 9 0.02945442 
215 367 7 8 0.029444443 
99 713 14 18 0.029437488 
945 524 8 11 0.029434027 
784 619 10 13 0.029418182 
726 655 11 13 0.029395672 
342 551 8 10 0.029393826 
841 416 7 9 0.029378867 
342 496 8 11 0.029348098 
400 455 7 8 0.029332548 
193 393 7 9 0.029329248 
240 543 8 10 0.029321874 
248 496 7 9 0.0293185 
879 401 7 8 0.029294314 
592 423 8 10 0.02929213 
110 622 8 12 0.029291373 
992 495 7 10 0.02927266 
511 533 8 10 0.029270263 
770 534 8 10 0.029268362 
522 462 7 9 0.029235022 
767 661 19 27 0.029226892 
943 551 8 9 0.02921983 
816 508 8 10 0.029172134 
183 360 7 9 0.029167255 
921 568 8 11 0.029167233 
336 683 13 17 0.029151207 
834 734 14 22 0.02914357 
601 617 17 24 0.02913879 
112 360 8 9 0.029132873 
254 574 9 12 0.029130008 
717 645 13 15 0.029122153 
407 448 7 9 0.029093169 
727 517 7 10 0.029087856 
913 489 7 10 0.029073969 
1005 623 19 26 0.029071301 
79 358 7 10 0.029058767 
368 614 7 10 0.029034544 
611 584 7 10 0.029022189 
873 513 7 10 0.028995294 
169 398 7 9 0.028988574 
328 384 7 9 0.028973425 
289 433 7 9 0.028966796 
762 430 7 10 0.028942175 
14 431 8 10 0.028939804 
38 511 8 11 0.028903922 
222 557 8 10 0.028898915 
229 606 10 14 0.02885144 
322 683 13 18 0.02884217 
883 657 15 19 0.028820021 
948 588 14 17 0.028815515 
991 510 8 10 0.028810766 
888 484 8 10 0.02879625 
206 440 6 8 0.028789865 
63 542 9 11 0.028779324 
318 378 7 8 0.028774789 
886 677 16 19 0.028769236 
494 487 7 10 0.028764319 
856 468 7 10 0.028737767 
906 504 8 10 0.028725296 
168 334 7 10 0.02871648 
654 487 8 9 0.02871047 
352 512 8 10 0.028689561 
133 612 10 12 0.02868233 
193 455 7 9 0.028654398 
648 431 7 9 0.028653705 
871 439 7 9 0.028650725 
869 480 8 11 0.028621579 
475 690 21 28 0.028596878 
77 455 7 9 0.028586444 
814 721 23 33 0.028586386 
184 613 9 11 0.028575692 
934 455 7 9 0.028559871 
336 454 7 10 0.028555367 
576 551 9 11 0.028548354 
272 384 7 9 0.028544297 
261 368 7 9 0.02852516 
904 510 8 10 0.028519971 
767 560 8 10 0.028514866 
558 389 8 9 0.028503774 
390 415 7 10 0.028489582 
926 716 24 33 0.028481398 
722 615 9 12 0.028473176 
385 448 8 9 0.0284594 
897 536 8 10 0.02839771 
188 739 15 18 0.02838332 
201 544 8 10 0.02837495 
607 422 8 9 0.028368529 
1001 582 10 13 0.028337305 
270 503 8 11 0.028322667 
438 544 8 10 0.02831527 
678 326 9 11 0.028301796 
713 342 8 9 0.028297547 
70 425 8 9 0.028293343 
287 455 8 10 0.028282182 
207 471 8 10 0.028261933 
464 431 8 10 0.028237287 
705 622 8 10 0.028170774 
434 528 8 9 0.028169561 
616 501 8 10 0.028146375 
409 622 8 11 0.028108949 
710 544 9 10 0.028079253 
847 559 7 9 0.028051753 
507 695 18 28 0.02804989 
519 423 8 10 0.028047325 
304 464 7 9 0.028039405 
626 446 7 9 0.028024614 
463 585 17 24 0.027988082 
806 534 7 10 0.027974926 
543 581 8 9 0.027968176 
174 518 9 11 0.027957806 
760 495 7 10 0.02794327 
383 566 8 9 0.027937107 
229 543 8 10 0.027909078 
564 657 13 16 0.027902158 
906 529 7 8 0.027894547 
502 375 8 10 0.027891599 
533 575 9 10 0.027880032 
583 430 7 10 0.02787322 
118 533 9 11 0.02787047 
907 311 12 15 0.02786662 
126 367 9 10 0.027849223 
176 447 7 10 0.027836505 
246 577 18 23 0.027833996 
496 353 8 9 0.02782797 
186 424 8 9 0.027807157 
633 428 7 10 0.027781503 
702 478 7 10 0.027747253 
119 527 9 12 0.027734756 
623 533 8 9 0.02771975 
322 400 6 9 0.027704122 
305 634 11 15 0.02768727 
87 400 8 9 0.027656175 
281 393 6 7 0.02765607 
584 456 6 9 0.027637145 
288 446 8 9 0.027635377 
594 722 16 21 0.027603246 
567 623 9 11 0.027583722 
76 613 11 14 0.027583044 
703 542 8 10 0.027575288 
630 684 14 18 0.027568705 
575 527 8 10 0.02756294 
303 385 6 8 0.027561288 
839 652 15 17 0.027555998 
761 487 8 10 0.02755262 
864 527 7 10 0.027523136 
591 526 9 11 0.027515894 
450 637 10 13 0.027462961 
646 391 6 9 0.027461948 
1008 610 12 15 0.027444052 
270 494 7 9 0.027442764 
119 641 12 17 0.0274187 
717 445 8 11 0.027411997 
465 478 7 9 0.027407436 
713 528 8 9 0.027392212 
663 552 7 10 0.027385494 
314 503 7 10 0.02738407 
871 447 7 9 0.027383288 
903 390 7 9 0.027382145 
329 423 7 9 0.027360689 
146 549 8 10 0.027335988 
854 389 7 10 0.027327187 
552 390 8 9 0.02731228 
929 440 7 9 0.027308414 
487 414 8 10 0.027296657 
672 487 7 9 0.027289541 
995 620 12 16 0.027278159 
126 470 8 11 0.02727801 
606 376 7 8 0.027269514 
946 432 6 8 0.02726942 
535 408 8 9 0.027267067 
800 353 7 9 0.027262626 
120 518 8 10 0.027260672 
175 416 6 9 0.02725181 
775 624 10 12 0.027249843 
167 358 8 10 0.027236363 
777 384 7 8 0.027229788 
232 360 6 7 0.027222898 
768 415 7 9 0.027214477 
606 534 9 10 0.027197843 
736 345 8 10 0.027197303 
296 456 7 9 0.027172698 
497 400 7 9 0.02715847 
649 510 7 9 0.02714411 
600 551 7 10 0.027133476 
783 596 9 11 0.027117172 
942 439 8 9 0.027110817 
241 368 7 9 0.027091991 
3 447 8 11 0.027090678 
800 543 7 9 0.027042191 
440 399 7 9 0.027003111 
152 557 8 10 0.026967691 
295 430 7 10 0.026933298 
782 399 8 11 0.02692614 
505 480 7 9 0.026913436 
358 598 8 10 0.026907241 
952 552 8 10 0.026906397 
685 674 21 26 0.02688993 
784 520 7 9 0.026887204 
249 383 6 8 0.02688358 
323 700 24 29 0.02687988 
295 534 7 9 0.026863884 
614 560 8 9 0.026850162 
62 550 9 11 0.026849264 
690 496 7 9 0.026844611 
807 399 7 10 0.02683705 
220 661 15 17 0.026830895 
64 486 8 10 0.026801722 
752 461 7 9 0.026788676 
290 422 7 8 0.026777817 
8 440 8 11 0.02676945 
306 448 7 9 0.026762722 
392 584 7 10 0.026739199 
312 495 6 9 0.0267306 
727 576 8 10 0.026725104 
345 464 6 9 0.026723912 
897 440 7 9 0.026718985 
354 391 7 8 0.026703538 
898 456 7 10 0.026695266 
130 488 6 8 0.026659317 
616 591 7 10 0.026639251 
520 477 6 9 0.026638506 
816 607 18 22 0.026618462 
889 727 16 22 0.026616298 
510 463 7 8 0.026613772 
64 591 9 11 0.026611315 
477 615 10 12 0.026587518 
191 623 9 12 0.02657529 
625 391 8 9 0.026554057 
303 526 8 10 0.026541354 
377 577 8 10 0.026541192 
990 446 9 12 0.026536899 
962 407 6 8 0.026536671 
296 472 7 9 0.026531277 
377 488 7 9 0.026520576 
720 365 7 9 0.026518768 
510 431 8 10 0.026513329 
228 630 11 13 0.026504338 
489 519 8 10 0.0264962 
553 361 7 9 0.026475051 
72 551 7 10 0.026441177 
575 375 7 9 0.026408216 
-2 667 9 16 0.026384491 
144 613 10 11 0.026378794 
925 598 12 14 0.026368598 
529 706 20 26 0.026363125 
616 392 7 9 0.026345788 
970 519 7 11 0.026345525 
657 399 7 9 0.026306272 
358 538 18 23 0.026297776 
488 636 9 12 0.02629743 
281 433 7 9 0.02628814 
543 423 8 9 0.02628057 
529 599 9 11 0.026250707 
848 637 12 16 0.0262468 
78 573 8 10 0.026224716 
408 629 10 13 0.026217073 
743 569 7 9 0.026208993 
791 590 9 11 0.026198905 
592 454 8 10 0.02619787 
146 431 7 9 0.026193885 
512 589 8 10 0.026185745 
774 447 7 9 0.026174275 
494 663 21 25 0.026158728 
929 668 17 22 0.0261492 
815 438 8 10 0.02614651 
654 375 8 10 0.026144128 
551 553 8 10 0.026143331 
576 557 8 10 0.026139555 
375 384 7 8 0.02613152 
937 713 24 31 0.026127622 
968 525 8 11 0.026107054 
793 382 7 9 0.026100084 
760 389 7 9 0.026097517 
822 586 8 9 0.026078923 
160 455 7 9 0.026077816 
232 381 6 9 0.026063893 
72 401 8 10 0.02605921 
846 470 7 10 0.026043227 
369 376 7 8 0.02603804 
113 534 8 10 0.026036175 
753 384 7 9 0.026032535 
399 604 9 12 0.026031086 
576 480 7 9 0.026022594 
887 351 7 9 0.026019778 
503 566 7 9 0.026003499 
599 607 8 10 0.026001101 
685 629 11 13 0.025992457 
1010 497 9 11 0.025981972 
736 457 8 8 0.025971184 
312 526 9 11 0.025961528 
941 617 13 17 0.025947213 
647 382 8 10 0.025945 
143 406 8 9 0.025937846 
889 329 8 10 0.025933966 
838 574 8 10 0.025927924 
591 509 8 11 0.025916362 
302 596 9 12 0.025915245 
104 592 8 10 0.025912479 
674 432 7 9 0.025904346 
185 524 8 11 0.025897415 
497 556 8 11 0.025896134 
984 541 10 13 0.025890613 
161 477 7 9 0.025887951 
808 454 7 9 0.025877042 
777 433 7 9 0.025868759 
808 405 7 10 0.025843136 
96 686 14 19 0.025839062 
550 714 28 35 0.025835043 
411 667 13 17 0.025829665 
343 518 8 10 0.02582946 
584 511 8 10 0.025823936 
105 479 8 10 0.025822623 
448 392 7 9 0.025802957 
350 472 8 10 0.025798459 
249 424 6 9 0.025797851 
359 495 8 11 0.025772482 
353 494 7 10 0.025770327 
841 519 8 9 0.025762796 
151 392 7 8 0.025742507 
199 424 7 9 0.025738735 
817 375 8 9 0.025727533 
919 596 10 13 0.025713531 
385 415 8 9 0.025701478 
327 480 7 10 0.025698593 
31 536 8 9 0.025695706 
695 487 7 9 0.025694892 
503 496 7 9 0.025670867 
1009 565 19 27 0.025665853 
154 415 7 10 0.025653875 
568 399 6 9 0.025633892 
577 470 7 10 0.02561407 
177 359 8 9 0.02561106 
808 478 7 10 0.025607513 
168 454 8 9 0.025592798 
969 493 8 10 0.02559242 
530 376 6 8 0.025588473 
383 614 8 11 0.025579402 
873 389 7 9 0.025576608 
29 565 10 12 0.025570154 
512 497 7 9 0.025554847 
399 565 8 10 0.025544085 
871 524 9 10 0.025542345 
111 517 8 10 0.025527827 
795 486 7 11 0.025520887 
351 406 7 9 0.025516467 
463 605 8 11 0.025505206 
185 383 6 8 0.025494298 
9 480 7 10 0.025482524 
264 503 9 11 0.025458334 
103 486 8 9 0.025433911 
32 465 6 9 0.025430445 
73 357 7 10 0.025400003 
806 630 11 14 0.025384651 
479 592 8 10 0.025374902 
802 511 7 10 0.025362117 
384 406 7 9 0.02535809 
64 400 7 9 0.025337648 
988 605 20 26 0.025326598 
488 655 11 15 0.025322614 
735 486 7 10 0.025299339 
859 621 11 13 0.025296535 
241 574 7 10 0.025292207 
504 520 8 10 0.0252888 
490 524 8 10 0.025268191 
814 480 8 9 0.02525925 
726 534 8 10 0.025251592 
831 544 7 9 0.025245236 
679 472 8 9 0.025205167 
128 623 9 11 0.025159622 
653 655 20 23 0.025145788 
479 392 7 9 0.025118597 
305 454 7 10 0.02510994 
617 431 8 9 0.025107488 
706 628 9 12 0.02505586 
430 651 11 15 0.025030093 
290 375 7 9 0.025026381 
424 477 7 9 0.025021775 
351 377 6 8 0.025007494 
849 628 12 14 0.025004307 
1004 548 10 13 0.024998939 
168 448 8 10 0.024994688 
89 448 7 9 0.024975715 
826 677 24 31 0.02496955 
989 654 11 15 0.024962673 
334 518 9 11 0.0249493 
88 615 18 22 0.024941541 
338 472 7 10 0.024940077 
143 527 8 10 0.024939999 
1007 557 10 13 0.024934761 
688 463 6 8 0.024919165 
393 464 6 8 0.024909534 
552 616 11 13 0.024903812 
470 455 7 10 0.024903474 
87 382 7 9 0.0248983 
207 556 8 11 0.024897465 
705 423 7 9 0.024885401 
877 616 9 12 0.024871537 
822 544 8 10 0.024861077 
661 399 8 10 0.024859363 
102 494 8 10 0.024856374 
822 503 8 10 0.024839777 
719 455 7 8 0.024838828 
893 327 8 10 0.024836686 
625 439 7 9 0.024834834 
575 592 7 9 0.024833497 
311 487 7 9 0.024833078 
253 383 20 27 0.024826221 
416 592 7 9 0.024823405 
41 680 14 16 0.024815336 
423 383 7 10 0.024805045 
992 555 10 13 0.024771018 
778 636 13 14 0.024769764 
674 558 7 9 0.024769442 
747 715 15 20 0.024762923 
46 540 8 10 0.024753954 
887 455 7 10 0.024747876 
192 488 7 9 0.024732666 
400 488 8 9 0.024719028 
794 359 8 10 0.024710683 
96 564 9 10 0.024695342 
737 550 8 11 0.024670456 
56 470 7 9 0.024663847 
991 399 7 9 0.024654564 
519 496 7 9 0.02464298 
850 336 8 10 0.02464038 
297 462 7 9 0.02463715 
737 447 7 9 0.024637122 
223 416 7 8 0.024613075 
895 687 18 22 0.024598671 
193 430 7 9 0.024580827 
795 641 13 17 0.024567425 
870 583 9 11 0.024558006 
477 581 8 11 0.024544753 
232 398 7 9 0.024538113 
9 567 8 11 0.024514876 
825 399 7 9 0.024498692 
801 471 7 9 0.024492487 
414 603 9 11 0.024479825 
642 358 7 10 0.024465604 
293 559 9 10 0.0244582 
921 511 8 10 0.024455901 
63 463 7 10 0.02444032 
875 677 14 18 0.024416229 
207 489 8 10 0.024387565 
54 590 9 12 0.02438654 
793 495 8 9 0.024351662 
506 673 24 30 0.02435147 
833 375 7 8 0.024348024 
759 550 7 9 0.024344796 
434 407 8 10 0.024336183 
897 391 7 9 0.024322346 
910 423 8 9 0.02431944 
79 351 8 11 0.024306085 
58 423 7 9 0.024302907 
997 554 11 13 0.024301207 
113 349 7 10 0.024298493 
391 568 8 10 0.024287535 
623 495 7 10 0.024287472 
288 390 6 8 0.02428247 
848 622 10 12 0.024281174 
197 725 12 18 0.02426247 
761 399 7 9 0.02424842 
265 527 7 10 0.024239788 
313 519 8 10 0.024238221 
217 397 8 9 0.024191374 
119 350 8 9 0.024187984 
701 657 20 25 0.024179952 
375 446 7 8 0.024177251 
45 519 9 11 0.024153179 
317 527 8 10 0.02414838 
47 485 8 10 0.024140364 
422 635 9 13 0.024135988 
206 409 8 9 0.024125742 
559 461 7 9 0.02411092 
879 663 13 19 0.024109457 
568 415 7 9 0.024108974 
87 464 7 9 0.024107954 
824 368 6 9 0.02410736 
259 719 14 20 0.024093412 
274 373 7 9 0.024090536 
329 518 8 11 0.024086205 
574 637 10 13 0.02408152 
569 502 8 9 0.02407128 
760 352 7 9 0.024063276 
519 397 8 10 0.024058858 
473 391 7 9 0.024049804 
806 527 8 10 0.024034621 
221 698 12 15 0.02402898 
225 406 8 10 0.02402804 
544 415 7 10 0.024021493 
415 431 9 10 0.02401272 
910 509 8 9 0.02400683 
528 528 8 10 0.023991851 
520 603 10 13 0.02396198 
463 359 7 8 0.023950595 
61 415 8 9 0.023948306 
352 541 8 10 0.02394529 
478 605 9 11 0.023918668 
192 650 12 16 0.023906047 
726 416 8 9 0.023875112 
218 439 8 9 0.023867624 
851 733 17 22 0.023850445 
232 501 8 10 0.023850393 
326 583 8 11 0.023841536 
295 439 7 10 0.023839442 
914 128 17 18 0.023833621 
448 486 8 10 0.023827074 
206 670 9 14 0.023797907 
360 501 7 9 0.023797808 
752 319 8 9 0.023796162 
255 359 7 8 0.02379469 
247 464 7 9 0.02379233 
901 472 8 9 0.023777451 
741 582 9 11 0.023750959 
335 650 12 16 0.0237478 
951 542 9 11 0.023742063 
681 606 9 12 0.023741582 
79 400 7 9 0.023729172 
199 488 8 9 0.023726601 
666 449 8 9 0.023712644 
767 494 8 10 0.023699475 
862 335 6 9 0.023675295 
756 717 14 18 0.02367305 
338 722 17 24 0.023664774 
480 573 8 10 0.023642497 
130 423 7 9 0.023633137 
498 585 7 10 0.023632882 
637 576 9 11 0.023622293 
279 407 7 9 0.023619201 
295 415 7 9 0.023594873 
913 471 7 9 0.023589496 
102 449 7 8 0.02358394 
142 496 8 9 0.023565201 
976 627 10 13 0.02355862 
375 455 6 8 0.023556938 
783 528 7 9 0.023554528 
330 456 7 8 0.023553466 
301 685 16 22 0.023542916 
390 495 8 10 0.023538195 
559 424 8 10 0.023532232 
920 502 9 11 0.023531346 
98 433 7 9 0.023515508 
280 448 7 9 0.023510996 
617 465 8 9 0.023497092 
111 455 7 10 0.023482917 
272 446 7 9 0.023482757 
353 517 7 9 0.023464886 
920 536 7 9 0.023460222 
721 318 8 10 0.023458103 
760 446 8 10 0.02345713 
142 480 8 10 0.023454372 
391 385 7 9 0.023438849 
959 440 8 10 0.023437811 
986 454 8 11 0.02342356 
478 544 8 10 0.023414645 
865 392 6 8 0.023400817 
292 715 14 19 0.023395909 
793 367 8 9 0.02336258 
296 479 7 10 0.023359079 
204 613 9 11 0.023305086 
911 566 8 10 0.023302237 
838 360 8 9 0.023301728 
801 612 9 10 0.023293616 
192 478 7 8 0.023293551 
88 480 7 9 0.023291698 
545 453 7 9 0.02325546 
625 456 7 10 0.02325531 
45 696 14 17 0.02324054 
773 318 10 11 0.023234706 
680 543 8 10 0.02323247 
606 646 8 11 0.023227304 
761 521 8 10 0.023220865 
703 456 7 9 0.02321582 
262 690 13 18 0.023207732 
126 519 8 9 0.023206921 
456 328 7 8 0.0232064 
257 485 8 11 0.023174345 
95 528 7 10 0.023167651 
407 567 9 10 0.023166336 
441 471 7 9 0.023145698 
223 384 7 9 0.023134781 
609 588 8 11 0.023131376 
753 390 7 9 0.023112573 
920 657 15 22 0.02311155 
126 527 8 11 0.023104982 
401 406 7 10 0.023096193 
200 358 7 9 0.02309533 
447 560 8 9 0.023094827 
7 400 8 10 0.023092523 
343 441 7 9 0.023091514 
30 574 9 11 0.023090024 
223 445 7 10 0.02307647 
600 489 8 9 0.023060925 
489 487 8 10 0.023050882 
543 488 8 10 0.023042211 
221 650 14 18 0.02304013 
1014 526 11 16 0.023006411 
614 477 7 10 0.022990271 
923 580 10 12 0.022983246 
356 696 16 19 0.022971902 
618 669 13 16 0.022961825 
23 456 7 9 0.022940297 
263 416 8 9 0.022939665 
820 618 11 14 0.022938991 
63 527 7 10 0.02292879 
64 454 8 9 0.022921624 
672 542 8 11 0.022913698 
489 511 7 10 0.022913346 
79 439 7 9 0.022886956 
974 589 9 13 0.022885788 
122 456 7 9 0.022881236 
710 568 7 9 0.022876177 
161 367 7 9 0.022869762 
154 495 7 9 0.022869265 
719 598 8 10 0.02285854 
290 658 14 18 0.022849955 
736 320 8 11 0.022849584 
801 518 7 10 0.022832135 
815 463 8 9 0.02283146 
231 584 9 11 0.022821099 
552 669 11 15 0.022800814 
280 437 7 9 0.022799022 
366 526 8 11 0.022798015 
450 422 8 9 0.02279142 
514 567 8 10 0.022766937 
800 400 7 9 0.022760047 
954 690 25 29 0.02275723 
29 616 18 23 0.022755403 
5 699 15 19 0.022754481 
820 688 15 20 0.02274814 
773 721 14 21 0.022738442 
637 614 8 10 0.022731248 
831 528 7 10 0.022717187 
368 455 7 9 0.022702644 
839 383 7 9 0.022674322 
881 471 9 10 0.022666845 
81 328 6 9 0.022641819 
489 469 8 10 0.02264148 
344 366 7 9 0.022625806 
712 352 8 10 0.022623548 
1005 654 19 28 0.022613347 
103 564 8 10 0.022606358 
1000 647 11 16 0.022603385 
600 652 9 13 0.022596698 
919 495 8 10 0.022578074 
218 494 8 10 0.022577098 
239 393 6 8 0.02257476 
960 424 7 9 0.022558268 
345 415 7 9 0.02253972 
601 441 7 9 0.022527538 
416 390 7 8 0.02250637 
549 637 11 14 0.02249281 
226 376 6 8 0.022475297 
240 583 10 12 0.022473268 
639 430 7 9 0.022470383 
599 593 8 10 0.02247032 
240 495 8 10 0.02244365 
255 351 7 8 0.022440579 
631 636 10 13 0.022429224 
576 415 7 9 0.022417895 
179 712 20 26 0.022416491 
34 456 7 9 0.022410862 
409 658 14 18 0.022405228 
320 571 7 10 0.022395575 
589 672 11 13 0.02236999 
624 424 7 9 0.022369687 
591 629 8 11 0.02233794 
622 614 10 12 0.02233452 
895 627 20 25 0.022307744 
817 569 8 10 0.022277541 
384 454 8 9 0.022277303 
98 519 7 9 0.022226917 
709 623 8 10 0.022219129 
440 680 20 23 0.022209853 
528 533 7 9 0.022199916 
933 643 14 22 0.022197863 
559 472 8 9 0.022184726 
752 343 8 9 0.022176709 
709 550 10 11 0.022167819 
768 573 8 10 0.022166839 
841 535 8 10 0.022163194 
95 575 7 9 0.022147117 
865 503 7 9 0.022145525 
112 527 8 10 0.022139898 
319 598 9 11 0.022134222 
432 479 7 9 0.022130009 
49 501 8 11 0.022116754 
678 634 11 14 0.022115292 
192 511 7 9 0.02211138 
903 540 7 10 0.022078998 
244 614 9 12 0.022063125 
208 351 7 9 0.02205813 
904 552 9 10 0.022041453 
544 320 7 10 0.022041103 
184 335 8 10 0.02204012 
792 327 7 9 0.022031687 
793 479 7 9 0.022022836 
169 383 7 9 0.022019964 
958 646 20 30 0.022006018 
637 588 9 11 0.022003192 
6 692 13 16 0.021996723 
0 532 8 10 0.021995986 
185 545 8 10 0.021982592 
584 417 7 9 0.02198007 
958 519 9 11 0.021979792 
185 392 7 9 0.021929445 
828 319 8 10 0.021928959 
318 415 7 8 0.021911558 
314 566 9 11 0.021896454 
838 598 10 12 0.021881534 
388 697 20 25 0.021877075 
633 566 8 10 0.021873062 
46 611 10 14 0.021859918 
619 623 19 24 0.021853555 
191 592 9 10 0.02184739 
169 432 7 8 0.021827936 
944 413 8 10 0.021825619 
470 471 7 9 0.021823993 
710 367 8 10 0.021818765 
374 576 20 26 0.02180974 
375 472 8 11 0.02180378 
215 488 8 9 0.021797555 
118 591 9 11 0.021793377 
433 637 10 13 0.021785924 
765 584 9 11 0.021778286 
789 549 8 10 0.021775473 
319 407 6 8 0.021768272 
830 485 8 9 0.02175176 
506 576 8 10 0.021751272 
872 602 10 13 0.021746159 
417 400 7 9 0.021742212 
86 628 10 14 0.021736639 
958 472 9 10 0.021723686 
24 589 9 12 0.021723421 
364 544 9 11 0.021713762 
591 623 8 10 0.02170876 
166 527 8 10 0.021706572 
401 384 8 9 0.021701954 
607 605 8 11 0.0216777 
337 567 18 24 0.021661658 
638 398 7 9 0.021654455 
198 376 7 9 0.021641728 
9 407 8 9 0.021619154 
797 374 7 10 0.02161505 
544 464 7 9 0.021607982 
513 316 7 10 0.021604046 
943 564 10 11 0.02160106 
943 448 8 10 0.021586763 
334 678 12 15 0.021583047 
526 361 6 8 0.021569347 
712 635 10 13 0.021566147 
969 503 8 11 0.021554409 
566 596 9 12 0.021551376 
181 652 10 13 0.021542003 
561 647 10 14 0.02154003 
294 646 10 12 0.021536946 
870 485 8 10 0.021529188 
901 448 19 25 0.02152866 
433 607 9 10 0.021525862 
359 477 8 10 0.021523442 
686 613 10 12 0.02151336 
725 646 10 13 0.021500178 
368 383 7 8 0.02149264 
727 319 8 10 0.021487333 
422 519 8 9 0.021486122 
705 326 9 11 0.02146703 
559 374 7 10 0.02145182 
874 367 6 9 0.021447165 
338 580 9 11 0.021435656 
471 576 7 9 0.021435108 
137 399 8 10 0.021433974 
278 368 7 8 0.021431979 
758 312 8 11 0.0213918 
239 632 12 15 0.021386154 
378 434 7 8 0.021385087 
553 376 6 8 0.021380987 
760 471 7 10 0.021370005 
56 446 7 9 0.021369785 
400 535 7 9 0.02136104 
751 606 17 23 0.021353811 
174 382 8 9 0.021341965 
250 432 19 26 0.02133515 
430 447 7 9 0.021333436 
697 572 8 10 0.02132651 
665 480 7 9 0.021316918 
567 629 10 13 0.021316241 
38 613 9 13 0.02130524 
113 390 8 9 0.021293616 
919 551 7 10 0.021291493 
831 343 7 9 0.021275595 
964 567 9 12 0.02125008 
598 559 8 9 0.021225607 
706 437 7 10 0.021222327 
161 519 6 8 0.021221943 
703 558 7 9 0.021219108 
815 416 7 9 0.021209726 
664 518 7 10 0.021204127 
895 623 10 13 0.021196635 
55 502 8 11 0.021194547 
997 519 9 11 0.021191783 
586 584 8 10 0.021191102 
819 637 11 15 0.021186769 
200 669 11 15 0.021180777 
538 486 7 9 0.021173097 
633 439 7 10 0.021171786 
799 734 14 22 0.021170346 
32 439 7 10 0.021149136 
38 627 10 12 0.021145418 
825 325 7 9 0.02114122 
854 359 7 10 0.021127919 
231 407 7 9 0.021112505 
198 532 8 11 0.021104524 
257 534 7 9 0.021102361 
696 472 7 9 0.021090776 
159 433 7 9 0.021073634 
410 375 7 9 0.021061635 
795 668 14 19 0.021049332 
96 599 9 11 0.02104326 
79 541 9 11 0.021016028 
242 566 9 11 0.021015428 
791 629 10 13 0.021007895 
924 607 20 25 0.020998184 
159 503 8 9 0.020998023 
391 454 8 9 0.020985723 
880 525 8 10 0.020981884 
273 559 8 10 0.020979851 
81 303 7 9 0.020975042 
542 504 7 10 0.020973202 
449 692 17 22 0.020970253 
679 627 12 15 0.020969331 
592 542 8 9 0.020955212 
190 504 7 9 0.020945372 
541 598 7 11 0.020939423 
826 341 7 10 0.02091262 
352 674 22 26 0.020890644 
422 650 10 15 0.020886555 
7 557 10 12 0.02087184 
829 469 8 10 0.020869322 
565 608 9 11 0.020861547 
505 503 7 9 0.020859787 
112 336 7 10 0.020858968 
216 415 8 9 0.020858878 
198 367 8 9 0.020856196 
519 576 19 25 0.020835675 
238 648 14 17 0.020830754 
205 599 9 12 0.020825444 
86 683 14 18 0.020819275 
798 560 9 11 0.020817483 
192 599 8 10 0.02081034 
349 372 378 421 0.020797575 
365 558 9 11 0.02079203 
142 457 19 24 0.020784633 
345 391 6 8 0.02076409 
815 455 8 10 0.020761494 
470 416 18 25 0.020749085 
39 525 9 11 0.020743594 
294 635 10 13 0.020738885 
872 496 7 9 0.020735787 
817 596 8 11 0.020730022 
264 535 7 10 0.020716043 
184 519 8 11 0.020712852 
852 590 9 12 0.020704854 
492 612 11 13 0.02070416 
88 722 18 21 0.020704012 
169 518 7 9 0.020696504 
675 387 11 14 0.020692231 
40 536 8 10 0.020674443 
832 350 7 9 0.020672753 
579 360 6 9 0.02066777 
396 621 11 13 0.02066612 
840 510 7 9 0.020655258 
967 470 9 12 0.020655064 
761 374 7 9 0.020647174 
480 310 7 9 0.020644303 
61 661 10 13 0.020641573 
609 471 8 10 0.020631913 
352 463 7 8 0.020628132 
709 325 9 11 0.02061851 
606 391 7 9 0.020604327 
960 487 7 10 0.02059775 
130 439 7 9 0.020594655 
128 400 7 8 0.020589333 
80 310 7 10 0.020580644 
584 714 24 31 0.020578068 
948 626 14 16 0.020569535 
327 462 8 10 0.020564958 
792 353 8 8 0.020562224 
854 350 7 10 0.020535998 
231 511 9 11 0.020533085 
1010 490 19 26 0.020532845 
498 657 13 17 0.020520667 
40 446 8 10 0.020505004 
872 627 11 15 0.020503374 
457 567 8 10 0.02049986 
504 319 7 9 0.020475887 
953 463 8 10 0.02047303 
583 671 10 14 0.020472007 
898 463 7 8 0.020459756 
241 432 7 9 0.020458795 
573 645 10 13 0.02045353 
253 682 15 18 0.020451358 
278 470 7 10 0.020446204 
697 334 7 8 0.020441003 
569 470 8 10 0.020440046 
57 407 7 9 0.020435313 
233 440 7 10 0.020434562 
830 518 7 9 0.020416172 
825 407 7 8 0.020412479 
730 495 8 10 0.02041034 
714 40 9 12 0.02040709 
915 693 16 22 0.020392034 
161 464 7 9 0.020379812 
1002 636 19 26 0.020375356 
984 496 8 10 0.020369533 
382 597 9 10 0.020360554 
139 669 15 16 0.020349486 
551 518 8 9 0.020348031 
216 360 7 9 0.020338848 
61 669 12 16 0.02032003 
280 501 8 10 0.020319868 
25 446 7 9 0.020319708 
870 304 8 11 0.020311676 
758 344 7 8 0.020297343 
833 620 10 12 0.020291643 
414 630 10 13 0.020287167 
662 607 18 23 0.02028441 
679 320 9 11 0.0202799 
543 591 8 10 0.020277655 
585 392 6 8 0.020276627 
95 480 7 9 0.020270718 
857 693 25 31 0.02027049 
776 560 7 10 0.020264396 
592 519 8 10 0.020250669 
656 616 8 10 0.020245155 
314 509 8 11 0.020239098 
904 594 11 14 0.020232249 
887 696 24 28 0.02023101 
386 422 7 9 0.020214325 
207 423 8 9 0.02020469 
111 542 8 10 0.020204052 
782 565 8 11 0.020187965 
880 503 8 10 0.020185418 
42 739 17 21 0.020182405 
317 621 9 12 0.020173496 
824 351 8 10 0.020168053 
721 416 7 8 0.020167926 
679 439 7 9 0.020164635 
94 582 8 11 0.020162484 
260 670 18 22 0.020142691 
489 503 6 9 0.020112833 
921 611 12 14 0.02008587 
82 335 7 8 0.020078694 
870 680 15 20 0.020065187 
212 708 12 15 0.020046536 
662 581 8 9 0.020043232 
786 317 7 10 0.020041773 
768 408 7 9 0.020041158 
289 571 9 11 0.020040534 
816 496 8 9 0.020030353 
569 497 7 9 0.020021187 
135 623 10 11 0.020005466 
