10_People_Marching_People_Marching_2_316
25
24 -11 200 241 0.9971547 
365 112 234 196 0.224462 
386 74 126 132 0.18062289 
851 15 69 75 0.17338508 
94 -1 247 274 0.16929945 
718 263 131 175 0.15848379 
414 119 132 130 0.07383007 
-7 263 425 467 0.060814593 
648 -8 221 211 0.059620548 
895 258 71 79 0.053234074 
362 325 237 311 0.049559318 
415 84 79 84 0.048369005 
892 212 104 136 0.03966231 
335 18 377 382 0.030965224 
255 217 446 438 0.029307999 
791 63 197 213 0.02906604 
935 606 39 32 0.028173361 
381 386 132 188 0.02531737 
382 257 130 135 0.024869988 
7 183 28 42 0.024180379 
918 595 115 113 0.024026848 
88 172 209 228 0.02391949 
0 260 44 69 0.023837844 
166 136 212 223 0.022801405 
254 36 196 228 0.021455761 
