10_People_Marching_People_Marching_2_935
47
375 293 204 329 0.9998417 
859 227 193 309 0.33720347 
920 1020 36 41 0.27111712 
75 102 193 225 0.23893058 
35 438 175 243 0.16794303 
100 172 123 140 0.1456308 
113 779 56 69 0.14541061 
818 452 186 235 0.1002866 
775 926 33 43 0.09228512 
912 984 66 72 0.08699293 
830 840 27 30 0.0772026 
161 380 232 271 0.07535081 
42 1472 54 64 0.07331578 
30 1262 121 175 0.057534117 
249 462 113 125 0.051339786 
756 172 341 461 0.04840778 
799 1027 30 33 0.045998298 
926 297 101 205 0.04367154 
976 1015 35 39 0.040413685 
822 1074 58 67 0.03887183 
814 1082 191 222 0.033861272 
277 485 69 76 0.0337628 
546 97 67 54 0.031674426 
355 115 131 141 0.030676806 
570 1019 23 26 0.028378775 
531 85 103 96 0.028011963 
190 497 130 142 0.026870906 
903 963 56 64 0.026392136 
453 1390 11 11 0.025618495 
581 1384 13 14 0.024200032 
883 1016 51 53 0.02399983 
928 1008 63 60 0.0238757 
456 1142 12 18 0.023775972 
289 701 458 535 0.022966074 
578 848 44 49 0.021602446 
623 901 12 17 0.021585394 
924 986 40 45 0.021463636 
761 890 207 298 0.021309648 
301 335 188 288 0.021142514 
807 1039 56 55 0.021058308 
536 844 12 14 0.020773806 
670 771 371 468 0.020714916 
345 1322 86 110 0.020694965 
62 1257 171 247 0.020625558 
944 823 10 15 0.020552393 
454 1140 29 41 0.020439764 
10 359 290 406 0.020382758 
