10_People_Marching_People_Marching_2_259
772
326 250 13 17 0.9844131 
561 462 18 21 0.9670758 
748 416 13 17 0.9376101 
394 463 17 21 0.93305016 
398 365 13 17 0.92945385 
164 460 19 22 0.9269099 
802 407 13 18 0.9135709 
51 363 15 21 0.90776724 
678 464 15 19 0.8841948 
534 415 12 15 0.87787515 
420 408 16 20 0.872106 
485 158 10 12 0.8662251 
421 284 12 16 0.8599281 
205 404 15 19 0.8384915 
712 276 12 18 0.8320129 
450 469 16 19 0.830943 
146 402 16 21 0.8188845 
493 362 15 19 0.80700004 
610 365 15 17 0.8048421 
688 414 13 16 0.77807724 
282 470 16 20 0.7715233 
558 284 12 16 0.7653072 
365 204 9 12 0.7547249 
607 275 15 18 0.7544834 
638 421 14 17 0.7457143 
369 408 16 19 0.7315518 
262 404 14 19 0.71238947 
336 471 16 20 0.7089995 
628 257 12 16 0.6799616 
852 402 16 20 0.66500664 
787 464 14 17 0.6561145 
892 396 14 20 0.6501672 
734 463 15 19 0.63880295 
468 324 12 17 0.63397557 
473 406 16 19 0.63300073 
402 173 10 13 0.63119715 
625 206 9 12 0.6249882 
445 356 14 18 0.61671704 
347 357 14 18 0.614971 
555 355 14 17 0.6110198 
205 208 16 22 0.6011676 
226 463 16 18 0.5973416 
590 321 12 16 0.5837806 
620 467 14 19 0.58253187 
683 359 14 18 0.5744978 
588 197 11 15 0.57160854 
430 197 10 12 0.5624308 
568 175 9 12 0.524872 
942 413 14 20 0.5227492 
329 211 8 11 0.5149885 
764 197 9 11 0.50815755 
506 464 15 19 0.50338405 
484 309 10 14 0.48070636 
639 320 12 16 0.4700226 
431 262 11 14 0.46238235 
533 256 11 13 0.460888 
451 289 12 15 0.4272677 
886 465 14 17 0.40382352 
704 321 13 15 0.3992489 
850 390 24 29 0.39860138 
281 206 9 12 0.39604136 
708 219 9 12 0.3916934 
341 312 12 16 0.3911325 
362 275 14 20 0.38905382 
857 294 10 12 0.38712618 
666 206 10 14 0.3742221 
234 366 12 15 0.36720157 
590 421 13 17 0.35826665 
393 307 13 15 0.35463354 
626 341 12 16 0.34948575 
314 407 14 17 0.3261838 
297 365 11 14 0.31063882 
176 366 13 17 0.3017752 
671 417 11 14 0.30103663 
798 227 10 13 0.2919339 
802 355 14 18 0.28818953 
253 382 12 15 0.2874427 
456 424 13 17 0.27984017 
526 175 9 12 0.2769422 
475 265 15 18 0.2758601 
908 360 12 16 0.27356708 
483 386 12 15 0.27275163 
624 444 11 14 0.27202773 
684 258 15 18 0.2714326 
492 475 11 14 0.27121893 
918 361 13 17 0.26977983 
269 272 13 19 0.26369596 
464 381 13 17 0.2574392 
445 174 9 13 0.25544846 
495 432 15 20 0.24744718 
113 314 16 20 0.22970712 
701 378 11 15 0.22870633 
661 441 14 18 0.22844824 
665 276 15 19 0.22240268 
836 470 12 15 0.22181234 
284 259 17 19 0.21940728 
166 239 14 20 0.21551238 
429 340 14 19 0.21435277 
859 313 13 17 0.20931701 
368 392 21 26 0.2014871 
623 450 14 17 0.20099689 
499 290 10 13 0.2003449 
414 311 10 13 0.19363031 
403 429 13 16 0.19308646 
313 381 12 15 0.1906348 
932 385 12 15 0.18758263 
320 282 12 15 0.18703486 
637 414 14 16 0.18676536 
167 232 11 13 0.18025722 
582 486 13 16 0.16842912 
575 283 12 14 0.16795038 
746 354 13 17 0.16407457 
799 261 11 13 0.15638365 
348 312 11 15 0.15571155 
244 429 13 17 0.15233427 
597 388 12 16 0.15120947 
363 338 13 16 0.15118328 
699 302 13 15 0.15056808 
577 308 10 14 0.13970853 
529 315 12 15 0.13954665 
629 384 12 18 0.13449924 
792 243 11 15 0.13238275 
546 341 10 15 0.12984814 
340 459 15 19 0.12793466 
732 434 11 15 0.12709363 
1013 477 9 12 0.123273656 
282 315 14 17 0.12279289 
119 281 14 18 0.12231295 
314 393 15 19 0.12173803 
288 225 11 15 0.115679026 
350 431 14 18 0.11374086 
643 277 14 17 0.11238864 
93 463 15 19 0.109961905 
783 262 10 13 0.10860542 
355 364 12 15 0.10808104 
296 413 9 12 0.107246354 
555 200 16 17 0.105704494 
730 414 13 15 0.10474305 
192 391 12 15 0.10332905 
606 440 12 17 0.10010079 
608 340 11 13 0.100005 
554 436 12 16 0.0982789 
455 343 12 15 0.09807962 
90 448 16 18 0.09787329 
413 385 12 15 0.09765007 
663 382 13 16 0.09752543 
359 245 12 15 0.09598024 
812 258 10 14 0.09548726 
519 434 13 18 0.09544691 
848 294 8 11 0.09477817 
272 265 20 25 0.09284126 
499 356 15 20 0.09275133 
825 268 12 15 0.09232365 
406 283 12 17 0.091832414 
429 378 13 18 0.08978529 
324 278 13 17 0.089133255 
282 461 17 20 0.086613804 
299 346 14 18 0.08649551 
332 209 9 11 0.08359843 
719 452 11 15 0.08257839 
487 346 10 13 0.081897035 
759 203 10 15 0.080113664 
852 381 12 14 0.080042526 
960 426 12 17 0.0797829 
846 455 9 11 0.07928889 
227 451 17 21 0.07914183 
762 382 10 12 0.079014085 
380 303 11 14 0.07852009 
787 380 14 17 0.07709106 
240 411 11 14 0.07696851 
468 310 10 14 0.076790385 
276 388 12 16 0.076350324 
423 235 13 16 0.07552327 
572 443 12 15 0.07548782 
485 329 12 15 0.07508917 
247 406 10 13 0.07392808 
839 423 10 13 0.07283868 
514 314 12 16 0.07215177 
469 519 10 14 0.07198981 
860 299 10 13 0.07167765 
789 420 10 13 0.07063397 
528 322 11 15 0.07053208 
310 466 13 16 0.06948119 
790 261 10 13 0.06880719 
854 373 10 13 0.06873196 
794 228 10 13 0.068651155 
658 364 10 13 0.06864043 
909 386 11 16 0.068262674 
515 340 11 16 0.06714013 
438 443 14 20 0.06709596 
597 226 11 14 0.06701758 
880 353 8 10 0.06633051 
335 429 14 19 0.06594787 
831 396 12 16 0.065735035 
838 294 9 12 0.06508741 
429 353 14 18 0.06405367 
658 459 12 16 0.064036556 
227 427 15 20 0.06384671 
918 369 12 16 0.06322025 
909 379 11 15 0.063109465 
667 441 14 20 0.06310249 
535 380 12 15 0.06276797 
514 295 10 12 0.06250033 
658 374 9 11 0.0622665 
515 300 10 13 0.062196974 
152 250 11 15 0.06206871 
280 381 11 14 0.061974242 
437 309 11 16 0.06181155 
846 278 11 13 0.061512325 
376 387 17 21 0.06150912 
254 299 13 18 0.061197896 
235 357 13 15 0.061086345 
744 442 11 16 0.061053585 
533 309 13 17 0.060336124 
477 256 15 17 0.060265932 
509 457 12 15 0.06013475 
190 398 13 17 0.059108034 
343 264 10 13 0.05875008 
93 316 12 18 0.057691652 
481 163 11 13 0.057213638 
191 227 12 16 0.057134934 
651 293 10 13 0.05664503 
657 466 11 15 0.056540556 
830 350 9 13 0.05635489 
473 189 10 14 0.05606248 
476 185 14 17 0.056043606 
592 311 11 14 0.05575783 
423 304 9 12 0.055503663 
259 295 10 13 0.05544628 
443 277 12 15 0.055308755 
715 468 11 14 0.05484947 
796 256 20 24 0.054303452 
171 247 14 19 0.054056186 
436 267 12 15 0.05397805 
613 441 12 16 0.053455874 
753 206 9 13 0.05338741 
675 273 13 17 0.05317585 
556 342 13 15 0.052889742 
804 261 13 15 0.05260427 
286 298 12 15 0.052288245 
669 355 13 15 0.052120052 
668 407 13 16 0.051944684 
606 286 13 16 0.051799253 
432 220 11 12 0.051693846 
707 381 13 16 0.05150363 
780 541 11 14 0.050953463 
657 341 10 13 0.050934847 
543 476 10 13 0.050744053 
806 486 9 11 0.05061861 
764 204 10 13 0.050316192 
597 413 12 15 0.05003614 
845 471 10 13 0.050025687 
768 413 12 14 0.050024994 
846 285 11 14 0.0497555 
447 347 17 23 0.04954286 
720 428 10 14 0.04944966 
439 428 13 15 0.049358975 
780 253 10 14 0.049339212 
576 291 10 13 0.0487196 
296 434 12 17 0.048687886 
419 398 16 22 0.048548553 
908 369 13 19 0.048447706 
477 397 14 17 0.048344124 
257 408 13 17 0.04829687 
627 209 11 14 0.04812482 
397 336 13 18 0.048057765 
627 438 11 15 0.048002124 
550 347 15 19 0.047790155 
568 252 12 16 0.047699504 
311 376 11 13 0.047399987 
470 262 15 16 0.0473986 
388 333 12 16 0.047324914 
314 285 9 12 0.04658627 
615 473 13 16 0.046456087 
398 292 12 14 0.046414472 
180 244 15 19 0.046296533 
585 202 10 14 0.046206348 
677 267 15 18 0.04606914 
603 407 10 12 0.045945466 
381 349 14 17 0.045939103 
332 380 13 19 0.045931477 
473 494 10 13 0.045926016 
560 180 13 15 0.045812927 
819 296 10 11 0.045795836 
675 428 11 15 0.04541272 
474 323 14 18 0.045377195 
625 307 10 14 0.045268074 
620 415 9 12 0.04524238 
743 348 14 18 0.045217175 
837 287 9 12 0.04512732 
369 224 10 12 0.045075286 
684 348 16 20 0.045030434 
871 332 11 13 0.04465802 
577 340 11 13 0.0445194 
479 312 13 18 0.04446319 
130 362 13 18 0.04432882 
651 324 10 13 0.04419615 
568 459 16 20 0.044097666 
783 453 11 14 0.04409046 
638 408 11 13 0.044082444 
732 302 12 16 0.043519404 
570 200 14 17 0.04311216 
964 470 11 13 0.04300019 
747 439 12 15 0.042858865 
203 222 17 22 0.042809427 
820 376 10 13 0.042794526 
466 316 11 16 0.042685375 
416 287 12 17 0.042645246 
362 200 10 13 0.042556472 
431 308 11 14 0.04252714 
394 321 12 15 0.042370655 
363 381 13 17 0.042321023 
849 446 9 11 0.042310078 
517 422 11 14 0.042275112 
879 461 13 16 0.042138144 
603 412 12 16 0.042124 
567 421 13 15 0.04211815 
493 465 19 24 0.04210611 
409 251 10 14 0.041988898 
850 335 10 11 0.04197158 
776 222 9 12 0.04195363 
767 214 9 11 0.041946888 
492 184 16 19 0.04190244 
621 242 13 15 0.041647885 
633 249 17 24 0.04162719 
829 355 9 13 0.041619398 
727 381 11 15 0.041310932 
763 397 13 14 0.041221496 
784 245 10 14 0.041100446 
285 376 10 12 0.04092406 
167 412 11 13 0.040727247 
608 359 13 16 0.040675122 
409 309 10 14 0.040584777 
799 400 12 17 0.040577125 
213 467 15 18 0.04054597 
762 387 13 15 0.04054183 
639 312 11 14 0.040470075 
438 361 13 17 0.040452674 
677 454 14 18 0.040405095 
191 441 13 19 0.04039275 
805 471 8 11 0.040349316 
235 425 18 24 0.04002696 
798 235 11 16 0.039906643 
504 471 13 17 0.039872378 
782 433 12 15 0.039864924 
523 428 12 16 0.039646376 
242 356 10 12 0.039640673 
650 301 10 13 0.039620902 
891 444 12 15 0.03942532 
413 485 12 16 0.03941343 
157 243 13 19 0.03927534 
543 487 13 15 0.039146494 
697 374 9 13 0.03897295 
134 412 11 15 0.038864516 
707 229 13 17 0.03864798 
701 296 12 14 0.038626023 
432 364 12 15 0.038555223 
494 341 10 12 0.038476784 
585 191 10 14 0.038472496 
519 180 10 13 0.03838357 
541 305 10 13 0.038331762 
479 178 23 26 0.037954032 
655 335 9 12 0.037932046 
782 415 10 13 0.037848663 
350 293 9 12 0.037623774 
580 333 10 13 0.03759796 
512 183 10 13 0.03743059 
402 357 13 18 0.03730518 
230 352 13 14 0.036720082 
931 425 15 21 0.036718145 
832 285 11 13 0.036650214 
828 272 13 15 0.036575384 
410 315 11 15 0.036415305 
800 353 11 13 0.036006104 
505 363 12 16 0.035780516 
765 404 12 14 0.03576144 
690 362 12 15 0.03563013 
186 277 11 15 0.035474386 
617 363 14 17 0.035407513 
744 406 10 13 0.03534518 
787 451 13 16 0.03516195 
388 349 12 17 0.034908123 
335 422 12 16 0.034885254 
153 394 15 19 0.0348453 
246 563 25 32 0.034802053 
824 470 9 12 0.03478591 
728 295 10 12 0.03478583 
621 358 12 16 0.03474789 
574 378 14 18 0.03473969 
301 370 10 13 0.03472991 
525 396 11 16 0.034671456 
439 483 10 13 0.034591608 
675 413 12 16 0.034403484 
391 198 8 11 0.03434649 
357 308 11 16 0.0342289 
656 387 12 17 0.03422811 
901 470 11 13 0.0342138 
316 376 12 14 0.034195732 
789 448 10 11 0.034028426 
538 311 15 19 0.03402504 
752 285 11 14 0.034021247 
934 363 13 18 0.033952236 
44 401 15 17 0.033881553 
938 486 14 19 0.033684988 
382 338 14 17 0.0336312 
623 556 17 20 0.03357459 
661 391 14 18 0.033494163 
100 315 14 19 0.033410914 
548 270 11 14 0.0334022 
284 210 10 13 0.033360556 
625 336 11 14 0.033300377 
728 405 12 14 0.033274107 
222 412 11 14 0.03310009 
439 434 15 20 0.032923475 
803 349 22 25 0.032894325 
421 386 12 16 0.032840014 
805 238 8 11 0.032824088 
118 451 13 15 0.03280368 
760 376 10 12 0.032752905 
307 559 16 21 0.03268047 
346 268 12 15 0.03255316 
357 344 14 18 0.03251667 
422 275 19 24 0.032511678 
572 178 11 13 0.032423686 
308 267 12 16 0.03241621 
124 451 12 17 0.03236015 
675 435 11 14 0.032332547 
800 437 11 13 0.032248747 
447 214 10 12 0.032131135 
250 383 21 25 0.03212675 
86 404 12 15 0.032095034 
391 451 21 26 0.032037105 
726 430 12 15 0.031957835 
854 471 10 12 0.03178881 
656 475 11 13 0.031783126 
689 341 11 13 0.031688835 
805 245 10 13 0.031682033 
262 466 13 18 0.03159515 
489 156 12 15 0.03154581 
333 462 16 19 0.031403903 
777 258 11 15 0.03132155 
435 494 12 14 0.031319384 
307 347 12 16 0.031220725 
669 291 10 12 0.031188136 
791 238 19 24 0.03115193 
799 273 12 14 0.03112207 
425 261 12 15 0.031119853 
494 423 13 16 0.03109746 
616 223 10 13 0.031068768 
535 469 12 15 0.031027429 
429 304 10 13 0.031026058 
198 216 15 21 0.03096604 
596 304 10 12 0.030918181 
497 456 21 26 0.030901453 
296 354 13 17 0.030856542 
507 354 12 16 0.03085524 
761 194 9 11 0.030829402 
816 459 9 11 0.030798486 
853 443 10 14 0.030793909 
482 392 14 17 0.030685276 
287 412 10 13 0.030677652 
387 181 11 13 0.030666487 
757 342 9 12 0.030624239 
652 284 11 15 0.030611264 
310 276 12 16 0.030606091 
797 525 10 12 0.030552393 
836 389 11 15 0.030312194 
783 376 10 11 0.030284168 
228 422 12 16 0.030188175 
673 466 14 18 0.030119758 
768 218 10 14 0.029890062 
124 333 12 16 0.029856224 
701 398 12 14 0.029773977 
655 444 19 26 0.029769996 
344 349 14 17 0.02971868 
629 357 12 16 0.029650377 
624 457 15 19 0.029637223 
321 340 11 14 0.029631026 
509 372 10 12 0.029598057 
781 397 10 12 0.029590469 
362 378 21 27 0.029460097 
584 316 12 15 0.02944832 
838 462 13 15 0.02933227 
661 357 12 15 0.029214906 
586 413 11 15 0.029165827 
440 274 19 25 0.029125862 
806 388 11 13 0.02911454 
267 395 14 18 0.028966319 
258 380 11 15 0.028959224 
591 395 12 15 0.028874168 
190 388 20 25 0.02886191 
716 271 12 16 0.028825838 
378 307 11 15 0.028805362 
563 174 10 14 0.02874387 
911 363 21 25 0.028693832 
550 275 14 19 0.028684895 
117 330 14 18 0.028655568 
807 254 12 14 0.028632406 
578 385 13 18 0.02855349 
797 254 11 14 0.028435558 
837 324 9 13 0.028421191 
381 302 18 23 0.028398609 
853 477 9 11 0.028358186 
479 214 10 12 0.02833867 
849 374 9 13 0.028228233 
383 187 10 13 0.028220437 
206 392 14 15 0.028137697 
390 427 23 27 0.028095523 
568 268 11 14 0.028005976 
813 413 10 13 0.027955014 
785 256 19 25 0.027805045 
237 420 13 16 0.02779651 
855 436 12 15 0.027733557 
111 478 12 13 0.02772187 
559 196 21 24 0.027706617 
604 417 14 17 0.027647797 
634 413 11 14 0.027559804 
593 227 10 14 0.02749947 
537 305 9 11 0.027398871 
781 387 12 15 0.027381545 
199 402 15 19 0.027346667 
396 423 15 17 0.027316712 
901 385 14 21 0.027294636 
446 169 9 12 0.027238972 
134 369 11 16 0.027218148 
159 236 14 19 0.02721336 
524 200 14 17 0.027200282 
860 410 12 15 0.027186051 
550 433 20 24 0.027154943 
585 425 12 17 0.02710203 
289 253 16 18 0.027095744 
572 255 13 18 0.027029911 
311 294 9 11 0.027018735 
252 395 15 19 0.026931772 
412 320 12 14 0.026890188 
151 477 11 14 0.02684353 
492 164 11 12 0.026816007 
823 476 8 12 0.026811738 
469 303 10 13 0.026729712 
710 449 13 17 0.026701989 
716 459 12 15 0.026643503 
989 449 16 16 0.026641551 
860 470 9 11 0.026554206 
441 178 10 14 0.026549103 
172 406 10 13 0.026547128 
788 266 10 13 0.026524898 
437 335 10 12 0.026494903 
65 444 14 18 0.026449973 
915 377 12 15 0.026422417 
868 415 9 11 0.026412189 
564 363 11 14 0.026386764 
613 461 15 20 0.026344815 
204 241 15 17 0.02630946 
114 443 11 15 0.026298638 
644 248 16 20 0.02625813 
704 430 12 15 0.026222961 
584 211 9 12 0.026093094 
587 309 20 25 0.026092172 
632 223 10 14 0.026038341 
689 324 9 12 0.026032865 
694 448 213 200 0.025953917 
517 401 14 16 0.025924778 
70 389 12 16 0.025836863 
112 483 12 15 0.025831364 
125 429 13 18 0.02580933 
635 392 13 17 0.025789512 
280 429 12 16 0.025783498 
822 362 11 14 0.025769137 
607 345 13 17 0.02574548 
224 420 11 15 0.025714926 
477 174 12 14 0.02569421 
660 430 13 16 0.02564275 
667 375 12 13 0.025631746 
556 187 14 16 0.025585901 
648 388 10 14 0.025486266 
352 270 19 27 0.025474947 
347 366 14 17 0.025407841 
867 309 12 15 0.02533962 
195 435 14 19 0.02533475 
640 270 10 12 0.025281208 
438 213 10 12 0.025225407 
645 309 11 15 0.025224434 
488 539 10 13 0.025146496 
853 289 18 23 0.02512909 
538 259 11 14 0.025118124 
349 280 13 19 0.025117392 
817 379 10 13 0.025082115 
842 456 9 11 0.025043817 
337 432 20 26 0.024991272 
726 284 12 15 0.024990775 
364 364 12 15 0.024983576 
833 292 11 14 0.024964094 
822 356 12 14 0.024937205 
319 383 18 25 0.024920415 
781 331 10 14 0.024875553 
381 364 13 16 0.024785455 
461 453 11 15 0.024757452 
372 340 12 16 0.024738152 
341 252 11 14 0.024646003 
580 260 11 15 0.024575887 
209 396 15 18 0.024562275 
781 292 10 12 0.024547474 
196 419 11 14 0.02453618 
261 357 10 12 0.024509486 
960 473 12 14 0.024508001 
696 317 11 16 0.024475856 
409 428 13 16 0.02446809 
565 278 12 15 0.024453357 
759 192 18 23 0.024426585 
579 303 10 14 0.024411174 
679 294 12 13 0.024388382 
946 404 14 18 0.024361754 
482 152 10 13 0.024361566 
274 206 10 14 0.024351582 
664 201 10 12 0.024338631 
234 443 14 20 0.024273828 
127 422 10 13 0.024269402 
552 418 11 15 0.024260588 
844 459 10 13 0.024240112 
561 441 22 28 0.024190435 
613 418 13 16 0.0241846 
527 381 13 16 0.02417335 
492 349 13 15 0.024109377 
279 412 11 14 0.024092494 
733 442 12 16 0.02397011 
852 339 11 12 0.02394245 
732 453 15 19 0.023939641 
114 370 17 19 0.023873264 
519 272 11 13 0.023835972 
948 399 12 14 0.023822626 
360 271 13 16 0.023785116 
102 303 11 14 0.023776466 
591 431 20 27 0.023730002 
729 466 13 16 0.023724657 
869 421 9 12 0.023640841 
796 468 11 14 0.023589086 
532 182 11 12 0.023565479 
168 225 9 13 0.023507899 
778 453 9 13 0.023497349 
787 427 11 15 0.023467094 
432 315 12 16 0.023455525 
464 213 9 12 0.023410467 
718 405 10 13 0.023315031 
1003 652 22 42 0.023313211 
544 222 9 12 0.023290131 
542 397 12 15 0.02327473 
299 412 12 14 0.023226652 
479 318 18 25 0.023156453 
471 434 14 19 0.023141943 
215 383 12 14 0.023084577 
689 253 15 18 0.02304998 
409 382 20 27 0.023040287 
415 469 12 15 0.023022512 
876 455 11 14 0.023011865 
376 400 16 20 0.023004554 
770 489 13 16 0.022998279 
706 434 14 18 0.022942582 
655 438 15 18 0.022908784 
619 276 11 15 0.02282404 
717 387 11 14 0.022742828 
870 302 12 14 0.022709988 
550 431 12 16 0.022678096 
501 181 10 16 0.0226635 
432 322 10 13 0.022634149 
656 380 11 15 0.022622472 
833 268 14 15 0.022572279 
476 204 12 13 0.022570092 
774 419 12 14 0.022564331 
426 229 14 17 0.022508744 
362 249 14 17 0.022490293 
294 563 12 15 0.02247265 
766 439 13 18 0.022444852 
228 348 23 26 0.022435099 
805 478 9 11 0.022417028 
563 557 16 19 0.022398395 
573 249 11 14 0.0223478 
916 387 11 15 0.022278873 
439 281 12 17 0.022268757 
590 372 10 12 0.02225873 
548 335 12 15 0.02225536 
725 443 12 15 0.022227988 
1011 673 12 24 0.022224812 
346 453 13 17 0.02219827 
902 354 21 24 0.02216174 
376 314 12 16 0.022160467 
756 488 10 12 0.022106415 
747 407 13 16 0.022098904 
123 368 14 19 0.022093862 
432 499 12 16 0.022075796 
774 396 12 14 0.022073504 
633 316 11 15 0.02207067 
790 375 11 14 0.022039253 
540 384 14 17 0.021976925 
793 250 10 14 0.021957772 
543 337 18 26 0.021903405 
434 194 11 15 0.021882595 
362 559 16 21 0.021831186 
479 304 13 15 0.021820577 
791 414 11 14 0.021797262 
773 436 12 16 0.021793682 
624 315 10 14 0.021756507 
197 225 14 20 0.021681 
223 471 14 17 0.021643233 
718 445 21 26 0.021600833 
180 358 14 18 0.021563733 
278 200 17 23 0.021562334 
521 518 10 14 0.02153147 
344 472 14 19 0.021495776 
423 268 10 13 0.021466758 
820 308 10 13 0.021444224 
373 379 17 19 0.021378981 
516 412 12 15 0.021338653 
946 415 20 29 0.021328248 
518 336 10 13 0.021301914 
39 371 14 17 0.021264344 
902 428 10 13 0.021260364 
821 253 11 14 0.021246491 
742 360 12 16 0.021239145 
129 413 10 13 0.021216804 
466 304 18 24 0.021214347 
448 219 11 13 0.021188788 
422 565 25 32 0.02118805 
346 540 15 19 0.02117394 
675 280 15 19 0.021108871 
510 346 12 17 0.021090915 
751 277 10 13 0.02108809 
655 344 13 18 0.021051649 
638 375 10 11 0.020997006 
718 487 11 14 0.02095346 
491 267 14 18 0.020952355 
579 279 10 14 0.020937294 
543 272 12 17 0.020924916 
277 405 11 14 0.020919576 
280 454 12 16 0.020918757 
424 343 15 21 0.020911247 
775 388 11 15 0.020879894 
798 216 9 12 0.020869728 
544 336 10 14 0.020833991 
289 460 14 16 0.020829752 
561 348 14 18 0.02081657 
495 282 18 23 0.020721976 
170 257 14 18 0.02071555 
776 291 10 13 0.020678252 
108 545 13 18 0.020586286 
194 451 12 16 0.020579817 
284 223 20 24 0.02057041 
485 214 12 15 0.020540332 
528 419 12 15 0.020538414 
446 462 14 19 0.020504639 
425 202 12 14 0.020487836 
492 333 12 14 0.020484077 
825 262 21 24 0.0204624 
814 398 10 15 0.020447431 
628 302 10 13 0.020438213 
710 420 11 13 0.020419862 
824 487 8 10 0.0204073 
617 210 12 15 0.020391729 
816 477 9 11 0.020379376 
726 376 10 12 0.020359363 
959 405 12 15 0.02031492 
492 173 13 15 0.020279955 
874 459 9 12 0.02023627 
301 317 10 12 0.020231273 
379 371 15 18 0.020198574 
384 197 9 11 0.020152425 
799 371 10 13 0.020118738 
479 347 11 15 0.020113137 
613 447 18 24 0.020102134 
527 315 20 24 0.02008849 
909 350 13 17 0.020077359 
873 479 9 10 0.020068774 
122 272 21 25 0.02002176 
