10_People_Marching_People_Marching_2_823
88
372 189 184 271 0.9994055 
229 414 25 33 0.7789968 
945 492 23 29 0.71487236 
799 444 26 32 0.6756826 
989 462 13 16 0.32386947 
681 961 194 259 0.21322004 
995 461 11 15 0.14979438 
844 451 14 18 0.13776596 
741 473 16 20 0.13516499 
1012 452 12 19 0.12476668 
971 461 10 14 0.09911735 
207 409 27 30 0.080182016 
945 454 23 29 0.076171055 
821 485 13 18 0.07444984 
255 436 43 52 0.07337135 
186 443 46 51 0.068526715 
210 405 40 47 0.06663104 
791 503 33 41 0.065263696 
877 464 13 16 0.05977553 
780 435 14 18 0.051486306 
847 484 12 15 0.048319273 
790 454 30 32 0.04687701 
735 475 15 18 0.046242665 
998 455 11 15 0.045485783 
666 463 22 27 0.044250626 
919 477 19 26 0.044234216 
284 1077 115 192 0.044016022 
85 336 12 18 0.043285634 
378 850 13 16 0.04145778 
204 460 16 18 0.041120958 
902 480 10 13 0.040548835 
788 438 28 34 0.04037612 
949 471 16 21 0.038939226 
585 881 340 389 0.03687719 
700 483 11 14 0.036428943 
908 483 13 17 0.03631352 
953 483 16 21 0.035974976 
227 409 19 24 0.033608686 
654 459 25 29 0.033391573 
840 459 12 16 0.033348195 
896 484 12 15 0.033006463 
203 410 19 22 0.03270629 
404 1182 15 20 0.031188227 
791 939 9 11 0.029773114 
1007 455 13 18 0.029429642 
711 483 12 15 0.028848263 
852 488 13 17 0.028776003 
778 437 23 30 0.028112452 
756 466 13 18 0.027699145 
784 468 50 64 0.027659055 
206 452 32 36 0.02673648 
821 513 12 16 0.025775988 
836 491 11 15 0.025499318 
144 449 9 11 0.025000053 
966 456 19 24 0.024843572 
964 503 13 20 0.024743574 
201 395 23 29 0.024548521 
712 579 87 121 0.024398588 
842 514 14 17 0.024355162 
957 454 13 16 0.024119416 
798 468 31 36 0.024089629 
82 448 14 18 0.024020668 
716 479 13 16 0.023941167 
811 479 25 29 0.023869999 
839 485 11 15 0.023686659 
884 467 13 15 0.023666676 
829 490 12 15 0.023302732 
228 441 51 60 0.023185074 
690 461 12 13 0.022622587 
846 465 12 16 0.022454362 
708 389 197 246 0.022297338 
848 481 23 27 0.022256333 
674 461 15 17 0.02216527 
694 479 14 17 0.021970369 
943 491 38 47 0.021803696 
966 456 11 14 0.021445941 
875 453 15 17 0.021119734 
911 490 12 18 0.021083027 
807 460 19 23 0.021081977 
838 465 11 15 0.021049922 
240 410 18 23 0.02087391 
806 487 30 39 0.020855501 
382 746 14 16 0.020720813 
990 456 13 15 0.020660277 
782 449 26 31 0.02063498 
973 455 10 13 0.020518644 
217 394 16 20 0.020436876 
834 458 23 27 0.020351049 
