10_People_Marching_People_Marching_2_404
415
605 231 26 31 0.99153626 
388 297 13 17 0.88467425 
271 263 22 27 0.87298083 
199 230 22 29 0.852206 
39 263 22 26 0.84821224 
157 295 16 19 0.7955323 
925 242 24 29 0.73930365 
340 278 13 17 0.7017002 
841 284 15 19 0.67405576 
822 264 9 12 0.37436056 
381 280 9 11 0.30377388 
414 305 7 10 0.25709358 
784 297 8 10 0.25673607 
158 233 13 17 0.25261778 
454 295 8 10 0.20922434 
1011 270 13 21 0.18923204 
164 219 14 17 0.1832317 
375 284 11 14 0.16822962 
103 265 21 27 0.15685502 
818 264 9 12 0.15619904 
936 247 16 21 0.15264921 
415 308 8 11 0.14858225 
919 242 16 20 0.14700954 
366 291 13 16 0.13654661 
158 207 10 11 0.13615577 
784 281 7 10 0.13154143 
319 270 13 17 0.12713885 
956 222 13 15 0.12402313 
409 303 9 11 0.122326285 
106 292 16 20 0.119096376 
613 184 14 18 0.11824028 
162 226 16 20 0.111720644 
821 286 9 12 0.10714919 
432 262 8 10 0.09958647 
455 270 7 9 0.09944732 
761 286 9 10 0.0991538 
910 243 11 15 0.098282196 
769 256 7 9 0.09663579 
871 258 11 14 0.0960584 
449 295 8 10 0.094685666 
829 268 10 13 0.09449332 
808 254 8 9 0.09377197 
790 285 8 10 0.09278529 
454 264 8 10 0.09230199 
888 244 10 13 0.09065873 
697 280 8 11 0.0884661 
901 240 11 16 0.08818709 
439 264 8 10 0.0861149 
106 277 17 22 0.08325268 
799 233 7 8 0.08220011 
439 326 10 12 0.08135093 
817 248 8 10 0.07936693 
455 288 7 9 0.07917055 
439 311 7 9 0.07896369 
743 296 8 10 0.07856382 
402 262 8 11 0.07801491 
471 287 8 9 0.076785386 
431 300 8 11 0.07646608 
522 195 12 15 0.076224394 
141 292 14 19 0.07535462 
263 231 11 15 0.07501036 
115 268 12 18 0.07397041 
422 293 11 14 0.0738981 
895 230 19 26 0.07314343 
841 232 8 10 0.07116784 
12 470 39 40 0.0697736 
409 308 10 11 0.06846015 
822 248 8 9 0.068254896 
422 288 9 12 0.06693546 
504 264 6 8 0.066590734 
472 295 7 9 0.06549662 
732 286 9 12 0.06530236 
497 263 7 9 0.06046196 
480 272 8 10 0.060348596 
489 305 7 8 0.060320687 
273 206 22 28 0.05980588 
470 271 8 10 0.059571322 
687 240 9 10 0.059169438 
670 268 12 16 0.056846004 
977 242 11 16 0.056777 
983 237 11 14 0.056657813 
568 246 10 13 0.056536727 
902 205 9 11 0.05627105 
778 280 8 10 0.056258988 
149 291 16 21 0.05611695 
390 279 9 11 0.05549042 
438 302 8 10 0.055097442 
465 271 7 10 0.053974587 
761 293 8 10 0.053534925 
896 237 10 15 0.05342027 
937 233 16 21 0.05169262 
769 240 8 10 0.051088564 
963 227 12 16 0.050579537 
1007 282 11 17 0.050510947 
894 191 8 9 0.049990445 
778 214 8 10 0.04966547 
760 229 8 11 0.049602214 
801 238 8 9 0.049425382 
712 294 8 11 0.048658896 
672 246 10 13 0.048478737 
750 271 9 11 0.048476666 
786 254 8 10 0.048369434 
490 310 7 10 0.0483622 
271 252 21 25 0.047998097 
735 294 9 11 0.04778775 
267 234 12 15 0.047295887 
901 228 12 17 0.047171846 
744 288 7 9 0.04712528 
711 279 7 9 0.04692672 
855 255 8 11 0.04654849 
424 299 10 12 0.046500552 
880 212 10 11 0.04646701 
425 247 7 10 0.046190057 
958 234 13 17 0.045915753 
753 209 7 10 0.045467377 
471 280 7 9 0.045366682 
417 262 8 10 0.04504226 
419 288 8 10 0.044761274 
423 271 7 10 0.044743784 
306 243 14 19 0.04459662 
248 212 10 12 0.044592965 
341 271 12 16 0.042972278 
768 270 8 11 0.042953927 
448 268 8 10 0.042842135 
697 293 7 10 0.042817462 
394 295 11 14 0.04271633 
418 294 8 11 0.042671137 
464 313 8 9 0.042565323 
526 229 8 10 0.04243647 
849 269 8 11 0.04240985 
391 286 10 13 0.042147323 
360 277 10 13 0.04153267 
0 225 35 60 0.0412313 
440 319 9 10 0.041059062 
877 259 10 13 0.041052513 
494 255 7 9 0.041041758 
439 296 7 11 0.041037787 
791 281 8 10 0.040248536 
761 248 7 10 0.03998704 
430 256 8 10 0.0397842 
841 281 11 13 0.039567936 
750 247 7 10 0.039527338 
729 279 8 10 0.03934827 
365 270 9 12 0.038987182 
794 232 6 8 0.03884328 
449 287 8 10 0.038842876 
778 295 9 11 0.038749553 
256 243 10 13 0.038608808 
966 262 10 13 0.038514644 
829 264 8 11 0.03850044 
434 270 8 10 0.03816916 
365 278 11 14 0.03785863 
903 200 9 11 0.037828524 
736 300 8 11 0.03772799 
439 269 8 10 0.037556168 
677 251 11 13 0.037399124 
886 263 9 13 0.037144065 
979 205 16 20 0.03713433 
472 311 8 10 0.037090912 
846 237 9 10 0.037081037 
51 491 37 48 0.037038002 
384 255 9 11 0.037002973 
824 255 8 10 0.03663088 
423 261 9 11 0.036165018 
479 303 7 10 0.03616226 
973 284 11 14 0.036116697 
774 244 7 10 0.036049534 
496 311 8 10 0.035917237 
700 184 9 10 0.035812948 
973 230 11 15 0.035558756 
788 295 9 11 0.035491742 
353 230 9 11 0.03545904 
904 223 11 12 0.03538136 
415 248 7 9 0.035282724 
1005 289 14 20 0.03509541 
271 210 14 18 0.03505617 
464 295 8 10 0.034974385 
100 247 17 19 0.034740575 
465 286 6 9 0.034605056 
837 268 9 11 0.03433062 
909 250 11 17 0.034246854 
680 287 8 10 0.034225814 
793 222 8 10 0.03412187 
806 238 7 9 0.03410418 
816 240 7 9 0.033960246 
785 248 7 9 0.033824544 
845 233 8 10 0.03381944 
768 246 7 10 0.03376031 
789 254 9 12 0.033710193 
308 239 11 14 0.033622522 
448 302 8 10 0.033591814 
676 269 11 14 0.033475876 
702 280 7 10 0.033410516 
345 261 10 13 0.033342116 
873 199 8 10 0.033172693 
159 209 13 17 0.033115134 
703 285 10 14 0.033073515 
361 292 12 15 0.033037864 
430 247 8 10 0.033029716 
256 236 11 15 0.032929786 
743 230 8 10 0.032884102 
745 277 8 11 0.0325155 
694 240 8 9 0.032419045 
425 255 8 10 0.032389924 
687 270 8 11 0.032222856 
572 181 9 11 0.032189958 
967 254 9 11 0.032068953 
788 300 10 11 0.0320582 
496 305 7 9 0.032009687 
759 208 7 10 0.031959787 
765 279 9 11 0.031846505 
440 286 8 10 0.031629022 
164 207 10 13 0.031360846 
11 355 14 18 0.03127991 
808 248 7 10 0.031228371 
502 312 7 9 0.030921647 
898 206 9 11 0.030775862 
574 206 11 14 0.030772986 
181 327 13 17 0.03071703 
255 228 11 15 0.030705672 
785 262 8 10 0.030415678 
694 256 10 12 0.030188987 
482 246 7 9 0.0301828 
270 244 13 17 0.030148651 
988 219 12 15 0.030107522 
821 275 11 13 0.03009573 
264 220 21 29 0.030015742 
240 223 10 13 0.029923892 
866 245 8 11 0.029885918 
983 262 10 13 0.029832963 
885 277 9 12 0.02973232 
464 318 7 9 0.029577697 
953 216 9 13 0.029472847 
407 331 10 13 0.029382458 
416 256 7 9 0.0293802 
636 251 13 17 0.029016145 
906 234 20 28 0.029000172 
884 207 10 12 0.02898192 
481 264 7 8 0.028977895 
881 279 8 10 0.02890768 
447 311 7 9 0.028744223 
872 267 10 12 0.028717358 
390 261 8 10 0.028681258 
761 254 7 9 0.028668879 
888 267 10 14 0.028657572 
792 238 8 10 0.028600262 
434 310 8 10 0.02841002 
270 217 13 18 0.028388027 
861 271 9 10 0.028320156 
383 272 10 12 0.028261408 
778 285 8 10 0.028238844 
687 254 10 13 0.028066762 
987 230 13 17 0.027970057 
400 268 9 10 0.027735973 
750 302 7 9 0.02756702 
890 191 8 9 0.027453434 
21 249 29 36 0.027411848 
728 223 7 9 0.027382307 
262 272 14 18 0.027360369 
719 277 7 9 0.027341066 
717 295 8 10 0.027318677 
490 254 7 10 0.027270177 
818 259 19 23 0.027194425 
790 197 10 13 0.02718483 
766 224 7 10 0.026970744 
689 261 8 10 0.026840936 
527 280 9 11 0.026816905 
482 240 7 9 0.026684443 
864 216 8 11 0.026659535 
809 261 8 11 0.02663921 
27 309 16 22 0.026617993 
464 279 8 11 0.026571684 
599 233 16 21 0.026448512 
936 231 12 13 0.02642907 
367 239 9 11 0.026378794 
854 270 9 10 0.026111662 
778 300 9 12 0.026065253 
242 285 18 25 0.02603857 
372 301 10 12 0.025993383 
264 256 21 27 0.025968462 
457 247 8 10 0.025873832 
361 264 9 11 0.025827177 
750 295 8 10 0.025822502 
823 189 10 12 0.025692971 
980 197 12 14 0.025633294 
733 280 8 10 0.025633287 
847 264 8 10 0.025626699 
760 192 7 9 0.025557945 
472 301 8 10 0.02547515 
448 279 8 10 0.025369218 
542 181 12 15 0.025286144 
775 262 7 9 0.02509251 
407 295 9 12 0.025088914 
746 247 8 10 0.02505644 
455 311 8 10 0.025008552 
974 275 13 18 0.024918979 
374 309 9 11 0.024896044 
877 199 9 10 0.024893776 
376 272 8 10 0.02487746 
773 256 8 9 0.024847018 
718 302 7 10 0.024652477 
950 235 12 16 0.024580967 
798 301 8 10 0.024577944 
343 301 10 13 0.024549697 
326 293 9 11 0.02454906 
369 279 18 23 0.024513457 
746 253 7 10 0.024471447 
282 206 16 19 0.024321137 
478 288 7 9 0.024309607 
100 258 18 22 0.024204334 
774 270 9 11 0.024190608 
69 275 14 16 0.024048775 
319 279 13 17 0.02403094 
663 213 8 11 0.023968194 
695 215 10 12 0.023964567 
823 205 9 11 0.023924781 
135 296 14 17 0.02392221 
409 248 8 9 0.023851726 
31 272 14 18 0.023825012 
325 282 13 17 0.023582155 
536 303 7 10 0.023371628 
488 264 7 8 0.023328481 
183 261 12 16 0.023292657 
1001 263 23 31 0.023291752 
853 238 8 11 0.02328749 
360 284 11 14 0.023267968 
418 269 8 11 0.023261925 
801 245 9 10 0.023235766 
730 291 9 12 0.023173722 
744 271 9 12 0.023166869 
209 231 21 28 0.023123907 
829 222 9 10 0.023039808 
866 239 7 10 0.022997493 
790 246 8 11 0.02296458 
920 207 9 11 0.02288622 
737 264 6 9 0.022843314 
478 296 8 9 0.022803599 
165 229 20 26 0.022761548 
829 247 8 10 0.022696551 
768 261 8 9 0.022689201 
1012 263 12 18 0.022676347 
519 246 9 10 0.022576926 
559 183 8 11 0.022517385 
327 300 9 12 0.02248782 
391 233 7 9 0.022456644 
709 286 9 12 0.02243355 
791 261 8 11 0.02217547 
465 264 7 10 0.022141054 
440 255 7 10 0.022097362 
981 383 21 27 0.02209507 
695 270 8 10 0.022077354 
574 220 11 13 0.021947723 
665 262 19 26 0.02194647 
953 228 11 14 0.0218844 
781 206 8 12 0.02183409 
979 283 13 17 0.021790562 
510 264 8 10 0.021667084 
728 272 7 9 0.02165012 
655 297 10 12 0.021603506 
175 329 14 18 0.02159177 
955 219 21 26 0.021584094 
485 270 8 11 0.021547008 
302 223 10 13 0.021531101 
456 278 9 12 0.021421764 
689 198 8 10 0.021386059 
864 262 8 10 0.021347463 
529 304 7 9 0.021271104 
487 247 7 9 0.021266721 
520 239 8 10 0.021255812 
406 268 9 11 0.021170076 
981 225 22 28 0.021148197 
945 230 20 28 0.021145795 
261 260 13 18 0.021134099 
864 191 7 10 0.021089574 
260 242 12 15 0.021061806 
870 238 9 11 0.020983383 
122 267 13 18 0.020946424 
679 229 8 11 0.020899307 
533 285 8 11 0.020838283 
817 276 9 11 0.020834217 
309 311 10 14 0.020804971 
366 263 9 10 0.020797381 
941 206 11 13 0.020761756 
880 247 9 11 0.020739606 
254 333 12 16 0.020716872 
775 309 9 11 0.020670999 
543 303 8 10 0.02066046 
522 229 8 11 0.020657193 
761 238 7 9 0.020630544 
736 230 8 10 0.020621084 
752 253 7 9 0.020577647 
96 275 13 16 0.020540243 
851 283 12 16 0.020540059 
22 322 12 16 0.020527774 
328 216 8 10 0.02045278 
878 285 9 12 0.020400466 
265 206 9 13 0.020383155 
422 318 7 10 0.020338656 
753 264 8 10 0.020324517 
987 241 14 17 0.02030338 
873 286 8 11 0.020281356 
750 277 8 11 0.020268727 
345 282 11 15 0.020234413 
276 280 24 29 0.02023068 
736 223 7 10 0.020200457 
955 20 12 15 0.020199247 
487 238 7 10 0.020194039 
665 253 9 13 0.020193323 
643 261 11 14 0.0201507 
30 393 10 12 0.020143546 
806 295 8 11 0.020105828 
49 261 23 27 0.020102391 
420 310 9 10 0.020083731 
752 239 6 9 0.020029226 
153 210 10 14 0.020003129 
