10_People_Marching_People_Marching_2_269
535
770 238 24 33 0.996789 
245 207 10 13 0.49678275 
657 193 7 8 0.41294247 
68 221 10 13 0.35641858 
45 282 14 16 0.3525037 
724 199 9 11 0.31428978 
790 224 13 17 0.2685883 
227 222 11 14 0.22905456 
749 195 9 12 0.22184397 
724 183 9 10 0.22155797 
91 266 11 15 0.17921264 
313 240 8 10 0.15755597 
87 219 10 13 0.15127142 
726 217 11 13 0.14708874 
809 219 11 15 0.14679782 
623 234 10 13 0.1444038 
693 183 8 9 0.13995837 
716 230 10 15 0.13674724 
222 197 9 12 0.13449563 
841 214 9 12 0.13390851 
721 189 8 10 0.12980115 
670 286 11 14 0.1285606 
415 208 7 8 0.12803742 
213 234 11 13 0.12734362 
769 166 8 10 0.12621483 
274 213 8 11 0.12479807 
201 221 9 11 0.12303988 
687 191 8 11 0.12249451 
260 268 11 15 0.12106053 
173 236 9 11 0.11483523 
124 231 8 11 0.11314915 
861 178 10 13 0.11198524 
674 199 8 10 0.11175107 
773 191 9 11 0.11114308 
759 181 10 11 0.110637225 
746 192 9 12 0.110225715 
201 215 10 12 0.10849309 
647 215 8 10 0.10669977 
278 214 8 11 0.103166506 
654 216 10 11 0.10209544 
712 185 6 8 0.100897245 
712 264 10 14 0.10032778 
69 302 13 16 0.09992477 
262 220 10 12 0.099241056 
240 209 12 14 0.097887866 
228 212 9 13 0.09775186 
473 215 6 9 0.09602795 
230 206 8 12 0.095857464 
205 208 9 10 0.094777845 
237 284 12 16 0.093881354 
103 213 9 10 0.093231186 
96 198 9 10 0.09140166 
617 192 8 9 0.09126135 
744 213 10 13 0.09125999 
726 286 15 17 0.0894365 
266 197 8 11 0.08812806 
846 176 8 10 0.08673155 
237 199 9 10 0.08541253 
434 209 6 7 0.08534696 
189 216 9 11 0.08421575 
669 269 9 13 0.08386487 
664 238 10 13 0.08367582 
82 206 9 12 0.08261494 
319 245 7 9 0.08223462 
743 206 9 12 0.08131335 
670 191 8 10 0.08008629 
342 197 7 10 0.07926249 
438 214 7 9 0.07911859 
398 201 8 9 0.07828969 
343 193 6 9 0.07788483 
54 232 8 12 0.07672898 
713 190 7 9 0.07657146 
191 222 8 10 0.07632088 
886 197 10 13 0.07629426 
337 200 7 9 0.076101296 
78 231 10 13 0.07546373 
266 192 8 10 0.07532689 
358 207 8 10 0.07527874 
72 236 9 11 0.07414884 
272 208 8 10 0.07363337 
699 245 13 15 0.072942115 
397 379 11 15 0.072518714 
4 236 11 15 0.072368436 
251 206 9 12 0.07169521 
662 191 8 10 0.07140228 
711 223 9 12 0.0709525 
253 252 11 12 0.07085983 
168 193 9 10 0.07057533 
458 207 7 9 0.070371576 
697 214 9 10 0.07012415 
475 208 6 8 0.06918022 
465 230 8 10 0.068969555 
712 228 10 13 0.06858359 
88 237 8 10 0.06768829 
703 228 10 12 0.067334436 
696 196 9 12 0.06570198 
418 233 8 9 0.065350145 
56 254 10 13 0.06531925 
391 184 7 9 0.06457766 
847 190 8 11 0.064562984 
96 203 11 13 0.06455564 
772 196 9 12 0.063180745 
149 230 8 11 0.06310407 
439 209 6 8 0.06269992 
225 206 9 12 0.061959133 
722 289 24 27 0.061661765 
172 214 8 10 0.061497565 
414 215 8 10 0.061193533 
5 222 10 11 0.06087939 
280 199 9 10 0.060856793 
741 312 17 19 0.06044346 
701 214 8 9 0.060238205 
992 350 24 29 0.06020181 
695 191 8 11 0.05992253 
232 197 9 12 0.059682336 
638 192 7 9 0.05950177 
37 236 10 12 0.059136443 
738 174 8 11 0.058881555 
384 201 6 7 0.05845697 
234 193 7 10 0.058431778 
417 249 8 10 0.058271796 
742 175 8 11 0.058090124 
725 177 8 10 0.057244726 
313 214 9 11 0.056838185 
687 196 9 11 0.05681873 
152 207 9 11 0.05658379 
189 197 9 11 0.056200698 
695 221 9 12 0.055920538 
82 212 9 12 0.05576122 
616 197 8 10 0.055639736 
432 250 8 10 0.05503039 
609 222 8 10 0.054668866 
80 221 9 11 0.054354206 
832 182 9 11 0.054351896 
136 255 8 10 0.054330904 
89 246 8 11 0.05420875 
144 230 9 10 0.05412296 
701 198 7 10 0.053563006 
743 219 9 12 0.05342423 
143 215 8 10 0.053260036 
720 215 9 12 0.052568797 
270 191 8 10 0.052560307 
75 300 11 15 0.051356915 
808 202 12 16 0.050607126 
633 192 7 9 0.05047828 
719 221 9 13 0.05031199 
464 224 9 11 0.050141662 
622 192 8 10 0.0500132 
57 213 9 11 0.049901847 
601 240 8 11 0.04963768 
251 190 8 10 0.049249593 
690 175 7 10 0.049237337 
185 223 8 10 0.04900964 
185 248 9 11 0.048839975 
640 222 10 12 0.04879244 
64 215 9 11 0.048776224 
741 242 11 15 0.048659943 
440 198 6 8 0.048575174 
281 230 9 11 0.048552647 
728 298 21 25 0.04821959 
254 184 7 11 0.048107766 
821 222 10 13 0.047708046 
128 254 7 10 0.047105268 
809 197 10 12 0.047035687 
113 198 8 10 0.046900988 
874 201 8 11 0.0468205 
601 193 7 9 0.046801522 
826 465 30 28 0.046714816 
683 265 22 27 0.04649241 
812 225 12 16 0.046424285 
143 224 8 11 0.046296816 
698 167 7 10 0.046161175 
838 219 11 14 0.04610526 
424 193 8 9 0.045992665 
410 190 7 10 0.045970283 
549 245 9 12 0.04554285 
709 301 12 17 0.045211785 
457 200 8 9 0.044903025 
0 242 11 19 0.04442949 
704 223 8 12 0.04431323 
808 192 9 10 0.043968998 
599 223 7 9 0.043889847 
633 207 7 10 0.04367397 
237 192 7 10 0.04318263 
703 167 8 11 0.04287582 
304 248 8 10 0.042865917 
670 184 7 10 0.042841796 
334 207 8 10 0.042406403 
1010 395 14 23 0.041881192 
593 223 8 10 0.041866966 
201 312 21 28 0.041820325 
565 245 9 11 0.04174514 
253 212 9 11 0.04173743 
331 208 7 9 0.04144386 
606 199 8 10 0.041426927 
70 227 10 14 0.041395545 
478 206 8 10 0.04087514 
95 214 9 11 0.04079762 
967 182 10 12 0.040790934 
433 215 7 8 0.040762655 
453 229 9 12 0.04065135 
287 222 8 10 0.040592548 
199 317 13 20 0.040487364 
479 215 7 9 0.04036934 
101 230 10 12 0.039808124 
424 222 7 9 0.039268237 
471 263 11 14 0.039228655 
740 300 16 19 0.039162967 
879 199 9 12 0.039026245 
584 183 8 10 0.038754363 
472 247 9 11 0.03874004 
438 239 8 10 0.03865991 
752 182 9 10 0.038633265 
736 206 10 11 0.03859766 
785 183 8 10 0.038538493 
842 209 8 11 0.03836626 
248 201 10 11 0.038225226 
191 230 8 10 0.03820257 
314 199 6 8 0.038154528 
616 230 11 14 0.03783038 
782 189 9 12 0.03777597 
230 283 15 19 0.037597597 
280 220 9 11 0.037369918 
266 204 8 10 0.037176326 
816 177 9 11 0.03694115 
725 158 9 12 0.0368899 
102 207 10 11 0.036719482 
96 191 9 10 0.036607135 
253 199 9 10 0.036511656 
138 224 8 11 0.036502764 
175 208 8 11 0.036481686 
847 182 8 11 0.0363924 
452 221 11 13 0.0363646 
152 253 9 11 0.036250897 
416 254 10 11 0.036149155 
184 199 9 11 0.035874918 
62 299 15 20 0.035865013 
423 199 8 9 0.035786565 
158 224 8 10 0.035565447 
671 214 9 11 0.0353785 
647 200 7 9 0.035167247 
424 217 8 9 0.0350062 
454 215 10 11 0.034963734 
239 218 12 15 0.034935992 
458 262 10 12 0.03479361 
943 182 8 10 0.034748696 
495 205 7 9 0.034701843 
93 221 10 13 0.034655727 
643 215 7 10 0.03432976 
63 282 11 15 0.03426594 
48 235 9 13 0.034251288 
947 196 9 12 0.034047835 
762 326 16 18 0.033999816 
617 262 10 14 0.033980917 
966 176 9 11 0.03391402 
124 236 8 12 0.03390799 
688 205 8 11 0.033907045 
792 183 8 10 0.033828508 
216 214 9 11 0.03368124 
238 152 9 12 0.033595793 
1 215 9 13 0.0335476 
224 226 10 13 0.033304203 
634 197 7 10 0.033280212 
56 248 9 11 0.033193868 
416 200 8 9 0.033129208 
662 198 8 10 0.033014268 
398 253 7 9 0.03297056 
712 207 9 11 0.032955863 
487 256 10 13 0.03292082 
175 222 8 10 0.032872304 
655 205 9 11 0.032710362 
397 223 7 11 0.032697167 
90 274 14 18 0.032681182 
413 191 9 10 0.032646712 
607 193 7 9 0.032469768 
654 219 13 16 0.032443695 
49 277 14 17 0.03243107 
734 237 13 17 0.03239114 
721 203 9 12 0.032363113 
157 238 9 11 0.03198204 
378 200 6 7 0.031898893 
244 260 11 15 0.031845585 
392 228 8 10 0.031776555 
230 305 12 15 0.03166118 
701 207 9 12 0.031494822 
646 228 11 14 0.03148261 
151 225 9 11 0.03146289 
822 215 8 11 0.03140562 
582 254 9 12 0.031190496 
639 198 8 10 0.031187212 
520 250 14 17 0.031179337 
928 250 11 13 0.031085981 
418 236 9 11 0.03096916 
432 193 6 8 0.030952368 
728 261 9 13 0.030909615 
313 208 8 8 0.030854039 
181 276 13 17 0.030759608 
70 283 11 15 0.03071371 
545 246 9 12 0.030673785 
452 53 214 250 0.030588327 
584 235 9 11 0.030508313 
613 218 11 15 0.030483067 
610 216 8 12 0.030480092 
839 191 8 10 0.030447068 
354 208 7 8 0.030433454 
956 242 10 12 0.03034348 
804 208 19 24 0.030308045 
287 216 8 10 0.030232847 
190 191 8 10 0.03008415 
12 269 15 19 0.030039374 
440 193 7 8 0.02995494 
757 205 10 11 0.029910192 
359 213 7 9 0.029765932 
368 215 8 9 0.02975745 
560 246 9 11 0.029610714 
698 241 9 12 0.029337244 
81 200 8 10 0.02927527 
303 207 7 9 0.029216962 
359 200 8 9 0.02912075 
286 199 8 11 0.02903496 
168 209 9 12 0.029008422 
1013 319 12 19 0.028999588 
838 196 8 11 0.028983476 
273 185 7 9 0.028893027 
13 215 9 11 0.028538229 
279 208 8 11 0.028498312 
600 229 8 10 0.028315598 
738 167 8 10 0.028298272 
486 221 7 9 0.028250098 
290 245 8 10 0.028249044 
522 242 14 17 0.028225016 
335 185 7 8 0.028172389 
355 231 6 9 0.028171651 
449 253 8 9 0.028117446 
12 235 11 14 0.028096776 
566 240 8 10 0.02806701 
41 216 9 11 0.02801033 
609 214 20 27 0.028009916 
453 237 9 9 0.02794327 
615 205 9 11 0.027895791 
474 200 6 8 0.027886642 
254 259 14 18 0.027840262 
158 255 8 11 0.02782713 
9 272 24 30 0.027826415 
353 215 7 8 0.02780897 
431 223 7 8 0.02755464 
0 230 18 27 0.027508356 
385 208 6 8 0.027498886 
784 196 8 13 0.027467519 
762 469 15 20 0.027466692 
649 192 6 8 0.02742926 
734 221 9 12 0.027366405 
646 221 10 13 0.02735966 
238 255 12 14 0.027339648 
391 190 7 9 0.027281525 
715 298 22 27 0.027195392 
376 247 8 10 0.027152581 
742 229 10 14 0.027130542 
799 184 7 9 0.027031435 
837 149 14 16 0.0269474 
338 192 8 9 0.026939863 
763 461 13 15 0.026937552 
568 216 8 10 0.026891794 
796 222 12 14 0.02688904 
156 207 11 12 0.026884789 
694 175 7 10 0.026839273 
207 229 12 15 0.026798703 
289 238 8 10 0.026756715 
22 238 10 12 0.026729831 
632 221 9 12 0.026655167 
385 183 8 9 0.026646223 
967 189 10 13 0.02654896 
712 197 8 11 0.026533531 
103 247 8 10 0.02650481 
487 216 7 8 0.026470814 
503 198 8 11 0.026345236 
833 227 10 14 0.02633804 
688 213 8 11 0.026237296 
798 190 9 11 0.026231479 
949 294 8 11 0.02621791 
620 219 12 15 0.026169999 
278 184 7 9 0.026053267 
410 207 7 9 0.025825754 
809 177 9 10 0.025764832 
394 200 7 10 0.025684977 
268 268 12 17 0.025605528 
744 182 8 10 0.025506975 
713 213 8 10 0.025414253 
448 248 8 11 0.025270049 
286 204 10 12 0.025178455 
709 246 9 13 0.025170958 
319 199 7 9 0.02516181 
765 181 9 11 0.02506377 
669 276 11 15 0.025022259 
422 233 7 9 0.025002763 
96 238 8 10 0.024984535 
888 176 9 9 0.02496721 
82 175 8 11 0.024953691 
286 231 9 11 0.024921505 
703 261 11 14 0.02487674 
86 296 16 18 0.024859363 
734 327 15 19 0.024846854 
735 230 10 13 0.024825335 
455 255 9 9 0.02479802 
680 231 8 11 0.024752406 
602 198 7 11 0.024741098 
791 196 9 13 0.024740629 
432 232 7 8 0.02472171 
347 215 6 9 0.024720863 
368 192 7 8 0.02471801 
808 184 7 9 0.024681214 
615 226 21 28 0.024644682 
97 231 9 12 0.024404403 
667 262 10 13 0.024386005 
748 214 10 13 0.024306409 
141 228 19 25 0.024232062 
369 222 8 10 0.024228334 
295 230 9 11 0.024224428 
463 256 9 11 0.024171323 
410 184 8 10 0.024164975 
726 279 14 17 0.024057157 
447 191 7 8 0.024035022 
441 185 7 9 0.02394936 
879 181 8 9 0.0239409 
621 256 11 15 0.023901263 
736 181 8 10 0.023851257 
750 202 11 13 0.02375162 
83 214 20 24 0.023732841 
89 284 12 15 0.023712901 
605 239 8 12 0.023692664 
211 318 18 21 0.023562506 
381 247 8 10 0.02351518 
117 197 8 10 0.023411695 
144 233 10 14 0.02337169 
739 323 15 17 0.023303827 
825 474 14 16 0.0232813 
112 193 8 9 0.023208138 
146 246 8 12 0.023146726 
30 214 8 11 0.023091871 
879 176 7 9 0.023077885 
241 203 18 22 0.023073368 
149 234 11 15 0.022958849 
664 150 8 9 0.022944156 
667 243 11 13 0.02290738 
86 229 10 14 0.022903698 
830 165 8 10 0.022881065 
46 205 8 10 0.022844192 
129 248 6 9 0.022818822 
422 247 8 10 0.02279127 
295 247 8 10 0.022786163 
263 282 13 17 0.022755753 
581 215 8 10 0.022748882 
714 260 13 16 0.022717768 
91 305 16 18 0.02271217 
157 229 9 11 0.022621514 
100 188 10 11 0.022565141 
294 223 9 11 0.022529759 
716 215 18 25 0.022482904 
718 192 19 23 0.02248065 
375 207 7 9 0.022460697 
575 232 8 10 0.022446452 
664 253 10 13 0.0223809 
527 214 8 10 0.022261895 
932 247 10 13 0.022223659 
599 206 8 11 0.022195484 
94 247 8 10 0.022188226 
455 192 6 8 0.022183642 
812 192 10 12 0.022183198 
330 200 6 8 0.022140631 
665 185 8 10 0.022102786 
469 231 9 10 0.022019774 
293 238 9 11 0.021962423 
775 407 12 14 0.02192183 
686 238 9 12 0.021862945 
779 447 17 19 0.021848392 
660 229 12 14 0.02178545 
678 215 8 11 0.02175505 
170 237 8 11 0.021752987 
51 315 25 36 0.02173954 
23 231 9 11 0.021687506 
598 214 7 11 0.021647625 
368 208 8 9 0.02160059 
560 207 7 10 0.021582212 
470 222 8 10 0.021567173 
480 221 8 9 0.021550909 
320 192 8 10 0.021548148 
489 207 7 8 0.021519918 
199 200 20 25 0.021519456 
279 191 7 10 0.021477923 
559 199 7 8 0.021392843 
670 172 9 11 0.021301094 
521 198 8 10 0.021252966 
108 213 9 11 0.021197898 
101 235 9 12 0.02119077 
942 239 10 13 0.021178761 
302 230 7 10 0.02117661 
192 183 8 10 0.02117386 
784 205 9 12 0.021146553 
561 232 8 10 0.021123633 
108 222 10 11 0.021114761 
44 220 10 11 0.021081459 
789 205 9 11 0.02099374 
838 183 8 11 0.020989416 
495 275 12 16 0.02098519 
681 191 8 10 0.020929554 
946 191 9 12 0.020919716 
100 199 10 11 0.02089757 
312 218 9 13 0.020770187 
70 196 10 13 0.020745374 
75 285 14 15 0.020720553 
118 193 7 9 0.020712813 
661 214 11 14 0.02065195 
385 214 7 8 0.020632949 
677 204 8 10 0.020614928 
144 208 9 11 0.020603985 
735 191 8 9 0.020596722 
550 100 61 65 0.020542243 
438 247 8 10 0.020494785 
45 282 22 28 0.020469505 
256 267 21 26 0.020420488 
726 164 8 10 0.020405073 
110 206 10 11 0.020389238 
280 245 9 11 0.020358453 
704 184 7 9 0.020348616 
45 297 15 19 0.020334737 
433 199 6 8 0.020331547 
328 192 7 9 0.020293346 
735 199 9 10 0.020259377 
250 247 9 12 0.020221485 
558 107 36 41 0.020082843 
102 222 10 12 0.020066231 
85 200 10 11 0.020056328 
734 92 202 234 0.020044867 
-1 278 10 17 0.020021139 
709 175 8 9 0.020000087 
