10_People_Marching_People_Marching_2_307
96
506 139 102 134 0.9994336 
658 224 49 62 0.98996466 
252 181 83 108 0.9693868 
75 190 70 80 0.9627713 
872 171 29 42 0.3557553 
0 433 40 82 0.35317984 
125 31 49 63 0.26520675 
783 404 26 30 0.24235763 
689 140 12 16 0.16321331 
795 291 15 18 0.14883676 
908 633 16 20 0.13325591 
780 277 11 14 0.1318617 
740 246 12 15 0.11390123 
723 232 21 29 0.111074045 
56 218 73 87 0.09985783 
782 407 13 17 0.09175011 
110 19 82 109 0.09126308 
712 234 22 29 0.07856372 
936 191 91 188 0.074947044 
835 175 14 18 0.07394804 
303 26 12 15 0.06801537 
705 296 27 31 0.06209021 
732 241 15 19 0.0612779 
634 213 27 43 0.06105151 
791 296 14 17 0.059112918 
847 400 12 16 0.058800563 
726 327 22 26 0.055946745 
808 262 12 15 0.05514781 
786 409 34 39 0.054196995 
812 441 16 22 0.053058326 
739 392 36 40 0.050350536 
107 10 54 70 0.049694937 
741 295 13 17 0.049117472 
701 166 21 27 0.045689534 
837 168 13 17 0.04551229 
745 269 11 13 0.041321088 
726 232 13 17 0.040659107 
791 420 39 48 0.040188823 
726 322 16 21 0.03840881 
831 323 13 17 0.038196784 
120 48 32 42 0.036504347 
759 174 24 28 0.03529081 
618 270 40 53 0.03464721 
768 300 12 15 0.03380598 
832 350 10 14 0.033750724 
855 178 30 37 0.03292648 
758 319 15 19 0.032288667 
731 412 44 44 0.03204141 
53 3 92 103 0.031596627 
782 197 14 16 0.031580538 
135 68 57 82 0.03138504 
123 51 16 20 0.031286404 
874 171 17 24 0.029798696 
808 406 24 29 0.029472683 
846 410 15 19 0.029320672 
627 164 11 14 0.02886435 
860 484 16 19 0.02845851 
728 441 35 38 0.02829376 
772 329 26 34 0.028284002 
649 338 26 34 0.028283322 
642 220 35 45 0.027914014 
756 261 10 11 0.027179634 
964 223 51 123 0.026950497 
838 170 24 28 0.026837518 
148 15 47 64 0.02655214 
771 187 13 15 0.025415275 
760 203 10 12 0.025132198 
587 176 16 22 0.025105605 
790 213 9 13 0.024525605 
796 304 12 15 0.024275072 
822 408 15 20 0.023969095 
776 272 19 24 0.023696026 
775 205 13 16 0.023540908 
880 470 12 15 0.0234019 
712 337 14 17 0.023001563 
630 259 29 40 0.022984298 
780 208 12 16 0.022930935 
170 66 32 49 0.022820579 
782 285 21 27 0.022695346 
295 27 14 16 0.022253461 
748 404 46 51 0.022104714 
764 275 12 14 0.021812132 
627 207 25 37 0.021517772 
697 278 42 55 0.02148996 
774 399 24 31 0.021423182 
718 180 10 14 0.021282082 
764 299 22 26 0.02124882 
681 174 9 12 0.021224465 
775 195 11 14 0.02112809 
802 285 13 15 0.021087332 
720 338 27 29 0.020835854 
766 294 11 15 0.020614794 
769 187 24 28 0.020576028 
759 73 27 30 0.020515101 
784 343 18 22 0.020494984 
748 165 11 14 0.020105937 
