10_People_Marching_People_Marching_2_591
1695
851 182 29 38 0.99935657 
755 193 27 34 0.9967463 
894 159 46 52 0.98936546 
596 185 21 27 0.9877471 
507 1122 15 18 0.98734844 
529 1275 18 24 0.9852498 
671 192 23 28 0.9850884 
155 185 19 22 0.97899127 
459 185 18 24 0.969395 
40 176 20 26 0.96834487 
538 1224 20 24 0.96136934 
611 1280 19 24 0.96117735 
277 188 16 24 0.960863 
513 1181 20 26 0.9575007 
426 1220 18 23 0.95446175 
212 186 20 26 0.9494546 
47 1107 13 17 0.94865316 
106 1170 15 19 0.93223596 
86 177 17 24 0.92705345 
414 1132 14 19 0.9020385 
844 1243 20 28 0.90080684 
621 1226 18 21 0.89506996 
875 1340 17 26 0.8824064 
694 1269 15 21 0.8424887 
338 1178 13 16 0.8320739 
292 1174 15 19 0.81712824 
668 1240 15 19 0.816483 
910 1258 27 35 0.81154495 
163 1062 15 19 0.80437994 
363 1216 17 23 0.7871255 
458 1199 18 24 0.77050275 
805 1299 20 27 0.76673126 
322 1137 15 18 0.76279616 
568 1303 19 24 0.7484063 
555 1354 20 23 0.74383855 
773 1267 17 23 0.71470636 
360 1140 14 19 0.713389 
163 1162 15 22 0.7133022 
285 1090 14 19 0.70091426 
149 1128 16 19 0.6986643 
370 201 16 22 0.6782342 
74 1155 15 20 0.67089295 
815 1161 15 19 0.66513216 
414 1281 25 39 0.66116387 
586 1191 15 20 0.65321213 
207 1152 16 21 0.6530125 
416 183 19 24 0.6486837 
78 1126 13 16 0.64554936 
131 1156 14 18 0.64050204 
420 1265 20 31 0.62682956 
640 1345 22 24 0.6035718 
219 1245 16 23 0.5995124 
668 953 45 58 0.59399444 
450 1273 16 22 0.5517525 
914 1133 15 21 0.5398625 
117 1132 16 20 0.529052 
155 1373 23 36 0.5088802 
499 1227 16 21 0.50291336 
650 1285 14 19 0.5026045 
39 1186 18 22 0.5003861 
335 194 16 22 0.49581993 
244 1165 14 17 0.49333638 
550 504 15 18 0.4677004 
484 1267 20 27 0.4461907 
218 1187 15 19 0.44523323 
574 1252 19 25 0.44517407 
355 1258 17 21 0.4445401 
279 1167 14 18 0.44366616 
507 1271 15 21 0.43378317 
249 1222 23 27 0.43153813 
837 1101 12 16 0.4221503 
303 1151 15 21 0.41554853 
939 1088 13 18 0.414075 
695 1327 20 28 0.39765835 
737 1268 13 19 0.3972525 
609 1367 15 19 0.39615053 
283 1170 15 19 0.38620213 
762 1242 16 25 0.37629104 
740 1162 15 19 0.37458465 
524 1328 21 26 0.36428666 
745 1192 16 20 0.36276847 
464 1315 23 31 0.35878018 
655 1212 13 18 0.34419164 
611 1139 15 19 0.33735186 
183 1073 14 17 0.33138093 
503 1232 21 26 0.33006057 
394 191 14 18 0.32798085 
879 1084 13 16 0.32318372 
964 1104 14 17 0.3158901 
935 1164 14 19 0.3023204 
154 1095 15 19 0.30096945 
321 1288 18 24 0.29908344 
319 1231 21 25 0.29874745 
7 1114 12 15 0.29843542 
893 1305 16 24 0.29562497 
398 1281 24 33 0.29447025 
449 1145 14 18 0.2932963 
860 1065 11 15 0.28597814 
736 1357 21 28 0.28521407 
564 1235 17 20 0.28355223 
238 622 10 13 0.2717686 
149 1197 15 21 0.26885796 
718 1116 13 16 0.26071543 
81 1208 17 21 0.25770873 
477 1158 13 16 0.25522995 
814 1137 15 19 0.25135252 
630 1318 17 22 0.2509006 
820 1076 15 18 0.25013077 
245 630 10 13 0.2475003 
905 1343 23 29 0.24531983 
893 1138 17 19 0.24444549 
90 1154 14 18 0.24386762 
820 1293 21 28 0.24287134 
590 1208 16 19 0.23998241 
986 1202 15 19 0.23811583 
739 1118 13 17 0.23808847 
535 1113 14 18 0.23694605 
1006 190 18 24 0.23597798 
1005 1320 15 20 0.22918868 
383 1169 14 18 0.2279298 
906 715 15 20 0.22678074 
221 1236 18 21 0.22593524 
253 1130 13 18 0.2235199 
356 1212 18 23 0.22196867 
350 631 15 17 0.22134867 
931 1052 12 16 0.21700549 
784 686 11 13 0.21625774 
251 1195 15 18 0.21493696 
20 1132 12 17 0.20717552 
765 1069 10 12 0.20598626 
986 1087 15 18 0.20465034 
765 1125 12 17 0.20451905 
309 660 13 15 0.20239672 
240 627 11 13 0.2014372 
619 1208 16 19 0.19775572 
644 1204 14 18 0.19118084 
430 1281 24 33 0.19110654 
880 708 10 12 0.18903895 
910 1082 14 19 0.18851349 
318 1100 15 19 0.18686363 
181 1139 16 19 0.18685655 
990 1177 16 20 0.18566392 
928 699 9 11 0.1843832 
691 1296 14 19 0.17986825 
768 1084 14 17 0.17921925 
201 1217 17 21 0.17790979 
134 180 24 29 0.17558783 
627 1210 15 20 0.17388132 
249 1209 16 20 0.1733367 
972 1106 12 15 0.17248203 
572 1192 14 18 0.17145947 
258 1195 15 19 0.17058015 
261 1130 13 17 0.17056106 
598 1326 21 26 0.16909757 
1005 1165 15 19 0.16871814 
853 1108 13 16 0.16778076 
933 1048 9 11 0.16240157 
103 1177 21 26 0.16129117 
51 1159 15 20 0.15374413 
958 1101 15 17 0.15069097 
861 1129 16 20 0.14997049 
758 1130 14 17 0.14917171 
230 1210 13 17 0.1491063 
241 1169 19 24 0.14845563 
515 218 20 22 0.14763205 
180 1087 17 20 0.14590958 
445 1278 17 22 0.14439116 
384 1275 24 30 0.1442154 
1012 1120 12 18 0.14204863 
153 599 10 11 0.14047655 
734 1102 13 15 0.14030217 
405 1179 13 19 0.13880797 
212 1136 16 20 0.13864627 
631 1110 12 15 0.13563551 
768 1077 11 13 0.13518417 
924 1074 13 16 0.13481842 
43 1191 19 26 0.13477707 
817 1131 16 20 0.13439031 
433 1269 21 30 0.1338466 
934 1128 15 20 0.13327907 
820 1338 23 30 0.13287547 
174 1088 14 17 0.13236637 
939 1203 14 19 0.1318239 
163 1105 15 19 0.13147728 
397 1224 16 22 0.13112207 
568 1241 20 25 0.13021815 
573 1124 13 16 0.12877071 
245 1114 15 17 0.12866096 
521 300 13 16 0.12843774 
889 1184 20 27 0.12835954 
276 1193 15 19 0.12742396 
466 1242 15 21 0.12737682 
709 1134 14 18 0.12724029 
286 276 14 17 0.12692598 
49 1213 16 22 0.12616636 
614 1354 20 28 0.12580997 
660 1319 17 20 0.12341592 
772 1113 13 16 0.12256276 
910 1244 23 30 0.12247724 
661 1128 16 19 0.12231633 
107 1115 13 17 0.121844135 
732 1319 17 22 0.12161049 
801 1345 16 22 0.12105482 
987 1127 16 19 0.121007465 
696 551 6 8 0.120536834 
701 1227 15 17 0.12047733 
795 1107 12 16 0.12019019 
520 1336 22 30 0.11911276 
472 1125 11 15 0.11902801 
767 688 12 13 0.1190241 
679 1108 11 13 0.11661946 
883 1079 12 15 0.11653743 
600 1358 21 27 0.116478436 
540 1194 15 19 0.11426679 
908 1098 13 17 0.11258494 
631 1101 8 11 0.11242642 
792 1236 12 16 0.111375004 
282 1251 17 22 0.11119921 
196 1239 21 26 0.11042252 
659 1123 14 17 0.10975113 
735 565 9 11 0.108951546 
836 1225 17 22 0.10895032 
1007 27 17 23 0.10794448 
11 573 14 19 0.107768655 
279 629 9 11 0.10723506 
579 1165 17 21 0.106939144 
566 1194 13 17 0.10656486 
662 1296 16 21 0.105867565 
515 1239 15 21 0.10490424 
995 1237 19 23 0.104304194 
605 1102 10 14 0.10429953 
586 1198 20 23 0.103664055 
445 1125 11 14 0.10329315 
860 1201 15 23 0.10253497 
214 597 8 9 0.1025348 
93 1116 14 17 0.10223586 
669 681 14 17 0.101665 
498 1266 19 25 0.10159615 
281 622 9 12 0.101358496 
447 654 11 13 0.101216525 
706 1217 16 19 0.10115433 
783 50 21 28 0.10109265 
165 1207 21 28 0.100335576 
717 524 8 11 0.10013179 
208 631 8 11 0.1000477 
987 1183 22 25 0.09909982 
764 1116 13 16 0.099026494 
557 1144 13 18 0.097153194 
286 568 8 10 0.096994795 
169 1066 14 19 0.09639135 
347 1203 15 18 0.09598506 
835 1207 14 20 0.09482548 
551 1145 12 18 0.09475344 
684 1106 10 13 0.09453643 
773 1164 15 20 0.09441053 
686 1124 10 14 0.094233766 
712 1123 12 16 0.09379582 
703 1096 13 17 0.09348738 
392 132 12 17 0.09346837 
964 1140 15 17 0.093408816 
852 1191 16 22 0.09303418 
747 1233 14 19 0.0930232 
885 1304 16 21 0.09253927 
372 1122 12 15 0.092100404 
843 1173 16 20 0.091642775 
306 1211 14 18 0.091543056 
223 591 9 11 0.09126634 
229 1267 24 31 0.09062218 
119 583 10 13 0.089439735 
478 1193 13 19 0.08895023 
270 615 9 10 0.08752876 
637 1208 15 19 0.0872173 
672 988 13 15 0.08711559 
292 659 13 17 0.086637855 
5 1183 16 23 0.08596587 
588 1099 11 14 0.085861936 
378 1273 18 22 0.08585467 
662 1162 15 18 0.085769795 
12 1098 12 16 0.08551241 
944 696 9 12 0.08504601 
797 1340 16 20 0.084510386 
122 1104 14 17 0.08379777 
510 1348 22 29 0.083704114 
972 1169 15 21 0.08295841 
786 1142 15 18 0.082892865 
850 244 18 23 0.08204325 
322 1241 22 28 0.08164613 
384 93 10 13 0.08126347 
366 694 12 14 0.080433495 
714 1332 14 19 0.080284625 
788 677 10 12 0.079834156 
321 622 9 11 0.07972271 
962 1304 16 22 0.079593696 
894 1179 24 28 0.07954266 
624 1096 10 12 0.07932478 
481 1186 19 24 0.07905118 
286 1123 12 15 0.07904002 
403 1276 15 21 0.07892292 
596 1250 16 19 0.078783736 
365 1116 14 19 0.07873845 
388 1208 18 23 0.07850694 
454 1308 24 31 0.07812748 
860 1187 16 21 0.078113295 
782 1085 10 15 0.07769131 
302 660 13 16 0.07750719 
749 1314 12 17 0.07744101 
303 621 9 10 0.07711927 
156 633 15 20 0.07689558 
815 1069 11 12 0.076783404 
109 1124 15 18 0.07673304 
867 1184 14 19 0.07673186 
307 1105 14 20 0.07661396 
703 624 9 10 0.07577408 
241 284 11 14 0.0756799 
846 1178 21 27 0.07510987 
177 1234 17 21 0.07496756 
245 1106 16 18 0.074779816 
858 1116 13 15 0.074366294 
869 1153 16 19 0.07427402 
705 1271 15 19 0.07415146 
333 1256 24 26 0.07390272 
671 1108 10 12 0.073662296 
285 573 8 10 0.07363551 
246 1200 17 21 0.07349215 
861 1272 15 20 0.07321098 
492 1219 18 24 0.07311556 
492 1209 15 19 0.073015176 
487 1084 11 13 0.07267678 
329 469 8 10 0.0724165 
623 1349 21 28 0.07188317 
438 1340 22 29 0.07157298 
702 607 8 10 0.071536325 
965 1169 15 20 0.07150401 
707 1330 15 22 0.0713245 
121 486 7 9 0.07118422 
583 1249 19 25 0.07107625 
904 1050 11 14 0.070596375 
427 1261 15 23 0.07013957 
385 1288 25 30 0.06964596 
190 1179 14 17 0.06951056 
980 1108 14 17 0.06936642 
122 1125 15 17 0.06924096 
739 1109 12 14 0.0691944 
606 1144 15 18 0.06909431 
820 1090 12 15 0.06903799 
725 1109 13 15 0.068654396 
541 1103 11 14 0.068433605 
596 1311 20 25 0.06810343 
909 701 9 11 0.0679389 
281 574 8 9 0.06785207 
981 1171 19 26 0.06780734 
670 975 26 32 0.06774744 
596 1264 16 20 0.06763238 
772 687 11 13 0.06748575 
261 1165 12 16 0.06743856 
281 1097 13 19 0.0671557 
876 1295 22 27 0.0669143 
836 1233 22 28 0.06688878 
213 606 10 12 0.066887975 
205 1140 14 17 0.06677713 
726 1319 15 23 0.06675753 
246 647 10 13 0.0666914 
684 1330 22 28 0.0666605 
650 504 7 9 0.06661054 
188 1144 15 20 0.066555366 
881 1372 16 21 0.06647651 
143 1126 13 17 0.066355094 
931 1135 15 20 0.066285156 
478 1070 9 12 0.06623299 
816 1082 14 17 0.06623058 
996 1171 15 19 0.06620896 
88 551 9 10 0.06605807 
43 262 27 32 0.0660571 
38 534 10 12 0.06586671 
467 1307 16 22 0.065761745 
654 1118 14 17 0.065421596 
684 1118 11 15 0.06519793 
352 566 7 9 0.06515751 
720 1230 12 16 0.06450365 
691 1194 14 17 0.06424261 
766 703 13 14 0.06410861 
335 567 9 10 0.0640133 
738 1084 13 15 0.0639276 
611 1153 17 20 0.06379795 
148 1169 15 19 0.06372398 
655 533 8 9 0.06364216 
60 1152 19 25 0.06363377 
229 1090 11 16 0.06360472 
4 1130 12 16 0.06347985 
174 1200 15 22 0.06340878 
169 1156 17 22 0.06337957 
540 201 16 21 0.063302726 
249 527 7 9 0.0628899 
540 1122 11 15 0.06280641 
819 708 10 14 0.06266633 
598 1126 13 15 0.06254333 
1007 1130 13 20 0.062458985 
469 1185 14 19 0.061979756 
81 1152 17 23 0.06192565 
915 1275 18 24 0.061759733 
190 1210 25 28 0.06168315 
245 1122 16 19 0.061675858 
629 1130 12 16 0.061574716 
350 1210 17 20 0.061516073 
316 1174 12 16 0.06147203 
977 1165 17 23 0.06143989 
928 1057 12 15 0.061304484 
988 1076 15 18 0.06092878 
556 1110 10 12 0.060653336 
997 100 23 32 0.06036896 
430 1168 16 20 0.06030725 
209 591 8 11 0.06020841 
810 1334 21 31 0.06018078 
485 1225 16 20 0.060036123 
233 526 7 10 0.059927694 
282 567 7 10 0.05976781 
581 296 14 17 0.059758045 
737 1091 14 17 0.059481256 
893 1151 15 18 0.059258953 
769 1379 18 22 0.059212267 
870 1287 21 30 0.058628514 
397 126 11 15 0.058376897 
679 557 9 11 0.0583335 
268 1195 13 19 0.058259603 
727 541 8 11 0.058166917 
991 1069 11 14 0.058049683 
830 1094 11 15 0.057965156 
846 1133 13 15 0.057900745 
242 1181 21 26 0.0577208 
981 1067 11 13 0.057662904 
646 1198 14 17 0.05753332 
0 1155 8 15 0.05742252 
703 575 8 9 0.0572916 
753 1187 13 18 0.057120528 
852 1120 15 18 0.05704926 
721 567 8 10 0.057013262 
787 1210 13 16 0.056964178 
759 1114 13 17 0.056861833 
532 206 16 22 0.056775536 
254 584 8 10 0.056658927 
973 1213 14 19 0.056567088 
420 155 11 14 0.05646135 
467 1195 15 21 0.05629282 
678 1123 13 16 0.056176938 
601 1107 11 13 0.05571031 
587 299 15 18 0.055644546 
476 1180 14 19 0.055626858 
876 1097 13 16 0.055559408 
341 1200 16 20 0.055553693 
240 598 9 10 0.05542427 
270 636 9 12 0.055321712 
669 1137 14 17 0.055285938 
998 1069 10 13 0.055255186 
688 552 7 10 0.05510856 
395 1230 23 29 0.054998774 
264 558 9 11 0.054974142 
699 502 8 10 0.05474749 
769 646 8 10 0.054672044 
552 587 10 13 0.054625098 
423 179 16 20 0.054571964 
589 493 11 13 0.054510046 
740 1315 14 20 0.05447382 
388 83 14 16 0.054421093 
753 1234 20 27 0.05427441 
551 1110 10 13 0.054042045 
774 1330 14 20 0.053984545 
516 1343 16 23 0.053849645 
685 608 8 9 0.05377077 
724 1177 12 17 0.053675096 
772 1319 16 22 0.053637702 
413 1272 18 25 0.05359842 
272 607 9 11 0.05359164 
654 503 7 10 0.05350365 
622 1314 17 21 0.05348887 
283 1103 14 18 0.053438667 
771 1124 13 18 0.05307028 
428 493 10 11 0.053041924 
669 1148 14 16 0.052924253 
189 1184 19 24 0.052887376 
0 511 9 13 0.05267874 
813 1226 16 21 0.0525968 
232 502 7 9 0.0525291 
32 540 8 10 0.05241701 
914 1126 14 17 0.05240763 
508 211 19 21 0.052329402 
713 591 9 11 0.05217107 
798 1113 11 15 0.052102048 
460 1187 15 18 0.052039128 
289 1095 15 19 0.052021783 
741 1079 11 13 0.05169395 
658 549 7 10 0.051547557 
756 1136 14 18 0.051498227 
696 568 8 9 0.05146428 
708 1196 14 17 0.051379804 
314 157 25 32 0.05129223 
597 1343 24 31 0.05126824 
580 1130 12 18 0.051208835 
239 633 11 14 0.051195145 
867 1224 23 28 0.051178314 
244 623 10 14 0.051176634 
852 1129 15 19 0.051081374 
847 1107 11 15 0.051000133 
6 1121 12 17 0.050541904 
293 1163 15 20 0.05042753 
690 526 7 10 0.050221253 
214 628 9 12 0.050123036 
530 1333 23 30 0.05005475 
244 1084 12 14 0.049881008 
718 599 9 9 0.049865566 
217 551 7 10 0.049823727 
208 611 10 12 0.04976551 
515 1270 19 25 0.04966634 
909 1356 15 20 0.049409207 
516 203 16 19 0.049376264 
832 717 11 14 0.049313195 
548 1189 14 17 0.049237505 
470 1129 14 20 0.049230617 
215 592 8 10 0.04916486 
978 1185 40 54 0.04900644 
280 560 7 9 0.04882604 
452 165 12 14 0.04871325 
165 181 22 25 0.048711523 
645 1278 16 20 0.048656143 
866 1264 16 22 0.048630606 
727 582 8 9 0.048514552 
739 1126 14 17 0.048503615 
450 1283 18 23 0.04843285 
428 1125 12 14 0.048366632 
234 1199 20 26 0.048270248 
369 1211 16 23 0.04825064 
964 1130 15 18 0.048237484 
284 1244 16 18 0.04823059 
256 544 7 8 0.048210386 
735 1079 11 13 0.048201833 
924 1137 14 20 0.04811501 
996 1375 23 36 0.048105884 
449 1258 17 20 0.048042256 
156 1087 13 16 0.04804086 
713 597 9 10 0.047831487 
437 193 13 17 0.04754294 
856 742 9 13 0.047505617 
296 615 9 12 0.04747055 
393 1204 15 19 0.04742529 
765 231 17 24 0.04736061 
718 584 8 9 0.0473254 
273 599 8 10 0.047190506 
269 560 8 9 0.047133 
103 1139 13 17 0.04711824 
851 1172 15 19 0.04691527 
240 651 11 13 0.046888947 
882 1206 21 29 0.04688348 
981 1208 14 21 0.04685999 
373 1141 10 16 0.046852607 
51 1200 16 24 0.046619866 
567 1252 15 19 0.04658712 
426 191 15 20 0.04658065 
757 1268 12 16 0.046558958 
239 1190 19 26 0.046545837 
141 1193 16 21 0.04652438 
687 1145 14 20 0.046373826 
606 655 26 35 0.04632218 
402 184 18 25 0.046267446 
188 1133 15 20 0.04622261 
686 1232 13 18 0.046213906 
783 678 12 14 0.04616722 
286 1208 14 17 0.046122953 
271 1170 13 16 0.04611658 
744 631 9 10 0.046034303 
906 1180 17 19 0.04594457 
946 1304 15 22 0.04588698 
561 574 10 11 0.04582408 
924 733 13 19 0.045810383 
69 1150 16 20 0.045635886 
428 508 10 12 0.04559665 
435 1202 14 17 0.045570437 
1013 1215 13 19 0.045512658 
872 1086 13 16 0.045498557 
816 1185 14 21 0.04549396 
194 1145 18 24 0.04540666 
712 551 9 11 0.045290593 
576 564 8 10 0.045193877 
71 1104 11 15 0.045186076 
264 576 8 10 0.045098294 
791 1102 14 17 0.045063566 
163 1091 14 18 0.045021478 
639 1330 24 28 0.044993542 
10 1079 14 18 0.044908494 
279 592 8 9 0.0448706 
625 521 8 10 0.044864286 
728 1072 9 12 0.044627815 
540 599 11 13 0.04457251 
727 566 10 11 0.044528406 
513 546 11 14 0.044379346 
300 1140 13 15 0.044291213 
331 1229 14 18 0.04424819 
363 1135 13 16 0.044145215 
963 1239 25 28 0.04413697 
92 1091 12 13 0.044128478 
693 1227 13 19 0.044089574 
446 1130 14 17 0.044079226 
278 638 9 10 0.044070438 
820 702 10 13 0.043884587 
291 1242 16 20 0.04383851 
225 596 7 10 0.04381403 
258 550 7 10 0.043601632 
782 1219 14 17 0.0435506 
418 195 16 21 0.043463267 
238 567 9 11 0.04346311 
331 1250 16 21 0.043394957 
905 1105 13 17 0.043382004 
666 1156 15 19 0.04336254 
454 1248 21 26 0.043305587 
539 1210 16 19 0.04316727 
640 53 12 14 0.043150846 
654 1109 12 14 0.043020308 
921 1248 16 22 0.04292649 
108 1135 17 20 0.042908736 
615 1101 9 12 0.042773705 
805 1093 11 13 0.042723972 
382 137 14 18 0.042668544 
810 1142 20 25 0.04265922 
355 1205 15 18 0.04265026 
287 653 14 17 0.042530958 
748 1124 12 16 0.042478148 
101 1119 14 18 0.04244561 
327 1076 11 14 0.042325243 
974 1077 12 15 0.042242546 
809 1069 10 11 0.042197645 
378 1209 19 26 0.042188916 
55 537 7 9 0.042126425 
262 551 8 10 0.042125907 
248 613 8 10 0.042109746 
222 606 8 11 0.042104013 
567 1131 13 16 0.042094804 
565 1212 14 17 0.04202514 
674 1236 14 19 0.042003594 
446 181 22 27 0.041988738 
941 1414 11 14 0.04197029 
726 653 8 9 0.04193911 
360 1118 11 15 0.041928742 
157 694 12 15 0.041858807 
917 1077 13 16 0.041853223 
789 1340 15 19 0.041841947 
564 1219 14 19 0.041707184 
993 694 7 10 0.041662093 
443 192 15 18 0.04164538 
694 1252 14 16 0.041601006 
699 1261 14 19 0.041520834 
447 1151 14 20 0.04149046 
923 1081 15 18 0.041257747 
217 568 7 9 0.04124845 
370 559 6 9 0.041239828 
502 1094 8 10 0.04122589 
350 624 13 15 0.041213464 
996 192 18 24 0.04114807 
989 1098 13 15 0.041108817 
552 1224 19 25 0.041097395 
666 1303 15 20 0.041047584 
334 669 11 13 0.041042443 
892 1123 15 18 0.04100614 
610 588 13 16 0.04100431 
334 1184 14 18 0.04096996 
145 1094 11 15 0.040913716 
959 1122 14 17 0.040909167 
917 1179 15 19 0.040894408 
860 1168 15 20 0.0407243 
195 1138 16 19 0.040721703 
603 1266 16 19 0.040703136 
202 512 9 11 0.040696844 
234 616 9 11 0.040595762 
169 1220 24 30 0.0405659 
687 679 9 12 0.040509515 
853 1206 18 23 0.040490832 
964 1294 21 28 0.040468797 
455 1179 15 18 0.040348895 
963 1113 16 19 0.040330634 
1010 103 13 21 0.0403025 
739 1206 17 21 0.04029551 
812 1255 16 20 0.040263727 
368 120 14 18 0.040240966 
345 542 8 10 0.040232472 
279 1105 12 17 0.040158194 
622 1132 13 17 0.040155504 
899 1238 23 29 0.040134545 
887 1341 22 30 0.04011933 
412 663 15 18 0.040096927 
652 1287 19 27 0.040020972 
875 1149 14 20 0.04000133 
295 1153 15 20 0.040000472 
837 1191 20 28 0.039984416 
45 1118 15 18 0.0399565 
738 1349 18 22 0.039879166 
596 1147 14 19 0.039842725 
591 1132 11 15 0.039809696 
782 663 11 13 0.03980828 
379 196 15 19 0.03976459 
514 1227 15 20 0.039717097 
679 1116 11 13 0.03971462 
459 1268 15 22 0.03971042 
626 699 23 25 0.039637905 
710 1162 13 15 0.03962628 
589 1351 24 29 0.039536484 
741 566 8 10 0.03950173 
944 1161 20 25 0.03944872 
994 1122 14 21 0.039445106 
744 648 8 10 0.039354812 
815 1126 14 18 0.039258372 
15 637 8 10 0.039200116 
999 33 15 20 0.03912801 
380 655 9 12 0.03905745 
214 612 10 12 0.039018467 
157 573 10 13 0.03884397 
255 589 8 10 0.038820803 
708 1314 14 19 0.03878505 
723 1357 24 30 0.03875653 
314 666 12 14 0.038638093 
854 1248 21 28 0.03859389 
760 693 11 12 0.03859056 
557 1188 13 18 0.03846318 
756 1291 15 19 0.038456142 
196 59 10 13 0.038417913 
1004 1153 21 27 0.038416684 
859 1155 18 20 0.038414974 
190 1122 13 16 0.038340673 
899 1299 16 22 0.03831974 
737 1194 22 27 0.038255744 
229 636 11 14 0.038036644 
301 1248 16 22 0.03790519 
625 193 15 19 0.037879076 
249 583 7 10 0.03784982 
624 503 9 12 0.037762854 
88 558 10 11 0.03773509 
965 1218 14 19 0.037559476 
437 163 11 14 0.037543003 
698 605 8 11 0.037521802 
982 1202 24 32 0.037483964 
830 1213 20 29 0.037437484 
270 619 9 12 0.0374128 
381 542 8 11 0.037390325 
840 1204 21 28 0.037288766 
654 1130 15 18 0.037212204 
467 207 13 16 0.0371875 
335 655 10 11 0.037182506 
877 713 11 14 0.03712865 
245 1133 14 20 0.0371036 
223 1242 24 32 0.037054077 
956 1148 20 24 0.036987614 
953 1187 15 19 0.036948144 
186 1236 21 27 0.036926717 
283 1256 25 32 0.036919076 
717 1155 13 17 0.03690955 
806 1258 13 19 0.036892902 
852 1147 14 18 0.036844086 
472 1170 14 18 0.036690477 
976 1063 11 14 0.036636785 
281 535 8 10 0.03655322 
786 669 12 15 0.03654758 
1012 1079 10 13 0.03654118 
485 499 11 14 0.036413286 
334 663 10 13 0.03635769 
413 1193 13 17 0.03631595 
877 1214 16 23 0.03628909 
682 607 7 9 0.036278356 
819 1351 18 23 0.036275774 
311 1233 16 20 0.036225665 
233 568 8 10 0.036178112 
173 641 13 17 0.036116716 
350 535 8 10 0.036115035 
389 1194 14 19 0.0360634 
231 584 7 9 0.03601793 
726 605 10 11 0.03601708 
209 1224 14 19 0.035908714 
13 1124 12 16 0.035891157 
393 549 9 11 0.03582309 
31 559 9 11 0.035804935 
252 628 9 14 0.035747077 
259 1146 14 18 0.035746686 
883 702 11 15 0.03571544 
1000 1204 23 28 0.03571271 
1007 1076 11 13 0.035649568 
174 1145 15 20 0.03563786 
313 463 8 10 0.03563406 
594 1188 14 19 0.03560668 
215 623 10 12 0.03556571 
153 534 9 11 0.03555362 
327 663 9 11 0.035521735 
619 1144 14 18 0.035488017 
383 1181 21 26 0.03546253 
901 1251 26 33 0.035455856 
702 1195 13 17 0.035442688 
264 582 9 10 0.035393536 
622 1126 12 15 0.035347328 
123 1118 14 16 0.035346907 
406 664 13 19 0.035330545 
929 1143 19 27 0.035292577 
358 658 13 15 0.035184734 
394 1178 19 25 0.035173833 
953 1318 16 22 0.03516136 
222 569 7 9 0.035126645 
779 1338 15 19 0.035014577 
152 574 10 13 0.03498171 
279 1116 12 16 0.034973048 
693 1188 13 16 0.034959424 
695 1099 11 15 0.03493632 
727 1102 12 15 0.034905024 
364 1204 14 18 0.03489625 
822 183 23 32 0.034890883 
650 508 8 10 0.034800123 
679 552 9 10 0.034797497 
854 1163 15 18 0.03476888 
735 590 9 11 0.034748375 
885 1182 14 20 0.034678727 
36 551 9 10 0.034640457 
796 1292 23 29 0.034623485 
397 184 12 16 0.034610983 
714 519 9 11 0.034541205 
114 1164 14 19 0.034519512 
951 1288 22 29 0.034500305 
140 1160 14 19 0.034500048 
605 1133 14 18 0.034490258 
479 1094 8 11 0.034359574 
186 572 9 11 0.034333356 
607 574 10 11 0.034245227 
534 506 10 13 0.03423635 
734 1167 14 19 0.034215704 
382 605 12 14 0.034203537 
307 169 27 35 0.034194935 
845 1079 10 13 0.03415243 
278 615 8 10 0.034138285 
94 1110 13 15 0.03413311 
933 1155 15 20 0.03410827 
727 1131 11 14 0.034103706 
859 1386 23 30 0.03410315 
763 1209 16 17 0.03408593 
143 1099 11 16 0.034077983 
1 1220 22 35 0.034073997 
439 620 8 10 0.034018427 
907 1331 16 20 0.03400074 
327 551 9 10 0.033989545 
981 1112 20 24 0.033970933 
397 1457 27 25 0.033948876 
8 557 9 12 0.03393622 
877 1184 14 21 0.03389373 
189 628 10 14 0.03389306 
755 1307 15 21 0.033880945 
317 479 9 11 0.033848375 
965 1227 14 17 0.033846397 
2 1214 16 23 0.033816427 
670 568 8 10 0.033734255 
807 1347 22 28 0.033730485 
667 1124 15 18 0.03371173 
300 1109 15 20 0.033650205 
735 647 8 9 0.033614203 
790 1289 14 20 0.033597726 
114 1253 28 42 0.03358265 
191 568 8 11 0.03355445 
215 535 8 9 0.033517484 
740 1240 14 18 0.033505432 
813 1099 14 15 0.03349049 
1013 1085 11 15 0.033444002 
765 1313 15 20 0.03341618 
592 1214 16 20 0.03341499 
598 221 13 18 0.033409987 
586 1169 15 19 0.03335899 
648 543 8 10 0.033352472 
704 627 9 12 0.033348966 
604 1124 12 15 0.0333446 
740 1181 17 19 0.03333803 
262 652 10 12 0.033321172 
21 577 14 17 0.033313815 
368 1110 11 14 0.03330087 
829 700 9 12 0.03323266 
415 175 14 18 0.033226624 
200 636 10 11 0.033224463 
982 695 9 11 0.03317656 
663 572 9 10 0.03313135 
581 1158 15 19 0.03311296 
456 1101 9 13 0.033110134 
341 1147 14 19 0.03309803 
712 568 7 10 0.033059843 
359 1236 23 32 0.03304127 
362 694 10 14 0.032997277 
333 182 14 19 0.03298207 
735 1157 14 20 0.032911174 
637 1095 8 11 0.032898042 
900 1088 15 20 0.032887466 
914 1233 19 23 0.03288483 
697 1180 15 16 0.032846257 
589 1179 13 17 0.032824636 
231 606 9 10 0.032768853 
948 1069 10 13 0.032761894 
559 1240 13 19 0.032677844 
537 603 10 14 0.032671377 
285 98 16 20 0.03264512 
270 581 7 9 0.032592155 
407 152 11 14 0.032553997 
690 520 7 9 0.032505166 
427 1196 17 19 0.032487057 
110 588 12 16 0.032481387 
966 1221 22 27 0.032464854 
839 1082 10 14 0.032457706 
992 1047 11 13 0.032402474 
442 171 22 27 0.032346208 
930 1049 10 12 0.032310486 
414 150 12 15 0.03223342 
380 187 14 19 0.032211665 
181 54 12 15 0.03220654 
0 933 23 39 0.032194104 
413 1140 15 21 0.032132976 
337 637 11 13 0.032117087 
209 1082 16 18 0.032110546 
715 1269 12 16 0.03210943 
316 1139 19 24 0.03210792 
740 1216 14 17 0.03210534 
825 1088 19 25 0.032061648 
892 1196 16 23 0.031951282 
522 209 17 21 0.031882685 
408 455 10 13 0.03187545 
695 599 10 11 0.031855553 
675 1129 14 19 0.031832244 
333 1125 13 15 0.031825032 
428 502 10 13 0.031784967 
342 635 13 15 0.03178482 
641 1284 20 26 0.031770304 
33 518 7 9 0.031727634 
869 1114 14 18 0.031691864 
898 1309 22 26 0.03161411 
246 658 11 14 0.031613674 
862 1343 17 21 0.031577695 
93 550 8 10 0.031576145 
421 1194 15 18 0.031532407 
744 614 9 10 0.031518493 
205 742 12 15 0.031507704 
805 686 10 12 0.031497877 
819 1097 13 16 0.03148799 
811 1291 17 25 0.031445958 
264 565 8 9 0.031389825 
252 1155 14 18 0.03138685 
1000 1063 10 12 0.031385373 
563 1147 13 16 0.031379376 
664 560 8 9 0.03137885 
179 182 23 28 0.031370405 
980 1159 13 16 0.031363837 
124 1144 19 23 0.031339295 
662 1108 11 14 0.0313118 
956 1168 16 19 0.0312608 
923 78 12 15 0.031246524 
749 695 10 12 0.031226669 
799 685 11 12 0.031225633 
93 1101 13 15 0.03109637 
665 1326 21 26 0.031063993 
238 606 9 11 0.031053515 
349 1251 18 24 0.031011416 
731 1106 20 23 0.031003436 
997 1291 13 17 0.030995486 
902 36 23 27 0.030970965 
671 1092 11 12 0.030966671 
320 558 8 10 0.030946255 
939 1120 13 16 0.030944344 
353 462 8 11 0.030928398 
554 512 14 16 0.030927356 
328 576 7 10 0.030921074 
87 1086 14 14 0.030906545 
602 580 22 28 0.03088279 
385 244 18 22 0.030879794 
120 566 10 12 0.030853454 
256 624 7 11 0.030835314 
156 617 12 16 0.030810658 
206 516 8 10 0.030712117 
761 1073 11 15 0.030677564 
941 1217 17 20 0.030672915 
188 1094 13 19 0.030672742 
260 1155 13 18 0.030662881 
654 1163 15 19 0.030659867 
504 1102 9 12 0.030649891 
726 1196 12 18 0.030592985 
240 1132 13 17 0.030580578 
9 1106 14 19 0.030574936 
726 1268 13 17 0.030558066 
25 535 8 10 0.030465102 
674 1336 16 22 0.030440105 
686 615 8 9 0.030426918 
6 1099 13 17 0.03042309 
949 1077 11 15 0.030409262 
0 1344 14 25 0.030396089 
375 1155 13 18 0.03039573 
585 1097 10 11 0.030375615 
639 503 8 10 0.030340815 
688 592 8 9 0.030338855 
793 652 9 11 0.03031244 
340 670 11 13 0.03030703 
699 1187 15 16 0.030306604 
914 1347 23 31 0.03022437 
695 592 8 10 0.03020564 
757 1211 15 17 0.03020436 
17 170 18 21 0.030201709 
588 1155 14 18 0.0301806 
980 1236 16 21 0.03017332 
716 1314 16 19 0.030167695 
940 1059 11 14 0.030165806 
294 568 9 10 0.030161219 
705 535 7 10 0.030124258 
830 695 9 11 0.030120168 
894 1210 23 27 0.030114159 
848 694 9 11 0.030082984 
1005 1069 11 13 0.030078385 
612 1197 15 18 0.030055996 
192 683 12 16 0.03001974 
728 576 8 9 0.02997375 
373 1108 12 15 0.029971085 
456 1276 17 24 0.029964697 
867 1068 12 15 0.029902082 
976 694 10 12 0.02989615 
92 1140 14 17 0.02988075 
916 1217 16 20 0.029815476 
313 567 7 9 0.029794548 
316 1257 16 21 0.02979021 
871 1107 13 17 0.02978685 
366 607 8 10 0.029767724 
478 1272 18 23 0.029767219 
702 1203 13 17 0.029763894 
655 607 8 10 0.029752694 
920 702 10 12 0.029739354 
171 1050 13 17 0.029725073 
866 1205 17 24 0.029721733 
14 157 23 28 0.029710801 
470 559 9 10 0.029703338 
982 1077 14 17 0.029694956 
675 1145 14 20 0.029667491 
452 1308 16 22 0.029608816 
728 695 10 12 0.029565038 
616 1096 10 12 0.029550461 
526 1124 10 15 0.029538503 
871 714 12 15 0.029513048 
777 1384 17 21 0.029510789 
125 566 11 13 0.029502118 
486 1100 11 12 0.029498078 
414 199 14 17 0.029468507 
777 1260 15 20 0.029459277 
377 205 16 21 0.02944937 
578 1116 13 17 0.029443212 
826 1282 23 31 0.029398242 
293 584 9 10 0.029392507 
873 1197 23 31 0.02935598 
151 1202 21 28 0.029347949 
657 574 8 10 0.02933172 
310 1177 14 18 0.029322978 
133 1192 15 19 0.029309452 
868 1271 22 29 0.029285712 
723 1153 13 18 0.029283881 
387 1267 17 22 0.029265791 
1001 1267 15 19 0.02925725 
864 1191 16 24 0.029253798 
675 1355 16 20 0.029233055 
988 1235 17 22 0.029228937 
769 1248 16 20 0.029192744 
1005 1145 16 18 0.029187283 
752 1130 11 15 0.029186346 
627 1308 16 20 0.029180974 
687 683 14 17 0.029173335 
1000 1229 23 33 0.029153502 
745 581 9 11 0.029138258 
670 572 7 10 0.029118555 
441 651 12 15 0.029108053 
264 536 7 8 0.029079016 
114 551 8 10 0.029064428 
306 1237 22 28 0.028987998 
720 534 8 10 0.028980603 
199 590 7 10 0.028843507 
225 1230 17 19 0.02878186 
264 509 7 10 0.028748987 
192 589 9 11 0.028748224 
289 552 7 9 0.028737234 
70 1203 15 20 0.028733682 
224 630 9 12 0.028728306 
725 599 9 12 0.028700804 
39 528 9 11 0.028698359 
988 1166 13 17 0.02867533 
627 1258 14 19 0.02866362 
528 590 9 11 0.0286555 
154 1211 27 32 0.028607767 
886 691 11 14 0.028549824 
15 517 9 11 0.028544858 
608 7 10 11 0.028525393 
453 1095 9 11 0.028523816 
381 534 8 11 0.028508645 
523 1182 21 25 0.028479671 
320 616 9 11 0.028449632 
840 1132 11 15 0.028428208 
250 1170 14 18 0.028424831 
802 1191 16 21 0.02841634 
117 591 13 17 0.028392123 
101 588 11 13 0.028374976 
446 1091 11 14 0.028333971 
916 714 14 19 0.028327644 
289 583 8 10 0.028323956 
771 1309 15 21 0.028322224 
762 1065 10 12 0.028321374 
696 616 8 9 0.028312324 
780 1124 13 16 0.028281977 
351 552 9 11 0.028250596 
264 622 9 10 0.028244607 
918 708 12 17 0.028223589 
320 599 8 9 0.028195944 
865 1159 16 20 0.028190209 
80 544 7 9 0.02812266 
303 1133 12 16 0.028092189 
319 543 8 10 0.028070325 
549 1124 11 16 0.028066235 
231 628 11 13 0.028046282 
659 1204 14 20 0.02804571 
855 1052 10 12 0.028018791 
85 1118 14 17 0.02799824 
989 1245 16 22 0.02798079 
305 1214 22 27 0.02797978 
452 1132 13 17 0.027966607 
970 1137 15 18 0.027942367 
212 1233 22 28 0.027929714 
391 1074 10 13 0.027928496 
19 184 15 20 0.027909951 
238 527 7 10 0.027885228 
108 1186 22 28 0.027884366 
270 40 154 184 0.027882216 
152 610 13 17 0.027864963 
787 1152 15 21 0.027854692 
752 1071 8 11 0.027840884 
712 533 9 10 0.027830781 
569 1353 15 22 0.027826978 
121 587 12 15 0.02781745 
40 1201 22 34 0.027793197 
779 1109 12 16 0.027770618 
629 520 8 10 0.027754616 
654 1101 11 15 0.027729595 
781 1155 14 20 0.02769542 
529 215 17 20 0.02767265 
345 599 9 11 0.027665325 
808 1139 13 19 0.027610946 
710 1291 14 18 0.027600007 
348 84 16 20 0.02759672 
874 1265 15 20 0.027592255 
376 552 8 10 0.027584914 
240 592 9 11 0.027584111 
330 275 14 15 0.027581632 
222 552 9 10 0.027569823 
913 1340 16 21 0.027540628 
113 558 10 11 0.027513018 
748 1117 12 16 0.027502805 
869 1064 9 11 0.027480546 
296 599 8 9 0.02747108 
246 1091 12 16 0.027466105 
2 1115 11 16 0.02745169 
494 1093 10 12 0.027439931 
921 1265 24 30 0.027438441 
886 725 11 15 0.027386038 
382 1134 11 14 0.027369805 
329 667 11 13 0.02736343 
77 1109 11 14 0.02732889 
641 614 9 11 0.027321348 
195 289 10 14 0.027318956 
709 644 9 12 0.027288543 
854 1296 15 21 0.027277298 
209 583 8 11 0.027249923 
670 584 9 9 0.02720645 
761 811 11 14 0.027203698 
714 584 8 10 0.027201075 
1003 1246 16 20 0.027197113 
472 552 8 10 0.027195813 
415 163 12 15 0.027170083 
822 1118 11 14 0.02716465 
816 713 11 14 0.027163936 
254 651 9 12 0.02714163 
918 1047 9 11 0.027106917 
948 1283 16 21 0.027106328 
995 1092 11 15 0.02709139 
256 574 8 10 0.027071815 
159 730 13 17 0.027064094 
672 560 8 9 0.027055506 
254 1265 14 19 0.027033348 
0 1195 11 17 0.027033297 
267 1084 13 16 0.027006702 
459 1173 13 16 0.026999861 
943 1068 11 14 0.026998581 
278 607 8 10 0.0269846 
294 1105 12 18 0.026963856 
483 1197 19 25 0.026933942 
110 674 11 14 0.026925456 
513 1304 17 20 0.026918998 
601 1278 22 27 0.026851732 
513 1117 14 19 0.026823921 
207 723 16 19 0.026820548 
702 568 8 10 0.026796933 
968 1109 21 25 0.026786761 
983 1185 15 20 0.026776174 
709 1087 11 13 0.026765177 
835 3 13 13 0.026738923 
472 1162 16 18 0.026717255 
680 584 7 9 0.026706314 
351 608 9 11 0.026679495 
316 656 11 13 0.02667469 
848 689 8 11 0.026653694 
716 1196 13 17 0.026640518 
710 1342 21 30 0.026635956 
966 1281 25 29 0.026625318 
273 592 7 10 0.026605949 
397 653 11 13 0.02660569 
200 559 7 8 0.02657471 
665 520 7 9 0.026568245 
517 1167 14 16 0.02654614 
763 1290 14 18 0.026531545 
800 666 11 15 0.02653154 
503 1109 10 14 0.026497798 
798 640 8 9 0.026446493 
130 1132 13 17 0.026436707 
943 1076 11 14 0.026366264 
177 1150 20 25 0.02635167 
673 599 8 10 0.02632885 
269 1108 14 17 0.026316287 
1014 1257 12 17 0.02627424 
467 1266 16 21 0.026273714 
762 687 10 13 0.02626247 
229 590 9 10 0.026261004 
997 1099 11 15 0.026233109 
421 1126 13 16 0.026162596 
757 709 15 18 0.02614662 
710 630 9 11 0.02610754 
614 1124 11 14 0.02608409 
752 526 7 8 0.026058521 
720 13 9 11 0.026037868 
490 1180 15 20 0.026033178 
969 1054 9 10 0.026015762 
312 574 8 10 0.02601367 
588 652 17 21 0.026009865 
179 1187 21 27 0.02600781 
654 509 8 9 0.02600316 
516 1081 11 14 0.025958695 
751 1267 11 16 0.025944429 
495 567 9 11 0.025941933 
597 1280 16 21 0.025934346 
759 560 7 10 0.02593057 
742 1228 15 20 0.025918458 
37 540 9 10 0.025895305 
389 710 44 54 0.025874924 
300 1235 15 19 0.02582843 
597 49 16 17 0.025827782 
725 1354 14 20 0.025812704 
114 85 28 33 0.02580657 
763 1253 22 27 0.02578229 
217 1153 14 19 0.025780898 
502 1352 16 23 0.025779009 
476 1115 13 17 0.025756443 
368 1278 25 33 0.025740258 
670 1342 22 28 0.025727976 
214 584 9 11 0.025727717 
398 1163 13 16 0.025722405 
862 1073 13 16 0.025610868 
685 656 8 9 0.025607852 
78 180 17 23 0.025595464 
894 1090 13 18 0.025592288 
461 557 11 13 0.02558463 
375 615 10 11 0.025530493 
877 1070 10 13 0.025529724 
477 1151 12 15 0.025522025 
303 526 8 10 0.025511933 
13 566 12 15 0.025501147 
544 1130 10 13 0.025493138 
933 700 9 12 0.025476439 
981 1100 13 16 0.025418136 
174 1072 13 17 0.02541612 
250 1099 13 18 0.025401449 
1001 1378 15 21 0.025389891 
325 556 9 10 0.025382187 
86 686 9 11 0.025355317 
253 608 9 11 0.025322683 
72 89 24 29 0.025290117 
357 1103 10 12 0.02525867 
327 1266 26 31 0.025229903 
393 582 9 10 0.02522468 
412 485 9 13 0.025220022 
268 1125 13 17 0.02517582 
86 678 11 13 0.025175732 
548 1348 18 22 0.025172554 
720 542 9 10 0.025151225 
841 1218 16 21 0.025149776 
89 747 8 10 0.025131527 
479 1226 14 19 0.02512228 
794 640 8 10 0.02509373 
671 1367 22 27 0.02507038 
345 536 8 10 0.025057826 
204 663 10 14 0.02504738 
630 552 8 11 0.025044555 
327 1282 18 25 0.025011739 
849 1115 12 15 0.024970455 
355 187 13 21 0.02495364 
323 1257 24 30 0.024937373 
590 1234 15 19 0.024930064 
832 1344 17 23 0.02492485 
673 520 7 9 0.024887571 
725 1123 12 17 0.024866072 
551 1103 10 13 0.024863852 
265 631 9 12 0.024852041 
125 486 8 10 0.02484302 
213 1126 14 17 0.024838818 
779 1313 14 21 0.024819538 
759 615 8 9 0.024816243 
873 1381 21 32 0.024808332 
351 558 8 10 0.024791738 
712 545 9 9 0.024776842 
178 1206 16 23 0.024769358 
412 158 22 28 0.024766581 
758 1284 12 15 0.024730042 
679 1258 12 17 0.024721367 
806 1099 13 15 0.024715723 
907 1283 22 28 0.024641877 
714 1296 15 18 0.02463421 
349 1172 12 17 0.024624681 
799 1354 22 29 0.024621285 
953 1174 20 25 0.02460542 
573 1136 15 17 0.024592502 
409 1136 14 19 0.02457574 
7 1085 20 27 0.024570633 
397 535 9 10 0.024563804 
351 521 7 9 0.024558818 
727 590 9 11 0.024534658 
883 1333 14 20 0.024524273 
715 1130 12 17 0.024508812 
597 1138 15 18 0.024498757 
704 1087 10 13 0.024491312 
323 1254 16 21 0.024491066 
648 1327 24 27 0.024485419 
234 617 17 22 0.024478434 
662 534 8 9 0.024461538 
291 187 15 20 0.024456074 
161 1191 21 31 0.024446985 
450 1125 13 15 0.024445597 
723 646 8 10 0.02442041 
163 640 14 19 0.024417909 
157 1114 14 17 0.02441626 
750 1292 14 20 0.024404319 
479 1086 9 13 0.024351973 
843 1101 12 16 0.024331281 
286 608 8 10 0.024324391 
223 1067 13 16 0.024297975 
699 1135 18 24 0.024282774 
462 552 10 12 0.02426573 
106 1200 17 19 0.024223628 
304 575 7 9 0.024210313 
174 690 12 15 0.024167398 
0 1170 10 18 0.024163408 
532 582 11 13 0.024157312 
766 1163 14 19 0.024131652 
240 583 8 9 0.024115836 
703 544 7 10 0.024090612 
422 139 14 14 0.024076847 
689 575 7 9 0.02407488 
102 1092 11 14 0.024074025 
381 1289 16 20 0.02405735 
781 1132 12 15 0.024047412 
189 622 10 12 0.024040908 
267 1248 40 51 0.024017021 
671 671 11 13 0.023987856 
907 1295 17 22 0.023986906 
874 164 41 49 0.023958806 
507 1220 17 21 0.023950193 
303 600 8 9 0.023942316 
335 560 9 10 0.023938354 
252 526 8 9 0.023931095 
22 528 8 9 0.023913158 
380 180 14 16 0.02388959 
773 1101 12 15 0.023843361 
271 576 8 10 0.023829427 
156 1170 19 26 0.023829175 
247 552 7 8 0.023828061 
447 159 11 12 0.023827791 
669 1231 13 17 0.023783112 
95 747 9 11 0.023778874 
154 603 12 15 0.023758214 
382 575 8 10 0.023741763 
304 1249 23 29 0.0237404 
312 1273 27 33 0.023738598 
372 696 13 15 0.023733785 
637 1100 9 13 0.02373083 
411 377 16 19 0.023704102 
224 584 9 11 0.023697441 
877 1282 24 30 0.023692533 
425 488 10 11 0.023690455 
325 627 10 11 0.023686059 
326 1193 13 16 0.023682492 
110 582 10 11 0.023646852 
184 1201 21 29 0.02363253 
279 644 9 11 0.023623522 
0 1100 11 16 0.023596086 
44 1168 17 20 0.023579432 
235 1216 15 19 0.023570897 
656 544 9 11 0.023563974 
565 1163 16 20 0.023560142 
588 1226 16 17 0.02354317 
558 1132 13 18 0.02354247 
688 599 8 10 0.023525791 
344 157 10 14 0.023521377 
543 1145 13 18 0.023490157 
117 1116 14 17 0.023489615 
157 647 14 18 0.023468407 
968 697 9 11 0.023466691 
730 1332 24 31 0.023440918 
319 592 8 9 0.02343525 
99 1236 15 21 0.023434307 
994 686 9 11 0.023425892 
728 624 8 8 0.02340926 
433 174 22 28 0.023406692 
636 1124 12 17 0.02338155 
996 33 23 32 0.023326494 
518 486 9 10 0.023322145 
651 1341 22 28 0.023295725 
48 560 8 10 0.023278683 
702 600 9 10 0.023254571 
684 1302 18 21 0.023249678 
385 1304 17 21 0.023226136 
754 558 8 10 0.023224732 
345 1263 25 31 0.023215683 
1006 1109 14 20 0.023195952 
415 88 12 14 0.023186827 
372 1267 18 22 0.023178067 
452 651 12 16 0.023174636 
189 614 9 11 0.023149602 
95 179 16 21 0.023143906 
930 1256 16 24 0.02313865 
662 997 11 15 0.023132643 
676 1093 12 15 0.023108264 
557 1104 9 11 0.023106683 
246 535 8 9 0.023096912 
698 1171 15 17 0.02309175 
271 543 8 10 0.023091586 
998 1347 20 29 0.023088196 
391 565 9 10 0.023077292 
686 557 7 10 0.02307478 
157 591 10 12 0.02305923 
201 495 8 10 0.023024403 
902 1387 13 17 0.023012519 
373 129 16 18 0.02300472 
627 1136 13 19 0.022984833 
733 1139 13 15 0.022976954 
694 679 8 10 0.022967875 
772 647 9 11 0.022955986 
828 1194 15 22 0.022952832 
739 1291 14 20 0.022937542 
787 690 12 14 0.022935081 
376 1103 9 13 0.02292927 
516 1175 15 17 0.02290544 
135 651 13 18 0.022877045 
295 574 8 9 0.02282882 
830 711 12 14 0.02282781 
501 1088 9 10 0.02280662 
551 606 10 12 0.022805154 
527 1116 11 16 0.02280472 
321 552 8 10 0.022797951 
711 575 7 9 0.022785356 
241 534 8 9 0.022743821 
646 1122 12 16 0.022743233 
280 339 17 21 0.022728482 
279 552 8 9 0.022726033 
387 207 15 19 0.022717936 
248 608 9 11 0.022700008 
910 696 9 11 0.022687934 
673 1111 21 26 0.022683674 
775 662 10 12 0.022676017 
632 1303 21 28 0.022668418 
510 1102 10 12 0.02266629 
846 1124 13 16 0.02264681 
740 1139 12 15 0.022633905 
610 1269 17 21 0.022628888 
198 666 14 18 0.02262669 
859 1142 21 24 0.022587206 
679 545 8 9 0.022577032 
834 1305 16 23 0.022550013 
406 1191 14 19 0.02253805 
426 1188 16 18 0.022533955 
595 1180 14 17 0.022519479 
95 1171 15 18 0.022511803 
678 591 8 10 0.022486633 
112 706 10 13 0.022460049 
27 1132 12 17 0.022440385 
628 746 16 19 0.022393882 
900 1289 15 21 0.022388821 
682 1370 16 23 0.022370053 
159 1157 15 21 0.022352232 
376 590 9 10 0.022344481 
356 142 22 29 0.022332113 
312 552 7 9 0.02233012 
1 1076 11 16 0.022320103 
198 652 12 14 0.022308903 
685 1201 14 19 0.022292431 
412 493 9 11 0.02228632 
806 676 10 13 0.02227258 
265 1255 26 33 0.022268726 
328 1143 18 23 0.022248603 
809 1092 22 26 0.022242002 
414 1099 10 13 0.022212265 
958 1311 23 31 0.022200791 
499 1243 18 23 0.022182472 
551 627 12 15 0.022177702 
332 1193 14 18 0.022162827 
158 579 10 12 0.022162309 
262 662 10 12 0.022152072 
771 1204 16 18 0.022144873 
664 527 7 9 0.022127265 
816 1175 20 27 0.022121536 
119 1234 26 37 0.022116937 
718 695 9 11 0.022110453 
247 1217 17 21 0.022107422 
752 520 8 9 0.022097379 
581 1177 14 20 0.022095555 
99 1153 14 19 0.022094676 
901 1351 17 22 0.022091636 
0 1200 18 23 0.022062523 
382 1101 10 12 0.022047104 
211 696 14 16 0.022039926 
520 1247 17 22 0.022022547 
728 560 9 11 0.02200721 
695 575 8 9 0.022004152 
764 1187 15 18 0.02199928 
856 1221 24 30 0.021979045 
189 606 10 12 0.021977684 
703 550 8 9 0.021920424 
351 1139 13 18 0.021917978 
410 213 13 16 0.021911774 
854 1233 23 29 0.021905446 
728 726 8 10 0.021886913 
397 487 9 12 0.021852313 
827 1164 13 17 0.021850534 
904 1219 25 28 0.021843784 
969 750 28 32 0.021837294 
228 1122 14 18 0.021825122 
977 1246 16 22 0.021823518 
410 584 8 11 0.021773173 
487 574 9 11 0.021761073 
937 1166 20 28 0.021760017 
629 503 10 13 0.021745332 
935 1041 9 10 0.02173584 
81 688 9 10 0.021734325 
693 630 9 12 0.021726307 
609 557 8 9 0.02171522 
72 551 9 11 0.02169542 
702 559 9 11 0.02168655 
808 653 10 11 0.021678086 
703 591 8 10 0.021671513 
994 1323 24 30 0.021655409 
324 685 12 14 0.021649374 
373 1188 13 17 0.021622011 
720 606 8 10 0.021620492 
312 1221 23 29 0.021618944 
263 505 7 10 0.02159196 
307 184 17 23 0.021579333 
544 505 13 18 0.021561394 
715 1323 16 20 0.021559084 
312 646 9 11 0.021541614 
558 1267 14 19 0.021523656 
239 1083 12 16 0.02150034 
638 1295 20 27 0.021498695 
107 1210 17 19 0.0214818 
286 560 8 8 0.021476958 
552 496 10 12 0.021463176 
414 110 13 15 0.021437142 
411 1172 13 18 0.021423532 
796 1228 13 20 0.02140985 
719 717 8 10 0.02140716 
906 697 8 10 0.021403287 
486 1093 12 13 0.02137948 
314 1209 16 20 0.021339271 
561 1357 26 31 0.021331849 
709 1358 23 32 0.02132087 
815 701 12 15 0.02132045 
545 206 15 19 0.021319006 
302 201 15 20 0.021280065 
535 1200 16 19 0.021279637 
247 542 8 10 0.021264842 
322 181 22 30 0.021263145 
930 1076 12 14 0.02126105 
878 693 12 16 0.021245258 
803 1330 15 22 0.021242376 
899 1170 17 20 0.021235771 
735 1236 13 17 0.021221358 
198 597 8 10 0.021193614 
367 552 8 10 0.021185638 
638 626 9 12 0.021180488 
255 536 8 9 0.021178387 
239 551 8 9 0.021175735 
883 581 33 36 0.02113943 
65 541 7 9 0.02113912 
191 510 8 10 0.021138756 
171 1098 14 19 0.021125637 
721 669 8 11 0.0211089 
638 1147 13 17 0.021107955 
81 707 11 13 0.02109283 
656 559 8 10 0.021080486 
342 568 8 9 0.021062413 
671 1114 11 15 0.021053355 
702 615 8 9 0.02103176 
1012 1355 12 18 0.021024335 
345 472 7 8 0.02101803 
629 731 28 35 0.021016277 
532 588 11 13 0.02101113 
625 533 9 10 0.021009116 
97 544 8 10 0.021000575 
989 1290 13 19 0.020993318 
296 559 8 10 0.020991702 
145 1185 21 27 0.02097936 
544 574 8 10 0.020953879 
571 1156 23 27 0.02091471 
431 624 8 10 0.020899931 
574 527 9 12 0.02089505 
971 1264 18 22 0.020893162 
71 558 10 11 0.020878917 
249 1255 25 32 0.020871343 
373 687 12 14 0.020859376 
678 1266 14 18 0.020854788 
116 1224 16 21 0.020838417 
255 662 10 13 0.020819725 
198 574 8 10 0.0208179 
537 517 11 14 0.020791918 
220 613 10 12 0.020775557 
239 574 9 10 0.020775534 
231 692 11 13 0.020770555 
454 543 8 10 0.02076382 
204 674 12 15 0.02074807 
492 1146 15 18 0.020723166 
199 1189 20 25 0.020720808 
820 1331 18 23 0.020707283 
621 740 26 31 0.020697521 
713 1210 15 18 0.020695208 
118 738 11 15 0.020690445 
87 545 8 10 0.0206863 
958 1230 22 28 0.020680299 
963 1253 18 20 0.020647021 
317 632 107 123 0.02063981 
687 583 9 10 0.020597836 
237 1250 25 32 0.0205926 
309 616 8 10 0.020584662 
139 1173 23 29 0.020580197 
413 656 11 13 0.020576157 
972 1200 21 28 0.020573143 
412 1259 16 21 0.020571217 
493 1102 10 11 0.02056626 
8 566 11 13 0.020565737 
301 1225 15 20 0.020563543 
563 1139 13 16 0.02056091 
215 1181 14 19 0.020555014 
621 1266 14 20 0.020549554 
429 1156 13 15 0.020543437 
286 1258 43 50 0.020508895 
392 590 8 10 0.020484382 
241 1275 15 20 0.020478005 
280 1225 24 28 0.020461328 
320 607 8 10 0.02045782 
390 1100 10 12 0.020439392 
600 582 11 13 0.02042476 
374 148 12 16 0.020414634 
306 658 20 24 0.020397823 
660 1197 13 17 0.02039663 
813 654 9 11 0.02037848 
723 1328 15 20 0.020377764 
332 202 18 24 0.020373018 
932 1108 13 16 0.020360498 
96 684 9 12 0.02034728 
154 1038 9 12 0.020343136 
318 574 8 11 0.020340152 
459 1131 20 24 0.020325476 
56 742 9 11 0.020300515 
996 1306 22 32 0.020299772 
478 1106 13 16 0.020284558 
711 607 8 9 0.020267235 
664 638 8 10 0.020258013 
441 709 29 34 0.02023738 
627 1179 14 18 0.02023735 
961 697 8 10 0.020237012 
797 1154 12 19 0.020235656 
288 1081 10 13 0.020183047 
424 559 8 9 0.020167818 
118 708 9 12 0.02016776 
744 1361 27 30 0.020157041 
344 463 7 10 0.0201566 
737 497 7 8 0.020151816 
821 1064 10 12 0.020136606 
750 679 9 12 0.020126589 
893 1241 16 23 0.020123852 
944 1190 20 25 0.020114738 
894 1099 13 17 0.020100199 
579 1234 15 18 0.020092836 
696 558 9 11 0.020082885 
490 1263 17 22 0.02007966 
707 1362 15 22 0.020074254 
134 1102 11 15 0.020070637 
696 669 10 12 0.020053197 
385 628 9 12 0.02005139 
712 696 9 10 0.020044992 
776 678 10 13 0.020013502 
