10_People_Marching_People_Marching_2_277
452
50 187 42 62 0.9802478 
369 183 25 31 0.9540784 
838 185 24 28 0.9493029 
869 194 15 19 0.9211652 
818 190 17 21 0.8706267 
332 181 16 21 0.73753524 
913 186 21 25 0.7289085 
422 182 29 33 0.72031224 
470 178 14 18 0.7149182 
621 187 29 35 0.7068956 
195 262 16 21 0.6880285 
506 196 20 26 0.6339624 
942 186 13 17 0.6339145 
974 191 16 20 0.60501474 
1011 184 12 19 0.5873595 
560 181 8 11 0.5731741 
675 193 16 21 0.541412 
492 202 12 17 0.48817354 
765 194 14 17 0.39533618 
263 177 12 14 0.38642758 
233 177 11 15 0.33407316 
414 172 29 34 0.30103242 
758 187 23 28 0.27475736 
742 195 9 13 0.26141143 
960 178 10 13 0.25738037 
316 188 12 14 0.2501695 
20 202 12 17 0.2315335 
4 202 18 22 0.21080886 
890 219 13 16 0.20530707 
99 262 53 64 0.19993351 
950 238 13 17 0.19208585 
992 194 11 15 0.19202629 
891 197 11 14 0.19136527 
535 181 11 15 0.17681706 
945 219 12 15 0.16474395 
496 175 9 11 0.15887524 
255 214 9 12 0.15828398 
315 273 21 29 0.15297078 
1005 220 13 17 0.14692868 
224 215 8 12 0.14362518 
231 379 25 36 0.14118086 
718 190 9 11 0.13730861 
1006 216 11 13 0.13717206 
521 203 14 18 0.1357337 
922 196 15 22 0.13545078 
311 184 10 12 0.13451365 
423 306 21 26 0.13445997 
781 203 13 17 0.13401067 
875 234 15 20 0.13233815 
589 188 10 14 0.12966537 
964 175 10 12 0.12708089 
581 212 9 11 0.121917985 
24 168 8 10 0.11795827 
450 167 14 18 0.10509059 
96 205 36 49 0.10471808 
557 213 11 14 0.10459038 
551 166 8 10 0.10237357 
782 196 14 17 0.10079375 
711 190 8 11 0.09922667 
541 179 9 14 0.09827872 
804 196 11 15 0.09758321 
749 195 11 13 0.0974969 
933 184 14 18 0.09683029 
606 178 41 53 0.0948713 
487 197 14 19 0.0926296 
692 201 12 19 0.09199265 
28 202 12 16 0.09100162 
415 253 13 16 0.09039612 
996 190 10 15 0.08936531 
704 188 10 13 0.088263676 
835 242 14 17 0.08674874 
474 182 14 19 0.08559953 
493 197 19 26 0.08350281 
294 177 8 11 0.08268331 
573 181 9 12 0.0816739 
685 182 11 13 0.081036285 
389 238 16 20 0.08056202 
481 247 22 33 0.08026533 
950 195 10 14 0.07968824 
553 180 9 12 0.07892237 
798 195 13 16 0.07715106 
491 389 16 20 0.076452285 
646 238 10 13 0.076448545 
566 182 9 11 0.07487986 
532 206 11 13 0.074727595 
782 229 12 14 0.074116334 
741 205 9 14 0.070230864 
576 160 8 10 0.068945244 
476 210 13 16 0.06860707 
894 179 12 14 0.06777841 
534 510 11 13 0.067463964 
716 221 11 15 0.06708699 
947 225 14 17 0.06678305 
212 239 24 30 0.06638421 
453 157 12 14 0.06605913 
825 187 16 20 0.06547762 
270 227 14 16 0.065154105 
790 272 14 20 0.0646787 
460 168 19 24 0.064219534 
544 176 9 12 0.06279593 
923 183 14 18 0.06255704 
964 201 14 18 0.06255556 
892 190 12 16 0.06253749 
257 180 11 12 0.062167335 
382 249 24 30 0.061002377 
569 152 7 8 0.059707228 
261 172 19 24 0.059572455 
272 199 9 11 0.058628585 
281 165 8 11 0.05839071 
982 231 12 16 0.05826411 
1011 219 10 15 0.057867292 
443 247 42 51 0.057543892 
557 159 8 9 0.05718667 
573 245 10 14 0.05704469 
451 295 18 23 0.05650428 
655 220 13 15 0.056431048 
66 197 44 57 0.05609864 
13 206 22 31 0.055987548 
797 235 15 18 0.055986352 
634 266 16 20 0.05521851 
186 263 27 34 0.054314446 
293 196 11 13 0.054037582 
342 142 7 9 0.054032557 
734 191 12 15 0.054027587 
759 199 14 18 0.053467512 
992 291 11 14 0.052943684 
782 283 12 17 0.05273634 
670 191 15 19 0.052350767 
305 182 8 12 0.051198382 
550 175 9 12 0.05116327 
747 186 23 28 0.05103514 
885 259 15 21 0.05028016 
683 198 15 21 0.04988339 
453 188 12 16 0.049008332 
606 190 11 13 0.04867719 
601 152 8 10 0.048631195 
469 253 28 34 0.048038986 
711 241 13 18 0.04803759 
860 186 20 26 0.047769554 
768 195 20 27 0.047646154 
859 262 22 28 0.047475856 
770 188 12 17 0.04718661 
484 304 18 23 0.04713732 
625 205 18 23 0.047039907 
720 197 10 12 0.04655413 
200 206 8 11 0.046377957 
772 227 13 15 0.04621936 
351 161 14 16 0.046201423 
107 167 31 40 0.0460304 
246 253 13 15 0.045958787 
414 302 22 27 0.04522772 
454 149 13 14 0.045225587 
384 263 14 18 0.04521108 
682 187 15 20 0.0446449 
717 183 10 12 0.044504758 
440 186 22 30 0.044253595 
244 260 14 17 0.044250626 
890 202 15 19 0.043914817 
168 202 10 13 0.043900073 
145 213 11 15 0.04376088 
413 173 17 19 0.043610282 
665 195 11 15 0.04334748 
859 212 14 17 0.043224126 
464 179 14 20 0.043059 
629 223 15 18 0.042737696 
807 191 11 14 0.042158782 
393 196 19 27 0.041982062 
402 206 15 21 0.041880596 
188 253 20 23 0.041667707 
607 197 12 15 0.04155521 
716 225 14 19 0.041527413 
249 214 9 12 0.041388597 
459 253 26 29 0.041189473 
700 204 13 17 0.041145664 
720 203 10 13 0.04109131 
1 150 8 13 0.041079342 
543 250 26 33 0.041072134 
958 204 12 15 0.040909212 
21 172 11 15 0.04077643 
768 223 11 14 0.040694423 
789 192 11 16 0.04058726 
551 188 10 13 0.040409856 
982 183 12 14 0.040396508 
708 250 16 19 0.04002837 
315 184 20 24 0.03975867 
869 260 22 28 0.039679524 
485 179 12 15 0.03967461 
530 264 25 31 0.03946522 
552 217 13 16 0.03941678 
989 181 11 14 0.03910593 
173 182 8 11 0.039102223 
553 160 9 11 0.039070375 
220 214 9 11 0.038445737 
570 158 8 10 0.038399983 
903 188 13 16 0.03800888 
344 158 9 11 0.03762015 
238 264 15 19 0.037580073 
274 232 16 19 0.037337102 
1001 224 13 17 0.0369941 
342 151 8 10 0.03674541 
887 253 12 17 0.036715057 
572 198 9 12 0.036681697 
238 168 10 13 0.03667551 
442 138 28 31 0.0366466 
485 227 14 17 0.036294617 
292 252 14 16 0.036272768 
744 181 10 12 0.036260262 
233 354 13 16 0.036183678 
543 150 8 10 0.035902772 
277 199 10 12 0.03585579 
394 287 23 26 0.035396867 
726 197 9 13 0.03523272 
366 158 10 12 0.035186954 
461 245 16 18 0.034957975 
997 202 12 14 0.034951005 
242 388 17 24 0.03493128 
263 168 11 14 0.034861892 
609 202 12 16 0.03485847 
886 191 12 16 0.034774706 
312 192 13 16 0.03460318 
183 197 8 10 0.0344538 
982 214 12 15 0.03431946 
842 262 13 16 0.034179483 
239 187 11 14 0.03409302 
997 287 11 15 0.034004856 
491 253 14 23 0.03360186 
325 230 10 11 0.033565484 
363 185 21 23 0.033546813 
759 244 13 16 0.033374984 
575 206 9 11 0.033078343 
559 185 11 13 0.032988396 
620 191 19 22 0.0327259 
967 194 15 18 0.032370966 
533 231 41 51 0.03218516 
992 177 9 11 0.032141626 
167 229 13 17 0.03202231 
926 233 12 14 0.03200251 
272 290 18 20 0.031878408 
419 198 17 23 0.03169499 
288 220 13 17 0.031599455 
930 199 15 19 0.031586792 
607 158 8 10 0.03138576 
198 198 8 11 0.031327426 
633 189 16 21 0.031191308 
223 197 9 11 0.031178214 
301 196 10 13 0.031158881 
499 180 12 13 0.031039499 
229 214 8 12 0.031033708 
484 188 12 15 0.031023527 
884 223 14 19 0.030951595 
781 217 15 20 0.030919202 
659 214 14 17 0.03089289 
525 187 13 16 0.030858608 
205 251 13 18 0.030798627 
801 229 14 19 0.030732438 
22 198 20 26 0.030577337 
198 193 8 10 0.030527413 
319 228 10 13 0.030499762 
199 247 22 29 0.03048447 
245 174 9 13 0.030465731 
254 189 12 13 0.030158747 
256 175 10 12 0.03011555 
854 215 13 16 0.030059993 
998 181 10 15 0.030048914 
431 166 27 32 0.030010121 
605 153 8 9 0.030003404 
275 179 11 15 0.02997429 
776 207 14 20 0.029838344 
384 187 17 22 0.029595317 
716 233 15 20 0.029594742 
53 255 13 17 0.029589003 
608 284 12 17 0.029580314 
709 265 17 20 0.029532967 
355 405 11 12 0.029475056 
744 176 9 11 0.029393744 
442 272 29 33 0.029335028 
715 271 16 18 0.029321574 
557 165 10 12 0.029289601 
575 188 9 12 0.029264363 
338 348 19 21 0.029245311 
536 281 18 22 0.029221445 
631 165 9 10 0.029069109 
559 241 21 29 0.029047638 
542 235 12 15 0.02890744 
773 182 12 15 0.02886748 
867 250 16 19 0.028838273 
599 188 11 14 0.028676819 
553 206 10 13 0.028675672 
882 192 19 25 0.028596893 
305 188 9 13 0.028429328 
289 181 10 12 0.02817985 
949 181 11 14 0.028161991 
347 187 13 17 0.028152835 
956 198 11 15 0.028105741 
475 199 21 26 0.028089717 
292 214 13 15 0.028088976 
805 189 21 27 0.028085005 
727 192 9 11 0.02794484 
312 369 18 18 0.027805032 
545 168 8 10 0.027645372 
157 243 13 16 0.02758589 
584 325 17 19 0.027576542 
0 265 9 15 0.027565433 
326 386 15 18 0.027430147 
315 262 16 18 0.0270976 
568 166 9 10 0.027093414 
567 176 10 12 0.026988028 
541 227 12 15 0.026945958 
802 274 16 20 0.026934935 
701 263 18 20 0.026762476 
737 190 19 24 0.026629142 
868 237 18 22 0.026607988 
350 193 12 17 0.026477968 
790 238 21 25 0.026446685 
816 359 12 14 0.026327796 
508 191 15 19 0.026236905 
310 228 12 14 0.026144937 
224 179 11 13 0.026090367 
25 196 44 56 0.025911173 
265 249 18 20 0.025769502 
781 178 11 15 0.025667327 
304 239 12 14 0.025529247 
212 272 16 19 0.025506645 
790 302 11 12 0.02549321 
321 268 14 19 0.02545983 
477 194 14 18 0.025429921 
147 218 15 19 0.025355186 
693 188 11 16 0.025355011 
711 184 9 11 0.025228843 
486 348 11 13 0.025151046 
790 236 14 17 0.025133677 
710 196 9 13 0.025075614 
471 158 10 13 0.024979966 
279 222 22 26 0.024946999 
11 198 16 21 0.024830978 
513 431 11 12 0.02482714 
100 151 37 37 0.024814056 
220 268 15 18 0.024734184 
541 262 17 22 0.024658749 
591 194 9 13 0.024654886 
358 160 11 13 0.024535103 
140 222 24 31 0.024517084 
431 151 11 12 0.024475526 
920 177 12 13 0.024456425 
653 259 10 14 0.024395525 
559 152 7 9 0.024390288 
254 196 10 12 0.024347614 
956 211 12 15 0.024291102 
928 252 11 13 0.024257392 
656 422 12 14 0.024128564 
394 352 25 27 0.02403516 
861 241 16 19 0.023978502 
703 176 8 12 0.023942703 
330 246 13 15 0.023920238 
842 251 13 15 0.023907142 
356 202 12 16 0.02389984 
275 267 13 17 0.02388668 
288 205 10 13 0.023882737 
477 217 14 16 0.023857893 
295 244 26 25 0.023812404 
337 142 7 9 0.023799706 
661 244 13 14 0.023787005 
471 265 28 37 0.023736048 
406 235 12 16 0.023656147 
962 310 12 15 0.023608487 
692 234 12 14 0.023508096 
965 226 14 18 0.023500593 
562 211 11 14 0.023466296 
395 188 12 15 0.023393506 
773 282 15 18 0.0233393 
232 187 10 14 0.023316594 
611 196 15 19 0.023220778 
774 233 14 16 0.023104563 
708 205 10 14 0.023086812 
140 190 10 13 0.023068387 
357 281 15 21 0.023046957 
555 254 16 23 0.023022888 
126 142 10 11 0.022886937 
848 195 17 23 0.022865528 
877 183 11 15 0.022837203 
555 176 20 24 0.02281623 
299 306 28 33 0.02280525 
277 223 12 15 0.022749241 
865 258 17 20 0.022739973 
717 214 10 12 0.022685872 
134 151 11 13 0.022680745 
605 190 24 31 0.022520766 
936 219 11 14 0.022433044 
532 257 18 25 0.022414876 
616 253 9 12 0.022242466 
504 167 9 12 0.02222902 
586 182 19 25 0.022224637 
831 236 15 19 0.022100838 
218 221 10 12 0.022090735 
566 189 9 11 0.022071453 
501 205 15 20 0.022013122 
640 197 16 23 0.022001704 
58 144 7 9 0.021998622 
125 150 12 14 0.02197024 
328 209 11 16 0.021964287 
813 221 12 15 0.021855902 
273 203 10 12 0.021794574 
957 186 12 15 0.021783661 
289 175 8 11 0.021761063 
742 218 12 15 0.0216811 
349 268 15 17 0.021597633 
223 247 18 22 0.021590635 
860 223 24 30 0.021580074 
749 182 9 12 0.021549372 
975 183 14 15 0.021535788 
781 222 21 25 0.021503596 
481 278 24 32 0.021489326 
180 288 15 20 0.021474909 
764 178 22 30 0.02147263 
566 205 10 12 0.021438617 
870 242 22 28 0.021407317 
944 241 15 17 0.021396631 
320 176 9 11 0.021390604 
428 299 24 28 0.021384228 
537 160 8 9 0.021207826 
582 267 11 15 0.021129167 
231 168 12 14 0.021038054 
192 205 10 12 0.020989986 
666 309 21 27 0.02097496 
16 209 32 40 0.020969242 
146 238 17 22 0.020853082 
527 181 14 16 0.020803574 
779 241 16 18 0.020794526 
702 195 12 17 0.02078542 
597 174 11 12 0.020764071 
182 259 14 20 0.02063637 
785 189 20 24 0.020618755 
471 166 10 13 0.020583613 
175 188 9 13 0.020574188 
382 159 12 13 0.02052799 
661 195 23 28 0.020483637 
284 278 11 15 0.02037058 
193 198 9 11 0.020368509 
224 172 22 27 0.020346973 
726 222 10 13 0.020324184 
197 246 13 16 0.020261656 
750 202 11 16 0.020258276 
589 311 17 19 0.020250363 
903 188 22 26 0.020245822 
245 189 9 13 0.020241693 
771 211 21 28 0.020218391 
814 332 9 12 0.020173613 
830 250 13 16 0.020156858 
262 185 11 14 0.020150118 
509 165 9 11 0.020082843 
227 267 14 17 0.020047972 
837 195 18 24 0.020039309 
