10_People_Marching_People_Marching_10_People_Marching_People_Marching_10_368
25
600 135 59 80 0.99968064 
448 186 57 70 0.99964166 
729 113 60 80 0.99963856 
334 151 59 78 0.9994485 
43 100 62 80 0.9994068 
185 92 67 91 0.9993381 
859 173 69 86 0.9987264 
519 218 48 59 0.9946339 
400 152 42 61 0.9794773 
270 189 49 57 0.8960534 
661 186 43 54 0.6245312 
933 226 30 43 0.60691446 
-1 181 35 53 0.48604986 
992 549 31 60 0.10614795 
933 197 10 14 0.055214707 
574 407 28 32 0.052323654 
906 204 49 62 0.032096248 
351 357 11 13 0.026264518 
432 462 29 34 0.025913402 
472 452 13 14 0.024527112 
585 382 34 32 0.024242837 
508 445 10 13 0.023850167 
462 424 49 58 0.023366656 
438 447 32 34 0.02150713 
924 205 28 37 0.020519033 
