10_People_Marching_People_Marching_2_678
257
350 278 26 30 0.99899036 
724 272 23 29 0.9925377 
449 296 23 27 0.9901239 
786 305 18 22 0.9807289 
254 288 26 30 0.976254 
306 292 21 25 0.9758041 
515 303 19 23 0.96903986 
217 294 23 27 0.95223546 
887 294 18 22 0.9431576 
65 255 10 14 0.90803796 
621 293 20 26 0.90084547 
116 336 13 17 0.896666 
759 321 15 20 0.88534623 
843 304 21 25 0.77086526 
826 351 17 19 0.64147073 
22 319 11 16 0.63711107 
565 330 10 13 0.6280408 
902 210 10 12 0.61296743 
380 306 14 18 0.4794164 
204 344 16 19 0.4501962 
111 302 10 12 0.36160472 
911 330 13 15 0.31357422 
717 325 13 17 0.2989581 
38 319 13 16 0.28230312 
173 321 16 19 0.2677264 
60 325 9 13 0.26146045 
66 364 15 20 0.24356797 
91 332 12 15 0.22817446 
165 315 14 18 0.22412904 
432 284 14 18 0.22317773 
174 337 14 17 0.20627719 
165 309 12 14 0.18634687 
678 415 8 9 0.17266479 
170 325 21 26 0.16702521 
80 333 9 12 0.16057764 
17 322 12 14 0.15816161 
520 421 12 13 0.15554294 
102 351 11 14 0.14900689 
421 424 8 10 0.14613059 
805 310 11 16 0.14561953 
948 208 10 12 0.14198099 
163 408 15 18 0.1396621 
556 360 14 17 0.1395654 
140 395 10 13 0.13692047 
207 419 10 15 0.12957089 
304 268 13 17 0.12338149 
814 318 11 16 0.118284345 
69 357 12 15 0.11204518 
794 310 15 20 0.11118099 
27 320 12 17 0.10504766 
474 260 10 12 0.10480201 
66 349 12 14 0.09637504 
477 353 14 17 0.095575884 
156 334 12 18 0.0927203 
254 426 12 16 0.091541685 
189 317 11 13 0.091306135 
984 236 10 12 0.0853373 
112 297 10 12 0.0848215 
203 298 13 17 0.0824739 
756 254 10 13 0.07759992 
873 351 12 15 0.07681311 
455 422 10 12 0.074416004 
181 317 13 17 0.07245056 
433 279 11 15 0.070532896 
80 385 12 20 0.06770793 
615 277 12 17 0.06738431 
842 285 9 12 0.06666379 
68 343 10 14 0.06651546 
951 392 12 15 0.06576519 
171 410 12 14 0.065713316 
737 406 11 14 0.06470942 
1002 253 9 12 0.06384514 
628 233 16 20 0.061971895 
819 319 13 16 0.06106782 
200 293 12 15 0.06069449 
854 426 10 10 0.059777323 
126 319 9 12 0.058917925 
599 345 10 11 0.057949003 
799 293 10 13 0.05705539 
107 303 9 11 0.05666313 
867 324 13 16 0.056283325 
187 406 13 16 0.055362303 
592 318 10 12 0.05534152 
79 356 11 15 0.05392864 
102 255 15 17 0.053524032 
317 259 10 12 0.053078875 
107 385 15 20 0.052989274 
1009 190 8 10 0.05281221 
763 311 13 17 0.05256312 
89 328 9 12 0.052160885 
464 271 9 11 0.052113876 
127 290 10 13 0.050907794 
592 343 9 10 0.049961623 
468 281 16 21 0.048985474 
63 367 22 29 0.04808818 
104 287 9 11 0.047647104 
101 379 17 19 0.046085276 
112 324 11 13 0.045739528 
76 361 13 18 0.044887498 
80 350 10 13 0.044645816 
795 254 9 11 0.044456623 
961 239 10 11 0.04423224 
757 276 9 12 0.04300747 
55 300 9 11 0.042782497 
83 381 23 26 0.04277747 
205 426 10 14 0.042613946 
806 367 17 18 0.042599168 
1 335 9 12 0.042564653 
548 320 14 17 0.04238613 
128 354 11 14 0.0418884 
575 340 9 12 0.041186977 
423 323 12 16 0.041064944 
599 365 10 13 0.040999047 
248 424 12 14 0.040803663 
871 268 10 12 0.04075366 
391 500 10 13 0.040559977 
437 162 11 15 0.040411428 
1014 276 8 13 0.04036677 
144 371 13 17 0.040282454 
752 267 13 18 0.03993134 
95 354 14 15 0.03834124 
160 302 12 15 0.038111985 
767 202 12 13 0.038007878 
799 287 9 11 0.03783602 
116 295 10 13 0.03778822 
573 335 10 12 0.03750315 
387 300 15 19 0.037420437 
1001 246 9 12 0.037076727 
78 328 10 13 0.03681356 
542 465 8 11 0.036812607 
183 409 13 16 0.036332812 
259 423 11 15 0.03601875 
79 340 11 14 0.035959672 
777 270 11 14 0.035380047 
552 358 13 16 0.034493033 
753 222 9 12 0.034231167 
250 276 15 18 0.034031387 
613 270 12 15 0.033483494 
883 324 11 14 0.03264609 
275 335 15 19 0.032625683 
615 517 13 14 0.03246519 
785 287 9 11 0.032232158 
590 323 12 15 0.032083936 
116 306 10 12 0.03205882 
183 422 12 15 0.032035284 
386 280 16 18 0.031902708 
751 284 12 16 0.03169043 
756 290 11 13 0.03166507 
589 331 11 13 0.031354565 
437 289 23 28 0.0312922 
16 311 9 12 0.031214336 
536 469 8 11 0.03117398 
368 354 15 19 0.030895207 
56 320 12 14 0.030824544 
841 280 10 12 0.030780854 
80 293 8 11 0.03067676 
375 302 15 18 0.030509204 
965 223 9 12 0.030466974 
160 320 13 19 0.030391548 
97 293 9 11 0.030036896 
558 317 11 14 0.02991327 
477 211 10 13 0.02963511 
86 335 12 17 0.029534835 
170 310 12 15 0.029376393 
1013 230 10 15 0.028589938 
528 471 8 10 0.028414013 
208 278 10 12 0.028410573 
104 294 7 11 0.028269583 
629 255 15 19 0.028233694 
55 266 9 13 0.02820981 
565 320 9 13 0.028195376 
475 291 12 18 0.027934983 
471 267 10 14 0.027882332 
889 183 27 34 0.027603049 
542 346 10 14 0.027492002 
826 341 17 20 0.02743965 
864 331 12 15 0.027390126 
592 348 11 12 0.02735097 
110 287 9 11 0.027067501 
545 316 13 17 0.026989033 
100 395 16 17 0.026752094 
765 253 12 14 0.026175907 
456 417 11 12 0.026169384 
582 333 10 13 0.026138972 
753 245 11 14 0.025822623 
808 353 22 28 0.025677286 
182 310 13 16 0.025627187 
476 173 12 15 0.025446784 
558 324 17 22 0.025263213 
402 245 10 12 0.025091385 
72 303 7 9 0.024889063 
1008 236 10 13 0.02482891 
114 393 14 20 0.024774505 
183 312 20 25 0.024727464 
503 313 12 16 0.024705376 
826 323 14 16 0.024697863 
613 258 12 17 0.024686173 
966 244 10 13 0.024511822 
617 449 9 11 0.024449026 
55 370 15 20 0.024377448 
839 311 15 19 0.02418373 
198 410 12 17 0.024057798 
709 284 13 17 0.024027536 
198 287 12 15 0.02390753 
1000 257 12 15 0.023691274 
531 291 12 17 0.023583151 
793 158 10 14 0.023523808 
558 440 9 11 0.023474712 
60 385 13 16 0.02330638 
503 323 11 14 0.023253838 
561 356 13 17 0.023055155 
416 316 11 15 0.022965508 
530 305 12 16 0.022931183 
557 308 13 16 0.022929367 
799 306 19 25 0.022736726 
514 422 10 12 0.022705363 
260 277 15 17 0.022618739 
859 156 10 13 0.022594793 
72 273 11 14 0.022581106 
768 221 11 12 0.022531385 
263 52 23 31 0.022409018 
812 154 12 14 0.022396008 
914 366 14 16 0.022115655 
71 404 12 15 0.022094598 
451 423 8 11 0.021935608 
613 234 15 19 0.021908393 
941 191 8 10 0.021903487 
857 307 13 17 0.021847645 
757 229 10 11 0.021821821 
167 369 25 31 0.021739308 
108 297 18 22 0.021638533 
767 214 12 13 0.021619782 
39 313 11 14 0.021488743 
670 371 11 13 0.02145273 
117 326 11 15 0.021445826 
812 342 23 28 0.021363687 
509 253 14 19 0.021336528 
119 319 9 12 0.02117452 
764 277 9 13 0.021142675 
782 276 9 12 0.020941842 
202 415 19 25 0.020922573 
806 303 9 12 0.020860992 
164 293 12 15 0.020793244 
909 369 14 16 0.020749547 
116 379 13 18 0.020595934 
585 326 11 13 0.020541761 
582 340 9 12 0.020379046 
199 304 13 18 0.020342711 
845 179 11 14 0.020334244 
74 368 16 21 0.02029031 
303 272 18 23 0.020278731 
868 317 12 15 0.020231208 
951 202 8 10 0.020200042 
71 310 10 14 0.020179335 
604 347 9 12 0.02016183 
76 369 24 30 0.020128064 
575 347 10 13 0.020111846 
