10_People_Marching_People_Marching_10_People_Marching_People_Marching_10_People_Marching_People_Marching_10_933
91
110 203 37 48 0.9748581 
539 157 28 32 0.97395235 
980 138 23 31 0.6973512 
527 163 27 34 0.50395644 
988 132 24 40 0.35017413 
518 169 28 36 0.29811072 
282 55 18 24 0.26256308 
317 72 14 20 0.14507382 
232 11 14 17 0.100715086 
545 280 24 30 0.0799863 
325 246 12 14 0.07366541 
751 38 11 15 0.067902766 
673 -2 28 31 0.06626164 
66 47 14 19 0.064221494 
276 85 11 16 0.063463755 
325 73 13 24 0.05792157 
733 7 14 20 0.056929894 
734 200 13 19 0.055925317 
771 0 19 19 0.05378329 
689 2 27 31 0.051809534 
716 3 17 21 0.049950425 
847 0 11 11 0.047957037 
239 103 27 40 0.04558223 
518 178 17 22 0.044706546 
332 196 10 13 0.043033663 
992 382 29 37 0.042698998 
261 79 22 28 0.041883335 
232 27 13 16 0.041853163 
728 202 22 35 0.041700568 
270 69 12 16 0.040187143 
717 42 15 20 0.040144905 
290 59 16 22 0.039398123 
49 40 14 19 0.03658596 
752 31 10 13 0.036110174 
798 1 13 17 0.0356629 
806 52 11 13 0.035229 
215 169 44 52 0.035090208 
788 46 15 20 0.03391738 
792 154 13 18 0.033582952 
701 3 28 33 0.033016015 
532 258 42 53 0.032494158 
182 0 10 10 0.03234845 
956 0 12 11 0.031831466 
246 84 23 31 0.030952454 
755 35 12 15 0.030874828 
275 61 17 23 0.030347606 
723 6 16 22 0.029815072 
298 1 18 18 0.02966137 
797 38 11 14 0.029422779 
153 194 46 58 0.029342325 
999 129 23 39 0.029055506 
806 2 12 16 0.02829546 
249 108 39 53 0.02789079 
949 23 9 11 0.027380165 
974 0 9 9 0.027064858 
221 66 25 33 0.027018424 
463 0 18 18 0.02655598 
103 1 30 28 0.026248781 
327 228 11 12 0.025873315 
749 175 24 30 0.025200427 
267 87 24 32 0.02509518 
253 131 11 15 0.02481454 
656 -1 29 33 0.024274336 
795 42 14 19 0.02336872 
738 5 15 18 0.023256557 
325 87 15 21 0.02284391 
828 45 12 15 0.022815762 
245 97 15 20 0.022747833 
270 66 23 32 0.022698121 
557 160 22 32 0.022525758 
37 25 12 14 0.02247407 
298 85 22 27 0.022379857 
249 82 37 47 0.022347048 
327 76 21 33 0.022234876 
274 207 7 9 0.022217361 
967 14 12 16 0.022172527 
933 39 8 12 0.022116013 
229 53 14 18 0.021856299 
23 0 16 18 0.021753026 
765 8 15 19 0.021745 
326 240 12 14 0.021488126 
139 155 11 16 0.02137486 
748 45 14 19 0.021276258 
840 23 10 12 0.021249099 
508 3 31 34 0.021128487 
333 1 11 11 0.02106967 
668 0 21 21 0.020777958 
271 58 14 20 0.020713907 
749 4 13 15 0.02054481 
766 241 10 15 0.020399012 
254 78 14 17 0.020005157 
