10_People_Marching_People_Marching_2_793
45
276 75 51 63 0.9983089 
127 80 47 61 0.99780315 
513 97 49 56 0.99667585 
804 117 45 52 0.99613816 
63 137 49 54 0.9958722 
406 81 47 56 0.99467117 
898 16 44 58 0.99151975 
651 180 43 49 0.9821 
935 166 45 55 0.9762598 
415 4 44 54 0.970076 
28 406 200 214 0.14816207 
917 16 36 44 0.072123416 
998 210 16 22 0.067437544 
139 306 28 35 0.06286626 
0 280 35 68 0.06055435 
212 284 30 60 0.052350275 
37 381 136 143 0.04076099 
537 364 88 104 0.039623395 
746 192 39 57 0.03681565 
-1 286 334 397 0.034262583 
999 161 24 38 0.03345052 
105 160 33 39 0.033365533 
539 362 59 58 0.032082718 
886 218 33 49 0.030689456 
575 368 32 31 0.029498091 
952 175 49 59 0.029177794 
808 329 108 164 0.028180288 
74 424 33 38 0.027511958 
664 593 37 40 0.02747938 
154 380 226 197 0.027041601 
603 192 35 48 0.02691456 
571 178 31 44 0.026859855 
663 71 11 14 0.026418796 
189 594 44 51 0.026124654 
731 322 18 20 0.025486784 
938 23 19 26 0.025229605 
601 406 17 25 0.02415276 
731 157 46 62 0.023534264 
5 443 52 57 0.021924578 
1011 539 13 25 0.021676172 
110 208 35 41 0.021467187 
332 162 40 46 0.020958109 
636 0 16 17 0.02061582 
241 403 147 128 0.020388892 
727 96 13 16 0.020172482 
