10_People_Marching_People_Marching_10_People_Marching_People_Marching_10_524
59
64 132 73 88 0.99778455 
589 172 62 71 0.9946838 
836 139 59 66 0.97735834 
272 217 31 37 0.8480488 
285 215 39 40 0.5528022 
501 246 17 25 0.27116627 
363 230 22 28 0.20728484 
215 248 25 29 0.15459207 
520 138 46 64 0.12387209 
873 139 59 68 0.09648156 
396 232 23 30 0.07572385 
151 194 45 53 0.06869351 
215 120 31 32 0.06747135 
192 170 28 37 0.06563127 
1004 160 19 34 0.06367263 
202 234 45 50 0.06335459 
214 166 49 56 0.05823102 
394 85 102 143 0.055953924 
892 247 31 38 0.051983092 
357 227 17 21 0.045218546 
492 107 82 102 0.044002473 
364 289 22 29 0.043837603 
291 134 31 36 0.043572195 
498 76 29 36 0.04265175 
182 163 49 54 0.039728954 
202 180 29 30 0.037559822 
167 178 46 54 0.034655083 
239 167 30 39 0.033093713 
147 206 29 38 0.03292841 
314 286 38 48 0.032888014 
154 223 17 21 0.030242644 
253 178 14 19 0.029827787 
1 157 40 60 0.029466845 
294 200 34 42 0.029335197 
551 489 27 31 0.029201603 
676 189 51 68 0.027786115 
225 242 28 35 0.027097387 
890 224 35 46 0.026341777 
169 201 48 53 0.025340168 
295 230 31 36 0.025158733 
102 -22 370 420 0.025058128 
194 211 49 57 0.024601942 
313 217 16 21 0.024486654 
902 167 38 41 0.024399467 
724 136 33 39 0.024120513 
14 213 55 68 0.02391918 
256 252 28 32 0.023760412 
574 194 37 48 0.023708219 
347 258 18 21 0.02314579 
185 153 30 42 0.02269249 
767 71 33 42 0.022308597 
864 34 121 154 0.022066526 
214 244 17 21 0.021752376 
338 201 27 33 0.02166462 
451 116 85 103 0.02161494 
960 66 55 79 0.020755917 
50 76 105 135 0.020593138 
12 139 48 62 0.020105459 
221 119 15 17 0.02002225 
