26_Soldier_Drilling_Soldiers_Drilling_26_64
30
455 179 52 64 0.9996815 
662 165 49 63 0.99929833 
586 191 27 32 0.9833872 
51 162 47 57 0.9496128 
762 182 14 20 0.18783061 
685 338 21 28 0.1862674 
265 179 16 19 0.13438265 
835 193 15 19 0.123256125 
538 166 25 30 0.117093824 
676 345 25 34 0.08532603 
334 224 46 58 0.07808805 
19 156 42 52 0.075440235 
363 410 21 29 0.07187218 
668 359 26 30 0.06533996 
800 145 12 16 0.049971085 
370 401 16 22 0.040441032 
630 365 25 36 0.037832465 
274 180 14 19 0.034791283 
616 341 43 53 0.029413117 
669 371 17 22 0.028357334 
788 199 11 13 0.027308669 
385 239 9 12 0.026192507 
315 200 17 21 0.026079813 
778 251 27 27 0.025910934 
353 181 16 17 0.024700642 
823 196 11 15 0.02414902 
261 185 23 26 0.022654587 
748 185 23 28 0.021118285 
635 364 16 19 0.020521492 
832 200 12 16 0.020107357 
