26_Soldier_Drilling_Soldiers_Drilling_26_942
36
100 196 38 47 0.9427011 
355 198 41 45 0.89928627 
347 135 20 31 0.53890276 
781 223 112 131 0.39901647 
217 202 39 52 0.3230891 
82 305 28 31 0.26108387 
84 198 34 41 0.12870768 
293 271 29 42 0.124034464 
357 136 20 28 0.09249857 
373 136 15 24 0.0754919 
634 34 34 34 0.0723032 
833 255 66 68 0.071708806 
285 106 15 17 0.06213278 
397 91 15 18 0.05612828 
202 216 43 51 0.053612452 
146 452 9 13 0.042050734 
256 478 118 102 0.037017386 
524 41 366 404 0.03536342 
711 101 125 144 0.034751058 
190 230 44 50 0.034102675 
730 140 174 224 0.033856064 
64 601 26 38 0.03255783 
617 57 226 255 0.0308156 
622 64 109 129 0.030779254 
93 415 14 16 0.03009804 
83 207 17 22 0.02858821 
855 282 38 42 0.028343357 
618 35 54 67 0.02562775 
636 78 59 72 0.02477127 
235 406 14 17 0.023568219 
230 412 13 18 0.023044419 
758 36 21 29 0.02177975 
80 314 14 19 0.021400133 
511 146 11 14 0.020902956 
232 217 28 46 0.020520292 
70 327 10 14 0.02028309 
