26_Soldier_Drilling_Soldiers_Drilling_26_9
19
620 212 25 30 0.9976937 
507 221 29 41 0.98977125 
658 257 23 30 0.15517911 
642 204 17 22 0.079672925 
673 258 12 15 0.07685655 
667 259 15 19 0.063653395 
552 201 23 29 0.04779224 
538 207 26 31 0.036919102 
526 202 15 16 0.034924734 
498 213 30 39 0.030782826 
540 203 13 16 0.028813355 
235 202 14 18 0.028614618 
518 235 30 34 0.025326898 
634 211 23 30 0.024818815 
477 436 53 64 0.024771785 
525 200 24 28 0.02387683 
648 248 41 49 0.020962762 
510 203 13 15 0.020386199 
555 214 17 21 0.020253211 
