26_Soldier_Drilling_Soldiers_Drilling_26_178
27
877 145 105 117 0.99967015 
185 126 65 74 0.9992206 
288 134 57 70 0.9975319 
548 108 91 99 0.9970252 
700 76 88 108 0.9969975 
124 97 54 62 0.9962998 
349 154 76 84 0.9951351 
452 115 76 94 0.99393857 
775 144 52 63 0.92398036 
646 137 55 68 0.63473654 
67 335 56 69 0.16754672 
600 116 83 101 0.1495154 
727 105 85 97 0.12813811 
661 100 84 100 0.121117085 
347 373 38 46 0.07970412 
946 2 42 43 0.044698637 
991 69 31 47 0.040679023 
840 393 18 21 0.036429618 
489 91 93 114 0.0334797 
157 273 37 43 0.028867573 
381 399 49 61 0.027069096 
311 121 77 90 0.025855511 
971 -2 46 59 0.02509595 
459 164 65 72 0.024022477 
875 415 29 35 0.022104003 
983 290 38 53 0.022038566 
344 176 97 108 0.02014867 
