26_Soldier_Drilling_Soldiers_Drilling_26_245
48
291 348 91 102 0.99843115 
795 517 42 41 0.99470055 
151 258 22 28 0.8530947 
751 438 15 19 0.42833704 
589 281 13 17 0.13382658 
553 591 47 51 0.09978821 
790 456 17 21 0.07364151 
972 95 12 14 0.06920699 
248 402 13 19 0.06880621 
978 348 12 15 0.06848054 
617 264 11 13 0.06783939 
923 157 13 17 0.06614994 
912 35 11 16 0.049244415 
1000 244 8 12 0.04827822 
795 441 16 18 0.04659794 
115 234 15 22 0.0464098 
1013 344 9 17 0.04483839 
735 442 11 15 0.041454013 
596 290 12 17 0.041294068 
976 252 9 13 0.039896764 
786 461 28 32 0.034398485 
142 264 25 27 0.03389311 
1006 242 11 14 0.032938935 
961 239 9 11 0.032365497 
358 782 384 498 0.031842586 
789 444 23 27 0.030978562 
992 239 8 11 0.029737543 
958 95 10 12 0.029105164 
716 443 12 15 0.02891324 
814 460 13 16 0.027976463 
762 49 42 46 0.026975894 
952 239 8 10 0.026285222 
966 100 11 12 0.025888858 
142 260 17 20 0.024205087 
960 102 9 10 0.024079872 
778 465 22 30 0.023884214 
101 244 12 16 0.023560645 
109 238 16 22 0.023163412 
232 1151 59 69 0.02287304 
160 251 17 28 0.022806432 
101 308 11 15 0.022265477 
739 453 12 16 0.022250773 
985 100 9 11 0.021854952 
735 456 11 17 0.020839207 
608 261 10 13 0.020591486 
138 265 41 44 0.02053888 
772 470 18 22 0.020495672 
1012 243 11 16 0.020383697 
