26_Soldier_Drilling_Soldiers_Drilling_26_529
50
178 236 40 50 0.9984308 
751 313 50 60 0.9964025 
467 330 55 66 0.99516535 
530 127 45 53 0.9946725 
362 128 43 55 0.9935435 
441 167 40 52 0.97796667 
758 460 16 21 0.31669453 
720 479 26 33 0.22486317 
726 472 16 20 0.2216007 
659 479 23 27 0.18359356 
866 475 34 36 0.1826882 
890 205 10 12 0.10322236 
933 199 10 12 0.08767034 
664 473 21 22 0.08361672 
952 227 12 14 0.06084101 
894 231 10 13 0.052787744 
995 197 12 13 0.051697325 
944 228 10 14 0.051165897 
775 470 12 14 0.04685626 
751 465 15 19 0.04633695 
956 227 15 18 0.044248823 
71 236 13 16 0.042214237 
717 228 13 15 0.04125648 
721 495 19 22 0.04101519 
917 207 11 14 0.03839153 
1013 164 10 15 0.03580532 
426 470 52 43 0.03372777 
912 221 9 13 0.030299377 
901 231 9 12 0.030226571 
835 229 12 15 0.030090831 
87 481 19 21 0.029889429 
889 231 11 13 0.029576782 
705 483 27 32 0.029317075 
729 469 24 28 0.029070219 
868 448 26 28 0.02759891 
521 475 48 50 0.026772548 
68 654 18 20 0.02665403 
718 474 16 21 0.024971252 
694 491 16 18 0.024506202 
829 685 14 16 0.024350755 
197 541 12 15 0.024097675 
58 653 54 59 0.02380462 
410 481 55 57 0.023431977 
125 534 14 16 0.02316306 
712 223 11 14 0.02183884 
903 237 9 11 0.021737956 
724 462 12 17 0.021375632 
799 229 13 16 0.020792961 
695 490 26 28 0.02024504 
944 498 14 17 0.02012642 
