26_Soldier_Drilling_Soldiers_Drilling_26_345
74
663 183 27 34 0.96681356 
163 194 24 28 0.89507425 
469 189 26 35 0.79768914 
854 192 31 35 0.71668863 
451 235 15 19 0.23163326 
294 273 11 15 0.14083795 
347 199 23 26 0.13014433 
827 223 29 38 0.11783453 
480 236 12 15 0.11179874 
637 215 8 10 0.09326825 
436 262 15 19 0.083731 
854 195 16 20 0.0819478 
162 187 18 23 0.07864003 
864 241 12 16 0.057367906 
383 240 10 11 0.054842114 
677 233 45 48 0.053534105 
453 223 22 29 0.05272 
294 254 8 10 0.052069146 
828 265 11 16 0.050258126 
828 231 16 21 0.04994609 
836 209 37 51 0.04934174 
168 224 13 16 0.04927907 
147 245 10 13 0.047608 
160 182 12 18 0.04713511 
386 251 14 17 0.04502146 
837 357 36 65 0.044702824 
690 298 12 15 0.043564912 
479 233 26 28 0.04278824 
834 227 17 23 0.041761074 
655 245 13 17 0.039680548 
629 252 49 52 0.038934335 
144 239 10 15 0.03679233 
834 240 29 35 0.035584 
854 207 29 36 0.034802504 
167 254 12 15 0.034258705 
448 318 10 13 0.034144875 
164 242 11 14 0.0323451 
385 245 11 13 0.03225565 
480 244 48 46 0.032088384 
430 261 15 18 0.03189563 
859 214 18 22 0.031843513 
163 216 25 28 0.03180037 
474 219 24 30 0.03159886 
488 237 30 31 0.031570878 
661 179 16 24 0.030441577 
413 245 10 14 0.028328521 
715 213 13 14 0.025716275 
601 253 9 13 0.025588911 
513 328 12 15 0.025581773 
708 211 13 14 0.025240641 
831 250 12 15 0.024859985 
129 250 43 62 0.024325438 
333 303 9 11 0.024101935 
427 252 26 29 0.023895087 
345 305 7 9 0.023869883 
318 294 8 9 0.023378925 
60 176 219 238 0.023282064 
364 245 10 12 0.02317599 
694 228 31 37 0.022849714 
304 361 12 18 0.022701278 
852 224 14 19 0.022241883 
858 225 24 31 0.022102145 
347 213 18 20 0.021937357 
616 271 8 10 0.02185553 
653 234 23 29 0.021459317 
896 227 30 31 0.021458672 
156 180 37 48 0.021363983 
348 189 16 19 0.021357512 
842 226 16 21 0.021347973 
630 265 26 33 0.021271616 
679 226 11 14 0.020738479 
823 267 13 19 0.02054943 
862 297 12 16 0.02018767 
905 230 17 18 0.02015741 
