26_Soldier_Drilling_Soldiers_Drilling_26_1022
23
143 318 15 19 0.31939593 
85 493 22 27 0.2560045 
619 49 395 478 0.14986065 
59 562 23 28 0.11281332 
258 416 29 39 0.067494065 
194 24 211 256 0.046573583 
230 336 10 14 0.03524932 
223 317 12 17 0.032261163 
312 352 12 15 0.031738408 
158 284 11 13 0.031041333 
924 535 14 19 0.029998366 
227 343 31 42 0.028954504 
168 321 12 16 0.028275672 
794 487 25 30 0.025459776 
708 531 15 23 0.025387434 
77 304 17 22 0.025045205 
31 454 24 31 0.024986148 
208 341 12 14 0.023609582 
720 579 14 17 0.021540646 
159 318 10 15 0.02149751 
65 554 22 26 0.0207902 
54 567 17 22 0.02063036 
704 568 24 28 0.020090856 
