26_Soldier_Drilling_Soldiers_Drilling_26_619
99
460 213 30 39 0.99471277 
816 245 25 26 0.9757981 
648 444 54 63 0.5566273 
212 151 14 18 0.34840673 
766 298 25 27 0.31619066 
677 315 14 19 0.29483268 
375 247 26 31 0.2527034 
114 252 22 26 0.2045111 
755 306 27 29 0.20015638 
132 253 16 21 0.19586517 
56 241 24 28 0.18826267 
893 373 15 18 0.16864224 
67 242 15 21 0.13753434 
363 241 42 53 0.11610936 
5 230 22 33 0.08854828 
190 409 11 12 0.08600139 
982 101 14 16 0.073335655 
718 362 10 14 0.06660757 
260 512 10 12 0.06454749 
289 496 8 10 0.062306765 
564 102 14 17 0.05818976 
636 241 12 15 0.053671494 
755 300 19 20 0.05066058 
864 310 10 11 0.047555685 
296 496 8 11 0.046386424 
937 358 19 21 0.04474313 
724 352 24 31 0.043489344 
110 250 15 20 0.04283856 
411 335 18 22 0.041295428 
116 247 15 18 0.040681843 
999 89 12 17 0.040228147 
170 127 24 29 0.039839268 
239 505 9 10 0.038693678 
831 249 18 20 0.03844805 
775 382 24 31 0.03815239 
750 315 28 35 0.037702393 
599 149 14 16 0.03752514 
505 31 11 14 0.037174255 
708 245 13 17 0.036847875 
301 500 8 9 0.035981372 
702 249 13 16 0.035426963 
771 284 15 16 0.034895275 
615 118 14 16 0.034872595 
279 521 9 10 0.0346908 
588 107 12 14 0.0345277 
215 528 10 13 0.03382988 
981 88 23 30 0.033621274 
195 123 13 15 0.033440582 
926 395 13 16 0.033196993 
25 184 184 275 0.03237794 
698 326 24 29 0.03183583 
327 510 9 11 0.031050872 
104 252 12 18 0.028898994 
111 275 11 14 0.028790038 
689 97 460 483 0.028125994 
289 501 9 10 0.028068935 
445 212 26 33 0.027903905 
328 486 8 10 0.027758718 
272 503 9 10 0.027629662 
-29 83 332 452 0.027443076 
277 502 8 10 0.027399646 
901 335 15 16 0.027123846 
141 410 13 12 0.026908584 
256 503 8 9 0.026536943 
805 247 16 19 0.025936842 
812 347 17 19 0.025522608 
971 375 30 35 0.025509134 
858 338 18 19 0.025420008 
62 199 21 27 0.025349075 
182 303 23 28 0.025340885 
848 372 11 12 0.02532824 
965 370 14 18 0.025304826 
272 484 9 11 0.025276696 
197 156 12 16 0.025242353 
202 437 9 10 0.024599731 
982 69 11 14 0.024531221 
187 148 12 17 0.024254365 
959 425 12 15 0.024115354 
111 267 13 17 0.023985714 
157 440 10 12 0.02390745 
280 495 8 10 0.023641326 
768 322 34 39 0.023390844 
206 138 23 28 0.02335537 
271 528 9 10 0.023049772 
965 370 25 32 0.022841427 
240 464 9 10 0.022615174 
294 479 7 10 0.02251472 
289 144 25 31 0.022167994 
961 356 24 30 0.021851528 
953 431 26 38 0.021442968 
417 -5 417 563 0.021345153 
494 48 14 15 0.021304585 
278 510 7 9 0.021003786 
966 319 9 12 0.020853514 
775 302 26 28 0.020808633 
233 520 8 11 0.020376666 
245 527 11 13 0.020296253 
418 333 13 17 0.02016663 
846 366 11 12 0.02009029 
