26_Soldier_Drilling_Soldiers_Drilling_26_359
30
508 661 69 97 0.8861081 
112 1407 39 52 0.297308 
104 1510 36 38 0.253532 
669 329 56 75 0.2129149 
539 445 40 56 0.16214705 
559 461 29 39 0.1271436 
21 1438 32 45 0.103331916 
116 1396 29 38 0.09949717 
645 337 54 76 0.06523682 
29 1422 37 58 0.059048645 
9 1444 49 69 0.051670775 
588 1210 23 26 0.050743137 
20 1463 52 70 0.03236684 
648 302 53 77 0.03207299 
772 181 106 129 0.030512933 
643 390 24 36 0.028941713 
705 332 48 71 0.027962998 
885 945 28 32 0.025976943 
514 899 18 22 0.025564292 
212 1593 26 33 0.02546538 
400 996 56 68 0.024114333 
4 1404 36 59 0.023620132 
780 174 64 72 0.023560027 
530 452 30 44 0.023557654 
554 662 59 90 0.023402408 
345 1984 38 37 0.02274232 
461 950 32 37 0.022545636 
622 357 52 71 0.022370761 
575 340 28 33 0.022284964 
5 1445 34 46 0.020655276 
