26_Soldier_Drilling_Soldiers_Drilling_26_405
60
854 265 22 29 0.9904469 
400 205 45 50 0.9894812 
143 350 23 28 0.98860836 
557 181 48 52 0.98806816 
134 461 28 30 0.1571192 
831 331 28 43 0.11937324 
678 447 16 24 0.09267241 
131 452 25 27 0.06769957 
983 69 9 13 0.061698005 
892 464 36 45 0.059979923 
158 472 13 17 0.05886314 
669 427 12 15 0.052103207 
965 69 11 14 0.051482797 
981 320 38 46 0.050646063 
882 253 10 13 0.050003693 
948 76 10 13 0.049389593 
977 163 11 14 0.048321728 
1015 65 8 14 0.041959878 
21 476 24 29 0.041290972 
252 410 16 20 0.041205343 
994 477 23 32 0.039392725 
242 396 13 15 0.035269786 
951 320 36 47 0.033841338 
846 335 27 38 0.03332221 
880 258 11 15 0.03314413 
886 255 10 12 0.032925613 
939 470 34 43 0.03250979 
948 70 10 13 0.03107454 
140 480 14 18 0.029611073 
215 378 23 31 0.02893302 
115 484 12 15 0.028747704 
937 334 30 39 0.027611887 
823 317 10 14 0.027330855 
903 481 31 40 0.026583161 
882 245 9 13 0.026502024 
120 466 29 32 0.02636086 
946 274 16 23 0.025903698 
149 467 23 28 0.025598565 
998 146 11 14 0.025252871 
680 198 27 44 0.024959719 
899 351 16 21 0.02418443 
953 155 14 17 0.024043469 
237 402 14 15 0.0239281 
31 464 55 65 0.023581458 
927 269 22 32 0.02263418 
964 327 38 40 0.022537945 
888 396 31 41 0.022203073 
167 460 12 16 0.021990066 
918 234 11 14 0.021932641 
922 271 18 22 0.02192318 
980 336 45 63 0.021718342 
912 235 10 14 0.021658607 
242 411 24 27 0.021517793 
867 499 12 13 0.02135516 
902 451 16 19 0.02134762 
990 216 13 15 0.021175984 
877 321 21 25 0.020896485 
595 245 445 520 0.020867273 
1000 54 10 13 0.020749057 
309 460 12 14 0.020395754 
