26_Soldier_Drilling_Soldiers_Drilling_26_192
53
72 297 33 39 0.99781007 
641 295 29 35 0.98220736 
518 303 28 34 0.9770917 
95 406 25 30 0.909901 
578 357 38 35 0.75634897 
410 270 25 26 0.491366 
557 305 23 29 0.45265535 
193 412 21 29 0.41322038 
613 317 18 21 0.24305712 
219 565 14 17 0.23784548 
424 266 19 26 0.16591015 
626 340 53 46 0.13901976 
58 298 26 33 0.1378438 
191 427 21 33 0.11041766 
403 273 18 22 0.09039207 
441 226 18 26 0.07873593 
560 321 23 31 0.07669219 
576 339 28 36 0.06661234 
49 378 27 34 0.061258458 
644 291 17 27 0.05486749 
576 342 61 42 0.05242831 
218 561 23 27 0.05080199 
472 260 12 18 0.04937374 
127 604 13 16 0.048208732 
44 318 24 30 0.044488277 
220 575 16 19 0.04184601 
332 459 254 250 0.04030119 
470 264 20 27 0.040053844 
984 465 29 36 0.039952382 
54 303 17 23 0.036569342 
582 330 26 30 0.03581804 
101 394 26 36 0.035797473 
589 320 55 44 0.031273164 
369 310 33 47 0.02931945 
838 460 205 295 0.029242713 
561 554 15 18 0.02774194 
20 378 17 22 0.025908645 
252 577 13 16 0.025687136 
251 343 17 21 0.024814598 
640 299 15 24 0.023418838 
619 310 15 19 0.023403296 
216 559 12 15 0.023297973 
593 328 19 22 0.02316246 
204 605 14 19 0.022673339 
229 341 26 30 0.02239415 
266 370 416 392 0.022241356 
30 390 25 32 0.021951238 
620 319 53 48 0.02074061 
112 407 17 25 0.02055946 
222 346 23 31 0.020435067 
148 320 16 23 0.020192616 
528 301 36 42 0.020180477 
724 461 37 49 0.020098837 
