26_Soldier_Drilling_Soldiers_Drilling_26_390
20
461 202 61 75 0.40664634 
369 420 97 118 0.38286084 
460 175 47 64 0.16131012 
462 169 28 44 0.05509348 
374 397 43 45 0.053944692 
673 479 32 36 0.04132923 
625 413 10 12 0.03992225 
216 151 30 31 0.03916625 
460 220 40 47 0.02927699 
370 404 61 71 0.029149387 
402 13 28 30 0.027672477 
445 339 412 427 0.027324747 
610 485 39 37 0.026830917 
76 406 27 31 0.025859876 
410 423 98 121 0.023280067 
370 44 12 14 0.023054441 
528 76 25 39 0.022982128 
428 19 13 16 0.021855518 
617 410 246 295 0.021403218 
488 163 57 63 0.020230386 
