26_Soldier_Drilling_Soldiers_Drilling_26_223
63
615 98 28 34 0.99903405 
719 103 34 42 0.99757177 
912 111 38 45 0.99725914 
276 111 29 34 0.9969194 
513 75 39 43 0.9908664 
383 110 26 29 0.98219544 
204 123 22 26 0.9683981 
406 93 25 33 0.96392095 
16 129 20 23 0.9508444 
128 152 16 19 0.9424153 
89 129 22 27 0.90030277 
163 140 20 22 0.8277801 
465 108 23 30 0.6252485 
396 102 27 34 0.6105049 
671 142 21 28 0.36002988 
223 240 14 19 0.27776825 
201 187 14 18 0.23989105 
343 235 12 15 0.17591408 
65 135 11 14 0.15501179 
572 235 24 32 0.14694455 
135 246 10 13 0.1441539 
316 247 13 16 0.09777646 
623 181 19 22 0.092993364 
77 177 16 21 0.09000891 
469 103 17 21 0.07281872 
680 138 14 19 0.070296 
703 132 12 17 0.06412357 
49 244 11 15 0.06269796 
623 169 28 29 0.060055852 
439 108 20 27 0.05385195 
492 111 13 18 0.053353168 
474 104 24 30 0.050868403 
111 140 11 17 0.048072007 
211 204 11 15 0.040900316 
363 128 15 19 0.040868327 
65 135 17 22 0.040313743 
85 185 11 14 0.03980253 
461 117 32 41 0.03604942 
211 173 11 14 0.035378233 
203 200 16 19 0.034635633 
422 158 26 36 0.03201854 
157 201 13 16 0.03197419 
404 151 37 50 0.030904114 
63 144 12 17 0.030807212 
451 109 20 28 0.03047849 
485 106 22 27 0.029899655 
664 142 16 21 0.029458366 
20 174 9 13 0.028146438 
576 140 11 14 0.027971053 
54 148 11 14 0.027413957 
701 125 23 29 0.026436783 
199 127 16 20 0.026365768 
323 252 11 14 0.023830246 
154 198 11 15 0.023724059 
75 192 16 17 0.022322629 
96 141 16 21 0.021693166 
210 180 12 16 0.021357652 
668 149 29 39 0.021189399 
375 112 16 22 0.021063337 
414 256 42 49 0.020882618 
155 207 16 18 0.020413272 
94 206 9 12 0.020313043 
95 212 10 13 0.020307506 
