26_Soldier_Drilling_Soldiers_Drilling_26_719
45
460 213 33 38 0.9093322 
815 244 25 26 0.8039554 
115 254 22 27 0.79950136 
51 241 27 32 0.35165262 
60 197 22 27 0.18959175 
377 246 25 31 0.12669468 
435 253 16 18 0.11889881 
805 247 16 20 0.095748074 
124 251 22 28 0.09013999 
967 371 33 36 0.089892186 
212 144 17 21 0.06717069 
772 282 12 13 0.065245494 
66 240 16 22 0.059381764 
449 211 30 34 0.056145538 
504 31 12 15 0.051492546 
994 402 17 20 0.047910422 
365 238 41 55 0.047590397 
985 389 26 32 0.043035798 
105 251 36 45 0.041902393 
989 371 26 38 0.04009424 
644 446 52 57 0.038917255 
804 248 28 30 0.037115477 
586 144 446 499 0.036853187 
993 424 14 19 0.034473997 
111 262 15 22 0.030898122 
435 247 26 30 0.03082138 
132 238 12 16 0.030802842 
777 299 17 19 0.030346792 
389 271 39 58 0.030203987 
650 103 34 35 0.029982263 
288 495 8 10 0.028672073 
5 227 22 35 0.026230406 
192 293 42 52 0.026022805 
257 511 10 12 0.025771908 
833 235 15 19 0.02549343 
727 78 29 35 0.024976447 
853 299 11 13 0.024854172 
979 410 28 34 0.024664402 
239 504 9 11 0.024655195 
804 256 15 18 0.0232541 
293 480 8 10 0.023225695 
124 243 16 20 0.022725333 
116 246 16 20 0.02086371 
4 219 37 52 0.020820154 
678 192 29 27 0.020753574 
