26_Soldier_Drilling_Soldiers_Drilling_26_184
17
416 307 94 128 0.9986047 
604 565 377 466 0.11836952 
113 1026 416 477 0.06549163 
37 882 420 467 0.06456036 
755 730 121 173 0.060649134 
694 656 210 301 0.058910575 
315 1126 402 441 0.05267249 
363 482 481 599 0.045235176 
154 4 194 225 0.044009723 
766 1293 23 35 0.030801127 
415 1239 243 280 0.027257618 
227 26 98 151 0.024695553 
502 1351 130 144 0.02292632 
277 49 384 535 0.022818746 
326 701 69 72 0.02246318 
611 1336 30 30 0.021922845 
891 1281 30 33 0.021745915 
