26_Soldier_Drilling_Soldiers_Drilling_26_710
17
264 77 388 507 0.26998785 
65 483 389 542 0.15787499 
190 565 411 531 0.13883379 
298 789 426 504 0.13552153 
423 567 422 508 0.08692854 
137 296 423 502 0.079890646 
552 1061 395 477 0.079862 
130 860 407 544 0.0694565 
308 1043 349 484 0.059371233 
-16 747 429 555 0.05618004 
546 836 376 517 0.05324148 
366 220 441 449 0.047275633 
514 317 413 477 0.045309328 
-20 12 400 507 0.04179112 
559 60 388 498 0.028803302 
3 329 383 517 0.02230735 
419 954 384 479 0.02041844 
