26_Soldier_Drilling_Soldiers_Drilling_26_689
31
327 145 87 134 0.99575835 
245 113 63 85 0.9752847 
630 207 23 30 0.9608507 
395 171 56 91 0.33716923 
128 146 22 29 0.20593685 
166 161 21 32 0.14322598 
559 411 18 21 0.06809486 
391 107 29 42 0.05831895 
259 123 85 112 0.057678588 
413 23 17 21 0.038756408 
131 162 29 34 0.035922203 
597 323 15 20 0.035740454 
627 209 38 50 0.03476542 
83 285 25 30 0.034057025 
136 147 26 31 0.032268465 
72 289 24 28 0.031765215 
-5 332 80 115 0.03090788 
-2 353 49 72 0.028300961 
239 142 60 96 0.028297577 
72 301 34 36 0.02695959 
422 204 50 75 0.026258826 
639 248 24 32 0.024974044 
132 177 30 35 0.024823746 
390 198 31 47 0.02468453 
421 4 18 19 0.024512282 
151 163 32 37 0.023676358 
418 0 29 32 0.023043184 
468 249 48 60 0.021719353 
46 310 58 53 0.021292597 
225 114 50 77 0.020586696 
364 164 62 97 0.02023367 
