26_Soldier_Drilling_Soldiers_Drilling_26_262
235
575 273 21 31 0.99590874 
759 326 23 30 0.99367553 
954 292 23 29 0.9905314 
274 293 24 29 0.9901816 
474 311 22 27 0.98687565 
301 210 15 19 0.98524934 
917 283 27 33 0.9852256 
691 278 21 27 0.9845821 
404 193 13 17 0.9821838 
609 275 21 26 0.9812479 
800 285 23 29 0.9797539 
621 318 21 28 0.9775378 
534 266 24 30 0.9724372 
725 281 23 30 0.97007376 
1004 266 21 30 0.96762264 
126 264 22 26 0.9630871 
763 248 20 25 0.9626604 
168 265 23 29 0.9573738 
370 218 14 17 0.9565027 
780 272 22 27 0.95639765 
76 259 24 29 0.95510525 
439 217 15 20 0.9514351 
219 232 17 20 0.9499675 
223 263 20 25 0.9494957 
853 291 21 27 0.94520164 
449 273 21 26 0.944536 
592 241 15 18 0.9166532 
486 243 13 17 0.91283166 
300 266 19 22 0.8938522 
638 281 22 25 0.88674307 
4 260 22 28 0.87768155 
90 213 14 17 0.877415 
867 254 17 22 0.8394713 
650 233 13 17 0.82517976 
684 221 14 17 0.8185714 
167 211 13 16 0.81427056 
340 259 22 27 0.8122448 
474 227 13 16 0.7876228 
527 217 13 16 0.760777 
965 235 21 26 0.7440585 
124 237 17 20 0.74203396 
241 260 20 24 0.7402226 
37 273 22 26 0.7070124 
60 256 18 23 0.6971853 
206 251 14 19 0.6726858 
353 228 13 16 0.6650562 
512 266 18 23 0.6641843 
149 246 16 21 0.66184133 
496 222 11 14 0.6436563 
428 263 17 22 0.6384694 
421 259 14 20 0.5987198 
803 247 16 18 0.58517087 
460 535 23 34 0.5798588 
392 265 15 21 0.5447855 
323 218 18 20 0.5280104 
586 225 15 18 0.48741314 
521 264 23 28 0.4769159 
331 269 15 22 0.46582472 
218 207 14 16 0.44367766 
248 217 15 17 0.4400122 
381 219 13 16 0.34510928 
979 278 16 24 0.26405647 
451 219 12 16 0.25448057 
692 249 22 26 0.23053566 
602 221 13 16 0.19631493 
264 217 13 16 0.19349767 
405 220 10 13 0.16985586 
106 258 15 20 0.16833968 
180 228 13 16 0.16504471 
321 231 21 25 0.16471003 
523 239 15 17 0.15707323 
596 224 16 19 0.15442085 
745 256 16 20 0.15041853 
828 290 15 20 0.14894791 
647 276 19 24 0.1448303 
640 234 13 18 0.14294884 
46 232 16 18 0.14137323 
116 223 10 14 0.14110626 
399 227 11 14 0.136875 
378 288 17 24 0.13351716 
263 241 13 18 0.1282475 
879 314 15 18 0.125402 
356 286 24 27 0.11537532 
714 235 16 19 0.11077057 
897 290 13 17 0.10642536 
814 286 21 28 0.105785206 
901 242 12 17 0.10138925 
416 258 13 18 0.09897971 
930 250 17 19 0.09242709 
834 288 16 22 0.090106204 
488 301 456 509 0.08688955 
433 265 21 26 0.08438136 
358 498 34 52 0.0811199 
426 254 17 20 0.0761006 
715 264 17 21 0.07313834 
122 242 23 27 0.069237016 
966 289 21 28 0.06904225 
320 226 13 16 0.06870514 
131 60 38 50 0.06844403 
524 223 15 18 0.06826152 
46 211 21 25 0.06781636 
724 242 15 19 0.06739129 
347 266 25 29 0.065040775 
812 259 17 19 0.06265139 
834 250 15 19 0.06223271 
897 271 15 20 0.061127294 
490 237 14 18 0.05950866 
37 248 14 17 0.05938567 
405 497 46 67 0.058320258 
233 262 20 24 0.056467496 
61 213 13 18 0.054111466 
91 221 16 19 0.050697148 
493 218 19 23 0.0499724 
144 244 14 17 0.049874898 
263 257 13 19 0.0497012 
323 259 14 19 0.0487311 
155 204 14 17 0.048501346 
924 255 21 24 0.047810365 
461 220 10 15 0.047624674 
159 261 20 26 0.047037676 
623 278 25 28 0.046526637 
270 637 42 45 0.046170857 
523 246 16 20 0.045911293 
465 274 15 20 0.04535884 
913 255 20 25 0.044372253 
219 475 14 20 0.04391763 
268 98 12 14 0.04366931 
896 278 19 26 0.043650396 
42 239 18 22 0.042605776 
62 245 37 47 0.042537127 
704 256 20 26 0.042330697 
961 272 23 29 0.042194873 
679 216 13 17 0.041319963 
66 260 20 24 0.040285498 
111 256 21 27 0.040220466 
126 43 11 13 0.039694477 
312 260 20 28 0.039531562 
841 281 16 22 0.039505705 
154 244 23 32 0.0391218 
35 42 43 50 0.039087392 
263 225 14 17 0.039028563 
266 187 12 17 0.039025493 
39 206 10 14 0.03844646 
878 284 14 18 0.03719473 
50 260 20 26 0.037185874 
738 259 23 30 0.037111394 
135 87 14 20 0.0369861 
707 241 19 25 0.03672688 
282 45 14 18 0.036331628 
715 247 20 26 0.035890635 
985 276 17 23 0.035804994 
328 224 17 20 0.035791434 
268 183 10 13 0.035631854 
67 212 13 15 0.035538245 
318 234 15 19 0.03552675 
677 245 13 16 0.035172265 
97 212 12 16 0.034853112 
687 253 14 16 0.034119003 
319 213 12 16 0.033821218 
247 252 19 26 0.033799812 
668 213 12 16 0.033581764 
197 254 16 21 0.033299703 
0 263 14 21 0.03323356 
372 293 17 22 0.032446757 
909 278 24 31 0.032119527 
592 276 22 28 0.03171445 
142 228 11 15 0.03167868 
283 237 11 16 0.03166903 
283 273 16 20 0.031402946 
29 616 28 37 0.031255215 
184 60 10 13 0.030688668 
407 254 13 18 0.030412205 
38 211 14 20 0.030214448 
338 268 18 24 0.030192716 
121 71 27 36 0.029765118 
503 266 13 18 0.029725375 
756 69 64 48 0.02906337 
706 266 22 27 0.028508393 
386 215 13 15 0.02774979 
843 288 18 24 0.027709793 
39 218 22 27 0.027679123 
35 252 22 29 0.027500058 
492 265 14 18 0.027166856 
726 265 25 31 0.027038254 
509 275 16 22 0.027001183 
372 487 58 73 0.026650293 
670 215 19 25 0.026351525 
935 287 26 32 0.02621633 
413 242 14 18 0.02614769 
713 271 22 28 0.026121596 
296 198 23 29 0.02591257 
211 237 19 24 0.025904186 
486 265 12 17 0.025755953 
390 225 13 16 0.025544904 
184 53 11 14 0.025444804 
657 233 12 18 0.025391407 
285 292 23 30 0.025377903 
979 290 21 30 0.025359346 
611 221 10 14 0.025305789 
648 7 27 28 0.025039714 
436 523 39 54 0.02494319 
144 147 12 15 0.02486397 
370 283 17 23 0.02480402 
138 79 17 23 0.024352498 
130 231 16 18 0.024172686 
730 253 22 28 0.024160147 
176 232 13 17 0.024093492 
419 244 15 18 0.023993464 
215 200 12 15 0.023680767 
411 191 11 14 0.023573361 
276 93 11 14 0.0234969 
565 127 8 11 0.02343106 
119 264 16 20 0.022955999 
3 252 17 23 0.02294363 
634 291 20 24 0.022903003 
185 258 18 22 0.022450482 
11 627 32 31 0.022317488 
550 236 14 18 0.022138784 
44 207 13 15 0.021886744 
228 209 12 16 0.021743383 
202 198 22 26 0.0217097 
196 209 15 18 0.021494392 
80 212 10 14 0.021462863 
397 232 12 15 0.021455484 
677 232 13 18 0.021236183 
955 263 24 28 0.020807842 
112 222 19 24 0.020593062 
329 250 23 29 0.020439716 
898 532 35 46 0.020385329 
141 237 11 15 0.020381425 
103 45 12 15 0.020319145 
285 106 10 15 0.020183234 
726 245 21 26 0.020090343 
334 231 20 25 0.02005408 
264 206 13 18 0.020022236 
