26_Soldier_Drilling_Soldiers_Drilling_26_610
24
590 55 55 67 0.99793625 
275 153 348 394 0.25282618 
55 23 193 175 0.16170807 
846 218 29 35 0.13673265 
127 -5 195 199 0.080481134 
74 247 31 39 0.07614093 
424 175 361 408 0.07590232 
296 237 37 43 0.07578235 
210 33 117 133 0.066091366 
60 295 24 30 0.062395852 
368 32 110 144 0.060841918 
584 -76 421 436 0.051201534 
544 60 40 55 0.045875885 
941 147 81 169 0.044825546 
656 63 52 57 0.04037002 
356 175 32 34 0.039974235 
876 186 16 20 0.027679572 
-2 11 188 259 0.02532003 
456 115 27 32 0.024815716 
477 48 30 42 0.024279747 
516 53 377 412 0.023724137 
560 32 50 60 0.021344857 
844 209 51 55 0.020955391 
892 146 13 15 0.020451592 
