26_Soldier_Drilling_Soldiers_Drilling_26_204
375
371 260 26 31 0.9621227 
438 197 24 29 0.95672417 
451 140 17 23 0.9126483 
599 119 11 14 0.6107432 
893 356 15 21 0.5547283 
902 176 14 18 0.5483399 
943 171 12 17 0.5433284 
500 106 13 15 0.53657913 
954 275 16 23 0.52659917 
712 122 13 18 0.4970084 
912 117 11 13 0.4230684 
867 314 30 37 0.41727272 
810 371 14 17 0.36928922 
659 112 13 16 0.34617215 
1014 125 8 14 0.34015787 
987 162 12 16 0.32309815 
941 115 10 13 0.32021347 
705 226 17 22 0.31133026 
904 207 16 21 0.30536968 
994 189 12 15 0.29910254 
685 172 14 19 0.29082015 
835 189 24 28 0.29043046 
893 271 16 21 0.27724943 
805 217 25 30 0.26902825 
1003 242 14 19 0.2630564 
733 305 15 17 0.24275595 
621 157 12 17 0.24028704 
742 109 13 17 0.2372132 
949 335 17 23 0.2355221 
989 122 11 14 0.2343713 
860 283 27 29 0.2329098 
967 211 10 15 0.22582626 
667 240 17 23 0.21337983 
194 80 9 12 0.21256298 
730 132 13 16 0.2079426 
923 230 17 21 0.2033167 
691 169 16 19 0.19938205 
844 282 14 19 0.192974 
730 324 14 18 0.1899237 
637 168 13 17 0.18909751 
946 258 15 21 0.1854639 
676 171 14 19 0.18150572 
772 271 13 19 0.17836177 
984 204 16 18 0.1772606 
583 86 10 12 0.17547612 
477 135 12 16 0.1668044 
1009 179 12 15 0.16651261 
987 211 15 17 0.16612075 
774 310 21 26 0.16102539 
852 278 21 27 0.15458821 
969 198 11 13 0.14664358 
649 167 9 13 0.14589484 
858 123 10 13 0.14507325 
966 117 8 12 0.13939711 
887 150 11 15 0.13853535 
734 275 14 17 0.1364655 
628 78 9 11 0.13461556 
700 193 13 17 0.12633951 
976 112 9 12 0.124427795 
970 149 14 17 0.124332495 
853 325 26 30 0.12340939 
849 191 14 20 0.1214768 
823 303 24 30 0.11861237 
835 136 13 15 0.116038196 
686 208 14 19 0.11373335 
985 124 11 13 0.107793845 
822 137 12 15 0.10533925 
973 127 11 13 0.10387114 
927 111 9 11 0.103025556 
996 212 13 18 0.10266485 
715 127 14 19 0.10095769 
240 70 7 10 0.1001619 
1011 301 14 23 0.09431367 
923 215 21 27 0.092640005 
651 178 14 18 0.087395914 
861 119 11 14 0.08602732 
937 116 9 12 0.0858094 
672 96 9 10 0.08461917 
701 93 9 12 0.084549055 
896 198 20 28 0.08409602 
678 138 13 17 0.08390814 
732 313 16 20 0.08279613 
910 206 20 27 0.081550285 
842 331 23 29 0.08054048 
793 216 23 33 0.07817914 
983 158 12 16 0.07798849 
947 166 14 18 0.07769293 
984 118 11 13 0.07526673 
948 117 10 12 0.074650235 
732 91 9 12 0.07380383 
895 128 8 10 0.07129704 
946 175 14 17 0.07040494 
631 170 13 17 0.06965094 
752 307 11 15 0.06953699 
796 270 14 20 0.06936634 
894 185 19 26 0.06890366 
782 213 22 31 0.06884525 
853 180 12 18 0.06851464 
583 155 12 16 0.06842247 
670 170 14 18 0.06825539 
662 123 11 16 0.066899955 
648 83 10 12 0.06646846 
826 131 21 25 0.06582309 
881 148 11 15 0.06570025 
606 107 11 15 0.06448946 
734 108 12 16 0.06429368 
575 101 10 13 0.06399928 
699 164 15 19 0.06299529 
711 180 12 17 0.06298488 
836 339 22 29 0.06286223 
712 279 11 14 0.05975071 
650 170 13 18 0.059504807 
862 297 30 38 0.058922056 
723 166 18 21 0.05883451 
695 189 14 17 0.058751557 
667 115 12 15 0.05823235 
961 118 11 13 0.058026075 
685 123 12 14 0.057801805 
861 178 15 21 0.05667131 
770 109 16 19 0.056456964 
1011 148 11 15 0.055975836 
640 188 12 15 0.055206105 
702 112 9 13 0.05513375 
867 172 13 16 0.054169286 
645 186 13 16 0.054018136 
650 146 14 18 0.05395226 
988 195 16 18 0.053149298 
797 404 17 20 0.053110257 
727 301 13 16 0.052581742 
677 292 13 16 0.051250365 
588 86 9 13 0.05045354 
741 285 13 15 0.050093967 
895 117 9 11 0.049969774 
786 313 16 21 0.049189806 
830 296 23 31 0.048324075 
831 312 23 33 0.047296572 
579 83 10 13 0.04726816 
689 95 9 11 0.047118988 
790 218 36 49 0.04673331 
867 277 16 21 0.046724446 
845 134 10 14 0.046613522 
833 175 27 33 0.0462944 
750 133 14 17 0.045892242 
678 126 11 14 0.045448367 
971 204 14 18 0.045300283 
623 170 12 16 0.044718683 
695 95 10 12 0.043699317 
843 164 14 18 0.043453973 
896 131 9 12 0.043350935 
995 204 14 18 0.043017797 
878 133 9 11 0.04266969 
677 95 8 10 0.042416543 
741 391 15 20 0.042339165 
831 110 10 12 0.04230262 
493 80 9 11 0.04194056 
645 121 12 15 0.041847505 
380 263 31 32 0.04167846 
595 117 11 14 0.041485075 
915 405 18 19 0.041195206 
995 183 12 14 0.041111212 
704 88 8 10 0.040667396 
934 134 11 14 0.040654644 
854 132 11 13 0.04051659 
942 189 13 16 0.040035095 
917 111 11 13 0.03988718 
837 164 23 29 0.039777026 
836 286 22 29 0.03927444 
670 124 11 15 0.0390661 
660 170 14 19 0.03896311 
954 259 15 22 0.038865678 
888 111 8 11 0.03884853 
677 209 16 20 0.03879908 
616 160 13 17 0.038612347 
758 161 20 35 0.03778055 
894 256 23 32 0.037736643 
615 191 10 13 0.037722882 
649 158 9 13 0.037699472 
798 307 14 18 0.037600998 
704 188 19 27 0.03736121 
852 172 12 18 0.037169766 
772 263 22 32 0.03711178 
717 169 16 21 0.03680802 
583 140 15 18 0.036805607 
746 382 22 29 0.03673017 
980 111 9 12 0.03662723 
699 252 15 20 0.036400437 
753 98 22 28 0.03633141 
817 139 11 15 0.036318578 
948 342 25 31 0.036282517 
721 125 20 24 0.03588137 
1003 210 15 19 0.035871774 
683 132 14 17 0.035749115 
780 226 22 32 0.03524361 
766 313 16 19 0.035227776 
683 248 16 22 0.03518886 
830 115 10 12 0.034918655 
715 185 15 18 0.03471553 
939 202 15 18 0.034600157 
222 115 11 14 0.034525666 
820 298 17 22 0.03439671 
696 110 10 13 0.034275368 
612 148 14 17 0.034201786 
637 120 11 13 0.03406276 
866 95 8 11 0.0338949 
864 113 9 11 0.033788208 
829 192 19 22 0.033457782 
855 139 9 12 0.03328266 
694 195 21 28 0.03327068 
691 123 12 14 0.033135496 
1006 142 13 15 0.03304777 
919 382 36 43 0.033039663 
666 95 8 11 0.033017997 
895 110 9 12 0.032995105 
886 144 11 14 0.03285223 
648 142 12 15 0.03275945 
675 247 14 20 0.032343347 
844 297 13 20 0.032288324 
461 136 19 25 0.03203898 
924 204 15 19 0.031565867 
621 138 13 15 0.031333633 
629 277 11 13 0.031244533 
633 120 10 12 0.031025404 
969 113 9 13 0.030977774 
747 292 11 13 0.030938616 
587 134 13 16 0.030827647 
886 133 10 12 0.030537141 
569 120 9 12 0.030416405 
692 249 14 20 0.030244645 
613 142 12 15 0.030145807 
1007 130 12 15 0.030012405 
887 95 9 10 0.029968455 
688 321 14 19 0.029566614 
779 178 25 29 0.029223165 
695 207 22 28 0.029190801 
705 122 12 16 0.02910493 
912 150 9 12 0.029068006 
894 103 10 11 0.028931225 
884 273 24 30 0.028813487 
873 132 9 12 0.028761748 
844 178 15 20 0.028592328 
638 158 11 15 0.028576134 
968 126 10 12 0.028493032 
456 146 18 24 0.028338261 
995 124 11 13 0.02816782 
786 264 23 30 0.028119909 
901 132 10 12 0.028095614 
927 134 9 13 0.027974121 
968 159 19 25 0.027863422 
911 156 9 10 0.027605796 
897 351 22 29 0.027432308 
887 102 9 11 0.027344465 
707 171 13 19 0.027321 
749 314 12 17 0.027251579 
754 379 23 28 0.027222255 
822 160 12 15 0.027101597 
702 112 20 24 0.027052509 
794 313 15 20 0.027021674 
851 163 14 18 0.027017135 
936 124 11 12 0.026963899 
485 101 9 13 0.02677325 
846 325 15 23 0.026642788 
970 139 16 19 0.026638724 
684 290 12 16 0.026634242 
485 108 10 12 0.02656685 
981 214 16 18 0.026445363 
672 88 8 10 0.026438126 
366 181 15 18 0.026395308 
854 153 14 16 0.026328497 
846 157 21 29 0.0263072 
664 226 24 33 0.026292808 
729 106 12 16 0.02621549 
898 245 25 31 0.026184486 
703 210 24 31 0.02611227 
599 112 11 15 0.02606723 
931 203 15 19 0.026052233 
743 106 21 26 0.025887437 
839 266 25 33 0.025681945 
880 143 10 14 0.025678817 
870 126 9 13 0.025602527 
593 123 12 14 0.025379201 
710 110 10 14 0.025199784 
764 171 22 30 0.025077183 
580 61 98 123 0.024490576 
655 104 9 11 0.02446493 
1005 377 15 17 0.02446189 
691 141 12 15 0.024415854 
483 135 11 15 0.024387326 
487 68 9 11 0.024183873 
651 77 10 13 0.024181362 
840 405 24 24 0.024156626 
861 153 13 17 0.024155999 
882 147 20 24 0.024122693 
867 156 11 14 0.024036322 
639 77 11 13 0.023995923 
604 172 12 14 0.023953594 
938 373 25 32 0.023880986 
624 81 11 14 0.023856616 
965 244 11 16 0.02380927 
728 277 11 14 0.023806045 
922 301 24 28 0.02376566 
889 116 8 10 0.023746248 
803 237 29 36 0.023497812 
579 36 12 15 0.023316737 
606 163 13 16 0.023295948 
756 311 14 19 0.023265589 
694 116 11 14 0.023176717 
630 187 11 15 0.02313749 
727 86 12 15 0.023088748 
968 194 19 23 0.023067525 
948 320 22 32 0.02303464 
917 215 16 23 0.022911407 
1011 228 12 18 0.02286364 
643 257 15 19 0.022800112 
929 115 9 12 0.022730298 
1002 281 22 32 0.02266647 
746 185 24 32 0.022617938 
852 297 14 19 0.02258006 
722 327 22 28 0.022512369 
690 89 7 9 0.022496425 
848 297 26 34 0.022478241 
884 344 24 31 0.022333162 
646 108 11 14 0.022305323 
513 62 10 12 0.022254169 
867 117 10 14 0.022234512 
973 241 16 20 0.022233259 
876 172 12 16 0.022118816 
686 199 12 14 0.022109 
855 117 18 24 0.022081537 
719 325 12 17 0.022071727 
933 195 14 16 0.021997659 
901 168 14 16 0.021974651 
606 154 14 18 0.02196787 
654 229 24 29 0.021829711 
944 266 21 30 0.021802966 
961 147 12 16 0.021785969 
927 229 24 28 0.021754649 
574 125 9 12 0.02175254 
393 256 26 34 0.02168658 
815 307 23 33 0.021686045 
826 163 15 19 0.02159601 
813 147 11 13 0.021552272 
489 65 9 11 0.021396248 
885 194 24 32 0.021369932 
851 145 22 27 0.021342587 
717 91 10 13 0.021291722 
780 240 27 37 0.021153081 
648 151 20 24 0.021143263 
919 224 15 23 0.021139583 
611 102 14 16 0.021094933 
912 143 8 11 0.021020254 
814 297 15 20 0.020825485 
694 174 19 24 0.020812865 
926 197 12 16 0.02074048 
999 134 11 13 0.020738877 
692 290 13 17 0.020674538 
846 311 26 33 0.020647662 
248 63 9 10 0.02060029 
1004 227 15 18 0.020578902 
984 228 23 30 0.020534763 
679 120 21 24 0.02050817 
772 257 16 21 0.02048177 
677 101 9 11 0.020463135 
597 83 12 15 0.020427411 
886 358 25 32 0.020396288 
191 91 11 13 0.020278977 
835 394 42 42 0.020206913 
905 182 15 19 0.020205572 
953 170 14 17 0.020204052 
655 121 13 18 0.020140821 
899 166 26 29 0.02011152 
714 192 16 21 0.020094872 
621 164 21 27 0.020054108 
736 129 21 24 0.020033075 
716 82 12 15 0.020014415 
1009 236 14 20 0.02000032 
