12_Group_Team_Organized_Group_12_Group_Team_Organized_Group_12_28
48
927 240 26 34 0.9989073 
432 263 29 36 0.9982863 
599 268 29 35 0.9976851 
212 0 59 47 0.9964393 
985 286 29 37 0.9952539 
521 255 39 52 0.99118716 
681 51 45 55 0.9906438 
468 257 23 28 0.9350029 
142 268 22 30 0.9334961 
824 274 21 32 0.88914895 
879 275 23 29 0.87334794 
13 217 25 31 0.8733186 
998 244 20 28 0.8546798 
966 255 24 27 0.84353447 
338 257 22 27 0.37527597 
783 260 20 26 0.2425685 
60 230 16 20 0.24121612 
788 346 35 35 0.18536122 
962 265 25 31 0.1617247 
104 11 49 62 0.14869583 
332 265 16 20 0.14755245 
832 282 25 32 0.08552949 
463 273 28 42 0.07052199 
983 248 24 31 0.06473456 
332 245 23 29 0.06250955 
782 271 16 22 0.06240172 
671 258 21 30 0.057769224 
4 221 25 35 0.052674215 
167 8 32 37 0.05215693 
960 277 23 30 0.04470028 
365 317 22 27 0.034946166 
3 218 17 23 0.033325925 
89 230 25 28 0.031774394 
1002 363 15 22 0.031771902 
201 1 45 35 0.031130629 
83 211 27 31 0.03006173 
156 155 22 33 0.029184688 
139 0 53 53 0.028296303 
975 251 19 24 0.0275744 
871 277 17 24 0.026790807 
183 3 35 31 0.026474267 
326 276 24 29 0.025212836 
890 284 16 22 0.024991259 
328 273 15 19 0.023529066 
843 285 23 31 0.022430873 
154 243 14 18 0.021552585 
140 261 16 22 0.021296354 
468 291 18 25 0.02081923 
