12_Group_Team_Organized_Group_12_Group_Team_Organized_Group_12_868
24
447 85 82 119 0.9991757 
662 176 15 16 0.05133918 
796 103 15 18 0.039938487 
591 165 10 13 0.037434623 
739 72 13 15 0.035352953 
50 106 15 18 0.031013051 
-28 101 372 459 0.02715242 
822 50 14 16 0.02708904 
806 76 11 15 0.026318222 
-1 417 26 44 0.025441643 
27 91 11 14 0.025086954 
767 101 11 14 0.025069043 
688 116 16 20 0.02495336 
756 114 15 18 0.024824541 
62 127 24 27 0.024428744 
716 72 11 13 0.02336551 
307 273 26 37 0.022494419 
760 103 10 13 0.02186469 
728 168 27 31 0.021163432 
799 76 12 16 0.020800345 
120 100 13 15 0.020773564 
774 43 13 17 0.020396242 
687 111 12 14 0.020053178 
655 96 8 10 0.020025859 
