12_Group_Team_Organized_Group_12_Group_Team_Organized_Group_12_403
93
751 265 24 28 0.9957029 
436 332 24 29 0.98620343 
232 398 22 27 0.98397416 
880 211 22 28 0.97915983 
183 290 24 28 0.9779443 
602 261 21 26 0.97496074 
358 405 26 32 0.9713855 
318 336 20 22 0.8247417 
767 303 28 38 0.53578 
204 326 15 20 0.46479753 
190 421 13 19 0.45065904 
308 372 20 31 0.29299882 
338 362 17 23 0.2546736 
368 467 14 20 0.15357225 
198 373 15 20 0.13714881 
410 415 15 20 0.123650126 
181 365 10 12 0.12019286 
364 472 20 29 0.11858733 
411 464 14 18 0.10753057 
258 422 17 21 0.08683093 
230 484 13 18 0.085641295 
745 319 22 29 0.08099075 
400 399 11 15 0.069053225 
291 459 13 17 0.06449649 
365 358 13 15 0.06420472 
514 469 10 13 0.06388713 
454 372 23 28 0.058852743 
500 463 10 12 0.058610927 
307 359 13 16 0.05615079 
260 401 16 20 0.05608918 
460 421 14 15 0.056004383 
328 353 22 26 0.052114595 
231 443 13 19 0.05077714 
334 367 24 32 0.050419252 
407 396 12 16 0.049979623 
216 347 12 15 0.045268115 
866 314 17 20 0.044556774 
332 389 24 28 0.04312476 
877 277 16 21 0.041083276 
561 267 14 17 0.039794493 
320 347 19 23 0.039504807 
455 366 13 16 0.037345003 
134 387 11 14 0.03724309 
501 468 10 13 0.036193572 
456 425 12 14 0.03591471 
872 322 17 20 0.035853375 
284 407 24 27 0.034942817 
291 396 15 18 0.034865666 
590 304 14 19 0.03460378 
229 378 14 19 0.0329748 
403 394 20 26 0.032808196 
414 315 14 18 0.03255516 
447 409 15 18 0.032484554 
219 429 14 18 0.031911224 
448 522 12 13 0.031450506 
318 368 24 33 0.031445567 
302 361 23 33 0.031259656 
576 276 12 16 0.029612226 
422 448 15 20 0.02864889 
308 390 17 22 0.027224198 
615 301 23 29 0.026950799 
371 356 14 16 0.026854984 
470 454 10 11 0.026799165 
253 439 23 31 0.025463032 
309 401 16 20 0.02508088 
247 397 20 28 0.024984172 
228 445 20 29 0.02490218 
333 519 24 34 0.024823261 
214 352 13 17 0.02466302 
752 229 11 13 0.024435896 
346 464 15 19 0.024337787 
771 299 19 22 0.024250563 
179 369 13 16 0.024224186 
476 409 12 16 0.024010506 
205 367 13 15 0.023602283 
410 402 16 21 0.02322804 
290 454 24 28 0.0229141 
461 462 12 13 0.02258842 
435 379 13 18 0.022237469 
313 338 15 18 0.0221903 
228 435 14 20 0.022113135 
776 252 224 261 0.022055225 
379 354 12 15 0.021789819 
535 304 10 12 0.021620143 
258 408 20 25 0.020979214 
192 396 12 18 0.020908605 
729 38 8 11 0.020821104 
274 354 12 14 0.020672357 
545 293 10 11 0.020563018 
541 112 42 57 0.020537369 
342 396 27 31 0.020321053 
483 342 14 19 0.020218471 
430 387 14 19 0.02014994 
