12_Group_Group_12_Group_Group_12_123
29
649 101 29 39 0.9996123 
232 70 46 64 0.99877006 
822 37 66 95 0.99860555 
444 108 27 34 0.99852765 
543 92 40 53 0.99092567 
39 165 10 13 0.12323569 
118 178 10 12 0.08443698 
940 222 30 40 0.08308205 
64 190 10 13 0.0740055 
595 354 116 183 0.06344985 
42 162 13 16 0.06334308 
116 196 16 20 0.062489104 
403 33 18 21 0.058497164 
957 293 24 32 0.057318058 
96 201 8 12 0.053114414 
391 22 12 14 0.048344977 
964 224 43 51 0.039167795 
124 200 13 18 0.038688656 
35 165 9 12 0.031099115 
118 189 12 16 0.029724145 
103 190 7 11 0.029358033 
956 225 32 39 0.026211591 
69 190 9 13 0.025307965 
635 311 46 56 0.024852479 
40 185 10 15 0.023755364 
102 217 12 16 0.023705466 
113 179 11 14 0.021388533 
37 160 20 26 0.021305874 
931 230 30 39 0.020928249 
