12_Group_Group_12_Group_Group_12_519
177
821 202 32 42 0.9996753 
902 206 29 38 0.9994535 
713 224 35 46 0.99794763 
569 199 37 49 0.9974141 
448 207 41 51 0.9903258 
796 71 24 31 0.6371465 
718 130 28 39 0.4953314 
485 76 14 17 0.3711233 
246 92 14 18 0.32215357 
1000 61 13 17 0.3143001 
523 186 23 31 0.28653523 
799 166 30 39 0.28295252 
361 87 17 20 0.22382101 
978 36 13 18 0.21784425 
925 36 15 18 0.20963643 
770 28 14 18 0.20874697 
784 155 33 39 0.20651078 
965 54 13 17 0.18929327 
890 16 13 17 0.1665928 
301 81 27 35 0.15841752 
746 44 17 20 0.15166934 
799 68 15 18 0.15024666 
685 26 21 32 0.14641254 
737 0 17 18 0.14178707 
341 6 14 17 0.13800009 
275 72 15 21 0.11993737 
757 69 13 18 0.113823466 
432 62 13 16 0.1135795 
823 93 13 17 0.10587371 
853 40 15 19 0.097039305 
406 278 28 42 0.09584555 
683 187 25 32 0.09242597 
462 186 18 19 0.091606125 
511 46 13 16 0.08953994 
826 55 21 28 0.085937195 
954 31 16 18 0.08473067 
708 49 14 16 0.083654776 
847 103 12 17 0.0827372 
683 0 19 17 0.081126146 
363 97 16 18 0.08012727 
943 111 10 14 0.07396049 
907 51 14 17 0.072211206 
862 58 16 19 0.070268676 
422 80 10 12 0.06976965 
796 123 14 19 0.06776883 
817 7 22 26 0.06644808 
498 23 16 20 0.06633634 
970 8 14 19 0.0649941 
245 69 12 15 0.06445152 
838 27 14 19 0.062062673 
659 7 24 30 0.05993355 
-12 436 254 192 0.059856072 
804 10 16 18 0.058460813 
1005 3 15 19 0.057755042 
263 47 11 13 0.056724332 
693 33 22 29 0.055016965 
468 24 14 18 0.054979775 
719 75 15 18 0.054614894 
726 28 14 18 0.054549035 
861 0 15 17 0.054499697 
294 63 13 19 0.054435514 
303 43 12 16 0.05149732 
808 0 21 23 0.050440144 
858 65 25 31 0.04959853 
762 93 23 31 0.049316686 
283 69 42 51 0.0491006 
931 19 13 16 0.048275065 
775 55 15 20 0.0473078 
287 126 23 27 0.046918467 
822 40 14 17 0.045671705 
362 -1 17 14 0.045427747 
969 93 24 31 0.044989895 
632 92 45 65 0.043304145 
997 100 13 19 0.043186337 
741 51 25 28 0.041928183 
806 63 23 32 0.041170355 
785 110 24 32 0.040924743 
454 19 15 19 0.040664185 
430 19 14 19 0.04035802 
460 23 16 19 0.040266726 
764 107 22 33 0.039926775 
860 50 15 18 0.039316237 
333 36 15 18 0.038738914 
603 245 16 20 0.038698185 
917 70 13 17 0.03822813 
397 200 15 19 0.038184177 
894 0 13 12 0.037860904 
812 53 23 31 0.037773408 
658 143 28 43 0.036704455 
438 36 13 17 0.03605789 
744 97 15 19 0.035890114 
780 8 18 21 0.03573556 
861 73 28 36 0.03546744 
846 244 17 22 0.034998342 
310 69 12 17 0.03465985 
294 66 23 32 0.034130402 
498 11 15 19 0.03372343 
381 70 15 18 0.033712342 
917 38 21 26 0.033253822 
673 11 39 50 0.0331176 
701 126 37 52 0.031823754 
1004 361 11 17 0.031627126 
212 113 14 17 0.031549986 
997 24 17 23 0.03153724 
294 29 13 16 0.031403728 
669 50 15 19 0.030099709 
834 83 22 27 0.029721469 
882 43 15 19 0.029455699 
899 57 15 19 0.029380344 
972 87 17 21 0.02915196 
361 121 18 21 0.029069485 
835 101 21 27 0.028373735 
669 59 15 18 0.028308304 
451 12 14 17 0.028119408 
280 67 20 29 0.027965348 
654 117 48 70 0.027724518 
935 2 13 16 0.027430426 
914 49 14 19 0.026882015 
500 7 12 13 0.026782231 
820 100 24 30 0.026672028 
679 0 28 32 0.026575439 
815 150 23 34 0.026417978 
489 83 14 17 0.025904952 
387 39 16 20 0.025728134 
240 71 22 28 0.025726153 
843 133 27 35 0.02538031 
443 58 14 18 0.025335308 
845 34 15 19 0.025186814 
669 114 33 40 0.025014276 
846 95 21 28 0.02500052 
842 43 22 28 0.024375474 
923 49 22 32 0.02435038 
851 81 23 33 0.024160104 
876 27 13 15 0.023966614 
785 151 21 27 0.023744488 
657 50 26 31 0.023700183 
819 39 23 29 0.023586063 
997 8 22 28 0.023282718 
652 41 25 30 0.023153244 
552 180 31 37 0.023146592 
446 6 14 17 0.023048976 
944 103 10 14 0.023045229 
443 42 12 16 0.02304307 
951 88 10 13 0.023027588 
265 51 13 16 0.023027275 
803 132 16 20 0.02280744 
665 6 16 18 0.022633176 
805 -1 17 15 0.022476198 
659 74 15 22 0.022444177 
404 35 15 18 0.0223948 
887 18 21 27 0.022337768 
818 1 17 21 0.022266641 
369 82 14 19 0.022209369 
748 64 22 28 0.022117907 
983 85 24 33 0.022108618 
708 55 17 20 0.022083107 
534 6 16 16 0.021864936 
433 51 21 27 0.021795511 
343 91 13 16 0.021731943 
933 55 17 23 0.021670375 
618 109 45 62 0.02161508 
858 36 15 18 0.021333376 
634 297 21 36 0.02124884 
706 66 24 29 0.021238687 
386 8 16 20 0.02119371 
797 10 15 19 0.021176755 
750 34 21 26 0.021092614 
960 29 20 25 0.021076296 
294 39 14 19 0.021023197 
907 60 21 28 0.021012742 
736 37 22 28 0.02091957 
827 37 13 16 0.02072216 
644 123 15 20 0.020555256 
995 87 22 30 0.020449763 
954 3 23 28 0.020253502 
869 27 14 17 0.020225417 
915 68 23 28 0.020221125 
