12_Group_Group_12_Group_Group_12_218
25
221 62 52 62 0.99912375 
77 33 60 79 0.99680424 
463 89 44 49 0.93180054 
711 63 38 49 0.93179053 
843 126 64 98 0.8593072 
856 57 34 61 0.7790796 
678 178 47 79 0.1661246 
863 59 56 78 0.13928579 
845 77 80 122 0.08263747 
821 116 59 84 0.08243457 
898 54 48 66 0.063934706 
961 101 54 85 0.051581223 
808 152 57 72 0.04520412 
991 131 30 52 0.041251507 
153 200 51 69 0.039772015 
815 142 79 111 0.03373068 
680 171 89 115 0.032746546 
128 219 59 59 0.030378154 
726 48 40 55 0.030085968 
95 231 57 52 0.02935822 
807 102 54 69 0.02582736 
916 40 43 69 0.025664072 
840 78 52 80 0.024695955 
703 81 41 48 0.024364585 
676 175 29 59 0.023719324 
