12_Group_Group_12_Group_Group_12_735
37
535 251 98 128 0.9996661 
212 299 93 112 0.9989023 
818 364 91 142 0.96813107 
765 227 39 52 0.96619684 
873 255 27 37 0.38660696 
912 240 40 53 0.14368708 
974 271 11 14 0.13222633 
163 229 82 115 0.11379158 
773 377 102 133 0.09024094 
907 227 28 38 0.07547453 
398 294 44 56 0.062785506 
181 241 97 144 0.04598766 
422 270 10 11 0.04301567 
809 362 171 214 0.042696297 
966 266 23 29 0.042535856 
720 381 93 117 0.042244557 
839 187 9 11 0.04022542 
927 239 24 35 0.038657207 
931 248 27 39 0.03819908 
888 236 42 54 0.034498893 
1014 63 10 19 0.033565078 
1005 367 11 16 0.0311202 
420 414 110 118 0.029505845 
738 388 57 76 0.028609518 
584 177 13 15 0.026309 
948 258 29 35 0.025240142 
950 336 56 78 0.025046678 
474 445 104 110 0.024712775 
915 229 17 22 0.024340238 
689 529 18 20 0.024191007 
597 86 9 12 0.021888973 
693 371 16 18 0.021339307 
1011 324 12 21 0.020833312 
775 262 25 33 0.020336486 
870 231 40 54 0.020216102 
830 188 9 11 0.020170465 
437 384 18 20 0.02009078 
