12_Group_Team_Organized_Group_12_Group_Team_Organized_Group_12_21
65
262 324 41 42 0.9993716 
562 303 24 27 0.9937058 
355 298 27 33 0.99091727 
470 275 20 25 0.82678974 
427 296 15 17 0.8052812 
519 320 20 23 0.75572 
555 359 24 32 0.5650459 
481 376 15 20 0.5131961 
433 341 23 29 0.42476317 
383 289 14 21 0.3750945 
435 300 13 16 0.36400336 
449 408 26 27 0.17874895 
438 355 16 23 0.16207387 
421 313 15 16 0.14011236 
429 312 14 17 0.10387528 
508 369 18 21 0.096733406 
501 291 17 22 0.08610768 
390 301 407 512 0.08389409 
615 349 13 17 0.08098037 
462 330 16 21 0.06914726 
410 341 16 20 0.06437209 
510 324 15 19 0.054384556 
413 315 14 17 0.05167586 
514 400 16 21 0.051420398 
248 331 28 38 0.050719254 
492 371 14 19 0.050670788 
461 313 14 19 0.05060755 
503 405 13 16 0.04943519 
396 304 13 18 0.046985295 
462 334 24 32 0.041616462 
582 342 17 23 0.03992715 
372 286 23 30 0.038506724 
387 295 13 18 0.037505284 
506 354 24 30 0.034261864 
444 406 18 21 0.0306245 
564 350 26 35 0.029755058 
543 306 11 17 0.02913551 
511 377 21 30 0.029100334 
243 339 22 37 0.028950477 
470 377 15 19 0.028541772 
492 312 15 21 0.02785227 
625 372 13 16 0.027828537 
412 333 17 20 0.027126037 
470 297 15 19 0.02578296 
415 337 23 28 0.025687326 
465 323 18 22 0.024572654 
348 278 31 38 0.024500443 
456 332 12 18 0.023396509 
405 309 13 17 0.023215752 
549 307 13 19 0.022975016 
461 487 410 515 0.02233563 
455 398 26 31 0.022226667 
383 305 13 18 0.021771383 
500 314 13 18 0.021550223 
562 399 29 33 0.021547891 
501 322 16 22 0.02113215 
411 387 22 29 0.021073336 
377 298 22 29 0.021039935 
242 334 51 55 0.020880796 
462 411 18 20 0.02068309 
390 306 12 16 0.020605868 
579 320 16 21 0.020417593 
510 312 21 26 0.020388706 
410 320 23 27 0.020295452 
504 400 21 26 0.020215677 
