12_Group_Team_Organized_Group_12_Group_Team_Organized_Group_12_412
75
555 233 34 42 0.9990343 
760 180 34 40 0.9981061 
704 199 39 48 0.9967619 
780 58 33 38 0.995018 
663 222 32 42 0.99489516 
603 333 36 49 0.9947129 
328 217 37 45 0.9940753 
577 401 46 58 0.9922132 
387 219 37 48 0.99211323 
494 226 38 48 0.99121 
233 200 40 52 0.9892028 
117 191 33 42 0.98243904 
967 134 36 49 0.9749938 
140 215 36 50 0.968056 
5 210 41 39 0.9636461 
593 226 25 35 0.93301696 
891 222 39 50 0.92857033 
496 176 25 32 0.8947858 
911 207 30 37 0.8654959 
543 141 12 16 0.5922729 
208 206 17 21 0.53619283 
476 240 15 22 0.3070418 
818 236 27 33 0.30643904 
294 173 11 15 0.2806991 
573 149 12 16 0.2446393 
610 170 14 19 0.2207094 
635 234 24 30 0.17213099 
514 141 10 13 0.1336605 
287 242 29 41 0.11269839 
646 227 30 36 0.08704636 
871 2 33 38 0.08314501 
285 168 24 29 0.07512573 
598 262 25 31 0.07222347 
342 313 40 54 0.07068754 
705 255 24 29 0.070010036 
996 253 29 44 0.062220242 
854 255 13 19 0.055662535 
540 148 15 20 0.0554251 
520 491 40 57 0.05224396 
48 247 25 33 0.05087519 
577 318 31 37 0.045904454 
467 448 46 54 0.045111258 
512 137 9 12 0.04402658 
596 221 16 21 0.043519944 
866 260 22 28 0.042904936 
415 272 29 39 0.04011326 
780 119 28 35 0.037329417 
598 248 23 30 0.036535587 
504 187 20 25 0.03397727 
262 196 32 45 0.03348912 
919 0 28 36 0.03268572 
278 177 29 36 0.03198452 
510 137 19 23 0.030511595 
833 240 17 23 0.029861042 
34 241 17 24 0.029364059 
818 250 20 24 0.029222758 
404 194 25 31 0.027710192 
46 256 16 21 0.026374443 
861 253 21 27 0.025320824 
1002 238 24 42 0.024934879 
197 209 24 33 0.024769206 
523 138 12 16 0.024719724 
483 492 33 49 0.024112597 
958 204 35 50 0.023494089 
275 192 32 47 0.023471836 
686 430 38 50 0.022744637 
409 196 15 18 0.0224536 
572 156 15 20 0.022291632 
58 97 14 19 0.021615453 
525 103 12 17 0.021607982 
573 228 31 39 0.021034779 
631 235 15 21 0.020972341 
506 333 42 51 0.020942267 
493 477 45 62 0.020421704 
394 206 33 42 0.02001482 
