12_Group_Team_Organized_Group_12_Group_Team_Organized_Group_12_313
39
644 127 38 56 0.7351375 
360 527 21 28 0.14544754 
22 207 154 204 0.07114885 
728 162 24 36 0.06297689 
226 194 32 38 0.050967567 
301 674 43 48 0.04741296 
371 524 15 18 0.045484584 
89 103 8 11 0.043784246 
90 681 72 62 0.03713259 
135 101 10 11 0.03574152 
218 587 94 146 0.035212934 
119 375 51 62 0.0341695 
105 719 39 33 0.032894716 
73 633 100 122 0.029234389 
727 162 14 20 0.028664203 
48 109 9 11 0.027567102 
488 114 40 43 0.02678658 
988 213 14 16 0.02639372 
95 104 8 10 0.026010506 
366 516 27 32 0.025507215 
592 113 30 48 0.025063567 
939 182 53 48 0.024989258 
955 166 16 16 0.02416657 
54 110 8 10 0.024091227 
177 592 218 224 0.023928512 
719 171 23 32 0.023674533 
596 122 40 59 0.02353184 
288 263 34 38 0.02295551 
165 182 9 10 0.022717047 
-1 202 85 134 0.0222099 
215 107 15 17 0.02193224 
274 15 111 128 0.021683602 
308 682 20 23 0.021653479 
351 533 24 30 0.020840028 
167 78 11 12 0.020369349 
297 707 35 45 0.02016208 
111 86 9 10 0.02013746 
77 125 10 11 0.020084577 
948 192 15 19 0.020074682 
