12_Group_Group_12_Group_Group_12_411
20
530 120 104 144 0.99977535 
735 151 116 146 0.9997416 
219 203 108 131 0.9993641 
352 176 94 118 0.98914564 
761 75 40 52 0.4087031 
106 696 256 310 0.1561039 
301 624 118 177 0.11466918 
733 648 121 144 0.10148967 
746 606 197 245 0.081940964 
356 56 53 63 0.035611566 
311 189 106 126 0.030804008 
301 90 30 35 0.027939718 
688 219 32 45 0.027357107 
335 1014 64 59 0.025731508 
560 758 108 110 0.024091791 
687 512 329 444 0.023771109 
636 629 192 194 0.023669133 
868 591 18 20 0.022485293 
640 690 56 84 0.0223066 
257 177 118 145 0.020400722 
