12_Group_Large_Group_12_Group_Large_Group_12_213
151
583 283 15 17 0.9427282 
669 278 13 17 0.9417367 
351 358 32 33 0.93712753 
470 297 17 22 0.9255912 
245 301 18 24 0.8984661 
850 266 17 22 0.8797022 
276 314 24 26 0.86200726 
404 291 13 15 0.8098178 
836 351 29 30 0.8041734 
292 285 14 17 0.8041469 
580 316 18 23 0.7164375 
697 311 16 19 0.6620038 
167 414 33 32 0.6435997 
490 354 18 23 0.5603099 
0 383 21 39 0.48009986 
764 304 14 18 0.37316352 
884 281 14 17 0.36587548 
721 378 26 28 0.36059412 
427 316 13 17 0.33323795 
550 306 9 12 0.32625496 
415 303 11 14 0.3187479 
730 301 24 29 0.26279166 
518 339 13 18 0.211425 
739 275 12 14 0.2112413 
231 329 15 18 0.17316832 
548 327 15 19 0.14637566 
411 293 12 14 0.12541427 
592 398 13 17 0.12427836 
545 307 9 12 0.117312 
450 290 13 16 0.108005226 
180 401 25 32 0.10789836 
656 296 20 27 0.104688376 
298 349 16 17 0.09732654 
581 309 15 18 0.07543879 
466 347 13 18 0.06931966 
671 274 10 12 0.0666666 
735 291 24 29 0.06593938 
940 321 15 18 0.065794095 
509 336 16 21 0.06276819 
503 333 14 18 0.05909805 
482 298 13 18 0.058319226 
739 282 16 17 0.050770856 
420 307 13 16 0.050283063 
435 349 13 16 0.050208792 
255 425 15 17 0.048122898 
378 349 20 27 0.047712706 
494 339 12 16 0.047477387 
238 305 17 20 0.044918645 
669 368 12 17 0.044312786 
578 284 12 16 0.04362569 
271 356 14 15 0.04342968 
840 336 31 36 0.04307596 
434 314 13 16 0.042324185 
402 412 18 20 0.039689206 
532 362 15 18 0.039091546 
408 307 9 13 0.03829336 
525 363 14 17 0.038167994 
710 372 10 15 0.03807376 
548 315 16 20 0.036943488 
707 374 26 35 0.03675101 
598 277 9 12 0.036362074 
227 328 26 27 0.03618133 
75 514 12 16 0.036028076 
592 394 10 12 0.035760343 
748 376 25 31 0.035609268 
271 320 18 20 0.034605376 
542 270 8 11 0.033646688 
996 355 27 35 0.033641163 
445 363 17 22 0.033530552 
452 334 10 13 0.033400252 
946 315 17 20 0.033329498 
664 305 16 20 0.03269019 
543 321 15 20 0.0326631 
855 261 19 23 0.032525282 
537 308 10 12 0.03244012 
735 379 18 22 0.0323378 
893 290 11 17 0.032200594 
847 321 31 36 0.031921186 
306 347 13 17 0.030649396 
25 468 78 114 0.030589068 
478 347 26 30 0.030505719 
749 355 14 18 0.030271253 
663 367 13 20 0.030175803 
870 284 27 33 0.030141488 
386 347 14 21 0.029495947 
397 308 13 17 0.02908298 
447 338 11 15 0.028644536 
653 292 15 20 0.028545553 
983 334 38 59 0.028336922 
644 285 12 16 0.028308807 
771 302 12 16 0.028062912 
525 317 10 14 0.027981397 
523 342 14 20 0.027913664 
640 289 12 16 0.027886687 
684 389 16 20 0.027863415 
748 285 12 17 0.027794825 
613 307 9 12 0.027625633 
497 275 10 14 0.027515372 
464 343 13 14 0.027440911 
427 417 44 52 0.027177844 
289 321 13 17 0.026839646 
954 315 15 17 0.026823921 
444 428 12 15 0.026774945 
647 279 9 13 0.026246998 
284 345 24 28 0.02568594 
725 299 17 23 0.025516145 
654 284 12 16 0.025370656 
297 358 17 19 0.024567168 
589 406 14 18 0.024408283 
854 311 27 30 0.024303718 
423 416 13 17 0.023980912 
856 298 26 29 0.023883387 
389 340 10 14 0.023851829 
699 303 15 19 0.023784094 
648 297 12 15 0.023577368 
940 308 15 19 0.023500102 
400 297 12 15 0.023398414 
367 365 17 23 0.023274386 
733 291 16 20 0.023175357 
536 301 10 14 0.023126082 
338 306 14 18 0.022899413 
533 293 11 15 0.02280983 
273 362 15 18 0.02237096 
671 262 9 12 0.022359012 
403 329 15 19 0.022197157 
519 318 10 13 0.022191515 
648 343 19 28 0.022150733 
452 340 11 13 0.02210766 
554 309 11 14 0.021983247 
450 344 22 26 0.021894416 
544 304 19 25 0.02187288 
503 385 14 20 0.021866577 
754 305 22 27 0.0215782 
270 287 9 11 0.02145184 
405 314 13 17 0.021404525 
534 322 11 16 0.021375708 
414 315 13 18 0.021297473 
480 269 9 10 0.021178761 
368 333 12 13 0.021065047 
384 330 12 16 0.02100771 
525 322 12 17 0.020926643 
158 417 49 55 0.020851946 
947 326 15 21 0.020791637 
54 438 29 34 0.02075164 
675 271 12 13 0.020426407 
765 296 12 16 0.020340597 
859 274 27 33 0.02030902 
543 284 10 13 0.020271203 
270 294 11 13 0.020260308 
594 283 11 15 0.020051867 
509 324 13 17 0.020037733 
