12_Group_Group_12_Group_Group_12_59
45
592 123 25 31 0.99874914 
806 146 29 38 0.9959843 
173 109 26 36 0.99331313 
274 86 19 27 0.9896734 
522 90 22 31 0.983014 
117 88 22 32 0.9825456 
417 85 18 23 0.9750063 
746 175 22 35 0.8986237 
471 64 19 25 0.43266794 
307 528 70 83 0.40635288 
388 118 15 21 0.3259572 
230 243 44 59 0.3093495 
778 175 27 34 0.309264 
488 130 13 18 0.23992962 
393 121 17 23 0.19185917 
203 114 22 29 0.10890986 
7 275 43 64 0.08094263 
401 123 19 23 0.073991045 
190 114 24 31 0.06681041 
153 114 31 38 0.05178156 
482 103 14 19 0.04610049 
318 109 11 16 0.0418307 
779 171 17 24 0.040972393 
443 111 16 22 0.040893793 
789 197 27 34 0.037083607 
791 183 18 24 0.036326468 
195 236 51 67 0.03443977 
993 267 31 66 0.034219407 
111 91 19 23 0.033970702 
311 158 18 23 0.031625874 
282 457 117 95 0.029333178 
0 311 25 37 0.025972348 
321 528 99 113 0.025754517 
770 187 29 33 0.023910517 
803 205 16 24 0.023893503 
220 258 36 47 0.023838723 
465 67 13 18 0.023049267 
387 109 16 20 0.022546355 
196 176 49 51 0.021933213 
295 442 71 55 0.021767322 
270 84 35 47 0.021322723 
222 216 76 106 0.02107882 
463 81 13 18 0.020832153 
597 454 39 53 0.020632682 
253 239 29 47 0.02017171 
