12_Group_Large_Group_12_Group_Large_Group_12_143
326
79 207 26 31 0.99606186 
257 216 32 44 0.9929738 
465 227 35 43 0.99249333 
302 166 33 43 0.99102205 
391 233 28 35 0.91565216 
356 253 27 35 0.8901281 
175 202 27 31 0.8511843 
581 217 26 30 0.82140994 
328 79 9 10 0.26297158 
582 231 27 31 0.25086167 
58 210 12 18 0.22470987 
560 238 23 28 0.21062253 
53 192 13 16 0.20579918 
23 189 12 16 0.19427656 
399 225 14 18 0.1716577 
313 94 9 11 0.14480487 
309 79 8 10 0.13899107 
43 173 11 15 0.12878439 
284 95 10 12 0.12648635 
437 245 13 19 0.120844014 
48 193 12 15 0.1197183 
342 78 9 10 0.11870308 
397 133 9 11 0.11810728 
361 49 8 10 0.11286524 
565 37 8 11 0.10241107 
297 63 8 10 0.100474745 
107 450 12 14 0.0964539 
372 71 9 11 0.096393295 
164 192 28 35 0.093688935 
584 28 9 10 0.09068031 
357 28 10 12 0.08620633 
207 221 13 16 0.083990484 
331 54 10 12 0.08193563 
296 71 9 11 0.07995685 
355 243 25 28 0.07623885 
311 86 8 10 0.075010695 
371 39 7 10 0.07098617 
96 214 21 28 0.07070281 
600 48 9 10 0.068962544 
373 76 8 10 0.06743251 
369 62 9 11 0.065567665 
595 69 10 13 0.065190256 
24 224 22 28 0.06512244 
29 126 9 11 0.063805334 
417 5 8 11 0.063733645 
551 47 9 11 0.062095623 
697 63 8 10 0.061984062 
360 86 9 10 0.061836842 
63 184 10 13 0.057780627 
608 55 10 11 0.05747762 
386 80 7 9 0.057472818 
320 64 8 9 0.05512713 
220 218 22 28 0.054411512 
328 60 10 12 0.053557884 
711 79 8 10 0.053238787 
402 47 8 9 0.053102735 
415 119 9 12 0.051280867 
601 5 7 9 0.051220678 
0 59 9 13 0.05051351 
317 142 10 12 0.050513003 
613 56 9 11 0.050038025 
687 4 11 11 0.04974238 
15 175 10 13 0.049258225 
367 47 8 10 0.049218655 
13 128 9 12 0.04889737 
286 88 9 10 0.048851132 
374 88 9 11 0.048034284 
704 7 8 9 0.0477302 
25 151 10 12 0.04712026 
374 44 8 10 0.046069883 
607 5 9 11 0.045532845 
4 183 9 12 0.044950824 
224 196 11 15 0.044712692 
390 32 8 11 0.044469185 
568 235 38 48 0.04386664 
374 22 7 10 0.043129783 
191 209 15 21 0.04308322 
328 73 9 10 0.04301554 
356 110 10 13 0.04300718 
439 92 9 11 0.042947795 
385 32 9 11 0.042559672 
369 93 8 10 0.042313468 
610 28 8 10 0.04202326 
597 64 10 12 0.041998513 
343 73 9 10 0.041795433 
384 48 7 9 0.041444235 
613 21 9 12 0.040886566 
657 44 8 11 0.040671088 
319 71 8 10 0.040491432 
558 48 8 9 0.04035982 
1 206 8 13 0.040238403 
356 70 10 12 0.040234093 
591 6 8 9 0.04019779 
140 209 13 17 0.040188998 
311 72 8 10 0.04014042 
107 221 15 21 0.040047094 
607 228 14 17 0.040010292 
334 78 8 11 0.038379867 
337 7 10 12 0.038354807 
345 63 7 10 0.038262237 
400 86 8 11 0.037888054 
304 95 9 10 0.037260942 
615 1 9 11 0.03712054 
60 84 10 12 0.036765277 
471 404 241 275 0.03653567 
406 233 22 31 0.036487564 
367 54 8 10 0.036427494 
422 23 8 10 0.03637782 
344 100 10 12 0.03614003 
584 38 10 12 0.03582849 
407 103 9 11 0.03551172 
21 172 11 15 0.03549006 
614 71 11 12 0.035379454 
670 56 9 11 0.03528897 
312 7 10 10 0.034991797 
349 96 8 10 0.034786344 
607 40 9 10 0.034747306 
313 48 9 10 0.034711663 
702 87 9 10 0.034640793 
558 64 9 10 0.034573674 
443 28 9 11 0.034498945 
367 160 10 13 0.03391194 
335 72 7 10 0.03389118 
3 157 11 13 0.033860262 
0 213 9 14 0.033734627 
210 216 22 26 0.033566788 
665 62 8 11 0.033494797 
280 48 8 10 0.033335228 
62 102 8 11 0.033318605 
53 190 20 27 0.033315796 
13 225 20 29 0.033172503 
640 8 8 10 0.03312008 
304 38 9 10 0.032891914 
720 5 7 9 0.032204278 
2 235 11 16 0.032124553 
769 25 9 10 0.032081705 
432 7 9 11 0.03202556 
553 71 9 12 0.03182675 
289 80 8 9 0.031609327 
383 86 8 10 0.031555843 
287 38 8 10 0.031464264 
679 79 8 10 0.03138659 
657 120 8 10 0.031365644 
589 37 9 11 0.031099949 
295 76 9 10 0.031065267 
374 135 10 13 0.030939924 
263 87 10 12 0.030828532 
340 237 13 18 0.030813621 
313 64 8 9 0.030793952 
447 104 11 12 0.030677814 
414 134 10 12 0.03047321 
321 79 8 10 0.030424604 
621 487 48 57 0.030365622 
157 185 23 32 0.030259162 
557 93 10 12 0.03019957 
356 238 16 20 0.030189063 
32 141 10 12 0.030162936 
582 47 10 10 0.030120606 
333 59 9 12 0.030011753 
231 70 9 11 0.029887924 
64 144 10 11 0.02980566 
638 14 8 11 0.029771723 
358 64 8 11 0.029767532 
288 32 7 9 0.029638855 
318 87 8 10 0.02938852 
34 233 18 23 0.02912547 
22 182 12 14 0.029116869 
376 116 9 12 0.028845737 
585 6 9 10 0.028827475 
320 170 26 40 0.028826833 
802 40 7 9 0.028801136 
281 88 9 11 0.028717663 
551 244 14 18 0.028601896 
345 47 8 10 0.028534183 
54 142 8 11 0.028471453 
606 47 8 9 0.028415713 
698 86 9 10 0.028415212 
680 16 8 10 0.028385548 
432 48 8 9 0.028380819 
358 78 10 12 0.028296845 
305 87 8 10 0.028175168 
16 103 8 10 0.02816853 
681 38 7 10 0.02811983 
357 105 10 10 0.028042309 
311 334 12 16 0.027768569 
296 2 9 9 0.027700672 
344 54 9 10 0.027678218 
104 197 12 15 0.027676871 
401 40 8 10 0.027651936 
392 219 12 16 0.027585948 
40 188 11 14 0.027552558 
489 99 10 12 0.027472915 
660 119 10 11 0.0272444 
398 524 10 12 0.02705691 
56 125 8 10 0.027041318 
588 30 9 11 0.026937334 
656 158 9 12 0.026919803 
341 120 9 10 0.026798256 
692 23 9 11 0.026789188 
574 80 9 11 0.026739266 
400 53 8 11 0.02668776 
0 98 8 14 0.026648728 
406 8 8 10 0.02659096 
394 518 9 12 0.026569484 
314 13 8 11 0.026514122 
731 547 92 137 0.026295025 
385 55 8 11 0.026286045 
281 100 9 12 0.026276216 
401 8 8 10 0.026245015 
449 7 10 11 0.02621033 
67 202 25 33 0.026190499 
326 110 8 10 0.026112683 
646 117 9 11 0.02600931 
570 237 17 22 0.026009208 
25 154 13 16 0.025889067 
663 125 9 11 0.02572976 
449 2 10 10 0.025722174 
183 195 21 26 0.025682934 
562 31 9 11 0.025576087 
651 24 8 11 0.0254823 
312 24 7 9 0.025379376 
143 104 10 11 0.025313845 
294 112 10 12 0.025252506 
286 55 7 9 0.025210187 
593 228 26 28 0.025201827 
343 86 8 9 0.025176948 
161 159 8 11 0.025136894 
57 68 10 12 0.02492604 
304 32 9 11 0.024834793 
369 33 7 9 0.024810005 
249 71 8 9 0.024414191 
76 324 17 21 0.024206655 
47 159 9 10 0.024173 
609 1 9 10 0.024160104 
352 87 8 9 0.024157662 
6 78 9 12 0.024093939 
183 155 11 14 0.024070082 
435 253 17 21 0.02406204 
645 6 10 11 0.023979908 
302 71 8 10 0.023819303 
600 41 9 10 0.023794292 
374 55 8 10 0.023783635 
260 295 39 50 0.023698341 
286 16 8 10 0.023694942 
37 118 9 11 0.023334034 
226 233 15 19 0.023328075 
51 206 20 28 0.02327978 
389 62 9 11 0.023256121 
420 1 9 10 0.023204645 
574 130 12 14 0.023185562 
686 175 8 10 0.023113733 
773 29 8 10 0.023101646 
265 158 9 11 0.023075933 
215 192 13 18 0.02299023 
369 15 7 10 0.022985443 
520 22 8 10 0.022961589 
567 2 8 9 0.022941526 
295 88 9 10 0.022928393 
352 64 9 10 0.02290958 
1000 172 10 12 0.022862723 
317 6 9 11 0.022835575 
235 79 10 11 0.02280672 
584 2 8 9 0.02274693 
367 102 9 11 0.022683071 
284 325 16 25 0.022662763 
391 47 8 10 0.022662725 
203 222 22 28 0.022660542 
359 189 12 16 0.022612395 
680 100 10 13 0.02258537 
336 103 9 11 0.02253952 
367 88 9 11 0.022537924 
421 5 9 11 0.022514636 
239 203 11 13 0.02249649 
455 122 13 15 0.022478636 
67 186 13 17 0.022474688 
574 5 8 10 0.02244295 
302 23 9 11 0.022374319 
588 238 31 34 0.02237312 
664 39 8 11 0.022361577 
296 57 8 10 0.02233299 
5 164 10 12 0.02224347 
382 109 10 13 0.022205465 
657 8 9 11 0.022176953 
250 78 9 10 0.02212186 
593 53 8 11 0.022095326 
265 20 8 11 0.021981526 
409 69 9 11 0.021970311 
386 60 9 12 0.02196397 
334 49 8 10 0.021940067 
405 45 8 10 0.021881472 
615 215 10 11 0.021767093 
910 175 26 31 0.021766396 
550 52 9 11 0.021733683 
352 75 9 12 0.021722322 
249 65 8 10 0.021702005 
350 47 9 10 0.021666197 
383 116 10 13 0.02165499 
128 203 12 16 0.021572998 
316 157 13 16 0.021568682 
559 118 11 13 0.02149969 
72 161 11 14 0.021462735 
134 201 13 18 0.02137513 
390 96 10 11 0.021300776 
240 62 8 10 0.021279206 
656 70 9 11 0.021271566 
34 110 8 9 0.021220889 
372 162 10 13 0.02107189 
60 62 9 11 0.021041501 
693 5 9 10 0.020804217 
391 127 11 13 0.020701142 
318 101 9 11 0.02068423 
351 102 8 10 0.020657176 
309 31 9 10 0.020613724 
375 16 8 9 0.020493435 
354 24 10 12 0.020406445 
680 71 8 10 0.020323945 
687 120 9 10 0.020310694 
660 70 11 12 0.02030605 
597 74 10 14 0.020297077 
416 24 9 11 0.020283788 
406 40 8 10 0.020255448 
219 251 23 34 0.020213101 
337 23 7 10 0.020195331 
208 453 11 15 0.020137671 
662 45 8 10 0.020095116 
156 192 14 21 0.02001418 
