12_Group_Team_Organized_Group_12_Group_Team_Organized_Group_12_340
61
37 -1 50 54 0.9992206 
286 4 52 65 0.99919087 
531 32 49 67 0.999186 
136 2 47 60 0.9987797 
324 110 58 80 0.99871993 
611 35 50 61 0.9985329 
932 45 34 44 0.9931772 
476 0 40 48 0.98983943 
360 1 30 38 0.9720275 
383 3 40 52 0.9555281 
87 -2 36 45 0.9534118 
0 66 37 66 0.8379281 
848 76 38 46 0.703992 
852 59 32 44 0.5106429 
24 80 30 46 0.45369026 
372 3 34 43 0.2680805 
378 60 31 35 0.19637491 
231 -1 30 28 0.17911804 
433 0 28 26 0.16027687 
846 55 25 34 0.09990147 
849 52 16 21 0.094221815 
662 52 14 19 0.07249858 
506 39 44 64 0.07209006 
413 27 25 38 0.069766305 
488 51 39 56 0.05627152 
10 189 17 22 0.053771343 
421 282 13 15 0.05322771 
532 -1 36 28 0.052667964 
962 51 34 42 0.04787653 
361 39 28 38 0.045679655 
0 119 27 49 0.04461961 
248 129 35 52 0.042252325 
178 15 19 24 0.038479332 
874 109 39 39 0.038324375 
367 53 30 35 0.03801461 
-3 13 39 55 0.037023544 
280 170 11 17 0.03660736 
357 16 30 48 0.03636165 
258 105 32 41 0.034492694 
230 6 34 43 0.03395683 
662 -1 32 26 0.033913326 
875 229 42 57 0.033046458 
530 4 46 51 0.03176963 
857 91 49 51 0.030827234 
975 27 23 38 0.030490039 
83 186 46 59 0.03046058 
191 39 30 40 0.02981894 
970 212 44 75 0.027725104 
218 151 37 51 0.027095025 
393 18 42 53 0.02679682 
427 26 12 17 0.026221447 
14 86 45 66 0.025046501 
249 -1 32 36 0.024106601 
293 175 17 21 0.023484157 
67 145 13 18 0.02219327 
51 134 23 32 0.022046551 
379 41 36 43 0.02134941 
175 0 30 38 0.02103964 
857 57 21 26 0.020998675 
978 54 18 25 0.020680098 
262 1 28 41 0.02010308 
