12_Group_Team_Organized_Group_12_Group_Team_Organized_Group_12_162
17
366 210 140 173 0.9997017 
587 393 57 93 0.24216273 
817 864 67 86 0.20348518 
613 410 54 82 0.123628326 
312 334 32 39 0.083690435 
988 325 37 94 0.07510423 
634 406 62 92 0.06317157 
330 369 44 67 0.06076194 
574 383 49 80 0.059799924 
279 324 25 29 0.042589415 
6 897 343 533 0.040116705 
191 305 118 169 0.03560825 
300 327 16 20 0.033277854 
680 397 61 87 0.030007388 
795 598 15 17 0.024333134 
304 336 51 68 0.02237334 
580 377 29 55 0.020501353 
