12_Group_Large_Group_12_Group_Large_Group_12_771
20
168 181 387 488 0.9998258 
534 285 111 209 0.19696832 
599 922 215 316 0.19249037 
7 818 444 524 0.15641749 
775 990 86 110 0.14037886 
567 365 87 156 0.101793 
936 1512 9 12 0.065786414 
453 131 118 159 0.05011639 
727 977 111 145 0.046124153 
465 13 78 72 0.043804664 
129 43 356 451 0.034144223 
246 359 449 550 0.031197099 
496 134 125 204 0.023967337 
904 1511 11 12 0.023243258 
674 960 131 186 0.02300491 
285 107 132 112 0.022938041 
512 810 381 499 0.021992037 
310 55 335 486 0.021717096 
260 17 194 247 0.020454274 
706 834 186 288 0.02016974 
