12_Group_Large_Group_12_Group_Large_Group_12_112
40
221 30 72 112 0.987111 
243 410 121 91 0.32160923 
644 392 56 83 0.26116198 
511 295 33 60 0.16854799 
399 274 41 36 0.13793764 
-13 366 95 141 0.08670337 
460 332 57 64 0.07608675 
902 287 36 37 0.06522301 
494 530 66 83 0.060801435 
210 396 201 226 0.05647418 
868 298 25 28 0.054277197 
947 219 36 34 0.05418594 
444 233 63 68 0.045626726 
485 312 55 69 0.044711646 
912 275 30 35 0.042384557 
487 222 34 51 0.03980297 
423 253 60 58 0.038483907 
914 260 33 38 0.03431941 
470 180 44 78 0.03397577 
353 497 96 144 0.030337414 
938 235 47 48 0.029958047 
411 268 17 20 0.028952828 
904 333 47 52 0.028315067 
997 447 24 45 0.02794717 
498 497 107 143 0.025484597 
467 214 50 75 0.024904389 
391 522 61 93 0.024704145 
386 478 59 83 0.024395883 
405 264 53 57 0.023737194 
261 105 27 39 0.023129815 
612 366 81 97 0.022154506 
922 283 17 21 0.02152458 
498 246 28 44 0.021388609 
910 551 48 63 0.021248547 
895 299 36 35 0.021151938 
905 356 44 52 0.021119982 
910 302 48 49 0.02095162 
456 243 32 31 0.020792425 
417 273 19 22 0.020493772 
496 269 48 67 0.020273473 
