12_Group_Group_12_Group_Group_12_522
79
372 301 38 49 0.9985464 
504 390 44 53 0.99824214 
598 264 39 46 0.9979207 
266 293 38 49 0.9978377 
359 403 45 54 0.9976623 
655 396 43 54 0.99709415 
301 231 37 45 0.9970812 
723 293 38 52 0.9967847 
397 227 37 49 0.9963966 
792 283 44 53 0.99602664 
887 289 43 55 0.99576306 
491 246 41 54 0.9936134 
189 230 39 50 0.9912828 
684 228 42 49 0.9888094 
821 243 37 44 0.9850012 
113 230 40 47 0.98057425 
45 438 32 42 0.84035254 
583 748 20 19 0.19565882 
278 693 17 19 0.120776765 
811 255 42 53 0.11579883 
610 715 17 21 0.11031217 
337 623 18 22 0.10690989 
605 628 22 27 0.07554263 
381 21 16 18 0.06015346 
826 726 23 27 0.058411527 
338 208 15 19 0.056431454 
421 701 17 22 0.05084284 
866 750 18 17 0.05027314 
602 719 25 30 0.04945082 
441 576 17 23 0.049022794 
366 50 13 16 0.04894747 
372 52 14 17 0.045062087 
590 735 27 29 0.04180565 
749 172 9 11 0.040072158 
674 339 40 50 0.03984827 
498 735 20 23 0.038895294 
406 652 13 15 0.038676463 
6 454 31 36 0.037592225 
332 629 18 22 0.036066268 
50 435 18 24 0.033621456 
699 291 30 39 0.031392302 
0 443 17 20 0.02977855 
645 3 89 110 0.029657323 
426 401 36 51 0.02858074 
290 403 44 57 0.028504603 
62 442 20 23 0.028353393 
378 49 17 22 0.028107025 
427 631 28 30 0.027873185 
320 628 24 28 0.027609315 
379 639 17 21 0.027535537 
414 179 8 12 0.027185371 
443 746 15 18 0.027087493 
366 200 10 12 0.02699462 
494 715 14 17 0.02630423 
741 190 11 13 0.026236456 
583 722 45 45 0.026101181 
867 742 29 24 0.025452448 
570 712 20 22 0.025001561 
572 729 28 32 0.024907008 
735 175 10 10 0.024649711 
389 696 14 16 0.023876179 
572 706 16 17 0.023536071 
396 19 13 15 0.023512645 
598 730 17 20 0.02318635 
395 635 14 18 0.022330236 
370 633 17 22 0.022163603 
229 702 13 16 0.022063967 
412 643 15 17 0.02197283 
413 411 39 54 0.021749698 
37 445 23 37 0.021560991 
413 87 12 14 0.02121223 
492 712 24 30 0.021163613 
390 724 14 18 0.02112845 
609 622 17 20 0.02103327 
703 234 31 36 0.021015571 
146 356 397 472 0.020966815 
392 592 10 11 0.020870376 
226 231 23 31 0.0207951 
610 724 31 34 0.020445893 
