12_Group_Large_Group_12_Group_Large_Group_12_286
138
89 157 44 64 0.9986089 
799 226 69 99 0.99644727 
491 242 29 36 0.99408555 
283 154 42 59 0.99330384 
412 259 52 80 0.9801895 
-1 192 31 42 0.9801579 
1002 265 20 25 0.9284362 
919 262 12 17 0.9083767 
969 256 17 21 0.70919096 
264 222 35 57 0.6297953 
484 218 18 22 0.53473514 
400 213 25 28 0.49351016 
596 246 21 30 0.4767732 
726 249 14 20 0.37878835 
643 218 13 16 0.16817226 
355 158 13 17 0.16540079 
836 652 12 14 0.16353479 
410 215 14 18 0.16197607 
142 201 32 35 0.15022573 
475 213 16 20 0.13500533 
163 211 14 18 0.13356228 
147 192 12 14 0.1335381 
590 119 8 11 0.12250689 
910 211 9 12 0.118675806 
958 207 10 13 0.10788628 
567 260 10 13 0.1074817 
573 256 12 15 0.09663348 
976 226 11 13 0.09523371 
139 193 22 28 0.08360795 
976 212 10 12 0.08288677 
486 231 26 34 0.07094577 
430 251 30 50 0.068902925 
889 209 12 16 0.06860559 
1001 189 9 11 0.06853661 
501 204 10 13 0.06473785 
994 221 10 13 0.06388096 
621 119 11 13 0.061861128 
902 258 12 19 0.059339885 
967 213 9 11 0.05898396 
953 229 9 12 0.058328632 
606 119 10 12 0.058213864 
264 165 30 38 0.05601182 
974 269 14 19 0.05576672 
477 221 18 21 0.052002303 
541 139 10 13 0.05126373 
412 157 11 14 0.05050038 
610 271 26 35 0.04999606 
452 207 14 16 0.049825087 
233 222 44 60 0.04936379 
592 135 8 12 0.048705474 
623 136 8 10 0.046506446 
1004 183 9 12 0.046370577 
440 224 9 12 0.045408107 
213 217 42 56 0.045301408 
495 205 11 14 0.044866823 
969 220 11 15 0.04358195 
566 143 7 10 0.043393757 
523 206 10 12 0.042979762 
641 262 43 55 0.04286798 
802 195 14 18 0.041625395 
609 112 8 10 0.03972919 
645 132 9 11 0.03811996 
965 208 9 12 0.037845016 
912 260 12 18 0.037564028 
368 31 27 29 0.037007343 
600 253 23 35 0.036540072 
989 253 10 13 0.03489998 
809 654 10 13 0.03487358 
645 120 8 10 0.034266952 
973 190 8 11 0.034159005 
991 248 11 14 0.033591658 
519 217 15 19 0.03351314 
522 211 13 17 0.03303304 
397 209 41 49 0.032925572 
730 247 40 55 0.03283113 
998 208 10 11 0.032777235 
614 117 13 15 0.032731555 
906 207 9 12 0.03258579 
644 126 10 13 0.032392327 
569 126 8 10 0.032389436 
322 193 15 19 0.032051466 
993 215 9 11 0.031942617 
997 213 10 13 0.031418294 
445 226 10 13 0.030702397 
995 226 12 14 0.030314663 
592 248 16 23 0.030087588 
518 104 9 11 0.030068988 
952 268 10 13 0.029877724 
614 274 15 20 0.029556751 
956 220 12 15 0.02942381 
441 259 30 51 0.029108675 
957 184 9 11 0.029043797 
476 287 33 46 0.02871759 
968 247 11 15 0.028630663 
953 184 8 11 0.028160855 
618 268 18 23 0.028152289 
710 247 10 12 0.028077157 
542 103 8 10 0.027830584 
514 87 7 9 0.027330387 
616 135 10 12 0.027329601 
434 242 25 34 0.026582507 
672 100 10 12 0.025631683 
599 119 10 13 0.025541307 
934 269 10 14 0.025525354 
156 206 17 21 0.025475884 
598 135 10 14 0.025139153 
529 127 7 10 0.025084075 
979 255 14 17 0.025078397 
974 234 12 13 0.024027564 
797 680 14 18 0.023936598 
916 206 8 11 0.023622293 
656 110 9 10 0.023503454 
678 112 12 14 0.023498597 
267 169 18 23 0.02339299 
727 245 29 35 0.022628652 
992 208 9 11 0.02220915 
398 214 17 19 0.022198217 
637 216 23 26 0.022163289 
623 269 32 35 0.022157801 
198 213 13 16 0.022142231 
417 216 14 20 0.022111164 
494 85 8 11 0.02209519 
459 267 46 61 0.022074513 
490 212 20 25 0.02207041 
198 219 24 32 0.022043163 
407 733 47 33 0.0217432 
396 221 20 23 0.021676315 
469 151 12 15 0.02162094 
538 103 8 10 0.021598134 
573 126 7 9 0.0214011 
630 134 8 12 0.021323215 
780 232 51 77 0.021121258 
613 112 10 11 0.021054372 
454 223 10 12 0.020940874 
190 197 12 15 0.020840084 
972 222 19 23 0.02035887 
476 242 39 54 0.020105528 
974 184 8 10 0.020081338 
