12_Group_Large_Group_12_Group_Large_Group_12_354
49
353 336 51 70 0.9987477 
22 303 79 135 0.99802834 
215 359 67 94 0.9960913 
825 240 205 396 0.9884914 
444 369 37 48 0.97830784 
650 365 50 90 0.87287897 
283 337 51 72 0.1913021 
264 457 52 57 0.16700508 
228 496 29 40 0.13825779 
261 529 65 72 0.09123631 
620 499 26 43 0.07853087 
404 314 41 55 0.0710067 
202 478 12 15 0.06402822 
527 420 12 20 0.059141297 
631 222 354 441 0.04893754 
247 475 46 54 0.03924541 
168 464 11 13 0.03626406 
381 77 47 58 0.034632634 
236 508 16 23 0.034422725 
294 475 37 47 0.032336842 
238 541 11 15 0.031435594 
246 342 56 81 0.030940097 
660 369 78 107 0.03019771 
530 424 15 20 0.030119728 
184 529 9 10 0.030030116 
533 423 24 29 0.029764604 
402 338 41 60 0.029200964 
160 524 10 12 0.02887008 
304 455 44 58 0.027834253 
551 474 12 18 0.027401524 
195 599 111 152 0.026882207 
335 311 429 479 0.026879625 
210 508 10 13 0.026592381 
265 529 41 38 0.025499383 
264 326 52 69 0.025389334 
70 37 43 45 0.025369614 
618 472 32 37 0.023927253 
23 54 13 13 0.023358956 
199 605 30 31 0.023233669 
693 380 82 105 0.022490634 
221 495 186 226 0.022311613 
753 361 38 71 0.021873422 
408 180 30 34 0.021532374 
631 389 12 18 0.021017572 
641 393 38 63 0.021003883 
759 327 187 272 0.020765243 
521 419 22 31 0.020544026 
214 527 10 13 0.020474808 
550 419 14 20 0.020446004 
