12_Group_Large_Group_12_Group_Large_Group_12_736
202
571 397 33 43 0.98410505 
938 455 26 31 0.9726166 
398 390 16 20 0.8915676 
302 381 27 31 0.8870767 
630 354 22 30 0.8041378 
424 391 17 26 0.8002524 
153 335 21 32 0.75883 
69 312 11 13 0.6827037 
733 379 27 33 0.54811084 
229 366 14 18 0.517737 
188 362 16 23 0.40294582 
770 356 14 20 0.36286896 
145 395 18 23 0.34487057 
227 395 17 25 0.25996667 
631 349 13 17 0.24020465 
895 486 13 16 0.22935171 
12 357 22 31 0.21087809 
533 462 48 73 0.20892707 
975 502 26 34 0.207512 
112 340 11 13 0.1912395 
448 388 13 18 0.16293688 
893 285 11 13 0.1523672 
125 341 11 16 0.13325085 
753 444 30 50 0.12408472 
561 444 28 46 0.12252774 
676 370 17 22 0.11961653 
662 438 12 14 0.115825005 
116 339 13 16 0.11463545 
694 371 14 19 0.104670204 
417 398 22 29 0.09895056 
14 315 13 17 0.095392495 
26 631 9 12 0.0919452 
340 701 10 12 0.0909421 
63 337 25 34 0.08874654 
229 389 11 16 0.087480426 
968 418 12 17 0.0874137 
413 410 15 19 0.085076846 
587 379 16 22 0.0788321 
5 683 26 29 0.07732613 
94 347 12 15 0.07720298 
124 377 42 53 0.07445654 
356 701 9 13 0.07437081 
1 671 9 13 0.070114575 
1 309 9 13 0.068649694 
751 389 22 35 0.06780678 
142 340 17 22 0.06737677 
954 436 14 17 0.06490641 
739 294 11 13 0.062057395 
227 373 16 21 0.057925783 
447 384 11 14 0.057041455 
339 707 11 14 0.05608506 
196 360 10 13 0.055652164 
427 404 15 19 0.05409092 
670 366 17 21 0.051889718 
206 384 14 19 0.051217895 
682 365 15 19 0.05065785 
745 390 19 27 0.04982749 
640 354 17 24 0.046899516 
445 399 15 19 0.04672619 
1 338 10 17 0.04586925 
582 391 25 34 0.04434146 
916 442 13 19 0.044044945 
714 396 16 22 0.042979673 
56 317 41 48 0.042775452 
47 341 11 15 0.041073438 
21 310 8 11 0.041060675 
716 345 17 19 0.04086472 
888 453 11 14 0.040608972 
945 442 24 29 0.040158745 
35 618 12 15 0.039863758 
449 449 16 19 0.03923322 
432 397 16 22 0.038597252 
0 303 8 12 0.03839197 
28 355 26 32 0.03750802 
398 742 14 18 0.03735648 
86 317 9 13 0.036809184 
616 356 23 31 0.036431767 
187 373 16 22 0.036426473 
405 702 9 12 0.036153413 
45 337 25 33 0.034601998 
74 315 12 14 0.033873998 
509 610 12 15 0.03372853 
909 438 14 17 0.033386383 
718 389 23 33 0.03288325 
738 372 19 21 0.03245232 
398 722 10 12 0.03231268 
482 412 14 17 0.032301318 
387 432 17 20 0.032287903 
35 341 23 31 0.031941872 
164 451 13 16 0.03180446 
154 448 16 19 0.031731896 
890 484 11 14 0.031674728 
147 383 22 30 0.03152539 
207 366 12 15 0.031374607 
697 419 15 19 0.031175742 
564 375 15 18 0.031024732 
569 372 14 16 0.031021584 
66 308 19 21 0.030425895 
661 322 17 20 0.030315632 
889 481 9 11 0.030278513 
399 383 14 17 0.029589899 
424 384 12 15 0.029426526 
445 409 13 15 0.029409604 
911 462 11 13 0.029378673 
667 683 48 78 0.029045176 
557 419 46 59 0.028694477 
355 707 12 14 0.028358215 
207 343 9 11 0.028304147 
768 352 12 16 0.02807011 
11 678 17 20 0.028066007 
43 353 17 24 0.027986094 
316 372 24 32 0.027965698 
407 416 15 20 0.027844854 
205 347 11 14 0.027684342 
166 361 12 15 0.027535837 
240 341 10 12 0.027533252 
716 407 15 20 0.027512262 
904 442 11 15 0.027275767 
766 408 14 19 0.027201012 
482 402 14 19 0.027063023 
376 700 11 12 0.027034653 
212 370 12 15 0.026831752 
888 466 9 12 0.026696926 
582 410 19 27 0.026673166 
594 386 15 23 0.026597429 
646 389 21 29 0.026471205 
350 683 10 13 0.026143152 
685 355 13 17 0.025872376 
85 344 13 20 0.025849119 
200 336 8 10 0.025629675 
87 312 9 12 0.02554941 
566 373 27 32 0.025530249 
102 384 14 19 0.025483983 
467 448 27 37 0.02539342 
645 320 22 26 0.025348281 
333 370 14 18 0.025304379 
341 694 12 16 0.025216674 
451 390 19 28 0.024881935 
73 634 13 17 0.024792844 
701 396 24 29 0.02474249 
118 344 13 18 0.024567477 
246 303 11 13 0.024437912 
126 326 9 12 0.024419513 
67 370 14 17 0.024350164 
299 379 20 23 0.02429984 
157 325 23 32 0.02429083 
158 327 14 19 0.02422289 
358 394 13 16 0.024211187 
183 396 11 14 0.02401345 
889 459 10 14 0.023869846 
102 341 11 14 0.023847492 
73 350 16 22 0.023752687 
62 316 26 28 0.023597308 
905 487 22 30 0.023498362 
25 367 19 22 0.023400977 
613 360 15 21 0.023330487 
675 339 12 16 0.023240399 
52 669 18 20 0.023222262 
5 304 9 11 0.023190362 
375 362 11 14 0.023174392 
76 341 20 29 0.023134062 
467 452 16 21 0.023061907 
34 371 15 19 0.023041815 
406 375 11 13 0.023024078 
975 442 13 18 0.022931289 
53 333 11 14 0.02292354 
149 317 10 12 0.022562098 
368 711 9 11 0.022440417 
446 432 25 34 0.022394704 
226 403 22 32 0.02233673 
545 397 25 33 0.0222409 
55 309 11 13 0.022119416 
149 372 13 17 0.022100765 
29 423 32 43 0.021929428 
307 370 18 21 0.021891154 
118 319 10 14 0.02184403 
415 395 14 19 0.02183123 
676 357 14 18 0.021710921 
902 469 10 12 0.021699322 
23 305 8 10 0.021636484 
28 634 9 13 0.021621384 
171 338 12 17 0.021609535 
132 335 20 27 0.021245752 
375 653 10 12 0.021235425 
144 309 9 12 0.021170696 
8 322 12 16 0.02115202 
264 389 11 15 0.02114935 
11 354 46 49 0.020996232 
916 459 12 17 0.020927249 
17 305 9 10 0.020917755 
189 383 13 17 0.020906797 
7 360 17 23 0.020812027 
199 385 13 19 0.020704674 
332 701 21 25 0.020694144 
348 693 13 15 0.020459838 
95 334 11 14 0.02040985 
142 304 9 11 0.020321118 
447 368 9 11 0.020237448 
468 401 22 32 0.020198062 
418 416 13 18 0.020158406 
176 363 23 31 0.020070372 
314 362 17 19 0.020000668 
