12_Group_Team_Organized_Group_12_Group_Team_Organized_Group_12_500
36
584 152 110 146 0.9998847 
223 162 102 124 0.99952614 
879 154 122 173 0.9992749 
943 71 88 122 0.9963648 
387 117 147 186 0.9899726 
914 103 112 183 0.55699503 
93 244 26 31 0.32065296 
724 223 36 48 0.18303128 
134 221 50 71 0.09698385 
366 0 27 25 0.08494998 
33 272 17 21 0.07982565 
124 243 32 51 0.06080884 
70 155 15 19 0.04736645 
162 205 52 76 0.04460057 
983 418 41 75 0.04406111 
51 255 14 20 0.04196943 
85 233 42 52 0.039558105 
731 114 15 21 0.037396543 
724 201 83 112 0.037320923 
103 233 44 58 0.03642823 
399 -4 56 57 0.035718683 
103 162 23 28 0.034737535 
751 175 95 133 0.03178843 
356 0 50 52 0.031135462 
83 250 27 31 0.03058368 
78 378 105 114 0.03056904 
113 188 83 117 0.030037113 
82 478 17 22 0.029473107 
106 206 18 21 0.02749735 
343 87 56 79 0.027026845 
704 228 55 73 0.026088651 
351 0 34 35 0.023590319 
29 272 26 35 0.02190982 
58 255 15 20 0.02124877 
327 40 82 117 0.021169627 
99 203 28 35 0.02044469 
