12_Group_Team_Organized_Group_12_Group_Team_Organized_Group_12_83
158
726 373 173 238 0.9991171 
145 284 25 39 0.9986828 
809 221 60 73 0.99808514 
301 239 34 48 0.9832265 
109 238 25 32 0.9831119 
730 224 18 21 0.95285094 
401 246 30 38 0.9417266 
29 323 21 25 0.9410155 
40 259 20 23 0.93424255 
961 191 16 23 0.9188186 
10 263 18 25 0.90568215 
998 192 17 22 0.86501765 
956 245 15 20 0.85031116 
209 271 19 24 0.8475588 
905 243 20 29 0.8321308 
1004 238 14 18 0.8173347 
91 282 23 30 0.7862526 
918 205 13 16 0.7630486 
185 264 18 22 0.689428 
550 274 49 54 0.5753245 
203 303 21 29 0.4797654 
197 247 14 19 0.4480198 
145 263 15 20 0.3500583 
0 343 18 33 0.23919912 
389 283 28 32 0.23251547 
19 296 16 21 0.2043736 
686 256 52 64 0.17516194 
900 211 11 16 0.16254908 
753 250 34 53 0.107345514 
114 316 16 21 0.106515124 
999 242 14 18 0.10051837 
582 264 27 31 0.08744343 
855 132 15 20 0.08712409 
762 209 18 21 0.087093875 
993 250 12 15 0.079046056 
62 265 14 18 0.07648072 
64 326 13 16 0.07500969 
912 209 12 16 0.07272251 
126 250 21 27 0.071100086 
98 382 17 21 0.06730644 
772 115 41 50 0.06696989 
149 242 12 15 0.066781506 
895 238 23 32 0.06482345 
740 149 14 16 0.05908307 
190 252 15 19 0.058957618 
565 270 37 36 0.05848742 
919 248 17 20 0.056854952 
245 244 10 12 0.056280274 
179 272 25 31 0.055618964 
839 139 11 14 0.055532318 
767 217 23 32 0.05453504 
720 247 42 60 0.053810447 
658 449 47 62 0.053261723 
949 236 15 17 0.05244468 
222 236 9 12 0.05237786 
971 260 12 14 0.05232813 
143 243 12 18 0.04974433 
770 206 18 22 0.04957671 
230 353 14 18 0.04932847 
85 286 19 23 0.048924852 
198 298 15 22 0.04861936 
4 347 25 36 0.04756777 
895 206 20 26 0.04663841 
903 237 13 21 0.046364076 
991 230 12 16 0.046347827 
822 135 11 16 0.046070557 
917 218 12 16 0.044293452 
762 147 15 16 0.04372507 
381 248 27 41 0.04252054 
704 192 9 11 0.03955333 
140 253 15 21 0.039367847 
217 236 10 13 0.038792845 
213 245 11 14 0.038391307 
254 270 11 15 0.03785297 
15 606 29 28 0.03672961 
965 551 50 83 0.036242235 
971 335 43 68 0.03590549 
741 144 26 28 0.035873886 
429 245 28 40 0.035671417 
806 129 11 16 0.035449684 
634 265 31 41 0.035440613 
117 229 23 34 0.03481099 
950 200 14 18 0.03409214 
14 344 24 32 0.033703636 
780 134 17 22 0.032892834 
228 237 9 13 0.03286634 
756 135 32 30 0.032823943 
845 133 15 19 0.030927468 
1003 463 17 22 0.03088468 
211 261 15 19 0.03069834 
970 277 14 18 0.030530589 
60 328 21 27 0.030431064 
211 250 14 17 0.030169796 
696 198 9 11 0.030157857 
150 258 18 25 0.03011592 
758 213 16 23 0.028647514 
716 220 42 52 0.027741035 
173 287 15 24 0.02760143 
996 228 14 19 0.027593382 
913 236 17 25 0.027401539 
735 221 22 28 0.027256833 
21 605 16 19 0.026991189 
990 69 31 42 0.026979 
66 347 23 29 0.026869737 
580 277 36 39 0.026764542 
246 268 12 15 0.026301954 
89 275 21 25 0.026053617 
101 244 16 21 0.02603576 
222 259 13 16 0.025339156 
666 249 48 62 0.025069881 
983 118 11 13 0.024925461 
644 255 42 55 0.024871675 
787 127 18 24 0.024870329 
12 394 24 28 0.02472725 
524 281 15 19 0.024378037 
192 269 17 22 0.024264343 
718 221 11 14 0.024213007 
823 130 47 56 0.024013132 
280 246 24 34 0.02398493 
891 207 38 52 0.02395094 
550 126 26 32 0.023655232 
49 592 20 19 0.023622513 
30 261 19 27 0.02360706 
981 357 43 75 0.023408432 
95 248 15 20 0.023404479 
850 133 26 34 0.023183448 
1 607 34 35 0.023166087 
240 240 11 13 0.023033477 
256 546 14 19 0.022997381 
333 293 36 40 0.022892682 
826 138 14 18 0.022579035 
190 300 25 31 0.022565378 
101 331 14 21 0.022469273 
933 206 9 12 0.02215728 
290 295 34 35 0.022072896 
704 220 11 14 0.021850338 
733 143 14 16 0.021797068 
895 131 11 12 0.021793032 
801 125 43 56 0.02162735 
998 219 11 16 0.021582482 
796 124 24 33 0.021551955 
757 234 28 46 0.021496065 
929 131 11 13 0.02127862 
660 262 70 93 0.021268114 
779 206 13 17 0.021227464 
958 183 13 20 0.021112368 
727 153 11 13 0.021086555 
874 234 27 37 0.021068411 
84 335 22 28 0.021052757 
1010 201 13 17 0.020943541 
931 211 11 14 0.020746175 
767 226 45 60 0.020655151 
708 219 14 17 0.020635536 
719 122 11 16 0.020547539 
835 134 24 30 0.02021493 
925 226 12 16 0.020171847 
700 253 34 43 0.020144867 
113 204 14 17 0.020087844 
