12_Group_Team_Organized_Group_12_Group_Team_Organized_Group_12_504
33
692 136 100 121 0.9991636 
429 91 107 135 0.9978567 
157 211 94 107 0.99475753 
632 146 54 69 0.27366918 
403 171 364 447 0.23116963 
328 106 99 129 0.14771703 
203 92 183 233 0.14464967 
386 98 97 127 0.14055008 
57 23 27 33 0.08455063 
557 41 48 52 0.06677277 
20 297 37 42 0.062651195 
524 220 191 303 0.057516936 
497 47 56 65 0.043690942 
209 190 107 120 0.04237825 
651 125 96 113 0.041762408 
475 64 65 75 0.041118417 
362 129 59 83 0.039269198 
91 22 369 405 0.037380658 
780 111 22 30 0.035330117 
635 159 33 40 0.030095534 
527 41 50 57 0.02951542 
804 116 15 17 0.028362127 
839 433 53 63 0.026572563 
154 228 18 21 0.026497878 
799 116 26 30 0.026204111 
66 31 16 21 0.025594458 
27 292 51 58 0.025035959 
786 116 12 18 0.024745194 
388 449 13 16 0.024428317 
820 508 12 15 0.024078293 
643 108 56 75 0.021008221 
58 649 30 31 0.020664865 
478 62 42 44 0.020630354 
