12_Group_Large_Group_12_Group_Large_Group_12_607
48
372 337 21 29 0.99286497 
336 346 21 26 0.9639018 
616 354 23 27 0.89260983 
539 342 19 21 0.87297416 
574 177 16 19 0.82759 
502 376 14 18 0.22410846 
470 420 23 28 0.08614812 
589 355 11 14 0.07421915 
452 330 16 19 0.065822504 
162 17 84 143 0.060989454 
634 587 12 13 0.057052385 
677 327 25 30 0.05222805 
493 373 16 19 0.0454266 
474 219 16 17 0.044370472 
545 349 16 20 0.04247128 
592 197 13 16 0.039604206 
500 338 13 14 0.03917982 
606 436 26 30 0.038850363 
556 213 12 14 0.03836727 
596 200 13 17 0.036817256 
460 243 15 18 0.0348632 
469 227 17 19 0.03404001 
574 222 13 13 0.032816656 
-5 458 72 170 0.03110857 
161 30 52 90 0.030016048 
438 454 9 11 0.029047867 
464 278 9 11 0.028399289 
556 375 12 15 0.027429305 
307 317 20 26 0.026632763 
613 361 17 25 0.026419794 
494 385 16 18 0.026342986 
635 484 13 15 0.026013719 
734 276 10 14 0.025039775 
627 473 30 36 0.024270209 
478 415 26 31 0.02419576 
763 468 29 43 0.023399673 
498 390 17 20 0.022982981 
627 338 16 20 0.022341305 
610 442 16 19 0.02200092 
607 420 11 12 0.021490905 
383 468 8 10 0.020999208 
359 427 14 16 0.020986065 
590 209 11 14 0.020763779 
575 215 13 14 0.020687561 
827 336 35 47 0.020581663 
507 366 12 15 0.020212756 
250 374 17 19 0.020041311 
551 379 14 17 0.020035112 
