12_Group_Team_Organized_Group_12_Group_Team_Organized_Group_12_617
147
196 192 45 60 0.997866 
561 154 43 56 0.99475276 
845 128 22 33 0.99153167 
908 192 45 51 0.9891851 
653 155 18 23 0.9845056 
756 167 18 22 0.97518444 
275 178 16 19 0.9560614 
66 202 23 27 0.9402315 
803 161 18 26 0.9296722 
980 157 16 22 0.9085943 
356 228 22 28 0.84915656 
271 226 20 30 0.7286719 
352 172 12 16 0.72626805 
692 174 10 12 0.66552335 
384 159 12 15 0.6402518 
636 166 10 13 0.6106776 
256 216 25 35 0.6006917 
714 154 14 19 0.5237095 
294 167 17 20 0.5138316 
400 196 10 13 0.441946 
440 199 10 14 0.37591487 
738 159 14 20 0.36742166 
784 199 12 15 0.33620182 
971 164 22 29 0.31802893 
308 224 11 17 0.2081023 
137 201 27 46 0.17064928 
347 188 14 17 0.16969018 
252 202 24 31 0.14104474 
11 249 21 31 0.13782121 
301 224 13 20 0.109663025 
334 259 13 18 0.10668156 
310 158 10 12 0.08509422 
723 161 14 17 0.08404436 
716 166 14 20 0.08271789 
106 206 24 29 0.08078503 
847 139 27 35 0.07741273 
281 229 18 24 0.07696944 
631 168 13 16 0.076310866 
814 190 15 20 0.07395191 
279 168 21 25 0.073017605 
793 221 11 14 0.068917125 
368 189 11 14 0.06767667 
292 157 15 18 0.061900206 
701 238 9 10 0.061368413 
797 230 13 16 0.059437495 
719 121 12 14 0.05755773 
501 199 8 10 0.056722697 
812 150 13 16 0.056246094 
439 192 10 12 0.055812713 
731 582 26 43 0.05446982 
291 224 17 24 0.054202173 
964 170 23 32 0.054086886 
410 214 8 11 0.053439874 
510 189 7 9 0.052199483 
505 191 8 10 0.051833607 
382 198 8 12 0.051748887 
142 188 34 49 0.04691105 
48 285 13 18 0.04559738 
275 232 27 33 0.045537952 
395 174 14 18 0.043907043 
984 162 18 23 0.042440068 
-4 247 79 113 0.038670216 
249 189 24 30 0.037260108 
346 198 17 19 0.03665911 
423 246 9 11 0.035632093 
3 266 29 37 0.034825813 
395 187 18 25 0.034632165 
717 143 12 17 0.03393859 
356 189 11 15 0.033910815 
246 168 10 11 0.03349821 
101 215 16 20 0.03237538 
344 179 13 15 0.031870257 
705 187 11 15 0.031827927 
430 212 9 12 0.031690307 
622 181 13 17 0.03137134 
307 162 12 17 0.030668175 
365 201 13 17 0.030635586 
802 233 13 15 0.030626813 
395 158 11 13 0.030019619 
689 169 17 22 0.02977204 
367 183 10 15 0.029528506 
393 203 10 14 0.02948488 
43 281 22 29 0.02927781 
735 215 10 13 0.028929887 
4 249 18 23 0.028526796 
12 270 53 65 0.028416406 
497 192 9 11 0.028313598 
445 191 9 12 0.028123213 
431 205 11 15 0.028106494 
432 192 9 12 0.027781503 
357 195 13 16 0.027720675 
348 225 17 22 0.027526762 
423 239 8 11 0.026716348 
347 218 15 20 0.026392443 
740 220 11 12 0.025979538 
487 236 11 16 0.025865419 
394 195 12 15 0.025667649 
780 236 13 16 0.025374437 
614 582 9 13 0.025236247 
839 196 11 15 0.024919806 
319 151 9 11 0.024861155 
90 1 14 15 0.024562128 
259 190 13 18 0.024539325 
433 196 10 14 0.024460237 
425 207 9 13 0.024364626 
952 190 27 39 0.024253383 
708 179 12 15 0.023888031 
73 195 26 32 0.023687879 
934 137 12 16 0.023468547 
90 205 23 27 0.023355871 
271 182 15 20 0.023236457 
48 184 10 12 0.022937577 
767 152 11 13 0.022901133 
281 184 13 17 0.022768768 
852 156 16 22 0.022607822 
105 221 18 23 0.022501463 
501 203 9 12 0.022326171 
733 167 13 18 0.022325817 
94 216 14 18 0.022250768 
288 166 14 16 0.022141574 
244 212 25 36 0.0221008 
382 203 11 15 0.0220945 
856 131 18 24 0.022081856 
718 131 11 14 0.021969074 
438 196 17 22 0.02196596 
388 212 11 14 0.021633815 
397 237 10 12 0.0215803 
808 152 11 15 0.021468462 
301 159 13 16 0.021319335 
734 151 13 18 0.021174457 
670 457 50 54 0.021026988 
418 238 8 11 0.021026824 
819 148 12 17 0.02098851 
743 594 47 53 0.020811213 
395 164 13 14 0.020767294 
448 238 10 14 0.020763569 
117 207 27 35 0.020717463 
94 205 11 15 0.020716343 
343 223 14 21 0.020607103 
418 245 8 12 0.020543113 
789 213 12 16 0.020522764 
492 230 13 18 0.02047963 
726 556 55 64 0.020307159 
86 232 26 34 0.020268323 
699 122 11 14 0.020213796 
567 406 10 12 0.020207468 
740 464 14 18 0.020134158 
