12_Group_Group_12_Group_Group_12_578
31
529 241 73 97 0.9969056 
297 243 55 59 0.9778497 
46 295 44 61 0.7326736 
740 371 70 69 0.23481606 
161 268 55 79 0.21850981 
782 347 77 80 0.19434325 
32 312 37 44 0.0562233 
906 182 39 51 0.054163314 
341 197 43 53 0.0513547 
48 265 42 64 0.051091947 
278 242 38 44 0.048959676 
981 -3 42 54 0.04490135 
50 268 22 36 0.04440449 
437 146 12 13 0.043000817 
61 284 51 70 0.042167064 
817 345 65 79 0.041887023 
556 401 25 28 0.040055186 
135 274 58 84 0.039419934 
413 156 17 20 0.035752848 
447 146 10 13 0.033827905 
150 265 96 123 0.029581899 
453 147 9 11 0.029516859 
439 313 466 426 0.027932318 
203 310 425 370 0.025129672 
546 404 44 53 0.025051564 
162 397 214 231 0.021728722 
231 363 106 105 0.021595728 
414 158 26 30 0.02106199 
87 298 36 46 0.020957297 
790 95 9 13 0.020444075 
37 351 439 383 0.020190597 
