12_Group_Large_Group_12_Group_Large_Group_12_94
102
647 194 64 84 0.99948704 
824 106 63 75 0.999419 
404 135 72 87 0.9987362 
654 112 57 68 0.9986493 
204 112 74 90 0.99863166 
327 0 30 33 0.99681515 
375 62 60 76 0.99467385 
874 50 46 58 0.99455017 
697 54 44 57 0.9945327 
711 1 44 43 0.9936113 
361 8 45 52 0.98366517 
165 78 46 63 0.9782195 
84 43 54 68 0.7416844 
874 29 30 36 0.28439265 
676 -1 36 36 0.21455312 
888 -1 30 32 0.18448214 
292 0 29 26 0.17687735 
335 111 42 52 0.16127987 
948 0 29 26 0.14166178 
874 5 32 38 0.1252465 
759 97 34 42 0.11445684 
511 5 20 19 0.09601791 
690 4 36 39 0.095513724 
133 0 32 45 0.08089738 
655 30 40 51 0.080751464 
752 48 39 57 0.07753543 
451 62 34 45 0.07670953 
534 19 30 38 0.0763472 
946 3 41 41 0.071752235 
180 82 53 71 0.068830885 
765 0 28 24 0.0658651 
49 38 30 42 0.063334964 
693 1 20 21 0.06260006 
677 14 37 44 0.06218197 
522 2 51 52 0.05861273 
28 3 26 24 0.058430046 
580 73 27 44 0.056571525 
781 1 23 23 0.0543686 
739 0 32 28 0.052414075 
588 6 44 51 0.05232833 
175 55 53 69 0.05175387 
852 89 56 70 0.050383106 
77 18 26 30 0.049046088 
0 13 30 38 0.048484936 
460 29 31 42 0.046887685 
342 2 42 47 0.043299433 
142 73 51 68 0.043213382 
648 47 34 42 0.04280414 
798 2 25 24 0.04257085 
1 91 24 43 0.04104971 
809 1 26 25 0.0405479 
513 2 32 31 0.040533435 
17 37 37 43 0.0387244 
36 41 31 42 0.038713053 
664 -2 34 29 0.038202636 
68 20 56 61 0.037784792 
677 35 31 45 0.037637383 
34 2 15 13 0.03753575 
875 13 19 23 0.03657945 
53 38 53 62 0.0364023 
466 5 49 54 0.036093555 
4 11 53 62 0.035245687 
604 110 24 31 0.034878206 
505 109 30 42 0.034044314 
289 31 44 56 0.032652732 
175 18 50 55 0.03226687 
155 0 47 46 0.030668586 
875 72 50 68 0.0299421 
765 40 42 56 0.029792413 
870 34 15 21 0.029445294 
518 87 31 32 0.028747536 
876 3 19 21 0.02839575 
464 14 29 36 0.02803294 
596 1 16 12 0.027997062 
463 37 43 57 0.02788056 
551 1 58 54 0.027303096 
19 66 51 76 0.027277855 
753 -3 30 31 0.027123343 
293 189 49 62 0.026662668 
1 -1 19 20 0.026598023 
0 17 13 23 0.026319612 
262 0 46 45 0.026253985 
959 0 38 28 0.026197882 
36 23 17 20 0.026173394 
514 1 16 13 0.025611268 
902 0 20 22 0.025567885 
417 -1 30 36 0.025030408 
413 32 13 19 0.024738532 
52 62 14 20 0.024311166 
603 0 15 12 0.024255741 
471 1 31 31 0.023796974 
847 -2 22 25 0.023714315 
787 45 38 52 0.023112444 
2 10 17 21 0.022451602 
533 25 16 21 0.022413205 
874 22 22 29 0.021800546 
689 27 35 41 0.020942148 
631 60 38 49 0.020924682 
23 18 29 40 0.020675808 
999 176 24 46 0.020593947 
410 7 26 39 0.020499093 
992 112 36 57 0.020257123 
