12_Group_Team_Organized_Group_12_Group_Team_Organized_Group_12_583
98
814 292 60 77 0.9936672 
571 221 25 33 0.9918451 
922 249 37 45 0.9750668 
525 275 42 56 0.96026653 
143 44 34 38 0.94480544 
252 226 57 58 0.9253043 
828 226 29 34 0.89552927 
994 156 24 29 0.6817664 
701 144 22 25 0.6703064 
832 177 20 21 0.5950571 
434 217 24 30 0.43646988 
394 179 18 22 0.35394382 
364 76 14 20 0.32175618 
666 193 25 30 0.23989823 
534 137 25 31 0.20745629 
990 229 23 34 0.20214885 
246 54 47 58 0.1293948 
544 222 29 36 0.12552264 
853 202 17 20 0.10885942 
491 102 25 32 0.09919253 
591 299 35 40 0.07534038 
554 217 43 50 0.073056795 
890 219 16 19 0.06640814 
674 302 68 58 0.06407697 
462 225 27 32 0.062580116 
758 139 14 18 0.055181943 
924 216 18 23 0.054433115 
371 117 46 53 0.05147517 
819 198 17 22 0.04996045 
490 86 28 35 0.04744748 
876 208 14 19 0.044875495 
601 105 41 48 0.042450476 
826 187 21 28 0.041344613 
354 66 45 61 0.04105985 
548 56 52 69 0.040680908 
835 191 16 21 0.04001531 
361 74 25 34 0.039182425 
291 78 54 69 0.038753007 
700 156 19 21 0.03719645 
271 67 51 63 0.03687222 
476 29 33 48 0.035910137 
259 67 18 21 0.03442531 
116 78 11 15 0.03302352 
772 140 13 18 0.031355817 
227 37 75 96 0.031346884 
492 79 44 54 0.029927293 
992 213 30 39 0.029421538 
366 86 14 19 0.028548572 
329 50 80 110 0.028204644 
839 182 17 21 0.027799346 
762 144 17 22 0.027691647 
996 171 18 23 0.027238412 
370 71 25 31 0.027183715 
756 170 17 20 0.026594503 
621 291 13 18 0.026471477 
564 248 29 33 0.026018687 
584 174 31 34 0.025707914 
930 209 16 20 0.025703818 
876 164 14 18 0.02563116 
407 92 15 18 0.025224727 
920 223 26 33 0.025036192 
747 155 14 18 0.024551872 
524 131 40 50 0.024153352 
931 203 14 17 0.024133777 
933 172 12 15 0.023559859 
242 232 86 86 0.023518829 
989 153 37 50 0.02339929 
303 95 57 73 0.023054913 
705 195 17 20 0.023036351 
508 27 12 14 0.022658432 
411 104 13 17 0.021842657 
711 155 23 27 0.021655453 
377 139 45 52 0.02158699 
701 170 16 18 0.021568945 
361 71 12 16 0.021559145 
650 93 114 131 0.021520717 
901 153 15 17 0.021508437 
360 86 53 69 0.021478133 
688 294 38 34 0.021332122 
740 171 16 18 0.021226944 
855 70 11 14 0.021077458 
779 145 16 20 0.0209997 
821 138 13 15 0.020870775 
902 148 24 27 0.020820996 
908 198 22 27 0.020794213 
483 67 30 37 0.020773223 
609 137 32 34 0.020766538 
764 134 14 16 0.02069778 
771 314 50 63 0.020638738 
782 116 13 16 0.020544866 
85 60 32 38 0.02049723 
807 118 10 13 0.020401062 
480 56 46 63 0.020388858 
565 72 56 69 0.020343669 
822 200 24 29 0.02025857 
822 113 14 17 0.02016964 
885 212 14 18 0.020130781 
105 25 15 18 0.020012619 
