12_Group_Team_Organized_Group_12_Group_Team_Organized_Group_12_602
16
405 247 145 193 0.99871993 
526 171 124 149 0.99803895 
644 164 150 184 0.9973801 
255 150 144 217 0.99659604 
316 191 139 195 0.67635983 
465 207 134 171 0.29613116 
137 329 47 63 0.22948107 
13 290 36 45 0.1455948 
581 187 143 142 0.123062156 
968 945 54 69 0.05443574 
841 160 46 64 0.045364868 
998 139 20 34 0.045278788 
450 1097 608 479 0.033144254 
425 744 38 32 0.023047484 
368 234 19 25 0.02293557 
446 734 149 116 0.02139549 
