12_Group_Group_12_Group_Group_12_293
38
371 100 46 61 0.99880326 
106 140 62 54 0.99866617 
521 142 57 65 0.99636394 
6 83 30 38 0.9946672 
648 87 27 36 0.9933548 
903 132 45 59 0.99036753 
577 130 39 49 0.9774571 
756 146 42 61 0.9523262 
823 155 37 47 0.93868077 
525 289 63 62 0.4152322 
660 156 27 33 0.36101523 
603 131 29 39 0.25661868 
652 115 24 30 0.11957103 
600 173 24 37 0.1150197 
350 110 24 35 0.09603377 
123 259 25 31 0.052924156 
611 136 18 24 0.052212235 
644 158 34 40 0.045935705 
576 101 12 14 0.044871606 
599 291 47 55 0.040976256 
728 86 27 33 0.039720222 
676 124 33 50 0.035102364 
558 293 58 61 0.03461332 
682 106 20 30 0.032621253 
502 132 11 17 0.030765368 
700 148 348 464 0.02927172 
346 129 26 48 0.02816455 
670 140 29 43 0.02611408 
1 252 15 22 0.025521014 
5 363 31 54 0.024640927 
565 107 45 58 0.024344312 
895 614 24 26 0.023975667 
312 138 40 49 0.022910634 
610 142 27 40 0.02208247 
422 517 15 19 0.021792524 
170 120 40 53 0.021708809 
922 586 26 29 0.020986106 
803 160 34 45 0.020624537 
