9_Press_Conference_Press_Conference_9_748
23
296 217 411 560 0.9999716 
309 445 559 581 0.240535 
333 1076 444 544 0.14820005 
-67 466 369 499 0.1033804 
236 866 418 572 0.10005924 
436 701 429 518 0.08905853 
744 551 337 478 0.06952934 
203 88 399 489 0.06449806 
625 7 347 468 0.062634096 
279 1187 201 332 0.06129743 
621 61 198 269 0.05204921 
56 983 374 494 0.051826067 
32 514 215 343 0.046532907 
713 17 217 293 0.043692596 
-28 404 239 330 0.04098624 
581 568 365 498 0.031961247 
419 983 486 460 0.030859089 
840 577 178 269 0.028206121 
-33 -50 465 439 0.025065536 
648 773 433 531 0.02407002 
70 645 217 344 0.022531494 
3 624 116 175 0.022038143 
59 418 131 155 0.021178529 
