9_Press_Conference_Press_Conference_9_607
35
326 170 249 329 0.99988806 
934 71 28 52 0.7541711 
148 388 87 121 0.19878405 
898 70 42 57 0.106077544 
828 174 56 67 0.08168536 
-85 42 418 419 0.056836598 
673 598 61 69 0.048871383 
324 577 57 88 0.048338242 
314 341 422 462 0.048122965 
251 717 100 128 0.04694115 
811 180 120 132 0.046279874 
590 97 379 443 0.043373123 
830 212 74 80 0.042872857 
685 616 95 91 0.033335406 
380 773 13 16 0.03328982 
740 867 42 57 0.0323923 
93 909 432 496 0.03171933 
810 647 18 20 0.02934541 
796 674 48 55 0.028534416 
892 75 26 45 0.028190011 
799 658 26 29 0.027572315 
177 88 343 395 0.027280271 
836 164 34 57 0.02673104 
665 771 16 20 0.025720315 
918 85 39 45 0.024318105 
969 3 42 50 0.022845794 
272 529 110 159 0.022343919 
758 656 57 53 0.02195957 
284 866 24 27 0.02191837 
796 70 14 17 0.021717716 
970 4 16 18 0.02118251 
742 909 115 148 0.020641748 
357 1027 17 23 0.020516733 
708 869 14 18 0.020299098 
660 754 15 16 0.020042293 
