9_Press_Conference_Press_Conference_9_343
34
496 115 124 179 0.9997069 
186 20 173 209 0.7278977 
21 75 216 303 0.72558206 
20 676 236 307 0.7137629 
94 64 168 212 0.63792163 
22 521 229 328 0.5291639 
174 353 124 175 0.42069092 
99 335 171 228 0.3958719 
16 203 215 301 0.39019778 
769 53 194 281 0.24739163 
159 48 127 158 0.1955486 
823 487 164 205 0.13528556 
39 387 215 293 0.12033512 
124 193 166 249 0.10059849 
50 821 232 264 0.09079385 
545 616 193 311 0.09078121 
237 -19 192 299 0.06884581 
176 125 142 193 0.06474411 
235 477 378 511 0.059552655 
805 705 174 217 0.043857813 
161 761 138 191 0.04289588 
121 686 139 171 0.039805 
18 22 182 216 0.030631391 
-14 452 184 307 0.030428527 
839 384 161 232 0.027513567 
114 543 333 453 0.027398245 
791 563 197 236 0.027334584 
416 174 414 481 0.02723929 
764 5 171 198 0.026616706 
830 806 124 144 0.026503516 
876 43 152 260 0.025632929 
878 750 131 165 0.025104186 
457 537 345 457 0.022800978 
898 686 124 171 0.020115832 
