9_Press_Conference_Press_Conference_9_35
179
188 191 18 24 0.9754895 
687 213 14 19 0.9672783 
401 187 11 14 0.9389151 
623 216 14 18 0.9383831 
267 308 22 37 0.9212736 
854 143 9 11 0.88958424 
308 213 15 19 0.87362343 
302 284 18 23 0.83218867 
602 196 12 15 0.82086146 
372 242 15 19 0.8069998 
365 316 23 32 0.5997748 
133 352 30 34 0.5808725 
286 213 11 16 0.5398925 
374 214 12 15 0.5046365 
479 299 25 31 0.45902207 
159 309 24 28 0.45830047 
15 326 59 55 0.44031507 
272 236 14 17 0.37665707 
509 320 26 34 0.30027232 
234 283 14 18 0.24927631 
566 313 25 27 0.24587025 
585 314 17 22 0.22405882 
257 314 35 49 0.20905477 
563 302 24 28 0.1963666 
432 307 25 29 0.1950623 
228 287 22 27 0.1922331 
314 217 13 17 0.19223222 
195 287 19 22 0.19023928 
488 305 25 31 0.18506132 
70 343 33 38 0.18208902 
389 327 27 29 0.16933323 
562 323 30 37 0.16208683 
478 294 19 24 0.15811533 
357 222 10 13 0.144797 
352 219 10 13 0.13129222 
45 333 56 55 0.12631235 
925 279 12 15 0.12026582 
330 220 13 15 0.11545228 
565 339 44 55 0.1075741 
210 377 51 51 0.10276965 
956 187 36 35 0.102692 
342 213 10 14 0.101444915 
327 213 12 14 0.097962484 
291 212 11 15 0.0969146 
370 213 11 13 0.09338651 
662 317 28 32 0.09147099 
294 285 19 20 0.08929856 
260 319 17 26 0.0892341 
471 336 37 43 0.08766939 
564 289 26 30 0.08167259 
203 352 52 53 0.0776475 
355 323 28 37 0.076382816 
333 212 12 15 0.07555326 
275 321 27 42 0.07531915 
360 404 43 69 0.074450895 
644 321 14 21 0.07191563 
388 251 10 13 0.069688104 
287 209 11 13 0.06930064 
328 226 13 15 0.0662555 
384 248 11 15 0.062574185 
341 435 51 63 0.06146295 
340 288 17 19 0.060884956 
222 296 14 19 0.060868513 
0 325 31 41 0.060622107 
417 339 31 36 0.059200387 
352 236 13 17 0.055297896 
259 265 13 18 0.055203117 
489 266 19 21 0.054099753 
476 317 42 51 0.0522388 
171 299 30 33 0.05052911 
338 317 32 33 0.049647227 
387 207 12 15 0.049465366 
180 286 28 29 0.049285326 
275 301 12 20 0.04757145 
551 334 30 38 0.04755851 
950 258 12 15 0.04718353 
489 299 18 21 0.046179708 
261 291 14 17 0.044343892 
514 316 18 24 0.044037346 
208 311 28 35 0.04374355 
308 279 13 19 0.043685224 
528 244 15 16 0.04365438 
379 218 12 15 0.04356959 
501 573 87 118 0.042051964 
376 -85 479 471 0.041730437 
331 235 13 16 0.041351892 
586 206 13 15 0.040828086 
378 315 15 22 0.04041993 
646 314 23 30 0.03996266 
222 401 39 39 0.039111853 
267 293 13 17 0.039046377 
156 300 39 45 0.038215306 
540 339 28 38 0.03798297 
428 333 40 49 0.037961476 
576 361 40 50 0.036961902 
301 295 39 50 0.03663771 
740 375 10 13 0.03647776 
384 311 24 28 0.036188327 
418 334 19 24 0.036176104 
498 267 14 18 0.03418647 
383 227 12 15 0.034096815 
931 277 11 13 0.03364887 
282 307 30 41 0.03332367 
291 296 27 32 0.033002954 
672 315 19 22 0.03245356 
488 305 41 51 0.032277193 
352 331 38 47 0.0319553 
2 330 16 23 0.03163154 
178 311 19 23 0.031393792 
463 331 31 33 0.031145804 
337 305 25 32 0.03107165 
328 313 25 34 0.031052388 
404 327 27 34 0.03072454 
347 198 9 11 0.030706499 
306 423 59 74 0.030465597 
640 262 9 11 0.029605467 
368 238 15 18 0.029172607 
574 254 9 11 0.02904577 
92 344 49 54 0.028899051 
187 361 47 54 0.028005453 
383 301 13 16 0.027927186 
340 244 9 14 0.027908226 
496 329 33 41 0.027906628 
216 297 22 31 0.027757417 
333 241 13 17 0.027688617 
656 339 32 32 0.027350713 
414 210 13 17 0.027286956 
399 323 18 21 0.027095675 
454 338 27 38 0.026727155 
281 217 11 15 0.026538525 
284 283 16 19 0.026415879 
379 236 13 18 0.02597081 
385 334 34 40 0.025945667 
239 289 17 23 0.025850622 
282 276 15 18 0.025741227 
471 309 32 37 0.025557483 
653 238 15 18 0.02554492 
263 293 23 29 0.025297875 
368 209 9 12 0.024714729 
632 351 28 34 0.0246454 
223 334 52 52 0.024574133 
280 319 16 25 0.02453884 
312 283 15 22 0.024249779 
181 380 36 42 0.023678523 
210 306 17 22 0.023603065 
275 231 20 26 0.023455124 
282 293 24 30 0.02341941 
605 184 11 15 0.023049073 
520 332 40 48 0.022945087 
163 171 13 17 0.02294359 
39 327 84 93 0.022857325 
358 285 13 16 0.022831025 
427 320 18 23 0.022810964 
0 317 9 15 0.022717223 
516 148 33 35 0.022514766 
228 302 15 22 0.022512853 
284 235 13 17 0.02241078 
436 302 16 20 0.022339292 
732 388 13 15 0.022311594 
401 362 44 53 0.022275569 
190 287 37 45 0.02225392 
851 138 18 22 0.022167087 
342 207 10 14 0.022096397 
452 349 17 26 0.021900402 
423 319 32 40 0.021855362 
656 306 27 34 0.021590378 
661 315 17 22 0.021548416 
499 290 14 17 0.021437071 
214 297 15 19 0.021111034 
547 611 13 15 0.020956295 
366 323 39 48 0.020955846 
320 320 23 31 0.020949233 
293 235 14 18 0.020848515 
850 145 12 15 0.020845227 
246 317 32 39 0.020828161 
957 215 29 31 0.020733135 
267 255 13 19 0.020707235 
339 298 17 20 0.02031144 
632 324 26 34 0.020000735 
