9_Press_Conference_Press_Conference_9_12
159
106 219 33 42 0.99905413 
932 205 33 55 0.99123454 
673 261 15 19 0.9877771 
263 305 17 21 0.9724878 
617 288 14 19 0.9712172 
514 292 13 16 0.96449697 
390 313 20 25 0.9608522 
317 318 20 25 0.95773625 
568 286 13 18 0.9474916 
803 429 38 59 0.9016806 
205 338 23 33 0.8668569 
458 498 33 49 0.85281 
181 252 22 26 0.77887726 
318 238 16 20 0.6510026 
635 485 55 56 0.5245066 
52 245 9 11 0.4318333 
330 237 14 18 0.42647886 
118 380 30 37 0.34768453 
723 371 23 36 0.3407792 
135 387 26 36 0.26328856 
22 247 9 11 0.25913265 
840 327 10 12 0.24193393 
203 313 14 17 0.2270319 
355 347 17 21 0.22186765 
413 343 22 28 0.20124301 
197 239 17 20 0.19841173 
559 338 23 36 0.18895352 
471 345 22 29 0.15270877 
666 350 22 30 0.14326043 
702 291 13 14 0.14240204 
300 245 12 16 0.13519801 
692 308 14 17 0.13118869 
186 242 22 27 0.120277666 
250 330 17 23 0.117860705 
631 315 22 27 0.10877172 
485 317 10 12 0.10655878 
644 351 23 28 0.10017724 
836 306 16 18 0.098668054 
756 664 20 22 0.095387354 
311 242 12 17 0.09257077 
97 334 20 23 0.092210025 
46 260 11 14 0.089125 
403 463 39 51 0.0759732 
670 290 16 21 0.07325249 
694 338 36 38 0.067961276 
247 325 14 17 0.06675412 
3 279 13 16 0.06318366 
473 332 23 31 0.06048629 
197 341 19 24 0.05936832 
483 324 14 18 0.056117326 
823 345 29 36 0.05556156 
495 315 11 14 0.0550277 
721 286 14 15 0.05334561 
570 341 29 35 0.05296059 
540 428 37 37 0.052908733 
307 357 18 26 0.052514814 
570 304 14 17 0.051444843 
406 349 21 25 0.048112974 
481 337 29 32 0.0472428 
301 239 9 14 0.046578374 
65 253 9 12 0.046137646 
477 331 14 18 0.045745768 
655 355 30 35 0.04568291 
464 481 48 67 0.045414 
51 259 12 15 0.043224677 
47 253 12 15 0.04310591 
828 359 17 21 0.0428864 
480 353 17 20 0.042725954 
195 332 17 23 0.041847095 
289 430 31 46 0.04154189 
587 344 21 32 0.041454274 
701 315 12 15 0.040085204 
710 373 28 31 0.03860309 
303 174 13 17 0.038040064 
362 351 15 21 0.037301455 
70 260 9 13 0.037120383 
570 321 17 20 0.036288366 
644 345 16 24 0.035899762 
500 314 14 18 0.035678618 
424 346 17 24 0.035529103 
637 321 23 33 0.03487766 
337 237 12 17 0.03468219 
191 317 11 13 0.034328967 
670 474 46 56 0.034125455 
510 353 14 20 0.03350173 
351 308 11 16 0.033178486 
677 343 23 37 0.032859374 
565 327 27 34 0.03250233 
189 236 15 19 0.032383397 
471 338 13 20 0.031967074 
685 89 99 152 0.031419862 
694 298 22 27 0.030625422 
52 251 11 14 0.029968994 
17 249 11 14 0.029948747 
536 434 49 56 0.029078186 
700 289 21 25 0.029031737 
492 323 13 16 0.028899878 
357 307 13 17 0.028331457 
831 332 25 33 0.0280513 
69 254 10 13 0.027856069 
324 311 14 17 0.02783495 
474 334 10 14 0.027762704 
696 291 14 18 0.027318167 
339 417 30 43 0.026988056 
551 334 22 31 0.02645051 
569 296 16 19 0.026056103 
219 342 23 33 0.025805078 
122 394 20 27 0.025588924 
634 310 16 19 0.0255496 
4 280 22 26 0.025400419 
732 363 16 26 0.025350567 
662 289 15 19 0.025191532 
639 354 14 20 0.025178997 
210 316 10 14 0.02477429 
834 322 22 27 0.024760492 
195 319 23 29 0.02471172 
682 297 24 30 0.02443464 
716 287 22 23 0.024375906 
481 321 27 33 0.024310442 
278 436 60 69 0.024211261 
17 241 9 11 0.02388699 
567 314 15 20 0.02388511 
691 349 23 35 0.02387993 
27 246 9 12 0.023862652 
851 371 12 15 0.023794437 
580 316 13 18 0.023720426 
563 361 26 31 0.02338536 
256 450 34 43 0.023287889 
313 321 15 19 0.022950917 
303 240 21 28 0.022945637 
242 334 21 30 0.022763662 
267 330 14 18 0.022462115 
258 333 18 23 0.022457045 
418 477 53 55 0.022393143 
14 267 11 13 0.02236143 
620 462 49 65 0.022306839 
818 438 36 45 0.022265214 
744 290 30 32 0.022234524 
30 292 10 14 0.022112032 
748 311 16 21 0.021936411 
193 254 16 22 0.021932984 
188 332 17 21 0.021882739 
20 260 12 15 0.021827029 
702 319 30 37 0.021717144 
298 168 22 29 0.021687174 
675 285 22 28 0.021475611 
284 354 22 33 0.021442117 
534 309 9 12 0.021391753 
156 275 12 15 0.02138514 
706 287 12 14 0.021201458 
202 330 18 26 0.02100583 
21 293 14 16 0.020972425 
306 422 78 99 0.020874104 
675 280 15 20 0.020770587 
27 252 10 13 0.02075054 
695 361 25 33 0.020654714 
48 240 17 22 0.020421237 
778 417 68 91 0.020379303 
18 241 18 23 0.020140149 
