9_Press_Conference_Press_Conference_9_710
17
270 294 423 560 0.9999881 
474 1341 34 35 0.5184877 
940 1366 44 65 0.4854685 
899 183 49 72 0.23562628 
846 335 65 84 0.14503425 
947 975 37 50 0.13791691 
963 1425 47 69 0.12535794 
770 159 32 41 0.06124211 
831 497 54 73 0.055249967 
217 564 499 593 0.04760102 
956 1387 51 78 0.04652818 
211 124 407 455 0.03370005 
-2 495 35 61 0.027976343 
466 1325 34 37 0.027476309 
828 599 49 68 0.026541688 
699 1340 38 44 0.021947278 
839 295 52 72 0.021257238 
