9_Press_Conference_Press_Conference_9_89
27
404 166 82 122 0.9974476 
667 203 67 104 0.99302036 
786 224 54 64 0.9929662 
143 121 60 121 0.92649287 
805 285 50 75 0.08903529 
996 256 23 34 0.086131565 
46 672 458 498 0.06596934 
884 433 19 21 0.0614703 
776 247 54 75 0.053684704 
525 219 44 58 0.05068574 
954 556 17 21 0.050446246 
812 226 35 47 0.03338526 
665 432 29 31 0.027847134 
822 302 50 64 0.027480226 
843 360 37 39 0.026984839 
1005 489 16 22 0.026228687 
593 470 18 21 0.026200766 
856 348 33 39 0.026037363 
900 391 11 12 0.025569258 
533 381 14 18 0.025395935 
974 194 11 14 0.025385162 
-4 281 502 481 0.025381409 
752 257 47 71 0.023117235 
507 346 16 20 0.02251115 
998 449 14 19 0.021971615 
983 378 10 12 0.021871166 
1004 259 23 37 0.020539556 
