9_Press_Conference_Press_Conference_9_332
19
215 559 504 618 0.9963322 
278 310 475 565 0.5387743 
268 833 579 488 0.2632128 
79 308 449 592 0.08360502 
489 1148 359 447 0.082733795 
15 16 97 98 0.067994244 
485 387 410 542 0.06506907 
924 647 92 190 0.048208866 
580 155 422 576 0.04755936 
418 616 501 585 0.04653481 
287 32 416 484 0.04194598 
98 -2 332 509 0.03328899 
654 1287 206 288 0.032978106 
223 1509 25 28 0.032340392 
59 533 25 35 0.022437269 
201 673 122 156 0.021640673 
212 1495 24 31 0.021319898 
268 1456 17 22 0.020360269 
212 1494 15 19 0.020320484 
