9_Press_Conference_Press_Conference_9_636
18
218 363 468 544 0.9999938 
286 635 444 536 0.36424175 
712 266 429 492 0.18143933 
539 1034 387 462 0.16006616 
411 289 360 496 0.15539667 
779 1030 215 272 0.10243362 
331 1170 312 447 0.09415545 
130 242 409 518 0.08430752 
189 34 391 533 0.0733769 
333 1278 182 150 0.056907278 
30 967 182 215 0.051045697 
261 1214 256 295 0.036745578 
867 871 92 113 0.025061294 
898 873 108 138 0.023817929 
420 828 251 354 0.021527845 
-105 -53 402 492 0.021402469 
324 1211 156 172 0.02093149 
86 790 471 445 0.020076193 
