9_Press_Conference_Press_Conference_9_518
20
764 153 175 277 0.9996526 
391 318 172 242 0.99844176 
80 195 386 497 0.1463991 
945 1334 9 13 0.07346111 
777 1349 30 40 0.06559798 
497 960 64 72 0.051815495 
696 811 403 465 0.038126398 
156 503 409 451 0.03738256 
189 980 399 477 0.033998374 
740 138 128 195 0.029539473 
248 40 412 468 0.029326221 
249 1403 31 40 0.027183617 
962 1349 18 23 0.025509266 
709 111 115 153 0.024829054 
592 1492 43 53 0.024360906 
716 124 35 44 0.023524668 
977 1433 17 21 0.021411145 
831 1297 13 16 0.021364111 
606 129 375 424 0.021045655 
750 1299 83 104 0.020900302 
