9_Press_Conference_Press_Conference_9_325
22
333 191 61 77 0.9986958 
686 119 59 101 0.9907488 
757 59 20 26 0.5129767 
479 138 21 29 0.07936414 
600 240 17 22 0.07319147 
598 374 15 18 0.06851366 
722 0 16 15 0.06398051 
482 260 13 18 0.062051095 
674 84 17 24 0.051862665 
846 32 22 27 0.040388748 
536 122 22 29 0.04032669 
435 155 12 18 0.038610958 
409 79 81 124 0.034199644 
769 62 16 23 0.034104727 
798 0 16 18 0.03196098 
411 94 47 82 0.030228127 
431 269 13 18 0.027619086 
750 62 17 22 0.02754479 
874 519 43 51 0.02723455 
770 331 116 188 0.025971452 
748 58 40 46 0.025791118 
533 248 22 28 0.02530556 
