15_Stock_Market_Stock_Market_15_102
62
283 399 76 108 0.9845106 
912 117 21 27 0.2680208 
202 -24 420 544 0.16832991 
986 76 22 28 0.16306432 
304 365 103 133 0.10857757 
377 491 30 38 0.09659751 
859 436 17 21 0.094662465 
886 253 23 31 0.07609321 
877 298 16 21 0.07306044 
275 434 59 90 0.059456665 
126 79 14 18 0.058890607 
47 114 32 35 0.056678116 
960 14 26 32 0.05537754 
882 341 14 17 0.054484908 
989 260 25 32 0.054207575 
947 295 24 31 0.053319316 
380 149 20 26 0.05253352 
47 139 38 41 0.052030228 
884 253 16 20 0.048801195 
921 119 18 22 0.04754362 
119 158 31 37 0.04639143 
223 199 206 297 0.045722336 
930 122 15 19 0.045674235 
876 335 23 31 0.044502974 
37 190 28 32 0.041597106 
135 500 38 43 0.03588402 
33 80 396 548 0.03586763 
8 394 29 35 0.03569651 
339 351 109 129 0.03542092 
867 430 13 15 0.03531367 
879 297 26 31 0.03471357 
0 457 38 61 0.03450538 
890 304 13 17 0.032962456 
102 284 29 32 0.031954262 
77 490 34 42 0.031949166 
861 429 24 33 0.031702504 
865 423 9 11 0.031537324 
617 182 15 19 0.030224362 
135 158 29 35 0.029860962 
853 627 11 14 0.029603947 
43 151 27 32 0.028366597 
109 204 25 30 0.027924482 
577 443 13 15 0.027869107 
1 610 16 24 0.027212147 
541 571 13 16 0.026834901 
700 191 14 18 0.026459467 
654 274 14 19 0.026151795 
37 617 38 40 0.025409106 
879 335 12 15 0.025073439 
318 211 359 470 0.024826266 
932 393 15 19 0.023278413 
831 642 12 14 0.023209741 
123 120 26 30 0.02218183 
684 192 13 17 0.022045447 
31 272 24 29 0.021900862 
123 247 26 29 0.021672321 
898 301 26 35 0.021103846 
603 182 13 17 0.021088654 
969 19 15 20 0.020941831 
913 67 26 34 0.020906704 
823 651 27 34 0.020601507 
539 174 15 19 0.020080851 
