15_Stock_Market_Stock_Market_15_569
39
231 373 45 60 0.99913776 
322 437 34 39 0.9989236 
183 443 54 61 0.9970829 
62 358 86 106 0.9965655 
466 464 15 21 0.98989177 
35 324 79 149 0.97383267 
402 433 20 26 0.97117347 
392 471 20 28 0.952971 
113 374 61 78 0.9506375 
6 265 80 209 0.7741858 
362 456 18 22 0.68534446 
2 431 42 75 0.13852559 
370 461 16 22 0.09548114 
454 450 12 16 0.09344921 
140 649 33 40 0.05697692 
389 445 12 17 0.056546435 
701 118 28 36 0.051126443 
483 445 11 14 0.04563005 
377 461 21 27 0.0436278 
349 543 17 18 0.04050763 
186 244 28 36 0.03963921 
665 145 29 34 0.035093676 
157 649 30 39 0.034099083 
639 359 9 13 0.031090971 
393 496 15 20 0.029846335 
478 453 12 14 0.029639473 
472 461 16 22 0.028130805 
813 436 185 247 0.025951557 
451 447 20 25 0.02422186 
692 521 45 63 0.024020784 
495 446 10 12 0.02277699 
210 315 27 34 0.022720475 
714 119 25 36 0.021347092 
483 451 11 14 0.021128003 
688 100 36 42 0.020712439 
357 433 15 20 0.020489376 
429 484 11 14 0.020327805 
673 131 41 48 0.020240303 
710 391 9 12 0.020124141 
