15_Stock_Market_Stock_Market_15_313
28
286 120 40 45 0.9714366 
891 481 28 41 0.30837014 
957 170 47 69 0.15923233 
138 240 29 34 0.11004082 
617 148 37 42 0.090216614 
269 100 46 60 0.08877891 
800 360 52 74 0.074964605 
846 322 46 73 0.06276095 
867 313 52 77 0.058128826 
864 103 9 11 0.057380076 
879 465 50 62 0.051120218 
260 108 29 39 0.04308272 
906 90 12 15 0.042685814 
938 93 10 12 0.041024532 
825 354 49 70 0.04043034 
892 336 51 73 0.039133266 
205 181 31 32 0.036962204 
603 149 33 38 0.036893506 
10 350 102 150 0.032070376 
596 185 39 48 0.03051905 
781 367 52 78 0.027915109 
55 171 23 30 0.026786085 
65 303 53 61 0.026723953 
60 66 16 19 0.024281442 
811 352 32 43 0.022999149 
835 315 81 115 0.021781685 
837 111 24 31 0.020833397 
987 252 39 79 0.0202747 
