15_Stock_Market_Stock_Market_15_706
59
327 169 174 242 0.99945575 
160 300 23 35 0.7143455 
126 316 28 35 0.5251782 
710 151 47 54 0.17995131 
780 35 16 19 0.15277706 
696 314 24 28 0.1276114 
682 323 43 54 0.08952178 
75 369 17 21 0.085489266 
2 374 24 36 0.066637814 
155 298 18 29 0.05252618 
98 313 27 34 0.05128261 
762 38 12 16 0.050723065 
70 50 15 19 0.04851913 
824 2 14 14 0.047787715 
802 289 16 21 0.045270603 
111 313 30 37 0.04203049 
709 109 30 38 0.039966423 
147 306 24 34 0.039539758 
854 283 23 33 0.038925074 
860 284 14 20 0.03856748 
634 111 16 21 0.03670757 
102 356 26 32 0.036698703 
1007 438 12 18 0.036676355 
757 283 48 60 0.035706766 
351 53 12 17 0.035509016 
611 177 33 39 0.034927525 
949 155 75 132 0.034243077 
837 1 14 15 0.0330046 
826 272 13 16 0.03204356 
145 252 22 30 0.031483676 
652 314 25 33 0.031163823 
27 384 22 29 0.030479321 
721 485 118 153 0.02987842 
134 309 15 18 0.02940806 
15 380 25 34 0.029350398 
175 306 18 24 0.028009057 
889 293 16 19 0.02692422 
107 306 17 19 0.02614018 
107 285 11 14 0.026033115 
831 259 13 16 0.025781283 
848 276 38 53 0.024558475 
804 2 12 13 0.02440534 
977 473 15 19 0.024303233 
221 310 26 34 0.023837592 
629 -88 367 497 0.023677168 
45 58 24 35 0.02327603 
0 312 19 35 0.022719163 
136 331 19 24 0.022246957 
106 304 27 35 0.02205037 
823 267 21 27 0.02086732 
964 369 12 17 0.02086717 
152 265 27 33 0.020790769 
608 195 28 32 0.020787861 
721 363 45 60 0.020452943 
1005 438 19 34 0.020442566 
100 339 28 36 0.020393414 
59 69 31 45 0.020390444 
159 277 25 34 0.020167377 
7 41 46 69 0.020031022 
