47_Matador_Bullfighter_Matador_Bullfighter_47_567
30
419 99 185 243 0.99947256 
304 557 9 12 0.19082831 
721 533 10 12 0.12519544 
837 406 14 17 0.10080663 
269 407 38 51 0.07528186 
749 532 10 13 0.058324073 
293 469 13 15 0.04414935 
62 352 243 296 0.04152592 
772 416 13 17 0.040393822 
347 567 12 14 0.035992734 
304 591 8 10 0.035041187 
672 550 10 13 0.03375969 
278 541 13 15 0.033520855 
716 563 12 14 0.030931395 
739 493 15 20 0.029537471 
59 1089 15 19 0.028266888 
867 405 15 16 0.027555062 
460 1243 36 42 0.024811875 
375 527 10 13 0.024719361 
768 412 12 16 0.024661003 
389 1029 187 290 0.024592388 
699 506 11 14 0.023283703 
646 719 10 13 0.023078715 
722 497 15 20 0.021781452 
773 530 13 17 0.021336507 
693 469 13 16 0.0212631 
731 490 19 27 0.020647967 
275 458 14 19 0.020552633 
748 504 12 15 0.02054891 
777 446 15 18 0.02031633 
