47_Matador_Bullfighter_matadorbullfighting_47_491
84
746 190 19 24 0.924458 
317 197 13 16 0.9211696 
347 196 11 14 0.5792888 
894 139 10 13 0.5089188 
949 64 10 12 0.3683981 
4 153 12 17 0.29850644 
869 139 11 14 0.26592916 
285 238 12 15 0.2658352 
342 239 9 12 0.26057154 
467 217 45 43 0.20263268 
100 193 14 17 0.18919158 
86 134 12 15 0.18239708 
187 157 12 15 0.16773994 
198 202 12 15 0.16283111 
804 216 15 19 0.1329047 
918 138 11 15 0.085571416 
217 203 13 17 0.08074629 
35 191 13 16 0.07914983 
822 211 12 15 0.06793017 
752 188 25 28 0.06354686 
918 131 13 15 0.060869712 
280 235 20 24 0.060649242 
125 190 9 12 0.05879138 
983 197 13 16 0.055972543 
912 139 11 15 0.055782866 
361 185 12 15 0.05574074 
444 255 30 31 0.051661644 
342 191 18 23 0.051207047 
404 192 15 18 0.050351374 
910 116 25 30 0.04757386 
716 115 12 13 0.04493013 
770 184 26 28 0.043963082 
876 140 10 13 0.04351754 
310 222 10 13 0.043121167 
230 187 11 14 0.040793963 
56 192 9 12 0.03877678 
199 195 21 27 0.038132127 
458 215 35 34 0.036673065 
205 198 11 14 0.036636163 
328 185 22 26 0.036079314 
246 186 13 16 0.03376053 
896 145 10 13 0.031111963 
740 253 28 29 0.031057563 
866 135 19 24 0.03094544 
135 206 8 10 0.030941647 
229 202 12 15 0.030736286 
363 168 13 15 0.03019696 
119 204 9 12 0.029866915 
459 202 413 495 0.029114768 
303 204 10 15 0.02885511 
823 186 10 12 0.028459636 
333 195 13 17 0.028110813 
197 191 12 14 0.02804768 
899 135 10 13 0.028019292 
363 138 26 32 0.028012982 
496 109 10 13 0.027294284 
889 134 11 16 0.025836626 
119 216 9 11 0.025374886 
45 190 10 13 0.024887921 
958 83 11 14 0.023633413 
28 188 22 27 0.023579612 
211 194 23 29 0.023223143 
890 134 19 24 0.023196444 
84 188 11 13 0.023120226 
118 194 12 14 0.023038585 
813 198 9 12 0.02268016 
807 184 9 11 0.022664879 
932 191 13 16 0.022535816 
49 228 10 11 0.021934947 
932 158 10 11 0.021623693 
197 182 39 45 0.021363296 
887 148 8 11 0.021352364 
500 165 11 13 0.021124505 
786 188 14 16 0.021105941 
913 132 11 15 0.021016022 
332 183 12 15 0.02083442 
106 195 12 14 0.020717802 
815 184 8 11 0.020372387 
82 137 12 16 0.020323193 
96 203 10 12 0.020301806 
912 123 13 16 0.020275405 
61 196 9 11 0.020232363 
691 197 26 31 0.020139344 
217 186 23 28 0.020009495 
