47_Matador_Bullfighter_matadorbullfighting_47_72
20
636 7 23 29 0.99564785 
508 11 28 33 0.9754505 
750 5 23 29 0.9716975 
687 -1 24 28 0.9617063 
572 9 24 29 0.8618349 
914 6 26 30 0.8132354 
327 59 55 63 0.7963231 
227 2 25 26 0.72355044 
974 13 21 26 0.611533 
832 421 82 131 0.43998605 
783 414 103 143 0.12885672 
998 20 16 19 0.10068339 
311 125 498 469 0.04117617 
975 8 13 16 0.035593376 
915 19 19 24 0.033354286 
325 82 34 39 0.03213169 
565 23 25 31 0.026188852 
706 29 17 21 0.025188427 
372 317 40 35 0.022642663 
850 373 113 170 0.020767167 
