47_Matador_Bullfighter_matadorbullfighting_47_443
135
821 205 14 17 0.5987969 
973 195 13 20 0.5550711 
859 166 13 16 0.52168727 
350 198 13 17 0.50239927 
315 204 12 16 0.40629232 
902 203 14 18 0.3013251 
583 202 12 15 0.28840622 
460 327 26 30 0.24829161 
827 208 14 17 0.21420464 
195 251 18 23 0.19250546 
779 228 18 22 0.1874871 
836 205 11 14 0.17834455 
832 265 14 17 0.14746389 
670 265 14 17 0.13381596 
422 219 14 17 0.12701397 
828 259 23 29 0.12668388 
952 258 13 16 0.12317345 
538 254 25 32 0.109354384 
491 296 18 22 0.10076644 
538 252 17 22 0.0982464 
765 222 10 13 0.08954768 
816 204 12 17 0.08237815 
806 202 11 14 0.08087296 
74 179 27 30 0.07673855 
190 249 28 38 0.07366323 
780 207 10 12 0.07339239 
896 211 13 16 0.07102199 
687 261 11 14 0.07054179 
863 198 11 12 0.06711156 
313 199 11 16 0.06549211 
797 202 13 15 0.065327026 
507 247 19 23 0.063022114 
905 198 13 16 0.061075095 
563 310 10 14 0.06091618 
468 250 14 16 0.060196187 
510 338 24 31 0.059242774 
462 260 13 16 0.058501467 
371 214 12 15 0.058412444 
408 190 10 12 0.057840414 
579 226 15 17 0.05675891 
359 221 12 16 0.054966833 
385 228 12 15 0.054206498 
757 226 12 15 0.054195 
792 204 12 14 0.05312263 
555 313 15 19 0.052468397 
749 225 12 16 0.052353162 
931 253 11 14 0.052111346 
428 174 11 11 0.051825568 
766 227 12 17 0.048466295 
21 309 434 328 0.047873963 
294 204 10 14 0.047532428 
872 252 13 19 0.044412043 
581 206 15 19 0.04323036 
495 286 13 17 0.043202993 
790 223 11 14 0.043100495 
427 215 13 16 0.042636383 
614 214 14 17 0.041080512 
313 209 10 14 0.040780496 
423 187 12 14 0.04023614 
781 224 13 17 0.03940691 
757 259 13 18 0.039313197 
388 224 11 13 0.039121058 
408 196 11 14 0.03844745 
345 197 11 15 0.037708797 
765 224 21 26 0.03749373 
820 242 39 49 0.037156645 
373 194 12 14 0.03671585 
294 211 9 11 0.03642222 
545 306 25 31 0.035355248 
516 243 23 30 0.034496147 
775 211 11 14 0.034239396 
412 188 11 14 0.03417454 
500 273 13 16 0.03392721 
844 206 10 13 0.033067062 
473 243 16 19 0.03303042 
392 308 12 15 0.03260149 
794 195 21 24 0.032109126 
390 244 15 19 0.0318412 
862 202 14 16 0.031627968 
674 257 20 27 0.031075057 
572 225 25 29 0.03104026 
467 256 15 18 0.030940082 
476 256 14 17 0.03047258 
774 222 13 16 0.030176692 
552 259 19 22 0.030167473 
884 214 12 14 0.02975463 
451 221 13 17 0.029100161 
881 220 11 13 0.028360737 
567 228 12 15 0.02819928 
427 181 14 17 0.028033629 
52 198 15 18 0.027803058 
933 199 10 13 0.027630087 
536 267 29 34 0.027319804 
421 196 10 13 0.027241163 
750 253 14 18 0.027227005 
918 203 12 15 0.027160032 
574 232 15 18 0.027128711 
532 243 16 23 0.026702924 
499 241 19 24 0.026446031 
926 197 11 14 0.026161024 
501 236 15 18 0.026159931 
861 210 16 18 0.026079677 
358 190 10 13 0.025865624 
943 242 11 14 0.02583384 
595 312 15 17 0.025563434 
494 290 25 34 0.025449153 
565 174 10 12 0.025269967 
935 203 11 13 0.024968773 
814 199 10 14 0.02444457 
454 237 11 14 0.024266487 
766 213 12 15 0.024185983 
437 283 14 17 0.02367353 
663 264 14 17 0.0235632 
745 222 21 25 0.023502048 
483 243 14 18 0.023434307 
892 181 12 15 0.023406196 
343 191 9 12 0.023166206 
575 212 11 15 0.023061264 
190 165 16 19 0.022874655 
787 237 14 19 0.022819884 
805 209 12 16 0.02252742 
757 232 15 19 0.022465045 
321 203 13 16 0.022284139 
324 243 13 16 0.021183724 
304 213 9 11 0.020995777 
862 232 13 17 0.020947808 
478 291 27 30 0.020868436 
357 212 12 16 0.020813012 
179 235 51 67 0.020479541 
706 353 15 19 0.020441411 
90 161 42 54 0.0203349 
797 235 12 15 0.02020268 
589 315 15 17 0.02016748 
990 182 14 17 0.02008804 
592 224 23 28 0.020059187 
