47_Matador_Bullfighter_matadorbullfighting_47_300
97
817 339 32 32 0.99783045 
225 545 34 31 0.9924549 
839 98 27 32 0.9863468 
12 156 24 34 0.9821499 
927 359 30 39 0.97726554 
10 0 23 26 0.772835 
93 476 31 37 0.6954565 
531 349 33 37 0.26573977 
173 -1 76 69 0.2628771 
442 117 139 120 0.24162096 
37 264 22 26 0.20198426 
125 546 34 27 0.18177009 
858 556 18 19 0.17574757 
827 16 27 32 0.16004604 
50 305 19 29 0.15089399 
996 298 25 35 0.14572604 
75 248 15 22 0.13876252 
122 303 19 22 0.11824558 
302 178 32 49 0.11465076 
900 436 13 17 0.10875119 
549 402 10 13 0.09504848 
615 389 31 40 0.093129165 
380 336 35 39 0.08075136 
233 1 54 45 0.06998978 
174 537 22 27 0.06703849 
60 345 17 23 0.06622907 
35 167 18 21 0.06612108 
144 555 17 19 0.06473099 
832 3 30 29 0.062209427 
638 49 62 59 0.059557166 
262 158 57 63 0.057893924 
943 357 31 36 0.056269318 
21 162 26 33 0.053866398 
41 315 22 28 0.052692503 
394 55 199 227 0.051361494 
123 175 45 70 0.0474621 
949 385 27 31 0.046053234 
18 392 15 21 0.04583854 
471 139 89 69 0.043939218 
128 299 17 19 0.043315984 
491 288 36 43 0.04176575 
890 71 24 32 0.03624401 
45 373 16 19 0.036238953 
576 448 39 40 0.03569392 
24 2 15 18 0.035570513 
234 187 48 58 0.03473002 
819 9 15 18 0.034257337 
628 41 93 99 0.034252465 
885 9 17 21 0.03368887 
942 373 28 31 0.032693308 
5 137 27 39 0.031334247 
376 202 52 63 0.031150738 
249 5 21 25 0.03045013 
134 535 47 44 0.029806526 
3 100 24 34 0.02948181 
10 104 16 20 0.029348778 
4 145 39 54 0.029331435 
123 130 53 61 0.029104304 
846 90 20 26 0.02857178 
903 19 57 62 0.02804706 
134 143 30 36 0.027607925 
165 161 54 73 0.027558206 
136 121 94 108 0.02755652 
334 374 25 40 0.026742388 
615 350 44 53 0.026114997 
17 148 19 26 0.026074262 
211 -21 351 424 0.025888486 
307 332 89 105 0.025838567 
587 0 44 48 0.025417797 
805 7 32 33 0.02525098 
28 318 25 27 0.025249327 
926 367 17 23 0.024752716 
178 532 17 20 0.024060355 
552 440 52 60 0.023850692 
173 135 59 69 0.023189886 
790 13 34 35 0.022876246 
363 185 51 64 0.022747545 
889 424 23 30 0.02268681 
250 176 54 63 0.022604382 
962 387 16 22 0.022499012 
1007 305 15 22 0.022388384 
892 7 56 52 0.022267194 
45 353 26 31 0.022261452 
899 433 23 28 0.021812782 
44 327 16 21 0.02170257 
47 271 17 21 0.021448687 
287 183 52 67 0.021444095 
888 11 32 30 0.021272827 
666 61 37 44 0.021203447 
822 103 16 20 0.021117985 
644 70 40 43 0.02109666 
8 204 27 41 0.020629836 
73 476 27 33 0.020618232 
71 490 45 42 0.020584056 
104 464 28 43 0.020538777 
44 258 22 27 0.020392265 
341 381 12 18 0.020232003 
