47_Matador_Bullfighter_Matador_Bullfighter_47_636
17
81 114 114 68 0.8828802 
612 89 435 430 0.090890214 
322 173 357 453 0.076621905 
152 141 179 214 0.07040954 
109 116 70 41 0.06495065 
60 110 207 168 0.054130707 
197 242 134 119 0.047328994 
249 178 141 148 0.044239167 
379 22 448 528 0.0416711 
901 145 130 185 0.0410432 
72 123 45 39 0.03447805 
127 107 46 35 0.03238576 
93 123 60 41 0.031451426 
337 506 138 94 0.029155003 
108 158 54 40 0.028737413 
208 165 223 245 0.027266102 
761 493 30 37 0.026523992 
