47_Matador_Bullfighter_matadorbullfighting_47_42
32
221 96 44 59 0.9953107 
159 95 35 45 0.39738086 
527 0 25 22 0.33613828 
270 101 32 42 0.25245187 
97 -1 18 15 0.1156768 
637 -1 19 14 0.07370989 
805 -1 26 19 0.07267182 
791 28 24 26 0.07078728 
419 0 53 51 0.06592957 
942 1 41 34 0.05854451 
424 53 12 14 0.050117325 
84 0 26 22 0.048407204 
250 149 23 31 0.046130493 
530 12 18 21 0.045352213 
661 678 10 12 0.04273556 
707 -1 20 14 0.038780592 
741 48 17 18 0.034560956 
350 19 12 12 0.034454357 
124 0 16 13 0.03227247 
272 75 42 58 0.030712051 
373 52 11 14 0.030434668 
317 13 14 14 0.03037097 
129 0 17 18 0.029486585 
423 91 14 17 0.029292678 
153 -1 28 23 0.029098272 
795 511 49 47 0.026109632 
220 6 16 21 0.024499249 
852 341 117 138 0.023819856 
964 525 30 38 0.02245004 
198 4 27 33 0.02238044 
172 42 47 62 0.022294633 
426 57 15 16 0.020303383 
