47_Matador_Bullfighter_Matador_Bullfighter_47_703
18
472 113 132 172 0.9998667 
202 93 37 54 0.5580786 
284 331 101 138 0.48439103 
133 109 56 96 0.29065198 
20 323 65 79 0.059591226 
842 197 106 135 0.041558735 
346 371 56 103 0.039858744 
176 105 48 65 0.038271606 
927 197 32 40 0.0381772 
367 30 41 58 0.034478303 
805 36 194 293 0.03107621 
918 201 51 57 0.029728787 
752 122 57 69 0.02870552 
7 37 32 39 0.024513345 
578 0 31 30 0.022551099 
400 356 214 213 0.022343324 
0 -2 25 28 0.02151429 
250 390 138 109 0.021290453 
