47_Matador_Bullfighter_matadorbullfighting_47_837
21
248 151 219 302 0.9999113 
943 561 20 27 0.50185496 
-150 972 439 508 0.19925307 
190 943 436 538 0.11502241 
1000 606 21 41 0.09427521 
58 1016 370 476 0.091645695 
1002 680 20 34 0.051611528 
316 108 300 432 0.047035772 
685 654 18 21 0.045289982 
630 812 44 49 0.043573584 
978 523 16 19 0.04037054 
904 614 26 33 0.037411965 
554 209 468 424 0.037233327 
-13 599 403 486 0.027869618 
731 658 19 22 0.026979825 
589 1193 376 478 0.026923884 
794 678 21 21 0.026545543 
509 41 226 263 0.021765888 
661 620 114 134 0.021751367 
864 681 26 30 0.021061324 
626 843 367 446 0.020681046 
