47_Matador_Bullfighter_matadorbullfighting_47_779
38
783 254 39 50 0.98443145 
803 117 35 48 0.98070896 
784 388 37 48 0.97272485 
976 731 15 19 0.17718987 
47 306 21 32 0.13736334 
987 150 15 19 0.1311465 
941 146 11 17 0.11018118 
1012 287 11 18 0.05442378 
925 546 11 16 0.047730245 
0 49 13 23 0.03916379 
942 583 10 13 0.039039835 
981 489 12 15 0.037884813 
885 677 10 12 0.03626459 
954 142 21 26 0.036079016 
1007 148 13 19 0.034620173 
945 141 19 27 0.034088418 
949 153 13 18 0.03258824 
412 662 25 34 0.031497255 
978 744 14 18 0.03083037 
995 148 14 19 0.030361684 
0 316 39 66 0.029824113 
116 562 26 37 0.029781416 
981 669 11 14 0.029601213 
913 133 17 20 0.029172903 
974 148 12 15 0.027594466 
135 537 28 32 0.025438117 
2 405 23 35 0.025210282 
405 671 25 32 0.024064397 
981 533 24 35 0.023515023 
987 712 14 17 0.023234813 
962 145 16 20 0.022615125 
54 380 13 19 0.022595331 
982 547 11 16 0.021790318 
1013 143 10 15 0.021421038 
949 162 14 18 0.02140444 
976 547 11 15 0.02113025 
931 547 12 18 0.02071678 
967 740 13 17 0.020472197 
