47_Matador_Bullfighter_matadorbullfighting_47_731
1276
424 169 20 22 0.9520079 
577 136 20 24 0.94917214 
679 115 12 15 0.9265376 
326 142 12 16 0.9086642 
835 110 10 12 0.85826355 
64 116 10 13 0.8466719 
360 118 9 11 0.8357009 
341 5 11 14 0.8328193 
142 77 11 13 0.77471346 
20 135 13 15 0.7728107 
38 124 15 18 0.7708669 
645 119 11 14 0.7601259 
908 133 10 13 0.7363635 
312 19 10 12 0.7345606 
438 129 12 14 0.7242573 
7 116 12 15 0.71263576 
871 112 12 14 0.7121214 
565 121 12 15 0.7081032 
872 93 9 11 0.706908 
0 147 11 15 0.70183957 
686 59 11 13 0.6883239 
974 34 12 14 0.6830479 
303 135 9 12 0.6675641 
950 111 13 17 0.65751016 
678 90 10 12 0.65527236 
516 70 10 14 0.6464023 
1014 86 8 12 0.6264641 
600 115 12 16 0.6264253 
922 87 11 15 0.62237155 
536 108 10 13 0.60364896 
924 46 10 13 0.5916639 
523 126 11 13 0.5904275 
774 9 10 11 0.5820468 
308 76 10 13 0.5816963 
403 32 11 12 0.57919353 
183 91 8 11 0.57794523 
853 95 10 12 0.5674995 
996 127 14 16 0.5646745 
397 62 9 12 0.5525851 
205 79 9 11 0.55206305 
99 87 11 13 0.5506899 
913 109 11 14 0.54254514 
767 100 10 12 0.525886 
961 72 11 14 0.52419645 
59 22 11 12 0.5239313 
986 106 12 15 0.52122957 
86 100 11 13 0.5186345 
494 63 10 12 0.51692665 
103 135 11 13 0.5136402 
628 111 10 14 0.5130636 
141 12 10 12 0.5065266 
720 135 11 13 0.5042083 
540 108 11 14 0.50264186 
476 70 10 12 0.49704087 
908 58 10 13 0.49491206 
611 47 10 13 0.49066514 
717 48 9 12 0.48619992 
388 147 12 15 0.48515007 
830 54 8 10 0.48343107 
973 139 13 15 0.47988293 
158 144 7 10 0.4612434 
838 86 10 13 0.45810893 
454 120 10 12 0.4524322 
752 85 10 13 0.44984066 
85 23 9 11 0.449032 
144 133 9 12 0.44800448 
556 64 10 11 0.44721776 
501 137 14 18 0.44046858 
947 45 11 13 0.43946016 
969 90 12 15 0.43124774 
622 129 12 15 0.42173204 
83 124 11 13 0.4177819 
757 70 10 12 0.41163424 
587 86 11 14 0.41075635 
30 78 9 10 0.40995625 
495 109 13 15 0.409253 
641 92 10 12 0.40814734 
445 67 9 12 0.40791056 
776 64 9 11 0.40137178 
905 85 12 13 0.39703602 
121 150 12 13 0.39105502 
403 133 12 15 0.3862544 
944 52 11 14 0.38510197 
375 95 11 13 0.38014424 
693 39 8 11 0.3634916 
103 120 9 11 0.36121726 
461 146 11 13 0.35945618 
67 94 10 12 0.35588914 
252 7 9 11 0.35540915 
598 60 10 12 0.35022306 
888 103 10 13 0.35005945 
664 39 12 15 0.34920952 
559 81 11 14 0.347876 
602 20 9 11 0.34741142 
478 84 9 12 0.34644973 
917 40 10 12 0.34546646 
855 55 10 13 0.34148702 
113 12 9 13 0.3409612 
287 86 9 11 0.335055 
913 39 9 12 0.33475745 
637 40 10 12 0.33101106 
282 103 8 10 0.32898262 
406 109 11 13 0.32792896 
126 103 8 11 0.32169038 
976 5 10 11 0.31798744 
911 13 9 11 0.31779733 
303 93 9 13 0.31778666 
15 87 10 12 0.3170132 
782 81 10 11 0.31485242 
883 127 11 14 0.31451115 
166 124 8 11 0.31196627 
502 43 12 14 0.31102952 
324 4 10 12 0.3109741 
644 149 11 13 0.31027168 
535 134 10 12 0.30987355 
1005 5 9 11 0.3056052 
415 102 10 12 0.30539364 
83 133 11 14 0.30311552 
873 62 9 11 0.3026797 
708 128 10 13 0.3010768 
640 24 10 12 0.29562435 
712 40 8 10 0.29401448 
71 149 12 15 0.2934629 
543 77 10 12 0.29181072 
269 86 8 11 0.2877379 
152 102 9 11 0.2827066 
713 78 10 12 0.28080392 
29 153 12 14 0.27865687 
512 7 8 11 0.2784198 
653 14 9 11 0.2717348 
617 24 9 12 0.27160138 
455 142 11 14 0.27054933 
467 177 12 15 0.26846042 
684 155 10 14 0.26676723 
107 140 9 12 0.2659888 
536 5 10 12 0.26555333 
791 186 15 17 0.2615361 
767 30 9 10 0.2562246 
334 162 12 14 0.25386962 
341 87 10 12 0.25370067 
801 116 9 11 0.25340316 
649 63 8 10 0.24964797 
191 141 8 11 0.24904498 
111 79 9 11 0.247806 
544 114 10 14 0.24681419 
17 91 10 13 0.24680923 
713 109 9 12 0.24653792 
673 91 9 12 0.24350654 
360 12 11 12 0.2410494 
969 51 10 13 0.24006978 
789 29 9 10 0.23831154 
12 170 13 15 0.23823726 
801 79 8 11 0.2337059 
164 6 10 12 0.23357609 
209 102 9 11 0.23329061 
167 160 8 9 0.2318245 
230 93 8 10 0.23170753 
447 7 9 10 0.23030283 
51 82 10 13 0.2276869 
1013 51 9 13 0.22691153 
582 56 8 10 0.2264894 
230 117 7 11 0.22551815 
740 60 10 12 0.22055398 
199 85 8 10 0.22000892 
253 84 9 12 0.21971413 
761 39 8 10 0.2172652 
742 32 8 11 0.21557784 
344 103 11 12 0.21414757 
736 55 9 12 0.21076615 
408 164 13 16 0.21022242 
279 144 10 13 0.20993645 
265 135 8 11 0.20795807 
786 24 8 11 0.20520829 
947 39 11 12 0.20333983 
831 128 10 12 0.20083694 
903 77 12 14 0.20077018 
247 55 8 10 0.20028327 
224 89 9 10 0.1998362 
694 23 11 13 0.19963872 
604 15 9 11 0.19736926 
973 46 10 13 0.19726096 
581 6 9 11 0.19706404 
598 110 11 16 0.19648585 
246 129 10 11 0.19576338 
952 15 9 12 0.19504257 
871 33 8 10 0.19347978 
726 103 9 11 0.1933782 
110 105 9 11 0.19184665 
506 227 16 19 0.19132602 
83 79 11 13 0.1856128 
888 53 9 12 0.1852812 
183 71 8 10 0.18347867 
60 63 9 10 0.17927183 
167 79 9 11 0.17852847 
818 63 7 10 0.17843008 
411 155 12 15 0.17783536 
806 93 8 11 0.17708632 
818 158 9 11 0.17669564 
988 78 12 14 0.17655927 
568 63 9 11 0.17481767 
0 80 7 11 0.17440382 
709 64 8 11 0.17367429 
583 61 8 11 0.17298466 
837 28 8 11 0.17295294 
758 91 9 12 0.17239428 
780 140 11 13 0.1702676 
523 149 11 15 0.17020951 
136 7 10 13 0.16951205 
101 79 10 12 0.16905193 
336 117 9 11 0.16842178 
825 30 7 10 0.16765857 
332 77 11 12 0.16646774 
805 8 9 10 0.16528131 
47 36 10 14 0.1646014 
504 52 10 12 0.16100098 
95 153 10 12 0.16006403 
477 78 10 12 0.15907697 
983 64 10 12 0.15851958 
393 92 9 11 0.1577224 
848 46 7 9 0.15760458 
102 125 12 15 0.15582451 
736 30 10 13 0.15580106 
591 108 11 12 0.15567997 
366 154 13 15 0.155101 
979 31 11 13 0.15498678 
864 76 8 11 0.15427876 
262 69 9 11 0.1524392 
45 7 11 13 0.15233366 
647 40 10 12 0.15203126 
767 56 8 9 0.15007389 
958 150 13 16 0.15004861 
303 4 10 11 0.14921698 
725 70 8 11 0.14731696 
663 64 9 11 0.14598489 
452 101 11 13 0.14583567 
440 64 10 12 0.14557709 
596 103 10 12 0.14491014 
23 1 9 10 0.14309159 
628 79 10 13 0.14279765 
558 15 8 11 0.14273702 
545 43 10 13 0.14238048 
809 31 8 10 0.14151104 
0 6 8 12 0.14149404 
767 126 10 13 0.14131299 
480 110 10 13 0.14046413 
441 109 10 13 0.13935924 
174 104 7 10 0.13897648 
59 175 10 12 0.13889088 
273 8 8 11 0.13762039 
349 109 9 11 0.13720071 
650 6 9 11 0.13687243 
726 13 8 11 0.13524027 
182 5 9 12 0.13502747 
970 29 11 14 0.13490017 
33 96 10 13 0.13433956 
296 119 9 11 0.1340144 
751 47 8 11 0.13287666 
342 91 12 13 0.13144141 
660 135 11 14 0.12969497 
69 155 12 14 0.12953986 
878 53 10 12 0.12917565 
496 104 11 12 0.12905163 
62 1 8 9 0.12904894 
129 6 9 11 0.12897772 
912 9 8 10 0.12881216 
444 125 11 15 0.1263152 
481 48 9 12 0.12577419 
878 6 8 10 0.12568554 
861 128 11 13 0.12494855 
644 22 11 12 0.12428942 
943 59 11 12 0.124014586 
626 7 8 10 0.12387181 
537 54 9 12 0.123223305 
445 108 10 13 0.122436464 
265 91 11 14 0.11992053 
24 23 9 12 0.11917184 
177 4 9 12 0.118409924 
199 135 7 10 0.117885455 
653 63 9 11 0.11779303 
153 142 9 10 0.11738483 
801 54 8 11 0.11703671 
485 111 10 13 0.11647969 
561 37 9 12 0.11614895 
440 6 9 11 0.11569545 
72 68 9 11 0.11564226 
632 55 9 11 0.11512342 
952 92 11 12 0.11438412 
329 72 10 12 0.11435467 
391 71 9 11 0.11345695 
226 71 9 11 0.112218685 
329 110 9 12 0.11171981 
214 153 8 11 0.11167764 
531 182 11 13 0.11134714 
863 16 8 10 0.11082765 
718 109 9 12 0.10994011 
823 62 9 11 0.10917202 
170 103 8 10 0.10840754 
770 7 9 11 0.10830471 
752 32 7 9 0.107828066 
783 14 9 11 0.10781227 
719 70 11 13 0.10769883 
407 79 9 11 0.10689432 
208 96 9 11 0.10680503 
157 101 8 10 0.10663974 
62 27 10 12 0.10437286 
230 112 7 10 0.104047574 
816 188 10 12 0.10402581 
430 107 10 13 0.10390558 
477 64 10 12 0.10313275 
917 13 8 11 0.10303775 
836 23 8 11 0.10238908 
40 13 11 13 0.10211244 
198 165 10 13 0.10101292 
711 68 9 12 0.09982795 
363 163 15 17 0.09963379 
297 92 8 11 0.09955886 
57 16 10 13 0.09928402 
665 22 9 11 0.09865898 
703 16 8 11 0.098287605 
743 8 7 10 0.09827028 
421 94 9 11 0.0979556 
921 69 10 13 0.09781582 
124 144 9 11 0.09725725 
544 150 12 15 0.09717709 
191 10 9 12 0.09708485 
943 0 8 9 0.09678929 
631 61 9 10 0.096599564 
232 136 9 12 0.09608465 
233 103 7 9 0.09591153 
78 142 11 13 0.095289655 
541 55 11 13 0.09473557 
348 5 9 11 0.094567396 
801 84 9 12 0.09424404 
1014 148 8 13 0.09354481 
768 25 8 10 0.09345694 
721 14 9 11 0.093165375 
1015 62 9 12 0.09280038 
782 45 8 10 0.09241633 
756 64 10 11 0.092134185 
855 89 9 11 0.092102654 
879 31 9 11 0.091926016 
744 12 8 11 0.09181789 
333 111 10 12 0.09181689 
517 8 8 10 0.09073391 
654 43 10 12 0.0897969 
464 95 8 11 0.08976008 
385 35 9 12 0.08918716 
607 86 9 12 0.089071184 
97 5 9 11 0.08898777 
865 36 10 12 0.08895808 
503 86 8 11 0.088924736 
664 92 9 11 0.088745065 
815 14 8 10 0.08826964 
264 99 9 12 0.08787559 
20 128 12 14 0.0876089 
177 87 9 11 0.08748158 
199 161 8 11 0.0871024 
375 12 9 12 0.08693087 
184 116 8 10 0.08573294 
391 6 10 11 0.08558213 
217 14 10 12 0.085378684 
413 77 10 12 0.08509114 
777 44 9 11 0.08508461 
177 133 9 11 0.0847839 
692 56 10 12 0.08448359 
695 92 8 10 0.084156014 
582 45 8 10 0.08398231 
735 13 8 11 0.08390677 
990 53 10 12 0.083810866 
710 104 10 14 0.08332424 
193 136 9 11 0.082758784 
753 23 9 10 0.08260334 
720 7 9 11 0.08218256 
381 79 10 12 0.081991814 
590 6 8 9 0.08194212 
142 139 9 12 0.08155758 
747 232 94 82 0.08147554 
642 28 11 12 0.080944374 
232 7 9 11 0.080885276 
69 164 11 12 0.08060653 
144 111 9 11 0.08038346 
149 158 9 11 0.08003038 
399 87 9 11 0.0799628 
161 120 8 11 0.079629056 
634 45 10 12 0.0795465 
264 139 9 11 0.07919328 
177 128 8 10 0.07895435 
856 15 7 10 0.07888204 
834 16 7 9 0.0781124 
824 70 9 11 0.07785162 
225 112 8 11 0.0773584 
807 54 7 10 0.07703217 
353 72 9 11 0.07691239 
836 105 11 12 0.07663321 
637 54 11 13 0.07528683 
160 84 9 11 0.07528372 
46 32 10 11 0.07379389 
903 128 12 15 0.07292049 
841 143 9 12 0.07261937 
577 39 9 12 0.07193031 
905 37 9 12 0.07177957 
753 128 7 11 0.071667686 
358 71 9 11 0.07129533 
622 103 11 13 0.07090229 
737 8 9 11 0.070881024 
406 186 12 14 0.07084777 
950 101 14 17 0.07050674 
970 166 15 19 0.070145935 
842 149 9 11 0.07014099 
863 151 10 13 0.069996156 
623 96 10 11 0.06996942 
143 116 8 10 0.069887735 
310 111 9 12 0.06980301 
720 63 9 11 0.06979617 
150 108 9 12 0.0697827 
340 117 9 13 0.06971502 
365 111 10 13 0.06967849 
671 109 11 14 0.069411404 
287 80 9 11 0.06920294 
510 170 13 16 0.06903445 
685 87 10 12 0.068964906 
393 13 10 12 0.068955794 
115 79 10 12 0.06863757 
578 11 9 12 0.068499975 
14 80 9 12 0.068417646 
200 6 9 12 0.06836266 
871 47 8 11 0.06827812 
408 149 13 15 0.068208314 
568 22 8 10 0.06812498 
556 136 13 15 0.06809665 
157 96 9 11 0.06804226 
574 60 8 11 0.067654654 
496 95 10 12 0.067474626 
518 153 13 16 0.06706302 
208 73 9 10 0.066855565 
10 70 9 10 0.06666066 
98 134 9 12 0.066384666 
655 78 9 11 0.066360705 
423 108 9 12 0.06616454 
218 134 8 11 0.06610887 
765 38 8 10 0.06596814 
919 78 12 16 0.06595498 
793 128 8 11 0.065499544 
42 119 13 15 0.06538202 
174 108 9 11 0.065254025 
850 21 8 11 0.06513739 
846 151 9 11 0.06494547 
204 5 9 11 0.06453582 
674 115 12 15 0.064185426 
567 56 9 11 0.06416211 
55 3 10 13 0.064156756 
858 131 9 12 0.0634468 
807 12 8 10 0.06343195 
1014 69 9 13 0.063128516 
829 71 9 11 0.06310103 
850 157 9 11 0.06308635 
136 117 8 11 0.063080415 
15 5 9 10 0.06306139 
30 83 11 13 0.0630432 
1006 78 10 13 0.0627765 
62 45 9 12 0.062206466 
479 290 63 62 0.061918765 
815 55 7 10 0.061374247 
982 95 12 14 0.061351288 
713 20 8 11 0.060789764 
463 84 9 11 0.060455993 
408 104 10 13 0.060394134 
905 30 9 11 0.060368445 
577 57 8 11 0.060160622 
792 70 8 10 0.06012274 
256 71 10 12 0.05997441 
720 129 10 12 0.05990234 
37 98 12 14 0.05953662 
376 7 9 11 0.05932859 
510 157 12 17 0.059071526 
575 23 8 10 0.058672782 
687 42 10 12 0.058555912 
12 111 10 14 0.058430888 
270 118 8 9 0.058271173 
905 22 9 11 0.05793219 
161 80 9 11 0.057926748 
497 39 11 13 0.057888538 
728 31 10 12 0.057857003 
494 8 9 11 0.057842214 
316 15 11 13 0.0576676 
807 72 9 10 0.057517286 
143 150 9 12 0.05702102 
181 129 9 10 0.056955464 
250 10 9 12 0.05684621 
761 119 7 9 0.05678633 
212 71 8 10 0.05674613 
454 96 9 12 0.05644658 
802 111 10 12 0.05624624 
534 87 9 12 0.056217305 
104 108 10 11 0.05612272 
713 6 8 9 0.055511963 
596 138 13 16 0.055237968 
574 29 8 10 0.05523088 
925 64 9 11 0.055161025 
816 68 9 11 0.055064376 
819 162 12 15 0.054912865 
71 12 9 12 0.05485713 
412 54 10 13 0.054810096 
367 20 8 10 0.05472562 
270 80 8 11 0.0545507 
473 76 10 13 0.05421134 
558 20 9 11 0.054126274 
825 47 8 10 0.054056186 
293 87 10 13 0.05402181 
106 103 9 12 0.05401465 
752 53 7 10 0.053963345 
302 117 9 12 0.053938784 
552 21 10 12 0.05376811 
856 152 9 12 0.053595442 
364 7 10 12 0.053583752 
831 50 8 9 0.053297393 
136 111 8 11 0.053268217 
402 80 8 10 0.053143945 
206 120 8 10 0.05298974 
903 72 10 12 0.052918505 
285 107 8 11 0.052831348 
736 24 8 10 0.05254161 
448 95 9 11 0.052527893 
776 150 11 13 0.05240573 
338 90 10 13 0.052117288 
791 54 8 10 0.052071825 
751 79 11 13 0.05169728 
574 78 9 12 0.051631037 
917 8 9 11 0.0513535 
390 1 10 11 0.051336184 
512 64 9 12 0.051262584 
48 62 8 11 0.05091418 
823 153 9 11 0.050912734 
147 78 10 13 0.05038166 
128 11 9 12 0.05035204 
288 13 9 10 0.05027068 
81 82 9 12 0.050253175 
640 60 8 10 0.05014846 
317 30 10 11 0.0499962 
213 174 10 11 0.049897525 
719 20 8 10 0.049882367 
530 108 10 14 0.049878582 
832 28 9 11 0.049787454 
161 10 9 12 0.04977936 
845 6 8 10 0.04977203 
633 23 8 11 0.04975424 
690 7 8 10 0.049532644 
842 2 7 8 0.049415823 
976 11 10 12 0.049241632 
805 86 9 11 0.048965022 
194 88 8 10 0.048929732 
677 14 9 11 0.048697554 
501 92 10 12 0.048628703 
792 48 7 9 0.048534635 
209 156 9 12 0.048518255 
264 152 9 11 0.04844628 
499 59 11 14 0.048419733 
625 61 9 11 0.04835869 
968 23 9 11 0.04833629 
20 87 10 13 0.048286237 
276 6 10 12 0.04823186 
403 125 14 18 0.048122372 
272 112 8 10 0.048082683 
768 77 8 11 0.048060652 
496 56 10 11 0.047908623 
781 40 9 10 0.047848277 
849 54 9 11 0.047763925 
452 108 12 13 0.047742814 
730 36 9 11 0.047729567 
656 68 9 11 0.047704592 
191 174 12 14 0.047695912 
752 38 8 9 0.047584932 
906 15 9 11 0.04749634 
218 129 7 10 0.04748422 
445 48 9 11 0.047474734 
840 48 8 9 0.047420748 
417 96 10 12 0.047161717 
169 153 8 11 0.047070842 
769 61 8 12 0.04707039 
460 154 13 17 0.047007214 
335 103 9 11 0.047000542 
678 79 9 11 0.04693181 
826 127 9 11 0.046909872 
998 78 10 13 0.046765268 
7 22 10 14 0.046587285 
406 4 8 10 0.046504863 
565 78 10 13 0.046487086 
153 97 9 11 0.04637921 
678 68 11 13 0.046332296 
59 115 10 13 0.04626425 
293 70 9 11 0.046219096 
584 67 9 12 0.04597287 
151 151 9 11 0.045873538 
889 15 7 10 0.0457092 
838 54 7 11 0.04568689 
491 163 15 17 0.045580987 
631 70 10 11 0.04552592 
746 85 8 11 0.045521118 
453 6 9 10 0.04547758 
773 95 9 13 0.045362685 
48 196 13 14 0.04533763 
524 118 13 16 0.045333095 
0 182 10 15 0.045311764 
448 117 10 14 0.045234025 
604 133 10 13 0.04513026 
16 1 10 10 0.04508259 
848 16 9 10 0.04499189 
888 22 8 10 0.044873934 
600 28 10 12 0.04465119 
65 151 10 13 0.044596218 
549 56 10 12 0.044468865 
614 93 8 10 0.04427564 
789 16 9 11 0.04420567 
629 12 9 11 0.04400634 
816 47 7 10 0.043883964 
532 127 12 14 0.043765686 
119 109 9 10 0.043749306 
377 84 11 14 0.043694668 
350 1 9 10 0.043629576 
79 43 9 12 0.04353616 
654 18 10 12 0.04352537 
731 225 78 65 0.043519687 
781 68 9 10 0.043486454 
186 141 8 11 0.043169435 
505 6 9 11 0.043168515 
128 119 8 11 0.04316473 
489 9 8 10 0.043113593 
439 54 9 11 0.04311336 
845 1 8 8 0.043081224 
362 157 10 13 0.043064818 
568 29 10 13 0.04282501 
805 123 9 12 0.042815257 
454 162 13 17 0.042806424 
4 152 13 15 0.042685892 
478 91 10 13 0.042642374 
397 92 9 11 0.042582776 
840 6 8 10 0.042542078 
815 88 8 11 0.04207685 
704 45 9 12 0.04190799 
559 109 10 14 0.0418929 
951 6 9 11 0.041891675 
81 95 9 12 0.04186564 
810 37 8 10 0.041844584 
726 2 8 8 0.04174228 
815 39 8 9 0.04174198 
228 45 9 11 0.04173535 
184 76 8 10 0.04170759 
304 86 10 14 0.041707154 
620 27 10 13 0.041560546 
326 162 13 16 0.041411135 
750 15 9 11 0.041395202 
160 60 9 12 0.041215666 
272 55 9 10 0.041190762 
757 22 9 11 0.041045133 
144 165 12 14 0.04104384 
70 36 9 12 0.041021653 
439 2 8 9 0.04097527 
280 86 9 11 0.040958494 
498 197 24 27 0.040921036 
644 88 10 12 0.040668223 
846 186 11 13 0.040653743 
703 54 9 11 0.040590398 
761 6 8 10 0.04055768 
31 117 11 14 0.040477682 
118 53 9 11 0.040451676 
802 12 8 11 0.040395226 
735 48 8 10 0.040354818 
398 56 9 12 0.0403541 
240 133 10 13 0.040201355 
72 144 11 13 0.040108792 
594 55 10 12 0.040034734 
2 116 10 15 0.03984178 
792 38 8 10 0.039833065 
761 112 8 10 0.039692298 
801 93 10 12 0.039561324 
694 6 8 11 0.03952558 
837 133 8 10 0.039302193 
390 76 9 11 0.039201133 
195 169 13 16 0.03919248 
586 109 10 12 0.039149474 
319 162 12 14 0.03891959 
665 109 9 12 0.038898937 
711 115 10 13 0.038895402 
725 63 8 11 0.03887979 
250 79 9 12 0.038763583 
691 22 10 11 0.038742322 
6 62 10 13 0.038732912 
966 61 11 13 0.038646188 
836 127 9 12 0.038575206 
856 8 7 8 0.038483832 
169 108 9 11 0.038473707 
70 8 9 11 0.03846881 
445 86 10 11 0.038431976 
570 123 13 17 0.038419433 
192 147 9 11 0.03833462 
798 261 38 48 0.038312547 
28 158 14 17 0.038292125 
824 76 9 12 0.038283136 
772 127 9 10 0.03826333 
943 15 10 12 0.03823643 
937 0 10 9 0.038182896 
256 118 8 11 0.03812948 
584 1 8 10 0.03807223 
29 132 12 15 0.038062714 
149 128 8 10 0.037917294 
5 6 9 11 0.03790088 
879 2 9 9 0.0378209 
552 27 9 13 0.03781936 
121 102 9 12 0.037701894 
909 20 9 12 0.037645873 
181 133 10 13 0.037642874 
713 141 11 12 0.03762455 
625 55 8 12 0.03751388 
93 60 10 12 0.037512243 
68 31 10 12 0.03737237 
264 65 9 11 0.037338886 
214 94 9 11 0.037202243 
974 62 10 13 0.03716656 
830 59 8 11 0.03714278 
484 53 9 11 0.03712755 
558 31 10 12 0.037103243 
602 121 12 16 0.037087537 
759 32 8 10 0.03708325 
861 54 8 11 0.037061885 
64 99 11 14 0.036968242 
833 174 8 11 0.036957115 
800 150 10 12 0.03693869 
102 5 9 11 0.036868617 
605 8 9 10 0.03680704 
892 106 10 12 0.03678133 
318 72 9 11 0.03653913 
951 194 12 14 0.03651443 
758 15 8 10 0.036417898 
681 55 10 12 0.03641734 
95 175 9 11 0.03631042 
86 174 12 13 0.036303338 
869 88 19 23 0.036284797 
942 20 10 12 0.036207993 
242 55 9 11 0.036197092 
209 107 7 10 0.03599252 
873 55 9 12 0.03570469 
773 30 8 10 0.035647467 
151 84 9 11 0.03554889 
214 168 10 12 0.03553965 
4 189 10 14 0.03553224 
700 21 10 12 0.035498712 
200 128 8 9 0.035474434 
439 104 9 12 0.03545247 
924 149 12 15 0.03541625 
433 131 11 13 0.035370506 
2 195 12 15 0.035327516 
958 4 10 11 0.03532729 
777 135 9 11 0.03530456 
358 113 17 22 0.035250247 
782 90 11 13 0.03516215 
223 39 9 10 0.035150994 
222 134 9 11 0.035122123 
504 2 9 10 0.035055056 
138 142 9 11 0.03502842 
1008 71 10 12 0.035011027 
771 3 18 22 0.034949575 
490 63 9 11 0.03491801 
979 144 13 16 0.03452683 
547 111 11 14 0.034244187 
909 31 9 11 0.03396655 
86 149 9 12 0.033934087 
263 79 10 12 0.03391151 
25 149 12 14 0.03390816 
237 13 9 10 0.033896744 
354 116 9 12 0.03387639 
589 79 11 14 0.033875156 
984 82 11 14 0.033867463 
886 37 9 10 0.033807598 
504 307 31 30 0.033791225 
479 39 8 11 0.033766054 
776 79 9 12 0.03374061 
147 103 8 11 0.03371984 
694 43 9 11 0.033710554 
804 100 10 12 0.033587307 
760 144 10 11 0.033574093 
943 4 10 11 0.033528756 
857 173 9 11 0.03329257 
241 127 9 11 0.0330962 
902 100 11 13 0.03300725 
232 125 8 11 0.033006717 
772 266 67 60 0.03279461 
462 6 9 9 0.032746926 
907 90 11 15 0.032740854 
42 20 9 11 0.032733683 
222 169 11 12 0.032713547 
349 173 11 14 0.032700934 
497 85 10 12 0.032661505 
826 25 8 10 0.03263155 
864 0 7 7 0.03262762 
528 103 10 13 0.03253004 
766 150 10 11 0.03249426 
872 66 9 13 0.032484148 
895 86 10 12 0.03243114 
797 173 13 13 0.03242809 
640 6 8 11 0.03239025 
591 2 7 9 0.032312572 
62 68 10 11 0.03225422 
866 155 10 12 0.03215973 
878 140 11 13 0.032046795 
980 1 9 10 0.032021895 
667 138 12 16 0.032019805 
1002 2 10 11 0.031912487 
31 198 12 15 0.03189683 
799 124 10 12 0.031777974 
82 26 10 13 0.031686552 
637 71 9 11 0.03165159 
1015 153 9 14 0.03163123 
253 166 11 14 0.031589694 
178 93 8 10 0.0315374 
461 134 12 14 0.031491183 
197 150 9 11 0.031482495 
529 92 10 12 0.031473722 
368 30 10 12 0.031442508 
957 19 10 13 0.03141757 
864 166 10 13 0.031415146 
66 111 12 14 0.031398144 
662 146 11 14 0.03135209 
73 172 10 12 0.031241886 
815 153 10 12 0.031119619 
766 120 8 10 0.031102039 
945 114 13 16 0.03109226 
433 61 10 14 0.0310811 
63 37 10 12 0.03102941 
997 118 14 17 0.030981202 
799 103 11 12 0.030944366 
602 138 13 16 0.03086608 
887 149 12 14 0.03086119 
695 0 7 9 0.030716911 
671 104 10 12 0.030691551 
447 2 10 10 0.030662559 
372 140 11 14 0.030645955 
766 1 8 8 0.030636651 
281 95 8 11 0.030624388 
800 141 10 12 0.030573372 
172 79 9 10 0.030540586 
815 32 7 10 0.03052554 
799 48 7 10 0.030514343 
967 1 9 10 0.030502655 
766 46 8 10 0.0304798 
55 178 11 12 0.030458823 
714 51 9 12 0.030436916 
654 55 9 11 0.030372253 
543 29 9 11 0.030362537 
977 134 14 17 0.030277694 
672 124 10 12 0.030208413 
160 55 8 11 0.03007767 
799 23 8 10 0.03006413 
712 32 7 10 0.030056426 
893 22 9 11 0.03004426 
761 1 8 9 0.030036667 
102 175 10 12 0.029916875 
564 103 11 13 0.029883847 
562 44 9 12 0.029873036 
431 6 9 10 0.029866487 
871 100 12 14 0.029748576 
120 135 8 11 0.029715955 
648 66 9 12 0.029710429 
239 151 10 11 0.029698005 
216 31 9 12 0.0296753 
612 87 10 12 0.029670786 
645 112 11 14 0.02963852 
177 180 9 10 0.029619243 
309 16 18 21 0.029614786 
793 102 8 12 0.029597651 
659 570 27 31 0.029421994 
116 6 10 13 0.02940815 
717 83 9 11 0.029340832 
384 6 8 10 0.029331638 
3 179 14 16 0.029302845 
220 19 10 12 0.029293813 
745 233 43 45 0.029284297 
223 128 8 10 0.029262884 
774 24 8 10 0.029149376 
305 14 10 13 0.029146472 
780 8 9 11 0.02903915 
102 72 11 13 0.029028142 
150 6 9 12 0.029026102 
1012 79 17 25 0.02899676 
416 165 20 25 0.028992133 
591 14 8 10 0.028955346 
800 72 8 11 0.028867217 
840 39 8 10 0.028829452 
308 84 10 13 0.028825046 
221 6 9 11 0.028794685 
801 2 8 9 0.0287638 
14 124 11 14 0.02875714 
392 19 11 13 0.02873394 
61 54 10 11 0.028724175 
201 119 8 10 0.028696736 
601 7 8 10 0.028645705 
15 98 11 14 0.028639937 
908 147 13 15 0.028639825 
26 140 12 14 0.028578827 
336 2 11 12 0.02853519 
191 113 9 10 0.028526586 
832 105 17 21 0.028495561 
854 21 8 10 0.028454127 
583 80 10 12 0.028443702 
608 40 10 12 0.02838785 
599 79 10 13 0.02837134 
918 150 12 14 0.028351294 
276 12 9 11 0.028339596 
95 71 10 12 0.028333075 
566 16 8 11 0.028309142 
239 119 9 11 0.028301412 
248 2 8 10 0.028288702 
233 11 9 12 0.0282633 
849 97 10 14 0.028257795 
894 14 8 11 0.028252393 
128 96 8 10 0.028252322 
792 64 8 10 0.02822558 
416 4 9 10 0.028224615 
951 71 10 12 0.028200632 
845 87 10 11 0.028182102 
440 48 9 11 0.028151553 
820 189 10 12 0.02804113 
457 138 17 21 0.02802083 
584 81 17 22 0.028007844 
13 15 9 10 0.02800247 
920 64 9 11 0.02799026 
838 173 8 9 0.027971558 
915 36 17 21 0.027958637 
39 110 12 14 0.027951831 
511 106 11 15 0.02794373 
702 159 9 12 0.027931694 
69 87 11 12 0.027929079 
605 62 9 12 0.02789968 
392 55 9 12 0.027875688 
766 107 10 12 0.027807208 
647 57 9 12 0.027803225 
712 147 10 13 0.027801538 
598 65 12 15 0.027780937 
704 40 8 10 0.027670732 
679 163 12 15 0.027643183 
86 17 10 11 0.027630914 
518 65 10 13 0.02761591 
44 109 12 13 0.02761194 
689 13 9 11 0.02759803 
967 16 9 11 0.02757589 
495 28 10 12 0.02757573 
760 125 9 12 0.027553525 
263 110 8 10 0.027546613 
294 14 9 10 0.027513143 
525 62 10 12 0.02751037 
445 285 110 96 0.027504165 
825 110 9 11 0.027457848 
199 110 7 10 0.027436674 
46 181 10 11 0.027431734 
563 109 14 17 0.027368542 
786 54 8 9 0.027359454 
390 31 9 12 0.027349086 
934 77 11 13 0.027308214 
795 109 8 12 0.027288051 
705 103 10 12 0.027229946 
877 124 19 23 0.027227111 
431 141 10 12 0.027195798 
160 175 9 11 0.027181001 
47 68 8 10 0.027177792 
948 30 11 14 0.027162073 
176 141 9 11 0.0271441 
360 170 13 16 0.027132014 
424 4 8 10 0.0270865 
216 88 9 10 0.027047606 
272 62 9 11 0.027026022 
78 14 10 13 0.02701597 
365 71 8 9 0.026968641 
663 29 11 14 0.026963005 
397 5 10 11 0.026909009 
855 182 10 13 0.026877448 
7 1 8 9 0.026850136 
974 97 12 15 0.026805831 
309 1 10 11 0.02671686 
70 196 13 15 0.02667128 
405 59 11 13 0.026597349 
759 44 9 10 0.02657429 
831 78 9 11 0.026558384 
182 65 9 10 0.026545603 
373 110 11 13 0.02653243 
648 2 10 10 0.026508017 
695 16 9 11 0.026471255 
599 93 10 12 0.026415244 
43 99 12 14 0.026391659 
77 62 9 12 0.026371896 
496 77 10 13 0.026320403 
405 84 10 12 0.026292438 
807 173 9 12 0.026204672 
215 109 8 10 0.026173407 
896 76 10 13 0.026130307 
753 65 19 22 0.026123948 
864 47 9 11 0.026103497 
0 110 10 14 0.02609353 
829 158 9 10 0.025953187 
137 147 10 13 0.025946844 
52 38 10 13 0.0259308 
663 127 9 11 0.025929939 
295 23 9 12 0.025827505 
825 117 9 10 0.025816157 
263 6 8 11 0.025813645 
689 30 11 14 0.025768856 
679 151 18 23 0.025675079 
958 84 11 14 0.025667043 
56 66 10 13 0.025654051 
860 142 11 13 0.025616152 
652 125 10 13 0.025587546 
615 15 8 11 0.025576847 
624 106 18 22 0.025574869 
660 76 10 12 0.025571125 
200 62 9 10 0.025537064 
816 109 9 11 0.025499335 
640 15 8 11 0.025459873 
264 118 9 11 0.025449716 
527 14 8 10 0.025409142 
56 44 10 12 0.025404023 
895 8 8 10 0.025403125 
449 141 9 12 0.025364852 
13 156 11 13 0.025320508 
649 79 8 10 0.025318164 
671 70 9 11 0.025298519 
987 60 11 13 0.025298277 
705 67 10 12 0.025267087 
805 2 8 9 0.025202565 
480 103 10 12 0.025143363 
380 100 8 11 0.025053285 
431 2 9 9 0.025052708 
287 8 9 10 0.025052458 
278 62 8 10 0.025044776 
118 47 9 11 0.025029244 
1003 114 15 17 0.025013825 
807 24 9 10 0.024953576 
39 85 10 12 0.024946732 
373 30 10 12 0.024841126 
704 78 10 12 0.024822498 
225 65 8 11 0.02479687 
168 96 8 11 0.024780627 
617 1 9 9 0.024705162 
301 129 18 23 0.024683699 
502 79 9 11 0.024643958 
800 61 8 10 0.024640644 
140 73 17 22 0.024638744 
207 64 8 10 0.02461248 
41 28 9 11 0.024611898 
470 94 10 12 0.024597086 
295 112 9 11 0.02459081 
22 109 10 12 0.024584897 
159 136 10 11 0.024582904 
7 13 9 11 0.024570277 
53 141 12 14 0.024567911 
424 87 9 12 0.024550559 
348 86 10 13 0.024545776 
717 130 18 22 0.024535073 
272 45 8 11 0.024533162 
118 20 9 11 0.024507666 
159 70 9 11 0.024422964 
338 10 10 12 0.024415612 
151 117 9 11 0.024377074 
28 1 9 10 0.024339445 
733 156 9 12 0.02432065 
238 7 9 10 0.024270305 
806 189 11 13 0.024246665 
319 35 10 12 0.024245633 
396 148 11 15 0.024242984 
617 130 11 15 0.024226949 
822 183 9 11 0.024172729 
264 127 9 11 0.02414673 
137 4 18 22 0.02414042 
894 47 9 12 0.024137082 
590 67 12 14 0.024130246 
249 171 10 13 0.024067504 
553 67 10 13 0.024061615 
591 114 12 16 0.024018878 
638 87 18 23 0.024015946 
257 111 8 10 0.024014816 
678 31 9 12 0.023995548 
305 112 8 11 0.023986114 
830 151 9 10 0.023981148 
761 149 9 12 0.023969965 
551 139 13 15 0.023969864 
399 1 10 10 0.023916123 
853 50 18 23 0.023905871 
847 42 7 9 0.023884093 
138 73 9 12 0.023771215 
141 173 12 13 0.023768185 
400 27 17 22 0.0237634 
559 55 9 12 0.0237384 
365 179 13 14 0.023661332 
720 103 10 13 0.023641644 
614 63 10 11 0.023634143 
759 56 9 10 0.023620544 
605 28 10 12 0.023529306 
601 84 10 13 0.023492856 
185 11 9 11 0.023446353 
54 168 11 13 0.023444759 
201 73 9 11 0.023411145 
742 112 8 10 0.023406895 
903 44 9 12 0.023404377 
21 102 10 11 0.0233592 
847 72 9 11 0.023305098 
885 30 9 11 0.023276137 
797 134 10 12 0.023239354 
904 109 10 13 0.02323462 
524 143 11 13 0.023223542 
136 19 11 12 0.023216283 
528 86 11 13 0.02319873 
849 90 18 23 0.023198653 
588 135 20 25 0.023173003 
385 0 9 11 0.023171773 
134 86 9 11 0.023140566 
161 160 9 11 0.02312954 
168 73 8 10 0.023105983 
936 22 9 12 0.023089845 
455 135 11 13 0.023087624 
110 174 12 14 0.023066431 
934 85 10 14 0.02304976 
751 103 8 10 0.023040473 
548 40 10 12 0.023019034 
473 84 10 12 0.023012282 
835 82 20 23 0.022996407 
303 62 9 11 0.02295302 
705 123 17 21 0.022938844 
481 12 8 11 0.022890702 
952 150 10 14 0.022877302 
905 196 11 15 0.022850523 
820 214 24 37 0.02277455 
253 127 9 11 0.022766145 
7 78 9 12 0.022762392 
904 54 18 22 0.022755027 
460 125 11 13 0.022723433 
622 1 9 10 0.022708103 
370 163 13 16 0.022604745 
535 10 9 11 0.022550847 
272 141 9 12 0.022511467 
313 26 11 13 0.022491194 
933 47 10 12 0.022385973 
671 15 10 12 0.02237778 
247 159 8 11 0.022343038 
527 6 9 11 0.022342559 
790 78 9 11 0.022322498 
300 150 11 14 0.022318179 
988 71 11 12 0.02228405 
41 61 9 12 0.02227518 
308 5 10 12 0.022233 
847 77 9 11 0.022194233 
400 133 20 23 0.022183836 
311 102 9 11 0.022167768 
257 143 8 10 0.022165308 
128 173 12 13 0.02211363 
863 93 9 12 0.022083042 
720 2 8 9 0.02207726 
868 151 13 14 0.02203914 
841 61 7 10 0.022023313 
554 559 47 51 0.021973675 
861 61 9 12 0.021965664 
79 7 9 11 0.021918103 
1015 212 8 12 0.021917038 
272 2 9 10 0.021855805 
359 85 11 13 0.021854311 
823 38 8 9 0.021846872 
509 92 9 11 0.021798538 
339 157 12 15 0.021746371 
247 1 17 23 0.021737983 
877 102 11 13 0.021714088 
573 70 8 10 0.021704221 
1015 22 9 13 0.0216522 
393 56 19 23 0.021647148 
583 116 13 15 0.021607893 
832 9 8 10 0.02158674 
661 15 10 12 0.021546053 
175 12 9 11 0.021535994 
177 71 8 11 0.02150569 
991 215 8 10 0.02150502 
217 7 9 11 0.021497414 
667 63 9 11 0.021483423 
133 94 9 11 0.021467712 
469 202 15 18 0.021437665 
637 77 9 11 0.02143627 
744 80 10 12 0.02140504 
382 228 50 66 0.021388581 
936 54 10 12 0.02138411 
921 41 16 22 0.02137485 
777 83 10 13 0.02137173 
599 9 19 23 0.021361992 
0 202 9 15 0.0213508 
887 163 10 13 0.021297097 
871 124 12 15 0.021271205 
423 133 10 12 0.021269465 
240 158 9 12 0.021266228 
695 157 9 12 0.021217715 
428 161 12 15 0.021205755 
207 167 9 12 0.02119494 
64 78 9 11 0.021186518 
343 80 9 10 0.021171477 
577 2 9 10 0.021141611 
848 165 9 12 0.021121958 
249 77 18 24 0.021121336 
742 2 8 9 0.021103144 
655 148 11 13 0.021092644 
886 156 12 14 0.021078594 
13 150 10 13 0.021072572 
764 95 19 24 0.021051781 
675 85 17 21 0.021048682 
343 171 11 14 0.021032095 
160 118 18 24 0.021023994 
905 7 9 10 0.02099361 
514 178 13 16 0.020961354 
216 140 9 11 0.020881845 
35 151 10 13 0.020880152 
750 150 9 11 0.020876057 
288 22 9 12 0.020874664 
774 155 9 11 0.02085462 
669 30 11 13 0.020851899 
709 34 19 24 0.020842798 
302 127 10 12 0.020840133 
326 10 10 12 0.020810615 
540 181 12 14 0.020804336 
24 17 9 10 0.020789372 
978 124 14 16 0.020762375 
412 38 10 11 0.020754842 
371 171 11 14 0.020752477 
192 129 7 9 0.020711092 
875 87 11 13 0.020700408 
939 157 12 13 0.02066179 
718 116 10 12 0.020648342 
430 12 9 11 0.020645779 
719 29 9 11 0.02058664 
471 39 9 11 0.020571789 
70 77 9 12 0.020562861 
174 23 8 9 0.02055033 
439 115 13 15 0.020549832 
644 99 12 14 0.020528147 
412 98 18 22 0.020502249 
96 45 9 10 0.020484602 
743 68 9 11 0.02046197 
95 110 9 11 0.020459052 
937 60 10 12 0.020457316 
130 87 8 11 0.02045014 
750 8 9 9 0.020440757 
886 0 9 8 0.020419944 
246 138 10 12 0.020380832 
166 2 11 11 0.020380048 
449 118 18 23 0.020368848 
400 102 9 13 0.020354591 
969 135 11 14 0.020352783 
13 28 9 12 0.020336779 
809 48 7 10 0.020325724 
541 218 23 27 0.020321177 
862 86 10 12 0.020314531 
430 85 8 11 0.020308614 
412 132 12 15 0.020301668 
255 2 9 10 0.02029568 
782 158 9 11 0.020273939 
1009 41 18 25 0.020270167 
943 35 18 21 0.020267043 
412 113 11 14 0.020249126 
479 164 12 14 0.020246744 
334 134 10 12 0.020236203 
623 71 10 12 0.020229965 
880 12 8 11 0.020206582 
304 71 17 22 0.020189067 
736 2 9 9 0.020185286 
198 140 9 11 0.020181274 
725 76 8 10 0.0201723 
39 181 10 12 0.020164983 
513 313 17 19 0.020161023 
45 92 12 14 0.0201532 
216 1 9 10 0.020130236 
767 71 8 11 0.020117411 
841 183 9 12 0.02011698 
773 58 18 22 0.020115625 
880 164 10 12 0.020112716 
670 132 11 14 0.020108836 
230 63 8 11 0.020084875 
