47_Matador_Bullfighter_Matador_Bullfighter_47_912
590
774 4 30 36 0.9977857 
776 124 29 34 0.9958295 
731 62 25 33 0.99277496 
917 0 34 38 0.983489 
840 55 32 43 0.9822151 
845 119 32 40 0.9819917 
630 113 22 30 0.97465706 
602 101 21 27 0.95641065 
739 10 18 27 0.9519796 
629 19 17 22 0.9441985 
378 39 18 20 0.9298247 
514 17 17 22 0.92981946 
235 22 16 18 0.9216567 
683 55 22 27 0.92037165 
434 27 18 22 0.9064105 
946 293 63 76 0.88246983 
565 3 18 21 0.87382436 
689 26 18 20 0.8722679 
326 95 21 24 0.8658067 
483 18 16 20 0.8573292 
121 18 14 18 0.8183687 
181 44 18 20 0.8132695 
99 307 28 54 0.7914599 
93 35 15 17 0.7848905 
715 119 25 33 0.76457787 
598 45 20 26 0.724309 
347 52 13 16 0.7171509 
439 58 19 22 0.6909501 
676 8 16 18 0.68135965 
657 5 15 20 0.6780628 
817 0 23 23 0.67758465 
548 58 16 19 0.6769565 
246 175 24 34 0.6027168 
732 302 43 61 0.59396255 
752 119 21 29 0.5661647 
874 117 34 40 0.5467187 
591 166 24 30 0.540934 
363 187 32 44 0.4556989 
35 20 14 16 0.43567675 
489 82 13 18 0.38417917 
310 16 14 20 0.38353953 
703 119 23 32 0.3773416 
857 14 24 28 0.35807797 
47 26 11 15 0.3466245 
443 4 14 15 0.33421168 
364 1 13 13 0.3250896 
385 161 25 32 0.31904906 
62 16 14 17 0.3095698 
0 91 12 17 0.2842628 
43 77 12 17 0.28254667 
207 12 12 15 0.2743462 
823 61 31 39 0.25467628 
561 30 12 16 0.2363772 
0 23 9 13 0.23096515 
175 20 14 17 0.22813483 
14 38 13 16 0.22444993 
94 0 12 11 0.21705952 
596 128 17 20 0.21110623 
221 46 14 16 0.20615949 
473 132 16 19 0.20612815 
533 40 15 21 0.2049969 
343 3 13 14 0.20231448 
694 113 23 30 0.20110899 
188 36 16 19 0.20059219 
348 14 10 12 0.1966647 
384 16 13 17 0.18342777 
734 124 27 32 0.18248369 
37 4 11 13 0.17316099 
371 99 19 23 0.17306273 
454 145 13 17 0.16722648 
-1 559 56 73 0.16400896 
84 45 12 14 0.16139945 
340 141 26 31 0.16041839 
693 127 16 22 0.15504643 
721 323 35 48 0.1540491 
254 3 14 15 0.1484849 
406 24 9 12 0.14747144 
633 91 25 31 0.14213832 
606 16 13 18 0.14013997 
157 22 13 16 0.13989459 
477 40 16 21 0.13685532 
717 6 16 21 0.13441285 
500 106 19 23 0.13290712 
617 358 33 35 0.13230418 
275 1 13 15 0.13211085 
68 19 13 16 0.13153622 
664 4 21 24 0.13060032 
415 5 12 16 0.12951957 
857 117 42 51 0.1285887 
242 24 14 18 0.12696965 
652 59 17 20 0.12613401 
369 386 30 50 0.124831885 
255 12 12 14 0.117699884 
479 113 17 20 0.11733378 
576 41 15 21 0.114635035 
211 52 14 18 0.114090696 
98 38 14 18 0.11381316 
1000 6 24 31 0.11284908 
6 22 10 13 0.111817285 
553 108 23 25 0.10611566 
681 5 18 20 0.10562494 
195 35 12 14 0.103230305 
647 222 31 36 0.10254231 
707 56 21 27 0.10152784 
322 481 105 142 0.10033636 
32 25 12 15 0.09904054 
349 1 13 12 0.09884971 
205 8 12 14 0.09478443 
254 20 11 14 0.09259238 
151 19 12 16 0.09022348 
158 82 14 17 0.08960031 
980 261 45 68 0.088600725 
168 7 10 12 0.08798688 
397 60 12 16 0.08778742 
253 52 15 20 0.087352246 
967 60 32 40 0.08382328 
138 35 14 17 0.082672104 
406 10 11 14 0.08200593 
636 83 19 23 0.08194628 
54 20 12 15 0.08130202 
182 -1 11 11 0.08061607 
251 26 13 16 0.08036813 
317 60 15 18 0.0803402 
342 47 15 17 0.08020407 
761 117 17 23 0.07959511 
12 22 11 12 0.07907104 
332 99 22 27 0.07881163 
87 0 12 12 0.07869802 
71 1 11 11 0.07868878 
210 18 13 15 0.078379974 
240 115 16 19 0.07761318 
1 116 18 21 0.077610455 
769 76 25 28 0.07751467 
212 29 11 13 0.07751235 
222 38 12 15 0.076978914 
311 102 12 17 0.07669054 
61 4 12 13 0.07575993 
858 27 20 23 0.0751887 
86 18 12 15 0.074752584 
609 48 15 22 0.07447503 
436 6 22 24 0.07389187 
51 34 12 14 0.073815525 
364 103 17 22 0.07347575 
399 12 11 14 0.0722401 
392 113 22 27 0.071402915 
711 43 14 17 0.0713182 
955 432 41 65 0.0713115 
538 37 15 18 0.07121364 
276 28 13 17 0.07068112 
22 20 10 13 0.07064984 
400 209 51 57 0.07059455 
492 10 14 22 0.0701143 
11 30 13 15 0.06974812 
39 72 11 15 0.069305815 
712 63 24 32 0.06889665 
641 412 31 35 0.068427496 
383 309 64 61 0.06837713 
76 1 13 16 0.06729178 
252 393 67 59 0.067026675 
55 12 14 17 0.066848576 
764 111 26 36 0.06682879 
907 58 27 38 0.06637656 
100 0 12 11 0.06626731 
470 18 14 20 0.06516141 
815 0 16 16 0.064396545 
689 10 16 19 0.064076155 
461 137 19 25 0.06383155 
8 536 91 108 0.06326422 
262 1 11 12 0.06262652 
371 188 42 52 0.06260491 
752 333 35 42 0.061799996 
356 26 15 20 0.061684802 
679 93 13 18 0.06168298 
586 419 16 20 0.061617136 
80 49 12 16 0.061602958 
474 123 17 20 0.061583236 
420 66 13 17 0.06081936 
63 52 11 14 0.06035268 
292 43 16 21 0.059610177 
4 52 13 18 0.059538238 
841 459 43 63 0.059226055 
582 174 25 31 0.058759592 
339 92 14 19 0.058645934 
439 1 12 13 0.058039453 
534 9 13 19 0.057947353 
295 1 12 16 0.057663493 
624 110 20 26 0.05729407 
685 21 17 20 0.057084024 
196 161 23 31 0.056693193 
133 -1 13 12 0.056351192 
597 0 14 17 0.05633168 
630 55 15 20 0.055043597 
424 23 11 14 0.054840226 
248 3 12 15 0.054716583 
173 14 13 16 0.054394092 
725 121 21 24 0.05409821 
118 0 10 10 0.053457823 
287 19 10 13 0.053231355 
817 -3 42 42 0.052888636 
75 61 14 17 0.052797254 
425 27 13 18 0.052637003 
110 0 12 11 0.05250853 
745 130 26 34 0.052395 
342 56 14 18 0.052103795 
364 33 14 20 0.052055296 
379 64 14 20 0.05167205 
957 252 74 111 0.05151446 
183 4 12 14 0.051500183 
762 47 25 27 0.05040637 
245 50 15 20 0.050151244 
453 7 11 14 0.050064176 
491 108 20 25 0.049943216 
152 50 13 18 0.04959057 
815 63 25 30 0.049574934 
371 0 11 13 0.04869307 
326 3 14 16 0.04868978 
722 129 28 34 0.048581667 
192 70 20 25 0.04857157 
630 87 17 21 0.048496377 
882 125 19 24 0.048281416 
332 10 12 15 0.0482573 
165 64 15 19 0.048055317 
709 -1 12 11 0.048008032 
335 61 13 17 0.0479975 
185 55 15 19 0.04791272 
158 67 14 16 0.047396682 
868 125 54 69 0.04730261 
316 52 14 16 0.046918042 
88 29 13 15 0.0468899 
540 53 15 19 0.04663994 
100 30 13 17 0.045709483 
348 111 16 21 0.045601215 
592 48 15 21 0.04556618 
132 67 14 20 0.045530025 
405 50 14 19 0.04519505 
213 34 13 15 0.04500891 
468 31 20 27 0.04476611 
334 4 11 15 0.04444348 
127 0 12 11 0.04438469 
686 109 22 28 0.04433359 
241 66 17 19 0.044263124 
316 22 15 18 0.04423843 
430 63 17 22 0.044184893 
860 0 14 13 0.044162985 
159 0 10 9 0.043999147 
682 102 19 28 0.043860804 
827 99 30 40 0.043830726 
639 78 14 17 0.04373779 
21 28 12 15 0.043638874 
430 3 13 15 0.043527663 
395 109 15 20 0.04324414 
377 198 18 27 0.04323813 
855 1 24 26 0.043123353 
516 52 13 21 0.043118503 
535 57 13 18 0.043081168 
114 54 14 18 0.042953458 
43 205 429 432 0.04292802 
469 141 17 20 0.042910196 
381 175 29 41 0.042842958 
542 88 14 17 0.042748842 
454 32 13 20 0.042425666 
835 112 29 40 0.042389423 
718 0 13 14 0.041948665 
405 150 14 19 0.041880514 
429 23 14 19 0.04184225 
179 25 13 17 0.041719854 
200 6 11 14 0.041684527 
787 92 26 29 0.041439176 
566 67 15 20 0.041365523 
508 50 16 22 0.041290678 
31 14 13 16 0.040948793 
320 125 22 32 0.04086831 
390 74 14 18 0.040411677 
407 296 56 62 0.04035321 
125 4 13 14 0.040146943 
567 36 19 27 0.039942525 
868 168 50 71 0.039830096 
238 0 10 9 0.03955565 
45 14 10 14 0.039432082 
750 231 29 32 0.039377563 
382 198 49 56 0.03903407 
222 13 11 15 0.03885019 
459 30 19 27 0.038836036 
362 73 15 18 0.03865301 
261 20 11 14 0.038630694 
316 97 16 21 0.038594365 
355 44 14 17 0.038031265 
506 2 23 25 0.03793537 
282 68 14 16 0.037766367 
189 4 10 14 0.03769753 
654 15 14 20 0.037600305 
142 19 12 17 0.03758167 
815 231 29 33 0.03753201 
285 209 32 43 0.03752995 
332 124 23 32 0.0374187 
413 58 14 18 0.03723091 
301 38 13 17 0.0371226 
412 36 13 18 0.037051696 
364 20 13 17 0.03700433 
341 66 13 16 0.036930177 
670 44 14 20 0.036845084 
697 107 19 23 0.03677651 
774 103 27 35 0.03677281 
163 25 13 18 0.036705427 
795 90 17 20 0.03612647 
542 62 15 19 0.03598722 
76 19 12 16 0.035950504 
379 29 17 22 0.035931025 
503 13 21 27 0.03583627 
463 19 14 19 0.035324324 
333 26 12 16 0.035068084 
166 0 10 10 0.035056636 
373 14 10 13 0.0350143 
173 6 11 14 0.034966752 
576 4 15 17 0.034884028 
306 125 23 32 0.034833178 
623 428 53 56 0.034732457 
734 5 14 20 0.034681074 
352 50 15 18 0.034626648 
412 51 13 18 0.03459512 
540 29 13 15 0.034570873 
404 34 13 17 0.034508955 
493 200 15 21 0.034428205 
717 37 13 18 0.03437917 
269 21 13 15 0.034322143 
896 9 31 35 0.03431495 
297 221 41 45 0.034227446 
591 102 23 29 0.034140434 
36 320 45 63 0.034140136 
330 84 18 22 0.033960246 
15 62 12 16 0.033955645 
352 104 20 27 0.033846024 
476 179 13 16 0.033774164 
553 52 16 21 0.033488695 
43 556 73 72 0.033434372 
9 35 11 14 0.033372615 
498 50 22 29 0.03321341 
521 14 16 21 0.033081796 
201 70 17 23 0.032971185 
400 20 10 15 0.03295241 
404 44 13 16 0.03293013 
21 15 10 13 0.03282488 
150 25 13 18 0.032743722 
278 11 11 15 0.032620907 
419 9 12 15 0.03253194 
283 26 15 18 0.03246298 
499 170 15 19 0.032399315 
417 36 22 29 0.032270048 
421 198 13 15 0.031927053 
971 195 55 106 0.03175391 
713 50 16 21 0.031730462 
958 69 26 36 0.031726602 
678 61 16 21 0.031615805 
213 44 15 18 0.03145343 
111 19 13 16 0.031226203 
509 0 12 11 0.03082799 
162 75 16 20 0.030782461 
609 14 19 25 0.030762495 
32 1 12 13 0.030745083 
200 175 13 18 0.03072241 
583 85 21 27 0.030721957 
63 24 13 16 0.030495245 
959 79 34 43 0.030490097 
565 17 14 18 0.03040661 
835 4 28 30 0.030393355 
482 138 14 16 0.030247463 
419 61 21 26 0.030238729 
894 50 27 37 0.030209962 
366 12 12 14 0.030203134 
282 74 16 21 0.030182375 
402 114 17 22 0.030114887 
972 20 49 66 0.030073397 
271 13 12 15 0.030010803 
435 204 48 60 0.03000373 
291 20 12 15 0.029947113 
260 174 28 36 0.029919239 
494 5 14 18 0.02989523 
180 11 12 15 0.02986081 
482 48 13 18 0.029835617 
555 144 15 18 0.029806007 
564 219 29 36 0.029702691 
396 153 24 28 0.029618477 
158 57 15 20 0.02951298 
517 61 15 22 0.029455965 
28 79 16 20 0.029367257 
491 96 22 26 0.029270705 
309 44 13 16 0.029253323 
140 27 14 19 0.029178428 
671 496 58 46 0.029156594 
84 60 13 17 0.029128266 
396 269 60 72 0.029101655 
795 394 61 76 0.02909977 
987 1 40 53 0.029075151 
600 18 11 15 0.028656479 
499 3 14 17 0.028597273 
37 126 23 33 0.028593035 
291 27 15 18 0.028550923 
293 11 12 15 0.028435191 
953 327 69 83 0.028431699 
33 376 65 66 0.028309826 
725 298 31 49 0.028292438 
202 11 11 14 0.028252047 
768 30 29 33 0.028241409 
570 106 15 22 0.028216176 
231 0 11 10 0.027998779 
656 2 12 13 0.027993347 
343 19 12 15 0.027896171 
7 44 12 15 0.027814893 
263 354 84 69 0.027813874 
572 149 14 18 0.027598882 
398 0 10 11 0.027527751 
617 276 14 20 0.027517732 
827 77 18 23 0.027467959 
346 191 31 41 0.02718407 
599 1 19 25 0.027037203 
398 193 27 35 0.027016027 
582 171 13 18 0.02701131 
508 30 16 19 0.02699278 
402 5 19 24 0.026938425 
323 64 15 18 0.02692838 
565 148 14 18 0.026734812 
270 30 14 19 0.0267032 
110 43 12 15 0.026570998 
736 0 26 30 0.026516048 
324 26 14 18 0.026475705 
168 106 397 403 0.026467545 
372 71 15 20 0.026407199 
207 0 9 10 0.026311647 
230 15 13 17 0.026285594 
399 5 11 14 0.026281184 
823 201 27 34 0.02613018 
533 108 12 15 0.026089178 
657 50 19 27 0.026088959 
800 253 56 54 0.026064256 
487 60 11 17 0.025949292 
499 11 14 19 0.025903592 
836 453 73 96 0.025862081 
394 55 20 26 0.025785184 
22 5 10 13 0.025702223 
715 -4 21 22 0.025632879 
755 55 23 29 0.025533475 
826 70 40 49 0.02546235 
620 52 19 25 0.02538655 
15 16 10 11 0.025383992 
30 45 11 15 0.025298804 
983 32 30 37 0.025258375 
743 154 28 35 0.02511677 
669 65 14 19 0.025074642 
671 97 21 26 0.025056617 
666 47 20 29 0.025043631 
867 5 26 30 0.025004331 
762 13 28 35 0.02497877 
227 50 14 17 0.024855375 
21 0 11 11 0.024837462 
730 411 25 42 0.024821026 
950 318 41 46 0.024773771 
90 60 14 18 0.024765639 
326 10 13 19 0.02474852 
490 188 16 20 0.024743872 
202 149 14 17 0.024665963 
394 219 30 36 0.024660464 
485 205 28 44 0.024634827 
412 201 17 21 0.024596557 
15 403 74 70 0.024565866 
348 31 21 25 0.024454104 
419 530 114 99 0.024433307 
478 583 39 40 0.024419341 
367 82 26 32 0.024373246 
189 0 10 11 0.024340538 
852 31 29 34 0.024317475 
680 491 36 34 0.02430975 
566 179 13 19 0.024267785 
141 0 10 10 0.024044901 
150 0 11 11 0.024002979 
647 51 13 19 0.023982374 
548 28 13 17 0.023906868 
386 205 87 90 0.02388436 
678 28 13 16 0.023861881 
345 17 20 25 0.023841582 
460 11 13 17 0.023806468 
686 122 17 22 0.023750791 
311 236 44 46 0.023720833 
260 44 13 18 0.023676528 
382 146 27 31 0.023632335 
277 21 11 14 0.023575628 
3 120 25 34 0.023539025 
758 126 26 33 0.023522658 
764 63 26 28 0.023521284 
187 66 15 19 0.023497917 
357 67 15 20 0.023464208 
867 454 59 66 0.023432568 
808 4 27 33 0.023369176 
429 9 21 26 0.023363834 
506 101 17 22 0.023315856 
540 96 16 21 0.023260022 
176 0 11 10 0.023192767 
139 58 13 18 0.023188386 
739 120 17 23 0.023161437 
411 26 11 16 0.023154402 
171 172 11 15 0.023151059 
56 1 12 12 0.023100074 
603 462 51 62 0.023093643 
917 7 19 23 0.022992233 
238 183 16 21 0.022967102 
661 74 14 16 0.022907509 
469 2 14 17 0.022806726 
296 129 24 33 0.022737382 
386 492 105 116 0.022679625 
139 49 15 20 0.02267399 
236 51 15 19 0.022668673 
150 45 12 16 0.022658415 
432 73 27 33 0.022567518 
941 58 46 58 0.022493638 
346 70 20 27 0.022468885 
408 1 11 12 0.022430377 
389 64 20 25 0.022354748 
531 16 13 18 0.022330731 
89 -6 21 21 0.022329856 
281 190 31 38 0.022265874 
612 64 15 22 0.022241795 
5 7 10 12 0.022176119 
93 15 11 14 0.02217359 
904 30 45 55 0.022112003 
329 527 75 79 0.022072313 
14 93 11 14 0.022024332 
486 186 14 17 0.022006545 
634 366 29 36 0.021973182 
725 9 21 28 0.02189704 
309 38 12 14 0.021895908 
345 155 19 23 0.021892091 
535 11 21 26 0.021853985 
371 166 28 32 0.02184578 
747 60 24 31 0.021780476 
302 13 13 16 0.021766348 
497 206 27 35 0.021711566 
79 327 36 46 0.021680633 
36 51 12 16 0.021671603 
346 326 75 55 0.021670792 
6 16 20 24 0.021669455 
395 80 16 21 0.021621693 
541 113 16 20 0.021621596 
538 4 15 20 0.021616442 
695 516 38 42 0.021595879 
322 249 49 58 0.021581208 
663 84 14 15 0.021557998 
401 207 29 37 0.021549588 
399 50 13 18 0.021527372 
491 47 20 28 0.021474501 
968 37 33 45 0.02142177 
583 435 29 32 0.021415189 
357 10 12 14 0.021398006 
292 337 84 62 0.021382432 
285 389 32 46 0.021324813 
43 5 12 13 0.02127833 
440 21 18 22 0.0212731 
377 105 24 28 0.021226518 
842 18 29 32 0.02103385 
566 419 48 45 0.02100509 
887 2 32 32 0.020989068 
269 51 14 19 0.020960175 
947 427 32 52 0.020953003 
163 53 15 19 0.02094273 
572 179 23 28 0.020910813 
810 35 40 49 0.020889668 
198 173 25 31 0.020790974 
540 138 14 19 0.0207858 
110 115 13 18 0.020704038 
801 97 16 21 0.020588512 
472 168 22 26 0.020588353 
150 91 12 15 0.020588325 
810 139 22 29 0.020548848 
341 72 14 19 0.020542309 
828 354 37 42 0.020509675 
721 335 18 25 0.020452546 
564 60 14 19 0.020448523 
631 422 36 37 0.02041394 
246 13 12 15 0.020400885 
522 43 20 28 0.020391215 
103 19 11 15 0.020296529 
114 457 31 50 0.020294737 
519 3 23 24 0.020289995 
215 0 10 10 0.020222057 
426 306 34 40 0.020211495 
487 62 21 27 0.020208437 
614 373 44 50 0.02020008 
681 40 25 30 0.020166889 
733 0 12 14 0.020165712 
829 228 30 36 0.020095376 
643 94 16 21 0.020052787 
698 22 15 20 0.020008415 
