47_Matador_Bullfighter_matadorbullfighting_47_536
191
476 317 20 24 0.92243457 
776 285 21 27 0.8758313 
113 413 23 27 0.8523953 
623 266 22 27 0.7201934 
898 339 20 25 0.70859975 
334 282 22 28 0.68690693 
403 219 19 22 0.52251846 
77 189 9 14 0.40171802 
968 339 17 19 0.33108208 
3 195 12 19 0.32363 
835 325 15 17 0.25789547 
148 433 28 27 0.21422009 
583 301 15 18 0.20026557 
540 297 18 21 0.19541095 
933 350 22 27 0.18535507 
448 791 475 525 0.18287468 
545 290 17 22 0.16095424 
239 389 26 30 0.14260711 
467 226 11 16 0.11917052 
450 261 14 17 0.11201863 
4 432 21 33 0.09529827 
374 294 12 16 0.09333901 
85 189 9 12 0.09129696 
550 287 22 28 0.09031089 
2 192 9 14 0.08415176 
978 346 23 27 0.084113866 
-41 970 489 456 0.08246987 
917 354 15 21 0.08246664 
971 360 12 15 0.07283733 
562 537 29 31 0.072268225 
2 522 18 21 0.07085165 
448 200 9 12 0.06941967 
6 429 11 17 0.06779398 
412 381 15 19 0.067790665 
365 291 14 17 0.066788785 
442 233 16 20 0.06576274 
4 221 14 16 0.063130185 
552 300 23 28 0.06311471 
202 423 17 21 0.06250394 
550 529 26 32 0.062426716 
892 330 19 22 0.06148907 
667 242 13 16 0.061320323 
921 350 22 28 0.060816012 
701 195 9 12 0.059364166 
598 299 12 15 0.05923726 
160 439 17 18 0.058681764 
965 349 20 27 0.057561707 
665 216 9 10 0.05683376 
336 454 13 14 0.056097705 
128 418 14 18 0.055371374 
562 284 16 20 0.05337766 
647 292 13 14 0.05253246 
20 213 10 14 0.052242585 
862 261 11 14 0.052191608 
499 303 18 21 0.05168378 
952 315 11 12 0.04970702 
358 290 14 18 0.049353562 
12 219 11 15 0.049347546 
662 233 16 19 0.04812543 
89 224 10 12 0.047394473 
358 299 12 15 0.04672757 
883 273 13 15 0.04671939 
409 214 15 20 0.04585061 
935 436 11 14 0.04561357 
13 201 11 16 0.045150027 
522 290 14 17 0.04431131 
606 317 10 15 0.044259403 
885 297 12 14 0.043745983 
906 351 16 22 0.043608338 
984 315 10 12 0.043190546 
939 311 12 14 0.042302147 
1008 407 10 13 0.042000093 
575 300 10 15 0.041308135 
407 227 19 23 0.041257165 
2 226 9 14 0.040651016 
105 519 11 12 0.040649384 
379 293 12 15 0.03719831 
93 228 9 12 0.037165277 
180 415 9 12 0.036910795 
30 248 13 19 0.03615698 
649 305 12 15 0.036137074 
340 467 12 14 0.035939958 
594 417 12 17 0.03570577 
403 292 13 16 0.035379197 
421 309 15 17 0.035373468 
91 410 13 17 0.035254493 
507 314 16 19 0.035082646 
69 220 10 13 0.03472035 
31 222 11 14 0.034428377 
2 399 22 29 0.033783875 
15 441 17 20 0.033576537 
514 284 24 29 0.033376366 
491 345 14 16 0.03335791 
1009 396 10 13 0.03329819 
571 293 12 16 0.032031007 
348 460 11 13 0.031874444 
532 287 22 29 0.03174709 
105 221 8 11 0.031273972 
576 543 17 22 0.031072296 
536 304 13 17 0.030863458 
698 192 9 12 0.030678522 
338 278 16 18 0.030432092 
163 317 12 14 0.030295907 
731 322 12 15 0.02986994 
446 229 21 26 0.029669207 
438 229 12 17 0.029631177 
807 336 10 13 0.029600548 
106 399 29 34 0.029395785 
409 371 15 16 0.029246671 
561 312 15 18 0.029195182 
151 414 8 11 0.028833387 
710 295 8 12 0.02873335 
72 191 11 15 0.028702797 
381 347 10 12 0.028392538 
146 433 47 47 0.028285148 
341 457 12 15 0.02768393 
51 459 14 16 0.027582146 
144 412 9 12 0.027352905 
464 300 13 17 0.027340388 
89 255 15 18 0.027115565 
1007 421 9 12 0.027066948 
647 235 11 14 0.0267879 
116 254 11 15 0.02657568 
650 223 23 29 0.026541576 
110 220 8 11 0.026435252 
569 525 27 30 0.02640927 
104 416 14 17 0.026298067 
668 221 11 14 0.02608393 
23 229 8 11 0.026008971 
797 301 12 17 0.025945675 
855 203 10 13 0.025911806 
591 294 21 26 0.025858253 
346 290 13 18 0.025847714 
430 227 11 15 0.02581668 
862 254 11 14 0.025472214 
153 445 21 22 0.025273224 
85 404 22 28 0.025207374 
4 238 10 15 0.02492239 
30 241 11 15 0.024910035 
351 280 24 30 0.02487407 
459 223 19 24 0.024856338 
364 357 9 13 0.024701495 
662 219 22 28 0.024492301 
582 312 14 16 0.024418352 
571 294 20 26 0.024362968 
460 258 14 16 0.024358645 
863 221 9 12 0.024335135 
450 380 12 16 0.024287453 
543 286 15 18 0.02423565 
367 397 12 14 0.023863636 
362 309 12 14 0.023849897 
354 292 23 27 0.023652483 
944 352 15 19 0.023514574 
644 217 14 17 0.023448927 
144 408 8 10 0.023283007 
3 410 26 34 0.02303954 
683 221 14 16 0.023008097 
601 316 11 14 0.022918483 
977 338 14 18 0.02285375 
415 310 10 13 0.02275562 
643 216 24 28 0.022656748 
61 468 15 17 0.022542087 
562 296 16 20 0.022357505 
820 323 26 28 0.022126988 
410 323 14 16 0.021978524 
639 237 36 50 0.021830577 
150 422 13 17 0.021779414 
725 319 13 14 0.021762375 
250 495 9 11 0.021715645 
905 332 15 19 0.021704447 
718 324 14 17 0.02168818 
703 294 11 12 0.021656116 
721 316 24 29 0.021636214 
474 357 29 34 0.0215974 
238 427 12 17 0.021542134 
821 329 13 15 0.021502476 
43 438 23 30 0.02144679 
815 333 10 13 0.021302668 
526 337 14 20 0.021212129 
9 517 14 17 0.021209426 
6 195 19 27 0.021023445 
643 287 21 26 0.021010477 
499 319 22 27 0.020977994 
682 227 15 18 0.02095142 
407 318 11 14 0.020837903 
564 286 22 28 0.020808471 
164 423 25 30 0.020756682 
765 285 35 45 0.020478124 
23 219 8 13 0.020375997 
977 398 8 11 0.020360248 
7 423 28 34 0.020140622 
