14_Traffic_Traffic_14_505
57
615 552 81 119 0.98781306 
648 263 19 23 0.9524307 
115 188 18 24 0.93421906 
165 237 16 21 0.2094351 
624 213 9 11 0.09677555 
646 213 10 13 0.088270366 
666 211 16 19 0.07771458 
213 221 15 20 0.06572813 
158 346 35 54 0.05952111 
326 347 29 33 0.05704197 
703 197 10 12 0.051473822 
77 265 16 20 0.05137592 
57 362 40 61 0.04999529 
0 256 21 31 0.048778176 
656 197 9 12 0.048213407 
616 197 10 13 0.038118213 
657 189 10 13 0.03518565 
218 233 15 21 0.034130484 
132 354 37 53 0.033781722 
35 261 26 30 0.03348398 
659 301 16 19 0.032935623 
98 242 15 19 0.03214031 
598 239 12 14 0.032082994 
792 126 7 9 0.03125999 
84 250 13 17 0.029007211 
985 181 10 12 0.028885817 
556 146 10 15 0.028313681 
214 215 12 15 0.028244235 
653 204 11 14 0.027852315 
778 392 119 149 0.027811125 
315 196 15 17 0.027480349 
262 238 12 15 0.027284192 
380 286 14 18 0.027059421 
219 373 29 41 0.02456671 
104 189 12 16 0.024524517 
114 297 16 20 0.023878908 
700 259 14 18 0.023314055 
170 230 15 19 0.02302624 
170 322 47 70 0.022797989 
694 128 8 10 0.022617137 
157 100 40 53 0.022452403 
121 183 22 29 0.022360718 
986 307 15 17 0.022242881 
104 283 43 57 0.022082707 
407 168 9 10 0.02180741 
828 221 13 16 0.021739505 
243 83 39 49 0.021524062 
791 190 8 11 0.021450488 
207 225 23 31 0.021290466 
651 211 12 15 0.021216257 
617 213 9 12 0.021088313 
228 239 14 18 0.021061873 
645 216 14 19 0.021061355 
704 191 11 13 0.021000056 
117 365 43 55 0.020473221 
861 270 11 14 0.020402048 
658 183 9 12 0.020216016 
