14_Traffic_Traffic_14_840
516
145 279 31 36 0.99894136 
704 277 29 34 0.998885 
92 257 27 29 0.9979236 
923 272 31 35 0.99789053 
53 253 31 34 0.9973519 
19 284 35 38 0.99733365 
607 287 31 35 0.9970457 
808 284 29 32 0.9951645 
276 274 33 37 0.99327457 
489 271 35 40 0.9929899 
578 258 26 31 0.98961496 
186 256 33 40 0.9853549 
315 254 21 27 0.9817426 
133 238 26 29 0.9813415 
960 257 28 33 0.98073316 
259 238 26 29 0.97616845 
773 266 25 29 0.9750845 
627 211 14 16 0.96344805 
52 199 14 19 0.9602572 
861 265 26 29 0.9599826 
382 297 29 33 0.9524332 
667 263 31 34 0.9230582 
610 241 17 20 0.92289793 
630 242 22 25 0.91934925 
517 211 14 18 0.9170129 
706 240 27 31 0.90230036 
708 213 13 16 0.88850164 
209 252 28 35 0.8826328 
574 207 15 17 0.88165575 
755 147 12 15 0.8804411 
743 224 17 22 0.8715166 
749 256 24 29 0.86218965 
27 209 16 19 0.8437814 
863 196 10 14 0.83476514 
413 228 22 26 0.8216803 
935 167 12 16 0.808311 
891 172 12 18 0.77260834 
791 216 16 18 0.76648784 
633 191 12 15 0.75524205 
598 225 15 19 0.7237335 
343 233 24 30 0.71742916 
531 224 15 19 0.71009535 
885 240 19 21 0.67060953 
323 200 14 17 0.6663827 
0 195 14 19 0.6547966 
494 185 12 15 0.647516 
264 196 17 19 0.6303327 
836 193 13 17 0.61780775 
650 217 17 20 0.6151881 
978 189 9 11 0.6044785 
102 166 13 17 0.5973152 
226 204 14 18 0.5959506 
559 239 24 29 0.57306975 
391 267 28 30 0.5542019 
662 184 14 16 0.50729626 
306 201 12 16 0.4879936 
695 195 12 15 0.4551692 
878 198 11 14 0.45197502 
199 228 27 29 0.37461177 
468 242 25 31 0.34757242 
728 489 15 20 0.3470524 
192 182 10 13 0.33667657 
535 173 12 15 0.3316843 
867 196 12 15 0.3267875 
611 159 9 11 0.315429 
604 233 18 23 0.31348413 
980 231 23 27 0.29908955 
838 263 20 25 0.29049024 
900 175 12 16 0.28081247 
745 205 22 27 0.27819446 
993 199 11 15 0.26206046 
594 152 9 11 0.26081356 
287 211 15 18 0.25598708 
1011 220 11 19 0.2506886 
536 151 9 11 0.2353408 
629 150 8 12 0.22549637 
525 156 10 12 0.21334237 
367 211 12 15 0.21334204 
799 183 12 15 0.21172388 
224 500 29 34 0.21124111 
772 187 11 14 0.20810771 
831 188 14 19 0.20801811 
706 258 33 40 0.20332596 
432 158 10 14 0.18003207 
978 213 15 19 0.17880346 
502 156 10 12 0.17807467 
613 200 13 17 0.17643397 
773 234 22 27 0.17585868 
561 182 12 15 0.1749186 
978 386 17 20 0.1745279 
615 241 24 27 0.17286912 
890 168 10 13 0.17141786 
661 240 21 25 0.16996418 
401 230 27 31 0.16648129 
526 151 9 12 0.1651267 
445 249 22 27 0.1606355 
542 151 8 10 0.16035949 
964 242 28 37 0.15902619 
797 206 15 17 0.15895864 
839 210 13 17 0.14478332 
651 516 15 23 0.14349708 
562 248 26 33 0.1429843 
53 157 9 12 0.13988642 
736 174 12 17 0.13543752 
409 187 11 13 0.13276853 
389 237 23 27 0.1324914 
456 190 10 13 0.12769781 
494 225 17 20 0.12638167 
569 150 8 10 0.12580489 
107 419 26 33 0.12360544 
863 229 15 17 0.12129784 
676 217 16 18 0.118031956 
614 180 11 13 0.11331518 
223 197 15 19 0.11092384 
1005 205 14 16 0.10939008 
197 390 24 27 0.103691526 
988 277 25 27 0.10237556 
592 226 14 19 0.100730635 
523 215 18 24 0.09893417 
137 198 22 26 0.09756653 
214 208 22 24 0.09748362 
474 254 27 32 0.09742475 
584 188 13 15 0.0966974 
346 149 8 10 0.095034376 
76 469 22 29 0.094441846 
574 157 9 12 0.0939346 
599 172 11 13 0.09264163 
732 462 10 13 0.09027759 
384 203 9 13 0.08972539 
95 166 12 15 0.0894056 
832 185 11 13 0.08915207 
389 278 31 38 0.085756406 
384 199 10 11 0.08448018 
507 347 30 45 0.08420251 
121 220 16 21 0.084168166 
132 463 26 30 0.083452664 
327 178 9 12 0.08311566 
542 188 13 15 0.082831 
411 222 18 21 0.08243207 
135 195 14 18 0.08212267 
873 244 26 30 0.081535466 
383 242 14 17 0.08048806 
550 151 7 10 0.08030674 
455 248 22 29 0.07885685 
381 375 23 33 0.07854124 
205 215 26 30 0.07801807 
498 151 8 11 0.07675872 
813 184 11 12 0.07673922 
695 219 12 14 0.076728605 
720 198 12 14 0.07662816 
122 414 25 30 0.0758432 
442 330 25 35 0.07443426 
545 196 12 15 0.07272197 
562 144 8 10 0.07196831 
465 218 16 18 0.07182516 
353 243 19 24 0.07161421 
881 211 12 14 0.07070117 
609 164 10 12 0.07030165 
659 494 17 19 0.070198625 
506 270 27 34 0.06988012 
634 221 22 27 0.06947195 
291 206 15 18 0.0685682 
621 181 9 12 0.06764266 
559 226 24 29 0.06761249 
836 201 15 19 0.06741275 
573 151 8 11 0.06624427 
908 174 10 13 0.06595182 
470 156 7 10 0.06590315 
768 183 12 15 0.06508642 
234 203 13 17 0.06429637 
486 210 12 15 0.0639013 
718 241 17 20 0.062220044 
939 444 33 38 0.062134527 
527 280 14 19 0.062112827 
310 186 13 15 0.06199969 
409 148 8 10 0.061509583 
446 214 11 13 0.061259333 
479 232 26 30 0.061247632 
416 145 9 10 0.061196987 
74 203 27 32 0.060888827 
165 249 16 20 0.06030475 
391 206 9 12 0.060267255 
599 167 10 12 0.059887286 
256 240 17 22 0.05953885 
125 226 26 32 0.059302125 
170 455 26 32 0.058759965 
825 268 24 30 0.058551338 
651 237 22 26 0.05829834 
432 152 8 10 0.05810626 
670 203 12 14 0.05798371 
422 143 8 11 0.057953846 
668 466 15 19 0.057908695 
1003 283 15 20 0.056436125 
676 203 15 17 0.055325553 
501 163 12 15 0.054700844 
317 182 11 12 0.05444842 
358 209 14 17 0.054363146 
934 253 40 51 0.054218616 
422 149 8 9 0.053671177 
452 298 26 35 0.05341008 
279 503 18 22 0.05281233 
848 256 26 31 0.052591365 
445 243 17 21 0.05251975 
462 166 10 14 0.05244487 
485 158 8 9 0.05243788 
271 234 20 22 0.05241878 
515 226 23 30 0.05154407 
258 290 25 33 0.051376678 
71 246 37 42 0.051268976 
699 513 18 22 0.05074575 
90 166 9 13 0.0507151 
283 458 18 21 0.050646316 
700 205 16 17 0.050438505 
724 203 14 17 0.05009723 
566 145 8 10 0.049744632 
550 157 9 11 0.049208526 
389 190 9 14 0.04908372 
196 226 18 21 0.048201375 
755 198 13 16 0.04817487 
903 259 13 18 0.0477076 
656 134 8 11 0.04765608 
333 222 24 28 0.04752364 
993 201 20 24 0.04703459 
431 210 13 17 0.046561338 
683 202 14 17 0.04605135 
838 481 13 18 0.045810867 
363 246 15 21 0.045653112 
911 167 9 11 0.04526503 
707 226 21 25 0.04501508 
918 172 9 11 0.04481443 
992 224 23 29 0.04475306 
452 302 43 50 0.04448793 
626 221 17 21 0.044174775 
587 195 12 16 0.04412108 
916 166 10 12 0.04393123 
509 234 13 19 0.043503508 
14 196 12 16 0.043377236 
539 180 12 15 0.043339122 
657 142 8 11 0.043074425 
396 212 10 12 0.0430113 
609 153 8 9 0.042971 
1002 210 18 26 0.04254917 
462 198 12 14 0.04214026 
709 179 12 14 0.041934624 
989 210 13 17 0.041693714 
59 384 28 34 0.041547917 
842 252 16 21 0.041460406 
462 210 15 19 0.04137861 
588 183 12 14 0.04127115 
635 217 15 18 0.041192003 
349 209 14 16 0.040931813 
222 256 18 23 0.040594094 
580 196 15 19 0.04052698 
718 202 14 17 0.04023423 
594 350 29 40 0.039555088 
636 233 22 28 0.03953876 
353 276 23 32 0.039491795 
868 221 13 15 0.039437335 
29 191 13 16 0.039315242 
540 166 10 13 0.039305873 
464 203 16 19 0.03927647 
688 197 12 15 0.039132852 
420 219 21 26 0.03905036 
667 196 13 16 0.038557637 
936 205 11 14 0.038117632 
683 214 13 17 0.037731264 
613 187 14 16 0.03768679 
525 162 12 14 0.03740745 
849 268 30 34 0.03738572 
280 221 22 27 0.03731653 
362 432 14 17 0.037122432 
658 213 14 18 0.03698732 
613 150 9 11 0.03685884 
724 358 23 30 0.036817018 
415 399 24 29 0.03670104 
623 145 9 11 0.03640765 
167 250 24 31 0.036384504 
735 225 16 21 0.036011636 
34 195 14 17 0.035972767 
465 158 9 11 0.035961002 
615 144 9 12 0.035913732 
671 210 15 19 0.035845622 
546 456 35 48 0.035740856 
475 323 45 58 0.03545231 
952 419 11 15 0.035443775 
145 196 17 19 0.03527063 
407 213 13 15 0.035183594 
7 191 18 26 0.03504089 
310 236 14 17 0.03502687 
481 157 8 10 0.03472957 
34 203 17 22 0.034575332 
384 192 10 13 0.034574818 
625 153 11 15 0.034501012 
589 204 10 13 0.03427316 
23 190 10 15 0.034249146 
780 228 17 21 0.03411959 
606 248 456 532 0.03410547 
569 155 10 12 0.034041673 
438 249 16 21 0.033859134 
437 208 9 12 0.033848252 
229 249 23 31 0.033774707 
46 229 24 28 0.033452753 
896 212 10 13 0.033389755 
850 209 13 15 0.0333272 
507 148 11 14 0.033288456 
246 521 15 20 0.03326293 
525 228 17 21 0.033255707 
753 199 21 29 0.032936823 
607 172 10 13 0.03291237 
334 144 10 13 0.032400787 
496 165 11 14 0.032264728 
275 201 13 17 0.03218546 
376 197 11 13 0.031815466 
661 202 13 15 0.03173269 
219 466 17 21 0.031642895 
272 255 31 39 0.03163318 
474 237 19 22 0.03159015 
775 173 10 14 0.031463932 
919 183 10 12 0.031462613 
373 204 13 16 0.03146027 
148 452 36 44 0.031355016 
561 213 12 15 0.031322207 
757 382 16 19 0.031308677 
669 482 14 18 0.03111896 
333 236 24 30 0.030916758 
455 163 12 15 0.030845817 
126 239 16 21 0.030817565 
494 214 11 15 0.030779958 
194 147 16 20 0.030775316 
824 188 10 14 0.030740378 
534 186 13 15 0.030388167 
703 243 18 19 0.030384881 
452 212 12 15 0.030376747 
612 207 17 20 0.030277649 
732 210 13 18 0.030198334 
979 217 23 27 0.030196227 
315 234 15 17 0.030186633 
661 148 9 11 0.030162266 
147 242 27 30 0.030158637 
648 205 23 27 0.030101161 
45 202 19 24 0.030092126 
387 266 20 23 0.030024564 
583 225 13 18 0.029809399 
657 187 13 15 0.02976415 
640 143 9 12 0.029700054 
573 161 12 15 0.029666934 
797 196 16 17 0.029580066 
438 189 11 14 0.029558858 
434 162 13 17 0.029394656 
1012 476 10 18 0.02936105 
1000 218 12 16 0.029348273 
99 385 25 29 0.02922451 
844 204 13 18 0.029222969 
419 302 26 34 0.028991213 
568 163 11 13 0.028956287 
565 212 21 24 0.02884764 
598 177 12 15 0.028842658 
44 228 15 20 0.028727207 
784 216 15 19 0.028718144 
494 347 31 41 0.028639255 
464 150 8 11 0.028448518 
376 190 9 12 0.028438918 
1003 225 20 30 0.028437799 
840 269 24 32 0.028406117 
495 232 24 29 0.0283048 
276 165 10 14 0.028138692 
565 263 18 22 0.028071076 
991 192 12 14 0.028057411 
712 215 17 20 0.028015938 
331 220 14 18 0.027995965 
559 219 14 18 0.027776713 
145 205 19 22 0.027647527 
667 225 22 27 0.027365316 
900 213 12 14 0.027347038 
406 220 16 19 0.027287893 
477 171 10 13 0.02723635 
902 168 10 11 0.027152063 
190 237 43 51 0.027099065 
486 218 14 18 0.026997423 
409 298 25 33 0.02697127 
389 172 12 18 0.026955131 
15 503 16 23 0.026702018 
881 203 12 16 0.026639579 
543 157 9 10 0.02663083 
416 410 27 32 0.026524069 
294 202 21 24 0.026375527 
3 286 22 35 0.026344698 
381 210 10 14 0.02632424 
916 203 14 18 0.026244905 
469 224 25 29 0.026203237 
272 170 12 15 0.02617725 
456 149 8 10 0.02612598 
439 172 11 15 0.026108136 
421 204 13 15 0.026073096 
976 191 12 17 0.025996873 
624 499 13 16 0.025992826 
26 194 20 26 0.02597874 
132 211 27 33 0.025930412 
370 247 15 20 0.025847802 
612 369 26 38 0.025735429 
752 224 15 19 0.025675008 
757 173 11 14 0.02550595 
379 271 30 37 0.025453271 
622 145 19 24 0.025359768 
794 182 12 15 0.025275629 
649 503 24 29 0.025149038 
752 257 35 45 0.025147015 
304 262 24 33 0.025139444 
830 259 18 21 0.025108013 
872 258 25 32 0.025047477 
117 459 39 51 0.025026524 
499 155 8 11 0.024986157 
399 149 7 10 0.024946248 
859 240 17 19 0.024714245 
699 192 11 13 0.024537385 
1 308 11 18 0.024331555 
821 183 10 13 0.024280004 
798 183 20 23 0.0241246 
1005 480 14 21 0.024053039 
679 134 8 11 0.024000619 
894 194 13 16 0.023988368 
716 227 22 27 0.02392049 
767 165 10 12 0.02387702 
343 444 10 14 0.02386218 
494 172 12 15 0.023850288 
542 293 29 33 0.023807513 
924 204 11 15 0.023719465 
774 192 12 16 0.023711804 
49 152 10 13 0.023704328 
346 210 23 28 0.023591965 
116 226 23 28 0.023457224 
0 426 19 29 0.023397801 
321 174 11 13 0.02339361 
980 205 13 17 0.023321973 
758 177 13 17 0.023297733 
459 287 30 37 0.023205558 
662 476 25 30 0.023199765 
364 206 20 25 0.023157552 
445 259 27 35 0.023105629 
848 244 24 29 0.023085598 
559 175 12 14 0.022769466 
309 245 35 43 0.022741823 
521 152 19 23 0.022574091 
13 469 26 32 0.022558343 
773 167 9 12 0.02254115 
477 212 13 16 0.022485146 
611 251 18 22 0.022457713 
894 247 22 25 0.022435648 
998 193 11 13 0.022402935 
656 224 17 19 0.022393465 
447 158 9 12 0.022199966 
340 465 14 17 0.022179428 
901 254 22 29 0.022173341 
574 144 8 10 0.022162156 
606 152 18 23 0.022152392 
694 520 19 22 0.022133004 
956 445 13 16 0.022131065 
507 226 15 19 0.02210416 
549 245 23 30 0.022055002 
253 217 15 17 0.021961289 
547 488 51 61 0.021894448 
654 520 19 26 0.021844946 
453 220 11 15 0.021828476 
190 176 17 23 0.021777032 
683 408 17 21 0.021763401 
1008 239 15 22 0.021688445 
550 484 32 41 0.021660097 
623 187 11 15 0.021655142 
814 232 24 29 0.02162448 
447 149 8 11 0.021608805 
865 238 25 29 0.021601783 
381 242 23 27 0.021589577 
686 141 9 12 0.021562545 
504 143 10 14 0.021552155 
465 289 45 49 0.021529743 
394 172 19 27 0.021522978 
197 375 27 31 0.021407923 
447 189 9 13 0.02140611 
414 357 12 16 0.021386247 
306 185 21 24 0.021329569 
412 195 11 13 0.021259468 
253 226 16 20 0.021252261 
774 459 13 16 0.021223592 
683 393 17 22 0.021208486 
65 376 26 29 0.02105732 
592 246 25 31 0.021034468 
896 240 16 20 0.02101692 
521 165 11 13 0.021008769 
496 158 20 24 0.020987293 
690 501 27 31 0.020934122 
710 155 12 16 0.020909457 
438 149 9 12 0.020814098 
1004 200 13 14 0.02079533 
824 281 26 35 0.020762566 
551 145 8 10 0.020729322 
421 151 22 25 0.020682765 
761 148 12 15 0.02065573 
441 302 28 36 0.02057844 
243 200 12 17 0.020575022 
145 401 29 31 0.020561589 
458 408 23 32 0.020519698 
389 468 10 12 0.020514121 
86 323 28 37 0.020513838 
423 157 11 14 0.020504888 
356 290 21 32 0.020416595 
870 215 12 15 0.020395432 
734 179 22 27 0.020338528 
766 95 11 13 0.02031272 
425 253 25 29 0.020277541 
645 142 10 13 0.02025313 
673 462 13 15 0.020224154 
95 412 28 35 0.020110775 
761 96 10 12 0.020087045 
774 96 10 13 0.02006887 
724 216 15 20 0.020061594 
50 509 48 49 0.020039536 
