14_Traffic_Traffic_14_722
27
535 43 13 16 0.28688744 
543 87 12 18 0.2029397 
208 73 12 16 0.1827833 
518 45 12 15 0.057385594 
526 77 9 11 0.054119762 
247 79 16 19 0.05053199 
589 42 25 31 0.045103285 
523 43 13 17 0.04326143 
189 77 8 10 0.040774543 
437 148 14 18 0.03893791 
550 54 10 13 0.03433674 
742 29 48 67 0.03249128 
247 64 9 11 0.032023933 
353 214 193 274 0.031705253 
185 72 9 11 0.03134444 
519 40 11 13 0.031103285 
587 17 29 34 0.02948451 
125 265 18 20 0.025241215 
765 35 30 41 0.023540221 
536 85 12 16 0.020779783 
538 109 10 14 0.020249495 
438 143 12 14 0.020202873 
592 34 19 22 0.02016195 
213 79 12 16 0.020144429 
129 456 43 38 0.020131221 
278 157 388 452 0.02009445 
565 22 130 153 0.020008154 
