14_Traffic_Traffic_14_504
27
784 249 33 37 0.9983228 
339 105 54 72 0.99094474 
337 325 53 80 0.15741828 
228 311 97 120 0.15309332 
34 103 37 46 0.12846926 
27 96 29 39 0.06917565 
448 35 379 510 0.053626373 
63 269 12 17 0.052463125 
31 94 12 15 0.040352676 
34 109 53 69 0.035567828 
124 522 13 15 0.034483228 
992 295 9 10 0.030203726 
950 317 11 13 0.030162847 
991 303 10 11 0.028314086 
982 315 10 14 0.027716586 
481 161 218 307 0.026563907 
308 334 56 82 0.025301112 
989 308 11 14 0.02503583 
989 334 11 12 0.024659585 
309 120 66 87 0.02367663 
304 90 51 75 0.022864781 
397 15 118 114 0.022461295 
28 96 18 24 0.021991672 
125 78 58 74 0.02108336 
349 343 37 44 0.0207939 
479 52 33 38 0.020476222 
461 186 17 20 0.020129357 
