14_Traffic_Traffic_14_654
26
453 352 93 110 0.9994647 
555 683 355 485 0.1180745 
210 264 57 69 0.07324129 
931 986 98 165 0.0731886 
582 428 31 36 0.057655998 
68 234 50 59 0.04904825 
0 409 10 19 0.044351127 
868 154 12 17 0.04116737 
879 133 44 55 0.037888054 
331 105 26 35 0.035010654 
935 191 81 112 0.03264527 
875 143 24 35 0.030857736 
205 246 95 114 0.027822806 
534 357 52 71 0.026714563 
304 305 30 32 0.024800858 
129 1216 26 31 0.024673821 
353 239 30 37 0.024570037 
663 764 218 302 0.024511581 
62 779 381 408 0.024498139 
910 158 80 104 0.023931492 
325 240 35 41 0.022906994 
985 58 39 66 0.022840494 
92 1272 104 105 0.022072334 
283 221 100 118 0.021815486 
393 -2 37 34 0.021758487 
911 144 54 68 0.021207912 
