14_Traffic_Traffic_14_170
876
329 278 10 12 0.73869103 
830 491 14 17 0.66407704 
949 613 11 13 0.61741036 
213 353 11 14 0.6085525 
852 605 9 11 0.51755744 
956 645 15 17 0.47820166 
442 317 10 13 0.40900353 
400 279 9 11 0.4051475 
598 382 11 13 0.35238552 
928 630 11 14 0.33533737 
319 160 8 11 0.3170555 
985 228 18 20 0.3145622 
951 564 10 12 0.31139034 
331 205 8 10 0.28918725 
349 605 9 11 0.26994544 
579 416 7 10 0.26944262 
253 415 9 12 0.26717642 
473 357 10 12 0.26141605 
476 334 10 12 0.25970575 
921 587 9 11 0.2558992 
746 569 8 11 0.25196582 
967 594 11 13 0.2431433 
908 634 13 17 0.2272864 
192 367 8 11 0.22579442 
879 578 12 15 0.21929365 
448 348 8 11 0.21853179 
503 276 9 12 0.20418985 
536 382 6 9 0.20230016 
627 186 13 16 0.20187813 
428 303 10 13 0.19924371 
511 331 10 11 0.19704728 
526 360 8 11 0.19157189 
384 340 10 12 0.18713062 
384 255 8 10 0.18493047 
359 214 7 9 0.18420975 
856 565 7 11 0.18230684 
892 651 9 13 0.18210052 
987 699 10 12 0.17918171 
344 223 8 10 0.1787905 
541 430 9 11 0.1720103 
320 164 9 11 0.17117167 
554 375 8 9 0.16777004 
638 482 14 17 0.16688035 
119 414 13 17 0.16650361 
1008 590 9 10 0.165482 
426 307 9 12 0.15329345 
897 605 10 12 0.15321036 
985 580 10 13 0.15097812 
492 254 10 13 0.1461503 
913 510 8 10 0.14577818 
879 490 8 10 0.13766405 
319 216 8 10 0.13744159 
437 261 9 10 0.13639064 
175 334 11 14 0.13457057 
831 585 10 12 0.1312143 
888 520 8 12 0.1307532 
462 301 8 10 0.12720019 
278 144 7 9 0.12711753 
550 415 8 11 0.1251653 
302 240 9 11 0.12507433 
862 557 10 13 0.12348101 
444 312 10 12 0.12343812 
576 389 8 9 0.1232047 
864 620 9 11 0.12242925 
326 223 8 10 0.121848136 
245 165 8 11 0.121291794 
172 140 9 11 0.11736466 
406 284 9 11 0.11561433 
645 430 10 13 0.11559695 
748 611 12 13 0.11346881 
173 693 13 18 0.10982713 
311 270 9 10 0.10760981 
846 625 10 14 0.105971634 
958 581 9 12 0.10447268 
330 201 8 10 0.10292355 
519 344 9 11 0.102691 
431 366 9 11 0.10146279 
494 351 10 13 0.10031343 
438 279 8 10 0.10030457 
359 209 7 9 0.10015172 
499 636 12 15 0.10002778 
342 180 9 12 0.09659287 
464 311 8 11 0.096516006 
581 419 8 11 0.09645952 
574 446 7 10 0.09516542 
285 189 8 11 0.09515288 
863 491 9 12 0.09407365 
928 558 9 11 0.09355124 
508 407 9 12 0.09331637 
998 550 9 13 0.09286005 
415 407 10 13 0.09175004 
474 340 9 12 0.09161374 
516 327 9 11 0.091582954 
975 558 9 11 0.09101336 
417 296 8 10 0.09064041 
605 388 9 10 0.09039695 
934 565 9 10 0.09022489 
989 576 9 12 0.089751944 
957 630 10 11 0.089749955 
285 184 7 10 0.08898337 
1008 559 9 11 0.088931955 
383 374 10 11 0.08879996 
1014 571 9 13 0.08821307 
920 527 9 12 0.08781304 
407 341 9 12 0.0873341 
278 368 11 14 0.0866715 
279 263 8 9 0.08626443 
985 588 10 13 0.08610535 
473 350 10 13 0.085582875 
867 470 11 12 0.08533201 
713 348 47 56 0.083414845 
432 261 8 10 0.082695484 
183 366 8 10 0.08230137 
784 597 10 12 0.08189382 
575 384 9 11 0.0815808 
784 591 9 11 0.08148335 
157 748 15 17 0.080949545 
898 677 11 12 0.08072902 
993 550 9 12 0.08066781 
639 489 14 18 0.080623604 
133 695 11 13 0.08052404 
253 236 13 16 0.08048756 
961 590 9 13 0.08035889 
182 358 8 11 0.07947609 
489 294 8 11 0.07923676 
984 535 10 12 0.07880745 
679 479 8 11 0.07807838 
321 221 8 10 0.07762725 
1007 629 9 10 0.0773953 
153 382 9 12 0.07727224 
374 581 12 15 0.07660808 
302 600 7 10 0.076494515 
905 651 14 16 0.07617571 
490 356 9 11 0.07595503 
910 517 10 12 0.07585427 
350 247 8 10 0.075179055 
952 571 10 13 0.07510242 
983 559 8 10 0.07441193 
337 174 9 12 0.07312958 
597 377 9 10 0.0728545 
862 549 9 13 0.07277716 
224 205 11 14 0.07251059 
832 654 9 12 0.07236134 
392 216 7 11 0.071791574 
945 558 10 13 0.07174577 
902 630 13 17 0.07168194 
129 683 10 12 0.07140665 
514 248 17 20 0.07126147 
957 699 14 17 0.07039014 
546 391 7 8 0.07027471 
522 359 9 11 0.06986326 
632 403 10 12 0.06974026 
248 439 11 14 0.06777123 
376 312 8 10 0.06761927 
552 383 8 10 0.06693692 
925 527 8 11 0.06681845 
367 479 9 12 0.06680072 
559 368 9 12 0.06641492 
361 221 7 9 0.06621845 
73 743 26 24 0.06589969 
325 166 8 11 0.065850176 
476 328 10 12 0.06523557 
575 375 8 9 0.06497126 
970 590 11 13 0.0649632 
203 701 13 17 0.06469718 
914 505 7 10 0.064646974 
368 589 11 16 0.06385056 
279 380 12 16 0.06356287 
509 271 8 11 0.06314587 
1013 566 9 13 0.06264443 
296 164 7 10 0.06258639 
286 270 8 11 0.06255763 
431 350 9 11 0.06242304 
425 263 8 9 0.062409364 
422 296 8 9 0.061923556 
433 279 8 10 0.06161318 
422 413 9 12 0.061246306 
362 272 8 10 0.060911436 
399 255 7 9 0.060764976 
246 161 8 10 0.06020961 
493 296 8 10 0.059892647 
1007 584 10 12 0.059748895 
305 134 7 8 0.059166495 
508 277 8 11 0.058201354 
796 286 16 20 0.058106273 
382 319 7 10 0.05791814 
429 296 9 11 0.057836626 
741 576 14 16 0.057767406 
305 207 9 11 0.05773973 
98 678 10 13 0.057481315 
361 240 6 8 0.057134777 
888 647 11 13 0.057124168 
367 263 8 10 0.05683256 
550 389 7 9 0.05673985 
329 273 9 11 0.056698233 
281 176 6 9 0.056644958 
837 610 13 18 0.056623716 
521 364 8 11 0.05639031 
454 345 9 10 0.0562706 
983 615 9 12 0.056234874 
485 384 8 10 0.056058772 
433 256 8 11 0.05565409 
326 228 9 11 0.055424415 
493 624 26 29 0.05539848 
309 460 10 13 0.055294506 
178 356 9 12 0.055166863 
296 160 7 9 0.05513427 
989 596 9 11 0.055091944 
189 242 9 12 0.055077244 
799 613 9 11 0.05473048 
837 661 9 11 0.054702375 
361 294 8 11 0.054458216 
487 403 9 12 0.054451343 
1000 556 9 11 0.05445051 
847 648 9 11 0.054429717 
983 564 9 12 0.05397193 
153 704 9 11 0.053820826 
1007 613 9 12 0.053576328 
297 239 8 10 0.053503636 
574 361 8 10 0.053470556 
430 359 9 12 0.05336781 
594 381 9 12 0.053360242 
608 399 8 11 0.05309972 
903 598 11 12 0.053055357 
407 655 8 11 0.053028848 
645 647 8 10 0.052994035 
559 415 7 9 0.052914485 
353 214 7 10 0.052819274 
417 358 8 11 0.052688107 
196 610 17 21 0.052224282 
438 374 8 10 0.052214954 
929 563 10 12 0.05144197 
430 420 8 11 0.051323168 
281 127 7 8 0.05130963 
910 523 12 15 0.051290542 
965 695 11 14 0.050854143 
641 475 14 17 0.050794654 
405 205 10 11 0.05074815 
861 544 8 11 0.050721113 
345 227 8 11 0.050645627 
285 197 9 10 0.050617184 
433 370 9 12 0.050468426 
368 224 6 8 0.05046363 
673 479 9 11 0.050390355 
241 334 8 10 0.05033289 
1008 564 9 12 0.05012851 
366 277 7 10 0.050037272 
966 477 8 9 0.04989918 
965 510 10 12 0.049892347 
985 540 9 12 0.049813688 
523 251 14 16 0.04948244 
576 399 10 11 0.049254615 
857 559 9 14 0.04923863 
205 383 8 10 0.04921216 
501 351 9 12 0.04912212 
524 208 11 14 0.048954602 
880 518 10 14 0.048752457 
385 260 9 10 0.04869751 
502 311 7 10 0.04851158 
279 167 7 9 0.04845395 
924 585 10 12 0.04843329 
454 272 10 12 0.04830926 
148 613 11 14 0.04824999 
134 122 12 14 0.047977313 
321 172 9 11 0.047911778 
432 284 9 11 0.04787894 
871 489 9 10 0.04737008 
248 211 10 12 0.047297265 
150 619 11 14 0.047273077 
610 184 14 17 0.047209494 
305 127 8 10 0.046966292 
365 294 8 10 0.04693997 
190 360 9 11 0.046804957 
641 422 10 13 0.046641752 
272 150 8 10 0.046538964 
652 429 12 15 0.046228964 
631 358 9 11 0.046010334 
897 631 10 14 0.045874257 
402 339 9 11 0.04579882 
851 608 12 16 0.04573241 
783 584 9 10 0.04566711 
909 560 9 11 0.04503663 
505 411 9 11 0.044997312 
1012 559 9 12 0.04486722 
225 150 6 8 0.04483575 
197 374 8 9 0.04481104 
377 317 9 10 0.044796076 
542 343 7 9 0.04470145 
233 324 9 11 0.0445676 
975 562 10 14 0.044553738 
691 486 12 14 0.044541188 
366 270 7 10 0.044497926 
548 298 11 14 0.044496607 
374 230 8 9 0.044229496 
360 246 8 10 0.04416323 
908 623 10 13 0.04413172 
323 143 7 8 0.044057533 
485 389 9 11 0.044002794 
369 231 8 9 0.043890618 
244 595 17 22 0.043848045 
350 229 8 10 0.043780178 
208 324 9 11 0.04364399 
399 247 8 9 0.043587115 
392 247 7 9 0.043577638 
695 327 10 11 0.043486927 
89 460 16 20 0.043216947 
504 283 9 11 0.043144934 
350 311 9 11 0.043124042 
991 556 9 12 0.043103665 
328 213 8 11 0.043051913 
192 312 9 11 0.042953268 
376 303 7 9 0.042836938 
216 384 8 9 0.042657267 
384 380 10 13 0.04264808 
511 295 10 12 0.042576417 
962 508 9 13 0.04244449 
332 282 10 13 0.042102206 
482 311 8 10 0.04192837 
567 360 9 11 0.04186767 
911 564 8 12 0.041721802 
482 383 7 9 0.041643366 
933 624 9 11 0.041619204 
391 254 8 10 0.04141087 
576 407 9 10 0.041410152 
469 396 10 12 0.04136173 
193 286 10 12 0.041316126 
849 424 8 11 0.04124975 
504 251 11 14 0.041205462 
471 382 8 10 0.04118117 
414 622 8 10 0.041140433 
311 175 7 10 0.04107027 
162 742 14 16 0.041040856 
303 159 6 9 0.04100349 
490 270 8 10 0.04097369 
553 487 8 11 0.04087457 
631 365 10 12 0.040666975 
274 144 7 9 0.040647402 
248 197 9 11 0.04050319 
245 587 15 18 0.040320452 
469 390 8 10 0.040302992 
207 318 10 12 0.040187415 
208 431 9 11 0.04011829 
326 190 7 10 0.03980931 
384 248 8 9 0.039808217 
359 231 8 10 0.039709166 
538 343 8 10 0.039645687 
989 566 9 11 0.039577857 
178 366 9 10 0.039558392 
639 471 13 15 0.039538972 
359 184 7 10 0.039446656 
180 338 9 12 0.039441653 
241 136 8 9 0.03918743 
114 412 10 14 0.039050877 
311 214 8 10 0.03904436 
440 343 8 10 0.038955074 
543 422 12 12 0.038913533 
1012 590 9 12 0.03868027 
473 376 8 10 0.038476784 
425 419 10 13 0.03841846 
944 654 9 11 0.038365386 
368 359 9 11 0.037851337 
273 228 8 11 0.037839457 
575 366 8 10 0.037725113 
438 284 7 10 0.037548583 
789 596 8 11 0.037361775 
326 560 8 11 0.037176024 
975 645 10 13 0.037172247 
569 384 8 9 0.03699953 
304 559 7 10 0.03695637 
406 239 8 9 0.036882896 
448 276 9 11 0.036878943 
846 311 28 33 0.036778014 
550 343 8 10 0.036653895 
513 381 10 12 0.03662737 
956 559 9 12 0.03657605 
884 576 10 12 0.03655798 
240 319 8 11 0.036472693 
168 690 22 27 0.03637162 
537 348 9 11 0.03630483 
256 339 9 11 0.036265545 
311 265 8 10 0.03623702 
776 598 9 13 0.036232207 
561 408 8 10 0.036206808 
200 709 14 18 0.03616379 
581 383 8 10 0.03611382 
419 381 10 13 0.035946302 
1001 622 11 15 0.035913073 
334 262 9 11 0.035887226 
471 293 9 11 0.03559251 
107 467 13 18 0.035449065 
541 435 11 12 0.035421807 
848 600 12 14 0.035391606 
224 128 7 8 0.03533309 
158 692 9 12 0.03532786 
613 483 8 12 0.03524481 
398 295 8 10 0.035216935 
509 206 11 13 0.035216663 
584 524 10 14 0.035097044 
709 341 9 11 0.03502702 
511 388 9 10 0.034929007 
704 333 10 12 0.034852292 
327 594 11 13 0.034828737 
320 263 9 11 0.034775306 
287 127 6 8 0.03467653 
439 348 9 12 0.03458563 
191 381 8 11 0.034555756 
326 273 17 22 0.034294013 
241 171 9 11 0.0341725 
169 697 12 16 0.034088325 
265 159 6 9 0.0340153 
344 216 8 10 0.033949908 
918 519 8 10 0.03393215 
287 208 8 10 0.033927888 
201 166 10 12 0.03386904 
318 270 9 10 0.033820014 
1007 636 12 14 0.033426803 
373 436 9 10 0.033413816 
198 292 10 11 0.033403784 
975 516 9 12 0.033315036 
502 228 9 12 0.033275384 
98 404 12 17 0.03324545 
350 433 9 11 0.03323516 
686 479 9 11 0.033150245 
198 692 11 15 0.033115443 
215 169 8 11 0.03306783 
918 503 7 10 0.03304753 
493 326 8 10 0.03292941 
360 595 11 13 0.0329137 
313 535 7 9 0.03284202 
903 644 13 16 0.032773916 
327 172 7 10 0.032736596 
286 287 10 13 0.03270829 
776 508 104 120 0.032684263 
302 263 8 11 0.03267215 
373 360 9 11 0.03262775 
954 579 9 13 0.03260255 
189 223 9 10 0.032530986 
789 591 8 11 0.032522086 
485 132 10 12 0.032441657 
423 358 9 11 0.032402214 
264 176 7 9 0.032366548 
309 127 8 10 0.032346003 
857 491 9 13 0.032312993 
350 251 9 12 0.032303207 
767 605 11 14 0.032186124 
984 550 8 11 0.03216709 
840 359 8 9 0.032137927 
960 532 9 12 0.03213609 
701 328 10 12 0.032111257 
367 327 8 10 0.032108627 
488 247 10 14 0.03206813 
513 350 9 11 0.031990185 
900 702 17 22 0.031967577 
389 383 9 11 0.03192225 
976 552 8 11 0.031845238 
492 208 8 11 0.031818405 
449 246 8 11 0.031805012 
567 364 8 11 0.03178406 
423 351 8 10 0.031733517 
184 224 8 10 0.031719517 
319 296 8 10 0.031696897 
594 375 8 11 0.03166808 
886 531 10 12 0.031662896 
898 684 13 17 0.03160845 
405 661 9 12 0.03153845 
535 335 9 11 0.03151609 
354 209 7 9 0.031412642 
494 300 8 10 0.03128234 
263 111 7 9 0.03128121 
934 549 9 12 0.031240743 
473 363 10 13 0.031232236 
440 321 10 13 0.031203901 
1013 619 11 15 0.031192873 
512 367 8 10 0.031180521 
532 253 10 13 0.031171894 
298 604 10 12 0.031067649 
377 604 12 15 0.031034924 
439 380 8 11 0.031015929 
421 408 8 11 0.030933864 
329 677 10 12 0.030819999 
893 518 7 11 0.030789802 
295 151 7 9 0.03078905 
480 232 9 10 0.030720238 
488 325 10 11 0.030643221 
566 245 12 15 0.030583173 
302 183 8 9 0.030503578 
901 611 11 13 0.030496748 
904 658 12 15 0.030480826 
512 375 9 10 0.030393573 
436 367 8 11 0.030371107 
835 610 22 28 0.030195715 
312 222 7 10 0.030180613 
348 611 11 12 0.030143633 
361 501 10 12 0.030117666 
509 246 15 18 0.030113379 
175 605 13 16 0.029912176 
394 279 8 10 0.029906863 
458 295 8 11 0.029638363 
768 612 11 14 0.029632159 
630 463 8 11 0.02962951 
274 261 8 11 0.029582093 
520 408 8 10 0.029568357 
52 529 13 16 0.029531801 
345 485 9 11 0.029499922 
208 219 10 12 0.029488413 
934 572 10 13 0.029483203 
953 638 11 14 0.029474393 
387 78 10 13 0.029447366 
405 336 10 12 0.029369202 
353 189 8 10 0.029305922 
826 590 11 12 0.029267669 
429 703 12 15 0.029264195 
387 182 7 10 0.029192623 
943 646 9 13 0.029174417 
706 405 19 20 0.029165685 
281 268 9 12 0.029093584 
1014 581 9 13 0.029052716 
327 316 9 12 0.029048268 
367 255 8 9 0.02903353 
501 460 14 15 0.0290036 
624 447 9 11 0.028991904 
287 275 9 12 0.028888317 
249 417 10 14 0.028880026 
923 714 16 18 0.02887087 
424 248 9 10 0.028858023 
424 254 9 11 0.028854067 
1014 668 9 13 0.02884714 
469 278 9 10 0.028840289 
943 551 9 13 0.02879918 
646 198 12 16 0.028761925 
448 413 9 12 0.028749287 
589 525 9 11 0.028741442 
927 551 10 12 0.028698612 
359 189 8 10 0.028668612 
414 279 8 11 0.028617598 
247 335 8 11 0.028611513 
101 696 11 13 0.028579768 
344 206 7 9 0.028567793 
974 528 9 10 0.028527273 
246 136 7 9 0.028525133 
479 318 9 10 0.028505383 
918 568 9 11 0.028500324 
301 453 13 16 0.02841119 
306 212 9 11 0.028392531 
326 151 7 9 0.028388843 
525 439 11 11 0.028381307 
636 341 9 12 0.028316762 
206 172 9 11 0.028309718 
361 264 9 11 0.028291179 
359 508 9 11 0.028285645 
304 268 9 12 0.02827563 
566 408 7 10 0.028219284 
384 324 9 10 0.028148172 
968 516 9 11 0.028068038 
506 334 9 11 0.027960306 
366 247 7 9 0.027923055 
849 451 10 14 0.027920147 
253 408 9 13 0.027869973 
488 301 9 11 0.027851218 
165 366 9 12 0.027832508 
193 317 10 11 0.027818762 
944 503 8 11 0.027773198 
961 528 8 9 0.027749613 
295 284 9 13 0.027749494 
383 198 8 11 0.027671058 
584 438 7 10 0.027641226 
652 478 9 12 0.027571201 
557 278 9 11 0.027456667 
511 623 10 12 0.02741683 
244 318 9 11 0.027397579 
628 90 11 13 0.027374033 
431 404 9 11 0.027301386 
622 499 10 14 0.02723103 
879 501 9 12 0.027151685 
201 255 8 11 0.02712374 
478 375 8 10 0.02706361 
231 167 8 11 0.027029935 
416 263 8 9 0.027012235 
857 487 7 10 0.026984919 
176 270 9 12 0.026976107 
708 335 10 13 0.026915127 
241 160 9 11 0.02690883 
840 535 8 11 0.02689092 
273 136 6 8 0.026871078 
967 528 8 10 0.026842631 
945 608 9 13 0.026831504 
744 606 12 16 0.026825758 
976 606 9 11 0.026776614 
181 353 9 11 0.0267757 
569 268 10 12 0.026773231 
517 376 8 10 0.026735917 
649 592 9 10 0.026691847 
848 447 9 11 0.026683223 
250 527 9 11 0.026661843 
278 332 9 11 0.02665831 
642 436 11 13 0.02658278 
447 408 9 11 0.026575513 
850 428 9 12 0.026559208 
310 288 9 11 0.026535304 
909 596 8 12 0.026442247 
309 293 9 11 0.026433067 
867 615 10 12 0.026377238 
389 336 9 11 0.026328178 
737 580 10 13 0.026287967 
263 119 7 8 0.026254233 
390 262 7 10 0.026239822 
1007 594 10 13 0.026218643 
399 273 9 11 0.026183713 
273 167 7 10 0.02618156 
407 262 7 10 0.026153965 
952 704 13 16 0.026096 
615 389 8 10 0.026038775 
703 287 9 11 0.025971105 
1013 527 9 12 0.02596391 
1006 227 14 17 0.025933351 
321 228 10 12 0.02592721 
877 541 9 10 0.025875323 
324 159 8 11 0.025832035 
894 660 10 13 0.025814585 
524 237 10 13 0.025785642 
390 309 9 11 0.025781488 
789 604 10 14 0.025729483 
510 401 9 10 0.025695788 
228 342 10 12 0.025631087 
681 94 8 11 0.025611041 
228 196 12 15 0.025593204 
344 239 8 9 0.025519386 
957 575 10 12 0.025515582 
54 250 13 15 0.025464218 
505 391 8 9 0.025462009 
390 349 8 11 0.025450457 
351 317 9 11 0.025401713 
904 501 8 11 0.025387831 
279 161 7 9 0.02532898 
414 286 8 10 0.025259761 
622 296 9 10 0.025210988 
198 318 8 11 0.025187153 
552 368 10 13 0.025122426 
272 175 8 10 0.025098974 
135 160 10 12 0.025090648 
289 239 8 11 0.025070557 
926 688 9 11 0.024986343 
494 270 9 11 0.02493485 
392 296 8 9 0.02485783 
94 533 12 15 0.024821857 
863 473 12 14 0.02481109 
655 583 8 10 0.024797492 
528 302 8 10 0.024758173 
287 135 6 7 0.024729446 
601 429 8 10 0.024709564 
189 335 9 11 0.024696749 
287 244 10 11 0.0246689 
614 566 8 12 0.024665315 
157 708 10 14 0.024649609 
326 312 9 10 0.024555264 
872 581 10 13 0.02455462 
465 391 8 10 0.024548126 
376 365 9 12 0.024545133 
208 421 11 12 0.024531096 
113 688 8 10 0.024530098 
454 375 8 10 0.024433706 
424 278 7 10 0.02442301 
966 532 9 12 0.024394216 
210 347 18 22 0.024357496 
285 176 8 10 0.024339894 
486 343 10 11 0.024335269 
295 198 8 9 0.024329666 
545 397 9 10 0.02429983 
185 173 8 11 0.024278376 
905 563 10 12 0.024269164 
359 159 8 9 0.02423759 
224 145 7 9 0.02419938 
328 135 8 10 0.02417863 
612 614 9 11 0.02416434 
648 189 10 13 0.024100197 
518 235 13 13 0.024056474 
168 662 11 15 0.024044544 
416 389 10 10 0.024010593 
256 175 8 10 0.023910314 
350 621 10 12 0.023870757 
192 325 9 10 0.023842184 
393 286 7 9 0.023826962 
550 408 8 10 0.023820987 
247 431 9 11 0.02379233 
544 384 7 9 0.023773283 
280 287 10 12 0.023762394 
302 190 8 10 0.023751512 
807 678 10 12 0.023679648 
174 254 10 12 0.023653744 
108 150 13 18 0.023637092 
504 400 10 11 0.023608448 
296 119 7 9 0.023551228 
303 287 9 12 0.023538413 
401 261 8 10 0.023518652 
503 340 8 11 0.023500476 
1009 527 9 10 0.02349861 
350 224 8 10 0.023480976 
188 175 9 11 0.023434626 
370 430 9 12 0.023370024 
238 406 8 10 0.023338469 
349 303 9 11 0.02329993 
945 661 9 12 0.023282105 
577 429 7 10 0.023241673 
359 349 8 11 0.023216853 
516 621 11 13 0.023206295 
343 285 8 10 0.023189297 
326 262 9 12 0.023154307 
377 255 7 9 0.023111507 
863 628 11 13 0.023105694 
440 414 8 11 0.023071287 
263 135 7 9 0.02306962 
1013 612 11 15 0.023068551 
628 630 8 11 0.02306189 
399 382 9 12 0.023058232 
645 498 11 14 0.023039725 
670 95 9 11 0.023029119 
429 443 11 15 0.023011994 
567 414 7 9 0.023003729 
295 279 8 11 0.022972288 
278 310 10 12 0.022966431 
318 624 7 10 0.022928111 
878 663 8 10 0.022925017 
623 467 9 12 0.022920853 
956 564 9 13 0.022914842 
304 86 8 10 0.022912418 
975 512 9 11 0.02288436 
549 430 9 11 0.02287999 
550 358 9 11 0.022862894 
114 747 12 15 0.022860836 
827 653 8 11 0.02282234 
203 695 12 15 0.02280603 
440 335 9 11 0.022793064 
311 199 8 10 0.02277545 
154 694 8 11 0.022712158 
239 324 8 11 0.022691185 
320 183 9 11 0.022653997 
1015 651 10 14 0.022608122 
348 478 9 12 0.022597268 
420 374 11 12 0.022578558 
898 687 22 30 0.02257674 
241 141 8 10 0.022572372 
974 693 11 16 0.022567933 
107 739 23 28 0.02253773 
248 192 8 11 0.022507282 
510 285 8 11 0.022487799 
905 518 8 11 0.02246585 
61 437 15 17 0.022459371 
831 610 13 17 0.022413617 
57 441 22 27 0.022349425 
239 119 7 9 0.022324286 
1012 642 11 15 0.02231255 
448 375 8 10 0.022305919 
430 247 8 10 0.022299925 
902 529 13 17 0.022273535 
503 261 11 12 0.022267189 
155 620 11 15 0.022266276 
490 259 10 13 0.02219917 
230 172 9 12 0.022185966 
951 650 13 16 0.022176672 
482 405 9 12 0.022080151 
498 277 9 11 0.022052638 
824 671 7 9 0.022046901 
511 430 10 12 0.022041367 
518 271 10 11 0.022036416 
636 332 11 13 0.022035336 
157 376 9 11 0.022026584 
192 716 12 16 0.02202361 
286 464 10 12 0.022004941 
351 239 7 9 0.021952713 
103 148 23 30 0.021897895 
342 200 7 9 0.02188251 
965 582 12 15 0.02187637 
439 312 18 23 0.021813067 
525 350 8 11 0.021798486 
421 624 8 11 0.021724703 
924 701 14 15 0.02167753 
246 141 7 9 0.021675639 
297 191 8 10 0.021665024 
432 344 8 10 0.021642577 
245 324 9 11 0.021634344 
599 525 9 11 0.02163038 
1004 472 10 13 0.021604102 
414 311 9 11 0.02155074 
622 437 8 10 0.021532657 
493 247 10 14 0.02152275 
263 204 9 11 0.021521397 
831 619 12 16 0.021521326 
575 440 8 11 0.021516811 
280 136 7 8 0.021488497 
976 533 9 11 0.021479528 
257 135 7 9 0.021475362 
303 143 8 9 0.02146 
583 530 11 14 0.02143357 
839 624 14 17 0.02143159 
297 182 8 10 0.02140079 
490 212 10 12 0.021390896 
272 255 9 12 0.021354072 
989 615 8 11 0.021328054 
496 380 217 230 0.02131838 
173 657 14 17 0.021305868 
262 127 7 8 0.02129902 
886 623 9 11 0.02120364 
809 662 9 11 0.021159472 
258 111 7 10 0.021147715 
314 159 8 10 0.021130322 
998 544 10 12 0.021120213 
157 127 10 12 0.021104269 
151 434 10 14 0.021073634 
601 357 9 10 0.021068875 
742 562 18 24 0.02106846 
560 398 7 10 0.02106722 
447 253 9 10 0.021038933 
312 341 9 11 0.02102343 
956 622 11 13 0.021007102 
334 213 9 10 0.021005504 
975 663 10 12 0.020984521 
361 485 11 14 0.02098132 
919 629 10 13 0.02096795 
318 153 18 23 0.020948993 
151 599 8 10 0.02092423 
296 176 8 10 0.020921955 
634 477 10 14 0.020900453 
254 208 8 10 0.020877782 
144 597 8 11 0.020854434 
904 295 11 14 0.020843107 
321 199 7 9 0.020816123 
535 377 8 10 0.020812098 
1009 559 18 26 0.020779554 
9 117 9 12 0.02075458 
68 436 13 16 0.020751193 
437 432 23 32 0.020699268 
230 127 7 9 0.020672375 
632 371 9 11 0.020665353 
754 389 25 30 0.020645166 
878 509 10 13 0.020637818 
908 698 12 18 0.020622319 
447 391 8 11 0.020611078 
207 159 9 10 0.020596039 
288 213 8 9 0.02059101 
142 630 10 12 0.020570267 
835 597 12 15 0.020547923 
216 143 7 9 0.020540874 
136 631 9 12 0.020502105 
360 287 8 11 0.020497615 
286 351 10 12 0.02047784 
183 168 8 10 0.020461908 
358 459 11 13 0.020456435 
304 291 11 14 0.020446982 
401 325 9 11 0.0204332 
967 562 11 14 0.02035355 
290 150 7 9 0.02034963 
230 262 10 12 0.020336907 
271 119 7 9 0.020321053 
888 646 18 24 0.020310797 
42 521 26 31 0.020295518 
220 356 10 13 0.02029359 
303 111 6 9 0.020291865 
305 81 7 9 0.020290518 
481 304 8 9 0.0202892 
415 269 9 11 0.020234177 
1004 551 12 15 0.020233667 
635 181 12 15 0.020232216 
617 436 9 11 0.020217933 
641 424 19 23 0.020205114 
16 94 11 15 0.020201404 
369 310 8 11 0.02018854 
297 262 9 12 0.020187614 
461 253 9 12 0.020174386 
544 367 8 10 0.020165665 
303 152 8 9 0.020142082 
424 298 18 23 0.020130275 
190 340 9 11 0.020117674 
829 592 14 17 0.020089043 
439 303 8 10 0.020086013 
534 359 8 10 0.020030564 
127 746 11 14 0.020012824 
