14_Traffic_Traffic_14_55
18
210 461 18 21 0.04386425 
610 148 10 14 0.041154627 
978 541 13 16 0.03597044 
879 5 10 11 0.032155085 
5 354 113 220 0.031941924 
261 186 8 11 0.031545736 
123 40 29 35 0.029586883 
476 175 11 14 0.029120957 
25 219 404 431 0.028516809 
781 102 155 194 0.024728766 
779 97 17 20 0.024616763 
645 -2 54 50 0.02445694 
882 84 10 13 0.024316305 
934 264 11 13 0.022829458 
87 166 9 11 0.021957325 
830 114 177 223 0.02178515 
34 110 9 12 0.020990575 
499 75 11 15 0.020600991 
