14_Traffic_Traffic_14_361
131
914 292 13 15 0.29185632 
848 291 17 20 0.2842346 
517 301 11 13 0.22370963 
673 319 9 12 0.19075617 
485 308 10 12 0.18263106 
721 310 9 12 0.14108467 
886 289 13 17 0.1335006 
657 320 8 10 0.09882277 
927 292 11 15 0.091286525 
720 317 10 12 0.0911988 
839 287 21 26 0.08990902 
912 287 12 15 0.088504106 
725 310 10 13 0.08709205 
725 317 10 11 0.07978672 
550 278 9 10 0.0740398 
693 290 11 14 0.07363469 
832 281 13 18 0.06720069 
430 305 9 11 0.0625 
421 333 10 12 0.062195435 
406 334 8 10 0.061538756 
671 312 9 11 0.057454776 
359 321 8 10 0.056748044 
645 334 12 13 0.0541961 
560 272 8 10 0.052028902 
581 247 9 11 0.051931046 
1 236 12 16 0.051438488 
637 238 10 12 0.05133061 
607 315 9 11 0.05041043 
469 315 12 13 0.050101865 
719 286 9 13 0.04618522 
606 270 8 11 0.04573199 
512 283 10 12 0.044707526 
661 323 10 11 0.044565897 
481 309 10 13 0.042200983 
494 324 10 11 0.04167339 
837 150 9 11 0.040823933 
401 335 8 10 0.04028088 
858 289 14 18 0.040215224 
513 278 9 11 0.03991658 
367 321 8 10 0.039407235 
590 270 7 10 0.039225765 
401 246 9 10 0.03846207 
890 285 14 17 0.038429394 
416 333 10 12 0.038361743 
352 320 9 12 0.037340336 
478 283 10 12 0.037007954 
567 327 8 10 0.036106125 
408 246 9 10 0.035834573 
496 302 10 13 0.035809454 
816 267 10 13 0.03579441 
384 215 8 11 0.035531852 
513 273 8 10 0.03545318 
414 304 10 12 0.03532132 
501 301 10 13 0.0352327 
591 248 8 10 0.03501995 
456 286 8 10 0.03484121 
577 280 8 9 0.034757238 
592 230 11 13 0.034528274 
462 316 13 14 0.034276225 
932 297 13 17 0.03384408 
485 279 9 10 0.03367164 
951 298 12 16 0.03296809 
583 264 9 10 0.032410674 
731 308 11 14 0.032196857 
598 255 8 10 0.032175995 
519 366 9 11 0.031916175 
607 294 8 10 0.031777922 
522 300 11 13 0.031525835 
733 318 10 12 0.031183371 
455 318 10 12 0.031138813 
901 286 11 14 0.030886175 
915 280 11 13 0.03069077 
435 222 8 11 0.03032718 
529 274 10 13 0.030320019 
599 262 8 10 0.02940693 
359 342 9 11 0.029353803 
869 286 11 16 0.029259764 
584 269 9 10 0.028798373 
428 263 9 11 0.028773252 
485 271 9 10 0.027507149 
639 242 11 13 0.027203497 
880 288 13 19 0.027100565 
-6 187 283 253 0.026680179 
513 305 11 14 0.026666144 
854 328 22 24 0.02659188 
376 341 11 13 0.026530452 
726 322 11 13 0.025795238 
584 285 9 11 0.02548474 
671 238 28 32 0.025364261 
499 318 10 12 0.025083719 
657 279 9 12 0.024933577 
407 329 9 12 0.02475325 
413 351 9 11 0.024454333 
577 264 8 10 0.024430022 
583 280 8 10 0.024285961 
455 223 10 12 0.024226326 
413 221 10 12 0.024187252 
446 295 10 12 0.024080085 
590 287 8 10 0.02403027 
408 -40 436 518 0.023992946 
732 324 12 14 0.023748579 
590 264 9 10 0.023385886 
425 303 9 12 0.02337253 
677 299 10 13 0.022820946 
714 317 9 12 0.022661773 
585 310 9 11 0.02261345 
556 343 10 12 0.022330241 
460 178 11 12 0.02216659 
356 174 11 14 0.021946555 
380 243 12 15 0.021936957 
662 279 10 14 0.021655442 
337 277 10 13 0.021518243 
444 300 12 14 0.02147337 
675 288 13 17 0.021396028 
468 338 12 14 0.02131434 
552 272 9 11 0.021265626 
652 334 10 12 0.02104782 
441 269 8 11 0.020852016 
640 328 10 11 0.020741498 
644 328 12 13 0.020684166 
358 381 12 16 0.02067176 
601 270 9 11 0.0206579 
590 280 8 9 0.020597966 
818 373 17 18 0.020562466 
903 279 9 11 0.020405019 
608 304 9 10 0.020329392 
664 303 9 11 0.020314429 
671 302 9 12 0.020216072 
452 333 14 16 0.020115921 
662 344 10 11 0.020100301 
631 327 8 9 0.020022774 
