14_Traffic_Traffic_14_267
77
74 445 17 21 0.9691854 
153 436 18 23 0.9600059 
230 475 19 27 0.9540903 
168 459 17 23 0.9532841 
737 233 16 21 0.16658004 
51 373 15 20 0.14595161 
631 436 9 12 0.14064798 
321 414 10 13 0.09987273 
65 489 12 15 0.09552139 
84 468 11 15 0.09173588 
256 471 9 12 0.09131712 
492 262 13 16 0.07424689 
76 391 9 12 0.07109122 
527 360 11 13 0.068912655 
688 407 9 11 0.06270387 
998 635 24 34 0.06265255 
392 313 31 35 0.061670844 
486 265 13 14 0.05939841 
288 436 9 12 0.052408297 
287 465 8 10 0.050910078 
468 263 9 11 0.048128996 
269 472 9 11 0.046760168 
225 223 8 10 0.045335777 
626 436 10 14 0.044862226 
84 461 11 14 0.04427185 
212 263 11 13 0.043301202 
190 232 8 11 0.041112334 
715 232 13 17 0.040518064 
215 232 9 11 0.040350445 
538 436 13 15 0.038669597 
255 398 9 9 0.037476577 
510 303 10 13 0.036400944 
746 301 9 13 0.036161527 
304 340 10 12 0.034922358 
734 350 10 12 0.0341446 
406 316 24 30 0.03278745 
224 228 9 12 0.032667518 
189 235 11 14 0.032244775 
481 268 11 12 0.031332865 
646 188 9 11 0.031271346 
273 232 8 10 0.03117023 
47 424 10 12 0.030845186 
693 301 10 13 0.02992536 
631 200 11 13 0.029698385 
496 360 8 9 0.029194405 
579 678 12 15 0.02821365 
262 471 9 12 0.027457112 
178 550 28 32 0.027343243 
483 262 22 25 0.027120674 
579 238 11 13 0.027036255 
380 159 14 17 0.026919771 
416 322 14 18 0.02623194 
134 366 12 15 0.026098086 
281 469 9 11 0.025716783 
840 237 8 10 0.025358498 
801 240 8 11 0.02526907 
263 398 8 9 0.024936192 
1009 643 13 20 0.024932683 
733 236 25 32 0.024522379 
713 366 7 10 0.024471626 
582 334 8 12 0.023792785 
704 182 8 9 0.023500696 
322 409 8 11 0.023006752 
524 359 21 24 0.022781558 
248 398 9 11 0.022600558 
281 463 8 10 0.02258157 
505 303 10 13 0.022471 
51 377 22 26 0.022205794 
210 268 8 12 0.021735359 
717 366 8 11 0.021631327 
223 280 8 9 0.021564526 
229 224 8 10 0.02116839 
7 690 13 14 0.020983266 
626 230 12 14 0.020781426 
466 268 9 12 0.020775408 
511 293 10 12 0.020424804 
33 425 10 11 0.02038474 
