38_Tennis_Tennis_38_535
210
505 471 23 29 0.9904546 
514 422 22 29 0.98887956 
862 324 22 27 0.98652714 
431 446 24 33 0.9862325 
579 304 22 29 0.9758755 
243 287 18 23 0.9709989 
134 456 21 26 0.95712256 
206 433 21 26 0.95522106 
356 308 22 29 0.95158154 
173 277 18 23 0.94813424 
713 318 20 26 0.94761217 
762 426 22 28 0.94107985 
460 421 23 31 0.93706983 
397 321 19 22 0.9368436 
480 316 19 23 0.92732716 
641 312 21 26 0.9221711 
778 308 22 27 0.92208934 
465 265 21 25 0.921604 
657 463 19 26 0.91853607 
232 319 20 26 0.9159146 
46 448 23 31 0.9151068 
369 407 21 25 0.9112408 
322 383 20 26 0.88436586 
193 341 19 23 0.88134015 
707 418 17 22 0.8783741 
596 424 21 25 0.8748513 
375 450 23 27 0.8519494 
142 413 21 27 0.85186243 
289 291 15 22 0.836889 
421 315 20 28 0.83405364 
146 306 18 24 0.8160982 
551 469 20 25 0.80719054 
613 395 15 17 0.80289495 
508 307 21 27 0.7956376 
897 490 21 25 0.72837 
434 415 20 27 0.72616416 
647 423 19 25 0.7256874 
288 455 23 30 0.7218784 
163 252 12 14 0.66076523 
677 411 11 14 0.5987477 
330 452 16 21 0.55276537 
408 317 22 28 0.520022 
230 275 11 14 0.49490872 
170 455 15 18 0.34709984 
790 251 14 16 0.32518876 
256 316 17 22 0.32462576 
906 268 13 18 0.30300796 
344 430 11 15 0.25844172 
197 278 12 18 0.25526604 
820 479 17 20 0.23347831 
304 304 13 18 0.23139207 
71 217 13 20 0.21581836 
132 269 11 13 0.21015267 
532 396 14 18 0.20870951 
363 294 10 13 0.19294587 
184 310 13 16 0.16599417 
453 416 21 27 0.16468917 
160 248 11 15 0.16089444 
650 414 13 16 0.15702526 
109 221 11 17 0.15264636 
551 242 11 15 0.15245606 
336 358 12 15 0.14568512 
565 415 20 25 0.13607018 
75 212 13 18 0.13506976 
640 257 13 16 0.13278495 
650 388 13 16 0.124103285 
812 464 28 32 0.12016514 
271 581 27 29 0.11719875 
549 369 13 17 0.11649283 
896 477 29 32 0.10587509 
301 408 14 18 0.10503955 
665 259 11 13 0.10270801 
594 411 16 19 0.10083864 
272 240 11 13 0.09705578 
96 159 9 11 0.09098947 
709 408 15 19 0.09007032 
379 292 12 15 0.08826611 
374 501 13 17 0.08652508 
273 387 23 31 0.08581157 
527 399 16 21 0.0845648 
686 468 14 20 0.076362856 
244 411 22 29 0.07518797 
600 284 14 16 0.07458276 
449 282 13 16 0.074404314 
415 201 10 12 0.07002415 
591 417 21 26 0.069540344 
366 514 24 29 0.06796303 
506 200 9 11 0.0660827 
357 299 15 19 0.062454276 
647 536 12 18 0.062137797 
196 324 15 19 0.0617184 
764 247 12 16 0.058434136 
838 263 12 17 0.05841467 
133 414 19 24 0.058117736 
237 276 12 15 0.057948012 
630 249 11 14 0.053524915 
54 127 9 11 0.052822527 
351 307 16 23 0.05143054 
680 276 15 18 0.051336706 
265 388 18 23 0.050919063 
294 273 13 16 0.050522406 
443 301 12 16 0.050458923 
245 279 12 15 0.049825177 
191 325 25 31 0.04942657 
839 570 32 31 0.04587341 
363 504 15 21 0.045156363 
184 411 13 16 0.045120955 
469 380 14 18 0.04365173 
330 249 13 16 0.043520637 
671 165 10 13 0.041840196 
368 311 17 25 0.04148451 
319 434 13 19 0.04093565 
338 449 15 20 0.040922977 
862 510 11 14 0.040658437 
334 435 14 18 0.040406972 
577 412 21 26 0.04021794 
235 312 15 19 0.039293304 
601 548 16 18 0.038250934 
699 529 29 29 0.03814154 
164 314 14 19 0.037733436 
324 443 14 17 0.03709453 
296 296 19 25 0.036874793 
152 249 13 17 0.036568217 
373 398 13 16 0.036327455 
77 397 12 14 0.03573375 
869 311 12 13 0.03552412 
680 366 13 17 0.03508797 
290 446 18 21 0.03460312 
496 419 14 19 0.034530755 
677 448 14 17 0.03417411 
63 159 8 10 0.034087017 
360 290 21 27 0.0336752 
374 444 15 19 0.033132505 
57 158 8 10 0.03277063 
453 561 26 32 0.032374263 
128 164 9 11 0.031704392 
373 289 22 30 0.031440407 
392 308 35 44 0.0313673 
601 288 17 22 0.031142024 
420 310 16 19 0.030947547 
33 149 9 12 0.030505614 
279 293 16 22 0.030435978 
645 404 15 18 0.030235218 
773 403 30 32 0.030009622 
184 278 17 24 0.029957546 
205 292 12 17 0.029947488 
317 247 8 11 0.029288646 
658 425 13 19 0.02890504 
515 415 15 18 0.02864361 
763 410 29 36 0.028640212 
589 548 30 29 0.028079335 
666 426 15 18 0.028011752 
170 253 10 13 0.027837943 
252 417 24 30 0.027836703 
557 417 16 21 0.027609136 
155 302 13 16 0.027529046 
211 293 13 17 0.02730094 
142 406 12 17 0.02710978 
48 141 8 10 0.027054073 
894 582 36 37 0.026729725 
289 395 20 28 0.026583811 
772 294 35 44 0.026491042 
281 506 27 29 0.026439594 
662 269 21 29 0.026293999 
602 410 16 20 0.025954934 
380 322 14 20 0.025947623 
700 292 39 48 0.025506362 
334 358 20 25 0.025503667 
34 142 9 12 0.025325743 
604 400 20 24 0.025317471 
589 296 21 28 0.025266705 
50 133 8 11 0.02526088 
812 460 18 19 0.025021158 
62 143 9 11 0.024962034 
269 426 13 16 0.0246124 
227 272 19 25 0.024209661 
216 387 12 16 0.024094159 
415 128 9 10 0.023849215 
455 245 11 14 0.023834636 
536 400 16 21 0.023663359 
893 483 17 22 0.023607582 
372 505 22 28 0.023598032 
56 143 8 10 0.023504265 
470 423 18 25 0.02340936 
125 417 23 30 0.02314513 
714 530 16 19 0.022923602 
626 428 14 20 0.022784036 
265 321 14 19 0.022229247 
466 414 16 19 0.02210494 
788 493 11 13 0.021994205 
131 443 17 20 0.021649778 
903 264 11 16 0.021593835 
550 461 16 22 0.021554006 
112 244 10 15 0.021494783 
646 151 8 10 0.021273397 
501 418 23 29 0.021243108 
454 431 16 21 0.021147998 
792 255 16 19 0.02111641 
434 301 20 26 0.02108889 
113 164 9 10 0.020917574 
739 263 15 22 0.020860223 
519 399 12 16 0.020838644 
159 282 13 17 0.020749453 
624 251 14 19 0.020583434 
431 319 16 23 0.020500487 
758 246 20 25 0.020340296 
548 424 14 20 0.020302672 
407 379 13 19 0.020194616 
203 421 14 17 0.020160409 
325 581 35 34 0.020002058 
