38_Tennis_Tennis_38_232
253
806 329 14 20 0.9828486 
733 252 9 12 0.89562505 
165 222 10 12 0.5760307 
648 70 7 11 0.50003284 
686 63 8 11 0.45717764 
630 38 9 11 0.4493751 
943 13 10 12 0.3984601 
990 59 11 14 0.37932116 
612 63 9 11 0.3190336 
724 70 8 10 0.3133642 
638 19 8 11 0.29542038 
728 37 9 10 0.293601 
899 38 8 11 0.2851308 
909 16 9 11 0.26505166 
999 36 11 14 0.23824278 
693 37 9 11 0.23421538 
870 37 8 10 0.21713765 
44 414 9 11 0.21027215 
673 22 7 9 0.1862591 
591 0 13 12 0.1837243 
704 21 9 11 0.17722446 
965 22 9 12 0.17372432 
733 38 8 10 0.17272367 
726 33 8 11 0.16909584 
1008 60 8 11 0.16210836 
943 39 9 11 0.15036082 
980 44 9 11 0.14088684 
893 63 8 10 0.13988423 
981 7 13 14 0.13332888 
709 29 8 11 0.12705912 
750 54 12 15 0.12247926 
853 62 9 13 0.119303524 
106 0 16 15 0.118320964 
658 55 8 10 0.1159225 
966 34 11 15 0.11201317 
1014 257 9 15 0.111661285 
736 90 13 19 0.109112196 
742 12 10 12 0.10872041 
704 37 9 11 0.09967697 
672 28 10 13 0.099471286 
935 47 9 12 0.09696145 
647 65 8 11 0.09661886 
918 35 11 14 0.09543567 
1008 6 9 12 0.09529785 
670 95 11 13 0.09227952 
708 85 11 14 0.090911336 
976 38 9 13 0.0882958 
965 42 11 13 0.083640955 
662 40 8 11 0.082114644 
985 60 10 13 0.0807655 
963 62 12 14 0.07837675 
702 95 11 14 0.07835409 
938 11 9 12 0.07806519 
964 68 9 12 0.07529763 
677 47 9 12 0.075189315 
889 40 7 9 0.074049346 
0 301 8 13 0.072128095 
906 19 9 12 0.07147373 
669 69 9 12 0.07056751 
775 15 8 11 0.069626056 
977 6 11 13 0.06909989 
935 7 9 13 0.06726394 
751 45 10 12 0.06662785 
703 16 9 12 0.06576324 
1 360 9 13 0.06553595 
709 38 8 10 0.06477562 
610 67 9 11 0.062807895 
15 318 9 12 0.060880996 
39 271 10 13 0.060606364 
672 54 9 11 0.059990365 
1015 38 9 12 0.05833852 
629 60 11 13 0.05723078 
942 44 10 12 0.05608141 
888 45 8 10 0.05569211 
678 36 9 12 0.054420978 
682 66 9 12 0.05420901 
776 19 9 12 0.053846717 
768 40 8 10 0.05352217 
657 46 8 10 0.05320912 
661 61 10 13 0.05320204 
721 62 9 12 0.053157702 
873 8 9 11 0.053000636 
968 77 9 11 0.052479904 
623 56 10 12 0.052307907 
17 267 9 12 0.051446825 
63 -1 17 15 0.051100817 
912 29 9 12 0.045970958 
61 436 10 11 0.045709714 
966 17 8 11 0.04545122 
670 62 9 12 0.04531758 
21 267 10 13 0.04502441 
958 1 10 11 0.04469013 
721 36 9 11 0.044512182 
752 38 10 13 0.0438742 
947 38 10 12 0.043866485 
719 0 8 8 0.042973135 
897 15 7 11 0.042839993 
984 93 11 14 0.04229464 
657 60 9 12 0.04179408 
741 30 9 12 0.041198976 
961 16 9 11 0.040421594 
987 6 12 13 0.040238045 
0 326 10 14 0.039881255 
1000 23 9 11 0.039312776 
865 33 9 11 0.039102703 
672 35 10 12 0.03835842 
782 58 10 12 0.038190927 
687 56 10 11 0.037836995 
982 67 10 13 0.037815742 
636 37 8 10 0.037083182 
616 57 9 11 0.036907118 
1012 60 9 12 0.036747895 
929 52 10 13 0.036550175 
737 7 11 13 0.036409006 
929 46 9 13 0.036263343 
918 43 10 13 0.036073916 
708 79 11 13 0.03588054 
743 2 9 8 0.03574392 
46 431 9 12 0.035646047 
606 79 8 11 0.03540667 
897 33 8 11 0.035333253 
671 88 8 11 0.035040364 
928 7 9 11 0.034688592 
666 93 10 13 0.034254648 
935 30 8 11 0.034214873 
984 54 10 13 0.034042034 
32 268 11 13 0.033611756 
685 0 8 8 0.033512328 
702 6 9 10 0.03302462 
992 65 10 14 0.03278457 
626 44 9 11 0.032556735 
901 31 10 12 0.032481752 
632 33 9 12 0.032177787 
985 85 10 13 0.032164183 
733 43 9 10 0.03154401 
854 56 9 13 0.03129344 
677 54 9 10 0.031257834 
654 78 8 10 0.031106295 
664 88 8 10 0.030975185 
639 86 9 13 0.030870054 
689 32 9 11 0.030784639 
999 77 8 11 0.030632176 
399 272 8 10 0.030314146 
623 81 10 12 0.030161398 
697 21 8 11 0.030120112 
702 1 10 9 0.030092806 
57 431 9 12 0.030041507 
161 224 13 17 0.029818134 
717 55 8 11 0.029589195 
767 54 10 13 0.029569201 
736 32 9 12 0.02948114 
927 1 8 9 0.02947136 
855 78 11 15 0.029399501 
0 278 8 12 0.029237412 
1000 92 9 13 0.029125215 
919 14 8 11 0.029115843 
755 53 11 13 0.029060846 
681 0 10 9 0.028512133 
654 4 13 16 0.028086983 
949 6 10 13 0.02805598 
639 55 8 11 0.028054211 
46 437 9 11 0.027954634 
655 21 10 12 0.027586974 
749 1 9 9 0.027500391 
712 0 8 9 0.0274293 
937 39 8 11 0.027427943 
658 41 8 11 0.027423913 
925 31 10 12 0.027131932 
825 443 25 32 0.026922336 
639 61 10 13 0.026910169 
795 378 23 36 0.02684374 
758 69 10 11 0.026825316 
852 89 15 18 0.026538286 
14 332 13 16 0.026504135 
973 79 9 10 0.026390137 
3 327 13 17 0.026301019 
729 248 17 22 0.026228197 
1000 86 10 13 0.026047846 
641 78 8 11 0.026031619 
712 47 8 10 0.025897516 
24 485 11 13 0.025846962 
725 75 9 12 0.025839118 
12 322 12 16 0.025740018 
630 93 11 15 0.025727445 
952 94 10 14 0.025539948 
966 55 10 13 0.025465952 
663 22 8 11 0.02545188 
45 409 9 12 0.025386114 
695 44 9 11 0.025155544 
848 65 10 15 0.025010202 
911 1 9 9 0.024967479 
111 440 14 17 0.024941001 
896 41 11 14 0.024914093 
963 28 10 13 0.024909936 
993 45 10 13 0.024907475 
792 10 14 16 0.02473812 
222 8 135 119 0.024627328 
784 31 8 9 0.02439733 
669 76 9 11 0.024370153 
56 437 9 11 0.024251604 
949 31 8 10 0.02367538 
941 50 13 14 0.023622172 
1001 312 9 12 0.023608146 
751 308 10 13 0.023536826 
712 54 9 11 0.023495056 
877 12 7 10 0.023450296 
759 343 9 13 0.023324685 
860 1 11 12 0.023304505 
746 59 11 15 0.023206966 
661 12 9 12 0.02318596 
888 31 8 10 0.023055537 
951 0 10 10 0.023030635 
709 70 10 12 0.02294632 
866 45 8 10 0.022891171 
647 55 8 10 0.022885125 
911 8 9 10 0.02281656 
820 349 12 16 0.022803491 
649 0 23 28 0.022679754 
719 75 10 12 0.022487463 
997 71 10 11 0.022393404 
602 80 9 11 0.022295633 
605 85 9 13 0.022001011 
870 94 11 15 0.021987699 
944 33 9 10 0.02192491 
653 70 9 12 0.021823913 
776 59 10 12 0.021787869 
868 55 12 13 0.021626316 
996 61 10 12 0.02149671 
1006 17 11 14 0.02132097 
663 76 10 12 0.021316718 
685 5 9 11 0.021297885 
703 55 10 12 0.021159679 
736 1 9 10 0.020834971 
719 14 10 12 0.020817995 
993 36 10 13 0.02081444 
863 59 12 16 0.020742876 
983 80 10 12 0.020726718 
656 86 8 11 0.020679915 
962 37 11 14 0.020628007 
831 372 10 14 0.020592285 
703 59 11 15 0.020543853 
894 31 18 24 0.020468527 
52 156 196 233 0.020405445 
73 446 9 11 0.020398993 
974 61 11 13 0.020358218 
630 85 10 14 0.020352993 
903 0 10 9 0.020327745 
400 278 8 10 0.020273337 
1005 37 9 13 0.020231115 
698 15 9 12 0.02013541 
19 315 11 15 0.020108536 
15 311 11 13 0.020104073 
949 20 9 11 0.02004724 
