0_Parade_marchingband_1_746
113
746 87 28 38 0.9995004 
141 79 33 42 0.99946886 
815 94 31 42 0.99923265 
372 91 28 36 0.998882 
763 46 29 37 0.9988525 
544 88 35 44 0.99876994 
425 80 27 36 0.99869907 
627 112 26 34 0.99806434 
300 75 26 33 0.99587125 
597 89 32 39 0.9937848 
169 65 25 39 0.945817 
963 182 15 18 0.9304945 
927 182 12 16 0.87865525 
453 98 23 30 0.84716046 
1002 180 13 15 0.7230375 
957 159 10 13 0.7159644 
1005 164 12 13 0.58085567 
1001 135 11 15 0.5644544 
949 178 11 13 0.50166154 
942 138 11 14 0.47222343 
886 231 11 14 0.30945206 
19 104 22 28 0.27959427 
920 164 10 13 0.22759011 
998 212 12 15 0.21504353 
155 72 29 38 0.19076052 
599 80 25 30 0.14451964 
929 229 19 22 0.13525437 
436 87 25 33 0.13109683 
889 234 12 16 0.12258355 
879 175 11 14 0.11566062 
610 97 29 36 0.096701965 
892 213 11 15 0.088617705 
858 201 15 19 0.083631724 
560 95 29 38 0.07545972 
589 93 25 36 0.07390437 
983 172 11 15 0.07368282 
3 212 12 15 0.06565272 
1003 171 15 18 0.06563581 
935 212 10 13 0.06503356 
35 97 14 21 0.06270813 
915 212 16 20 0.061952006 
767 99 26 35 0.06070292 
853 197 14 19 0.059754446 
924 175 12 14 0.059099324 
937 135 13 15 0.058951832 
882 179 12 15 0.05627303 
908 214 15 18 0.0529355 
932 221 13 16 0.05123877 
936 206 9 12 0.0510752 
576 93 22 33 0.049408916 
29 94 14 17 0.048016943 
972 172 11 15 0.04631973 
974 166 10 13 0.0456232 
287 74 25 30 0.045280397 
1005 219 13 17 0.043425243 
964 164 12 15 0.04320453 
889 151 10 13 0.042537164 
1011 159 12 15 0.041907966 
739 221 14 17 0.04047552 
950 149 10 12 0.03907125 
1000 197 11 13 0.038789064 
1012 170 10 14 0.037643887 
921 170 11 15 0.037530344 
886 221 12 15 0.037417755 
811 227 16 17 0.036172856 
20 116 17 24 0.035664886 
1015 149 9 13 0.035423536 
1015 141 9 13 0.03489767 
923 159 11 14 0.03228351 
796 238 12 15 0.03211548 
944 145 11 13 0.031336755 
796 95 17 22 0.031287245 
1006 154 19 25 0.030058643 
960 194 10 13 0.029502867 
918 225 13 16 0.02933967 
1010 180 11 13 0.029285265 
1013 133 10 13 0.028994951 
975 142 8 10 0.028803028 
949 182 14 18 0.028463159 
925 220 14 17 0.027876679 
1006 129 9 12 0.027827026 
920 141 8 11 0.027743509 
25 110 25 31 0.02762714 
903 213 12 16 0.027349167 
969 134 9 10 0.025729788 
955 152 19 24 0.025487736 
892 154 10 14 0.025370475 
1014 204 10 14 0.025097704 
432 218 34 43 0.02504134 
927 238 16 20 0.024905933 
940 134 19 23 0.02447436 
925 214 13 15 0.024223847 
459 334 16 20 0.024155166 
989 237 13 15 0.02410584 
871 218 12 15 0.024104448 
42 99 13 19 0.024017649 
885 166 12 15 0.02392477 
28 239 10 12 0.023729937 
887 206 10 16 0.023559289 
14 111 17 21 0.022613894 
177 84 17 22 0.022539616 
846 198 15 20 0.021959312 
916 204 14 17 0.021781597 
754 75 30 41 0.021462763 
878 220 13 16 0.021430967 
601 209 30 38 0.02140958 
952 237 12 15 0.02135991 
573 96 16 23 0.021089893 
933 165 11 14 0.02093617 
940 212 10 12 0.020699129 
580 261 13 18 0.020698108 
460 298 54 63 0.020349344 
902 235 11 14 0.020012395 
