0_Parade_marchingband_1_561
22
822 1031 60 80 0.9907414 
196 662 103 105 0.9873403 
22 493 252 363 0.19294548 
990 1046 35 71 0.17910674 
459 475 472 553 0.15669148 
1003 1060 18 41 0.099166386 
77 1193 60 79 0.06840763 
20 1156 27 34 0.05185761 
-3 747 79 148 0.044346195 
154 602 128 165 0.042366557 
251 668 99 118 0.039374717 
552 871 370 515 0.034378875 
874 1042 46 64 0.0335587 
568 204 363 492 0.031122139 
151 732 58 58 0.029901635 
847 1046 54 73 0.027105823 
405 402 130 129 0.02685861 
577 250 33 41 0.026589356 
632 906 208 327 0.02379932 
70 510 152 185 0.023567658 
137 753 33 33 0.022743678 
797 1177 123 183 0.020685345 
