0_Parade_marchingband_1_910
112
78 242 35 35 0.9933449 
572 232 47 52 0.9884454 
372 254 48 54 0.98842174 
207 206 45 49 0.97093767 
41 227 28 37 0.9675144 
518 226 48 55 0.9668761 
772 337 72 90 0.96372706 
140 228 29 32 0.856452 
483 191 31 49 0.5414789 
338 233 31 40 0.52555716 
590 117 35 35 0.49582046 
114 243 16 21 0.4024914 
437 273 38 41 0.391432 
645 209 38 52 0.2779483 
282 258 40 39 0.21864544 
586 50 52 63 0.18169971 
585 87 43 58 0.14890407 
64 240 30 34 0.1397943 
949 265 56 102 0.13671008 
812 89 32 39 0.12099754 
406 152 16 18 0.119980276 
287 250 58 67 0.11976943 
0 265 10 15 0.09715014 
670 36 54 65 0.09280237 
328 240 49 60 0.088087715 
103 173 15 18 0.08590174 
834 467 209 274 0.07624316 
51 236 28 40 0.075447164 
21 249 23 32 0.06577336 
0 171 21 32 0.064430214 
174 175 12 13 0.061021857 
29 233 24 32 0.055944104 
678 147 13 17 0.054160547 
22 169 14 20 0.053909637 
4 264 13 16 0.045270454 
1 178 13 19 0.045167014 
620 199 28 34 0.044669673 
916 86 26 28 0.04284761 
134 202 11 14 0.042053882 
598 55 33 37 0.04148276 
144 205 10 13 0.04140793 
857 326 45 61 0.040930413 
392 147 24 26 0.040394057 
669 39 85 108 0.03971443 
696 142 12 16 0.036863465 
606 127 20 26 0.036660027 
586 122 22 19 0.03621423 
918 91 15 16 0.036205012 
665 63 54 66 0.03484838 
722 45 54 67 0.034827475 
52 206 17 19 0.034802187 
720 361 360 440 0.034609582 
250 264 28 47 0.034115825 
9 177 16 19 0.03286059 
415 258 76 89 0.03252825 
993 140 25 35 0.03206141 
828 86 30 38 0.03184517 
484 188 18 21 0.03073816 
100 174 25 33 0.03015992 
436 280 21 26 0.030048164 
918 37 26 33 0.029918905 
757 317 65 88 0.029895118 
170 169 21 25 0.029891647 
156 201 13 17 0.029514462 
750 70 33 37 0.028551867 
995 116 16 23 0.028528852 
149 202 14 17 0.027897004 
144 389 10 11 0.027865285 
688 139 23 30 0.027702853 
961 97 18 21 0.027491571 
690 44 31 43 0.027319906 
836 89 16 21 0.026684985 
814 109 90 118 0.026515437 
325 235 32 43 0.026388656 
207 153 14 20 0.026234318 
297 273 59 70 0.026160864 
423 218 13 18 0.025998602 
796 20 44 57 0.025605991 
582 48 35 38 0.025284534 
326 265 15 22 0.025147041 
200 352 13 17 0.025050757 
903 80 44 51 0.024913192 
579 25 56 59 0.024470069 
1012 76 10 17 0.02442983 
895 77 29 37 0.024196869 
12 245 23 31 0.023682399 
474 116 11 15 0.023369374 
25 170 20 27 0.023276677 
670 90 54 74 0.0230152 
929 43 17 22 0.02266631 
149 186 12 15 0.022636276 
652 21 54 63 0.022502664 
803 366 39 51 0.022242894 
644 83 49 63 0.022068962 
426 146 25 33 0.02172401 
164 204 11 14 0.02159423 
857 306 91 105 0.021527775 
422 752 14 15 0.021415545 
963 89 28 32 0.02094504 
852 354 32 39 0.020862814 
832 30 10 13 0.020623868 
906 213 101 177 0.020551467 
518 123 48 58 0.02045032 
794 312 80 109 0.020421823 
675 142 22 27 0.020421216 
980 115 33 40 0.020386731 
93 248 21 22 0.020383254 
6 260 24 30 0.020350102 
341 240 20 24 0.02030367 
441 154 15 19 0.020248191 
622 204 15 20 0.020184612 
387 153 16 19 0.020069374 
