0_Parade_Parade_0_639
249
711 78 29 32 0.99781954 
637 579 46 63 0.997556 
339 206 33 43 0.98644304 
515 162 24 30 0.9851141 
980 537 47 99 0.9697748 
593 103 24 28 0.9610247 
436 271 29 34 0.8902237 
271 200 32 40 0.8698361 
950 421 15 20 0.8568347 
939 408 11 14 0.6006277 
900 565 41 69 0.58875436 
289 229 24 29 0.5598663 
840 474 12 14 0.4758721 
968 405 10 13 0.36063164 
578 153 18 20 0.3558005 
882 428 12 14 0.31246814 
421 280 35 39 0.28167048 
512 148 16 18 0.2643514 
867 462 11 15 0.25009796 
929 437 10 13 0.24352516 
762 19 17 21 0.21949336 
936 431 11 13 0.20221654 
981 419 10 13 0.19821726 
1007 421 12 15 0.19401823 
962 486 29 42 0.18966772 
345 590 13 15 0.17232315 
909 413 8 10 0.15365867 
878 555 48 72 0.15219855 
826 434 14 16 0.13804106 
1007 414 10 13 0.13606499 
1013 308 9 13 0.13550533 
1002 399 9 11 0.13328014 
255 179 26 29 0.13003793 
881 424 10 12 0.12833126 
989 398 8 10 0.123381354 
805 437 12 16 0.12187448 
852 252 18 20 0.11827818 
270 268 25 28 0.11805745 
670 453 13 14 0.11574137 
469 131 12 15 0.115583755 
966 400 9 11 0.111560814 
989 406 9 12 0.11128175 
893 511 13 16 0.1083117 
1001 404 9 11 0.10702317 
756 409 13 16 0.106874175 
905 413 8 11 0.10671592 
919 436 9 13 0.100880675 
285 171 12 14 0.09518831 
1005 406 9 11 0.090588816 
961 469 24 35 0.090543695 
514 153 20 25 0.08801126 
1001 382 9 11 0.0879622 
999 420 11 14 0.08736613 
932 442 12 16 0.0845092 
949 458 23 32 0.08094473 
959 537 44 85 0.0786623 
913 435 10 14 0.07776769 
810 55 40 50 0.074753635 
828 467 11 15 0.07374423 
926 415 8 10 0.07229927 
794 74 13 17 0.071174674 
540 245 33 41 0.06939773 
943 428 11 15 0.065123715 
579 288 18 22 0.06508271 
903 479 12 15 0.064055204 
956 415 13 16 0.06394765 
839 424 8 11 0.0637107 
496 670 11 13 0.06274595 
1002 389 10 12 0.06266565 
1010 426 12 17 0.06254365 
1015 406 8 13 0.061182197 
925 420 10 12 0.06110264 
964 390 8 11 0.06044528 
977 414 9 13 0.060347345 
643 298 14 16 0.05817014 
666 1 29 22 0.056889478 
290 301 19 22 0.056548633 
893 429 10 13 0.055346355 
805 431 10 14 0.054742213 
963 396 9 11 0.05338877 
233 233 13 17 0.053238813 
587 174 15 19 0.050557565 
744 9 34 33 0.049099434 
827 443 13 15 0.047985826 
504 287 26 40 0.047490694 
893 422 10 13 0.046242647 
523 276 25 31 0.046142828 
962 426 13 17 0.046047263 
251 303 32 38 0.04547303 
924 551 48 84 0.044820316 
814 436 11 16 0.043798678 
654 71 38 37 0.043593176 
318 203 12 16 0.04338966 
326 249 15 20 0.04333728 
820 505 16 20 0.043305483 
952 417 10 13 0.04315589 
351 615 17 20 0.042973436 
988 420 12 15 0.042484406 
715 22 12 14 0.042048816 
479 166 9 13 0.0410447 
904 391 7 10 0.04022844 
434 154 17 19 0.0398452 
873 415 8 11 0.039143942 
344 485 9 13 0.038711455 
995 515 13 18 0.038698133 
934 448 13 16 0.038212594 
922 415 7 10 0.038204703 
479 261 25 30 0.038095 
910 472 11 14 0.037847918 
884 510 21 24 0.03768043 
983 427 11 16 0.03767339 
979 500 26 35 0.037574258 
988 412 10 12 0.037155338 
790 67 23 27 0.03692419 
547 218 15 20 0.036695648 
631 193 13 16 0.036470726 
678 0 23 17 0.03638541 
920 505 12 16 0.03637409 
988 435 11 15 0.03549433 
990 393 8 10 0.035417054 
687 455 11 12 0.03510976 
571 247 13 18 0.034705486 
526 258 34 38 0.03465079 
822 461 13 16 0.03405836 
454 274 18 23 0.03399634 
869 433 12 16 0.033124976 
831 423 10 12 0.032984212 
828 448 15 19 0.032958522 
835 468 19 24 0.032912698 
271 171 26 28 0.032805428 
518 666 10 12 0.0325081 
838 451 10 14 0.032132413 
413 606 18 20 0.032016337 
990 443 11 12 0.031294122 
985 393 9 10 0.031218017 
273 349 38 39 0.031083457 
804 444 15 20 0.03100509 
921 384 9 10 0.030843297 
815 577 54 57 0.030673888 
527 164 16 24 0.030504595 
877 428 20 22 0.030482586 
1016 400 8 11 0.030169267 
578 236 14 17 0.03015833 
612 444 15 19 0.030136846 
704 36 31 36 0.030100629 
960 367 8 10 0.030012883 
941 451 12 16 0.029793072 
730 4 33 32 0.029704534 
333 192 32 35 0.029522685 
269 299 27 30 0.029420871 
968 484 42 58 0.029329818 
783 422 11 15 0.02929999 
878 442 14 17 0.029189087 
895 415 9 11 0.02917354 
724 115 18 23 0.029012335 
817 445 23 28 0.028993877 
81 642 12 15 0.028903665 
537 661 8 12 0.02883387 
715 62 30 39 0.028737672 
926 398 9 12 0.028286485 
811 443 11 16 0.027984502 
648 28 43 52 0.027981946 
789 52 27 32 0.027695535 
586 283 16 22 0.02767317 
617 212 11 13 0.027575742 
526 200 14 18 0.027564326 
512 278 28 38 0.027494002 
620 447 14 17 0.027199427 
836 276 12 13 0.027007608 
964 401 19 23 0.026970958 
583 290 24 32 0.02689285 
936 422 11 13 0.026663002 
781 52 10 13 0.026619783 
754 21 24 31 0.02654107 
273 604 10 12 0.026359025 
510 169 19 22 0.026283806 
916 472 10 12 0.026274346 
808 503 13 17 0.02626913 
962 406 10 12 0.026099162 
540 419 10 12 0.026010046 
667 66 44 49 0.02596312 
964 460 13 18 0.025582576 
977 381 8 10 0.025150472 
1007 408 18 25 0.02514992 
307 235 14 19 0.0250725 
1006 446 12 14 0.024543667 
718 42 34 39 0.024490448 
942 380 9 12 0.024213817 
975 435 10 13 0.023974864 
824 422 10 13 0.023869364 
642 455 10 12 0.023790846 
864 483 11 15 0.023742164 
878 406 9 10 0.023661152 
698 405 23 34 0.023631563 
1010 303 9 13 0.023582974 
292 510 21 28 0.023552824 
651 308 12 15 0.0233631 
887 417 9 11 0.023240399 
898 544 33 59 0.023111667 
923 77 11 13 0.02310214 
974 401 8 10 0.023019422 
608 147 16 20 0.022898534 
866 431 9 13 0.022813339 
961 383 10 11 0.022725679 
263 162 47 58 0.022675427 
269 280 27 31 0.022548158 
927 437 20 25 0.022479324 
587 91 38 46 0.022456907 
636 293 16 19 0.022368623 
964 500 17 25 0.02235393 
725 24 33 35 0.022155233 
580 304 15 21 0.02210601 
999 446 10 13 0.022096992 
1003 480 19 34 0.02197717 
369 536 9 12 0.021964965 
274 184 28 34 0.02183439 
575 229 14 16 0.02181277 
282 166 22 28 0.021797651 
603 432 27 31 0.021783076 
837 491 13 18 0.021703685 
281 265 18 24 0.021509727 
960 359 8 10 0.021495016 
878 416 10 11 0.021456253 
826 461 18 24 0.02142686 
474 130 14 17 0.02131475 
1001 414 11 13 0.02131428 
522 296 16 21 0.02116706 
837 481 13 17 0.021100782 
344 595 23 29 0.021015812 
-50 229 178 261 0.02095955 
756 116 12 16 0.020917404 
307 200 25 30 0.020838035 
474 212 21 29 0.020813616 
916 579 36 61 0.020790204 
707 3 14 15 0.020656854 
365 240 15 22 0.020611105 
844 246 17 18 0.020534743 
712 25 30 36 0.02050837 
663 85 34 33 0.020445826 
943 459 14 20 0.020425333 
449 281 19 26 0.020345896 
457 499 11 16 0.020289106 
636 349 11 15 0.020252114 
873 420 9 12 0.020221125 
942 375 9 12 0.020182382 
296 348 40 38 0.020163653 
808 431 20 28 0.020162709 
764 406 10 14 0.020057866 
929 407 8 11 0.020047428 
