0_Parade_Parade_0_29
100
543 166 59 68 0.9992539 
316 231 32 40 0.9990945 
980 186 34 40 0.9990356 
239 235 22 27 0.99180436 
802 166 40 49 0.98949534 
161 249 17 20 0.9849145 
141 251 13 16 0.96413356 
193 241 21 22 0.95074075 
421 249 21 24 0.8978249 
486 234 17 20 0.83490825 
706 245 16 19 0.7980004 
747 244 15 20 0.7615223 
293 243 14 17 0.67911696 
509 243 14 16 0.67678565 
120 245 12 14 0.62153184 
670 239 9 11 0.59161824 
689 253 10 12 0.40880936 
358 242 13 18 0.3367627 
-58 282 515 338 0.24736494 
864 230 45 47 0.24011676 
461 252 10 11 0.19012673 
717 222 11 14 0.1781033 
406 242 13 16 0.17555046 
421 223 11 13 0.15498729 
375 252 10 13 0.14105584 
677 238 8 11 0.13222636 
220 252 12 14 0.13121307 
859 231 30 31 0.12549713 
725 219 12 14 0.1153219 
349 237 24 30 0.11189255 
80 229 9 12 0.11058028 
104 253 9 10 0.087932415 
68 240 10 12 0.08243301 
150 229 9 12 0.081240654 
756 239 10 14 0.08120601 
64 244 9 11 0.07071027 
1012 12 10 16 0.07023279 
124 248 10 15 0.069074646 
472 251 9 12 0.06366588 
181 258 11 14 0.06361502 
380 251 9 11 0.061416093 
693 247 11 15 0.06140366 
146 247 12 15 0.05740848 
131 229 10 12 0.05291381 
170 252 11 16 0.05167029 
507 251 18 22 0.050057802 
54 232 8 10 0.04645051 
590 371 153 186 0.04626938 
458 248 9 11 0.045658518 
81 235 9 12 0.045305792 
714 244 10 14 0.044971503 
34 222 17 21 0.044968084 
415 255 24 31 0.043718096 
512 246 17 21 0.039283685 
725 267 8 11 0.036099903 
406 248 14 20 0.035826683 
214 227 13 17 0.035248406 
110 252 10 11 0.034981128 
365 248 13 18 0.034965 
652 246 10 12 0.034116656 
697 223 8 10 0.03411571 
57 238 8 11 0.03409014 
326 289 23 30 0.033358626 
120 190 9 10 0.032974612 
431 250 14 18 0.03207135 
113 246 9 12 0.031432062 
149 235 12 15 0.03105758 
501 237 18 24 0.030274514 
117 286 11 12 0.02946161 
731 220 10 12 0.029102677 
476 250 11 15 0.029088985 
149 295 12 13 0.027739864 
86 238 10 12 0.02739234 
789 175 30 36 0.026420202 
128 221 9 13 0.02626413 
648 239 9 11 0.025861563 
926 435 93 163 0.025799345 
97 246 9 11 0.025675498 
16 244 9 13 0.025443703 
71 251 9 11 0.02542738 
91 228 13 15 0.025141539 
30 219 15 20 0.024243928 
46 228 9 14 0.024206562 
445 237 10 12 0.023968974 
736 250 13 17 0.023889542 
679 243 11 14 0.023697456 
78 255 8 10 0.023652302 
126 215 9 11 0.023346763 
736 245 23 27 0.023098042 
718 237 10 14 0.02272826 
104 260 10 13 0.02266198 
595 242 18 20 0.022481129 
263 252 12 16 0.021931853 
417 227 11 13 0.021896537 
587 238 31 33 0.021733902 
402 244 11 14 0.02164905 
96 252 9 11 0.021595042 
288 250 12 17 0.021465963 
730 240 48 52 0.020889102 
64 232 8 10 0.020467646 
