0_Parade_marchingband_1_1045
221
660 267 31 41 0.99843746 
88 260 34 49 0.9936713 
942 259 41 56 0.9927395 
282 295 24 33 0.9671804 
586 254 29 42 0.96695954 
356 293 21 26 0.91416204 
180 315 20 26 0.8871999 
503 305 18 21 0.8719532 
438 304 15 20 0.80836403 
384 299 16 19 0.7529095 
149 320 14 20 0.7397718 
202 322 13 19 0.7323903 
468 293 13 16 0.6515689 
756 307 15 18 0.6381672 
420 308 11 13 0.6123916 
776 298 12 15 0.58046037 
693 257 21 28 0.53983676 
0 312 14 23 0.46478093 
212 307 12 17 0.42182982 
332 308 10 13 0.40290835 
484 310 13 16 0.3333529 
238 316 12 16 0.32880366 
465 317 10 14 0.2962544 
395 268 11 15 0.23153749 
314 287 10 13 0.21633033 
943 193 27 32 0.2048873 
463 296 13 17 0.20215473 
140 325 17 21 0.19812019 
244 315 11 16 0.1966234 
777 326 10 13 0.16140273 
57 290 15 20 0.15647615 
596 307 15 17 0.15185614 
233 285 10 15 0.14853142 
844 308 12 16 0.14820428 
307 300 13 19 0.12843208 
446 261 16 21 0.12835717 
292 298 19 26 0.1254669 
271 300 26 30 0.113254674 
220 245 9 12 0.11096903 
407 279 10 13 0.10705221 
791 301 10 14 0.103007 
213 311 15 21 0.102043435 
236 291 12 17 0.09498394 
328 302 12 15 0.094236456 
680 258 25 32 0.09301427 
138 306 15 18 0.08831732 
245 299 12 17 0.08540097 
884 318 10 13 0.082423285 
173 237 14 17 0.07813873 
883 323 12 17 0.075787745 
533 296 12 15 0.07358463 
144 398 10 13 0.07319602 
269 306 17 21 0.0699182 
512 307 13 16 0.06953005 
437 351 10 12 0.06834451 
229 259 9 13 0.0663726 
584 290 30 35 0.065081984 
880 317 10 12 0.063494824 
365 259 10 13 0.06339746 
300 276 10 14 0.063224114 
12 296 11 13 0.061851002 
813 279 8 11 0.061348137 
865 326 8 12 0.06010642 
484 279 13 15 0.060066916 
462 308 12 15 0.058967303 
780 324 11 12 0.058548383 
634 33 14 18 0.05735839 
415 280 9 11 0.0572307 
348 257 13 16 0.056318093 
329 294 10 14 0.05519113 
494 307 16 18 0.05512443 
115 312 17 22 0.05419638 
990 0 11 10 0.05373197 
503 267 13 16 0.052508816 
433 306 13 17 0.05140893 
245 320 14 18 0.05127694 
759 298 18 24 0.05044888 
872 318 9 12 0.050320685 
326 313 13 17 0.050222836 
790 325 9 11 0.04844406 
405 317 13 16 0.047731947 
840 303 11 14 0.047634795 
284 243 14 20 0.047530152 
188 217 14 16 0.04594779 
762 311 12 15 0.045841 
529 292 12 16 0.045091502 
406 268 11 13 0.04498903 
372 298 13 18 0.043192726 
741 353 12 14 0.042730276 
364 346 11 14 0.04176451 
193 317 18 24 0.04152888 
414 315 11 14 0.041296083 
802 254 8 11 0.041252144 
264 359 25 29 0.040973388 
570 263 31 37 0.040126536 
753 238 11 14 0.040105134 
548 300 26 28 0.038778957 
444 310 12 17 0.038707 
391 261 13 18 0.03827525 
415 302 12 16 0.0382667 
172 370 15 20 0.037998788 
420 284 10 13 0.037932005 
148 396 11 14 0.037583005 
276 344 17 19 0.036942236 
412 293 11 15 0.036877856 
34 178 39 67 0.036566645 
135 314 16 21 0.036189377 
295 269 11 14 0.03534881 
276 246 17 22 0.03528386 
431 334 11 13 0.03526023 
389 342 10 13 0.035073318 
185 281 12 16 0.034967206 
457 380 9 12 0.034653533 
215 241 11 14 0.0346472 
360 258 11 14 0.03456927 
778 331 12 14 0.033972785 
815 303 9 11 0.033713307 
505 348 11 14 0.033281326 
599 260 29 40 0.032968257 
222 420 16 18 0.032873105 
197 258 14 18 0.03274414 
206 316 18 25 0.03240755 
157 397 11 14 0.032344356 
497 268 10 14 0.032344338 
352 299 15 19 0.032009065 
416 303 19 23 0.03165868 
276 258 14 17 0.03160397 
246 294 19 27 0.031262908 
398 274 11 14 0.03125179 
400 318 11 15 0.03109789 
764 274 12 15 0.031049533 
488 359 10 11 0.030840289 
311 265 13 18 0.030459076 
789 276 10 13 0.030438652 
411 322 11 14 0.030393543 
392 272 11 14 0.030352006 
364 287 15 21 0.030162422 
734 299 9 11 0.029484646 
174 354 15 20 0.029378803 
334 284 12 17 0.02935157 
784 277 10 12 0.029070392 
480 283 10 13 0.028887795 
205 244 12 15 0.028724201 
408 300 10 14 0.02869917 
504 340 12 15 0.028632574 
455 298 13 18 0.028630769 
725 284 8 11 0.028483603 
473 299 14 18 0.028430244 
798 319 9 11 0.028330354 
224 253 10 13 0.028130883 
467 325 11 13 0.028063897 
407 309 10 13 0.027637048 
448 237 8 11 0.027432589 
293 260 11 15 0.027402077 
704 264 15 20 0.026763692 
276 354 17 21 0.026709115 
231 280 19 25 0.026553676 
452 270 14 19 0.025924388 
850 314 12 15 0.025866043 
644 271 30 32 0.025807621 
767 332 9 12 0.025711952 
275 364 16 20 0.025619663 
814 284 8 11 0.025511472 
446 248 8 10 0.025497828 
374 269 9 11 0.02504113 
242 302 19 26 0.024918996 
724 320 14 19 0.024879897 
178 374 15 18 0.02487237 
184 277 21 27 0.024565604 
816 325 8 10 0.024487393 
246 328 16 19 0.024453273 
59 282 23 30 0.024432559 
846 324 10 13 0.02429983 
775 320 12 14 0.024212096 
470 334 10 14 0.024153734 
270 345 14 19 0.024009656 
335 239 9 10 0.02398857 
840 334 10 13 0.023907498 
268 248 16 21 0.023809293 
864 319 9 12 0.023401894 
748 264 10 12 0.023078693 
285 255 13 19 0.02304451 
122 307 15 20 0.02303323 
197 415 10 12 0.023020979 
544 259 12 18 0.022955265 
309 286 19 23 0.022907123 
330 289 17 25 0.022833837 
766 325 12 15 0.022655608 
680 203 10 12 0.022216253 
195 219 13 15 0.022144193 
218 317 14 20 0.02207829 
97 210 22 32 0.02199781 
290 249 13 19 0.02185976 
998 308 24 41 0.021810472 
663 339 40 50 0.021774245 
841 313 13 16 0.021760521 
359 269 12 14 0.021746265 
876 320 21 27 0.0216758 
399 284 11 13 0.021526886 
365 363 12 15 0.021459421 
230 318 15 19 0.021306353 
46 293 12 16 0.02125 
379 312 16 19 0.021097882 
453 315 12 16 0.021058299 
817 319 8 10 0.021005461 
809 272 8 10 0.020912213 
790 319 10 12 0.02086884 
982 231 36 43 0.020851007 
262 310 18 20 0.020846905 
148 308 13 19 0.020783965 
525 238 26 34 0.020728048 
462 338 13 16 0.020658897 
781 304 13 16 0.020603802 
3 301 14 18 0.020598259 
527 287 19 25 0.020343043 
296 271 19 25 0.020341268 
249 314 15 18 0.020294214 
449 340 8 12 0.020281306 
783 286 10 11 0.020280859 
214 239 20 23 0.020137606 
493 277 11 13 0.0200894 
