0_Parade_marchingband_1_822
48
636 135 60 72 0.9983108 
181 101 66 99 0.9980842 
878 71 65 76 0.9972646 
751 96 34 42 0.9958389 
441 129 57 66 0.99074286 
364 146 49 58 0.6232459 
415 80 48 60 0.44688094 
641 424 101 114 0.38917732 
813 74 23 31 0.12053815 
363 104 53 70 0.08295455 
841 91 46 53 0.08240901 
387 81 48 68 0.0791262 
267 176 25 33 0.06609771 
421 150 53 66 0.064854965 
556 200 53 56 0.059350923 
306 148 34 38 0.05529221 
707 474 19 19 0.052094966 
468 141 34 38 0.048932727 
367 116 34 41 0.046901178 
405 103 35 43 0.044289056 
589 208 57 59 0.042837046 
289 139 59 64 0.041638616 
265 160 43 58 0.041617617 
813 82 39 48 0.035560574 
752 119 33 39 0.035109557 
341 130 83 89 0.03346857 
57 235 25 32 0.029550055 
397 65 77 97 0.029250836 
827 101 33 39 0.028123407 
293 127 94 96 0.028117236 
318 68 81 100 0.02810962 
763 155 52 71 0.025875881 
63 232 10 13 0.025787128 
383 197 52 63 0.025763396 
941 90 14 18 0.024603173 
800 92 38 51 0.024573201 
1012 355 12 22 0.024491401 
61 237 14 18 0.02436384 
377 125 34 42 0.02436348 
288 63 78 99 0.02416486 
731 103 10 14 0.022737639 
564 236 16 17 0.022444768 
365 134 36 47 0.021250287 
441 137 35 43 0.021065839 
269 171 17 22 0.020531211 
491 153 15 19 0.020470414 
789 123 41 52 0.020340629 
380 104 32 42 0.020262575 
