0_Parade_marchingband_1_309
264
497 73 36 39 0.9976319 
45 84 26 28 0.9945781 
386 94 30 34 0.9835745 
955 84 24 27 0.8707634 
125 113 26 31 0.8668501 
845 95 26 31 0.81487596 
438 91 24 29 0.77342016 
272 94 23 28 0.7620852 
210 87 24 31 0.6806656 
891 94 25 29 0.6515451 
611 100 27 35 0.6501171 
297 96 19 22 0.60261947 
818 106 26 30 0.5988375 
920 104 23 28 0.59103197 
907 32 14 18 0.58523685 
29 17 18 24 0.4145738 
983 89 22 30 0.41360685 
730 91 24 28 0.38156578 
49 43 18 22 0.36238664 
70 56 20 24 0.3485517 
169 50 24 28 0.30707777 
115 0 14 12 0.29196942 
1009 137 14 22 0.24422793 
709 106 23 27 0.23038173 
796 57 29 33 0.23036541 
143 82 17 21 0.22625062 
410 52 24 29 0.21481167 
488 46 35 36 0.21099745 
102 145 21 29 0.20386969 
640 0 22 20 0.20367186 
193 105 16 21 0.1971383 
668 81 17 21 0.17587678 
981 19 15 20 0.1687742 
0 84 12 18 0.16434811 
2 74 15 19 0.16172476 
25 63 18 23 0.15236177 
90 90 17 19 0.1498625 
590 94 17 22 0.14835396 
833 99 27 32 0.14455082 
717 96 25 30 0.1428857 
900 95 29 33 0.14212893 
958 4 15 18 0.13867547 
307 52 12 16 0.13597636 
9 29 16 21 0.13552608 
664 69 23 29 0.13459302 
578 7 28 33 0.13441972 
762 100 15 19 0.13176651 
982 67 21 28 0.122454196 
305 95 23 27 0.11161192 
315 11 13 17 0.107608534 
674 94 15 19 0.10652173 
638 131 11 14 0.09969918 
19 0 16 14 0.097736634 
693 161 18 23 0.09647807 
18 107 14 18 0.094943374 
545 87 23 30 0.09098772 
599 94 24 31 0.09085007 
458 1 26 26 0.08885766 
599 137 24 31 0.08585868 
908 70 23 26 0.0824921 
715 118 17 22 0.081000656 
41 14 20 28 0.07519863 
196 96 22 30 0.07464911 
757 103 22 28 0.07452532 
193 0 19 19 0.07311413 
147 127 24 27 0.0715713 
369 120 15 17 0.06888971 
592 19 18 20 0.0636712 
644 1 33 30 0.06292814 
976 24 14 19 0.062728286 
553 89 15 19 0.06246383 
726 93 17 21 0.062021267 
183 42 22 28 0.061724633 
259 0 17 14 0.061314832 
155 150 26 33 0.06084494 
15 3 27 25 0.06026366 
744 99 26 33 0.059716433 
52 17 15 21 0.059437815 
706 50 28 32 0.05716172 
408 39 24 29 0.05674845 
291 1 17 18 0.055829596 
123 51 17 21 0.055748332 
554 0 15 17 0.05539378 
419 115 13 16 0.055295005 
350 166 24 32 0.055147532 
217 92 28 35 0.054883197 
966 88 23 30 0.05387621 
34 0 17 13 0.053661644 
621 107 27 36 0.051980134 
317 83 13 15 0.051770385 
685 77 16 23 0.05175715 
319 113 12 15 0.05169825 
782 108 10 14 0.051481575 
29 132 14 20 0.05045242 
358 116 16 20 0.049345452 
1003 -3 18 22 0.049313083 
325 123 10 13 0.049046118 
769 106 13 17 0.047601562 
66 65 23 29 0.047463186 
898 76 27 36 0.047320947 
669 54 24 31 0.047168765 
710 101 16 20 0.046341576 
1003 218 17 23 0.045956507 
17 102 13 16 0.04549077 
423 73 39 49 0.044916615 
252 24 15 20 0.044717327 
658 58 25 31 0.04434873 
176 61 17 22 0.04429621 
607 60 22 26 0.043109637 
796 140 12 14 0.04292732 
296 83 24 28 0.042610988 
619 59 16 20 0.0425349 
541 99 15 18 0.04202206 
738 83 18 22 0.041493703 
237 133 11 14 0.040909797 
298 78 15 16 0.040730383 
259 116 13 16 0.04035726 
742 76 14 17 0.04006747 
686 46 40 50 0.039803952 
957 114 16 18 0.039626174 
350 123 14 18 0.03958613 
172 35 26 32 0.03925217 
402 87 42 51 0.038994595 
699 132 17 22 0.03841242 
253 66 16 19 0.03833237 
801 153 15 21 0.038290657 
956 76 17 21 0.038025394 
69 43 24 28 0.0379815 
814 110 19 22 0.037362743 
801 51 19 20 0.036634915 
86 95 24 30 0.035965066 
719 41 24 30 0.035509188 
183 108 23 27 0.03528598 
958 104 17 20 0.0352608 
324 116 11 13 0.034844466 
181 53 21 29 0.034703672 
251 -1 18 14 0.034653407 
324 108 12 16 0.03404335 
8 0 25 20 0.033667628 
340 0 14 13 0.03364298 
765 36 22 28 0.033582043 
139 9 17 20 0.03345743 
580 114 28 35 0.032830156 
993 88 17 23 0.032717723 
162 0 15 13 0.032363947 
918 141 14 19 0.032268655 
369 193 28 32 0.03212131 
5 0 15 15 0.032096207 
57 77 25 30 0.032071475 
189 65 15 20 0.031994652 
3 9 24 30 0.031961527 
243 1 17 16 0.031861093 
497 48 21 23 0.03157404 
237 93 12 14 0.031431302 
895 60 13 15 0.031001288 
417 60 26 32 0.03095887 
17 116 22 29 0.030768268 
318 121 13 16 0.03049543 
817 100 19 23 0.03016404 
374 49 22 28 0.030029042 
81 56 18 22 0.030001525 
414 109 24 30 0.029729022 
585 1 18 23 0.029711796 
387 71 40 48 0.0295471 
368 88 43 55 0.029473746 
911 88 28 34 0.029374449 
986 15 13 16 0.029364625 
41 0 16 17 0.029079244 
831 111 17 22 0.028757216 
585 139 32 37 0.02834379 
139 126 18 22 0.028261714 
332 107 12 14 0.02821526 
122 107 20 24 0.028119998 
839 84 26 32 0.028026026 
114 118 26 33 0.02801783 
850 53 16 19 0.027708586 
481 54 37 46 0.027259713 
150 124 15 19 0.027017431 
9 65 21 26 0.027006514 
581 95 16 21 0.026964474 
678 62 24 34 0.026825566 
305 48 11 12 0.026789993 
274 106 18 22 0.02638087 
318 102 20 26 0.026170366 
916 186 26 31 0.026091326 
435 83 19 24 0.025923092 
167 45 46 54 0.025831854 
310 124 12 16 0.02578762 
954 117 24 29 0.025771063 
379 0 18 17 0.02575926 
407 49 16 21 0.025701288 
2 -2 46 43 0.02568865 
599 68 25 30 0.025276415 
963 0 16 16 0.025271188 
703 82 42 50 0.025149202 
644 100 11 14 0.025105951 
342 43 11 13 0.025031643 
4 104 21 28 0.025026102 
896 62 24 28 0.024883619 
547 102 16 20 0.024848193 
852 115 24 30 0.024822215 
220 78 12 15 0.02449956 
138 111 24 31 0.024498086 
895 90 49 58 0.02447024 
771 124 11 15 0.02408537 
659 117 24 31 0.02406464 
277 99 27 30 0.02403504 
2 112 14 19 0.024027267 
838 97 17 22 0.023898404 
814 98 45 55 0.0236431 
574 98 15 18 0.023619466 
696 60 42 52 0.023599537 
362 76 13 17 0.023458065 
206 93 17 24 0.023385588 
880 58 25 29 0.023225097 
246 52 26 31 0.023168596 
503 44 18 19 0.02310557 
285 142 16 21 0.023020554 
398 38 40 47 0.022949621 
82 11 17 18 0.022945229 
406 33 15 18 0.022887083 
415 129 14 19 0.022838926 
501 128 28 29 0.022755776 
809 83 41 49 0.022712942 
346 71 17 21 0.022698365 
663 94 27 32 0.022379363 
369 50 11 15 0.02237547 
29 123 24 31 0.022369176 
229 97 25 32 0.022340758 
675 79 23 30 0.022223467 
594 100 17 23 0.022124892 
341 68 15 20 0.022093069 
401 65 29 34 0.021996416 
236 99 15 18 0.021979803 
354 120 23 29 0.021916391 
612 93 16 19 0.02188621 
102 125 25 32 0.021857267 
968 8 22 27 0.0218222 
99 70 22 27 0.021671476 
601 107 29 38 0.021544183 
318 114 22 29 0.021539142 
0 10 12 19 0.02152628 
393 83 20 23 0.02151245 
756 121 15 18 0.021451024 
47 63 27 36 0.021211773 
438 56 26 33 0.021110246 
646 67 14 18 0.021045756 
227 103 15 20 0.021003503 
783 113 11 16 0.020930087 
590 4 28 31 0.020908376 
708 44 18 21 0.020889727 
219 2 15 18 0.020859813 
653 130 13 19 0.02080941 
635 115 15 19 0.020799458 
405 67 41 47 0.020714125 
981 79 18 24 0.020696664 
324 41 16 18 0.020545961 
56 46 18 22 0.020481981 
445 65 39 49 0.020342927 
615 64 23 28 0.020281 
263 98 15 18 0.020189606 
423 103 28 36 0.020106252 
668 101 16 20 0.020062994 
399 99 29 34 0.020030538 
