0_Parade_Parade_0_247
390
69 429 9 12 0.46599847 
312 419 9 12 0.4374337 
80 469 12 15 0.29982018 
52 490 14 16 0.24715926 
988 445 18 22 0.2378444 
125 494 12 17 0.2334079 
39 446 11 13 0.1954824 
891 450 10 13 0.19027556 
46 452 10 12 0.18166941 
879 488 9 13 0.18000759 
100 440 11 14 0.17587826 
733 157 15 15 0.17154759 
917 438 12 15 0.14823388 
560 360 9 11 0.14354712 
821 437 10 14 0.13965456 
79 8 376 428 0.13747153 
254 447 8 10 0.13417958 
543 455 7 9 0.12709978 
522 454 6 9 0.12551638 
415 464 8 9 0.121152215 
17 494 10 12 0.11951461 
54 452 9 11 0.1129278 
710 465 8 10 0.111553326 
400 361 10 11 0.101309516 
343 455 6 9 0.10105214 
352 470 8 9 0.09882532 
35 437 10 13 0.09590106 
351 464 7 9 0.09525326 
473 456 7 10 0.0939565 
576 464 7 9 0.09349153 
765 494 8 10 0.09206756 
514 470 6 8 0.08976825 
599 464 6 8 0.088888966 
136 434 7 10 0.08885912 
173 438 14 15 0.0884034 
455 431 8 10 0.08785274 
58 488 12 14 0.08578457 
465 448 6 8 0.08448821 
293 486 8 11 0.0809889 
462 481 8 10 0.080152586 
513 465 6 9 0.07974952 
648 508 8 11 0.07920823 
503 471 7 8 0.07894281 
583 329 13 17 0.07811168 
616 454 7 9 0.07740344 
791 430 10 14 0.0772448 
576 350 11 13 0.076654665 
862 447 9 10 0.07478853 
521 450 7 9 0.07331033 
788 381 16 17 0.07322776 
478 456 7 10 0.07318425 
168 443 12 15 0.071758784 
710 446 8 10 0.071000695 
489 471 7 9 0.06996842 
497 455 7 8 0.06993719 
551 464 7 8 0.06812269 
563 471 7 9 0.067519166 
717 496 8 11 0.06662379 
994 294 29 36 0.0665672 
235 87 246 257 0.06638188 
665 455 7 10 0.06583872 
478 480 8 10 0.064851336 
15 452 9 12 0.064629674 
198 12 25 29 0.06434567 
760 493 8 9 0.06360937 
76 451 9 12 0.06299764 
595 465 6 9 0.062303454 
315 416 11 14 0.060830418 
400 456 7 9 0.060621567 
22 445 9 12 0.060079247 
496 479 8 10 0.05974121 
386 423 8 10 0.058924932 
538 463 7 8 0.058654103 
329 463 8 9 0.058150824 
704 448 9 11 0.056204904 
342 472 7 9 0.05581289 
338 138 132 146 0.055676073 
863 487 9 14 0.0556236 
539 455 7 9 0.055064406 
519 470 6 8 0.054869764 
294 438 8 11 0.054483533 
621 487 9 12 0.054076184 
554 480 7 9 0.05272473 
902 444 10 12 0.052111387 
416 448 7 9 0.05148614 
663 342 37 51 0.051162597 
350 167 30 29 0.049437124 
607 334 11 14 0.049386404 
303 445 9 11 0.049337156 
587 317 13 16 0.049138576 
543 461 6 9 0.048078373 
829 363 14 17 0.04800709 
550 376 7 10 0.04742632 
731 154 25 25 0.047284696 
102 449 11 13 0.0470477 
65 425 10 12 0.046174135 
17 489 9 11 0.046051275 
440 447 8 9 0.045608755 
559 480 7 10 0.045490935 
757 454 7 10 0.0454721 
901 254 33 54 0.044177603 
176 459 12 15 0.04377751 
544 472 7 9 0.042790733 
584 489 7 9 0.04246368 
496 463 7 9 0.042352278 
972 493 16 22 0.042299807 
360 455 7 9 0.04200798 
751 505 10 11 0.041824006 
346 462 7 9 0.041803095 
552 471 7 9 0.0415026 
504 465 7 9 0.041260466 
328 447 8 10 0.041253757 
287 232 29 40 0.041065056 
882 113 22 33 0.04102287 
496 449 8 9 0.040840093 
180 438 11 12 0.040716413 
665 478 8 11 0.040714405 
470 438 7 9 0.04069445 
296 470 8 9 0.04055893 
576 469 8 10 0.040411305 
727 518 8 9 0.04029064 
616 470 7 9 0.040282827 
601 480 7 9 0.039939146 
281 439 8 10 0.039857607 
622 429 7 10 0.039257735 
780 319 15 17 0.039223645 
854 355 14 19 0.03918634 
171 451 15 17 0.03909991 
288 437 8 11 0.038967095 
45 421 11 13 0.0389267 
860 355 15 19 0.038908757 
337 470 8 10 0.038775604 
702 480 7 9 0.0387545 
720 513 7 8 0.038736798 
470 433 7 10 0.03836665 
670 473 8 10 0.038224265 
713 379 11 12 0.03816754 
456 439 7 9 0.03803579 
232 494 10 13 0.03792 
804 400 15 20 0.03768681 
799 396 13 17 0.037580047 
529 480 8 9 0.03749333 
705 463 9 11 0.03740691 
121 453 11 12 0.037264332 
617 425 8 9 0.037191093 
246 463 7 9 0.03708496 
549 456 7 9 0.036606755 
543 438 6 9 0.036365032 
999 172 23 30 0.0363245 
655 463 8 10 0.03628156 
537 471 7 9 0.036205724 
130 437 8 10 0.03582599 
593 469 6 9 0.035381082 
687 419 9 11 0.035022363 
296 445 8 11 0.034543972 
577 489 8 9 0.034320764 
248 455 8 9 0.034220714 
669 454 8 10 0.03409915 
517 414 9 11 0.033857632 
712 10 24 31 0.03377342 
795 386 14 16 0.033724688 
581 336 13 17 0.033722363 
441 431 7 10 0.033650406 
405 360 8 10 0.033512235 
393 447 7 9 0.03340732 
448 454 7 8 0.033389047 
537 449 7 8 0.033346858 
872 414 10 13 0.0332615 
568 465 8 9 0.0330769 
466 454 7 10 0.032897614 
637 326 11 15 0.03280479 
980 494 16 22 0.03271189 
352 456 7 9 0.03258833 
605 480 7 8 0.032564834 
621 425 7 9 0.032469194 
882 101 124 153 0.03230857 
86 503 23 35 0.031921286 
415 351 7 10 0.031864483 
344 448 7 9 0.03166658 
576 343 10 13 0.031390924 
754 493 8 10 0.03119551 
341 478 8 9 0.030864596 
528 199 15 18 0.03085605 
53 499 12 14 0.030610995 
36 431 11 13 0.030601874 
6 443 12 15 0.030600235 
168 438 21 24 0.03055145 
632 469 7 9 0.030492906 
553 325 9 11 0.030421166 
832 422 10 12 0.030337246 
327 439 7 9 0.030310117 
622 479 7 10 0.030088043 
496 471 7 8 0.03000415 
337 454 7 9 0.03000285 
18 496 14 16 0.029553823 
273 440 7 9 0.02950893 
261 431 8 10 0.029490815 
698 180 20 22 0.029472245 
109 508 11 13 0.029229354 
616 463 7 10 0.029210916 
513 479 7 9 0.029110413 
947 466 18 21 0.028970763 
999 179 13 18 0.028931694 
554 484 7 10 0.028876856 
358 473 8 9 0.0287968 
88 496 40 52 0.02878336 
865 397 9 11 0.028681919 
541 310 8 10 0.028593076 
410 464 7 9 0.028546864 
322 439 8 10 0.028484026 
87 509 13 19 0.028419368 
100 502 15 20 0.02841089 
942 465 15 19 0.028311078 
74 467 12 17 0.02824072 
862 429 9 11 0.028155519 
737 438 8 10 0.028015647 
502 479 8 9 0.02795074 
645 192 17 22 0.027934607 
127 145 52 59 0.027753662 
617 449 6 9 0.027636904 
797 330 17 24 0.027497904 
277 494 9 12 0.027408553 
293 217 17 21 0.027287489 
665 448 7 10 0.027129317 
335 464 6 8 0.02700714 
733 480 8 10 0.026902718 
801 55 50 63 0.026816217 
418 455 6 8 0.026751336 
609 472 6 8 0.026592497 
479 484 9 11 0.026581109 
108 453 11 12 0.026566058 
649 448 7 8 0.02656291 
982 187 39 56 0.026559714 
520 463 7 9 0.026402714 
343 174 27 30 0.026391903 
477 540 11 13 0.026372354 
551 496 7 8 0.026280181 
488 448 6 8 0.026264288 
934 435 11 15 0.026157647 
128 474 10 14 0.026079802 
294 419 11 14 0.025993587 
943 459 12 16 0.025884464 
438 397 9 10 0.025854224 
913 443 12 15 0.025852771 
752 520 10 13 0.025851581 
802 389 15 17 0.025847284 
874 419 13 15 0.025831426 
519 421 8 10 0.025737867 
327 431 8 10 0.025715536 
601 487 8 10 0.025672507 
831 70 50 56 0.025591504 
786 220 16 19 0.025545467 
623 464 7 10 0.025516178 
831 428 9 11 0.025487617 
60 447 10 12 0.025402235 
401 390 9 11 0.025379308 
733 123 10 12 0.025367077 
207 17 28 31 0.025215257 
11 430 12 15 0.025188547 
416 441 7 9 0.025166193 
508 309 9 11 0.025125224 
464 432 8 11 0.025112068 
95 499 24 32 0.02499487 
745 520 7 10 0.024972308 
892 47 39 54 0.024968356 
261 191 14 16 0.0248354 
811 399 16 21 0.0248242 
525 455 6 9 0.024817742 
156 485 12 15 0.024610579 
512 486 8 9 0.024559056 
553 319 9 11 0.024440292 
304 472 7 9 0.024425123 
7 436 12 14 0.024339361 
557 323 9 12 0.024309734 
826 436 11 14 0.024285426 
615 440 8 9 0.024275228 
962 284 32 44 0.024273252 
451 173 18 20 0.024270032 
759 519 10 13 0.024221208 
623 470 6 9 0.024194798 
849 86 52 58 0.024174675 
289 445 8 10 0.024108857 
473 479 8 9 0.024100278 
480 440 6 8 0.024062257 
816 444 11 15 0.02397789 
96 431 9 12 0.023947064 
895 431 8 11 0.023925954 
96 448 11 15 0.023901451 
606 487 7 10 0.023883335 
374 431 7 9 0.023784949 
447 469 8 11 0.023772802 
322 445 8 10 0.023735443 
126 486 12 17 0.023729881 
439 439 7 9 0.023670267 
489 478 9 11 0.023513164 
-20 296 102 153 0.023424204 
871 487 11 13 0.02336734 
784 323 24 30 0.023366557 
335 448 7 10 0.023343273 
32 441 12 16 0.023335041 
73 448 9 12 0.023322405 
724 33 46 56 0.023293816 
815 432 11 14 0.023081344 
745 503 9 11 0.023069656 
565 365 8 10 0.02305267 
48 487 23 28 0.023045808 
550 293 8 10 0.022984222 
395 455 6 10 0.022983473 
165 459 12 16 0.022923354 
135 445 10 14 0.022895291 
353 477 8 10 0.022846134 
843 3 16 17 0.022822345 
263 470 8 10 0.022708558 
263 454 9 11 0.022560772 
0 283 57 92 0.02255894 
665 485 7 9 0.022491368 
94 505 15 19 0.022478916 
394 364 10 12 0.022471389 
801 463 8 11 0.022406362 
727 158 16 19 0.022394685 
828 46 43 52 0.022377891 
560 305 8 10 0.022372723 
895 485 14 17 0.022370918 
503 449 8 9 0.022341475 
296 164 118 131 0.022297164 
822 389 15 20 0.022199314 
945 470 29 34 0.022127489 
988 142 23 30 0.022122432 
124 457 12 15 0.022117171 
434 439 7 10 0.022107013 
969 297 37 43 0.022094361 
981 453 23 27 0.022011634 
647 495 7 9 0.021974977 
542 478 8 10 0.02195378 
96 440 18 22 0.021952933 
302 464 7 10 0.021932876 
738 150 17 18 0.021927169 
409 448 7 10 0.021716932 
664 460 8 10 0.021715337 
696 412 11 14 0.021686247 
305 477 7 10 0.02165651 
558 318 10 12 0.02165006 
805 199 16 21 0.021625591 
290 218 29 36 0.021623159 
837 430 8 10 0.021608526 
344 440 7 9 0.021580111 
862 440 9 11 0.021342011 
305 420 11 13 0.021301504 
686 446 8 11 0.021299088 
619 347 12 15 0.021264905 
465 439 9 10 0.021260412 
830 21 29 36 0.021235771 
399 461 7 9 0.02119388 
669 449 8 9 0.021181732 
746 509 8 10 0.02116798 
447 448 6 9 0.021071646 
795 429 11 14 0.021059848 
759 502 9 11 0.021025602 
469 447 7 9 0.021006934 
297 464 8 9 0.020996563 
360 477 7 9 0.020952443 
640 480 8 9 0.020892387 
590 488 7 10 0.020832472 
358 447 8 8 0.02079966 
922 437 14 16 0.02072694 
403 364 9 12 0.020721631 
498 167 22 27 0.020675156 
584 311 10 14 0.020646848 
727 513 7 9 0.020606827 
255 440 9 11 0.020580923 
364 170 19 21 0.020484364 
535 486 8 10 0.02045101 
894 438 10 12 0.02036511 
618 480 7 9 0.02034532 
820 503 15 17 0.020312691 
490 424 8 9 0.020302469 
888 437 9 11 0.02029763 
783 385 15 17 0.020297373 
433 464 7 8 0.020263748 
942 232 30 37 0.02024648 
24 439 10 14 0.0202324 
567 315 12 14 0.020218499 
741 438 9 12 0.02019811 
535 392 6 9 0.0201767 
7 449 12 17 0.020149404 
646 479 8 10 0.020110628 
150 153 12 14 0.020100826 
53 421 9 12 0.02009194 
329 454 7 9 0.020069396 
915 431 13 16 0.020032227 
