0_Parade_marchingband_1_593
740
358 383 9 11 0.7337369 
802 302 7 10 0.7137176 
624 377 8 10 0.67544353 
445 347 10 12 0.6586112 
863 335 9 12 0.6567796 
648 302 9 12 0.6381191 
181 331 9 12 0.6100312 
533 292 9 11 0.60397744 
908 349 10 14 0.5869768 
392 377 9 12 0.5772105 
239 307 9 12 0.5693919 
697 347 9 11 0.5504465 
468 380 9 11 0.5407226 
437 287 9 11 0.53291494 
629 311 10 11 0.51351845 
487 308 8 10 0.49849245 
597 347 9 11 0.4914588 
542 376 7 9 0.4894929 
580 303 10 12 0.4762765 
753 328 8 11 0.46664608 
77 343 8 11 0.46052146 
475 341 9 11 0.45623556 
430 376 7 9 0.44195744 
502 293 9 11 0.43393752 
351 359 9 11 0.42330056 
273 303 8 11 0.41377097 
614 301 9 11 0.41033047 
471 312 8 10 0.4093728 
103 332 9 11 0.40154713 
624 337 8 11 0.39911798 
253 320 10 12 0.39444005 
229 359 8 10 0.39377725 
176 303 8 11 0.38463628 
318 321 8 10 0.38120946 
584 378 8 9 0.3776159 
592 285 10 12 0.37190685 
561 288 9 11 0.37188378 
153 336 9 11 0.37027687 
599 364 11 14 0.35257128 
222 321 9 10 0.35157025 
110 310 6 9 0.34704047 
542 326 8 10 0.3404119 
310 352 9 12 0.33748817 
477 336 9 11 0.33508748 
137 308 8 10 0.3331652 
196 351 9 12 0.32814407 
782 326 7 10 0.31888348 
455 302 8 11 0.29801685 
506 376 7 9 0.28417376 
726 352 7 9 0.27738443 
305 304 9 11 0.27232438 
503 288 9 11 0.27027515 
801 325 8 10 0.26717746 
599 317 9 11 0.2622773 
206 304 8 11 0.26215237 
373 323 8 11 0.26101127 
695 310 7 10 0.26099768 
653 341 8 10 0.25791085 
405 391 7 10 0.24969925 
761 345 8 10 0.2487302 
438 321 8 10 0.24659352 
405 320 8 11 0.23953126 
125 329 8 10 0.2372046 
504 326 8 11 0.23663771 
533 343 8 10 0.23609406 
265 359 8 10 0.23588759 
598 303 7 9 0.23572463 
269 359 7 9 0.22202109 
565 343 8 10 0.21667464 
722 294 7 9 0.2163957 
773 303 7 9 0.2108796 
593 270 8 10 0.20866595 
800 339 9 11 0.20844112 
176 308 9 11 0.20632824 
127 333 7 10 0.20602433 
535 301 8 11 0.20424516 
213 357 9 11 0.20260714 
345 318 8 10 0.19572084 
360 303 7 10 0.1928808 
632 294 7 9 0.19231057 
661 377 8 10 0.18974634 
632 342 8 10 0.1878237 
402 325 9 10 0.18123198 
677 336 7 11 0.1808652 
519 304 8 10 0.18046752 
141 309 8 11 0.18023282 
762 313 8 10 0.17661591 
141 305 8 9 0.1756597 
502 343 8 10 0.17098606 
519 309 9 10 0.16714461 
703 328 8 10 0.16632517 
157 351 8 11 0.16627131 
792 319 7 10 0.16557612 
360 309 8 10 0.1629429 
181 357 9 11 0.16058682 
376 336 9 11 0.15671021 
397 288 8 10 0.1547223 
305 287 7 9 0.15437157 
456 287 7 10 0.14550187 
271 386 8 10 0.14490038 
710 325 8 10 0.1439214 
210 333 7 10 0.13868119 
273 285 8 10 0.1386708 
560 301 9 11 0.1384654 
567 302 8 10 0.13831225 
230 407 9 11 0.13825493 
647 320 9 11 0.13787234 
538 376 7 9 0.13706462 
599 311 9 12 0.13698198 
191 354 9 12 0.13621277 
565 350 8 9 0.13044602 
701 345 8 10 0.13013032 
538 326 8 10 0.12882265 
448 373 8 10 0.12803681 
765 311 9 11 0.12721747 
359 344 7 9 0.12667228 
263 335 7 10 0.12125034 
567 327 9 11 0.120541975 
737 304 7 10 0.120027095 
153 395 9 10 0.11910253 
394 422 8 10 0.11821786 
775 310 7 9 0.117502354 
680 318 8 10 0.11622947 
576 335 9 10 0.1154017 
529 376 7 9 0.1151999 
352 325 8 10 0.11429386 
415 341 7 10 0.11390109 
350 319 7 10 0.112944804 
442 343 10 12 0.111582905 
519 327 9 11 0.11077786 
286 319 10 11 0.11033798 
393 415 8 10 0.10959665 
359 296 8 10 0.107622854 
613 287 8 10 0.10741004 
383 364 9 11 0.10710363 
599 325 9 12 0.106305055 
502 319 8 10 0.10486686 
805 326 8 10 0.103638746 
649 287 8 10 0.101005115 
625 317 9 13 0.10077504 
137 356 8 11 0.09970191 
297 342 8 10 0.09767051 
138 288 7 9 0.09592177 
471 297 8 9 0.09572417 
568 364 8 11 0.09556127 
631 304 9 11 0.09533851 
277 303 8 11 0.095011406 
479 326 8 9 0.09436987 
222 303 8 10 0.09411993 
569 319 8 10 0.09321637 
630 337 8 10 0.092890486 
511 352 9 11 0.09210174 
503 312 8 10 0.09187551 
399 292 7 9 0.09179788 
370 321 8 10 0.08969594 
214 352 8 10 0.08959181 
120 319 8 10 0.08914247 
489 351 8 11 0.088989615 
108 327 9 11 0.08826451 
503 300 9 10 0.08816648 
87 343 9 10 0.0880431 
654 319 8 10 0.08663161 
582 319 8 11 0.08634299 
815 333 8 10 0.086257786 
729 321 8 9 0.08623127 
543 332 9 11 0.08555385 
648 349 9 11 0.08496779 
541 321 8 10 0.084601335 
580 351 9 10 0.08448968 
447 327 8 10 0.08421541 
447 367 9 12 0.08415497 
337 327 7 9 0.08340091 
496 344 8 9 0.08280412 
153 353 9 12 0.08274897 
561 350 9 12 0.08248219 
557 356 9 12 0.08196659 
509 377 7 10 0.08179777 
564 294 8 11 0.08100669 
94 342 8 10 0.08090068 
593 302 8 11 0.080452204 
453 358 9 11 0.07970415 
214 334 7 10 0.078858174 
638 342 8 10 0.078816324 
597 295 8 11 0.07861685 
578 308 8 10 0.07844015 
594 344 10 12 0.07832874 
318 351 8 11 0.07826526 
401 303 8 10 0.078098685 
345 313 8 10 0.07800306 
695 294 8 10 0.07758489 
614 308 8 11 0.07733108 
505 271 7 10 0.07717896 
218 319 7 10 0.07681476 
560 327 8 10 0.07666468 
593 291 9 12 0.07661804 
528 358 8 11 0.0751695 
406 396 9 11 0.07498987 
309 287 7 10 0.074462585 
358 327 7 9 0.07401836 
800 321 8 10 0.0737828 
433 320 9 10 0.07371713 
312 335 8 11 0.073513605 
527 327 8 11 0.073381305 
466 311 8 11 0.073378034 
632 348 9 11 0.07290482 
513 303 8 10 0.072860554 
680 351 7 9 0.072744094 
143 317 8 10 0.07263811 
250 323 9 12 0.07251446 
726 334 8 10 0.07245975 
215 303 7 10 0.07227702 
653 287 8 10 0.07219431 
437 271 8 9 0.0719156 
448 355 10 12 0.071697 
575 319 8 11 0.07166343 
231 335 8 9 0.07130588 
430 333 9 12 0.07128001 
497 320 8 9 0.07108479 
254 303 8 10 0.071071185 
478 319 9 11 0.07096931 
283 319 7 9 0.07071249 
574 359 9 11 0.06933866 
729 326 7 9 0.06878942 
326 335 7 10 0.06864058 
890 382 9 11 0.068524525 
651 336 8 11 0.068443276 
410 358 7 9 0.06809677 
741 343 8 11 0.06790115 
225 392 9 11 0.067184374 
576 340 10 12 0.067022115 
680 313 9 11 0.066977985 
321 334 9 10 0.066943996 
232 410 9 12 0.06693301 
498 325 8 11 0.066787235 
414 357 8 10 0.066651165 
721 288 8 10 0.065894246 
208 317 9 10 0.06528875 
140 350 10 13 0.06440692 
638 335 8 10 0.06436317 
607 311 9 11 0.06425044 
615 352 9 10 0.064121425 
791 342 8 10 0.063799344 
223 343 8 10 0.06345896 
534 278 7 10 0.06327985 
279 358 7 10 0.06270398 
258 359 8 10 0.06268432 
208 293 7 10 0.06261383 
534 359 8 10 0.06252524 
648 296 9 11 0.06248959 
510 328 8 11 0.062349297 
472 302 8 10 0.062216397 
343 350 7 9 0.062177513 
688 296 7 9 0.061991893 
707 320 8 10 0.061457116 
137 315 9 11 0.06130222 
478 349 9 11 0.06099774 
765 344 8 10 0.060878698 
566 334 10 11 0.060606364 
777 350 8 10 0.060252123 
223 334 9 10 0.06010938 
177 352 8 11 0.060000725 
256 344 7 10 0.059964128 
398 382 8 11 0.059878796 
234 304 9 11 0.059835482 
297 336 7 9 0.059610177 
425 327 8 10 0.059586097 
519 317 8 10 0.05939655 
568 310 7 10 0.05749071 
344 343 8 11 0.057089753 
375 350 8 10 0.057028327 
641 302 8 11 0.05637509 
177 364 9 11 0.056155425 
455 307 9 12 0.05607447 
241 408 9 11 0.05595472 
688 311 9 10 0.055892143 
396 375 8 11 0.055427402 
431 342 8 12 0.0554255 
631 289 9 11 0.055183847 
505 357 8 12 0.054601576 
611 294 10 12 0.054601297 
605 342 8 11 0.054519977 
698 327 8 11 0.054377716 
367 366 8 10 0.054326154 
856 294 8 10 0.054194525 
456 296 8 10 0.053916104 
273 297 8 10 0.05383827 
504 350 8 11 0.053824857 
673 339 9 12 0.053787533 
533 349 9 11 0.053775594 
535 335 9 12 0.05321334 
561 334 8 10 0.053132657 
671 358 8 10 0.05283979 
806 320 7 9 0.052393883 
74 347 9 11 0.05237113 
126 317 8 10 0.05197301 
135 342 8 10 0.05144075 
606 316 8 11 0.05117673 
734 321 8 9 0.051161233 
681 297 9 11 0.051073607 
208 289 8 10 0.05106568 
384 416 8 9 0.05097017 
230 320 7 9 0.05050248 
477 366 9 10 0.0504884 
518 288 8 10 0.050363455 
361 280 7 10 0.050242037 
294 319 8 10 0.05024198 
123 331 8 12 0.050131895 
178 326 11 15 0.050084144 
384 393 8 10 0.049804334 
722 279 6 9 0.04971794 
778 319 8 11 0.049529795 
623 325 8 10 0.04949947 
655 359 9 13 0.04945047 
376 398 7 9 0.049363367 
493 350 9 12 0.04927117 
309 306 8 11 0.04924057 
437 302 9 11 0.049174156 
565 272 8 10 0.04914213 
768 296 8 10 0.0489557 
409 342 8 11 0.0487909 
687 318 8 10 0.04848065 
315 323 8 11 0.047927663 
224 352 7 9 0.047726166 
431 325 9 11 0.047647536 
433 358 8 11 0.047411356 
167 318 10 11 0.047315143 
722 334 7 10 0.04717488 
624 358 9 12 0.047126416 
559 320 7 9 0.047029946 
364 423 8 11 0.046736516 
402 349 8 10 0.046573963 
225 405 10 12 0.046437778 
653 309 8 11 0.04627517 
499 295 8 10 0.04626932 
248 359 7 9 0.046215523 
327 399 9 11 0.04601973 
487 317 8 11 0.0459366 
537 308 9 10 0.04585725 
225 396 11 13 0.04582606 
238 289 8 9 0.045729928 
628 375 8 11 0.04569217 
328 405 9 11 0.045659993 
848 295 8 10 0.045605946 
271 318 8 10 0.045420263 
334 391 8 11 0.045364723 
847 303 8 10 0.045342114 
581 335 8 11 0.045306742 
528 335 9 11 0.045270815 
353 342 8 11 0.044930324 
408 351 8 10 0.04484576 
344 296 7 10 0.044814587 
176 296 9 12 0.044811804 
640 326 8 11 0.044575986 
265 385 8 10 0.04441676 
296 326 7 10 0.04436279 
238 294 8 10 0.04428002 
399 332 9 11 0.04410421 
580 342 9 12 0.043995906 
350 311 9 10 0.043821733 
510 287 8 11 0.04374399 
618 341 8 10 0.043441743 
774 286 7 9 0.04326258 
223 310 8 9 0.042997092 
782 320 8 11 0.042894665 
472 359 9 13 0.04289255 
577 377 8 10 0.04281254 
285 302 8 10 0.042742644 
289 344 7 9 0.042662114 
225 361 9 12 0.04236225 
210 340 8 10 0.04200017 
594 310 9 11 0.041910328 
434 292 8 11 0.04191029 
615 319 9 11 0.041818205 
263 351 8 10 0.04176203 
158 312 8 9 0.041644085 
454 318 8 10 0.04161158 
657 390 9 11 0.041223958 
582 357 9 11 0.04095609 
439 280 8 11 0.04075273 
818 342 8 11 0.04073022 
593 327 8 12 0.040620055 
367 359 8 10 0.04059509 
279 309 8 10 0.04037303 
695 305 8 10 0.04035374 
280 352 7 8 0.040337224 
398 408 9 11 0.040288854 
393 409 8 10 0.04018767 
480 309 8 11 0.039929144 
505 331 9 12 0.039852 
802 306 8 12 0.0396477 
776 344 7 9 0.039028905 
713 421 7 10 0.03899493 
317 304 8 10 0.038806804 
282 325 8 10 0.03879908 
358 350 8 10 0.03877634 
560 309 8 10 0.03863397 
623 351 8 10 0.038514137 
640 287 8 11 0.038493842 
472 346 11 12 0.03826736 
639 296 8 10 0.038229067 
631 326 9 10 0.038228963 
127 339 9 11 0.038207967 
678 325 8 10 0.03816056 
438 357 10 12 0.03808343 
482 303 8 11 0.03807358 
553 303 9 11 0.038028996 
487 295 8 9 0.037992153 
262 342 8 10 0.037990987 
806 309 8 10 0.037883207 
695 318 8 10 0.037854888 
366 309 8 10 0.03777404 
215 343 8 10 0.037755534 
307 356 9 11 0.03775473 
542 369 7 9 0.03766594 
528 301 8 11 0.03754097 
674 326 8 9 0.037498146 
346 358 8 11 0.037483003 
487 288 7 10 0.037380222 
175 288 7 9 0.037235122 
744 350 8 10 0.037233084 
495 357 8 11 0.037200898 
574 326 8 11 0.037025895 
453 364 10 13 0.036927834 
653 348 9 11 0.03683995 
361 286 7 9 0.03679436 
606 327 8 11 0.036760043 
712 304 8 11 0.03672199 
359 366 9 11 0.036597524 
464 326 8 11 0.03657558 
368 350 8 11 0.036510207 
761 295 8 9 0.036401644 
528 349 9 12 0.036314636 
510 294 8 10 0.036311083 
606 335 8 10 0.036297485 
239 316 8 10 0.03629178 
401 367 8 11 0.03628106 
841 304 8 9 0.036147486 
184 340 7 10 0.03613451 
552 327 8 11 0.03604785 
298 286 8 10 0.035978846 
183 320 10 11 0.035939854 
665 352 8 10 0.035915237 
673 320 8 10 0.035898287 
793 337 8 10 0.03587641 
98 334 8 10 0.035823897 
521 333 8 11 0.035801932 
596 279 10 12 0.03578253 
521 342 7 10 0.035405386 
151 318 7 10 0.035404626 
112 317 8 11 0.035342734 
216 326 8 11 0.03530672 
745 327 8 10 0.03515255 
118 343 9 11 0.035096034 
395 292 8 10 0.034996286 
353 352 8 11 0.034985475 
782 350 7 10 0.034871724 
792 313 8 9 0.0348665 
311 341 8 11 0.034858223 
202 308 9 10 0.034709077 
519 294 8 10 0.0346557 
311 396 8 10 0.034615513 
406 405 11 13 0.034511916 
804 341 8 10 0.03446131 
338 350 7 10 0.034394167 
597 264 9 11 0.034380972 
653 294 8 11 0.033946842 
301 343 8 10 0.033760104 
735 349 8 11 0.033748526 
551 332 8 11 0.033622615 
353 303 7 9 0.033578433 
584 288 8 10 0.0334124 
144 325 8 10 0.033396713 
320 392 7 9 0.033392604 
559 366 8 11 0.03334757 
146 335 8 11 0.03332802 
814 312 8 9 0.0333056 
358 377 9 11 0.03330115 
401 395 9 10 0.03297704 
277 279 9 12 0.032827903 
525 310 8 10 0.032801937 
279 296 8 10 0.03279868 
536 367 7 9 0.032755386 
224 412 9 11 0.032713313 
589 376 8 10 0.032672577 
756 331 9 10 0.032612063 
423 359 8 10 0.032583307 
461 287 8 10 0.032460727 
542 310 7 9 0.032436714 
777 357 9 10 0.0324243 
354 387 9 12 0.03229448 
629 359 9 12 0.032018807 
480 296 7 9 0.03181616 
799 296 17 24 0.031806506 
619 336 8 10 0.031765793 
88 317 8 10 0.031646863 
817 348 8 10 0.031619396 
174 314 10 12 0.03141827 
166 324 10 12 0.03138084 
824 319 8 9 0.03125591 
99 328 7 10 0.031243002 
698 332 8 10 0.031173756 
425 333 9 11 0.031095335 
864 345 11 13 0.031039784 
207 375 9 11 0.030996017 
616 356 9 12 0.03089472 
336 359 7 9 0.030884543 
455 335 9 11 0.030844443 
447 381 8 10 0.030812837 
244 407 9 11 0.030798966 
665 358 8 11 0.030709494 
569 375 8 10 0.030703532 
191 344 7 9 0.030681232 
438 366 10 12 0.0305424 
494 302 8 10 0.030533897 
405 385 8 10 0.030511033 
725 286 7 10 0.030487526 
255 311 9 11 0.030347016 
649 391 7 10 0.030275011 
477 358 9 12 0.030201448 
566 277 7 10 0.030082814 
88 312 8 10 0.030056572 
905 344 10 13 0.03001973 
224 277 8 10 0.02996137 
454 327 8 11 0.0299383 
345 302 7 9 0.029931469 
746 358 8 10 0.029841952 
713 359 8 10 0.029744023 
78 337 10 13 0.029688664 
394 334 7 10 0.029648894 
321 397 8 10 0.029604089 
454 341 9 11 0.029553823 
633 399 8 10 0.029507218 
159 317 9 11 0.029342635 
169 407 7 10 0.029283578 
720 300 9 11 0.029196396 
463 303 7 9 0.0290868 
451 302 8 11 0.029013878 
104 319 8 10 0.029009368 
367 304 8 10 0.028924601 
390 360 8 10 0.028803043 
198 374 9 12 0.028750215 
391 396 8 10 0.028665697 
171 302 8 11 0.028575547 
405 366 9 12 0.02854591 
520 357 8 11 0.028504983 
582 324 8 11 0.02841941 
380 335 9 11 0.028349241 
326 351 7 10 0.028319186 
513 310 8 10 0.028315792 
767 327 8 9 0.028276525 
751 351 9 11 0.02819864 
551 352 9 13 0.028137792 
519 351 8 11 0.028086983 
854 304 9 10 0.02807679 
387 381 8 10 0.028064277 
231 272 8 9 0.028013727 
581 295 10 12 0.027959114 
151 328 8 10 0.027945034 
165 351 9 11 0.027842307 
265 286 8 10 0.027840123 
327 392 8 10 0.027831864 
256 349 8 10 0.02779776 
231 262 8 9 0.027761728 
129 313 7 9 0.027691541 
246 303 8 11 0.02766072 
440 332 8 11 0.027577382 
529 380 8 10 0.027538072 
280 343 8 10 0.027452698 
262 319 8 10 0.027442684 
249 349 8 10 0.027429651 
701 391 9 11 0.027401913 
134 335 8 11 0.027398717 
358 319 8 9 0.027285472 
624 295 9 10 0.02721115 
369 343 7 9 0.027144596 
441 339 18 22 0.027116977 
180 302 8 11 0.02711007 
152 312 7 10 0.026872287 
695 289 8 10 0.026864568 
400 344 9 11 0.02675146 
831 311 7 9 0.026744433 
432 350 8 11 0.026697189 
726 278 7 10 0.026616646 
230 326 8 9 0.026546985 
693 414 8 11 0.026362076 
424 390 9 12 0.026327262 
433 301 8 11 0.026198989 
785 344 7 9 0.026173988 
671 353 7 9 0.026155503 
286 312 9 10 0.026118668 
620 380 8 11 0.026030166 
533 272 9 11 0.026005166 
373 304 8 10 0.025997624 
366 285 7 10 0.025966454 
464 295 7 10 0.025956526 
463 351 8 10 0.025893332 
696 339 17 23 0.025860947 
633 405 9 10 0.025752148 
367 400 7 9 0.025750278 
495 310 7 11 0.025618171 
619 376 8 10 0.025600731 
208 240 212 246 0.025437452 
191 344 18 24 0.025423026 
462 334 10 11 0.02541677 
454 373 9 12 0.025384385 
258 364 8 10 0.025369225 
358 425 10 13 0.025352359 
408 334 8 10 0.025330028 
287 350 7 9 0.025313811 
233 288 8 10 0.025235074 
599 382 8 9 0.025070913 
607 280 10 11 0.025048159 
448 320 7 10 0.025035327 
792 324 8 10 0.025033277 
857 289 9 10 0.025001671 
181 310 8 10 0.024972474 
759 379 10 12 0.024943108 
214 294 8 10 0.024900267 
285 297 9 10 0.024848454 
326 341 8 11 0.024840383 
728 302 7 9 0.024829285 
499 375 7 9 0.024774201 
494 262 9 10 0.02476606 
207 365 9 11 0.024746057 
224 272 8 10 0.024734037 
668 413 9 11 0.024703434 
663 312 8 10 0.024663245 
392 392 8 10 0.024655217 
297 294 7 10 0.02463034 
593 365 9 12 0.024556883 
270 363 8 10 0.02444723 
639 375 8 10 0.02435462 
720 318 7 10 0.02434679 
254 279 9 10 0.024299636 
505 279 8 10 0.02428891 
199 366 9 10 0.024218556 
344 324 8 10 0.024210189 
576 298 18 22 0.02420732 
466 316 8 11 0.024197573 
95 318 7 9 0.024193024 
355 378 17 22 0.024172146 
88 348 9 11 0.024161888 
743 333 9 12 0.024141604 
234 294 8 10 0.024091734 
695 396 11 13 0.024072075 
370 334 8 11 0.023975331 
642 319 8 11 0.023919929 
486 384 8 9 0.02390614 
711 343 8 11 0.023876034 
394 272 7 11 0.023799485 
672 365 9 11 0.023796253 
702 398 9 11 0.023733098 
365 280 8 10 0.02372492 
249 278 8 10 0.02372183 
141 405 9 13 0.023648856 
562 279 7 9 0.023630362 
143 341 9 11 0.023574311 
592 333 9 11 0.023570266 
166 343 8 9 0.023505978 
624 303 9 10 0.023496736 
200 335 8 10 0.02344965 
473 329 18 23 0.023413064 
400 359 8 10 0.0234037 
544 351 8 11 0.023337485 
199 343 7 10 0.023310363 
387 374 9 13 0.023296095 
157 339 8 11 0.023258494 
640 279 9 10 0.023231702 
616 325 8 11 0.023213904 
711 310 8 10 0.023138922 
712 254 8 9 0.023072593 
344 335 8 10 0.022970734 
415 351 8 11 0.022868458 
149 329 18 24 0.022856265 
449 286 8 11 0.022840803 
529 272 9 10 0.022774974 
247 333 8 10 0.02274441 
750 322 18 23 0.022736726 
224 262 8 9 0.022687193 
486 334 8 11 0.022575542 
540 303 9 11 0.022573028 
394 279 7 10 0.0225113 
719 312 8 9 0.02244227 
687 326 9 10 0.022421332 
689 303 8 9 0.022386504 
143 293 7 9 0.02228312 
770 287 7 9 0.022280399 
593 317 9 11 0.022203218 
334 382 9 11 0.022155209 
353 375 8 11 0.022085818 
368 314 18 24 0.022068208 
806 334 9 11 0.022054916 
296 348 9 11 0.022029387 
358 358 7 10 0.021973997 
398 272 7 10 0.02185898 
822 342 8 11 0.021856554 
166 356 9 12 0.021836303 
463 371 17 23 0.021640688 
473 325 8 10 0.021633593 
362 442 9 13 0.021623746 
782 312 8 9 0.021606391 
302 327 7 10 0.021541318 
363 382 10 12 0.02151558 
672 286 8 9 0.021479188 
303 334 7 11 0.02139477 
503 264 8 10 0.021387432 
210 353 8 10 0.021375759 
216 271 8 10 0.021369498 
671 373 8 11 0.021305583 
527 319 8 10 0.021300651 
496 392 8 10 0.021228688 
305 294 8 10 0.021222616 
166 334 9 11 0.021217732 
606 373 8 11 0.021143679 
295 358 8 9 0.02106263 
338 320 7 9 0.021059485 
861 293 10 10 0.02096572 
638 348 9 12 0.02093 
426 320 7 10 0.020851992 
214 310 8 9 0.020811535 
296 279 8 11 0.02076983 
600 332 8 11 0.020727998 
230 277 8 10 0.020715252 
327 358 7 9 0.020649927 
511 343 7 9 0.020642096 
669 391 8 11 0.02061672 
638 398 8 10 0.020552244 
577 296 9 10 0.020469455 
689 407 8 11 0.020419419 
262 326 8 11 0.02040926 
455 281 9 11 0.020382915 
489 262 8 10 0.020352108 
721 396 9 12 0.020344352 
248 262 8 10 0.02033525 
721 273 7 10 0.020304788 
499 288 7 10 0.020298505 
522 376 7 9 0.02025725 
214 287 8 10 0.020130146 
397 279 8 9 0.020087775 
589 280 18 23 0.020013662 
