0_Parade_Parade_0_68
968
453 390 10 14 0.8202046 
503 419 11 15 0.76045734 
526 367 8 12 0.65647775 
201 231 8 11 0.575316 
714 421 13 17 0.5003312 
485 432 10 12 0.40983668 
116 373 10 13 0.40952435 
711 387 9 12 0.3948707 
278 375 10 12 0.35757247 
153 358 7 9 0.35166937 
730 364 9 12 0.34566525 
536 385 8 10 0.3399666 
333 411 11 14 0.33434612 
315 453 10 13 0.314497 
450 359 9 11 0.30976358 
255 208 9 12 0.2923247 
503 303 8 10 0.2749137 
358 301 8 11 0.24487567 
654 380 8 10 0.24386491 
407 392 10 12 0.2437628 
216 405 10 13 0.22634843 
607 399 9 11 0.22112367 
313 414 9 12 0.21951288 
268 475 11 16 0.21406749 
322 358 8 10 0.21239132 
799 385 8 10 0.20723167 
808 391 9 11 0.197353 
277 397 9 12 0.19497077 
408 413 11 15 0.19375539 
391 380 11 14 0.19023733 
391 325 7 10 0.18751262 
391 376 10 12 0.1865615 
425 287 8 11 0.17918918 
502 480 14 17 0.17863576 
225 357 8 10 0.1783626 
376 439 9 13 0.17541261 
505 366 9 12 0.17331411 
736 388 10 12 0.16607103 
150 399 10 14 0.16323803 
665 391 8 10 0.16274102 
290 367 8 10 0.15694591 
751 286 7 10 0.15678301 
415 380 8 10 0.15603864 
152 381 10 13 0.15099223 
352 279 9 11 0.15063877 
638 388 8 10 0.14880475 
454 364 8 10 0.14848675 
250 352 8 10 0.14795166 
454 383 11 13 0.14754519 
271 223 7 8 0.14482197 
399 432 9 12 0.13948843 
414 300 8 11 0.13918078 
433 374 9 11 0.13474157 
346 366 8 10 0.13414985 
167 366 7 9 0.13410106 
394 475 12 15 0.13122497 
720 403 11 13 0.13019131 
798 449 12 15 0.12942405 
414 276 9 12 0.12911266 
872 415 11 13 0.12910019 
281 183 7 9 0.12849206 
240 368 9 10 0.1279527 
193 367 7 10 0.12568654 
185 396 10 13 0.12451314 
329 412 8 12 0.12326289 
318 244 10 12 0.1228499 
551 287 7 9 0.122631066 
454 440 11 13 0.122190006 
381 359 9 12 0.12204533 
647 403 9 12 0.121985435 
247 381 10 12 0.12163743 
209 201 8 9 0.119342506 
514 294 7 10 0.11785694 
477 389 11 12 0.11666549 
317 415 9 12 0.11571092 
181 371 9 11 0.11559387 
519 391 8 11 0.11394125 
420 444 10 14 0.11190065 
509 374 8 10 0.111347936 
85 352 9 12 0.11022525 
325 341 8 11 0.109449975 
345 391 9 12 0.10778554 
416 271 9 12 0.10778123 
314 447 10 13 0.10761787 
470 405 8 10 0.10648742 
289 343 9 12 0.106183015 
471 446 9 13 0.10612165 
422 440 11 13 0.10585983 
529 420 9 12 0.105609745 
591 408 8 11 0.104343265 
864 391 9 11 0.103777856 
82 357 9 11 0.1036263 
110 280 6 9 0.10298302 
104 356 11 14 0.102881126 
309 476 11 14 0.10276751 
864 366 8 11 0.10197555 
584 364 8 10 0.10183927 
236 397 9 12 0.099747404 
263 214 8 10 0.099731945 
116 379 11 13 0.099230334 
119 341 7 10 0.097462796 
855 392 7 10 0.09595835 
190 230 8 10 0.095931925 
640 366 8 10 0.095325954 
521 396 8 11 0.09502425 
248 255 8 11 0.094215244 
757 305 8 10 0.0931984 
526 398 8 10 0.0927383 
644 431 10 12 0.091666654 
797 294 8 10 0.09143176 
143 369 7 10 0.091429114 
494 382 8 12 0.0901575 
226 248 8 9 0.09011298 
873 439 10 13 0.09001282 
411 419 12 16 0.08901086 
464 397 8 11 0.08852017 
401 365 10 12 0.08847998 
328 263 8 9 0.08840205 
350 397 9 12 0.08766081 
296 382 10 12 0.08761792 
710 367 8 10 0.08729505 
271 192 7 9 0.08677589 
576 365 7 10 0.086265065 
462 311 8 10 0.086183146 
461 374 9 12 0.08603319 
505 372 9 11 0.084672235 
462 272 7 10 0.08467132 
332 469 9 13 0.08466777 
799 358 8 10 0.08308306 
182 201 9 11 0.08277657 
583 397 9 10 0.081942596 
809 231 7 9 0.0818993 
809 395 9 12 0.08176288 
449 395 9 12 0.081271335 
817 423 8 11 0.08120352 
224 352 8 12 0.08113314 
551 293 8 9 0.08112591 
510 277 8 10 0.081003785 
72 374 9 12 0.079807326 
225 232 9 11 0.078698285 
205 231 9 11 0.07856979 
270 198 8 9 0.07831622 
409 300 8 11 0.07733679 
100 380 10 13 0.076646395 
439 390 8 12 0.07602652 
670 342 7 10 0.07506744 
424 430 9 11 0.07490552 
437 430 8 10 0.07469932 
263 190 8 10 0.074642375 
322 350 9 12 0.07396825 
407 296 8 11 0.07394732 
271 447 9 11 0.07389688 
367 373 7 11 0.07253413 
185 225 8 10 0.07248771 
458 276 8 11 0.07223322 
634 389 8 10 0.07222234 
366 268 8 11 0.07192326 
151 386 12 15 0.071493804 
537 405 8 10 0.07137086 
181 350 8 11 0.07132803 
303 376 7 9 0.070934005 
558 413 7 11 0.070367314 
654 399 9 11 0.07023079 
662 309 8 10 0.07009998 
353 406 8 11 0.0697824 
458 390 11 14 0.0697589 
87 183 8 10 0.069433466 
278 237 7 10 0.06937671 
329 463 9 11 0.06922953 
432 431 8 9 0.06902785 
505 349 8 11 0.06902657 
586 342 8 10 0.06882188 
196 183 8 10 0.06813695 
454 416 10 11 0.06797766 
750 325 8 10 0.0677687 
247 192 7 8 0.06722063 
456 373 10 13 0.06717615 
356 167 9 11 0.067010365 
417 264 9 10 0.066852026 
391 398 9 11 0.066804685 
168 375 7 10 0.06655125 
421 460 11 15 0.066214725 
578 288 7 10 0.065885484 
571 427 11 15 0.06581026 
357 182 9 12 0.06571487 
400 396 10 13 0.065600865 
495 388 9 13 0.06482384 
511 382 9 11 0.06476072 
109 351 8 10 0.06450948 
190 391 10 13 0.063554585 
272 452 9 13 0.063142195 
537 458 10 12 0.06304382 
546 287 8 9 0.06299908 
96 377 9 11 0.06276494 
94 340 10 11 0.062030163 
247 231 7 10 0.06195297 
382 468 8 12 0.06140337 
173 389 10 12 0.061358288 
734 413 9 11 0.06113425 
870 397 9 10 0.061124794 
424 390 8 11 0.060841605 
472 415 9 13 0.059866138 
381 429 9 12 0.059573594 
426 292 8 10 0.05933918 
278 404 10 13 0.059111524 
153 334 8 11 0.058832385 
554 389 9 11 0.058796026 
214 231 8 10 0.05856009 
157 352 8 10 0.058340654 
178 368 9 10 0.058339108 
473 389 9 13 0.05813025 
449 440 10 13 0.058025766 
261 208 9 10 0.057886172 
157 358 8 10 0.05788159 
500 461 12 14 0.05778632 
688 367 7 9 0.057040714 
665 395 8 12 0.05666507 
513 271 7 10 0.05655573 
362 265 8 10 0.05635265 
249 225 7 9 0.056060214 
661 285 8 11 0.056048576 
624 414 8 11 0.055999786 
869 392 9 10 0.05575035 
504 437 10 12 0.05572016 
557 398 9 11 0.055708397 
174 382 9 10 0.055672765 
353 191 8 10 0.055590753 
833 205 8 9 0.055520993 
479 395 10 12 0.05534152 
519 384 8 9 0.055297572 
302 406 9 11 0.05518264 
129 381 9 12 0.055129066 
649 375 10 13 0.054954052 
154 353 8 11 0.05492488 
368 369 7 10 0.054802123 
526 361 9 12 0.054772496 
854 397 9 10 0.054760795 
607 393 9 11 0.05433122 
591 390 9 11 0.05426724 
498 414 10 14 0.05405796 
390 343 8 10 0.05386314 
318 476 11 15 0.05348506 
412 407 10 14 0.05344107 
271 176 7 8 0.053304445 
439 408 9 11 0.05323946 
240 190 7 9 0.053032123 
96 188 8 10 0.05298217 
168 391 10 11 0.05269726 
857 203 9 11 0.05214903 
552 428 12 15 0.052146368 
561 304 8 10 0.052063137 
351 170 11 13 0.051792543 
437 366 9 11 0.05174147 
742 429 8 10 0.05164122 
327 382 8 10 0.05150673 
177 373 10 11 0.051378086 
726 406 8 11 0.051177237 
377 432 9 11 0.05113151 
58 222 9 10 0.05053121 
433 368 9 12 0.050375484 
641 435 12 16 0.05028189 
270 217 8 10 0.050166696 
314 437 11 13 0.04985655 
192 415 10 12 0.049831104 
113 367 9 12 0.049767815 
812 392 9 12 0.049556546 
406 428 10 12 0.049554426 
191 403 10 12 0.049501315 
423 312 9 10 0.049443834 
887 446 9 11 0.049366184 
791 230 6 8 0.049187716 
256 357 7 10 0.049109478 
420 270 9 11 0.049068473 
352 295 9 12 0.049037714 
472 271 7 10 0.048994303 
436 166 11 15 0.04894193 
253 331 9 11 0.048858564 
599 383 8 9 0.048840392 
528 416 8 11 0.048483156 
495 406 8 11 0.04845771 
861 430 9 13 0.04840052 
168 361 7 10 0.048396096 
548 311 8 10 0.048202053 
132 359 9 11 0.04819976 
353 412 9 12 0.047125164 
616 271 7 9 0.047062285 
303 423 8 10 0.047005255 
403 436 11 14 0.04697349 
554 383 9 11 0.04685124 
789 343 8 10 0.046820883 
198 366 8 11 0.046799608 
725 400 9 11 0.046727464 
576 294 7 9 0.046723228 
731 359 11 14 0.04672312 
622 437 10 14 0.046718407 
101 375 10 12 0.046703264 
870 368 8 11 0.046533268 
669 397 8 11 0.04648685 
463 415 9 12 0.04640593 
701 399 9 11 0.046345696 
463 444 10 12 0.046220187 
335 374 7 9 0.045825038 
504 395 8 10 0.045667943 
265 185 7 8 0.045601424 
431 391 9 11 0.0454954 
246 375 9 11 0.045492887 
429 294 8 10 0.04546196 
295 197 7 9 0.045301784 
133 188 9 10 0.045130443 
842 293 8 10 0.045092456 
849 334 9 12 0.045033757 
489 405 8 10 0.044995684 
327 199 8 9 0.044842165 
463 302 8 10 0.044498578 
481 435 10 13 0.044358414 
557 406 9 11 0.044334885 
234 389 10 12 0.044058118 
312 279 9 12 0.043934572 
694 222 8 10 0.043909535 
690 424 9 11 0.04384184 
848 326 8 10 0.043833192 
545 280 7 8 0.043652017 
632 558 11 14 0.0436222 
697 400 8 11 0.043620497 
361 374 8 10 0.04360305 
215 236 7 10 0.04359092 
223 335 8 10 0.0435775 
394 436 10 13 0.043545056 
301 381 8 10 0.043541048 
289 230 8 9 0.043505076 
401 358 10 13 0.043472942 
313 432 9 11 0.04342094 
448 414 9 13 0.043377377 
473 287 8 9 0.043289647 
461 318 9 10 0.04320647 
830 367 7 9 0.043204196 
856 406 9 12 0.043027654 
863 437 10 13 0.042998794 
828 406 10 12 0.04292234 
389 406 10 12 0.042910665 
862 383 9 12 0.042869575 
189 224 9 11 0.042829935 
144 381 8 12 0.04279918 
462 439 9 12 0.042664908 
799 429 12 15 0.042609565 
462 296 8 10 0.042442646 
417 451 11 13 0.042264804 
385 335 8 10 0.042153962 
850 393 8 10 0.042085245 
324 484 10 13 0.042009268 
696 557 10 12 0.04200823 
567 383 8 12 0.041934203 
849 397 8 11 0.041465227 
799 316 8 9 0.04131242 
854 430 9 11 0.04122587 
304 192 7 9 0.04115617 
248 236 7 10 0.041111086 
480 349 8 10 0.04105894 
742 222 8 10 0.041035227 
222 375 9 11 0.040722933 
432 343 7 10 0.04072148 
801 353 8 11 0.040702205 
477 172 9 11 0.040670976 
248 197 8 9 0.040647198 
129 353 7 9 0.04058641 
550 270 7 9 0.04051577 
689 463 9 12 0.040501233 
214 205 8 10 0.04049795 
413 390 9 12 0.04042895 
177 358 8 9 0.040367804 
642 246 8 11 0.040360034 
238 207 8 10 0.040260673 
583 453 9 13 0.040217713 
804 436 11 13 0.040171076 
320 382 9 12 0.03999429 
209 185 8 9 0.039817184 
177 327 9 10 0.03968753 
716 414 12 15 0.0396384 
340 413 10 13 0.039628774 
193 189 9 11 0.039532486 
229 352 8 11 0.03948754 
552 423 10 13 0.03947373 
254 254 9 11 0.039461892 
429 437 9 12 0.03938626 
432 379 9 11 0.03918892 
513 288 8 9 0.039176464 
794 388 8 10 0.038962606 
733 344 8 10 0.038809035 
457 296 8 10 0.03879185 
131 184 9 11 0.038708843 
735 407 9 12 0.0386822 
642 442 10 14 0.03852212 
497 480 13 17 0.038496904 
576 407 9 11 0.038493052 
441 396 9 12 0.03844969 
289 224 7 9 0.03833753 
407 374 10 12 0.03820918 
512 397 9 10 0.038162556 
182 358 7 10 0.038144693 
747 326 7 10 0.0381278 
274 392 9 12 0.038083214 
507 359 11 14 0.037911154 
192 383 8 10 0.037886657 
590 366 7 10 0.03781769 
77 518 10 13 0.037801236 
159 405 10 14 0.037781294 
438 381 8 11 0.037778467 
279 462 9 13 0.03777736 
310 368 7 9 0.037740152 
311 408 8 12 0.037598103 
292 347 9 12 0.03751214 
526 391 7 11 0.03751169 
353 309 9 12 0.037454937 
792 301 7 9 0.037443522 
263 431 8 10 0.037422914 
305 246 8 11 0.03730437 
480 468 8 11 0.037279345 
703 312 7 9 0.037264314 
382 364 8 11 0.03723213 
730 348 8 10 0.03700008 
263 366 8 9 0.03695291 
814 445 10 14 0.03667344 
192 362 8 9 0.036672037 
785 348 10 13 0.036654998 
809 225 8 10 0.03660331 
273 230 8 10 0.036548868 
296 467 9 12 0.036531426 
486 373 11 13 0.03648104 
507 280 7 10 0.036456212 
406 342 7 9 0.036328904 
744 294 8 10 0.03631509 
190 256 7 9 0.036293272 
450 385 17 23 0.03620502 
280 189 7 10 0.03617705 
887 430 8 11 0.036158156 
350 447 13 16 0.03613878 
752 281 7 9 0.03611342 
751 321 8 10 0.036112543 
129 364 8 12 0.036087163 
387 326 8 11 0.036080725 
527 405 8 10 0.035970856 
345 344 7 10 0.035884663 
358 382 9 11 0.035838343 
769 252 8 10 0.03562104 
489 382 10 12 0.035541635 
128 231 8 11 0.035514064 
535 286 7 9 0.035480544 
385 390 8 10 0.035470948 
449 351 9 12 0.035408236 
401 182 10 13 0.035402 
864 371 9 13 0.03537241 
317 458 10 13 0.03534039 
218 367 7 10 0.035330538 
421 278 9 11 0.035195366 
526 454 10 13 0.03514994 
450 335 7 10 0.03513717 
588 419 11 13 0.035105284 
266 197 8 10 0.035065833 
455 336 8 11 0.035015482 
448 373 9 12 0.03494345 
775 221 8 10 0.034921523 
846 231 8 9 0.034907285 
577 398 10 11 0.03477952 
294 387 10 11 0.034775298 
743 397 9 10 0.034613438 
272 458 11 15 0.03457926 
734 419 10 13 0.034578152 
741 405 10 12 0.034561668 
286 492 13 16 0.03453563 
503 456 11 13 0.03450105 
289 191 7 9 0.03445183 
526 157 7 10 0.034384564 
702 413 9 12 0.03413435 
327 366 7 10 0.03404755 
546 271 7 9 0.03403642 
207 413 9 12 0.034003694 
325 476 11 14 0.03388412 
289 199 7 9 0.03380545 
487 399 8 10 0.033737767 
783 419 8 11 0.03364667 
296 407 10 12 0.033597663 
414 426 11 12 0.033554867 
476 419 10 12 0.03355417 
233 190 8 9 0.03354104 
301 399 9 10 0.03352072 
692 428 11 15 0.03347712 
255 176 7 8 0.0334264 
328 375 8 9 0.033356592 
719 304 8 10 0.03334103 
256 192 8 8 0.033339314 
645 366 8 10 0.033297073 
805 248 8 10 0.033290558 
136 373 9 11 0.033141304 
281 199 7 9 0.03311757 
740 383 9 11 0.033083927 
862 412 10 13 0.03293615 
72 368 9 11 0.032854237 
248 356 9 10 0.032831907 
236 402 11 13 0.032729432 
129 395 10 13 0.03270988 
591 296 7 10 0.032702174 
800 301 7 9 0.032642435 
210 406 9 12 0.032603543 
585 336 8 10 0.03255628 
600 368 8 10 0.032529365 
336 368 7 9 0.032512728 
321 364 9 10 0.032511715 
599 390 9 10 0.03249125 
847 319 8 11 0.032373615 
300 462 10 12 0.03235372 
263 382 8 10 0.032294236 
144 397 12 15 0.03228056 
402 412 10 14 0.03226198 
305 240 7 10 0.032250874 
303 470 10 12 0.03223543 
297 374 8 11 0.032215904 
544 478 9 11 0.032156706 
558 327 7 9 0.032120954 
356 308 10 12 0.032106604 
472 365 10 12 0.032036036 
240 381 9 12 0.031995155 
169 380 8 11 0.031977892 
593 383 8 11 0.031966306 
575 411 11 13 0.03194825 
358 357 7 10 0.031901196 
530 344 7 9 0.03185652 
791 422 8 11 0.031798318 
270 207 8 9 0.031733263 
273 415 9 13 0.031731248 
687 406 10 13 0.03166329 
217 215 9 11 0.031563625 
134 365 10 12 0.031489935 
262 397 9 12 0.031472687 
496 296 8 9 0.031450633 
695 442 11 13 0.0314421 
716 389 9 11 0.031435102 
247 386 11 14 0.03139484 
431 302 8 10 0.031375255 
624 287 7 9 0.031239621 
612 405 10 13 0.03121909 
540 389 9 10 0.031196188 
416 439 12 15 0.031193497 
798 288 7 10 0.031144394 
184 382 8 10 0.031136967 
504 345 9 10 0.03109288 
181 327 9 11 0.031052284 
823 216 8 9 0.030945387 
455 162 11 15 0.030917184 
117 386 11 14 0.03091003 
105 311 8 11 0.030903962 
872 429 12 14 0.03088374 
628 436 11 14 0.030802188 
163 411 13 15 0.030790444 
566 476 9 12 0.030781843 
120 286 8 9 0.030774143 
553 375 9 11 0.030694395 
521 157 9 11 0.030684903 
557 375 9 11 0.030664703 
356 187 9 12 0.030556275 
566 305 8 9 0.030507613 
397 481 12 14 0.030497825 
584 407 9 11 0.030448431 
720 310 8 9 0.030408792 
805 384 8 11 0.030398315 
791 444 13 17 0.030370694 
534 414 10 13 0.030364942 
486 462 9 12 0.030363804 
541 398 9 11 0.030229395 
327 453 10 14 0.030187674 
834 304 8 9 0.030178433 
484 477 11 15 0.03015674 
484 467 10 13 0.030134993 
346 285 8 11 0.030113759 
695 406 9 12 0.030023867 
255 231 8 10 0.029901184 
83 182 8 10 0.02984109 
623 398 8 10 0.02983525 
703 294 7 9 0.029729903 
328 232 7 8 0.029726766 
327 421 8 10 0.02965802 
162 366 8 9 0.029646741 
888 437 9 13 0.029617704 
206 237 8 10 0.029594209 
585 412 9 12 0.029508201 
401 335 8 9 0.029492468 
241 248 7 9 0.029477417 
245 368 9 10 0.029468497 
736 428 10 12 0.029459776 
799 278 7 9 0.02941665 
320 406 9 12 0.029341646 
541 455 8 12 0.029330567 
399 390 10 12 0.029286072 
566 309 7 10 0.029220978 
199 225 9 12 0.029219652 
271 440 7 10 0.029182956 
198 373 8 11 0.029166719 
383 422 10 13 0.029144883 
786 303 7 10 0.029057052 
695 412 9 11 0.028979817 
1013 179 9 16 0.02889745 
194 372 7 10 0.028888037 
403 294 7 10 0.028856056 
472 166 10 13 0.028787054 
285 462 11 14 0.028767474 
530 280 8 10 0.028711466 
583 270 6 9 0.028651275 
521 454 8 11 0.028619444 
367 301 9 11 0.028596886 
496 311 7 10 0.02854958 
686 387 10 13 0.028487999 
313 389 8 10 0.028483063 
377 365 8 11 0.028466305 
248 396 9 11 0.028444912 
164 404 13 15 0.028352624 
355 326 192 209 0.028344603 
512 264 6 8 0.02829937 
496 465 12 15 0.028284611 
461 324 9 11 0.028271798 
200 161 8 10 0.028145319 
368 294 9 11 0.028107475 
229 236 8 11 0.028100036 
221 214 8 10 0.028036634 
513 390 9 11 0.027980894 
716 445 9 13 0.027906979 
534 281 8 9 0.02785856 
160 420 11 14 0.027816653 
87 337 8 10 0.027798356 
496 397 7 10 0.027742859 
530 349 8 10 0.02771231 
166 427 9 13 0.027702317 
750 398 8 10 0.027677527 
303 454 9 12 0.027672566 
673 304 7 9 0.02764904 
392 430 11 13 0.027642993 
354 452 12 16 0.027573435 
398 405 11 14 0.027556453 
551 453 10 12 0.027549997 
827 411 12 14 0.027494818 
735 396 9 11 0.027431749 
832 310 8 11 0.027428329 
719 333 7 9 0.027326243 
528 383 8 11 0.027307048 
623 420 8 11 0.027304262 
532 366 9 11 0.027260255 
158 376 9 11 0.027237486 
250 207 9 11 0.027215507 
448 438 19 23 0.027205382 
829 222 8 9 0.027149163 
569 359 9 10 0.027092181 
377 397 9 11 0.027048238 
456 340 8 11 0.02699339 
277 419 10 13 0.026937785 
184 185 8 9 0.026925676 
657 453 9 10 0.02690359 
487 447 9 11 0.026872674 
544 305 8 8 0.026872478 
375 383 8 10 0.026808431 
89 340 8 12 0.026806226 
255 397 8 11 0.02669235 
294 359 8 11 0.026594073 
287 383 10 12 0.02657471 
813 224 7 9 0.026533617 
555 434 11 13 0.026529333 
658 305 7 9 0.026499214 
208 263 7 10 0.026485404 
461 341 9 12 0.026468994 
215 222 8 10 0.026450504 
520 447 7 10 0.026445337 
78 364 9 11 0.026416088 
352 211 9 11 0.026377805 
263 359 7 9 0.02635817 
496 465 21 28 0.02635731 
473 380 197 220 0.026333949 
247 249 7 9 0.02630141 
665 352 9 11 0.026289182 
470 439 8 11 0.026243867 
351 420 11 13 0.026235485 
522 372 8 11 0.02623076 
500 302 7 10 0.026199883 
774 246 8 12 0.026110172 
416 326 7 9 0.026107252 
266 472 8 13 0.026091795 
583 264 6 8 0.02606606 
759 320 8 10 0.026063543 
558 383 10 12 0.026050653 
303 446 8 10 0.025990002 
658 309 8 10 0.025977608 
382 197 9 11 0.025960673 
447 165 11 14 0.025946917 
148 422 11 14 0.02592435 
231 366 9 11 0.025922054 
663 356 8 10 0.02592093 
786 480 8 11 0.025897313 
251 212 8 10 0.02589015 
787 230 7 9 0.02585945 
545 319 7 9 0.025810944 
233 207 7 10 0.025705101 
629 413 9 11 0.025647013 
277 232 8 10 0.02563622 
477 310 9 11 0.02562601 
200 207 8 10 0.025595263 
558 368 8 9 0.025553202 
841 184 8 11 0.025526091 
735 375 9 10 0.025501408 
0 213 6 11 0.025467563 
537 295 7 9 0.025396228 
432 423 8 12 0.02536843 
647 358 8 9 0.025356 
310 156 8 11 0.025350297 
397 373 10 12 0.025349122 
351 383 9 11 0.025341455 
849 429 10 13 0.025292654 
332 262 9 11 0.025260719 
552 462 9 11 0.02524618 
113 343 8 10 0.025234949 
327 508 12 14 0.025222173 
791 225 7 9 0.025173647 
240 360 9 10 0.025155216 
698 318 7 9 0.025078459 
316 430 11 13 0.025041174 
470 430 8 11 0.025021717 
192 214 7 10 0.024992222 
760 365 9 11 0.024977561 
285 486 12 14 0.024969019 
399 443 11 14 0.02495517 
481 334 7 10 0.024953779 
663 413 9 11 0.024940299 
729 390 8 11 0.024920074 
777 399 8 10 0.024901634 
151 410 11 13 0.024893913 
159 197 8 11 0.024879947 
663 281 7 10 0.024876514 
176 332 9 11 0.024854178 
486 344 8 10 0.024833448 
375 310 8 11 0.02475579 
440 470 10 14 0.024753988 
741 423 9 12 0.024724975 
606 349 7 10 0.024718659 
803 443 13 17 0.024689078 
253 390 9 12 0.024665963 
254 343 9 12 0.024659503 
347 294 8 11 0.024641575 
645 422 10 11 0.024636956 
223 379 9 12 0.024621353 
877 444 9 12 0.024567567 
517 430 10 12 0.02452381 
759 325 8 9 0.024506645 
847 311 8 10 0.02450351 
736 452 10 13 0.024477184 
232 383 9 11 0.024473643 
729 439 8 11 0.024448622 
726 253 8 10 0.02443459 
422 422 9 13 0.024419867 
405 444 11 13 0.024413187 
213 200 8 10 0.024385875 
273 404 10 12 0.024367413 
518 438 8 11 0.024364663 
649 353 6 9 0.024340075 
791 340 106 137 0.024322245 
510 437 9 12 0.024321893 
642 399 9 11 0.024320751 
871 381 9 13 0.024304103 
460 160 13 17 0.024215158 
417 255 9 11 0.024129035 
233 185 7 9 0.024097685 
352 272 10 12 0.024060642 
429 158 11 15 0.024045328 
249 177 7 8 0.024030806 
809 263 8 9 0.024009308 
729 413 9 13 0.024004573 
647 392 9 10 0.02395936 
449 341 9 11 0.023910167 
238 214 8 9 0.023900285 
256 365 8 10 0.023886777 
475 445 11 14 0.023851248 
310 190 7 10 0.023817444 
375 288 8 10 0.023790896 
761 360 7 9 0.02378625 
888 451 9 12 0.023776587 
534 343 8 9 0.023775145 
439 452 9 13 0.023769872 
186 255 7 10 0.023766428 
223 364 8 11 0.023701882 
279 369 9 11 0.023680905 
386 382 9 13 0.023657847 
783 389 8 11 0.023651967 
845 286 8 12 0.023630287 
198 215 8 9 0.023613492 
401 350 9 12 0.023584805 
616 382 8 10 0.023566114 
312 383 8 11 0.02356421 
818 428 11 14 0.02354499 
32 174 8 10 0.023531329 
519 350 8 10 0.023529854 
582 279 6 9 0.023482526 
319 388 8 10 0.023461893 
815 436 9 13 0.023449944 
408 310 8 11 0.02341567 
172 395 11 14 0.023397699 
842 230 9 10 0.023384187 
578 264 7 9 0.023375295 
198 224 18 24 0.023345497 
864 419 9 14 0.023343602 
356 411 10 12 0.023329377 
719 279 6 8 0.023281425 
520 414 8 10 0.023235032 
472 316 9 12 0.02323394 
478 303 8 10 0.023229277 
327 445 10 14 0.023215655 
313 241 8 10 0.023198081 
496 159 9 11 0.023161938 
33 252 10 12 0.023118073 
427 459 11 16 0.023115888 
152 363 8 10 0.023103455 
522 359 9 11 0.02308553 
488 387 9 13 0.023081858 
111 284 8 11 0.023047278 
655 447 9 12 0.022998655 
601 375 8 10 0.02297006 
105 316 9 12 0.022950657 
546 293 8 11 0.022906324 
568 375 8 10 0.022895647 
781 431 9 11 0.022880731 
656 352 7 10 0.022875289 
751 405 8 12 0.022868754 
794 433 21 26 0.02283728 
577 391 8 10 0.022835428 
383 397 8 11 0.022824526 
209 191 8 9 0.022821754 
783 398 8 11 0.022777796 
373 294 8 10 0.022769636 
663 384 8 11 0.022730209 
231 174 7 9 0.022675015 
309 373 9 10 0.022668874 
744 357 8 12 0.022541512 
557 295 7 9 0.022507034 
473 263 7 10 0.022492876 
815 405 8 12 0.022483164 
185 235 9 11 0.022425462 
707 389 8 10 0.02241557 
592 375 7 10 0.022408798 
320 374 9 10 0.0224042 
392 367 8 11 0.022404116 
754 309 8 10 0.02237313 
641 404 10 12 0.02235422 
842 325 8 10 0.02232569 
279 484 11 14 0.022323368 
295 438 9 12 0.022322414 
430 163 13 16 0.022293096 
390 348 9 11 0.02226495 
464 431 9 11 0.022264242 
557 288 7 9 0.022242958 
87 381 10 13 0.022208279 
418 174 8 11 0.02219164 
351 374 8 10 0.022160595 
669 350 8 10 0.022146808 
335 360 8 10 0.022134302 
856 222 7 9 0.022047041 
176 288 7 8 0.022041626 
424 395 9 12 0.022017116 
356 315 10 13 0.02199499 
727 248 7 10 0.021969242 
845 184 8 10 0.02195883 
331 473 12 17 0.02195664 
877 406 10 12 0.021952651 
550 156 9 11 0.021932496 
656 358 7 8 0.021931322 
241 350 9 11 0.021906389 
622 431 9 12 0.021847574 
288 206 7 8 0.021828363 
231 410 11 15 0.021793805 
329 406 20 24 0.021768292 
569 366 9 10 0.021766674 
447 432 9 11 0.021766003 
367 468 9 12 0.021761939 
693 434 13 16 0.02171276 
656 391 9 11 0.021678641 
385 341 8 10 0.021640599 
521 405 8 10 0.021623027 
355 398 11 13 0.021614466 
797 363 12 14 0.02159604 
877 398 10 12 0.021576362 
440 445 10 14 0.021574652 
700 404 9 13 0.021546932 
581 287 8 9 0.02153723 
367 276 9 12 0.021531606 
625 311 8 10 0.021504644 
765 438 9 11 0.021492515 
376 391 9 11 0.021483675 
272 183 7 9 0.02147546 
166 396 12 14 0.021467296 
579 280 7 9 0.021440852 
614 391 10 11 0.02142064 
625 319 8 9 0.02141265 
590 396 9 11 0.02135235 
294 230 7 9 0.021333227 
760 223 7 9 0.021323824 
653 414 8 11 0.021317193 
405 187 8 11 0.021304067 
437 344 8 10 0.021302227 
311 446 18 23 0.021240465 
390 334 7 10 0.021212177 
791 397 9 11 0.021189397 
376 406 10 13 0.02118781 
398 318 8 11 0.021169692 
537 336 7 8 0.021140924 
334 221 8 10 0.021136349 
868 409 19 24 0.021111066 
479 371 11 13 0.021078672 
720 264 8 9 0.021071902 
860 406 10 12 0.021048501 
242 254 10 12 0.021046365 
540 384 8 10 0.020979749 
798 422 11 13 0.020977413 
298 378 197 209 0.020960728 
181 343 9 11 0.02093947 
401 341 9 11 0.020912979 
523 361 17 23 0.020885337 
344 371 10 11 0.02087823 
218 374 8 11 0.020866673 
561 350 7 10 0.020855598 
601 396 9 12 0.020814976 
487 453 9 11 0.020799726 
368 380 8 11 0.020786604 
241 236 8 11 0.020774577 
595 538 14 17 0.020769035 
799 457 10 13 0.02076668 
384 475 10 14 0.020737905 
409 382 9 11 0.02071972 
478 264 7 9 0.0206857 
201 199 7 9 0.020644138 
365 460 10 14 0.02056362 
97 358 10 13 0.020546513 
698 312 7 9 0.020543452 
265 462 8 12 0.020531073 
713 280 7 8 0.0205136 
690 221 8 10 0.020503094 
231 373 9 12 0.02049042 
135 430 10 12 0.020476237 
740 412 10 13 0.020465514 
120 318 9 11 0.020458259 
792 428 10 13 0.020446194 
425 159 10 14 0.020430142 
198 361 9 11 0.020395163 
96 287 8 10 0.02037746 
770 222 8 10 0.020373454 
166 327 8 9 0.020365903 
119 349 8 10 0.020342363 
206 438 8 10 0.020341681 
569 320 7 9 0.020340146 
826 221 7 9 0.020323945 
565 447 9 12 0.020323198 
704 383 9 12 0.020311704 
504 286 7 9 0.02027058 
599 406 9 11 0.020263216 
425 343 8 11 0.020242622 
423 383 7 10 0.020239893 
735 446 10 12 0.020230282 
608 345 7 9 0.020227257 
580 533 9 12 0.020220146 
788 483 9 12 0.020111777 
241 184 7 9 0.020100376 
408 317 9 11 0.020098897 
425 350 10 12 0.020095231 
472 383 9 12 0.020038923 
534 476 9 13 0.020027017 
664 318 7 9 0.020024385 
189 206 8 11 0.020005027 
