0_Parade_marchingband_1_653
728
123 148 16 18 0.9879023 
323 136 16 20 0.98487616 
510 131 15 19 0.97544235 
960 180 18 21 0.9721986 
603 138 14 18 0.9694381 
226 140 15 18 0.96783274 
870 193 16 20 0.96568197 
738 132 14 19 0.96157277 
874 116 16 21 0.95750767 
69 98 12 16 0.93938494 
47 46 10 13 0.90534997 
537 194 14 18 0.8969421 
533 95 13 17 0.89362633 
26 139 16 22 0.89003336 
77 143 16 20 0.8877233 
649 128 15 19 0.8873876 
418 141 15 18 0.88541913 
556 36 10 12 0.86764324 
599 185 16 19 0.86697245 
508 33 12 15 0.8643428 
848 91 13 17 0.85239315 
374 144 14 19 0.8520863 
675 93 13 16 0.8489377 
396 88 14 17 0.8477805 
932 94 12 16 0.84427166 
559 128 15 18 0.8430293 
763 191 16 21 0.8429271 
173 133 16 24 0.83877623 
460 147 14 18 0.83013386 
959 38 12 16 0.81284165 
480 205 13 17 0.81282026 
364 45 13 16 0.807547 
166 95 13 16 0.8047898 
603 39 12 15 0.80317646 
925 116 15 17 0.7884004 
302 96 13 16 0.78574467 
807 92 12 16 0.7637767 
890 97 13 17 0.7584516 
45 197 15 20 0.75754714 
320 43 11 14 0.74720275 
351 94 14 18 0.7386295 
488 84 12 15 0.73739606 
211 96 14 16 0.7345906 
396 199 14 18 0.7279533 
759 88 13 16 0.7005659 
980 129 15 18 0.69951665 
222 205 13 17 0.6858752 
743 43 10 13 0.68138 
678 192 15 22 0.6786598 
443 94 12 15 0.6697229 
780 134 16 19 0.6534108 
828 32 10 13 0.64023125 
273 154 15 17 0.63320935 
188 44 10 13 0.6250552 
700 27 10 14 0.6209315 
259 109 13 16 0.61503214 
913 31 10 14 0.6136183 
114 89 13 16 0.613376 
630 90 12 15 0.60641253 
101 53 9 11 0.58460325 
151 58 11 12 0.5831455 
645 103 14 16 0.56295127 
987 92 17 20 0.5463254 
571 148 16 19 0.5408102 
522 153 15 17 0.5385106 
129 202 13 18 0.52204 
691 121 17 20 0.5204706 
641 75 10 13 0.51990265 
22 96 15 19 0.5143774 
476 55 14 17 0.5113995 
411 38 10 12 0.5030853 
753 63 9 13 0.48275933 
184 156 19 22 0.47941375 
466 38 11 13 0.47055236 
784 35 10 13 0.4689603 
864 40 11 13 0.43302295 
665 42 11 14 0.42226183 
712 45 10 12 0.4118761 
716 84 12 15 0.396958 
322 197 13 16 0.37932968 
798 53 11 13 0.3733152 
159 74 10 12 0.36671016 
274 55 11 13 0.3628145 
774 103 13 17 0.3549466 
310 208 15 20 0.35046417 
839 145 15 18 0.34862682 
521 52 10 12 0.34234324 
330 60 14 15 0.33983082 
407 104 13 17 0.32929102 
862 109 12 15 0.32383975 
584 90 12 15 0.3137129 
231 47 11 15 0.3118295 
78 115 16 19 0.31105617 
511 199 12 15 0.30457905 
455 111 12 16 0.29857025 
652 23 13 16 0.29719472 
200 62 10 12 0.28709048 
395 239 18 22 0.2845145 
174 112 15 17 0.28423992 
840 48 10 12 0.26830003 
973 59 9 12 0.2627341 
873 60 9 12 0.2536658 
318 111 13 17 0.22970805 
547 219 12 16 0.21833183 
375 64 14 16 0.21338281 
465 211 12 16 0.21103899 
89 162 18 20 0.20529994 
879 59 10 12 0.2033079 
710 140 14 18 0.20169295 
823 127 14 17 0.19920292 
821 54 11 13 0.19475532 
796 150 14 18 0.19381092 
334 157 16 19 0.18863039 
943 109 13 17 0.187591 
136 168 14 17 0.1855166 
508 76 11 14 0.18489823 
284 68 12 13 0.18392068 
905 88 10 13 0.1828307 
926 51 11 13 0.18250442 
901 45 10 12 0.18028633 
716 91 13 17 0.17742075 
470 165 15 18 0.17447713 
539 92 12 17 0.1730939 
154 37 8 12 0.16914584 
568 54 10 12 0.16891572 
804 54 9 12 0.16673633 
944 34 10 14 0.15637751 
884 56 10 13 0.15284465 
755 67 10 14 0.14891629 
439 59 10 12 0.14572784 
558 218 10 14 0.145167 
755 150 15 18 0.14182657 
816 113 14 17 0.1400998 
126 110 14 16 0.13969235 
503 102 11 14 0.13878147 
53 63 11 13 0.13703337 
549 110 12 16 0.13693428 
628 98 15 19 0.13686822 
689 216 16 20 0.1364342 
101 31 8 11 0.1363101 
969 20 10 12 0.13581604 
980 77 13 17 0.13570021 
586 100 14 17 0.13451222 
875 226 16 19 0.1341769 
903 115 12 14 0.13396156 
240 69 10 13 0.13392167 
735 104 12 15 0.13361897 
364 112 12 16 0.13341807 
598 21 7 10 0.13319671 
421 54 11 14 0.13319121 
152 98 10 14 0.13124043 
113 97 15 17 0.13095978 
63 145 13 17 0.13019873 
545 87 10 13 0.12864985 
135 63 9 11 0.12712865 
159 211 9 13 0.12630793 
375 206 11 14 0.12496701 
598 110 12 16 0.12408198 
941 100 13 16 0.123527706 
744 24 7 11 0.12264938 
895 76 8 11 0.12236022 
316 202 17 21 0.1203147 
602 258 22 25 0.11891221 
244 63 13 15 0.11567309 
97 48 10 13 0.11382219 
671 88 13 16 0.110524535 
947 103 11 14 0.11002487 
775 52 9 11 0.1086797 
491 223 12 17 0.10808085 
216 112 14 17 0.10682187 
752 24 8 11 0.10577346 
823 48 9 11 0.10436702 
621 104 15 18 0.103224725 
592 15 8 11 0.10298348 
967 138 14 17 0.101959124 
112 69 8 10 0.099109806 
183 59 9 11 0.09807775 
950 52 10 11 0.09740975 
317 83 12 17 0.09711013 
308 225 29 35 0.09700127 
285 171 14 17 0.09691237 
797 138 14 17 0.09549351 
408 41 11 14 0.09534737 
976 35 10 12 0.094580166 
431 107 13 15 0.09406563 
156 55 11 14 0.09141144 
972 145 14 15 0.08933298 
893 140 14 18 0.089305244 
677 249 17 20 0.087351084 
614 57 11 14 0.08658941 
949 32 9 12 0.086384274 
483 58 11 14 0.08633079 
544 112 13 16 0.0849986 
966 87 10 13 0.08464909 
926 158 13 16 0.08206319 
128 77 9 12 0.081343055 
247 214 9 12 0.081055254 
239 160 15 18 0.080481686 
459 108 12 16 0.08046817 
310 207 25 34 0.07987339 
536 60 9 12 0.07943035 
357 30 9 12 0.07894564 
48 61 11 12 0.0784697 
942 25 9 11 0.07779922 
115 104 15 17 0.077535704 
854 56 10 11 0.075170204 
803 151 15 18 0.07516961 
184 53 10 13 0.07446374 
216 234 27 32 0.073630676 
646 19 14 19 0.07318921 
867 108 16 19 0.07311668 
870 54 10 13 0.072813824 
991 152 15 17 0.07252095 
939 94 12 14 0.07229146 
356 84 16 21 0.07202059 
639 105 12 16 0.07047466 
436 161 12 16 0.07043767 
184 235 10 14 0.07024763 
931 110 16 19 0.069523975 
600 218 25 27 0.0693227 
462 101 11 14 0.069148466 
654 67 11 13 0.068512104 
912 43 10 13 0.068378836 
382 168 14 17 0.06803477 
188 51 10 12 0.0675233 
119 63 8 11 0.06603124 
103 70 8 10 0.06578715 
216 209 12 16 0.0656062 
357 62 9 12 0.065205924 
207 86 10 13 0.06516666 
757 24 8 9 0.063270055 
696 36 11 14 0.06219777 
494 119 11 15 0.062109526 
677 201 23 30 0.062081024 
552 44 11 14 0.061764646 
430 163 13 15 0.061674494 
653 145 15 18 0.061142873 
974 205 16 18 0.06062795 
515 36 10 12 0.06012983 
687 109 11 14 0.060038615 
644 72 11 13 0.059839614 
206 136 15 19 0.059608903 
645 2 10 13 0.05949766 
967 55 12 14 0.05949022 
928 87 12 16 0.05918807 
1009 55 9 11 0.05908837 
222 62 9 11 0.05908147 
917 45 10 12 0.05896432 
573 196 11 13 0.058739137 
797 20 9 12 0.058534488 
661 146 14 19 0.058372844 
912 8 8 9 0.057866044 
456 162 13 16 0.057498176 
725 100 12 15 0.056852113 
803 101 16 18 0.05656017 
473 124 15 18 0.056379177 
127 72 9 11 0.056094527 
935 26 11 14 0.05561358 
110 159 11 15 0.055574123 
857 92 14 16 0.05536639 
862 102 12 15 0.055158954 
453 93 11 14 0.054479443 
95 68 9 11 0.054168638 
971 93 13 15 0.054138754 
502 16 10 13 0.053901464 
83 112 12 15 0.053886328 
921 51 11 14 0.053771153 
312 114 14 16 0.053025573 
943 45 10 13 0.052613046 
694 43 11 11 0.052489873 
553 32 10 13 0.0523042 
951 36 13 15 0.05189672 
132 171 21 26 0.051717553 
188 23 9 12 0.05145467 
975 125 15 18 0.05137929 
25 104 18 19 0.051164035 
622 156 13 16 0.05099073 
310 61 10 12 0.05080154 
29 112 15 18 0.050677434 
983 71 11 15 0.050657075 
829 47 10 11 0.050305426 
96 61 10 12 0.050302245 
1007 35 10 12 0.050277796 
934 46 10 12 0.049948286 
748 137 13 17 0.049486063 
281 153 15 18 0.048857335 
73 130 21 27 0.048701122 
110 140 12 15 0.048491705 
846 52 9 11 0.048478097 
111 47 7 10 0.04788824 
103 95 10 13 0.04785882 
766 101 13 17 0.047652297 
952 45 11 14 0.047540046 
854 23 9 11 0.047109175 
464 33 10 13 0.046925668 
97 35 10 12 0.0468592 
102 60 8 10 0.046788964 
759 56 10 12 0.046431147 
133 233 17 23 0.046360493 
828 116 14 17 0.046140283 
551 50 10 12 0.045720816 
703 44 9 12 0.045523476 
119 262 10 13 0.045441728 
595 216 18 22 0.044710953 
927 27 10 12 0.04421521 
975 83 11 13 0.044097845 
864 52 10 11 0.044093616 
1012 173 11 17 0.044044405 
886 137 15 17 0.043984547 
1012 60 9 12 0.043893225 
906 110 13 16 0.043513693 
37 29 9 12 0.04332307 
302 60 10 13 0.043290634 
547 89 12 16 0.043007758 
401 84 15 19 0.042498957 
834 14 8 11 0.042479705 
113 65 8 10 0.042455904 
910 13 9 11 0.04237646 
439 87 12 15 0.04212054 
325 54 13 15 0.042012002 
15 96 14 19 0.041959334 
888 68 9 12 0.041877735 
757 30 8 10 0.041824233 
682 184 23 29 0.041803475 
40 50 12 14 0.041444276 
580 79 11 14 0.04137689 
408 32 11 15 0.04129514 
461 93 12 15 0.04121857 
780 52 10 12 0.04105086 
38 37 12 15 0.040999133 
879 90 12 16 0.04092895 
974 21 10 12 0.040764645 
419 209 14 15 0.040722728 
495 100 12 14 0.040677402 
269 129 13 18 0.040606365 
817 58 12 14 0.040561307 
357 107 15 19 0.040535547 
787 30 11 13 0.040333774 
613 156 14 16 0.040234204 
527 110 11 14 0.04017313 
389 67 10 13 0.040065628 
395 229 17 21 0.039819576 
896 41 9 11 0.039590146 
680 46 8 11 0.039530575 
483 83 11 15 0.039477043 
466 218 14 16 0.039364226 
990 62 9 13 0.039307177 
522 47 13 15 0.03919147 
191 212 11 13 0.03908994 
893 61 9 12 0.039081283 
952 16 7 9 0.039074905 
197 44 10 13 0.03903888 
793 16 10 11 0.038938586 
767 52 10 12 0.03893295 
165 59 11 13 0.038841996 
758 78 11 14 0.03882706 
671 105 13 17 0.038563993 
470 130 13 16 0.03850781 
1000 39 10 11 0.03830887 
235 49 12 15 0.038059283 
742 92 11 13 0.038012885 
470 109 12 16 0.03799274 
777 59 10 13 0.037963323 
858 41 10 11 0.03793243 
982 23 8 10 0.037681706 
17 79 9 12 0.037330862 
254 236 12 15 0.037262943 
102 76 10 13 0.037210174 
151 69 11 13 0.03718075 
646 93 13 18 0.03701843 
646 37 10 12 0.0370089 
474 112 15 18 0.036882903 
957 49 13 15 0.03685933 
564 38 9 11 0.036761623 
293 61 13 14 0.03660489 
510 15 9 12 0.03640413 
750 56 9 11 0.036383316 
558 52 11 12 0.03632629 
172 121 18 23 0.036161013 
549 195 12 15 0.035849985 
748 39 10 12 0.03553626 
160 44 9 12 0.035414506 
220 202 22 27 0.035404034 
657 25 13 16 0.035372376 
912 25 9 12 0.03524407 
22 111 15 18 0.03519968 
19 84 15 18 0.035025854 
743 51 10 12 0.035013117 
593 19 9 13 0.034988098 
770 215 17 20 0.034857552 
226 114 14 16 0.03473367 
360 50 11 14 0.034702446 
455 99 11 14 0.034651462 
97 101 10 13 0.034624383 
702 171 13 16 0.0344641 
995 84 23 28 0.034400437 
74 94 12 16 0.034266118 
753 92 10 13 0.034155298 
775 21 8 10 0.034131333 
79 83 10 14 0.03403954 
828 52 10 13 0.03390738 
680 52 10 13 0.033878654 
328 132 15 20 0.033868477 
617 107 12 15 0.03377973 
686 46 10 11 0.0336476 
934 75 12 14 0.033146683 
847 62 10 11 0.032963052 
386 220 13 17 0.03292625 
532 103 14 18 0.032923568 
151 44 10 12 0.032820888 
190 60 11 13 0.032817505 
656 129 15 19 0.032800876 
387 227 16 21 0.03267891 
265 107 14 18 0.03266862 
337 58 12 15 0.032626193 
596 101 12 15 0.03248162 
108 52 9 12 0.032399982 
24 87 23 28 0.03234263 
412 161 15 16 0.032312408 
216 62 9 11 0.03220792 
645 83 12 16 0.032171782 
740 75 11 13 0.03216216 
271 66 12 14 0.032079615 
762 221 24 28 0.0319136 
504 44 10 13 0.031865947 
166 155 14 18 0.03180956 
639 46 10 12 0.031797256 
961 91 11 13 0.031794135 
894 86 11 15 0.031752426 
843 198 11 15 0.031680573 
937 38 9 12 0.031539325 
448 113 12 16 0.031497315 
234 69 9 12 0.031472072 
153 33 8 11 0.031467903 
219 235 16 19 0.031312175 
849 23 9 11 0.031304456 
499 115 13 16 0.0312674 
553 31 17 22 0.031224083 
150 117 11 14 0.031062584 
290 65 13 16 0.03100123 
309 83 16 20 0.030959174 
981 119 14 18 0.03083939 
276 35 11 14 0.030773709 
211 133 19 24 0.030664304 
782 44 10 13 0.030574193 
127 62 9 12 0.030429166 
910 50 11 12 0.03038765 
172 147 21 25 0.030386027 
226 44 18 24 0.030222943 
877 136 14 17 0.030153155 
225 51 11 15 0.030142253 
420 37 10 12 0.03012487 
183 39 18 22 0.030044021 
278 169 15 18 0.0299834 
798 76 11 14 0.02992061 
735 94 10 14 0.029874504 
143 71 10 11 0.029863598 
508 43 11 13 0.029792707 
217 92 15 18 0.029781468 
710 77 13 17 0.029704493 
455 53 11 13 0.02969295 
900 87 18 23 0.029665817 
244 53 16 19 0.02964131 
223 221 25 31 0.029622378 
349 104 15 18 0.029609852 
4 93 15 22 0.02948812 
680 245 24 29 0.029484423 
917 220 10 14 0.029428333 
164 68 11 14 0.029398086 
903 40 9 12 0.029396133 
824 26 18 22 0.029345611 
159 97 13 16 0.029336104 
463 83 13 15 0.02929506 
251 212 12 15 0.02916788 
121 223 10 14 0.029138094 
381 225 14 20 0.029112935 
276 62 20 23 0.02910222 
686 164 16 19 0.029101696 
126 84 11 15 0.028969074 
1013 45 9 13 0.028826742 
380 15 13 15 0.028806597 
32 64 9 10 0.028794473 
889 75 9 12 0.028738137 
993 46 10 13 0.028688071 
138 181 17 22 0.028596943 
353 35 11 13 0.02848691 
501 248 9 11 0.028465493 
206 210 40 51 0.028421704 
358 38 11 15 0.028316502 
920 60 11 13 0.028201353 
261 120 14 18 0.028188547 
769 47 10 13 0.028112441 
945 51 9 12 0.028021738 
640 120 20 25 0.028017776 
119 68 9 11 0.0280029 
311 54 11 14 0.02779761 
311 240 28 31 0.027797045 
158 143 15 20 0.027668703 
695 22 18 23 0.02758605 
571 131 13 16 0.027552383 
771 93 13 16 0.027533757 
902 79 9 11 0.027512444 
275 45 13 16 0.027330145 
587 244 15 18 0.02723208 
637 51 11 15 0.027167885 
825 24 9 11 0.027166309 
603 82 13 15 0.027150739 
420 161 14 16 0.027143387 
509 22 10 12 0.02695388 
841 62 9 12 0.026940128 
830 24 9 12 0.026913265 
965 201 14 17 0.026885133 
502 94 11 14 0.026817326 
380 212 13 16 0.02671472 
684 101 11 15 0.02663732 
735 59 10 12 0.026637137 
424 144 15 18 0.026623966 
319 1 11 10 0.026514294 
624 87 14 17 0.026481507 
145 54 10 13 0.026331384 
599 32 10 13 0.026209017 
838 200 14 18 0.026200756 
76 156 22 25 0.026178258 
836 30 9 12 0.026136108 
2 163 12 17 0.026131283 
942 132 13 17 0.026120834 
950 22 8 10 0.026116874 
21 78 10 13 0.026085764 
599 0 12 11 0.026076205 
203 55 13 15 0.026045624 
373 51 11 13 0.025987249 
50 50 13 15 0.025868645 
265 22 8 10 0.025867451 
590 0 12 11 0.025858138 
454 266 13 17 0.025820322 
740 116 15 19 0.025813725 
744 60 9 11 0.025759066 
823 14 8 10 0.025727957 
920 119 13 17 0.025638405 
230 59 10 12 0.025634857 
879 45 10 12 0.02556052 
120 55 9 12 0.025546707 
585 14 10 12 0.025541335 
70 114 16 19 0.025480714 
207 78 11 14 0.025459534 
947 211 11 14 0.025438244 
839 38 8 11 0.025384001 
468 92 12 15 0.025337448 
736 216 12 15 0.025308084 
980 29 10 14 0.025231145 
391 98 13 17 0.025215233 
319 60 10 13 0.0251794 
398 18 11 14 0.025106542 
683 177 19 22 0.02503226 
20 162 14 17 0.025031302 
500 155 13 15 0.025021344 
550 203 12 16 0.02501654 
977 145 15 18 0.025002567 
861 220 23 30 0.024865992 
507 105 11 15 0.024790943 
24 115 23 30 0.024785697 
676 256 25 29 0.024767067 
466 155 14 17 0.024756515 
653 87 11 14 0.024737619 
966 28 12 15 0.024725156 
444 55 11 14 0.024637403 
16 83 10 15 0.02461294 
818 47 9 11 0.024489244 
309 254 26 27 0.024446495 
96 47 18 23 0.024444982 
919 24 10 12 0.024439115 
982 52 10 13 0.024356795 
269 54 19 23 0.024329606 
997 51 11 14 0.024317993 
71 79 9 12 0.02424138 
462 52 10 13 0.024240863 
276 126 14 19 0.02417734 
310 323 16 20 0.024115732 
511 0 10 10 0.024110226 
528 86 11 14 0.024023183 
688 39 10 13 0.024001166 
899 98 13 16 0.023886472 
116 164 13 16 0.023879047 
31 68 9 12 0.023867546 
111 79 9 12 0.023857428 
361 90 13 17 0.02380939 
237 73 11 14 0.023801833 
78 77 10 14 0.023711137 
983 44 10 14 0.023696674 
927 38 9 13 0.023680545 
348 237 11 15 0.023615215 
711 96 14 17 0.023461796 
596 241 15 18 0.023414968 
233 227 14 18 0.02333198 
500 83 12 14 0.023263624 
309 66 13 15 0.023240518 
949 131 13 17 0.02321184 
926 76 11 14 0.023208164 
815 130 12 16 0.023157278 
792 21 10 12 0.02314011 
561 135 16 18 0.023118384 
757 37 10 12 0.023116596 
777 36 10 13 0.02311036 
816 31 10 13 0.023066496 
39 60 9 12 0.023045445 
762 153 15 18 0.023021173 
879 39 9 11 0.023005916 
956 122 14 17 0.022966955 
652 119 13 17 0.022963025 
646 144 16 19 0.022915546 
517 262 8 10 0.022906413 
751 57 17 23 0.022900267 
827 216 15 19 0.02288853 
772 84 12 16 0.022821559 
78 71 9 12 0.022800736 
598 51 11 13 0.022794934 
486 115 12 17 0.022751415 
476 48 13 16 0.022725794 
518 58 11 14 0.02268346 
604 52 13 14 0.022538457 
652 35 11 13 0.02250762 
741 70 10 12 0.022476198 
162 75 12 14 0.022438532 
99 156 16 20 0.02242098 
365 59 13 15 0.02241927 
738 44 10 13 0.022411743 
151 50 18 24 0.022390772 
263 70 11 13 0.022304354 
82 318 23 29 0.02229321 
263 59 12 14 0.022254229 
166 112 15 17 0.022251543 
664 86 10 14 0.022214131 
612 210 16 20 0.022207027 
164 52 13 15 0.022171246 
303 68 10 13 0.02214029 
59 61 11 14 0.02210187 
752 74 11 14 0.022099 
504 72 12 14 0.022087479 
465 138 17 21 0.022070846 
188 107 12 14 0.022061154 
34 109 14 16 0.022060199 
768 38 10 12 0.021979067 
300 228 14 21 0.021953229 
533 77 10 12 0.021948531 
308 108 15 17 0.021904815 
109 237 10 12 0.021853974 
421 48 12 13 0.021714266 
227 122 16 19 0.021704892 
161 134 21 28 0.02168747 
351 54 11 14 0.021667931 
366 21 10 13 0.021650717 
874 54 19 24 0.02154362 
444 162 13 15 0.021528406 
870 32 9 11 0.02151271 
807 21 9 10 0.02150977 
48 58 19 23 0.021499768 
298 224 26 34 0.021481324 
637 114 12 15 0.021456327 
641 37 11 14 0.02144631 
662 38 19 22 0.021440914 
927 17 9 10 0.021440648 
998 106 12 15 0.021418462 
260 237 12 15 0.02135549 
3 154 12 18 0.021336006 
170 159 17 19 0.021287058 
250 60 13 15 0.021273542 
968 51 19 23 0.021256637 
479 99 11 14 0.021243436 
435 112 14 17 0.021210447 
380 55 13 15 0.021184696 
960 21 9 11 0.02116086 
759 199 25 30 0.021153867 
116 141 17 21 0.02115117 
157 80 13 18 0.021127678 
144 47 8 10 0.02111434 
554 107 12 17 0.021108484 
638 1 14 17 0.021098373 
605 98 12 16 0.021077426 
790 318 26 31 0.021029707 
462 16 9 12 0.02097199 
673 236 24 28 0.020970507 
1012 88 12 17 0.020958344 
643 172 15 18 0.020946983 
592 52 9 12 0.020941313 
144 60 9 12 0.020921847 
959 16 8 9 0.020920895 
819 163 15 19 0.020909237 
809 86 14 17 0.020893876 
132 77 11 14 0.020876369 
583 60 9 12 0.020851051 
398 104 15 18 0.02083199 
484 98 13 15 0.020765407 
930 130 15 17 0.020764641 
959 222 10 12 0.020752216 
395 95 16 19 0.020748938 
118 111 14 18 0.020717984 
564 260 12 15 0.020706344 
308 0 13 11 0.020691091 
426 52 12 15 0.020689229 
204 66 12 14 0.020671258 
367 202 15 18 0.02066145 
706 28 12 15 0.02065842 
134 67 10 13 0.020649021 
557 92 12 16 0.020604024 
549 324 13 17 0.020562718 
894 54 10 12 0.020543624 
764 79 12 16 0.020483874 
722 84 12 15 0.020474091 
886 39 8 10 0.020461919 
594 228 24 27 0.02043261 
495 52 10 13 0.020429851 
163 202 15 18 0.020399727 
510 93 11 14 0.02037451 
339 150 14 18 0.020356225 
893 122 14 17 0.02031384 
974 67 12 15 0.020274505 
199 236 10 13 0.020266693 
956 131 14 18 0.02023112 
176 59 10 13 0.020214504 
776 182 21 27 0.020205364 
740 40 18 22 0.02018069 
883 104 15 19 0.020175781 
909 122 13 16 0.020151174 
269 22 9 11 0.020139758 
380 132 13 16 0.020132639 
33 98 14 17 0.020130593 
816 54 21 23 0.020126116 
540 59 11 14 0.020116283 
