0_Parade_Parade_0_125
108
518 339 28 36 0.99730515 
1004 341 21 35 0.9880989 
584 269 25 34 0.94469166 
12 412 13 18 0.91714376 
10 474 20 27 0.8966561 
472 271 23 30 0.8166726 
423 253 10 13 0.24996316 
973 444 9 13 0.18399027 
587 253 27 35 0.17023022 
54 440 25 32 0.16530173 
255 474 15 18 0.16314161 
381 502 10 11 0.13947792 
700 241 15 21 0.13294072 
566 240 15 17 0.12761578 
96 462 10 12 0.11007931 
958 469 8 10 0.09773833 
41 430 9 11 0.09385876 
586 336 25 30 0.08928858 
589 251 17 22 0.080919825 
884 430 9 10 0.07875519 
391 282 14 19 0.07870038 
47 430 10 12 0.07827851 
53 431 10 13 0.07794465 
376 500 11 14 0.07786518 
612 288 23 37 0.076607786 
986 494 31 56 0.0697239 
64 450 14 18 0.063451104 
572 268 26 32 0.053658064 
469 284 15 22 0.052083325 
855 438 7 9 0.04753195 
847 485 7 10 0.04596098 
46 436 13 17 0.04492549 
0 489 10 16 0.043159768 
313 471 10 12 0.04278373 
476 346 18 20 0.041965228 
374 286 13 17 0.041175906 
500 292 14 20 0.040709924 
845 469 9 13 0.04005649 
379 285 15 19 0.039787278 
897 424 9 11 0.03892991 
840 495 7 8 0.03859011 
389 294 23 34 0.038196854 
256 469 25 28 0.03812708 
861 455 7 10 0.037405368 
895 447 8 9 0.036900576 
863 488 9 10 0.035911903 
340 502 12 13 0.035657674 
936 446 7 8 0.035471946 
491 281 13 19 0.035101037 
327 514 14 19 0.03463618 
845 475 9 13 0.03435565 
600 279 26 35 0.034137834 
40 424 9 12 0.03338664 
-1 459 35 47 0.03326325 
137 457 9 11 0.03315972 
93 494 10 11 0.0328071 
849 433 7 10 0.031540226 
906 457 8 10 0.030606247 
40 423 41 56 0.030203804 
482 274 21 29 0.029775558 
46 442 16 20 0.029755827 
846 464 8 10 0.02918683 
954 464 7 10 0.029019484 
729 408 8 10 0.028984595 
139 460 11 13 0.028839517 
592 244 13 17 0.02880611 
373 456 8 11 0.02876414 
1013 314 10 17 0.028533908 
16 469 15 20 0.02795668 
88 462 9 12 0.027184444 
256 446 10 11 0.02693799 
881 460 8 11 0.026877599 
110 455 8 10 0.026779043 
38 543 11 16 0.02659056 
599 337 18 21 0.02646479 
395 289 13 19 0.026241068 
273 398 9 11 0.025966907 
102 457 9 10 0.025675038 
89 495 9 10 0.025437651 
943 397 9 11 0.02540927 
872 439 8 9 0.025374342 
53 455 15 20 0.02516324 
885 424 8 11 0.025139688 
494 288 13 19 0.025041511 
43 433 25 35 0.024967467 
119 465 10 11 0.024608945 
476 261 14 17 0.024462398 
951 399 8 10 0.024134701 
913 446 7 9 0.023761904 
105 470 9 13 0.023578428 
765 480 8 11 0.023529613 
950 447 8 11 0.023438625 
104 485 9 13 0.023288464 
880 503 9 12 0.02326147 
108 471 12 14 0.023243122 
249 476 12 15 0.023120442 
909 455 8 11 0.023063583 
369 501 12 14 0.022546703 
384 214 11 14 0.02253581 
0 414 8 12 0.022531338 
204 469 10 12 0.022474227 
870 487 7 9 0.022264112 
117 469 10 11 0.022164376 
890 470 8 10 0.0217417 
362 294 35 48 0.021333044 
542 344 23 30 0.02113054 
381 268 14 17 0.02105946 
847 503 7 9 0.020703869 
