0_Parade_marchingband_1_490
931
652 389 15 20 0.9915559 
884 358 15 20 0.98914474 
662 360 14 18 0.9888671 
882 332 14 16 0.9883209 
482 356 16 19 0.9871191 
630 331 14 18 0.98642784 
500 328 14 17 0.98524034 
538 438 17 22 0.98462915 
923 338 13 17 0.9845694 
264 391 13 19 0.9841935 
390 358 15 20 0.9833965 
439 358 14 19 0.9818256 
237 284 12 16 0.9817178 
613 285 12 16 0.9793154 
878 390 16 20 0.978634 
307 388 14 18 0.97712815 
413 332 12 16 0.97584575 
787 392 14 18 0.9754857 
526 356 15 18 0.972354 
245 326 13 17 0.97182584 
276 285 11 15 0.9708901 
551 388 16 21 0.9705164 
839 247 11 14 0.96897316 
718 308 12 15 0.96852744 
302 358 14 17 0.9667904 
678 305 14 17 0.96677464 
123 353 14 18 0.96674794 
837 391 15 19 0.9666628 
290 453 16 19 0.96609557 
669 453 18 22 0.9658858 
572 359 13 18 0.9647624 
575 282 12 15 0.96379215 
752 360 14 18 0.9632876 
454 390 15 20 0.9630487 
718 238 10 13 0.95864314 
205 327 13 16 0.9523772 
759 310 13 16 0.95138013 
408 451 17 22 0.94959736 
170 355 13 17 0.94926184 
405 190 10 12 0.9491918 
439 302 14 18 0.948087 
586 330 14 17 0.9464402 
674 330 13 18 0.94613254 
504 387 16 20 0.94575065 
639 306 13 16 0.9449645 
217 394 15 19 0.94434935 
79 398 13 16 0.9408278 
743 390 15 20 0.9404455 
303 266 12 16 0.93981636 
86 334 13 15 0.9391491 
167 285 11 14 0.9387249 
261 355 14 17 0.93632054 
282 304 13 18 0.93527365 
148 241 12 15 0.93279827 
837 286 11 15 0.92935324 
600 389 14 18 0.9293035 
461 284 12 16 0.9267181 
696 391 15 19 0.92593795 
707 358 14 16 0.9248588 
811 230 10 13 0.9231743 
347 358 14 18 0.9226548 
686 287 12 14 0.92208457 
205 305 13 17 0.91934717 
201 284 12 15 0.9183746 
405 388 16 19 0.9183046 
432 246 11 14 0.91696537 
358 389 15 18 0.91209215 
293 246 12 15 0.9105116 
357 206 9 11 0.90937215 
328 246 11 14 0.90922034 
369 330 14 18 0.9084313 
704 248 12 15 0.9037149 
313 284 11 15 0.9013777 
287 328 13 17 0.90072703 
563 306 13 16 0.89750963 
932 366 13 17 0.8970052 
835 360 14 18 0.89625454 
422 284 13 15 0.89553416 
668 204 10 13 0.8948746 
750 333 13 16 0.89439857 
493 287 12 16 0.8936016 
628 270 12 16 0.8934324 
544 331 13 16 0.89159614 
330 328 13 18 0.88770556 
932 387 14 19 0.8851484 
245 304 12 15 0.8829857 
728 202 10 12 0.8787839 
621 186 10 14 0.8786632 
801 267 12 14 0.8782081 
975 397 13 16 0.8775345 
734 266 12 16 0.87525886 
702 203 9 13 0.87143296 
652 237 10 14 0.8696828 
555 266 13 16 0.85887057 
557 192 9 11 0.85766983 
217 360 14 18 0.85732704 
800 310 12 16 0.8569232 
31 392 14 18 0.85268056 
264 199 9 12 0.8522678 
351 285 11 15 0.85171324 
385 283 12 16 0.84938604 
535 250 12 15 0.84893245 
196 264 11 14 0.845243 
482 306 13 16 0.8452416 
442 266 13 16 0.8410534 
341 190 10 13 0.8402467 
78 359 14 18 0.8398042 
697 267 11 14 0.83717877 
360 303 12 17 0.83567697 
224 248 11 14 0.83425313 
125 397 14 18 0.83228415 
545 206 9 11 0.8279992 
686 235 10 14 0.8242435 
838 327 13 17 0.8239475 
592 268 12 15 0.82092017 
375 192 9 11 0.8194923 
575 204 9 13 0.8137174 
789 212 10 13 0.8133352 
373 266 10 14 0.8117919 
529 213 10 13 0.80737525 
714 328 13 17 0.8068273 
400 306 12 16 0.806324 
669 249 12 15 0.80068505 
837 312 14 18 0.7989572 
591 188 8 11 0.7959967 
661 267 11 14 0.7933307 
717 215 10 12 0.782976 
341 267 12 14 0.7807972 
171 397 13 17 0.76632565 
526 191 7 10 0.7643494 
560 215 12 15 0.75842476 
600 304 13 16 0.75589 
581 232 10 14 0.75410956 
523 305 13 16 0.75273633 
794 360 13 17 0.7509111 
498 213 10 12 0.7457633 
650 285 12 15 0.74381757 
381 232 10 13 0.7411936 
536 285 12 14 0.74003106 
769 271 9 12 0.7389909 
518 267 12 14 0.7364431 
548 232 10 14 0.73011637 
726 286 10 13 0.7292092 
793 330 13 16 0.72874683 
247 214 8 11 0.72870183 
124 327 13 15 0.72729677 
615 357 15 18 0.7247442 
797 287 12 14 0.72260946 
406 265 12 16 0.72154033 
320 304 12 16 0.7147961 
391 206 9 12 0.71035296 
164 304 12 16 0.7007956 
436 193 8 11 0.70076466 
454 202 9 12 0.69408685 
745 231 9 12 0.68573344 
265 263 12 16 0.6790067 
259 247 10 14 0.6762333 
684 188 10 12 0.6761191 
636 204 9 11 0.6681662 
304 216 9 12 0.6628451 
653 189 9 12 0.6620694 
760 288 10 14 0.6565068 
454 235 9 13 0.6558732 
457 330 14 17 0.6551946 
785 216 10 12 0.6546273 
503 251 11 14 0.6469067 
605 248 12 14 0.645707 
310 232 10 13 0.62747836 
220 227 9 13 0.62309545 
216 211 9 11 0.62094665 
396 247 12 15 0.6098629 
122 286 12 16 0.5941153 
510 204 9 11 0.5900274 
627 220 9 11 0.5858225 
403 215 11 14 0.58556324 
595 219 9 12 0.5703869 
872 297 12 15 0.56485444 
636 250 12 14 0.56372166 
481 269 12 15 0.5613746 
188 226 11 13 0.5585911 
436 215 10 14 0.55211765 
772 251 11 13 0.5495353 
294 200 9 12 0.5429168 
279 189 9 11 0.53691655 
234 198 8 11 0.5298815 
756 202 10 13 0.51991755 
776 231 10 13 0.51500684 
878 314 10 14 0.5097553 
231 264 11 15 0.5080949 
605 201 9 12 0.50767654 
469 185 7 10 0.5069993 
167 325 12 17 0.50431854 
517 235 10 13 0.50257164 
846 265 10 14 0.49887756 
182 244 12 15 0.48868677 
363 248 11 13 0.47513866 
281 232 9 12 0.4652527 
617 233 12 14 0.46174857 
570 249 12 15 0.46105295 
420 203 9 12 0.45709008 
252 230 9 12 0.44630384 
468 248 10 14 0.42313632 
736 249 11 14 0.42113236 
809 249 11 14 0.40064466 
484 232 9 12 0.39910185 
346 232 10 12 0.39729267 
482 204 10 12 0.39704108 
420 233 10 14 0.3931028 
185 210 10 13 0.39072114 
370 216 10 13 0.38625628 
277 215 9 12 0.3823265 
173 231 9 11 0.37751633 
791 209 9 11 0.37149814 
338 215 8 11 0.36134848 
498 185 8 10 0.35869575 
311 188 8 11 0.35804302 
661 219 9 12 0.3410423 
602 205 9 10 0.3365964 
97 404 10 14 0.30573288 
467 215 8 11 0.2991852 
632 247 12 15 0.2921303 
655 461 12 15 0.28689933 
600 238 8 10 0.25910914 
248 221 9 11 0.24985856 
693 221 8 11 0.249 
327 200 9 12 0.24857755 
740 269 11 14 0.24171004 
502 232 9 11 0.23184048 
123 306 12 15 0.22832063 
591 251 11 12 0.20826367 
504 309 10 13 0.1976822 
630 289 13 16 0.19686419 
677 270 9 12 0.19582286 
708 286 9 12 0.18486838 
217 221 10 14 0.18222432 
566 239 9 11 0.18111148 
638 270 10 14 0.17878579 
239 205 7 11 0.17798793 
687 326 11 15 0.17710942 
733 288 10 12 0.17144535 
242 213 8 11 0.17014235 
464 309 10 12 0.16826034 
667 291 12 14 0.16400139 
487 250 10 13 0.1590405 
750 221 8 11 0.15682554 
633 238 8 11 0.15277793 
514 269 9 12 0.14862011 
696 307 10 13 0.1470426 
155 260 11 13 0.1461112 
645 221 9 11 0.14593765 
767 329 11 14 0.14590114 
542 307 12 15 0.14401814 
597 285 12 14 0.13940717 
368 263 12 15 0.13855997 
751 216 9 11 0.13605845 
803 289 11 16 0.13553128 
186 222 10 13 0.1334259 
205 231 9 11 0.124691464 
714 270 9 12 0.1246628 
79 366 14 19 0.124053866 
514 222 8 9 0.123370126 
842 309 13 16 0.12248254 
541 269 10 12 0.12224085 
648 327 11 15 0.12165887 
808 331 10 14 0.12096549 
539 277 12 15 0.120750986 
623 252 11 13 0.1205965 
574 269 11 14 0.11885346 
851 266 10 14 0.114525974 
720 262 10 13 0.1138623 
308 219 9 11 0.113694616 
748 270 10 13 0.11286059 
764 302 12 15 0.11263307 
289 250 10 14 0.11224562 
910 370 14 18 0.11156432 
963 379 11 14 0.11033435 
263 237 8 11 0.10947073 
377 234 10 13 0.108273454 
512 231 10 12 0.10799983 
240 365 13 16 0.107062705 
118 468 9 11 0.10613932 
772 274 12 15 0.104453295 
638 230 9 12 0.10370201 
534 232 8 11 0.101402424 
610 222 9 11 0.100016974 
738 308 10 13 0.09916814 
553 254 9 11 0.09626937 
884 269 12 16 0.091293745 
309 278 13 16 0.08912637 
135 271 10 12 0.089011885 
620 306 12 14 0.088688366 
629 216 9 12 0.08756234 
404 245 10 14 0.08628524 
668 268 11 14 0.08591301 
501 206 9 12 0.085861035 
722 237 11 15 0.08581737 
407 236 9 11 0.08577631 
581 305 13 16 0.08567651 
152 268 10 13 0.08559292 
143 227 10 13 0.08542183 
199 248 8 11 0.085169256 
448 232 11 13 0.08463085 
566 337 14 17 0.08401185 
688 256 10 12 0.083945036 
864 337 11 16 0.08338186 
129 331 13 15 0.082972854 
350 252 10 12 0.0825726 
579 206 9 12 0.08252273 
234 203 10 12 0.08247415 
174 379 12 14 0.08246504 
136 314 12 15 0.081688896 
271 279 12 15 0.081492715 
533 237 9 11 0.08101046 
470 231 9 11 0.08044078 
185 240 10 13 0.08034515 
611 413 14 17 0.08022117 
400 267 12 15 0.079717204 
694 214 8 11 0.07968319 
311 252 10 12 0.07956326 
779 275 12 15 0.07955654 
505 199 9 11 0.07936088 
111 314 12 16 0.079242565 
726 325 12 15 0.07794403 
553 354 15 18 0.07781933 
522 262 13 15 0.07763744 
607 324 12 14 0.07740267 
656 262 12 15 0.07716877 
714 356 12 15 0.07684204 
284 365 11 14 0.07591881 
520 253 9 11 0.07526982 
109 340 10 13 0.07485398 
335 262 12 15 0.07365952 
539 373 13 17 0.07312762 
200 361 14 17 0.07190868 
769 261 10 13 0.070952 
692 237 9 13 0.07071891 
533 308 11 15 0.07071592 
527 231 9 12 0.070607424 
728 254 9 13 0.07058755 
302 237 9 13 0.07041052 
341 186 8 10 0.07028867 
309 462 12 14 0.069438465 
683 185 9 11 0.06883657 
361 268 11 13 0.06863071 
737 302 10 13 0.06848024 
406 208 9 10 0.068205014 
249 234 10 12 0.068173386 
221 209 8 10 0.06789812 
470 236 9 11 0.06747432 
264 232 9 12 0.0672561 
518 242 11 13 0.06717691 
535 315 12 16 0.06686209 
95 400 10 14 0.06668921 
726 261 11 14 0.06658652 
643 269 11 14 0.06657293 
759 236 10 13 0.06635313 
438 237 11 13 0.06631038 
604 455 11 14 0.06626683 
758 221 9 12 0.06518526 
656 308 10 13 0.0648221 
386 207 8 11 0.06473765 
748 234 10 13 0.06433278 
840 280 11 14 0.06387037 
472 269 11 14 0.06358413 
649 232 10 13 0.063548565 
630 263 11 14 0.063307434 
658 216 9 12 0.06329072 
390 202 9 10 0.063096605 
893 270 11 14 0.06305087 
608 229 9 12 0.06296601 
264 301 11 14 0.062464237 
805 349 12 16 0.0618726 
353 386 13 18 0.061822042 
254 236 10 12 0.061696928 
280 195 8 10 0.061214376 
608 268 10 13 0.060864512 
133 289 13 17 0.060607024 
853 238 10 12 0.05996823 
422 215 9 12 0.059234165 
273 219 10 11 0.059065115 
81 422 8 11 0.05892879 
218 236 9 12 0.058788624 
72 351 10 13 0.058557615 
125 390 13 17 0.057831533 
570 306 13 16 0.05765882 
528 236 9 12 0.057543945 
246 210 8 10 0.057471395 
290 205 9 11 0.057183996 
297 356 13 16 0.056299817 
200 231 9 11 0.0562727 
676 276 11 13 0.05612617 
640 214 8 11 0.055671155 
177 244 10 14 0.055053964 
495 247 11 13 0.0549116 
388 230 10 13 0.05481633 
624 274 12 15 0.05470821 
232 193 9 12 0.053851176 
171 389 14 18 0.053706024 
533 219 9 12 0.053565133 
937 368 14 18 0.05334126 
691 290 11 15 0.05292835 
296 241 10 13 0.05262525 
768 230 10 13 0.052136894 
638 258 11 15 0.052089933 
613 268 12 13 0.051905323 
830 262 10 12 0.051833563 
456 363 12 17 0.051433817 
468 219 10 12 0.051418394 
699 200 9 12 0.051273916 
790 255 9 11 0.05109737 
712 276 10 13 0.05067762 
707 290 11 15 0.050195403 
704 463 9 11 0.050012823 
346 284 11 15 0.049866557 
676 246 10 14 0.049603935 
463 207 9 11 0.049587056 
165 469 10 13 0.04955512 
615 216 8 10 0.04933113 
189 246 9 13 0.049317982 
351 141 7 9 0.04928893 
824 283 9 12 0.0489919 
294 274 11 14 0.048902746 
543 224 9 10 0.048827123 
478 394 15 19 0.04867116 
631 230 9 11 0.04864534 
513 213 9 12 0.048603974 
189 235 10 12 0.048557606 
528 253 10 12 0.048519146 
462 312 13 17 0.04851075 
866 273 14 17 0.048414756 
213 436 13 17 0.0483687 
376 205 9 11 0.048118442 
723 314 12 16 0.047674656 
512 261 9 13 0.047561362 
470 197 9 11 0.047553953 
532 323 13 16 0.047124 
640 354 12 15 0.047074236 
809 225 9 12 0.047022205 
791 238 9 11 0.047009274 
723 354 12 15 0.046964955 
646 278 12 15 0.04677286 
317 237 10 12 0.04671925 
711 380 11 16 0.0466335 
739 291 11 14 0.046511438 
797 300 14 17 0.046409998 
399 238 11 12 0.046063077 
55 480 11 13 0.04603277 
616 306 11 15 0.045877274 
622 262 12 14 0.045423117 
608 278 12 15 0.045369737 
279 253 11 13 0.04508941 
734 222 9 12 0.045060363 
755 322 13 18 0.04498693 
663 286 10 13 0.04477683 
500 188 8 11 0.044364184 
636 286 12 14 0.04412868 
354 210 9 12 0.04407294 
573 262 11 12 0.044041954 
661 239 10 12 0.044033106 
895 386 12 17 0.04397893 
322 246 9 12 0.043872483 
361 382 16 20 0.043865636 
653 194 11 13 0.04380812 
278 261 11 13 0.043414075 
501 316 13 16 0.04332387 
104 483 11 14 0.043229308 
883 316 11 14 0.042997368 
582 224 8 10 0.042970315 
286 355 12 15 0.04265936 
483 263 12 15 0.042571854 
297 213 9 11 0.042483266 
407 327 12 15 0.042333562 
871 317 11 15 0.04221481 
503 268 11 13 0.0421915 
758 246 10 13 0.042163443 
612 246 10 13 0.0421519 
468 274 12 16 0.042085785 
33 399 15 19 0.04165947 
700 301 11 14 0.041627884 
559 210 9 10 0.041538056 
682 231 11 13 0.04147971 
654 254 10 13 0.04144107 
287 276 11 14 0.041402016 
279 208 8 10 0.041362133 
862 321 14 17 0.04122 
357 527 13 17 0.041169748 
261 194 17 22 0.041138574 
175 267 10 13 0.04096899 
779 234 11 14 0.040703826 
71 464 11 12 0.040361986 
688 217 10 11 0.04035122 
76 351 13 17 0.040344868 
176 420 10 12 0.040235415 
353 201 18 23 0.040132318 
206 252 9 12 0.040117335 
393 305 12 17 0.04006779 
497 237 9 12 0.04005676 
772 292 12 14 0.03991319 
840 265 11 16 0.039520722 
380 192 8 11 0.03909024 
455 254 10 12 0.03908404 
774 285 10 12 0.03870097 
588 236 10 13 0.0386913 
662 301 11 14 0.03855488 
533 297 12 16 0.03854447 
607 216 8 10 0.038234662 
916 393 14 18 0.038194694 
572 325 13 15 0.03796335 
377 268 11 14 0.037900236 
794 291 12 15 0.037893865 
647 241 12 15 0.03779005 
794 389 14 19 0.03777939 
103 317 12 15 0.037700683 
666 259 13 16 0.037588894 
380 262 11 13 0.037356768 
264 214 9 11 0.03734228 
844 275 12 14 0.0372755 
210 303 12 15 0.037015796 
56 405 11 14 0.036845084 
397 207 9 11 0.036823947 
719 209 9 10 0.03675211 
895 317 10 14 0.03670755 
520 214 8 11 0.03658791 
716 276 12 14 0.036586832 
125 338 15 18 0.03655187 
613 252 10 13 0.03644953 
342 273 12 16 0.03643884 
191 253 9 12 0.036047574 
596 263 11 14 0.0360022 
554 187 17 22 0.035987638 
470 206 8 11 0.03596136 
279 370 13 16 0.035899304 
440 208 8 11 0.03587052 
588 368 14 18 0.035798773 
127 381 10 13 0.035686705 
427 279 13 16 0.03547398 
548 306 13 16 0.03533904 
900 339 11 15 0.0351997 
509 247 10 13 0.03518818 
713 232 8 11 0.035153076 
399 329 13 17 0.035134993 
417 284 12 15 0.035093933 
415 251 11 13 0.0350213 
824 261 9 12 0.034770213 
593 331 13 17 0.034692157 
685 194 11 13 0.034618855 
303 211 17 22 0.034610506 
204 311 15 20 0.034562066 
285 184 8 10 0.034523882 
198 252 10 14 0.03450447 
238 248 9 12 0.03448191 
420 361 13 17 0.03435366 
403 313 13 16 0.03423662 
344 252 11 13 0.034190446 
62 363 12 16 0.034187898 
338 300 13 15 0.03415506 
335 207 8 9 0.03410033 
528 287 11 13 0.033988975 
653 278 12 16 0.033980824 
679 354 11 14 0.033963345 
422 252 10 12 0.033934508 
558 292 12 15 0.033914536 
480 251 10 13 0.033896983 
284 189 9 11 0.03389416 
382 317 14 17 0.03384502 
366 291 13 15 0.03384299 
439 230 10 12 0.033737805 
111 497 11 15 0.03373703 
808 226 17 21 0.033724636 
422 261 11 14 0.033669613 
232 279 12 14 0.033619177 
745 206 9 12 0.033548642 
481 223 8 10 0.033541124 
149 480 12 14 0.033464883 
593 207 8 10 0.03338343 
702 240 10 12 0.033355616 
1005 378 19 29 0.03327238 
486 221 9 11 0.03321163 
746 224 9 11 0.03318256 
399 339 13 15 0.033154104 
311 302 12 16 0.033054613 
717 349 13 16 0.032980032 
845 303 12 14 0.03294264 
265 194 8 10 0.032846883 
599 231 9 11 0.032824267 
98 513 14 16 0.032753665 
339 350 14 17 0.03274919 
561 238 9 12 0.032716032 
582 246 10 12 0.03252182 
455 288 13 17 0.03235478 
407 286 11 13 0.032161217 
125 279 11 14 0.03215262 
253 276 12 15 0.03210721 
447 325 12 16 0.032063615 
169 306 12 15 0.032059144 
158 268 10 13 0.03200867 
519 207 8 11 0.031998448 
180 418 12 14 0.031957086 
407 291 12 15 0.03193322 
738 261 12 16 0.031878415 
722 301 12 15 0.031845026 
769 248 10 13 0.03181535 
698 199 18 23 0.0318114 
95 410 11 14 0.031705417 
464 231 9 11 0.031702567 
560 247 9 11 0.03169387 
501 277 12 14 0.031517528 
668 239 11 13 0.031393416 
450 198 18 23 0.03130158 
253 338 12 17 0.031190353 
743 273 11 13 0.03118435 
740 314 12 16 0.031167736 
342 291 11 14 0.03111011 
680 290 13 16 0.03109734 
150 250 12 16 0.031085728 
369 262 18 23 0.030950576 
347 262 11 14 0.030946394 
731 324 11 14 0.030927226 
670 385 12 17 0.03086106 
359 220 9 12 0.030791784 
912 286 10 12 0.03078696 
178 355 11 16 0.030744877 
343 403 14 16 0.030728035 
864 270 11 15 0.030681528 
486 330 12 16 0.030668626 
244 208 18 24 0.03066502 
672 274 10 13 0.030639127 
497 231 9 11 0.030627487 
481 212 9 12 0.030604253 
149 274 11 14 0.030602185 
216 270 10 13 0.030490784 
556 253 11 12 0.030482467 
725 199 17 22 0.030411424 
252 223 9 11 0.030203126 
467 315 13 17 0.030007109 
884 310 10 13 0.030004313 
796 212 9 12 0.02999658 
154 242 11 14 0.029984009 
402 185 18 22 0.029979251 
854 290 12 15 0.029915256 
565 291 13 16 0.029860513 
212 469 10 14 0.029807726 
564 230 10 12 0.029711358 
222 277 11 14 0.029698076 
308 227 18 22 0.02961243 
205 356 12 17 0.029608583 
132 338 13 16 0.029497502 
295 193 8 10 0.029481754 
397 274 12 15 0.0294744 
757 213 9 12 0.029456334 
132 362 12 16 0.029453838 
577 224 8 10 0.029342405 
723 282 17 22 0.029298117 
461 356 13 16 0.029239269 
342 220 8 10 0.029222414 
746 215 9 11 0.029220812 
742 345 14 18 0.02920586 
342 207 8 10 0.0291824 
159 374 11 14 0.029154446 
569 284 13 15 0.028984569 
223 268 10 13 0.028965713 
662 457 16 20 0.028952705 
598 292 12 15 0.028943455 
311 196 9 12 0.028930243 
525 208 18 23 0.028927876 
432 210 18 23 0.028909538 
553 224 8 10 0.028883155 
99 282 15 20 0.02883405 
447 284 11 14 0.028817084 
710 206 8 10 0.028752036 
327 276 11 14 0.02872462 
177 402 13 17 0.028651359 
290 199 9 11 0.02860605 
239 231 9 12 0.028605808 
170 235 10 13 0.028306173 
270 204 8 11 0.028271934 
454 220 9 11 0.028219402 
763 347 13 17 0.028201833 
367 238 9 12 0.028141875 
336 197 9 12 0.028130949 
278 227 17 22 0.028114945 
807 338 12 16 0.028087098 
664 199 18 22 0.028041158 
350 223 10 11 0.027893215 
799 273 13 17 0.027827917 
974 150 8 11 0.027807506 
270 231 10 13 0.027744628 
167 269 9 12 0.027654573 
620 312 14 18 0.027652238 
608 290 13 15 0.027436353 
232 212 9 12 0.027338829 
711 263 9 12 0.027260033 
528 247 10 12 0.027093377 
727 244 10 13 0.026979623 
889 414 15 17 0.02695237 
383 253 10 12 0.026938621 
322 205 9 11 0.026756056 
759 251 10 14 0.026732484 
636 238 11 12 0.0266612 
370 195 9 12 0.02664935 
735 239 9 11 0.026620215 
976 407 12 15 0.026578916 
651 184 9 11 0.026517874 
642 349 14 17 0.026472596 
721 290 12 14 0.02643803 
404 252 10 13 0.026397705 
760 230 10 12 0.02638515 
268 236 10 12 0.026375368 
512 412 12 15 0.02630511 
603 427 13 18 0.026274515 
599 432 14 19 0.026237288 
233 288 12 16 0.0261653 
721 254 10 13 0.026134565 
727 279 10 13 0.026110366 
770 487 9 11 0.026102303 
585 253 9 12 0.02609869 
589 229 10 13 0.026023736 
333 284 13 15 0.02602184 
247 348 11 15 0.02598602 
416 229 18 23 0.025982345 
708 386 13 17 0.025973834 
880 263 10 12 0.025947444 
392 267 12 14 0.025911096 
162 278 10 12 0.025853945 
754 291 11 14 0.02585366 
487 213 10 12 0.025828574 
110 347 12 15 0.025820475 
509 301 12 16 0.025819294 
373 355 12 16 0.025798403 
683 231 18 22 0.025794353 
515 263 19 23 0.025784435 
118 279 13 16 0.025783725 
264 360 14 18 0.02577507 
410 263 12 15 0.02573758 
778 214 10 12 0.025672818 
534 208 8 10 0.02566646 
759 382 11 14 0.02563519 
297 268 11 15 0.025453508 
642 312 14 18 0.025445655 
504 456 12 13 0.025393065 
676 613 13 17 0.02538015 
540 301 12 15 0.025320495 
832 266 11 15 0.025280345 
121 438 10 13 0.025250962 
956 324 11 13 0.025164053 
694 272 13 16 0.025057588 
632 198 17 23 0.025037952 
263 219 10 12 0.025008284 
110 334 11 15 0.024992961 
559 286 11 14 0.024986755 
298 251 12 14 0.024971629 
432 187 17 23 0.024938716 
541 201 18 23 0.024922345 
680 183 18 22 0.024913935 
372 361 12 16 0.02489441 
512 232 18 23 0.024822725 
509 353 14 18 0.024809314 
127 422 8 11 0.024637941 
752 528 9 11 0.024627963 
172 336 15 19 0.024540696 
139 269 12 14 0.024538197 
785 208 17 22 0.02452493 
431 267 11 14 0.024520807 
306 190 8 10 0.024507318 
327 364 13 16 0.02448631 
203 279 13 16 0.024440976 
286 485 10 13 0.024345659 
841 437 11 15 0.024332246 
344 246 9 11 0.02431047 
791 299 12 15 0.024194617 
894 338 11 15 0.024155626 
644 253 11 13 0.024114544 
629 300 13 16 0.024084715 
541 262 10 12 0.024052428 
798 239 9 11 0.024030197 
623 215 17 22 0.023940686 
745 463 9 12 0.02391552 
31 407 12 16 0.023873381 
737 229 9 12 0.02383483 
130 388 13 17 0.02383232 
416 221 9 11 0.023754219 
745 337 13 17 0.023713162 
703 230 9 12 0.023621762 
551 272 13 16 0.023594905 
214 275 12 15 0.023574594 
869 285 12 15 0.023533175 
322 199 9 11 0.023511812 
103 334 11 14 0.0235104 
333 239 10 13 0.023498148 
942 412 11 14 0.023474447 
360 262 11 13 0.023472363 
824 255 9 12 0.023439664 
1009 420 12 15 0.02339078 
653 440 13 17 0.023388289 
952 320 10 12 0.023351671 
340 324 13 17 0.023347903 
480 226 17 22 0.02334615 
462 237 9 12 0.023334365 
494 315 13 17 0.023324413 
981 346 12 13 0.0233074 
226 264 10 12 0.023292046 
185 223 17 21 0.023243593 
771 300 11 15 0.023220554 
615 206 9 11 0.023206014 
552 196 9 12 0.023110026 
335 292 14 16 0.023081068 
814 285 11 13 0.023076233 
750 252 10 13 0.022959478 
232 237 8 11 0.022930348 
930 339 11 15 0.022833247 
415 411 12 15 0.022809373 
899 277 12 14 0.022726184 
63 356 10 14 0.022686353 
416 278 11 14 0.022624422 
941 311 11 14 0.022619447 
289 198 20 24 0.022618309 
443 294 14 17 0.022615226 
244 292 13 17 0.02259989 
661 413 11 15 0.022578202 
871 263 10 12 0.022574592 
622 207 9 11 0.022527868 
525 395 15 19 0.022521779 
734 214 9 11 0.022503069 
342 315 13 17 0.022460613 
510 418 14 18 0.022436641 
339 185 16 23 0.022428859 
73 362 13 18 0.022424914 
873 306 12 15 0.02235399 
132 379 12 15 0.02234692 
576 234 12 14 0.022313215 
423 267 12 14 0.022312975 
752 419 11 13 0.02228949 
425 246 10 13 0.02228382 
169 288 13 17 0.022273961 
456 279 12 15 0.022232324 
339 306 14 17 0.02221495 
591 215 17 22 0.02219088 
571 199 18 23 0.022183256 
580 348 14 17 0.02216412 
167 378 12 15 0.022163386 
701 276 10 13 0.022124348 
755 345 16 19 0.022119934 
373 187 17 22 0.02211832 
376 285 11 14 0.022113383 
520 197 9 12 0.022111997 
269 254 10 13 0.022090808 
180 348 11 17 0.02208694 
453 260 11 14 0.022029482 
570 206 8 11 0.021977652 
389 314 13 17 0.021963779 
389 201 18 23 0.021961015 
564 269 11 15 0.021830808 
439 337 13 17 0.021810189 
509 274 12 14 0.021801626 
315 231 11 14 0.021786222 
146 516 14 17 0.021710627 
833 252 11 13 0.021709312 
798 418 11 13 0.021690123 
232 315 12 16 0.021656878 
276 378 14 17 0.021632545 
229 222 10 12 0.021608526 
632 307 14 16 0.021525754 
592 285 11 14 0.02152358 
605 260 11 14 0.021493845 
596 190 8 11 0.021478212 
354 289 13 17 0.021434981 
479 198 17 24 0.021414427 
279 356 12 16 0.021393543 
282 329 12 17 0.021357732 
253 348 14 18 0.021346591 
691 229 10 14 0.021341946 
310 206 9 11 0.021327687 
766 224 9 11 0.021325406 
172 318 13 17 0.021308433 
842 290 13 15 0.021257004 
989 402 11 15 0.021248888 
353 200 8 9 0.021221457 
237 193 9 11 0.021218406 
605 238 9 11 0.021199336 
522 185 18 23 0.021190023 
208 223 10 13 0.021162607 
661 229 9 13 0.02115282 
327 193 8 9 0.021085324 
793 308 11 16 0.02107748 
688 267 12 14 0.021031322 
432 302 13 16 0.021006178 
714 210 17 22 0.020988783 
582 269 11 14 0.020953849 
124 444 9 12 0.020944346 
344 227 17 22 0.020925941 
582 213 9 10 0.02092463 
511 347 12 16 0.020919561 
374 290 11 15 0.020902278 
268 419 11 13 0.020819047 
535 330 13 17 0.020794073 
183 290 12 16 0.020766592 
452 383 16 19 0.020733891 
358 275 12 15 0.020732945 
605 329 13 17 0.020701181 
390 394 13 20 0.020657524 
492 308 12 15 0.020598829 
745 468 14 16 0.020592416 
798 350 13 16 0.020586628 
422 316 13 16 0.02054175 
208 350 10 14 0.02053684 
869 332 13 17 0.020521823 
230 231 9 12 0.020506568 
937 315 12 15 0.020495214 
141 417 12 14 0.020494254 
923 352 14 18 0.020488737 
221 420 11 13 0.020470783 
449 231 19 23 0.020449504 
419 324 13 19 0.020422993 
301 199 8 11 0.02041393 
865 299 11 14 0.020392336 
594 324 13 17 0.020373892 
590 302 13 16 0.020336831 
111 343 20 25 0.020334244 
937 392 15 18 0.020319108 
455 214 9 11 0.020313127 
771 308 11 14 0.020292023 
517 340 13 17 0.020288957 
586 183 19 23 0.020279631 
769 248 17 21 0.02024573 
84 341 15 19 0.020245353 
214 208 17 22 0.020097973 
255 282 12 15 0.02008788 
367 210 19 23 0.020075677 
282 284 12 15 0.020035103 
629 364 12 17 0.020033507 
654 315 12 15 0.020029178 
