0_Parade_Parade_0_317
428
308 78 14 18 0.9671408 
245 88 16 19 0.93338495 
605 106 16 19 0.9152148 
381 84 13 16 0.8965137 
223 98 13 17 0.8890562 
302 102 13 15 0.84353536 
331 75 13 16 0.8189339 
451 342 76 65 0.713478 
540 94 14 18 0.7128798 
566 85 13 15 0.69971573 
103 69 13 15 0.6772735 
430 86 13 15 0.65559316 
566 125 14 17 0.62002426 
271 71 11 14 0.6003817 
999 82 22 29 0.5940821 
836 71 14 18 0.59403193 
486 93 13 15 0.57465065 
308 343 44 48 0.5537654 
178 103 13 16 0.54716027 
697 100 13 16 0.53850824 
389 119 13 18 0.52567154 
784 101 11 14 0.52286464 
903 89 15 18 0.48525774 
171 198 24 29 0.4848485 
852 90 12 15 0.47175536 
159 92 14 16 0.4711916 
542 78 13 15 0.46279728 
869 92 14 16 0.45350116 
947 91 14 18 0.4337452 
123 76 21 26 0.4296592 
355 120 14 17 0.42477074 
658 75 12 16 0.40906456 
838 120 12 15 0.3607823 
642 77 13 16 0.3517252 
276 100 12 16 0.3429402 
743 115 11 14 0.33585992 
574 67 13 15 0.3269464 
644 131 16 19 0.31552184 
522 105 13 16 0.3110114 
653 102 13 16 0.2898621 
759 127 9 11 0.2793741 
624 84 14 17 0.26855415 
819 102 13 15 0.2540296 
491 69 11 12 0.25226185 
927 74 15 17 0.22849564 
32 96 12 15 0.22629882 
390 322 13 15 0.22377191 
182 68 14 16 0.2206195 
7 74 14 18 0.21858326 
708 116 14 16 0.21751836 
201 107 12 16 0.21505025 
685 81 15 17 0.20728073 
799 111 10 12 0.20550886 
279 94 12 16 0.20458412 
660 155 16 18 0.20271319 
479 87 11 14 0.20232037 
452 73 13 16 0.20092118 
771 85 13 16 0.19883601 
837 98 11 15 0.19841209 
406 345 136 94 0.19591847 
413 73 14 15 0.19458514 
263 106 11 14 0.18891826 
510 91 13 16 0.18874514 
742 76 11 13 0.17931399 
641 108 13 16 0.17856613 
808 90 13 18 0.1750818 
659 107 12 15 0.16978475 
76 71 11 14 0.15655944 
261 90 11 16 0.1460562 
815 99 12 15 0.14393905 
410 91 12 15 0.14185712 
271 104 12 14 0.14083332 
792 76 11 13 0.1307779 
349 84 11 14 0.12877509 
352 100 12 15 0.12703718 
294 93 11 15 0.116986915 
854 70 11 13 0.11679804 
607 69 13 15 0.11502353 
549 71 11 13 0.11218616 
930 83 17 21 0.11156482 
384 103 13 16 0.1115329 
445 94 11 14 0.10763387 
128 88 16 18 0.106609635 
236 69 10 12 0.10348256 
430 66 13 15 0.10209885 
347 64 13 16 0.100987315 
231 78 13 16 0.09815717 
639 70 11 13 0.0980208 
908 70 11 12 0.09642611 
502 88 11 16 0.09621357 
547 98 14 17 0.094728924 
743 100 12 15 0.0928594 
50 90 16 19 0.09227452 
831 93 13 16 0.0904464 
446 117 12 17 0.09027493 
894 84 15 18 0.08979124 
647 101 13 16 0.08867996 
296 98 12 16 0.08835984 
794 100 11 13 0.087199375 
612 130 14 17 0.08651587 
187 74 13 16 0.08577043 
606 131 13 16 0.085580975 
853 76 13 16 0.0853725 
297 157 11 13 0.08465732 
491 85 17 19 0.08459915 
811 86 13 16 0.084099956 
898 75 16 19 0.080769844 
197 81 14 18 0.0805344 
863 91 13 17 0.07963224 
351 91 13 16 0.07776458 
859 203 45 54 0.07707459 
969 89 16 20 0.07613699 
781 94 12 17 0.07535259 
386 108 15 19 0.07488851 
288 70 11 13 0.074766085 
371 66 12 14 0.0742179 
700 93 14 18 0.07383372 
567 73 19 23 0.07180833 
95 91 11 14 0.07158103 
302 126 11 14 0.0709343 
284 97 14 17 0.07077754 
490 75 15 16 0.07058029 
921 102 16 21 0.07045722 
775 110 9 12 0.07039919 
700 85 12 14 0.070185386 
436 91 12 14 0.069095105 
470 70 12 14 0.069027424 
604 185 14 16 0.06845322 
515 85 12 14 0.068289354 
788 94 15 17 0.06825839 
719 77 13 15 0.06492505 
702 113 15 18 0.06477586 
347 78 13 14 0.063086435 
757 73 13 16 0.06288109 
164 88 13 16 0.06280894 
341 77 12 16 0.062141832 
97 69 12 14 0.06194185 
791 83 11 13 0.0619009 
959 107 14 17 0.06173142 
55 67 12 15 0.0616776 
452 98 13 16 0.060991116 
430 79 13 16 0.060557965 
2 107 13 17 0.06035884 
112 101 10 14 0.06008054 
507 123 11 14 0.058644403 
316 71 11 14 0.05853951 
589 91 16 18 0.058374792 
104 69 21 26 0.058320064 
406 87 13 16 0.05762936 
141 116 16 20 0.056882706 
855 186 24 35 0.056121007 
239 82 17 22 0.05604408 
924 80 16 20 0.05592121 
455 83 12 14 0.05567336 
355 109 12 16 0.054934025 
589 77 11 14 0.05461114 
487 65 11 13 0.054006755 
267 69 9 12 0.05313992 
613 82 14 17 0.053121574 
13 90 11 16 0.052990697 
888 89 12 16 0.052981365 
512 141 11 13 0.05286177 
607 138 13 15 0.052698284 
147 155 11 14 0.052355643 
833 121 12 17 0.051992167 
899 210 15 20 0.05195305 
622 70 12 14 0.051836923 
797 93 13 16 0.051813275 
620 130 13 17 0.05148919 
911 87 21 26 0.0512604 
860 69 10 12 0.051071677 
397 152 13 15 0.050468504 
237 119 11 14 0.05045979 
172 93 13 16 0.049488574 
806 70 10 11 0.049338404 
414 101 11 15 0.04917769 
419 69 13 15 0.049024303 
735 75 13 15 0.04865355 
446 86 10 14 0.04754669 
858 85 13 17 0.047250796 
611 76 13 15 0.04720826 
481 116 11 14 0.0470436 
939 86 16 21 0.0468225 
791 250 12 14 0.04672842 
860 78 11 14 0.046666004 
568 69 13 15 0.046280764 
925 90 21 27 0.04543555 
901 70 13 15 0.04523671 
2 117 13 16 0.0450332 
638 136 16 17 0.04497058 
622 76 16 19 0.044590034 
789 105 12 13 0.04442609 
863 155 13 15 0.044208225 
212 161 13 16 0.04395831 
703 71 11 12 0.04362562 
802 115 13 14 0.0435251 
737 109 13 15 0.042820867 
768 109 11 13 0.041851614 
393 115 13 18 0.041526563 
171 85 12 14 0.04119635 
115 69 24 27 0.040798143 
192 127 10 13 0.040667072 
172 211 18 22 0.040329672 
906 74 14 18 0.039915517 
225 81 19 22 0.039839905 
629 68 12 14 0.03970331 
723 82 14 16 0.039653953 
687 71 13 15 0.03959443 
798 70 9 11 0.03958859 
956 99 14 15 0.03955372 
752 125 10 12 0.039391786 
598 126 13 17 0.03935112 
340 107 13 17 0.0393358 
389 137 13 16 0.03929355 
569 64 21 24 0.03892761 
419 101 11 14 0.038155895 
338 129 14 17 0.038024288 
693 71 12 14 0.038021248 
477 68 12 14 0.037827082 
670 77 11 14 0.037578426 
1011 78 11 17 0.03753482 
917 86 13 16 0.037185475 
677 84 14 17 0.03716821 
519 77 11 14 0.03703341 
683 88 15 17 0.036833227 
15 98 11 16 0.036762677 
1012 249 11 15 0.036555056 
452 106 13 16 0.036507953 
510 69 10 12 0.0365008 
710 75 12 14 0.0363442 
173 74 13 17 0.036015164 
374 137 14 18 0.03598551 
797 85 12 14 0.035982195 
670 100 12 17 0.035897642 
767 101 12 14 0.03557771 
847 84 14 18 0.03520126 
539 155 11 14 0.03491582 
548 199 9 11 0.03468555 
819 94 13 16 0.034524 
581 83 13 16 0.034454897 
141 78 12 15 0.03436514 
1008 94 15 21 0.034346778 
759 81 13 16 0.03427005 
342 114 12 15 0.034090918 
701 75 13 16 0.03373494 
389 68 12 14 0.033723094 
388 126 14 20 0.033506393 
706 98 14 17 0.033231303 
964 95 16 19 0.03317208 
5 90 14 17 0.03316378 
555 105 13 16 0.033140358 
777 99 12 15 0.032697435 
591 160 12 15 0.032632876 
190 81 14 17 0.03247904 
357 83 11 15 0.03246972 
806 77 12 14 0.03245136 
560 123 13 17 0.032064084 
844 98 13 15 0.03200099 
202 78 15 17 0.031980667 
790 345 57 61 0.031827558 
214 66 11 13 0.031804748 
519 68 11 14 0.031783596 
822 117 11 14 0.03159873 
2 98 15 19 0.031252127 
843 70 13 15 0.030921455 
176 116 13 16 0.030870948 
30 88 19 22 0.030757423 
748 74 13 16 0.030755548 
887 211 26 33 0.030748634 
765 79 13 15 0.030604664 
21 76 11 15 0.030552639 
347 203 13 16 0.030542664 
597 97 19 23 0.030533332 
228 154 11 14 0.030522436 
223 76 13 17 0.030510634 
685 104 15 18 0.030375585 
473 84 12 15 0.030304488 
870 79 11 14 0.030223155 
198 89 14 17 0.03016759 
191 108 11 15 0.030135695 
762 132 11 14 0.029963683 
773 114 10 13 0.029883983 
605 148 10 13 0.029763386 
857 198 26 37 0.029536048 
677 99 15 18 0.029476168 
579 76 14 16 0.029430803 
292 85 13 17 0.029177157 
621 105 11 16 0.029157905 
747 94 12 15 0.029134722 
868 218 49 59 0.02891878 
447 64 10 11 0.028917562 
342 102 13 16 0.028741611 
291 75 13 16 0.028594546 
715 122 11 13 0.028591221 
423 294 26 35 0.028583555 
503 68 10 12 0.028572185 
519 127 11 14 0.028308034 
758 110 10 13 0.02830262 
279 88 11 14 0.028104287 
179 123 13 16 0.027781673 
217 98 12 16 0.027636018 
587 84 15 18 0.02743596 
867 201 30 35 0.027421651 
0 105 20 29 0.027331842 
528 161 23 29 0.027311468 
470 138 12 13 0.027304254 
53 74 14 16 0.027212936 
301 114 12 14 0.027133167 
141 109 14 16 0.026973661 
235 135 12 15 0.026865277 
425 84 12 16 0.026819784 
354 68 12 14 0.026790347 
906 98 23 26 0.026701862 
596 157 12 15 0.026693054 
747 109 11 15 0.026656346 
671 84 11 16 0.02663847 
375 76 18 21 0.026516283 
537 81 14 18 0.026411774 
852 172 26 30 0.026281647 
423 92 11 14 0.026237166 
977 95 17 21 0.026234511 
570 88 14 16 0.026212307 
831 82 14 17 0.026183603 
888 151 11 12 0.026169479 
525 113 11 14 0.025829658 
859 163 14 16 0.025717668 
302 162 10 13 0.02565724 
465 180 11 15 0.02565018 
460 74 13 15 0.025609214 
71 71 19 23 0.025564589 
252 95 14 18 0.025492227 
254 157 10 12 0.025488252 
553 124 11 15 0.025450638 
207 158 12 16 0.025386019 
231 118 11 14 0.02536182 
476 76 12 14 0.025230471 
952 85 18 20 0.025040327 
651 112 15 18 0.024973948 
470 160 13 16 0.024887444 
363 123 11 15 0.024858449 
779 87 11 14 0.024828216 
354 307 214 167 0.024797885 
535 169 14 17 0.02471364 
318 99 12 15 0.024629291 
268 66 18 23 0.024567213 
400 92 11 13 0.02446978 
351 128 15 17 0.024391355 
338 62 20 22 0.024311045 
815 118 11 13 0.024211563 
222 68 12 14 0.024112148 
32 71 11 13 0.024088347 
885 209 14 17 0.0238959 
501 148 12 15 0.023839956 
605 155 11 14 0.02380188 
15 118 10 13 0.023783587 
84 75 12 16 0.02370409 
902 103 13 17 0.023690687 
464 164 10 14 0.023617955 
773 274 15 17 0.02361426 
670 89 14 19 0.023489067 
628 131 15 20 0.02344339 
873 85 14 17 0.023308836 
758 120 10 12 0.023281464 
785 69 10 12 0.023260487 
256 109 11 13 0.023168175 
649 92 21 25 0.023038702 
313 349 23 26 0.022977723 
251 238 15 16 0.022943838 
607 66 21 24 0.022877429 
323 340 15 21 0.022757491 
188 138 13 14 0.022652794 
265 394 28 36 0.0226019 
972 103 15 18 0.022595983 
460 109 11 13 0.022561403 
263 98 19 24 0.022554895 
384 318 22 25 0.022408076 
526 169 12 16 0.022399781 
582 90 15 17 0.02238759 
263 75 12 16 0.022376498 
441 242 16 17 0.022369625 
941 70 11 13 0.022366924 
900 65 22 25 0.022331817 
335 330 58 50 0.022308942 
639 88 13 17 0.02218219 
407 98 13 15 0.022076178 
677 76 13 16 0.022059353 
300 152 11 13 0.02205348 
502 141 11 14 0.022047188 
97 76 21 25 0.022006184 
363 82 13 16 0.02200396 
181 167 15 17 0.021916466 
613 157 10 13 0.021825422 
599 179 14 18 0.021793723 
441 100 10 12 0.021787925 
0 93 10 15 0.021650918 
219 132 11 13 0.021520955 
908 250 14 18 0.021496639 
758 91 12 14 0.02143155 
603 192 16 20 0.021405546 
20 84 13 17 0.021377934 
285 85 13 16 0.021355344 
638 65 10 13 0.021222536 
896 238 28 37 0.021169685 
166 108 11 14 0.021159897 
732 157 11 14 0.021101264 
434 325 73 65 0.021099355 
382 69 12 14 0.020995582 
447 108 11 15 0.020954276 
317 139 12 14 0.020933826 
644 93 13 17 0.020830141 
866 162 13 15 0.020816509 
269 93 14 18 0.02067237 
167 78 13 15 0.020652758 
724 88 15 17 0.020607058 
29 75 13 15 0.020553596 
823 124 10 12 0.02052404 
940 75 13 17 0.020506132 
891 156 10 13 0.020410184 
648 124 16 20 0.020384634 
222 155 13 15 0.020221647 
192 116 10 13 0.020162774 
556 68 12 14 0.020157386 
775 133 10 13 0.020153537 
396 110 13 17 0.020113427 
231 64 12 14 0.020110006 
425 116 11 17 0.020050978 
571 115 15 19 0.020012794 
579 107 14 18 0.020007247 
