0_Parade_Parade_0_461
68
505 195 113 161 0.9875119 
29 503 141 111 0.15995583 
83 226 46 72 0.14204782 
147 115 14 18 0.13408065 
146 138 52 56 0.11922503 
860 72 87 127 0.10902782 
133 156 11 15 0.09801919 
531 162 76 65 0.081635274 
11 718 17 20 0.08037022 
276 403 121 135 0.06966334 
36 742 12 15 0.06792315 
28 694 10 12 0.0649297 
509 147 125 107 0.06207005 
215 0 26 26 0.05533772 
132 175 22 31 0.054983344 
462 119 186 222 0.052818738 
125 121 84 99 0.05277368 
249 237 11 14 0.0527017 
229 167 10 14 0.046122897 
142 121 14 18 0.0445912 
602 351 397 483 0.043299973 
114 141 25 33 0.043262497 
105 138 46 53 0.040482428 
415 135 13 15 0.039283823 
104 216 45 67 0.039109215 
156 234 27 36 0.03877722 
134 217 43 62 0.038174093 
32 718 12 14 0.035546646 
59 222 88 114 0.0354982 
256 69 34 42 0.034929253 
173 240 15 21 0.033732172 
132 77 26 37 0.033606194 
383 338 59 74 0.033499513 
117 52 23 33 0.031082775 
67 116 15 18 0.031019602 
252 188 17 21 0.03052977 
879 0 33 33 0.030190771 
8 105 16 23 0.029893862 
113 46 46 67 0.029458027 
311 145 46 50 0.028977128 
98 218 26 32 0.028579319 
0 206 11 16 0.0285616 
137 155 14 17 0.028404867 
565 155 44 37 0.027864039 
285 269 10 14 0.027434954 
356 148 12 14 0.026708351 
125 151 15 21 0.026385067 
888 93 118 121 0.025623176 
246 58 60 63 0.025581919 
333 329 96 111 0.025341107 
366 286 14 16 0.025147397 
134 129 14 18 0.02458277 
107 151 18 22 0.024424998 
110 189 48 63 0.023501523 
66 204 25 32 0.023388725 
191 81 28 30 0.023352671 
102 0 14 13 0.023203256 
20 189 14 16 0.023050468 
155 134 28 33 0.022979463 
416 126 28 32 0.02287282 
132 149 24 33 0.021897245 
144 147 30 39 0.021667778 
141 79 16 22 0.021615004 
891 1 21 19 0.021230407 
222 192 26 33 0.02081379 
403 -2 93 120 0.020713545 
432 95 47 70 0.020572612 
102 17 46 69 0.020490794 
