0_Parade_Parade_0_611
70
153 161 30 54 0.9970943 
70 196 26 32 0.9947515 
414 142 37 48 0.9933983 
588 154 37 49 0.99110705 
301 174 40 47 0.9906337 
498 200 23 35 0.9844971 
918 224 13 17 0.95344454 
658 199 14 22 0.77546084 
757 209 13 20 0.60699624 
258 197 24 34 0.42405424 
686 214 11 14 0.40560007 
722 229 11 14 0.39618844 
531 211 15 21 0.35555306 
620 191 15 21 0.33543438 
750 218 14 19 0.1865831 
241 171 15 18 0.17871088 
170 219 17 22 0.13701299 
724 206 12 15 0.11433359 
785 248 9 12 0.11433296 
510 207 25 31 0.10910978 
224 237 24 28 0.07806945 
524 239 17 23 0.06757864 
722 221 13 15 0.06395838 
649 201 19 26 0.054463457 
782 263 8 10 0.053633202 
731 205 13 14 0.04881607 
975 217 8 9 0.048087157 
763 206 12 18 0.046096683 
743 219 15 18 0.04522397 
768 270 9 11 0.04396276 
573 193 12 16 0.04168851 
952 235 9 12 0.040521067 
380 301 29 33 0.03969024 
538 212 13 18 0.037843604 
378 136 15 23 0.036622386 
798 238 9 11 0.03633477 
383 98 38 52 0.034715056 
777 264 10 11 0.03433465 
720 208 13 18 0.03422343 
339 305 28 37 0.033811666 
902 231 9 12 0.033161834 
218 155 13 15 0.03277203 
646 209 15 19 0.031897776 
775 269 9 10 0.03128527 
788 247 9 11 0.029116485 
422 382 48 68 0.028885843 
717 226 19 22 0.027798831 
332 176 29 38 0.027657893 
734 218 13 17 0.027101144 
374 134 12 19 0.025305342 
749 205 16 22 0.025139898 
523 218 22 28 0.025074277 
677 221 25 26 0.024814898 
245 201 26 33 0.024259083 
937 224 8 11 0.023873392 
531 267 13 16 0.023869995 
507 197 14 21 0.023572583 
740 203 13 17 0.023225175 
346 170 29 37 0.022838794 
912 214 10 12 0.022427306 
767 285 11 14 0.022169441 
288 168 16 21 0.022011284 
403 116 15 19 0.021747584 
549 213 12 16 0.02155391 
683 210 18 22 0.021281969 
576 177 13 18 0.020886 
532 237 22 33 0.020425681 
830 238 7 11 0.020232344 
235 172 23 28 0.020176366 
528 205 13 18 0.020126287 
