0_Parade_Parade_0_43
2092
186 388 19 22 0.99160063 
489 224 18 21 0.99037325 
544 289 18 20 0.9899013 
770 460 19 22 0.9847882 
886 465 16 21 0.98365885 
11 481 18 22 0.9833756 
824 518 18 21 0.97747016 
755 402 19 22 0.9768421 
678 448 18 23 0.97670764 
386 340 17 22 0.97467107 
499 510 21 27 0.9738017 
265 514 20 22 0.9737312 
549 449 18 22 0.97188663 
201 452 19 22 0.96874577 
501 392 20 25 0.9676697 
306 356 19 23 0.966028 
655 350 19 23 0.96574056 
76 455 18 21 0.96499455 
810 435 18 22 0.96418124 
943 522 19 21 0.963811 
153 508 20 22 0.9637812 
443 448 20 23 0.95662475 
253 378 19 22 0.951539 
602 509 22 27 0.95090735 
703 377 18 22 0.9422283 
599 343 19 22 0.9332855 
715 518 18 21 0.921306 
398 512 20 23 0.9199125 
31 510 19 21 0.9187437 
310 453 19 23 0.9187208 
135 427 19 23 0.8959723 
438 284 20 27 0.88745123 
245 346 14 17 0.8244834 
900 373 10 13 0.8091286 
925 357 11 14 0.806838 
848 293 10 13 0.77714247 
639 294 12 16 0.71609044 
978 324 11 14 0.6995484 
143 277 9 12 0.68502533 
775 317 10 13 0.6799892 
847 325 11 15 0.6758081 
701 335 12 14 0.6447299 
790 328 9 13 0.63157016 
306 323 14 16 0.6153533 
820 311 11 14 0.60695153 
999 309 10 12 0.6042631 
173 274 10 13 0.60383207 
620 297 14 16 0.6007855 
365 283 11 14 0.59773856 
905 326 10 13 0.5914372 
838 357 12 15 0.5843819 
935 331 11 13 0.5693132 
825 271 9 11 0.5652567 
702 261 8 10 0.56344914 
885 270 9 11 0.55988944 
993 254 9 12 0.54226154 
853 222 10 12 0.52960294 
919 278 8 11 0.51216555 
113 271 9 12 0.51007247 
968 256 8 10 0.50706255 
725 314 10 13 0.5026168 
301 231 8 10 0.49934512 
742 324 12 15 0.49666366 
808 262 9 11 0.49464735 
885 375 10 13 0.4902678 
839 255 10 13 0.4842392 
838 373 11 14 0.47726235 
342 273 8 11 0.465959 
895 299 10 13 0.46538752 
147 405 15 18 0.46485406 
793 388 15 18 0.46425545 
905 255 10 12 0.4282409 
772 383 15 19 0.42651883 
820 367 11 13 0.42349818 
952 260 8 11 0.41538024 
277 253 10 12 0.41075414 
674 309 10 12 0.40789065 
154 255 9 11 0.4063093 
981 245 9 12 0.40551344 
927 264 10 11 0.40408126 
953 239 8 11 0.3986874 
872 229 9 13 0.39832756 
930 269 10 12 0.3976689 
750 263 9 12 0.3952137 
759 228 7 9 0.3849073 
583 271 10 12 0.37928164 
656 279 10 12 0.37788358 
564 263 10 13 0.3764178 
846 261 9 11 0.36892736 
158 260 10 12 0.3646249 
803 534 18 24 0.36389944 
864 263 9 11 0.35620448 
630 326 15 20 0.35348198 
659 317 13 15 0.34410846 
639 305 11 14 0.34287283 
968 488 16 20 0.33804053 
816 334 12 15 0.33742636 
885 262 10 13 0.32294995 
888 208 7 10 0.3220769 
765 302 9 11 0.31810012 
1014 303 8 12 0.31758374 
104 232 9 12 0.3126988 
807 269 9 12 0.3124889 
349 238 8 10 0.3113259 
790 270 9 12 0.30905133 
337 230 8 11 0.30882505 
673 279 8 11 0.30250055 
117 220 9 11 0.30148345 
237 270 11 14 0.2953635 
23 203 9 11 0.29446077 
74 222 8 11 0.29179072 
936 213 7 10 0.28278044 
754 292 9 12 0.28254387 
215 254 8 10 0.280151 
362 278 10 13 0.2786637 
708 301 11 13 0.27792045 
935 247 9 11 0.2776539 
936 309 9 12 0.27614513 
327 285 10 13 0.27156132 
293 284 9 12 0.27021992 
309 302 11 13 0.26657498 
525 315 22 26 0.26563704 
782 351 10 13 0.2654682 
728 244 9 10 0.26161563 
878 405 11 13 0.26114258 
873 318 10 13 0.25955468 
878 237 10 12 0.2590505 
729 263 9 11 0.258788 
103 208 8 11 0.25727823 
869 287 10 13 0.25550872 
729 231 8 10 0.25494072 
250 229 8 10 0.25379917 
928 295 9 12 0.25316638 
607 240 9 10 0.25123203 
710 278 9 11 0.25030538 
728 239 8 11 0.2499603 
744 197 8 10 0.24921218 
151 236 9 11 0.24848591 
119 200 8 10 0.24838842 
49 191 9 12 0.24824224 
343 237 9 11 0.24819832 
862 371 10 13 0.24806306 
217 275 9 12 0.2460079 
863 395 11 16 0.24463421 
367 173 9 11 0.24343683 
686 271 7 10 0.24261604 
853 305 12 14 0.24215329 
735 292 9 13 0.2420062 
134 207 9 12 0.24096009 
787 245 8 11 0.24071333 
708 296 9 11 0.24035214 
234 213 7 10 0.23995492 
888 213 9 11 0.23964778 
61 254 7 10 0.23840755 
289 269 8 10 0.23767018 
673 284 9 11 0.23762012 
112 120 8 9 0.23631921 
781 286 10 12 0.23391475 
999 261 8 11 0.23056506 
759 271 9 11 0.23032472 
815 159 9 11 0.22989585 
119 252 8 10 0.2282917 
911 404 10 12 0.22642086 
773 356 11 16 0.22518705 
712 349 11 12 0.22469623 
361 222 8 10 0.22407767 
72 214 9 12 0.22229418 
40 256 8 11 0.21938728 
183 232 8 9 0.21807621 
899 345 12 15 0.21789932 
830 293 9 12 0.21718748 
584 293 11 16 0.21696298 
933 301 9 11 0.21473642 
919 375 10 13 0.21441673 
257 256 10 12 0.21434982 
725 329 12 17 0.21215273 
151 172 8 12 0.211076 
751 222 8 11 0.21098778 
721 207 8 10 0.21087061 
982 215 8 10 0.21033987 
558 239 8 10 0.20934865 
198 277 10 12 0.20851533 
95 214 8 11 0.20684427 
713 239 7 9 0.20568219 
110 174 9 12 0.20256026 
600 255 8 11 0.20216168 
792 264 8 11 0.20196173 
901 190 8 10 0.19988173 
801 190 8 10 0.19769858 
576 238 8 10 0.19747706 
718 256 8 10 0.19679254 
193 238 9 11 0.19651292 
238 246 10 11 0.19648601 
326 303 10 12 0.19537598 
708 308 11 14 0.1937914 
851 414 11 15 0.1930427 
889 359 8 11 0.1928873 
794 169 8 10 0.19224893 
576 340 14 17 0.19087029 
135 238 8 11 0.19071066 
352 300 11 14 0.19041505 
326 280 10 13 0.19026409 
887 255 10 11 0.18814921 
898 184 7 9 0.1862532 
670 215 8 11 0.18561289 
313 219 8 11 0.18539537 
672 301 9 12 0.18523811 
863 355 9 12 0.18397845 
208 230 8 10 0.18378869 
984 270 9 11 0.18359746 
743 329 13 18 0.18329047 
879 191 8 10 0.1832444 
870 599 10 13 0.1824224 
304 271 9 13 0.18215324 
468 248 22 25 0.18092354 
800 362 13 15 0.1806985 
872 366 10 12 0.18032175 
728 268 9 11 0.1798608 
806 275 9 12 0.17900613 
942 173 8 11 0.17796619 
812 237 9 10 0.17767633 
826 175 8 10 0.17630044 
815 286 10 13 0.17613496 
166 232 8 10 0.17547598 
165 573 12 16 0.17504437 
168 159 7 9 0.1745431 
735 208 7 9 0.17321758 
953 231 7 9 0.17215121 
158 232 9 11 0.17133579 
923 502 13 16 0.16964543 
613 284 9 11 0.16951914 
367 534 20 26 0.16857015 
903 318 10 14 0.16821341 
658 169 7 10 0.1678473 
94 223 8 11 0.16703375 
319 280 9 12 0.16558926 
908 330 10 12 0.16455121 
734 286 9 11 0.16436388 
871 191 8 10 0.16373967 
4 517 15 19 0.16357386 
678 238 8 10 0.16356608 
113 216 9 11 0.16273175 
911 273 9 10 0.16251597 
2 158 7 11 0.16202457 
680 322 12 16 0.16194269 
745 237 8 10 0.16084243 
582 239 8 11 0.16050686 
119 236 8 10 0.15995653 
609 262 8 10 0.15940316 
737 167 7 8 0.15939389 
912 239 9 10 0.15910771 
601 280 8 11 0.1587574 
999 332 10 12 0.15875068 
129 208 8 11 0.15841787 
351 296 10 12 0.1579415 
271 278 9 11 0.15735656 
757 289 9 11 0.15724505 
254 230 8 11 0.15673187 
702 316 11 13 0.1560283 
706 191 8 10 0.15553455 
810 232 8 9 0.15547882 
601 199 8 10 0.15496764 
694 246 7 9 0.15453403 
601 295 9 12 0.153654 
857 215 8 11 0.15354669 
64 237 8 10 0.15315014 
178 176 9 11 0.15309483 
639 230 7 10 0.15266006 
917 480 10 14 0.15215737 
273 184 8 10 0.15176061 
317 525 11 13 0.1516543 
855 245 9 11 0.15152897 
303 307 10 13 0.15043306 
225 240 8 9 0.15004806 
1009 206 8 10 0.14987487 
970 310 10 13 0.14902449 
237 214 8 9 0.14900757 
137 232 7 10 0.148848 
713 246 7 10 0.14861949 
575 215 8 11 0.1482903 
238 263 10 12 0.1481245 
945 225 7 10 0.14800741 
131 502 16 19 0.14756179 
326 128 7 10 0.14721684 
613 264 9 11 0.14705095 
711 183 7 9 0.14680563 
199 272 10 11 0.14675438 
863 213 8 11 0.1466523 
774 191 8 9 0.14660053 
1006 182 8 10 0.1460565 
798 173 7 9 0.14573002 
868 262 8 11 0.14523368 
309 205 7 11 0.1449629 
253 278 9 12 0.14491026 
349 330 12 17 0.14435567 
662 169 7 10 0.14428471 
806 301 10 12 0.14358787 
694 206 8 11 0.14342082 
129 264 8 10 0.14309584 
322 129 7 10 0.14293955 
168 371 13 17 0.14258511 
263 191 7 9 0.14247221 
945 153 7 9 0.14131847 
849 298 12 16 0.141276 
839 168 9 10 0.14127041 
298 135 7 9 0.14010881 
211 588 16 18 0.13984555 
73 198 7 9 0.13975868 
792 173 8 10 0.13928641 
207 254 9 11 0.13916244 
585 588 14 17 0.13883607 
876 311 10 12 0.13841312 
846 246 8 11 0.13815849 
97 142 9 12 0.13805167 
752 198 8 10 0.13798672 
133 212 9 11 0.1375932 
311 166 8 10 0.13741122 
807 256 10 12 0.13730301 
768 275 9 12 0.1371893 
952 191 7 9 0.13686858 
112 236 8 10 0.13631265 
807 308 9 13 0.13596934 
957 238 8 10 0.13543805 
554 485 17 21 0.13364208 
746 215 8 10 0.13349098 
200 152 6 8 0.13332866 
96 228 8 11 0.13284795 
344 310 10 12 0.13148977 
134 189 7 10 0.1314513 
214 223 8 10 0.1311766 
1006 176 8 9 0.13038793 
912 200 9 11 0.1303694 
719 639 14 19 0.13032374 
286 157 7 11 0.13008223 
807 325 10 13 0.12997577 
671 295 9 11 0.12984277 
857 208 8 10 0.12912105 
712 231 7 10 0.12833427 
1009 270 8 10 0.12822647 
136 269 8 10 0.12822217 
888 219 10 12 0.12814228 
76 254 8 11 0.12793583 
1007 327 9 11 0.12761733 
807 190 9 10 0.1275212 
33 176 8 10 0.12695979 
288 284 11 13 0.12662031 
102 143 11 12 0.12635225 
1007 200 9 11 0.12615004 
205 523 14 17 0.12571868 
773 275 10 13 0.12528712 
38 239 8 10 0.124769524 
324 308 12 14 0.124483265 
328 247 9 12 0.12428047 
368 246 8 11 0.12413203 
638 269 8 11 0.123986624 
697 315 10 13 0.123291045 
821 376 12 16 0.12307771 
655 240 8 10 0.12293179 
583 215 9 10 0.122824594 
978 240 8 10 0.12242102 
310 296 11 12 0.12229464 
234 274 10 12 0.121943645 
744 232 8 10 0.12164403 
887 176 7 10 0.12161178 
209 214 6 9 0.12153948 
134 264 8 10 0.1214775 
959 166 8 9 0.12102181 
313 238 9 10 0.119500875 
761 168 7 9 0.118579656 
957 261 8 10 0.118519984 
672 272 7 9 0.118475296 
120 205 8 10 0.11806879 
904 271 10 12 0.11766581 
279 285 9 11 0.11751654 
176 215 8 9 0.117366716 
396 615 17 20 0.11736639 
697 255 7 10 0.116808966 
182 236 8 11 0.11667502 
920 231 8 10 0.11652812 
221 166 8 9 0.116465755 
877 232 10 11 0.116449304 
843 371 11 14 0.11598428 
898 230 8 11 0.11522443 
720 331 11 15 0.11444425 
758 263 8 11 0.11438769 
261 287 8 10 0.114020616 
567 255 7 10 0.113978 
951 243 9 11 0.113801464 
943 363 9 12 0.11367558 
114 125 8 10 0.11353918 
993 421 11 14 0.113479584 
945 260 8 11 0.11338444 
813 150 8 9 0.11311948 
902 311 10 12 0.11271174 
328 291 10 12 0.112662524 
872 225 8 10 0.11260817 
934 277 9 11 0.11256532 
852 227 10 12 0.11253361 
805 295 10 12 0.11231508 
278 175 7 10 0.1118753 
953 309 10 12 0.11168378 
177 236 9 11 0.11098418 
588 336 20 26 0.11028192 
797 473 16 19 0.11023699 
582 192 8 10 0.11022962 
714 167 8 9 0.10946147 
837 484 13 16 0.10929439 
926 231 7 10 0.109011285 
353 143 7 9 0.10896541 
904 277 8 10 0.108914904 
785 239 10 11 0.10890089 
966 222 8 11 0.10851308 
758 199 8 10 0.10818183 
980 330 11 13 0.108108394 
927 318 9 11 0.108062916 
233 209 8 10 0.10784993 
962 200 7 9 0.10769291 
999 237 8 9 0.10742441 
703 269 9 11 0.107328184 
875 322 12 14 0.10723593 
712 198 7 9 0.10721983 
777 174 7 9 0.1071148 
93 247 8 10 0.10677968 
180 489 23 27 0.1067316 
206 208 7 8 0.1065978 
966 199 7 10 0.10650272 
581 262 9 12 0.106435545 
318 317 11 14 0.10639843 
278 232 8 10 0.106379054 
888 532 10 13 0.10635762 
245 271 10 13 0.106354855 
341 231 8 11 0.10621399 
959 255 9 12 0.10616972 
153 168 9 12 0.10616081 
605 297 12 15 0.106030844 
870 253 9 12 0.10575796 
129 167 7 9 0.105736814 
329 168 8 9 0.105381235 
893 208 8 9 0.10498674 
742 252 9 10 0.10487568 
671 220 8 10 0.1046266 
581 283 11 14 0.10462459 
946 615 17 21 0.10447206 
349 307 11 14 0.104465924 
366 289 12 16 0.104456425 
902 222 8 10 0.1042471 
24 181 9 11 0.10375771 
903 217 8 9 0.103687234 
141 206 9 10 0.10357245 
310 269 9 11 0.10342062 
285 489 24 27 0.10324059 
767 239 8 10 0.10306265 
825 190 8 10 0.102665894 
901 185 8 10 0.10236308 
992 231 8 10 0.10228277 
785 176 7 9 0.10222241 
559 231 8 9 0.101969205 
225 244 9 11 0.10193373 
273 232 7 9 0.10190031 
262 237 8 10 0.10130005 
238 209 8 10 0.10126906 
297 143 8 10 0.10118507 
217 160 8 10 0.10115281 
655 300 11 13 0.10115242 
781 160 8 10 0.100839786 
847 159 7 8 0.10067422 
337 271 10 11 0.10044626 
860 303 10 13 0.10007479 
64 208 9 11 0.09932705 
646 264 8 10 0.09854937 
273 237 8 10 0.09842901 
717 357 14 16 0.09822507 
993 318 9 11 0.09816816 
930 332 10 13 0.097694 
870 277 9 12 0.09736211 
641 253 8 9 0.09718608 
727 279 9 11 0.097162366 
958 183 8 10 0.096903056 
887 276 10 11 0.09688555 
573 207 7 9 0.09673818 
183 215 7 10 0.096470274 
764 308 10 14 0.09616654 
1012 324 9 12 0.09571657 
141 254 9 11 0.09550695 
321 133 7 9 0.09540224 
174 193 8 10 0.09516996 
807 207 8 9 0.09431607 
73 229 8 10 0.09413693 
605 257 9 11 0.09413464 
800 276 10 11 0.09411111 
524 310 14 18 0.09384112 
150 190 9 11 0.09373498 
670 189 8 10 0.09359249 
255 285 10 12 0.09356507 
1007 366 11 15 0.09331386 
719 279 9 11 0.09308453 
896 196 9 11 0.09307777 
352 150 8 10 0.09294146 
753 182 7 9 0.092702456 
814 254 8 10 0.092096254 
158 168 8 10 0.09207949 
135 185 7 10 0.09198916 
640 265 8 10 0.09191467 
844 365 10 14 0.091738746 
238 252 9 11 0.09131957 
282 197 8 10 0.09101513 
1005 343 10 12 0.0910094 
9 144 8 10 0.09089132 
602 204 7 10 0.09082653 
708 316 10 11 0.090769105 
307 167 7 10 0.09052554 
681 262 8 10 0.09044223 
312 183 7 9 0.09030963 
279 249 9 11 0.090178356 
816 207 8 9 0.090096496 
210 223 7 10 0.09007609 
111 180 8 11 0.08983774 
872 208 9 11 0.08974292 
328 265 9 10 0.089573264 
256 214 8 10 0.089545526 
673 160 7 9 0.08940756 
799 185 8 10 0.08931223 
678 280 8 9 0.0892911 
200 191 6 8 0.08889116 
237 302 11 13 0.088717274 
726 207 8 10 0.088701874 
47 168 9 11 0.08856472 
339 336 14 20 0.08829012 
735 230 8 10 0.088248536 
654 245 8 11 0.08793237 
807 215 8 10 0.08764977 
994 427 12 14 0.087553516 
865 191 8 9 0.08751337 
686 263 8 10 0.08726501 
709 342 11 15 0.08717495 
775 205 8 11 0.08696767 
878 366 9 13 0.08689038 
913 181 9 10 0.08686563 
192 192 6 9 0.08686229 
53 196 8 11 0.086806685 
657 311 10 13 0.08657615 
785 181 7 10 0.08643744 
342 224 8 10 0.08611575 
164 262 8 11 0.08578935 
918 181 8 10 0.085767925 
695 241 7 9 0.08569131 
799 271 9 12 0.08561396 
933 296 8 11 0.08557028 
656 201 7 9 0.08547594 
576 233 8 10 0.08537161 
786 271 9 11 0.08526843 
744 176 7 9 0.08513482 
854 240 8 10 0.08501319 
733 267 8 12 0.08475177 
144 200 7 10 0.08462849 
788 417 12 16 0.0846044 
555 207 8 11 0.08450227 
160 206 9 10 0.084354445 
813 189 8 11 0.08424466 
143 232 9 11 0.08424249 
29 199 9 11 0.08421565 
912 245 9 11 0.08390201 
911 346 9 13 0.08380698 
201 206 8 9 0.08370004 
1013 268 8 12 0.08368697 
982 221 8 11 0.08321084 
842 248 9 12 0.08292786 
369 208 8 9 0.08284849 
879 246 10 11 0.08225336 
895 246 9 11 0.082182504 
991 176 7 9 0.08209685 
40 192 8 10 0.08208496 
1000 366 10 14 0.08208331 
192 198 7 10 0.08198837 
758 192 7 10 0.08186022 
169 302 9 12 0.08164687 
190 255 8 10 0.081644446 
336 235 9 11 0.08156293 
941 285 8 11 0.08147289 
833 167 7 10 0.08144706 
11 182 8 10 0.0813638 
146 175 8 10 0.08119963 
423 480 23 28 0.08082473 
143 347 13 17 0.0807936 
240 242 8 10 0.08077334 
129 189 8 11 0.08072768 
922 215 7 9 0.08069104 
25 134 8 10 0.08065914 
784 277 10 12 0.0805101 
205 300 11 12 0.08038998 
617 213 7 9 0.08026461 
298 236 9 11 0.0799275 
672 254 8 10 0.07992223 
713 254 8 11 0.07979008 
160 221 8 10 0.079741605 
982 551 12 18 0.07967118 
353 136 7 9 0.07953346 
984 302 9 12 0.07951664 
831 159 8 10 0.07945891 
947 636 15 18 0.07945534 
913 176 9 10 0.07943436 
702 214 8 9 0.07940255 
840 173 8 9 0.0791945 
247 191 8 10 0.07906099 
281 191 8 10 0.07905385 
878 252 11 12 0.07883703 
823 476 12 17 0.078578725 
679 232 8 10 0.07849974 
677 318 12 15 0.078471534 
934 316 10 12 0.07841138 
146 190 8 11 0.07817051 
673 238 8 10 0.07814286 
462 548 10 13 0.07797807 
248 145 7 9 0.07784784 
287 248 9 11 0.07775018 
152 635 14 18 0.07751864 
577 261 8 11 0.077412754 
199 199 8 10 0.0773667 
193 285 10 12 0.07736088 
954 184 7 10 0.07696899 
789 230 9 10 0.0769442 
38 216 8 10 0.07670116 
927 214 8 10 0.0763123 
989 272 9 11 0.07626906 
823 207 8 10 0.076264866 
316 324 12 16 0.076197304 
946 199 7 9 0.07588726 
933 358 9 12 0.075851254 
950 224 7 10 0.07555311 
828 275 9 11 0.07554152 
222 207 8 9 0.07541609 
769 200 8 10 0.07540903 
679 256 7 9 0.07526208 
289 212 8 10 0.075119205 
752 254 9 10 0.07510797 
160 215 9 11 0.07500653 
829 475 12 18 0.074892186 
366 272 9 13 0.07482525 
231 245 10 12 0.07477374 
58 611 12 16 0.0747009 
769 362 12 16 0.07443091 
925 286 9 11 0.07416892 
785 331 12 15 0.074143514 
991 250 9 11 0.07392364 
976 208 7 9 0.07392113 
367 251 9 12 0.073680215 
688 231 7 8 0.07366223 
9 175 8 10 0.07352728 
40 132 8 10 0.073449984 
759 207 7 9 0.073371194 
922 262 9 11 0.07334672 
304 317 13 17 0.07327212 
1011 473 12 19 0.07326247 
922 283 8 12 0.073253535 
166 255 8 10 0.07323712 
1005 554 12 15 0.07306342 
870 270 8 11 0.07289539 
847 267 9 11 0.07265307 
49 207 8 10 0.07265057 
745 221 9 11 0.07240864 
912 153 7 9 0.072134204 
656 253 7 10 0.0720715 
706 332 12 15 0.07198053 
158 268 9 12 0.07187659 
210 145 7 9 0.07177511 
88 185 9 10 0.07168358 
936 168 8 10 0.07167988 
952 270 10 12 0.07155538 
823 291 10 12 0.071364515 
558 243 9 12 0.07116746 
814 145 8 10 0.07102311 
905 287 9 11 0.070983484 
747 265 8 11 0.07082093 
688 185 7 10 0.07058288 
256 237 9 10 0.07043313 
260 443 15 18 0.07034446 
893 320 9 12 0.07020633 
822 223 8 10 0.070153214 
78 230 7 10 0.06996964 
897 306 10 14 0.06988936 
634 270 8 10 0.06988149 
373 465 15 22 0.06932882 
870 359 8 12 0.06921568 
686 276 8 10 0.06907874 
330 173 8 10 0.069036245 
863 182 8 11 0.06887758 
271 188 8 10 0.068721496 
565 297 12 15 0.06868799 
741 434 16 21 0.06860267 
993 309 10 12 0.06859308 
761 214 8 9 0.068336755 
750 238 8 10 0.06830236 
263 293 8 11 0.06830014 
815 246 8 11 0.06829486 
880 208 7 9 0.06811475 
246 183 8 10 0.06759196 
924 376 9 12 0.067563005 
218 207 7 9 0.06735635 
605 199 8 10 0.06732728 
66 212 8 11 0.06725299 
892 527 12 14 0.0671828 
607 216 7 9 0.067025654 
825 265 9 10 0.06690444 
2 588 13 18 0.06687749 
918 272 9 11 0.066853605 
822 328 10 13 0.06675737 
752 191 8 10 0.06671072 
785 144 7 9 0.06661679 
727 180 7 10 0.06655244 
696 201 7 9 0.066439815 
789 207 8 10 0.066198364 
1000 339 10 13 0.0659488 
978 215 8 9 0.065710485 
895 223 9 10 0.06564727 
917 200 9 10 0.065578155 
139 276 9 12 0.06537452 
360 157 8 10 0.06531278 
273 207 7 10 0.06525057 
343 293 9 11 0.065144256 
207 236 9 10 0.06511968 
623 269 8 10 0.065111876 
808 184 9 11 0.064983234 
224 230 8 10 0.06494937 
666 190 8 9 0.06463873 
887 167 7 8 0.064587966 
223 192 8 9 0.06453605 
151 221 8 10 0.064293325 
173 294 9 12 0.06420678 
206 260 9 12 0.0641354 
752 229 8 10 0.06404662 
94 254 8 10 0.06395528 
855 349 11 14 0.06391921 
593 254 8 10 0.063903406 
739 355 14 17 0.063853435 
192 245 9 11 0.06379178 
191 232 7 9 0.06370987 
1013 240 8 11 0.063557394 
710 273 9 10 0.06349898 
670 315 12 16 0.06349628 
783 213 8 10 0.06345717 
701 346 12 14 0.063431606 
766 254 10 13 0.06340817 
569 200 8 10 0.06333052 
277 183 7 9 0.063315146 
822 213 8 10 0.063200094 
224 199 6 8 0.06315474 
973 379 13 14 0.063136175 
773 199 9 11 0.06312262 
862 248 9 10 0.06311851 
690 416 16 18 0.06295412 
333 291 10 12 0.06277953 
184 223 8 10 0.06268788 
929 168 7 9 0.06259622 
599 166 7 9 0.062570274 
846 198 7 9 0.062530056 
143 215 8 11 0.062468853 
208 248 8 10 0.062331963 
688 225 8 10 0.0623094 
627 299 12 15 0.062177904 
953 275 10 13 0.06217386 
720 211 10 12 0.062143978 
689 240 7 9 0.0620321 
720 284 9 11 0.062004443 
919 350 11 14 0.0619402 
161 184 8 11 0.061931774 
361 272 9 12 0.061872292 
56 233 8 10 0.06179556 
290 394 18 21 0.06179246 
177 151 7 9 0.061782975 
910 293 8 11 0.06175359 
705 196 8 10 0.06164586 
821 287 9 12 0.061619487 
848 143 8 11 0.061539162 
784 208 8 10 0.061482605 
760 174 7 10 0.061361767 
776 166 9 11 0.061337695 
194 279 10 12 0.06119714 
831 232 8 10 0.06117845 
992 283 9 13 0.061144464 
78 143 9 11 0.060898833 
136 245 8 11 0.06089317 
625 174 6 9 0.060697153 
990 334 10 14 0.06061447 
944 587 11 12 0.060587443 
305 199 8 10 0.06042782 
419 320 16 18 0.060383685 
582 257 8 10 0.060368277 
25 619 11 14 0.060329452 
363 544 15 20 0.060329 
760 245 9 11 0.060276117 
286 153 7 9 0.06025626 
333 254 9 11 0.060171593 
273 176 8 9 0.06012501 
990 278 9 11 0.06008315 
991 304 9 11 0.059936415 
334 263 8 11 0.059928227 
124 341 11 14 0.059601426 
217 192 7 9 0.059600342 
719 173 8 11 0.059549954 
615 268 8 11 0.059508152 
1001 267 9 11 0.059477363 
54 207 8 9 0.05939658 
748 362 17 19 0.059249856 
695 212 8 11 0.059154257 
635 231 7 9 0.05913672 
912 412 12 16 0.059101112 
607 281 10 11 0.059098493 
695 224 8 9 0.059071105 
68 317 9 11 0.0590256 
783 224 9 11 0.05900612 
607 182 7 9 0.058963735 
369 241 8 9 0.058906633 
214 294 8 11 0.058898877 
168 192 8 10 0.058813013 
270 293 10 12 0.058804844 
136 133 7 10 0.05877226 
957 232 8 10 0.058728077 
284 193 9 10 0.058616776 
277 260 9 11 0.058525376 
272 248 9 11 0.058457475 
697 303 8 11 0.058339555 
729 143 7 9 0.058159452 
975 260 8 10 0.058141336 
617 209 8 10 0.058088686 
892 502 11 16 0.058064073 
696 230 7 9 0.057880167 
395 412 11 13 0.0578733 
263 278 9 12 0.05784329 
366 214 9 11 0.05775251 
38 222 8 10 0.05768979 
890 571 14 16 0.057674717 
865 498 15 17 0.057668094 
217 198 7 9 0.057655346 
337 276 9 12 0.057612624 
952 152 8 9 0.057601314 
273 167 7 10 0.057594057 
98 208 8 11 0.057558425 
697 167 7 9 0.057553206 
889 322 10 13 0.057486378 
209 150 8 9 0.057445586 
183 260 9 11 0.057391614 
175 281 11 15 0.05735353 
841 191 8 10 0.057315145 
1013 213 8 12 0.05721159 
740 363 15 18 0.05712567 
144 183 8 9 0.057121273 
14 175 7 10 0.057070535 
161 200 8 10 0.057030097 
654 205 8 10 0.056945167 
138 255 8 9 0.05690588 
885 230 9 11 0.056589972 
1 523 13 18 0.056488965 
111 168 8 10 0.05645995 
679 224 7 9 0.056449853 
647 269 9 11 0.056321733 
318 268 8 11 0.05618356 
118 263 9 11 0.056146346 
384 177 7 9 0.056032334 
576 199 8 10 0.05580761 
282 153 7 9 0.055800714 
31 179 8 11 0.05576161 
558 212 8 10 0.055698264 
921 294 9 12 0.055666327 
192 217 8 9 0.055650968 
819 337 14 15 0.055624664 
886 364 10 14 0.05558072 
257 208 7 9 0.055438146 
183 207 8 9 0.055391807 
551 355 12 14 0.05532194 
314 174 7 9 0.055304993 
762 158 7 9 0.0552873 
479 539 26 30 0.055220697 
569 237 8 10 0.055188965 
872 197 9 10 0.055151414 
126 200 8 10 0.054972146 
686 291 10 13 0.054873567 
679 166 9 10 0.054794606 
136 159 7 10 0.054780513 
957 151 8 9 0.054753136 
698 261 9 11 0.054555137 
191 222 8 10 0.054549333 
166 206 8 10 0.054533143 
579 268 9 13 0.05444443 
329 160 8 9 0.05434268 
735 246 9 12 0.054332405 
984 252 10 12 0.054262493 
214 145 7 9 0.054256372 
153 160 8 9 0.05417969 
728 284 10 11 0.05408777 
381 314 13 15 0.054066535 
822 158 8 11 0.05380787 
576 221 9 11 0.053766962 
918 177 8 9 0.053743117 
175 207 8 10 0.053695556 
768 316 10 14 0.05341898 
737 323 11 16 0.053309675 
870 212 8 10 0.053308416 
40 207 8 9 0.053163923 
167 223 9 10 0.05309822 
113 265 8 10 0.053056564 
973 389 11 14 0.05298486 
185 191 7 10 0.052983403 
115 249 7 9 0.052976776 
117 275 8 11 0.0529448 
958 245 9 11 0.052816525 
873 159 8 9 0.05276786 
887 181 8 10 0.052752893 
114 253 8 10 0.052694857 
62 248 9 12 0.05261016 
343 326 11 13 0.052603494 
71 208 9 12 0.05257373 
265 185 7 9 0.052540317 
921 300 9 12 0.0525331 
917 245 8 10 0.052463852 
893 214 9 11 0.052445807 
812 302 11 14 0.05241547 
897 165 8 10 0.05240304 
440 614 17 21 0.052361313 
369 586 14 18 0.052359384 
202 330 13 16 0.05230559 
702 208 8 10 0.0522504 
766 260 10 11 0.05221667 
999 358 10 14 0.052091476 
273 285 9 11 0.052000087 
691 589 12 15 0.051979825 
830 206 7 9 0.05188634 
829 181 8 11 0.051850952 
230 151 7 9 0.0516892 
374 440 15 19 0.05165439 
161 160 7 9 0.051643852 
136 223 8 10 0.051618434 
9 200 8 11 0.051611423 
758 315 11 14 0.05159703 
926 223 8 10 0.051580496 
805 316 11 14 0.051479273 
952 304 10 11 0.05146507 
917 238 9 11 0.051456925 
568 191 7 10 0.05141771 
510 617 15 18 0.051391575 
230 199 7 9 0.05119759 
962 223 8 10 0.05119759 
102 285 8 10 0.05119447 
222 224 8 10 0.050907288 
305 185 7 9 0.05066973 
677 207 9 10 0.050668832 
782 166 8 11 0.05059579 
125 531 12 16 0.05056137 
920 317 8 11 0.050541144 
570 214 9 11 0.05047098 
842 197 8 10 0.050457407 
592 183 7 9 0.050453395 
624 208 7 10 0.05044883 
977 341 11 15 0.05041079 
317 503 16 20 0.050300226 
199 175 8 9 0.050213497 
294 247 9 11 0.050209977 
313 151 8 9 0.05014409 
813 184 9 10 0.050126377 
760 239 9 11 0.050091382 
151 216 9 11 0.0500438 
711 224 8 10 0.05003673 
668 321 14 17 0.049805775 
838 215 8 11 0.04978504 
935 252 9 12 0.04973998 
159 285 9 11 0.04973227 
943 207 8 10 0.04965034 
144 236 9 11 0.04963003 
738 254 8 10 0.049586497 
705 286 9 11 0.049404945 
912 158 8 9 0.04936683 
545 175 8 11 0.04934523 
978 223 7 10 0.049325608 
254 291 10 12 0.04929384 
838 318 12 14 0.049226165 
247 150 9 9 0.049196187 
790 310 9 13 0.049186222 
34 217 8 10 0.04913608 
651 277 9 12 0.04911834 
111 159 8 10 0.049092717 
165 183 9 11 0.049058065 
342 438 15 19 0.049042318 
801 197 9 11 0.04900448 
159 279 8 10 0.048861835 
301 143 8 10 0.048773415 
324 567 14 17 0.04871386 
296 129 7 8 0.048649088 
312 160 7 9 0.048627157 
369 379 15 18 0.04852675 
114 434 14 16 0.04844183 
919 206 9 11 0.048398566 
175 221 9 11 0.04824155 
225 150 8 9 0.04814786 
117 119 8 9 0.048134416 
974 304 9 11 0.048090894 
581 222 9 11 0.04805032 
518 321 14 17 0.048009988 
929 152 7 9 0.04800286 
33 222 8 10 0.04799771 
377 253 9 12 0.047984518 
1008 211 10 13 0.047872614 
672 209 8 9 0.047811154 
263 160 7 8 0.047713965 
144 222 9 10 0.047678348 
912 373 9 12 0.047636714 
356 332 12 16 0.047630746 
831 262 8 10 0.04760209 
766 333 11 14 0.0475101 
258 192 7 10 0.04750681 
951 206 8 10 0.047470268 
821 359 13 17 0.047337007 
706 185 7 9 0.047298744 
769 205 7 10 0.04727406 
902 197 9 11 0.04726194 
107 143 10 11 0.047253147 
333 247 8 11 0.04716073 
136 333 9 11 0.047102064 
671 248 8 10 0.04709953 
70 238 9 10 0.047090635 
91 269 8 10 0.04703341 
550 175 7 10 0.046993684 
312 265 8 10 0.046946526 
360 227 9 11 0.046869587 
159 190 8 10 0.046847 
224 145 8 9 0.046821978 
336 226 8 10 0.046691466 
927 257 9 11 0.046622988 
673 233 8 9 0.046609256 
841 323 13 15 0.04654502 
360 217 9 11 0.046305187 
278 214 8 10 0.046300463 
22 225 8 9 0.046290178 
17 223 8 9 0.04624403 
600 176 8 9 0.046175763 
737 159 7 9 0.04614401 
102 279 8 10 0.04607123 
879 197 8 10 0.04604563 
323 314 12 15 0.045956045 
863 159 7 9 0.045837108 
897 161 8 9 0.04582241 
896 237 9 12 0.045766164 
831 288 10 12 0.0457597 
248 292 10 12 0.0456891 
807 136 7 8 0.045680918 
215 248 7 9 0.045671493 
879 159 6 9 0.045567706 
967 227 8 11 0.045555983 
714 206 7 10 0.045518503 
637 314 15 18 0.045452937 
753 206 7 9 0.04540557 
690 245 7 10 0.04537607 
167 198 10 11 0.04537428 
233 263 9 11 0.045289975 
345 135 8 9 0.045274872 
96 136 8 9 0.045266926 
374 269 10 12 0.045223597 
201 263 9 11 0.045159552 
317 216 8 11 0.045094337 
277 280 10 12 0.04501974 
966 578 12 16 0.04495291 
834 475 16 19 0.044949777 
855 262 9 11 0.044948 
840 184 8 9 0.044705167 
737 173 8 10 0.044653133 
766 159 7 9 0.044647746 
913 233 8 9 0.044633307 
806 198 8 10 0.04463219 
329 239 8 9 0.0446167 
38 176 8 10 0.04460487 
873 402 12 14 0.044568695 
126 247 9 11 0.04456574 
624 191 7 9 0.04447663 
381 253 10 11 0.04447266 
960 205 8 9 0.044460744 
128 173 7 10 0.044458307 
928 340 11 13 0.044424206 
864 176 8 10 0.04441532 
720 272 8 10 0.044408742 
815 200 8 9 0.044408318 
777 223 9 11 0.044385318 
751 248 9 10 0.044373658 
130 511 16 20 0.044360828 
713 260 9 11 0.04434228 
665 253 7 10 0.04425557 
688 167 7 9 0.04413401 
395 310 13 15 0.04410008 
229 182 9 10 0.044094183 
864 198 8 10 0.04408625 
248 159 8 9 0.044069264 
336 143 7 10 0.04406534 
761 153 7 9 0.044026114 
360 152 8 10 0.043997705 
808 223 9 10 0.043975275 
824 199 8 9 0.043962754 
248 168 7 9 0.04392508 
841 160 8 9 0.04388857 
902 160 8 10 0.04378729 
785 149 7 8 0.043741986 
623 238 8 9 0.04368343 
198 246 8 9 0.043541197 
366 152 8 10 0.043512657 
829 617 14 19 0.043472547 
323 489 14 18 0.043424234 
77 198 8 10 0.043319236 
697 174 8 9 0.043313053 
991 596 32 73 0.043279912 
622 288 11 13 0.043199796 
493 634 14 16 0.0431692 
248 198 7 10 0.043104883 
600 182 8 9 0.04306631 
808 330 11 15 0.043058533 
655 223 8 9 0.04305116 
993 372 10 13 0.04301208 
278 208 8 10 0.042961545 
590 214 7 9 0.04285802 
318 232 8 9 0.042823367 
612 612 15 19 0.042686842 
96 128 8 9 0.042664062 
983 209 8 9 0.042593587 
352 165 8 10 0.042582467 
139 500 20 26 0.042576198 
94 262 8 11 0.042543616 
185 256 8 10 0.042492345 
917 598 13 16 0.04248693 
969 380 11 12 0.042414036 
1014 182 8 11 0.042413685 
328 207 8 10 0.042406 
295 182 8 10 0.042377055 
631 253 7 10 0.042323932 
577 191 8 10 0.04231494 
61 492 16 20 0.042278986 
47 213 10 12 0.042144634 
286 224 8 10 0.042134404 
680 200 7 9 0.04211111 
622 337 14 20 0.04209466 
360 137 6 8 0.042045865 
799 507 12 16 0.042016484 
170 296 8 11 0.042000312 
113 198 8 11 0.04186388 
836 587 10 13 0.041829757 
892 356 11 14 0.041752547 
695 160 7 9 0.041734174 
318 151 7 9 0.04166497 
849 240 8 10 0.041607715 
983 230 8 10 0.041456793 
253 303 9 12 0.041420773 
81 127 7 10 0.041414063 
298 190 8 10 0.041408595 
592 190 7 9 0.041361406 
517 238 9 13 0.04135231 
902 165 8 11 0.041345797 
22 263 9 10 0.041345447 
86 119 7 9 0.041316953 
779 386 13 17 0.041311346 
765 245 9 11 0.041211437 
186 199 7 9 0.041172106 
654 231 8 10 0.041160677 
225 175 8 10 0.04112663 
237 294 11 12 0.04112214 
998 279 12 14 0.041101433 
592 247 8 11 0.04109058 
600 192 8 10 0.041082386 
181 180 9 11 0.04107354 
97 299 9 12 0.04105752 
590 208 8 9 0.041049495 
253 541 13 16 0.041043952 
843 255 10 12 0.04103697 
1007 265 9 11 0.041010503 
22 229 10 10 0.04098847 
313 278 8 11 0.040868856 
128 238 8 11 0.040849097 
703 238 8 10 0.040810294 
302 190 8 9 0.04079813 
319 264 8 11 0.04079144 
1014 219 9 12 0.04077726 
74 272 8 9 0.040750388 
767 166 8 10 0.040747557 
375 247 8 11 0.040726278 
606 206 7 9 0.040635142 
125 255 8 9 0.040633038 
78 278 7 9 0.04060466 
331 230 7 10 0.040561218 
608 177 8 9 0.04055079 
749 319 13 15 0.04038916 
335 160 7 9 0.040291693 
641 191 7 9 0.04023378 
895 284 8 11 0.040202785 
831 298 10 13 0.0401874 
718 342 11 15 0.040155977 
846 562 15 21 0.04015321 
916 398 11 13 0.04012165 
696 350 11 14 0.040093176 
361 247 8 10 0.040051762 
726 213 9 10 0.04004778 
319 302 10 12 0.040017452 
927 208 9 11 0.040006567 
925 554 16 21 0.040005144 
767 153 6 8 0.039967492 
958 160 8 9 0.03996559 
220 272 9 11 0.039920732 
850 287 11 13 0.03985245 
704 295 18 24 0.039721824 
976 175 8 11 0.039709166 
281 224 7 9 0.03961721 
445 515 13 15 0.03957138 
663 240 7 9 0.039504264 
633 223 7 10 0.039447993 
360 207 7 9 0.03941942 
293 270 9 11 0.03936966 
703 167 7 8 0.03936646 
254 224 7 10 0.03933906 
752 177 7 9 0.039304305 
609 269 9 11 0.03917644 
552 403 22 29 0.039159898 
334 198 7 9 0.039140206 
16 261 8 9 0.03912229 
910 312 10 12 0.039076865 
334 166 8 10 0.039076753 
928 311 8 11 0.039005604 
776 230 9 10 0.03899122 
792 200 7 10 0.038990963 
766 216 8 9 0.03897338 
655 215 7 10 0.03895799 
812 544 14 19 0.038901538 
829 311 11 13 0.03887808 
718 247 8 10 0.038844764 
798 597 13 15 0.03880422 
32 167 7 9 0.03879438 
940 328 9 12 0.038790192 
33 240 8 10 0.038777623 
917 541 10 13 0.038698465 
143 126 8 10 0.03860693 
119 182 7 10 0.038604155 
329 224 8 9 0.03854058 
690 159 6 9 0.038534913 
920 364 10 12 0.038452297 
928 238 8 9 0.038391255 
333 191 8 10 0.038386595 
920 390 9 11 0.03837764 
615 232 9 10 0.03833927 
729 294 9 13 0.03827344 
181 286 8 11 0.038240887 
759 182 7 10 0.038200714 
278 167 8 10 0.038177345 
630 169 8 10 0.038168136 
726 256 8 11 0.038135838 
646 288 9 11 0.03802911 
982 294 9 12 0.03798311 
666 220 8 10 0.037969913 
753 389 23 26 0.037917867 
632 200 7 9 0.037877984 
704 232 7 9 0.037872925 
317 174 8 10 0.037829045 
298 307 10 15 0.037803557 
919 312 8 11 0.037749436 
215 260 10 12 0.0377376 
518 307 23 30 0.037631217 
214 150 7 9 0.03762707 
662 300 11 13 0.037588935 
855 367 11 13 0.037565876 
977 230 8 9 0.037545595 
208 582 13 15 0.03753839 
664 206 8 9 0.0375383 
905 206 8 10 0.03753413 
857 159 7 9 0.037457112 
200 168 8 9 0.03743468 
536 320 18 21 0.03742057 
350 270 8 10 0.037398312 
334 206 8 10 0.03739657 
115 466 16 20 0.037351888 
680 245 8 10 0.037348937 
134 166 8 10 0.037298765 
984 198 8 10 0.037282452 
294 208 8 10 0.03722397 
721 311 20 25 0.037208203 
262 199 8 10 0.03719091 
330 191 7 10 0.037183072 
961 216 8 9 0.03715756 
723 444 12 16 0.037142053 
992 366 10 13 0.03708488 
38 198 8 10 0.03707405 
742 299 10 12 0.03705844 
95 239 8 11 0.037049603 
375 260 11 14 0.037020266 
913 555 11 15 0.03700908 
986 182 8 10 0.03699491 
846 289 17 22 0.036987707 
625 345 14 20 0.03686902 
935 152 7 10 0.036857784 
271 271 9 12 0.036835726 
248 284 11 14 0.036777403 
946 192 8 10 0.036771942 
117 127 8 10 0.03673223 
576 183 6 8 0.036715195 
695 184 7 10 0.03671376 
883 175 8 10 0.03667009 
230 362 15 20 0.036636144 
223 214 8 9 0.03662761 
553 255 9 12 0.036562957 
560 255 9 11 0.036558427 
728 199 7 10 0.036555707 
233 295 8 10 0.03655188 
295 176 8 9 0.036535718 
79 236 8 11 0.036503255 
79 134 8 10 0.03649065 
319 587 14 15 0.036470633 
176 168 8 9 0.036429755 
242 184 7 9 0.03637466 
256 135 8 9 0.036328666 
200 183 7 10 0.036289297 
927 174 8 10 0.036287215 
631 276 10 12 0.03625734 
293 263 9 11 0.03624433 
719 200 8 9 0.036212567 
990 182 8 10 0.036193617 
838 287 9 10 0.036144875 
713 174 8 11 0.036137477 
932 263 10 12 0.036101047 
710 327 10 13 0.036091637 
178 621 11 14 0.036079 
168 249 9 10 0.035957016 
200 214 7 9 0.035907015 
350 263 8 11 0.035824012 
856 355 12 14 0.03581456 
709 284 10 12 0.035813753 
12 530 12 17 0.035798673 
579 373 17 20 0.035747718 
247 174 8 9 0.03574737 
233 252 9 11 0.03574609 
350 243 8 11 0.035725143 
633 265 7 9 0.035545625 
865 151 6 9 0.035543196 
902 293 10 12 0.035521798 
141 333 8 10 0.035506926 
737 446 22 27 0.03547615 
807 244 10 12 0.035464894 
684 319 10 13 0.03539389 
193 307 9 13 0.03532927 
174 158 8 10 0.035312135 
941 315 9 12 0.03525112 
790 317 10 12 0.035230987 
175 247 9 11 0.035189856 
808 286 10 12 0.03518929 
181 151 9 10 0.035101086 
814 224 9 10 0.03508018 
863 438 14 17 0.03507007 
774 238 8 11 0.035051104 
256 159 8 9 0.03503082 
854 343 10 12 0.03499747 
748 337 13 15 0.034996904 
948 481 15 20 0.034995295 
885 238 9 11 0.034968607 
90 214 8 11 0.034919128 
204 275 11 12 0.03490319 
887 199 7 9 0.034902453 
113 114 7 8 0.034897614 
167 165 8 11 0.034866557 
247 206 7 10 0.034862015 
167 215 8 10 0.03485377 
975 181 8 10 0.03476628 
313 285 11 13 0.034740034 
959 175 9 10 0.034730118 
613 239 9 10 0.03472278 
272 223 7 9 0.034708034 
190 291 11 14 0.03462719 
902 238 9 10 0.034592763 
478 429 23 26 0.034590945 
1011 369 11 16 0.03457357 
625 253 9 10 0.034544095 
654 182 8 11 0.034532443 
936 603 28 32 0.03452901 
232 158 8 9 0.03443444 
41 470 24 26 0.034406595 
607 233 8 10 0.03440609 
265 176 7 9 0.034404155 
647 231 7 9 0.034398314 
181 504 16 19 0.034350067 
666 184 7 10 0.034294017 
781 310 9 13 0.034268897 
161 152 7 9 0.034230012 
335 120 7 9 0.034228574 
831 379 11 14 0.034174792 
25 158 8 11 0.03417084 
206 200 8 10 0.03404723 
845 191 8 10 0.033983953 
777 214 8 10 0.03396592 
823 151 8 10 0.033956036 
262 206 8 9 0.033947233 
340 362 13 16 0.033924863 
832 236 9 12 0.033909146 
728 136 8 9 0.03390441 
168 152 7 9 0.033893175 
127 222 8 11 0.033893093 
864 255 8 11 0.033850648 
903 321 17 22 0.03381802 
831 153 8 9 0.033786997 
603 467 22 25 0.033749457 
195 589 11 13 0.03373131 
1000 550 12 16 0.033725522 
585 209 8 10 0.033709843 
226 182 8 10 0.033700883 
230 175 8 10 0.03367769 
334 308 10 13 0.033655696 
639 200 7 9 0.033588454 
937 229 8 11 0.03355319 
390 285 11 15 0.033543687 
193 159 8 9 0.03351723 
927 277 9 12 0.033515286 
472 331 12 17 0.033498548 
786 324 18 22 0.033492822 
975 199 8 10 0.033462096 
234 300 9 13 0.033449665 
818 370 12 16 0.03344922 
809 144 8 9 0.033419788 
951 175 8 9 0.03340207 
879 224 9 11 0.03339143 
263 589 13 14 0.033389688 
690 212 9 11 0.033387672 
665 248 8 10 0.033357035 
897 367 17 23 0.03326756 
5 166 9 11 0.033226084 
677 340 13 17 0.03319048 
350 174 8 10 0.03318575 
887 247 9 11 0.03316652 
847 279 9 10 0.033115078 
1008 506 14 21 0.0331018 
397 637 15 18 0.03309452 
672 164 9 11 0.03308947 
896 367 10 13 0.033086117 
638 225 8 9 0.03306084 
625 199 8 9 0.033031672 
22 246 9 9 0.032947212 
760 135 8 9 0.03281735 
737 458 17 21 0.03277284 
288 292 8 11 0.03276339 
847 151 8 10 0.032692444 
330 181 8 10 0.032642134 
1008 221 9 11 0.032544553 
849 205 8 11 0.03253362 
200 300 11 14 0.032510895 
238 285 11 13 0.03250128 
767 324 10 13 0.0324843 
789 384 15 18 0.032457244 
77 247 8 11 0.032425515 
253 270 11 13 0.03234308 
829 199 8 10 0.032326866 
342 287 9 11 0.032309577 
796 399 16 20 0.032261644 
845 166 8 10 0.032240048 
92 184 9 10 0.032239057 
102 256 8 10 0.032163106 
992 598 12 16 0.032161046 
915 419 12 15 0.032053925 
222 302 8 10 0.032047696 
369 260 9 13 0.032032583 
273 214 8 10 0.032024197 
985 190 9 11 0.032019943 
762 552 24 28 0.032006893 
221 284 10 12 0.03195407 
193 175 8 10 0.031953506 
822 254 8 10 0.03191447 
766 296 10 12 0.031901315 
142 248 9 10 0.03190113 
662 200 8 9 0.0318995 
911 368 9 12 0.03189149 
262 485 12 16 0.031890176 
17 247 8 9 0.0318856 
676 304 9 11 0.031765636 
688 256 8 10 0.0317632 
534 191 8 10 0.03172104 
373 175 9 10 0.031706646 
81 120 7 9 0.031673815 
747 373 22 25 0.03167063 
728 225 9 10 0.031659484 
822 247 8 11 0.031653877 
968 206 8 9 0.03164658 
800 246 8 11 0.03163681 
303 149 8 10 0.031630076 
933 336 12 15 0.031603422 
631 204 8 10 0.031532858 
383 279 9 12 0.03150197 
30 134 8 9 0.031497594 
111 190 7 10 0.031482227 
171 426 16 19 0.031482194 
250 342 14 17 0.031446494 
277 384 15 20 0.03143449 
112 134 8 10 0.03142204 
810 158 9 11 0.03133139 
10 523 13 17 0.031312805 
674 262 8 11 0.031242814 
293 252 9 12 0.031175919 
588 424 16 17 0.031141927 
216 284 10 12 0.031133773 
220 161 9 10 0.031132538 
858 182 8 10 0.031116161 
798 327 10 12 0.031113269 
839 278 9 11 0.031088397 
1000 214 9 11 0.03104858 
782 342 13 16 0.03097264 
911 215 8 10 0.030920314 
705 162 7 8 0.030907104 
278 268 10 12 0.030886259 
722 312 9 13 0.030872859 
297 147 8 11 0.030801985 
953 168 8 8 0.030800693 
823 229 9 11 0.030718923 
18 206 8 9 0.030672612 
776 350 12 16 0.030639369 
830 362 12 15 0.030612167 
328 214 8 10 0.030600743 
306 212 8 10 0.030596303 
351 129 7 9 0.0305772 
368 296 11 17 0.030571068 
757 323 10 12 0.030564424 
942 213 8 10 0.0305461 
127 231 8 11 0.030459402 
72 247 9 12 0.0303976 
592 177 7 8 0.030361526 
389 313 13 15 0.030332243 
970 304 9 12 0.030314572 
822 265 18 22 0.030223388 
744 182 8 10 0.030214671 
8 148 8 11 0.030142987 
926 198 8 10 0.03011835 
528 482 14 17 0.030039994 
711 214 9 10 0.030006437 
159 579 12 14 0.029968135 
721 360 14 18 0.029943712 
507 581 11 14 0.029934729 
104 199 7 10 0.029934509 
229 230 9 10 0.02992331 
801 310 10 15 0.02990858 
790 253 8 11 0.02989959 
839 238 8 11 0.02987313 
342 314 12 15 0.029866956 
934 240 8 9 0.029831236 
856 200 9 10 0.029809583 
865 601 12 15 0.029798588 
735 213 8 10 0.029755373 
788 356 12 15 0.029717537 
742 279 10 11 0.029690884 
896 151 8 9 0.029625323 
916 343 11 13 0.029605705 
1013 317 10 15 0.029605534 
281 497 23 29 0.029601205 
29 159 8 10 0.029553907 
166 174 9 11 0.02952613 
1006 189 8 11 0.029525964 
982 263 7 9 0.029511252 
289 128 7 9 0.029498091 
599 221 8 10 0.02946041 
920 223 8 10 0.029447556 
412 581 12 14 0.029437402 
790 150 8 9 0.029423218 
843 482 16 19 0.029344767 
464 581 14 18 0.02934284 
977 168 7 10 0.029337274 
257 199 7 9 0.029313073 
892 511 13 17 0.029312057 
881 183 8 10 0.029299384 
943 268 9 11 0.029298207 
578 168 7 9 0.029282343 
603 238 8 11 0.029255712 
650 248 8 10 0.029195271 
857 176 7 9 0.029173054 
980 380 10 12 0.029172558 
736 337 12 16 0.029145084 
912 223 7 9 0.029112853 
599 231 8 10 0.029101647 
109 148 8 11 0.029094618 
381 333 18 23 0.028995018 
772 312 18 23 0.02899401 
831 352 11 14 0.028967362 
119 587 16 20 0.028908323 
97 110 7 9 0.028895946 
997 248 9 11 0.028852908 
295 291 10 13 0.02880395 
54 213 8 11 0.028750215 
102 136 9 10 0.028728426 
886 192 7 9 0.028722886 
710 353 14 17 0.028707046 
606 153 8 9 0.028697068 
650 201 7 9 0.028683808 
391 290 13 17 0.028674854 
16 280 8 12 0.028671017 
840 269 9 11 0.028667884 
404 274 11 13 0.028666925 
683 342 12 15 0.028654058 
86 127 8 9 0.028643845 
747 258 19 23 0.028598785 
323 324 12 15 0.028535103 
397 380 12 17 0.028520074 
192 183 8 11 0.028501382 
271 641 12 15 0.028496657 
649 183 8 10 0.02848698 
247 301 11 14 0.028441396 
719 294 10 13 0.028439183 
344 159 7 9 0.028422955 
629 607 27 29 0.028410133 
866 231 10 12 0.028359175 
630 173 8 10 0.028336668 
39 230 9 10 0.028275775 
670 331 13 16 0.028268738 
947 582 14 16 0.028264489 
215 216 7 9 0.028246598 
1008 238 9 11 0.02822395 
14 168 8 10 0.028221956 
138 345 21 28 0.028189508 
147 278 10 12 0.028163062 
384 282 11 15 0.028150938 
77 192 9 10 0.028137706 
88 230 8 11 0.028132513 
865 236 9 12 0.028109288 
615 169 8 9 0.02808772 
141 261 9 11 0.028029077 
839 395 12 16 0.028004728 
619 643 10 13 0.027966108 
444 400 17 21 0.02795997 
936 363 9 12 0.027942786 
660 329 16 17 0.027915522 
0 172 8 12 0.027865715 
704 222 7 10 0.02786325 
119 158 8 11 0.02784143 
999 222 8 11 0.027841026 
677 329 13 16 0.027815165 
870 175 8 10 0.027813403 
895 253 10 12 0.027806995 
901 467 11 15 0.027787082 
245 246 9 11 0.02775242 
240 342 14 18 0.027747259 
743 206 8 10 0.027744597 
600 248 8 10 0.02773789 
817 174 9 10 0.027719865 
973 256 9 11 0.027695432 
823 144 8 9 0.027685277 
877 286 10 12 0.02767071 
841 152 8 9 0.027624952 
118 176 9 11 0.027593708 
568 221 9 10 0.02759038 
37 142 10 12 0.027583158 
239 166 8 10 0.027571749 
870 304 11 13 0.027565232 
167 398 12 16 0.027559148 
980 348 11 14 0.027558666 
29 281 9 11 0.02755649 
551 588 12 15 0.027524145 
120 151 8 9 0.02751461 
650 239 8 10 0.027447313 
6 223 8 11 0.027437268 
968 217 7 8 0.02743576 
902 248 10 11 0.027425064 
353 207 7 9 0.02741472 
781 360 13 16 0.02739577 
671 304 17 22 0.0273646 
703 174 8 10 0.027337177 
319 394 13 19 0.027334515 
873 142 7 9 0.027320134 
289 135 7 9 0.027230723 
560 258 17 23 0.027211484 
737 200 8 10 0.027205996 
152 248 8 10 0.027201584 
648 224 7 9 0.02718991 
741 294 9 12 0.027169118 
882 166 7 10 0.02714818 
182 169 8 9 0.02710396 
397 175 8 10 0.027101941 
719 231 8 10 0.027084757 
877 304 10 12 0.027080733 
866 390 12 14 0.027076514 
566 248 8 10 0.027044643 
736 225 8 10 0.027043007 
67 433 16 19 0.027030475 
151 249 18 23 0.027012473 
174 252 9 10 0.026998624 
8 205 7 11 0.026990686 
647 254 7 9 0.026982047 
90 251 9 12 0.0268664 
0 207 7 11 0.026833037 
707 452 11 16 0.026822042 
206 175 9 10 0.02681908 
600 161 7 10 0.026810141 
63 260 7 10 0.026799446 
32 640 13 16 0.026797833 
18 539 14 18 0.02678602 
1006 308 11 14 0.026701666 
986 547 13 19 0.026697785 
170 267 18 23 0.026687711 
719 240 7 9 0.026676701 
230 145 7 8 0.02665511 
323 595 17 21 0.026637087 
968 393 10 14 0.026582545 
863 165 8 9 0.026577523 
1001 175 7 10 0.0265452 
688 200 8 9 0.026534017 
582 231 8 10 0.026529344 
120 192 8 9 0.026520189 
1005 681 21 42 0.026511826 
332 175 9 10 0.026502768 
757 332 12 15 0.02649891 
791 159 8 10 0.026491465 
88 239 9 10 0.026448894 
256 248 8 10 0.02644119 
64 278 7 10 0.026413796 
87 528 11 13 0.026404638 
613 245 9 10 0.026402265 
935 190 8 9 0.026361875 
180 464 15 16 0.02635131 
883 370 18 22 0.026347207 
198 158 8 9 0.026324239 
105 191 7 9 0.026294438 
670 174 8 10 0.026231596 
912 534 12 15 0.02619197 
799 223 9 11 0.026167875 
241 144 8 9 0.026108705 
616 174 7 9 0.02610763 
396 284 14 18 0.026095686 
889 161 6 9 0.026086569 
108 448 21 26 0.02607162 
792 183 8 10 0.026067864 
927 182 7 9 0.026059903 
368 178 9 12 0.026042249 
996 591 26 37 0.026017575 
920 257 8 10 0.025970004 
800 538 27 34 0.025962457 
2 280 8 11 0.025954964 
78 441 22 26 0.025952702 
76 260 9 11 0.025941603 
854 404 13 17 0.02593083 
786 348 13 15 0.025899269 
770 372 14 17 0.025880573 
916 491 15 18 0.025870599 
576 176 7 9 0.025864892 
136 201 9 10 0.02585913 
206 167 8 10 0.025853248 
982 356 11 14 0.025798367 
23 283 10 12 0.025785571 
973 504 13 18 0.025764642 
625 248 7 9 0.025756573 
957 304 8 11 0.025745966 
577 242 9 12 0.025688794 
992 224 7 10 0.02567593 
207 183 8 10 0.025662264 
931 246 9 11 0.025648855 
118 133 8 10 0.025609275 
800 144 8 9 0.025598243 
5 240 8 10 0.025580507 
951 199 7 10 0.025575219 
801 298 11 14 0.025541626 
920 167 7 9 0.025539996 
867 494 22 28 0.025503762 
638 215 8 10 0.025497358 
240 136 8 9 0.02548351 
766 379 15 19 0.025444329 
422 394 16 19 0.02542143 
1011 555 11 16 0.025408031 
856 254 9 11 0.02538425 
727 299 9 12 0.025330475 
391 300 11 14 0.025317589 
106 159 8 10 0.025289565 
127 118 8 9 0.025276696 
983 284 10 13 0.025264082 
290 402 22 27 0.025215467 
318 168 8 10 0.025202228 
273 248 18 23 0.025194671 
247 237 9 11 0.025189199 
854 143 8 10 0.025155121 
43 255 9 10 0.02513926 
804 370 14 16 0.025138611 
15 199 8 10 0.025122771 
783 303 8 11 0.025057353 
150 198 9 11 0.025049698 
582 168 7 8 0.02504625 
1003 559 16 19 0.02502013 
134 400 14 17 0.024956828 
810 552 27 30 0.024951417 
783 569 15 20 0.02491771 
752 276 10 12 0.024917187 
601 216 8 10 0.024901472 
619 571 14 17 0.02484893 
192 167 8 10 0.024831105 
318 292 10 12 0.024830434 
797 590 11 15 0.024777211 
606 191 7 9 0.024736175 
1006 230 8 10 0.024735807 
655 263 8 10 0.024722276 
129 113 7 9 0.024672972 
86 207 9 10 0.02464764 
167 143 8 10 0.024641277 
158 596 10 13 0.024615698 
107 119 6 9 0.024615202 
904 174 7 10 0.024604926 
830 582 13 16 0.024584794 
984 175 8 10 0.024564506 
870 226 18 23 0.024524879 
637 355 13 17 0.024511822 
967 248 7 10 0.02448986 
622 212 7 10 0.024482332 
16 257 8 9 0.024469126 
736 153 7 9 0.02444819 
63 272 7 10 0.024429342 
242 191 7 9 0.024336813 
126 336 10 12 0.02427913 
578 277 11 15 0.024261745 
158 248 8 10 0.024261195 
504 294 10 13 0.02425906 
140 273 19 23 0.024258552 
830 488 13 17 0.02424686 
231 407 23 25 0.024244426 
850 331 11 14 0.024235748 
16 216 7 9 0.024203658 
968 182 8 10 0.024182066 
353 159 8 10 0.024179539 
239 222 8 10 0.02416135 
804 379 15 17 0.024131073 
585 540 24 30 0.024121482 
996 291 13 15 0.02411437 
147 595 14 15 0.024110047 
6 127 8 11 0.024102395 
765 581 12 14 0.024056239 
296 167 7 8 0.024052992 
792 550 11 15 0.02401984 
178 270 11 13 0.023998898 
982 468 16 19 0.02399845 
718 300 10 13 0.023988158 
455 545 13 16 0.023971673 
744 152 7 9 0.023959706 
443 362 13 14 0.023946261 
254 249 18 23 0.023931142 
950 215 8 9 0.023920408 
286 229 9 11 0.023877904 
885 202 19 24 0.023870245 
814 270 9 11 0.023859873 
153 206 7 9 0.023850875 
91 602 14 19 0.023835367 
184 143 8 9 0.023828069 
660 284 10 11 0.023793094 
721 179 9 11 0.023791036 
366 191 9 10 0.023772946 
953 158 9 10 0.023758093 
924 427 14 17 0.023753058 
656 190 7 9 0.023724006 
233 266 18 23 0.023696966 
1012 331 11 14 0.023678396 
637 205 9 10 0.023665112 
836 450 13 16 0.023663323 
366 229 9 12 0.023660561 
840 220 8 11 0.023598988 
686 301 9 11 0.023585806 
743 158 7 9 0.023584664 
1012 200 10 13 0.023573453 
509 588 11 14 0.023563128 
489 306 17 20 0.023548959 
174 306 11 13 0.023471477 
150 183 8 11 0.0234437 
814 327 12 14 0.023430308 
183 292 9 12 0.023422986 
600 271 9 12 0.023410795 
793 481 22 28 0.02340369 
968 326 10 12 0.02338603 
735 143 7 9 0.023359107 
903 250 17 22 0.023343038 
957 457 15 16 0.02333516 
230 191 7 9 0.02329596 
913 191 8 9 0.023268256 
262 269 11 14 0.023257865 
735 368 14 18 0.023224603 
271 144 7 10 0.02321847 
936 223 9 10 0.023201639 
639 236 8 10 0.0231927 
651 175 7 9 0.023165429 
591 230 7 10 0.023145119 
14 149 8 10 0.023102818 
688 153 8 9 0.02310156 
510 462 11 14 0.023077631 
319 159 7 9 0.023076478 
421 612 13 17 0.02307208 
198 293 11 13 0.023052517 
918 592 11 14 0.023035347 
968 192 7 9 0.023027243 
989 357 11 15 0.023020726 
835 368 19 23 0.022972137 
802 253 9 12 0.02296718 
990 249 18 22 0.022964913 
889 294 10 13 0.022916436 
560 224 8 11 0.022906464 
935 157 7 10 0.022905724 
980 388 9 13 0.022899313 
696 189 8 10 0.022888368 
711 161 7 8 0.02288571 
228 397 22 26 0.022853767 
1006 277 10 12 0.022818094 
850 481 17 20 0.02278903 
545 541 27 30 0.022692502 
744 144 8 9 0.022671154 
591 538 14 18 0.022614367 
311 245 9 11 0.022610983 
705 248 7 9 0.022610055 
207 190 8 9 0.022584468 
296 224 18 24 0.022575524 
85 557 16 18 0.022558631 
960 580 11 15 0.022545403 
568 232 8 11 0.022503503 
836 311 11 13 0.022480482 
777 144 8 10 0.022476133 
928 326 10 12 0.022461817 
176 265 9 11 0.022452425 
133 339 12 15 0.022437893 
753 310 10 13 0.022429658 
819 488 14 18 0.022426391 
579 266 19 23 0.022423983 
304 295 9 11 0.022419035 
678 293 9 11 0.022417005 
776 292 9 12 0.022400493 
362 252 10 12 0.022378258 
958 190 8 10 0.022373276 
1006 198 19 26 0.022361884 
686 310 11 13 0.02236131 
102 261 9 11 0.022360833 
38 118 8 9 0.022349272 
677 215 8 11 0.022338372 
302 226 9 10 0.022322023 
874 603 12 15 0.02223756 
935 616 14 18 0.022236824 
912 356 10 13 0.022225572 
97 279 9 11 0.022206282 
20 466 14 18 0.022201851 
263 248 8 10 0.022190869 
14 189 9 11 0.022178717 
495 620 22 27 0.022147002 
7 214 8 10 0.022146929 
345 262 9 11 0.022146717 
877 530 14 16 0.022130629 
821 509 18 23 0.022130031 
134 389 11 15 0.022126883 
759 254 9 12 0.022101993 
785 250 10 12 0.022055773 
368 142 7 9 0.02205536 
680 184 8 10 0.02204468 
773 333 11 14 0.022003515 
103 105 8 9 0.022003476 
802 135 8 10 0.021981342 
632 332 18 23 0.021954 
844 391 11 14 0.021916097 
584 175 7 9 0.021907153 
800 149 7 10 0.021872725 
846 184 8 10 0.021844322 
143 150 8 10 0.021813631 
965 167 8 10 0.021788245 
912 479 19 23 0.021775883 
654 272 8 10 0.021751018 
345 128 8 9 0.021741748 
849 216 19 24 0.021740256 
965 602 11 15 0.0217398 
419 322 23 30 0.021727035 
989 600 23 34 0.02172145 
182 484 17 21 0.021712681 
922 143 7 9 0.021710835 
664 272 8 10 0.02169862 
428 330 13 17 0.02169374 
781 527 11 14 0.021670077 
888 143 8 11 0.021665968 
109 441 17 20 0.021664854 
1005 586 15 19 0.021631196 
199 233 8 9 0.021629442 
719 616 16 20 0.021624008 
246 539 24 30 0.021623049 
942 624 18 22 0.021620497 
302 247 9 10 0.021577641 
375 316 12 15 0.021572202 
946 239 9 11 0.021553814 
895 537 11 15 0.02155314 
153 270 9 11 0.021543467 
512 325 11 14 0.021539094 
87 112 8 9 0.021523597 
336 136 7 8 0.021512162 
344 440 24 28 0.021504262 
305 160 8 9 0.021494841 
15 127 7 10 0.021480352 
865 323 10 14 0.021448068 
607 564 24 30 0.021438852 
356 293 12 15 0.021425147 
959 603 13 16 0.021421067 
803 411 14 16 0.02141079 
796 330 10 14 0.021405887 
937 182 8 11 0.021376628 
702 560 22 27 0.021369446 
96 368 10 11 0.021348665 
797 546 14 18 0.021339092 
368 129 7 8 0.021315336 
73 135 7 9 0.021299684 
335 150 8 9 0.021291144 
607 279 20 26 0.02128163 
790 225 9 11 0.021277642 
588 275 10 14 0.021245437 
592 589 23 27 0.021242388 
33 143 9 11 0.021176891 
168 284 9 13 0.02116297 
742 312 10 12 0.021158064 
126 277 9 12 0.021144113 
628 286 12 15 0.02113093 
86 199 10 12 0.021125184 
589 286 11 14 0.021097649 
975 278 10 12 0.021090293 
56 136 8 10 0.021074452 
516 321 22 30 0.021069404 
284 473 24 28 0.021040667 
597 250 18 23 0.021038923 
330 121 7 9 0.021036599 
968 176 8 10 0.021032516 
248 224 18 23 0.021008555 
452 586 12 16 0.021007596 
880 212 10 11 0.021000499 
840 143 8 9 0.020974226 
313 145 8 10 0.020953111 
189 261 9 10 0.020936884 
0 224 8 12 0.020927902 
995 415 13 16 0.020917278 
858 563 14 19 0.020911612 
179 276 9 13 0.02090968 
78 207 9 12 0.020909246 
844 576 14 18 0.020907229 
888 284 10 11 0.02088961 
214 229 8 10 0.0208637 
725 233 19 24 0.020860128 
304 252 9 12 0.020852406 
785 263 10 12 0.020847075 
718 223 9 11 0.020842036 
916 547 12 17 0.02084019 
895 261 9 12 0.020838544 
768 184 7 9 0.02082087 
145 120 7 9 0.020820256 
510 241 14 16 0.020807557 
105 272 8 10 0.02076404 
238 159 9 10 0.020763082 
801 386 14 17 0.020762304 
702 326 11 13 0.020758806 
163 401 21 26 0.020748489 
46 128 8 9 0.020718126 
665 233 7 9 0.020708133 
23 239 8 11 0.020707693 
343 256 9 11 0.020694934 
606 220 8 10 0.020689778 
54 222 9 10 0.020673389 
941 280 9 11 0.020661697 
670 421 12 15 0.02063714 
977 239 18 23 0.020629872 
87 505 13 18 0.020622302 
356 304 11 15 0.020618143 
428 611 12 16 0.020603403 
316 572 24 27 0.020595778 
802 205 9 10 0.020595092 
992 324 9 12 0.020581892 
267 545 16 20 0.020574257 
862 379 12 15 0.020535678 
292 451 15 21 0.020525051 
574 298 13 15 0.020514859 
790 302 9 12 0.020508068 
1013 561 11 16 0.020499285 
798 184 20 26 0.020472763 
64 311 10 13 0.020463975 
289 119 7 9 0.020456742 
344 216 8 10 0.020456607 
110 266 17 22 0.020456182 
707 366 21 25 0.020454874 
228 371 21 29 0.020425715 
696 269 9 11 0.020424787 
647 189 8 9 0.020407528 
683 347 13 19 0.020385863 
162 303 9 11 0.020385526 
119 525 13 17 0.020385459 
835 256 9 11 0.020381149 
942 246 9 12 0.02036796 
6 280 9 12 0.020355226 
328 143 8 10 0.020353818 
855 381 10 12 0.020347256 
579 377 23 28 0.020343706 
296 302 10 13 0.020338641 
16 241 8 9 0.020324906 
942 292 8 12 0.020273963 
214 299 10 12 0.020262007 
880 391 9 12 0.020235581 
62 160 7 9 0.020215724 
899 301 10 13 0.02021417 
212 266 19 23 0.02018861 
977 294 9 11 0.02018224 
240 200 8 9 0.020135872 
678 161 7 9 0.020132635 
995 305 19 23 0.020111786 
853 278 10 12 0.020109894 
919 151 8 9 0.020109123 
18 228 8 11 0.020048056 
305 297 19 23 0.020031562 
352 215 9 11 0.02000581 
