0_Parade_Parade_0_377
532
255 503 71 95 0.9912907 
851 359 74 80 0.9829701 
976 339 21 26 0.95978236 
87 366 57 63 0.9525245 
575 308 26 28 0.9407778 
730 308 22 25 0.9068587 
548 297 18 24 0.8899894 
10 264 49 71 0.8767132 
248 404 25 31 0.8731678 
346 335 23 35 0.8628192 
427 307 18 26 0.7657848 
764 314 19 21 0.7517726 
245 343 30 30 0.7373892 
944 320 17 22 0.7358858 
452 275 21 25 0.7156425 
146 317 43 50 0.5376073 
419 255 17 21 0.52700174 
468 314 15 20 0.5257633 
810 309 14 17 0.5031108 
314 384 23 33 0.49485776 
397 274 16 19 0.45844984 
897 309 14 18 0.43571085 
365 379 25 30 0.40124106 
357 273 24 29 0.36986694 
325 336 25 31 0.36615002 
846 311 12 16 0.34673336 
189 282 17 22 0.3444778 
649 315 14 16 0.3347354 
487 294 13 17 0.31618193 
100 235 26 28 0.29560995 
711 316 12 15 0.28864393 
655 334 9 11 0.28227317 
635 312 11 14 0.27068865 
831 318 12 14 0.26360816 
614 315 16 20 0.2622038 
0 238 32 38 0.24591215 
192 411 24 32 0.22429876 
111 456 36 42 0.22267728 
516 314 14 18 0.2201789 
68 386 52 57 0.21757208 
73 254 44 53 0.21608473 
466 296 21 28 0.21483865 
427 296 21 27 0.21460043 
544 256 10 13 0.21178333 
176 221 12 16 0.2115136 
374 232 12 15 0.21004044 
698 292 11 15 0.20382038 
264 253 12 14 0.20098062 
608 348 15 19 0.20087829 
612 301 14 18 0.18864253 
822 495 33 42 0.18608642 
48 413 45 53 0.1858896 
25 239 29 36 0.18167496 
929 315 24 30 0.18155126 
595 314 14 20 0.1804259 
180 223 13 15 0.17914757 
68 353 50 58 0.1782309 
583 279 11 13 0.1767476 
680 287 10 12 0.1766167 
691 315 13 17 0.16956162 
480 244 10 12 0.16865371 
47 349 43 51 0.16637366 
575 260 10 14 0.16182415 
316 274 26 33 0.15850908 
79 198 9 12 0.15452856 
995 299 14 17 0.14817695 
358 377 21 30 0.14703444 
345 274 23 31 0.14651783 
36 238 14 18 0.14613913 
189 223 12 15 0.14480303 
680 334 12 14 0.1396807 
175 215 11 13 0.13933343 
792 300 20 26 0.13918751 
477 347 17 21 0.13699055 
576 278 10 13 0.13438138 
597 330 13 18 0.13068336 
579 325 16 20 0.13049561 
634 392 14 18 0.129002 
328 274 26 34 0.12779474 
768 286 8 11 0.12678409 
230 276 16 23 0.12625894 
854 324 12 15 0.12497624 
364 401 15 20 0.122160204 
349 385 13 20 0.12211791 
684 332 12 14 0.11767894 
719 286 11 14 0.11725952 
536 254 9 13 0.11623384 
589 277 12 15 0.111273356 
260 443 29 33 0.10993743 
16 483 43 53 0.10990456 
951 241 27 31 0.10906178 
172 279 26 30 0.1074202 
664 273 8 12 0.107231036 
534 307 13 18 0.1067867 
533 293 11 16 0.10631276 
687 323 13 17 0.105951235 
681 292 10 12 0.10062912 
124 215 10 14 0.10044828 
700 287 11 14 0.09996353 
388 352 22 33 0.09947423 
369 280 16 21 0.09932046 
491 339 15 22 0.09888984 
463 255 14 17 0.09846346 
650 322 13 16 0.09604946 
53 494 50 49 0.0959693 
379 235 11 15 0.09397276 
257 406 29 32 0.09357801 
670 333 10 14 0.09162868 
852 316 12 16 0.09110968 
103 189 11 13 0.09071079 
180 328 13 19 0.0906548 
156 221 10 12 0.090344414 
94 248 32 36 0.08950002 
502 421 39 52 0.088774785 
615 246 8 10 0.087634996 
38 211 11 12 0.085735254 
54 219 11 14 0.08510525 
367 228 15 18 0.08479543 
790 295 12 14 0.082329415 
269 291 14 16 0.081574984 
1004 261 11 14 0.081269115 
60 213 10 13 0.08096336 
682 271 9 10 0.07902818 
57 229 12 14 0.0777763 
734 330 13 17 0.07772774 
30 260 31 50 0.075913034 
662 333 10 14 0.07543979 
320 251 13 16 0.07529666 
270 237 12 16 0.074825145 
510 289 24 31 0.073971555 
89 434 87 98 0.07006165 
614 296 10 13 0.06964555 
364 267 17 23 0.068751514 
188 466 29 40 0.06790455 
656 284 10 11 0.067809634 
554 293 15 19 0.06769313 
678 386 11 14 0.0676146 
76 277 30 36 0.06603768 
932 320 14 19 0.065579355 
547 259 11 13 0.06483168 
477 312 20 26 0.06414979 
168 320 27 37 0.06402279 
446 280 18 21 0.06252179 
815 355 13 16 0.06236731 
208 244 12 16 0.062260155 
500 322 14 19 0.061676573 
269 285 25 27 0.061465643 
604 314 12 18 0.061331645 
387 293 15 20 0.061065916 
390 307 24 29 0.061031107 
630 293 9 11 0.06081906 
408 416 14 17 0.06030007 
279 444 23 30 0.05929228 
206 213 8 9 0.058609113 
492 283 14 18 0.058488205 
371 368 31 36 0.058052044 
479 240 9 12 0.058038663 
59 233 13 15 0.05803817 
558 320 14 20 0.057821605 
212 250 11 13 0.05728283 
265 256 17 18 0.0572617 
651 301 12 15 0.056897372 
178 275 19 22 0.056630492 
776 321 14 18 0.05602641 
630 270 8 11 0.055728413 
795 312 14 18 0.055621333 
476 294 15 19 0.05535876 
676 317 12 15 0.055306666 
295 440 23 29 0.055248685 
669 323 13 15 0.054976966 
332 421 27 37 0.054120988 
197 228 11 14 0.053297754 
392 238 10 14 0.052924886 
30 347 41 56 0.052657217 
434 293 16 19 0.05257554 
661 284 9 12 0.052541025 
207 238 11 14 0.052483577 
63 344 37 43 0.051967863 
527 249 10 12 0.051351316 
387 275 22 29 0.050959196 
806 332 14 17 0.05091445 
982 321 15 18 0.05078615 
535 284 10 15 0.05063566 
200 213 10 12 0.050487783 
1001 339 20 26 0.050422974 
54 524 69 64 0.050112076 
527 298 14 17 0.049825955 
96 200 9 10 0.04949438 
773 288 9 11 0.049413916 
545 269 10 13 0.04897573 
373 276 24 30 0.048053488 
32 488 48 53 0.0479401 
858 319 18 20 0.04772573 
261 396 15 20 0.047704108 
213 214 8 10 0.047550537 
684 299 11 14 0.047540404 
103 397 52 67 0.046610676 
188 421 18 25 0.046495643 
303 296 12 17 0.046171684 
605 304 18 25 0.04615539 
425 250 16 22 0.04606761 
140 236 14 19 0.04603516 
460 395 13 16 0.045917217 
488 274 13 17 0.045700643 
264 387 25 27 0.0450571 
323 320 25 34 0.044545226 
129 460 31 38 0.043702688 
462 304 17 23 0.043556 
457 286 16 22 0.04354722 
972 320 13 17 0.043428235 
45 214 11 13 0.043338753 
51 397 34 42 0.043120146 
1000 382 10 13 0.043090425 
319 347 27 36 0.042958055 
204 221 10 12 0.042879865 
356 265 18 22 0.042802125 
408 326 30 37 0.0424787 
563 308 22 27 0.041728877 
270 274 22 25 0.041703235 
158 277 28 32 0.041538633 
563 291 12 15 0.041336525 
267 265 18 21 0.04131055 
511 275 12 17 0.04120569 
119 435 51 62 0.040860068 
50 485 36 40 0.04074697 
334 419 15 20 0.0405624 
25 363 29 33 0.040523328 
1005 301 12 15 0.04047043 
230 222 10 12 0.040407684 
52 264 43 58 0.0403843 
535 250 7 10 0.04027952 
214 299 28 40 0.040271085 
632 325 11 15 0.040257808 
388 262 23 28 0.04012758 
499 291 20 28 0.040017206 
70 487 33 38 0.039738193 
625 270 9 11 0.039730344 
196 221 13 14 0.039652005 
393 224 10 12 0.03910378 
368 657 46 60 0.039069626 
332 281 15 20 0.038986787 
463 294 15 23 0.03893709 
655 387 9 13 0.038391065 
664 325 9 13 0.038293026 
356 342 28 33 0.03826475 
314 362 27 35 0.038255725 
350 305 16 20 0.038071487 
152 215 10 13 0.037967633 
286 268 14 18 0.03790752 
585 320 21 26 0.03786795 
75 198 9 12 0.037800077 
542 304 14 20 0.037610136 
235 284 15 21 0.037599213 
232 450 21 29 0.03758707 
83 198 11 12 0.03750312 
519 307 19 26 0.03733494 
45 412 27 32 0.037105054 
669 277 10 12 0.03671273 
999 266 13 16 0.036682777 
308 436 22 31 0.036662746 
759 285 10 13 0.03632259 
427 262 15 19 0.03630174 
158 216 9 12 0.035962567 
654 292 12 15 0.035714425 
295 333 42 51 0.035698812 
455 430 12 15 0.035675287 
458 268 18 22 0.035668626 
679 278 10 12 0.0356172 
522 432 15 22 0.03556662 
677 323 14 17 0.035373762 
290 299 16 18 0.034918822 
147 243 13 19 0.034908812 
33 206 10 14 0.034639034 
207 293 28 34 0.034636945 
492 325 20 27 0.03446133 
965 321 14 18 0.03380698 
266 416 25 28 0.03370123 
389 347 16 23 0.033516906 
834 312 18 24 0.03351189 
624 287 8 10 0.03350565 
227 269 16 21 0.033480138 
281 290 17 20 0.03336287 
254 260 11 14 0.03319937 
185 221 21 23 0.03312583 
392 229 11 14 0.03309434 
1012 307 11 17 0.033041276 
56 208 9 11 0.033020288 
340 323 15 18 0.032979198 
516 281 15 21 0.03297237 
214 231 9 10 0.03287105 
343 323 25 32 0.032408804 
503 323 19 27 0.032389794 
331 430 37 46 0.032375447 
539 166 417 480 0.032351587 
472 246 9 11 0.03226503 
647 284 10 11 0.03215806 
714 309 13 17 0.032121427 
188 287 25 28 0.032071453 
376 264 25 30 0.03193412 
259 423 30 36 0.03191858 
616 306 15 18 0.03175195 
805 323 14 17 0.031649735 
437 280 24 32 0.03157612 
663 261 8 10 0.03157213 
474 238 9 12 0.031543992 
350 268 15 20 0.031503934 
91 458 50 55 0.031285077 
475 260 12 15 0.03120193 
544 291 14 20 0.03093725 
1010 340 13 20 0.030899202 
452 394 14 18 0.030887425 
679 325 21 24 0.030878166 
47 218 12 14 0.030848783 
628 301 12 16 0.030810658 
421 318 24 36 0.030809704 
919 310 26 32 0.030676879 
453 238 10 14 0.030385066 
820 307 11 15 0.03035007 
361 360 29 35 0.03034033 
599 240 8 9 0.030084638 
244 228 13 16 0.030074954 
0 281 47 78 0.030001877 
117 302 61 62 0.02989329 
523 321 15 21 0.029687073 
311 286 25 31 0.029605541 
872 523 13 17 0.029580517 
264 400 19 25 0.029509982 
260 243 21 25 0.029355394 
279 340 31 40 0.029184993 
327 322 14 19 0.02913046 
945 348 22 29 0.029112274 
809 337 16 16 0.029054247 
204 498 44 60 0.029050147 
486 286 14 18 0.029011052 
993 292 15 17 0.029008528 
662 256 9 11 0.029006619 
168 213 11 14 0.028930701 
671 350 8 11 0.028878113 
558 288 12 15 0.028771646 
990 337 21 27 0.028613327 
63 376 37 48 0.02858685 
244 281 13 19 0.028566508 
247 260 10 14 0.028539 
758 302 11 14 0.028499443 
30 400 82 95 0.02818308 
508 402 12 16 0.028148526 
725 289 11 15 0.028118623 
371 391 27 32 0.028069455 
605 339 15 20 0.028059611 
239 347 39 48 0.028025165 
668 272 10 11 0.02802414 
137 238 23 31 0.027979303 
4 230 44 56 0.027942367 
581 275 20 23 0.02792004 
510 304 16 22 0.027744487 
623 293 10 12 0.027694391 
373 225 10 13 0.027678281 
390 428 10 12 0.0273604 
257 346 35 38 0.027310088 
71 204 9 12 0.02728121 
984 321 22 27 0.027229339 
594 277 12 14 0.027164655 
0 323 27 51 0.027154474 
656 375 8 12 0.027033547 
695 285 20 24 0.026995804 
1011 350 13 20 0.026899792 
359 235 13 16 0.026876913 
555 310 15 21 0.026670814 
200 234 10 14 0.026642058 
85 283 34 38 0.02663829 
992 306 14 17 0.026440792 
696 310 19 24 0.02641561 
201 283 15 18 0.026302602 
469 349 17 22 0.026273793 
748 382 14 15 0.026220838 
670 262 9 10 0.026198732 
415 261 14 19 0.026156813 
694 349 9 11 0.02607017 
649 295 11 13 0.026066149 
401 361 14 20 0.026039088 
681 264 8 10 0.025963215 
365 239 14 17 0.025853084 
95 295 56 58 0.025789792 
445 350 13 16 0.025786625 
84 427 47 58 0.025721714 
63 209 9 12 0.025716502 
735 295 11 13 0.025642345 
667 329 18 23 0.025605414 
757 309 14 17 0.02555804 
686 265 8 10 0.025539503 
514 334 17 22 0.025511304 
140 211 11 15 0.025506318 
931 301 14 16 0.025393227 
996 316 14 17 0.02526474 
749 309 12 16 0.025241777 
1014 314 11 15 0.025204452 
678 347 11 13 0.025170539 
156 227 12 13 0.025127746 
429 258 23 30 0.025107162 
758 290 11 15 0.025101664 
172 269 17 21 0.025037019 
805 336 23 30 0.024958426 
519 234 11 13 0.024957782 
477 357 16 20 0.024818761 
324 390 24 30 0.024753608 
146 272 46 54 0.024751347 
592 245 8 10 0.024735097 
701 332 11 13 0.024729837 
232 324 45 52 0.024694748 
695 279 9 11 0.02465306 
785 295 10 12 0.024517564 
434 268 25 30 0.024490396 
318 337 15 20 0.024482865 
229 505 49 62 0.024404474 
209 307 48 58 0.024363354 
403 270 21 27 0.02428935 
291 456 27 34 0.02426986 
664 388 10 14 0.024082804 
263 236 14 17 0.024008412 
272 449 17 22 0.024003802 
351 291 22 30 0.02393808 
411 308 26 34 0.023801966 
319 297 25 33 0.023781192 
215 274 12 16 0.023766352 
855 367 41 49 0.023764497 
830 311 10 13 0.02369351 
322 376 17 26 0.02368408 
491 314 15 22 0.02365827 
421 244 16 20 0.023651112 
326 414 25 33 0.023624921 
256 448 45 51 0.02356168 
259 276 25 29 0.023561379 
482 576 9 11 0.023548607 
147 245 25 31 0.023435945 
956 328 13 18 0.023389678 
240 451 43 51 0.02338371 
255 252 12 15 0.023374874 
237 226 14 18 0.023323154 
562 326 15 20 0.02329834 
212 293 15 19 0.023295311 
399 338 29 42 0.023083253 
970 318 22 27 0.023069717 
230 356 12 16 0.02289672 
306 294 17 21 0.022824805 
470 425 13 15 0.022795876 
435 403 15 18 0.022749932 
446 242 12 17 0.022735909 
336 285 25 33 0.022604888 
1013 398 10 16 0.022603007 
158 264 26 30 0.022581361 
173 212 19 23 0.022577455 
418 335 28 36 0.022513157 
246 252 11 14 0.022506967 
631 288 8 11 0.022476513 
526 259 11 15 0.022340318 
45 228 13 17 0.022261063 
296 240 10 11 0.022257928 
466 264 16 20 0.022225019 
341 375 22 32 0.022201657 
282 273 16 21 0.02218458 
198 237 24 30 0.022177314 
336 312 24 31 0.022154965 
381 310 16 23 0.022139583 
662 382 10 13 0.022082625 
329 330 37 50 0.022067899 
436 245 13 19 0.022060927 
504 269 11 15 0.022046488 
1011 301 11 15 0.022007298 
925 308 16 19 0.022005465 
589 254 9 11 0.021995269 
114 235 24 32 0.021976057 
794 294 16 16 0.021945104 
673 383 10 13 0.021907112 
978 408 30 34 0.021850169 
248 275 22 28 0.021849673 
135 203 12 15 0.021826074 
435 300 22 29 0.021781228 
168 440 45 60 0.021724682 
662 317 12 15 0.021705503 
714 320 12 17 0.021698229 
232 226 11 15 0.021687461 
170 302 44 55 0.02163915 
736 303 17 19 0.021605698 
439 235 11 14 0.02160133 
4 491 33 50 0.021584205 
29 506 66 70 0.02155042 
89 287 18 23 0.021467462 
294 410 16 22 0.021461682 
217 321 27 38 0.021392437 
206 299 15 19 0.021383775 
405 252 12 16 0.021251509 
107 329 62 70 0.021187985 
155 267 16 19 0.021158472 
238 234 11 15 0.02114569 
-2 275 27 46 0.021128254 
232 216 9 12 0.021085715 
624 264 9 11 0.021049758 
696 269 9 11 0.021034755 
254 214 11 13 0.021008426 
531 331 13 17 0.02098101 
436 274 14 18 0.020979995 
299 319 26 37 0.020948088 
146 266 28 34 0.020927493 
93 266 33 42 0.020925969 
226 308 18 26 0.020786768 
411 281 14 18 0.0207248 
277 227 13 16 0.020705512 
276 430 25 32 0.02068273 
383 384 18 22 0.020679194 
576 240 8 10 0.020633122 
325 368 15 21 0.020632854 
362 261 16 20 0.020607524 
414 314 15 21 0.020594412 
195 296 14 17 0.020593539 
780 304 20 26 0.020505778 
40 226 21 28 0.020473234 
452 294 15 21 0.02042476 
400 316 27 32 0.020405032 
265 345 18 21 0.020387143 
205 229 11 15 0.020372825 
281 394 15 20 0.020372188 
217 268 11 15 0.020286635 
19 218 15 19 0.020260444 
986 316 16 19 0.020230187 
404 245 24 29 0.020196402 
638 286 11 12 0.020138903 
389 404 12 16 0.020119376 
519 280 22 31 0.0201025 
503 275 12 18 0.02009168 
678 281 19 23 0.020060355 
477 250 12 15 0.020052023 
403 370 12 17 0.02001083 
