0_Parade_marchingband_1_439
595
914 486 33 51 0.8669856 
135 565 39 63 0.8055446 
453 414 11 13 0.5683564 
147 522 43 38 0.5397364 
141 429 12 13 0.5360789 
392 423 9 11 0.4091629 
705 370 11 15 0.3990585 
269 430 10 12 0.3812791 
474 421 9 11 0.37423828 
414 403 9 11 0.30378297 
246 428 10 13 0.3011508 
125 542 60 54 0.28266644 
207 421 10 13 0.2815061 
132 455 17 24 0.26609454 
12 437 11 15 0.25058472 
343 430 9 11 0.23806797 
681 398 9 12 0.2357225 
461 413 10 11 0.23497199 
140 512 33 38 0.23178513 
76 464 12 15 0.2237818 
110 439 11 14 0.22262001 
94 431 9 12 0.22085308 
164 443 15 21 0.21956371 
946 411 9 13 0.2171501 
970 454 14 16 0.21606486 
85 423 9 12 0.21320057 
775 395 9 12 0.21292265 
375 430 10 12 0.20015198 
831 430 10 14 0.19962634 
268 448 11 13 0.18539962 
406 421 7 9 0.18284306 
277 415 7 9 0.1795948 
734 404 10 12 0.1774797 
69 424 8 10 0.17446078 
392 441 9 11 0.16669314 
305 422 10 12 0.16247773 
26 430 9 12 0.16238467 
86 428 12 14 0.15923329 
478 449 15 21 0.15681954 
248 422 11 14 0.1567348 
783 397 9 11 0.14781727 
146 448 15 20 0.1472916 
245 436 11 16 0.14314672 
149 563 34 48 0.13874215 
989 466 13 17 0.1367103 
289 423 9 12 0.1365422 
75 446 12 14 0.13280384 
444 440 9 14 0.13119312 
23 436 10 14 0.13071616 
8 429 10 13 0.1290185 
471 416 9 11 0.12732533 
746 415 9 12 0.12222777 
553 408 7 9 0.12181511 
757 432 11 13 0.12174133 
520 414 8 11 0.12101686 
479 417 8 11 0.11974237 
552 413 9 12 0.119516246 
749 372 8 12 0.11878221 
398 423 8 10 0.11776099 
126 523 39 34 0.11769958 
136 448 19 26 0.1140393 
263 424 9 12 0.11290187 
606 454 23 33 0.111870706 
771 366 10 12 0.11118529 
183 423 11 13 0.10807197 
376 414 9 11 0.107980765 
438 414 8 9 0.10635383 
351 414 8 10 0.10621537 
545 415 8 11 0.10502672 
528 420 8 10 0.104984775 
982 462 13 18 0.104685806 
222 423 9 12 0.10421083 
505 416 10 11 0.10224445 
654 400 7 10 0.09926542 
494 412 9 10 0.09597621 
320 407 8 11 0.09576906 
359 476 11 13 0.094915286 
650 400 8 10 0.09477351 
433 414 8 10 0.094604954 
1012 397 10 16 0.093713924 
519 440 11 16 0.09335862 
319 413 8 10 0.09255497 
354 502 12 15 0.09242642 
189 422 9 12 0.09191015 
136 535 37 42 0.091433875 
615 399 7 10 0.09058779 
490 450 14 19 0.09020993 
689 418 11 13 0.08863344 
927 405 11 14 0.087517425 
113 431 9 12 0.0864752 
557 465 13 18 0.0858875 
89 468 16 18 0.08552558 
413 447 9 12 0.084401585 
730 405 9 12 0.08419556 
126 420 10 12 0.083248004 
89 435 11 12 0.08308262 
380 483 11 15 0.08285225 
434 531 15 20 0.08146233 
982 434 11 15 0.07955983 
510 415 9 12 0.07905301 
305 417 9 10 0.07826058 
484 444 14 21 0.07778298 
883 422 9 11 0.07707399 
944 419 10 14 0.07658682 
425 423 9 11 0.076337315 
612 429 9 12 0.07633243 
391 406 8 10 0.07630898 
814 407 10 12 0.075873025 
720 446 9 12 0.07368808 
121 586 50 59 0.073561035 
102 421 9 11 0.07330398 
175 426 10 13 0.072999984 
919 400 10 13 0.07228975 
351 474 12 15 0.07143696 
425 523 20 28 0.07140314 
397 440 8 10 0.071166426 
535 408 7 9 0.07037231 
230 421 9 11 0.069696575 
261 391 7 9 0.0696669 
201 423 9 11 0.06942045 
362 455 8 10 0.06911249 
720 453 10 16 0.06890914 
406 416 8 10 0.06889373 
1001 358 12 15 0.068801 
421 484 12 16 0.06654777 
48 424 10 12 0.066053495 
148 436 13 18 0.065941505 
272 381 7 10 0.06568013 
126 429 10 14 0.065619424 
197 458 11 14 0.06505189 
935 429 13 15 0.06492841 
1 430 8 11 0.06487539 
683 401 12 14 0.06408812 
155 443 18 25 0.063520424 
325 405 9 11 0.06306304 
252 438 11 14 0.06275283 
721 399 8 11 0.06265735 
77 439 11 12 0.061764352 
208 417 9 11 0.06149986 
596 423 8 11 0.061284777 
790 397 7 10 0.06106879 
279 438 10 12 0.060921703 
55 444 10 12 0.060692683 
182 342 8 9 0.06057493 
1012 436 10 16 0.060241222 
169 421 9 13 0.06015413 
24 444 10 14 0.0600014 
550 419 8 11 0.059970975 
977 435 10 14 0.0594857 
163 480 15 18 0.05917902 
431 423 10 11 0.058003966 
301 445 12 15 0.057677787 
425 416 7 9 0.057429206 
888 514 14 19 0.057389293 
480 499 12 17 0.057361048 
383 446 9 11 0.0569774 
525 458 13 18 0.056581724 
260 398 9 11 0.056543864 
438 422 8 11 0.05593812 
485 454 14 19 0.05569918 
168 535 34 36 0.055582557 
181 451 10 14 0.055535592 
280 444 10 13 0.055496916 
728 399 9 11 0.055287555 
351 431 7 10 0.055277288 
316 474 14 19 0.054765366 
990 437 12 16 0.054693993 
424 428 10 13 0.05462318 
134 434 12 14 0.054303613 
367 423 8 11 0.053930536 
368 366 9 13 0.05357387 
178 344 7 9 0.053034335 
1007 444 14 20 0.05301844 
376 480 11 14 0.052880038 
982 420 10 13 0.052396655 
377 390 8 11 0.05220681 
192 454 12 17 0.051725455 
60 439 12 14 0.051718663 
658 447 15 19 0.051668778 
241 430 9 12 0.05165557 
808 392 8 10 0.051483016 
413 436 9 11 0.05144367 
358 431 7 9 0.051404744 
631 398 8 10 0.051239073 
81 426 12 15 0.05108439 
906 435 12 15 0.051047042 
323 474 12 17 0.050784215 
120 422 10 12 0.050655313 
302 398 7 11 0.050475318 
380 453 9 12 0.049973622 
509 269 443 441 0.049945604 
326 499 13 16 0.049196705 
160 466 24 30 0.048889488 
487 413 8 10 0.0488609 
381 429 10 12 0.048837222 
430 445 9 11 0.048596706 
233 417 7 10 0.048458744 
410 404 9 11 0.04833723 
537 532 52 81 0.04832903 
234 390 7 10 0.048237335 
734 411 9 11 0.04760424 
149 476 15 18 0.047547616 
344 435 10 12 0.047218896 
716 416 9 12 0.047015414 
430 439 9 12 0.046970427 
797 407 10 12 0.046883214 
519 431 10 13 0.046772663 
118 429 10 13 0.046499617 
376 448 8 11 0.04646587 
559 432 12 14 0.046414927 
976 431 9 12 0.046359934 
464 409 9 11 0.046318706 
534 414 8 11 0.045943085 
309 427 9 11 0.04581437 
287 428 10 12 0.045573108 
971 458 24 28 0.04540137 
791 406 9 12 0.044711895 
293 427 9 12 0.0445235 
93 450 13 17 0.04399069 
285 439 10 11 0.043844987 
800 393 7 9 0.043835614 
741 405 9 11 0.04357306 
663 399 8 10 0.04329083 
153 506 28 34 0.043277718 
392 401 8 11 0.043206517 
337 429 9 12 0.043042872 
345 407 8 10 0.04298348 
469 408 8 10 0.042940322 
469 451 16 20 0.04293303 
49 444 10 12 0.042916227 
240 435 11 16 0.04265087 
712 419 10 12 0.042589903 
822 398 8 10 0.042463902 
247 418 10 12 0.041959975 
252 427 11 13 0.04190043 
364 539 27 28 0.041844185 
710 453 9 12 0.041829497 
401 525 21 29 0.041285727 
4 467 13 20 0.04103954 
72 452 12 15 0.040987626 
324 493 13 15 0.04089212 
129 460 26 31 0.040867094 
833 407 9 12 0.04071576 
177 467 13 17 0.040586445 
214 422 10 13 0.040292826 
834 422 12 16 0.040172838 
663 405 8 10 0.04014242 
137 464 15 19 0.040114228 
408 431 9 10 0.039963685 
310 416 8 10 0.039751537 
598 398 9 11 0.039728608 
319 431 9 11 0.039361753 
103 467 11 15 0.039211027 
810 382 8 11 0.03918693 
590 460 10 16 0.039111488 
934 423 12 14 0.039015796 
398 399 8 11 0.03899708 
237 391 8 9 0.038965303 
196 505 13 19 0.038954146 
201 427 10 12 0.038939744 
349 445 9 11 0.03888811 
13 503 27 38 0.038719516 
548 475 15 19 0.0384876 
152 535 39 44 0.038138863 
753 434 10 14 0.038074214 
758 364 9 13 0.037893757 
869 400 14 17 0.03783987 
327 432 9 10 0.037700176 
966 437 11 15 0.037647523 
697 358 8 10 0.037643548 
552 459 13 16 0.03752841 
696 371 12 15 0.03729421 
700 358 10 11 0.037188806 
425 444 9 12 0.037167042 
488 409 9 11 0.037043273 
216 443 10 13 0.036760684 
168 391 10 13 0.036728773 
746 367 10 13 0.036654644 
740 399 9 12 0.03661586 
367 448 9 10 0.03657634 
101 430 9 13 0.03654863 
630 393 7 9 0.036434095 
978 398 9 13 0.036334272 
342 506 14 17 0.036236223 
65 428 9 12 0.03593469 
147 471 25 29 0.03582017 
706 454 8 11 0.035626743 
451 444 11 15 0.035613026 
351 496 12 13 0.035526473 
425 438 9 11 0.03550511 
685 342 10 12 0.03546879 
357 495 10 12 0.035337478 
464 504 22 32 0.035335056 
375 422 11 14 0.03522395 
13 76 411 494 0.035152737 
638 400 8 10 0.035037268 
350 439 9 11 0.03500328 
232 344 7 9 0.03461233 
119 513 28 32 0.03448224 
137 425 19 22 0.034308415 
904 431 10 13 0.03418142 
108 459 12 19 0.03406622 
302 406 8 10 0.033919264 
436 496 13 20 0.033890188 
391 415 9 11 0.033853076 
408 452 10 12 0.03379541 
431 497 12 17 0.033781227 
184 545 19 22 0.033735637 
450 418 9 12 0.03372832 
52 424 9 10 0.03361366 
678 414 11 13 0.033561327 
438 430 9 12 0.03347403 
848 426 12 15 0.033445258 
554 461 22 30 0.033410013 
161 549 39 41 0.033350926 
285 389 8 10 0.033324033 
968 426 10 13 0.033221323 
277 431 9 11 0.032983415 
768 382 8 11 0.03292021 
903 493 26 34 0.032880142 
433 408 8 11 0.032855693 
816 399 9 10 0.03279778 
534 429 10 11 0.032722134 
1 546 50 85 0.032709625 
519 458 11 15 0.032591127 
428 486 12 16 0.032523613 
166 416 9 11 0.032469314 
520 420 8 11 0.03242207 
343 470 10 14 0.03227319 
465 457 12 16 0.032183036 
127 434 11 15 0.031977233 
488 429 9 12 0.031760767 
438 486 22 31 0.03175986 
625 374 8 10 0.03161058 
770 332 10 12 0.03147341 
309 477 17 22 0.031382024 
977 421 9 12 0.03130093 
10 442 10 13 0.031091122 
72 439 9 12 0.03104769 
526 428 11 15 0.030875867 
134 443 14 19 0.03077256 
204 474 26 30 0.030686125 
671 415 9 10 0.030653724 
438 485 12 18 0.03060271 
334 343 9 11 0.03054411 
430 427 9 13 0.030458607 
616 417 7 10 0.030400585 
884 413 9 12 0.030379754 
932 410 11 13 0.030271353 
116 435 11 16 0.03020263 
384 423 9 12 0.030139362 
336 352 10 11 0.03009804 
545 420 9 11 0.030093431 
800 434 11 13 0.029800447 
770 371 10 12 0.029730957 
88 533 10 13 0.02960294 
137 392 8 10 0.029566092 
430 333 11 14 0.029387813 
409 436 9 12 0.029378718 
177 350 8 9 0.029324992 
885 406 9 11 0.029321173 
495 422 10 12 0.029243387 
795 411 11 15 0.02920686 
326 423 9 10 0.029119551 
87 462 12 17 0.029091781 
523 434 12 16 0.02907153 
662 342 9 10 0.029024485 
785 405 9 11 0.029020978 
965 422 11 13 0.029014397 
210 341 7 9 0.029009026 
370 430 9 11 0.028893137 
703 404 8 11 0.028863387 
54 468 11 14 0.028843023 
506 497 14 20 0.028750785 
257 402 9 12 0.028662803 
156 436 15 20 0.028660992 
94 463 20 25 0.028584812 
893 464 27 32 0.02848982 
12 462 11 16 0.028383104 
11 475 11 15 0.028374746 
412 521 23 30 0.028369332 
333 508 12 15 0.028356493 
694 405 9 12 0.028354669 
581 398 8 10 0.028224623 
964 445 13 18 0.028196007 
484 309 11 15 0.028061716 
999 428 10 12 0.027923424 
13 528 44 69 0.027879307 
369 439 8 9 0.027834363 
178 460 13 17 0.027764218 
262 424 19 23 0.02775904 
172 473 16 19 0.027708482 
712 404 8 10 0.027502405 
401 416 8 9 0.027468933 
159 408 8 11 0.027449206 
112 424 9 11 0.027422143 
367 269 10 15 0.027399799 
172 447 12 18 0.027338665 
337 391 8 10 0.027312342 
613 423 9 12 0.027229173 
877 403 13 15 0.027184917 
223 416 8 10 0.027077049 
326 401 8 10 0.027063036 
222 408 7 10 0.026952667 
282 391 7 9 0.026867496 
321 390 8 10 0.02670206 
515 436 20 25 0.0266915 
1008 388 12 15 0.026681494 
660 436 23 29 0.026636878 
741 435 11 14 0.02659801 
349 453 9 12 0.026585784 
965 373 8 11 0.026436403 
980 430 19 25 0.026430853 
263 433 13 15 0.02638536 
156 505 16 22 0.026342386 
248 431 20 25 0.026317788 
649 392 7 9 0.026311291 
374 262 21 32 0.026282659 
967 415 9 13 0.026269514 
924 400 21 25 0.026230954 
231 429 10 13 0.026228417 
558 391 7 9 0.026191557 
232 436 11 13 0.026173698 
486 423 8 11 0.026170867 
348 470 21 25 0.02615084 
381 414 9 11 0.026139677 
302 440 10 11 0.026022255 
168 426 11 14 0.026003826 
24 450 10 14 0.025977645 
726 624 50 71 0.025902502 
103 436 10 15 0.025880745 
1006 433 19 26 0.025839482 
625 392 8 10 0.025833348 
268 459 12 14 0.025731687 
273 408 8 11 0.025672432 
-7 106 126 210 0.02565793 
609 398 9 11 0.025657775 
450 409 18 23 0.025609383 
687 349 9 11 0.025524847 
607 374 7 9 0.025501529 
909 492 15 21 0.025461327 
687 365 8 10 0.025403326 
21 406 8 12 0.025361985 
624 405 8 10 0.025284104 
718 333 8 11 0.02513187 
977 415 9 12 0.025131097 
987 421 11 12 0.025122596 
453 524 11 16 0.02508597 
442 523 14 18 0.025035001 
670 392 8 11 0.024881344 
462 418 10 12 0.02486364 
481 409 9 10 0.024852669 
908 476 27 33 0.024840912 
158 500 13 17 0.024779804 
973 647 41 79 0.024662815 
669 406 9 11 0.024654392 
455 409 10 13 0.024635902 
477 426 10 13 0.02446482 
992 365 12 15 0.024411097 
870 445 14 15 0.024364555 
598 438 9 12 0.024291296 
295 439 9 11 0.024271162 
415 478 13 17 0.024227854 
523 454 22 29 0.024147918 
82 447 19 25 0.024056492 
141 471 14 18 0.024050362 
693 437 10 14 0.023993002 
512 428 10 14 0.023933759 
870 467 23 30 0.023885889 
995 472 12 16 0.023862138 
770 390 9 12 0.023858018 
503 408 8 10 0.023807462 
616 403 8 10 0.023803059 
88 443 11 14 0.023731494 
597 416 8 10 0.023728803 
407 324 13 16 0.023723029 
696 366 10 13 0.02367125 
563 436 10 14 0.023621775 
217 408 8 9 0.023603365 
161 367 8 10 0.023570381 
514 327 8 11 0.023507394 
149 422 11 14 0.02348569 
262 358 8 11 0.023456093 
364 483 12 15 0.023427805 
298 405 8 10 0.02337452 
487 437 12 17 0.023257058 
439 437 18 26 0.023145916 
264 352 8 9 0.023131792 
142 459 24 31 0.0230472 
53 429 10 12 0.023028787 
126 452 16 22 0.023028465 
999 402 12 15 0.023027001 
380 326 12 15 0.022981433 
96 382 8 10 0.02296578 
538 453 24 30 0.022964504 
1008 421 9 12 0.022887196 
996 442 13 16 0.02288262 
177 405 9 12 0.022871163 
679 393 8 11 0.022866528 
611 447 14 16 0.022819674 
325 413 9 11 0.022789842 
918 411 14 18 0.022756113 
55 452 10 13 0.022755051 
159 413 9 13 0.02274019 
656 428 9 13 0.022673631 
115 454 21 28 0.02265649 
201 352 7 9 0.022641145 
979 454 12 16 0.022638766 
239 415 8 11 0.022625875 
213 341 7 9 0.022597047 
862 396 15 18 0.022556642 
168 564 37 45 0.022533754 
145 360 10 12 0.022479992 
62 454 11 14 0.022458073 
534 422 9 11 0.022447972 
960 449 13 18 0.022443194 
17 410 10 13 0.022305245 
177 359 7 9 0.022284336 
687 359 7 9 0.02228254 
896 356 9 12 0.022276245 
541 428 10 12 0.022258494 
205 416 19 24 0.022245094 
102 443 11 17 0.022239972 
395 545 14 16 0.022213737 
177 366 8 10 0.022212857 
694 378 11 14 0.022210635 
771 358 12 15 0.022207513 
784 364 9 11 0.022169895 
396 301 14 20 0.022151541 
398 407 8 10 0.022142952 
243 422 19 23 0.02205436 
208 352 7 9 0.02201842 
53 529 27 41 0.022009816 
1003 395 19 25 0.02197682 
374 435 9 11 0.021966781 
47 469 11 14 0.02196304 
346 500 18 23 0.021952964 
789 415 12 17 0.021932362 
623 398 8 11 0.021830002 
518 409 9 11 0.021759968 
597 460 12 18 0.02172373 
476 506 15 21 0.021639852 
242 437 19 25 0.021615898 
480 452 25 31 0.021561755 
703 422 9 10 0.021553464 
369 307 193 229 0.02149959 
462 430 9 11 0.021486593 
697 367 18 25 0.021476869 
438 519 14 18 0.021464558 
263 443 19 22 0.021462718 
358 415 8 9 0.021329533 
333 468 12 17 0.02132084 
625 428 10 13 0.021300001 
400 460 11 13 0.021286318 
729 412 11 12 0.021284966 
333 459 13 16 0.021271333 
359 447 8 10 0.021224126 
773 347 12 14 0.021220446 
0 563 31 49 0.021211062 
728 437 11 14 0.021189878 
320 435 11 12 0.021157805 
924 417 13 16 0.021121 
388 483 11 14 0.021066131 
149 364 10 12 0.020971172 
184 203 29 33 0.02096502 
1007 412 12 15 0.02095648 
421 423 20 25 0.020891221 
994 437 21 27 0.020883784 
167 525 21 23 0.020788845 
640 352 9 10 0.020779638 
901 422 10 13 0.020732244 
72 563 39 61 0.0207023 
483 495 14 18 0.020687504 
174 437 11 17 0.02066364 
922 572 44 54 0.020663137 
658 374 8 10 0.02062706 
384 398 8 11 0.020579604 
358 438 8 11 0.02054817 
23 469 11 15 0.02054608 
145 495 22 36 0.020505922 
547 471 26 32 0.020502044 
836 410 12 15 0.020448731 
556 407 9 11 0.020427076 
384 439 9 11 0.02039821 
678 392 19 25 0.020371066 
773 328 10 12 0.020336555 
999 356 19 25 0.02031502 
360 423 8 10 0.020300852 
257 468 11 15 0.02027874 
686 453 12 14 0.020248791 
399 456 9 12 0.020215727 
556 452 14 19 0.020183641 
272 399 9 10 0.02008368 
895 503 24 33 0.02001081 
239 360 7 8 0.020001777 
