0_Parade_Parade_0_519
66
417 256 115 129 0.9998258 
863 251 93 111 0.99935263 
88 249 31 40 0.99633753 
755 264 29 32 0.983115 
172 266 72 87 0.97926086 
666 309 38 53 0.8458496 
116 266 38 50 0.7562627 
708 269 19 29 0.2848396 
739 313 28 43 0.16535571 
100 257 36 47 0.1592508 
658 253 15 17 0.102163434 
655 258 12 14 0.090123914 
289 282 32 44 0.08705354 
979 227 11 14 0.07734856 
590 281 32 48 0.06896769 
996 253 22 30 0.068964586 
731 275 14 19 0.06050166 
922 342 45 60 0.05742603 
725 269 13 18 0.05541408 
235 278 20 31 0.051260475 
717 270 20 27 0.050338652 
276 300 29 37 0.04949424 
702 272 16 21 0.048776895 
293 285 47 58 0.0458314 
797 235 10 12 0.045644466 
17 638 41 48 0.039627623 
220 382 46 54 0.038649794 
979 235 12 15 0.03419791 
813 277 21 28 0.033633996 
65 740 28 29 0.03201868 
642 299 46 58 0.028553607 
654 265 12 14 0.0285024 
738 276 13 17 0.028258052 
1015 198 8 13 0.028154198 
924 70 10 13 0.02806924 
283 274 30 36 0.027746338 
700 253 24 33 0.026765617 
333 427 40 53 0.026761098 
271 313 14 18 0.026246019 
60 715 28 41 0.026199015 
678 266 15 18 0.026065042 
275 283 91 100 0.02596733 
348 387 48 60 0.025206044 
21 697 30 41 0.024798715 
1003 212 12 15 0.024608474 
337 361 31 38 0.024228469 
594 266 25 39 0.023937518 
930 192 17 19 0.023572639 
14 629 24 32 0.023317387 
9 688 52 66 0.022959271 
604 274 37 53 0.022924026 
623 287 28 37 0.022885425 
154 265 55 68 0.022422904 
733 269 22 28 0.022287255 
742 260 12 17 0.022180328 
956 330 29 37 0.022052674 
136 268 33 47 0.022015268 
326 490 35 51 0.021965029 
204 270 43 46 0.02159724 
257 308 27 37 0.021012526 
923 181 13 15 0.020803936 
695 274 14 17 0.020676266 
646 287 68 94 0.020626266 
919 187 30 34 0.02048642 
614 259 12 17 0.020453922 
814 289 17 22 0.020038655 
