0_Parade_Parade_0_468
29
470 640 258 318 0.99984944 
15 592 83 117 0.9581607 
188 555 36 43 0.14343925 
824 1219 28 35 0.11084786 
-1 811 21 45 0.09637241 
99 609 40 55 0.08718809 
520 527 341 507 0.07222254 
837 1232 35 34 0.063370384 
850 1229 29 30 0.05657427 
170 736 68 83 0.0503821 
85 382 200 276 0.045434136 
39 296 373 474 0.043899197 
153 494 52 47 0.042903617 
570 825 406 548 0.042184975 
200 987 111 177 0.036850017 
635 404 26 29 0.036807697 
989 1207 35 43 0.03329401 
618 400 31 31 0.030035727 
867 1223 17 26 0.028933646 
808 1222 50 52 0.027145144 
835 1211 44 46 0.026551887 
222 1012 415 502 0.02652241 
879 1168 30 39 0.026148897 
770 1045 37 38 0.024526415 
828 1245 40 48 0.024128126 
693 114 100 144 0.022844218 
936 1160 33 41 0.022287786 
696 35 107 155 0.021193609 
69 609 52 68 0.020183362 
