0_Parade_Parade_0_288
252
507 210 14 17 0.9235828 
500 171 11 14 0.84425557 
462 198 13 16 0.6669226 
522 229 11 13 0.44189692 
424 218 11 13 0.39002734 
478 339 15 18 0.37061033 
592 340 14 17 0.36733502 
703 407 11 13 0.34804225 
298 390 12 15 0.3426911 
709 338 12 15 0.32627133 
452 343 14 17 0.32494158 
406 184 16 20 0.28481737 
747 328 17 20 0.2837918 
380 360 14 17 0.27306998 
184 499 14 19 0.24612409 
352 250 11 13 0.23989004 
475 218 12 16 0.23812038 
481 273 15 19 0.22462246 
503 277 14 19 0.22412406 
411 205 14 16 0.22384526 
535 326 10 14 0.222117 
388 255 15 20 0.22046193 
388 338 13 17 0.19243567 
427 214 13 14 0.18651548 
575 330 10 12 0.1761905 
656 359 10 11 0.17015646 
513 212 13 16 0.16798311 
334 338 16 21 0.16723686 
579 332 10 12 0.1417875 
697 348 10 12 0.13775688 
792 406 11 14 0.13453189 
509 342 9 12 0.12967297 
470 215 13 16 0.12479739 
374 214 9 13 0.12206699 
429 348 14 18 0.11605331 
463 217 11 14 0.11281113 
523 222 12 14 0.11191847 
488 221 11 15 0.11008115 
526 342 11 13 0.109014355 
523 294 13 15 0.10716073 
421 199 11 13 0.10514718 
367 284 15 18 0.10053138 
445 367 15 18 0.09853002 
503 189 12 17 0.09851825 
408 222 12 13 0.097581066 
413 195 13 16 0.09332011 
286 412 9 12 0.08923724 
413 220 11 14 0.087063566 
349 379 13 15 0.08517678 
655 364 11 13 0.08321164 
873 419 13 16 0.082727894 
506 360 17 20 0.08252209 
425 321 9 11 0.08133012 
593 367 12 14 0.07937177 
352 197 9 12 0.07907302 
629 363 10 12 0.07631577 
704 342 12 14 0.076083556 
695 363 15 19 0.07371056 
417 366 11 15 0.07327441 
357 367 11 13 0.072844565 
472 338 13 16 0.07075657 
784 385 13 17 0.06954936 
712 396 10 13 0.06891338 
655 347 10 12 0.0671992 
506 173 10 13 0.062671475 
317 340 10 13 0.06087414 
343 378 11 14 0.060604297 
671 345 9 11 0.060570758 
428 207 12 14 0.05889177 
319 334 10 13 0.057104252 
532 338 12 14 0.05676984 
324 301 12 16 0.05562698 
352 191 9 13 0.05459563 
701 359 10 12 0.054423828 
536 395 13 16 0.053456165 
350 332 12 16 0.052875053 
435 212 10 13 0.051539615 
201 490 11 14 0.051034685 
663 347 9 12 0.050946377 
347 386 14 17 0.05084788 
689 391 10 12 0.050841186 
536 388 12 15 0.050597094 
401 378 15 20 0.05026795 
366 323 12 15 0.04923204 
427 323 12 14 0.048690554 
529 333 12 14 0.048663657 
324 324 11 14 0.0481887 
411 227 11 13 0.048010875 
423 389 17 19 0.047440182 
482 368 21 26 0.04682795 
735 365 9 12 0.046771377 
523 213 12 16 0.04624054 
504 347 11 12 0.046075948 
780 405 11 14 0.045647956 
407 325 9 10 0.045331422 
345 198 10 13 0.044946257 
357 331 11 13 0.044599157 
558 293 12 17 0.04453523 
755 369 39 49 0.044313867 
458 339 13 17 0.044218756 
456 200 13 17 0.04297638 
729 381 10 14 0.042285662 
563 298 11 15 0.041947998 
116 356 13 14 0.041556846 
389 276 13 16 0.041314464 
776 413 11 13 0.041080434 
507 244 11 14 0.040859636 
520 341 10 13 0.040758677 
679 361 12 16 0.040626682 
350 372 14 17 0.03945696 
636 323 11 13 0.039364494 
648 341 11 15 0.03895093 
485 362 16 20 0.03838851 
506 192 16 19 0.038367357 
495 175 13 17 0.03788332 
743 315 12 15 0.03783821 
467 192 12 15 0.037197858 
677 350 10 11 0.03667416 
415 274 13 17 0.0359499 
743 314 23 31 0.035899404 
517 335 10 12 0.035749182 
222 339 11 12 0.035714038 
687 424 11 14 0.035686754 
648 359 9 10 0.035551883 
579 260 11 14 0.035314955 
462 334 14 16 0.035194114 
388 265 15 19 0.035151947 
153 349 10 13 0.03499388 
653 369 12 15 0.034875438 
544 363 13 17 0.034819186 
222 356 13 14 0.03474502 
764 381 24 30 0.034659434 
350 201 10 13 0.034576636 
156 340 14 16 0.034536418 
542 372 11 13 0.034394175 
293 399 13 17 0.03362903 
364 341 15 19 0.033543628 
580 366 10 13 0.033032972 
326 226 11 17 0.032984868 
688 396 11 14 0.032859877 
535 347 12 16 0.032719463 
324 332 12 15 0.032237187 
683 358 10 14 0.032136798 
519 346 12 15 0.032013617 
139 216 423 441 0.03193443 
647 366 12 13 0.031717815 
489 248 16 19 0.03129344 
175 319 10 12 0.031195052 
407 372 21 26 0.03116159 
697 327 9 11 0.031111905 
438 335 11 13 0.030780869 
517 217 19 24 0.030764868 
878 340 11 12 0.03042048 
708 344 13 16 0.030287886 
541 349 10 15 0.030059304 
761 387 17 20 0.030012788 
262 429 11 14 0.029727329 
417 418 15 19 0.029317973 
511 336 11 13 0.029015297 
491 226 12 14 0.028741919 
703 333 11 14 0.028570848 
487 272 19 25 0.028037678 
279 414 13 14 0.027981648 
524 287 13 15 0.027802715 
502 231 10 13 0.027726877 
335 379 12 15 0.027420746 
423 226 12 15 0.02741126 
332 221 12 17 0.027349882 
546 304 18 21 0.027058981 
395 338 11 15 0.026758155 
225 408 9 10 0.026362017 
509 180 10 14 0.026275668 
251 322 15 19 0.026233086 
337 380 22 28 0.026165409 
575 345 11 16 0.026028434 
256 350 11 13 0.025861781 
215 352 11 13 0.02572168 
371 316 15 19 0.025343057 
709 365 10 13 0.025123786 
672 363 11 14 0.025072731 
577 284 12 16 0.024658 
581 255 8 11 0.02448848 
540 314 15 19 0.02439709 
182 353 11 12 0.024340624 
327 340 13 17 0.024243861 
568 465 10 13 0.024129452 
535 373 11 11 0.024127563 
361 312 20 25 0.023982186 
576 266 13 16 0.023936097 
426 198 12 14 0.023860753 
429 372 11 14 0.02381745 
351 184 9 12 0.02376403 
711 358 10 13 0.02369279 
508 238 10 13 0.023670627 
483 335 15 18 0.023620483 
574 310 12 16 0.023610536 
781 395 11 15 0.023571843 
276 420 15 16 0.023516022 
175 352 9 11 0.023283225 
811 309 14 18 0.023276059 
542 356 12 17 0.023259643 
649 348 10 12 0.02325626 
415 327 9 10 0.023247551 
781 435 18 19 0.023229998 
383 247 11 14 0.023199596 
714 334 11 14 0.023177275 
503 322 10 14 0.023154132 
714 389 13 16 0.023043288 
341 235 14 17 0.023018247 
249 439 10 12 0.022982638 
688 349 9 12 0.022958746 
332 246 16 19 0.022922229 
518 288 21 25 0.022835616 
575 227 12 14 0.022685157 
561 204 9 12 0.022647046 
691 422 14 18 0.02250791 
582 372 9 12 0.022472152 
312 339 11 15 0.022448184 
920 364 11 15 0.022402152 
517 276 12 15 0.022305466 
348 338 12 17 0.02230137 
775 378 12 15 0.022294478 
582 337 20 24 0.022165416 
748 365 29 35 0.021776456 
532 228 13 16 0.02159884 
239 479 9 12 0.021537293 
504 279 24 28 0.021437172 
328 251 12 16 0.021408373 
684 362 12 17 0.021383373 
798 210 117 123 0.021352764 
350 356 12 15 0.021269228 
488 171 11 14 0.02110796 
515 195 15 19 0.021082507 
495 187 13 18 0.021052968 
525 354 12 16 0.02095766 
774 396 12 16 0.020911003 
487 238 14 17 0.020847041 
326 382 11 14 0.020601155 
324 327 20 24 0.020569108 
371 279 12 15 0.02052337 
408 382 22 28 0.020516431 
374 362 22 27 0.020512369 
214 340 12 13 0.020448927 
200 359 11 12 0.020427398 
775 387 22 28 0.02040434 
335 239 21 25 0.020377 
867 422 16 20 0.020349426 
789 397 12 15 0.02031971 
660 370 11 14 0.020313822 
538 366 21 26 0.020277726 
962 333 11 14 0.020128872 
177 499 13 17 0.020091202 
