0_Parade_marchingband_1_759
58
368 22 49 62 0.9995639 
7 34 38 48 0.9994543 
629 117 60 77 0.9993783 
137 148 50 60 0.9989378 
570 136 56 67 0.9984303 
171 5 46 57 0.9972174 
138 48 45 56 0.9968939 
304 22 46 56 0.9968869 
341 125 46 55 0.9966884 
494 139 50 61 0.9964334 
53 43 36 44 0.99556893 
87 15 37 53 0.98907006 
227 14 29 50 0.8809478 
409 132 42 53 0.8457085 
213 92 37 44 0.30609998 
28 15 27 33 0.26430196 
235 9 36 42 0.12236743 
0 20 20 33 0.10241258 
657 584 40 44 0.0998924 
218 100 44 56 0.09463304 
323 347 18 21 0.07841847 
0 17 13 22 0.075854994 
286 94 38 52 0.073163666 
197 99 42 51 0.071824655 
66 0 20 19 0.07044099 
283 115 27 36 0.055555213 
410 246 42 49 0.049020674 
42 18 26 31 0.046740264 
248 132 29 45 0.046323255 
1 26 28 41 0.046313167 
53 188 27 38 0.044459324 
242 -1 35 30 0.037896153 
209 137 41 53 0.034652617 
26 0 26 26 0.032826237 
3 13 25 31 0.030773016 
75 98 41 53 0.030735975 
27 12 18 22 0.02906674 
61 5 27 33 0.028491078 
101 8 31 38 0.028069254 
285 33 33 44 0.02754383 
194 119 46 60 0.026884522 
121 21 30 41 0.026843863 
335 24 44 58 0.025443243 
250 13 42 56 0.024433302 
63 23 26 32 0.024209322 
44 32 29 36 0.024043784 
270 117 32 49 0.022753075 
1 162 25 39 0.02257987 
242 113 36 49 0.022472184 
113 3 20 20 0.022023614 
71 181 32 45 0.022016017 
217 29 44 60 0.021392604 
82 120 27 31 0.02115973 
884 110 29 45 0.021153476 
36 -2 30 26 0.020904081 
471 124 44 56 0.020457527 
72 0 28 29 0.020222336 
581 378 18 21 0.020140832 
