0_Parade_Parade_0_490
402
593 279 50 66 0.9992586 
770 556 110 147 0.99901474 
385 350 58 77 0.9987846 
241 322 54 66 0.9986253 
768 319 62 78 0.9982828 
501 152 33 42 0.99802315 
104 185 45 54 0.99782157 
524 222 37 45 0.9978157 
910 84 29 33 0.99767417 
347 124 32 37 0.99764615 
967 54 26 34 0.99759585 
744 151 36 47 0.99668175 
472 329 51 67 0.9966478 
176 133 30 37 0.9966084 
759 85 33 39 0.99640036 
174 201 48 59 0.9957743 
876 51 22 30 0.99545276 
121 442 81 92 0.9948501 
241 162 29 36 0.99475807 
594 172 40 48 0.99397755 
716 89 32 36 0.9933363 
13 490 67 73 0.9932468 
661 641 47 62 0.99298346 
897 361 75 104 0.9928583 
730 240 41 47 0.99242836 
545 115 28 35 0.99189794 
73 161 30 34 0.991046 
17 295 42 48 0.99054635 
434 113 23 30 0.9897774 
936 189 51 54 0.98804456 
827 154 40 42 0.9868797 
636 78 23 29 0.9819313 
930 6 21 27 0.9818965 
571 59 22 28 0.9785663 
59 111 17 21 0.9777142 
28 170 25 30 0.97516996 
274 82 22 25 0.97137475 
448 69 20 27 0.96492 
671 135 37 49 0.96210843 
594 111 25 32 0.9573992 
279 178 38 47 0.9565756 
673 81 24 29 0.9531636 
535 77 21 28 0.9314982 
134 75 16 21 0.9284108 
10 140 18 24 0.92198706 
851 32 19 24 0.91357327 
537 21 16 21 0.8802313 
354 58 22 26 0.87997353 
382 185 40 43 0.8780326 
435 215 43 44 0.8686631 
231 455 50 55 0.86566997 
493 675 49 70 0.86166334 
387 98 19 25 0.8615682 
232 92 20 24 0.8595142 
441 41 16 20 0.84476995 
372 239 33 49 0.8442698 
950 22 25 32 0.83645797 
322 342 51 65 0.8274318 
701 24 16 20 0.8152909 
721 42 22 27 0.796761 
674 10 14 17 0.79197216 
398 282 41 51 0.79048276 
643 20 14 19 0.7447048 
113 145 20 25 0.70722795 
246 57 14 16 0.6955938 
85 62 16 22 0.6917835 
-2 220 19 40 0.6678457 
993 27 16 22 0.63585204 
807 2 16 18 0.5985609 
900 13 21 26 0.5940847 
10 92 14 18 0.5891083 
769 249 29 44 0.5288325 
785 16 15 19 0.5218491 
450 800 30 34 0.5077276 
32 386 24 36 0.4920049 
474 66 18 23 0.48860663 
614 6 16 17 0.47501668 
244 128 18 23 0.42309895 
819 31 17 21 0.42303264 
502 94 15 24 0.4167429 
782 49 15 20 0.4039465 
882 0 16 18 0.39674664 
403 238 30 39 0.38029185 
799 56 24 27 0.3733032 
822 93 26 29 0.3640342 
21 384 25 38 0.35468197 
871 229 48 58 0.34415442 
868 220 33 47 0.31990787 
713 148 24 35 0.3154541 
517 22 14 21 0.29803717 
8 192 26 35 0.28496125 
567 110 24 33 0.27547488 
597 100 23 29 0.27247277 
916 62 22 27 0.23697512 
123 346 27 40 0.22182694 
383 125 14 19 0.1946726 
993 170 31 44 0.19435379 
479 55 22 27 0.19370292 
924 292 50 64 0.1920694 
509 28 14 18 0.19046803 
755 50 18 21 0.18736434 
607 31 11 15 0.1815677 
656 83 21 29 0.18090576 
404 129 23 29 0.16706032 
206 18 11 14 0.16581827 
734 0 15 17 0.16503902 
613 587 26 36 0.16394998 
546 23 15 19 0.15287583 
0 115 9 18 0.15285492 
814 27 16 20 0.15010092 
792 49 22 28 0.14987974 
381 142 20 28 0.14507514 
16 179 25 30 0.14279963 
534 70 15 20 0.1348654 
843 1 14 14 0.1341324 
3 405 26 40 0.122997224 
823 101 34 36 0.12000088 
772 6 16 19 0.118793845 
278 427 46 71 0.11692939 
313 157 29 36 0.11609375 
547 688 54 54 0.114316866 
622 150 26 33 0.11428151 
815 83 24 29 0.11236875 
464 120 27 33 0.10639569 
270 60 12 16 0.09985119 
765 23 15 19 0.09947073 
612 29 12 16 0.09704509 
336 118 29 35 0.09443326 
811 35 23 29 0.08800286 
363 126 24 31 0.0849916 
903 6 15 18 0.08436149 
762 43 15 18 0.082620226 
462 774 27 37 0.08157122 
455 785 30 38 0.07894015 
43 390 18 28 0.07802464 
6 649 48 95 0.077179976 
3 369 25 39 0.07607038 
723 10 13 16 0.07606122 
903 151 35 42 0.07389482 
726 4 13 15 0.07355143 
134 34 13 16 0.072801724 
403 15 14 19 0.07248311 
910 5 22 28 0.07208215 
772 12 20 25 0.07203107 
375 198 44 54 0.071848914 
521 18 19 25 0.07161791 
166 184 45 57 0.071177505 
185 45 10 15 0.0702025 
912 286 33 54 0.06929147 
135 333 27 40 0.06863021 
85 162 32 42 0.0683855 
380 287 49 61 0.06812302 
881 251 46 70 0.06616984 
414 99 14 19 0.065041654 
384 258 45 55 0.06437741 
544 75 22 28 0.063066654 
420 227 41 51 0.062301517 
662 49 16 19 0.062286142 
603 58 16 19 0.06085335 
650 80 17 25 0.060727067 
13 185 16 22 0.06047835 
676 123 29 34 0.059839178 
62 92 16 19 0.059637662 
702 0 11 11 0.05957079 
503 34 15 17 0.05797215 
573 0 12 11 0.056871116 
83 441 27 42 0.05565918 
510 686 58 64 0.055044975 
151 192 30 43 0.05335774 
496 -1 18 18 0.053178616 
963 0 14 12 0.0530824 
720 151 29 39 0.052955627 
341 62 23 29 0.05277835 
754 57 23 27 0.052752633 
392 304 55 70 0.051927906 
196 379 35 49 0.05136886 
197 15 14 19 0.050837617 
241 135 22 31 0.050142866 
642 60 15 18 0.04908315 
168 146 32 40 0.049052797 
10 487 44 50 0.04838925 
608 3 12 15 0.048216935 
282 10 15 18 0.047863375 
770 54 21 24 0.04776352 
380 38 14 19 0.047604375 
567 -1 13 11 0.04745382 
17 392 39 50 0.04712736 
338 116 16 19 0.046646178 
273 157 25 32 0.04571635 
968 108 23 29 0.045571588 
613 15 15 19 0.045341995 
237 134 18 22 0.043911025 
952 284 45 64 0.043538466 
685 50 16 20 0.04353306 
573 44 14 17 0.043475162 
475 277 43 52 0.042275082 
577 107 17 23 0.041681483 
942 32 16 21 0.041560322 
258 463 31 46 0.041553166 
425 825 67 59 0.041413452 
875 38 21 26 0.041358054 
461 269 36 48 0.041218344 
697 661 53 66 0.04058695 
306 65 17 21 0.040473104 
767 9 15 20 0.040336207 
802 43 24 31 0.039140243 
705 12 21 25 0.038801685 
211 15 11 14 0.038742535 
752 73 26 34 0.03846879 
301 434 47 69 0.038437616 
461 752 43 57 0.038410783 
274 151 19 24 0.038272392 
705 29 16 20 0.037983947 
802 73 21 30 0.037937947 
344 217 30 39 0.037049428 
970 126 28 35 0.036895595 
715 26 15 18 0.036748007 
906 -3 21 23 0.036712136 
959 149 28 34 0.036588017 
790 10 19 23 0.036458023 
830 0 11 11 0.03609961 
860 33 20 26 0.03594988 
60 100 20 25 0.03591405 
809 70 18 22 0.035852645 
853 22 17 20 0.035772856 
525 81 17 22 0.03573665 
300 59 16 19 0.035626005 
689 137 31 43 0.0356179 
260 432 44 68 0.035381604 
158 55 16 19 0.035120405 
370 136 24 30 0.035117697 
219 42 17 22 0.035088044 
19 98 11 17 0.03503463 
60 455 49 62 0.035028733 
355 349 53 72 0.034578733 
0 183 23 36 0.034497447 
387 239 33 40 0.034343015 
324 23 18 21 0.034329556 
191 107 13 16 0.033224754 
758 37 14 18 0.033223577 
730 43 22 29 0.03307175 
988 36 19 26 0.032935064 
938 17 25 32 0.03279523 
420 199 33 43 0.032555457 
955 12 16 20 0.03245392 
448 778 49 60 0.0323071 
861 242 35 45 0.032146543 
986 2 15 16 0.032076932 
673 612 55 70 0.032004032 
959 19 19 23 0.031994015 
357 292 47 61 0.031832904 
812 21 16 18 0.0316952 
853 0 13 13 0.031510193 
598 29 13 17 0.03133235 
506 38 16 20 0.031290546 
418 92 16 21 0.030919474 
398 0 10 10 0.030662732 
291 163 45 56 0.030280327 
488 51 16 21 0.030145459 
957 63 17 22 0.030062906 
861 0 12 11 0.030001821 
749 53 17 24 0.029872712 
764 64 17 21 0.029565267 
262 50 15 19 0.029533386 
678 69 23 31 0.029482258 
1009 177 15 25 0.029460784 
144 326 29 39 0.029275034 
619 1 14 15 0.029242257 
790 0 11 12 0.029118178 
683 55 21 28 0.029094724 
580 43 15 19 0.029083183 
400 206 42 52 0.028943792 
417 133 17 24 0.028942157 
717 6 15 17 0.028913753 
408 255 47 60 0.028874783 
508 137 39 50 0.028655844 
575 115 26 33 0.028609715 
710 50 14 18 0.028496103 
599 4 12 14 0.028444242 
319 285 26 36 0.028399011 
741 7 15 18 0.028225629 
411 16 14 18 0.02821169 
871 1 15 17 0.028207527 
466 115 20 24 0.028196948 
902 132 34 40 0.028141938 
409 193 31 40 0.02804313 
478 771 28 37 0.028004538 
382 150 27 32 0.027902173 
171 165 32 36 0.027833965 
701 14 15 19 0.027426075 
299 72 15 21 0.027300177 
413 281 50 58 0.027193466 
978 281 30 45 0.027190793 
113 340 28 39 0.0271721 
445 245 40 51 0.027110958 
60 430 41 52 0.026873976 
457 48 22 27 0.0268115 
445 44 21 24 0.026758438 
279 4 14 16 0.026682606 
632 139 24 34 0.026555598 
911 18 17 22 0.026404072 
878 28 15 18 0.026357729 
420 116 25 31 0.026339242 
663 54 24 29 0.026232123 
162 177 33 40 0.02619357 
588 113 19 26 0.026150955 
310 145 28 33 0.025948593 
466 70 22 27 0.025757939 
290 123 16 19 0.02575046 
952 43 25 35 0.025749413 
291 34 14 16 0.025717273 
817 2 16 17 0.025668424 
695 20 16 21 0.025646424 
-1 409 43 57 0.025520474 
767 32 21 26 0.025385024 
0 374 15 26 0.025320048 
241 115 22 27 0.025298297 
477 26 14 17 0.025175588 
349 0 14 13 0.025072105 
992 69 23 27 0.024948575 
980 48 23 31 0.02488083 
204 23 17 22 0.024816992 
190 136 18 25 0.024816906 
793 91 22 29 0.024711166 
915 204 55 64 0.024705129 
293 115 15 20 0.024552684 
534 15 15 19 0.024476582 
957 0 17 19 0.024466574 
621 33 13 18 0.024458567 
681 643 59 67 0.024447544 
708 57 17 22 0.024405826 
469 59 16 23 0.0242675 
308 69 23 27 0.024179302 
454 58 22 27 0.02409708 
541 0 11 10 0.024023253 
683 88 26 30 0.02368575 
747 86 25 33 0.023677625 
144 683 27 38 0.023566706 
648 174 27 37 0.023521092 
55 268 26 37 0.023306118 
371 3 15 17 0.023293225 
586 136 26 33 0.023274494 
862 274 15 22 0.02325688 
190 0 15 13 0.023244072 
3 113 14 20 0.023239508 
703 138 28 38 0.023187807 
358 225 28 43 0.023121973 
456 807 37 44 0.023105236 
809 5 23 24 0.022879018 
275 169 29 41 0.022868423 
11 111 14 20 0.022868274 
177 334 40 59 0.02285944 
368 58 16 21 0.02278739 
398 4 12 14 0.022674223 
554 21 13 19 0.022672823 
187 126 15 19 0.022662371 
-1 326 21 39 0.022627644 
437 269 38 45 0.022606447 
946 167 50 62 0.022507424 
813 368 42 48 0.022492286 
601 93 20 23 0.022411041 
293 66 15 20 0.02236287 
893 210 49 59 0.02232097 
563 98 24 30 0.022242386 
0 98 12 17 0.02218607 
957 59 27 34 0.022177745 
236 106 23 28 0.022162985 
441 28 16 18 0.022148967 
275 69 15 17 0.022140507 
478 51 16 20 0.022111975 
495 43 22 27 0.022037381 
977 111 38 50 0.021994708 
845 248 40 60 0.02194457 
205 40 14 18 0.021783004 
212 195 28 41 0.021702975 
367 293 27 42 0.0216987 
540 39 14 19 0.021555122 
783 0 11 11 0.021445816 
437 23 13 17 0.021376466 
294 59 14 18 0.021343874 
416 802 52 54 0.021318763 
607 109 25 32 0.021315673 
375 29 11 14 0.021288987 
982 0 13 11 0.021181218 
65 199 28 41 0.021158306 
382 171 32 40 0.021128373 
317 420 46 69 0.02093298 
716 35 21 25 0.020856457 
681 10 14 18 0.020725662 
722 18 15 18 0.020696525 
237 0 17 19 0.020652575 
493 97 21 28 0.020650001 
1013 115 11 18 0.02062236 
362 211 39 52 0.020489587 
469 45 13 16 0.0204408 
780 160 16 21 0.020409778 
206 29 22 26 0.020404601 
844 6 16 20 0.020377813 
712 46 21 26 0.020371787 
894 289 37 51 0.020304557 
824 36 18 23 0.020275801 
416 602 12 16 0.020236867 
