0_Parade_Parade_0_688
192
882 523 14 17 0.98465085 
278 525 23 27 0.9530134 
452 532 29 31 0.9313982 
536 463 16 20 0.92866886 
449 502 22 28 0.86358935 
839 531 10 13 0.8575833 
565 541 18 22 0.8408565 
846 568 13 19 0.82840556 
805 526 18 20 0.68899864 
822 532 10 15 0.5489098 
365 529 12 16 0.5052136 
215 539 14 21 0.3705599 
531 593 19 23 0.29050717 
190 515 10 12 0.27430493 
734 479 14 23 0.18015271 
946 529 7 10 0.17353709 
7 580 12 18 0.17330803 
204 553 14 18 0.17313659 
969 512 8 10 0.16773832 
1014 532 8 12 0.16433604 
1006 547 9 12 0.16071683 
265 533 10 15 0.15826412 
827 534 10 13 0.15612344 
768 541 9 12 0.14604862 
6 573 10 14 0.13071881 
26 561 7 9 0.12046378 
910 534 8 11 0.11683849 
741 531 11 14 0.11190722 
775 536 8 11 0.10717101 
309 514 14 21 0.10713168 
949 528 8 10 0.10504066 
338 580 36 39 0.09682464 
228 547 13 16 0.090369344 
238 539 12 16 0.086457156 
975 535 10 12 0.086249 
65 575 10 12 0.08442596 
958 541 7 10 0.08368474 
856 540 10 14 0.081917726 
862 535 10 13 0.07493809 
471 455 10 12 0.07445707 
581 515 19 30 0.07418767 
784 544 8 10 0.07270628 
1002 543 8 11 0.07073368 
893 533 10 12 0.06931042 
54 556 9 11 0.0689003 
508 516 17 20 0.06846331 
981 535 8 10 0.06838383 
56 552 7 10 0.06718623 
868 538 14 18 0.066474564 
684 601 15 16 0.06416251 
982 541 9 10 0.0632165 
220 538 18 24 0.06244068 
368 477 11 12 0.062200237 
738 527 10 13 0.060788024 
832 557 9 12 0.058714397 
356 488 13 16 0.056060057 
234 545 13 17 0.05601046 
903 533 10 12 0.05438025 
981 600 14 17 0.053917795 
218 534 14 18 0.053643644 
28 565 8 11 0.053071633 
269 530 13 19 0.05264021 
951 533 8 10 0.052154552 
911 529 7 8 0.051697433 
545 570 14 18 0.051377993 
495 471 10 13 0.05083718 
993 534 8 10 0.049993638 
843 529 11 14 0.04921408 
194 572 17 21 0.048973165 
761 540 10 13 0.04813947 
532 500 12 15 0.04738509 
312 504 10 13 0.047362406 
518 540 10 14 0.04671122 
318 755 12 12 0.045873914 
918 541 9 11 0.044342864 
904 529 9 10 0.04422833 
976 528 8 11 0.04421729 
973 516 8 10 0.04384774 
1012 541 10 13 0.043394066 
244 539 11 14 0.043352317 
910 538 10 14 0.043077216 
628 525 11 14 0.04282372 
2 565 9 13 0.04253392 
76 534 8 11 0.04221759 
1 558 8 12 0.04179939 
47 573 8 10 0.039990094 
270 580 26 30 0.038173404 
28 559 9 10 0.037662517 
565 570 13 18 0.037635013 
198 564 14 16 0.037452895 
791 532 9 13 0.037390392 
863 528 9 11 0.03682012 
957 535 8 10 0.034712043 
832 528 9 12 0.034197446 
533 573 25 29 0.033938166 
595 601 15 18 0.033904906 
953 541 9 11 0.03384752 
560 544 15 20 0.03289582 
269 580 15 18 0.032880675 
375 757 10 10 0.032679435 
847 541 9 11 0.03190696 
823 562 10 13 0.0315453 
270 522 20 28 0.03133121 
955 714 41 55 0.031102816 
991 528 9 11 0.030709507 
749 541 9 13 0.03036449 
874 570 14 18 0.029685149 
62 550 7 9 0.029457549 
340 473 13 15 0.02943573 
891 526 10 13 0.029275974 
212 562 11 15 0.029052302 
759 536 10 12 0.029001592 
747 533 10 13 0.028781895 
784 534 8 12 0.028703563 
254 554 11 14 0.028670052 
356 537 15 19 0.028665613 
48 568 8 11 0.02859252 
970 540 9 11 0.028520565 
441 489 27 35 0.028204849 
569 531 16 24 0.028148312 
55 575 9 10 0.027971081 
277 519 12 16 0.027885009 
424 486 11 14 0.02788409 
825 557 10 13 0.027871517 
50 552 8 10 0.027824424 
360 476 13 14 0.027758319 
35 598 11 16 0.027697891 
832 562 10 13 0.027684044 
201 550 12 16 0.027566416 
893 563 13 15 0.02740683 
1012 548 10 12 0.027385427 
301 519 15 22 0.027219154 
1005 535 20 26 0.02674006 
936 527 7 10 0.026587479 
38 583 8 11 0.026542943 
595 588 25 31 0.026390683 
596 516 13 18 0.02615902 
323 521 14 18 0.025978705 
427 514 11 17 0.025802298 
314 507 14 20 0.025621485 
835 557 12 15 0.025593191 
894 548 13 16 0.02509236 
869 565 14 19 0.024910547 
365 492 12 15 0.024770522 
528 465 13 17 0.024757568 
884 548 12 16 0.024651514 
67 589 11 14 0.024453685 
692 559 16 22 0.02423184 
748 582 10 13 0.024164231 
708 479 37 51 0.024071679 
509 537 13 17 0.024053684 
374 492 12 15 0.024021525 
838 578 13 15 0.02389022 
33 583 8 11 0.023683332 
350 756 10 11 0.023642741 
69 577 10 13 0.023560913 
11 573 9 12 0.023548799 
909 545 11 17 0.023544744 
759 571 10 12 0.023493223 
32 590 10 13 0.023365421 
929 534 8 10 0.02332699 
839 566 14 17 0.02329456 
62 544 8 10 0.023244383 
336 470 11 14 0.023210537 
57 581 9 11 0.022916038 
765 547 11 14 0.022910997 
342 486 12 14 0.022285748 
271 518 10 15 0.022201002 
832 580 11 15 0.022091504 
789 541 9 12 0.022074884 
465 534 30 35 0.021967461 
501 468 12 15 0.02195062 
853 559 11 15 0.021921938 
983 548 11 12 0.02176467 
902 538 12 16 0.021757038 
487 473 14 16 0.021623755 
672 469 10 13 0.021540605 
25 596 9 12 0.021504596 
258 577 24 27 0.021450795 
534 570 13 16 0.021368274 
930 529 7 8 0.021313291 
997 535 8 11 0.021272881 
928 692 9 13 0.021212539 
1009 529 8 10 0.021147596 
326 507 12 17 0.02112285 
438 505 14 19 0.020871153 
287 529 23 29 0.020777987 
315 512 20 27 0.020640703 
774 558 9 11 0.020383164 
808 483 209 235 0.0201382 
61 568 21 25 0.020064294 
876 557 25 30 0.020035448 
