0_Parade_marchingband_1_311
239
477 298 16 23 0.86897504 
832 326 11 13 0.81601197 
263 301 13 16 0.78749776 
543 338 10 12 0.6641843 
574 340 13 17 0.6365042 
202 294 11 13 0.6180346 
719 346 10 12 0.5768834 
584 320 10 11 0.46460056 
772 338 13 15 0.43515062 
619 358 13 15 0.34391975 
336 320 9 11 0.28369588 
551 316 10 11 0.2523893 
615 342 9 12 0.24941814 
217 294 11 14 0.24651387 
730 324 13 16 0.2137453 
392 340 10 14 0.20550695 
622 343 11 13 0.19511022 
728 321 10 11 0.19381446 
664 334 10 12 0.16793025 
608 341 8 12 0.16070753 
413 337 11 14 0.15257284 
222 317 10 13 0.14839965 
247 311 8 12 0.13808638 
301 319 11 13 0.13595109 
375 335 9 13 0.13237335 
415 312 11 14 0.120168716 
408 338 11 14 0.11871665 
778 339 11 14 0.11557199 
600 340 10 13 0.11317383 
769 336 10 13 0.10685388 
53 310 8 10 0.106527634 
585 324 14 15 0.10447799 
484 311 15 20 0.10382148 
705 349 10 14 0.097552694 
145 313 9 11 0.09715805 
334 357 22 29 0.094006844 
223 312 9 12 0.09127044 
608 357 8 12 0.09037843 
657 340 10 13 0.089273214 
97 311 7 11 0.08877497 
637 367 9 11 0.08738438 
310 332 9 12 0.08476233 
831 341 11 12 0.084149085 
718 335 11 14 0.08278154 
342 126 27 29 0.081593044 
240 316 9 11 0.075888254 
150 313 9 11 0.074503414 
844 342 10 12 0.07414609 
256 276 10 11 0.07251026 
557 326 11 14 0.07249306 
319 334 11 13 0.07083178 
835 332 11 12 0.06665479 
399 318 11 14 0.06570692 
37 303 9 11 0.06383506 
177 320 7 9 0.0636434 
308 326 10 13 0.06319751 
598 359 10 11 0.0625922 
412 318 16 21 0.060109477 
548 334 11 13 0.0597012 
663 329 10 11 0.059285317 
418 315 12 16 0.059186496 
396 333 12 16 0.05858341 
686 288 10 12 0.05780962 
656 317 9 11 0.055397842 
628 341 11 14 0.05466827 
80 320 6 8 0.053864986 
533 310 12 15 0.053809226 
338 323 11 13 0.053613238 
656 349 11 13 0.053389933 
668 338 11 13 0.053098254 
102 317 8 9 0.052918587 
712 343 10 13 0.05253114 
582 333 10 13 0.052118994 
175 326 8 10 0.051948078 
726 327 13 17 0.047890723 
556 318 9 11 0.047189154 
87 311 7 10 0.04713901 
129 311 8 10 0.04706421 
831 349 11 13 0.04622977 
111 327 8 10 0.04593161 
82 312 7 9 0.045480102 
201 289 9 13 0.043752614 
384 407 10 13 0.043308683 
74 320 7 9 0.043004412 
609 347 9 12 0.042843465 
142 296 9 11 0.04280543 
709 320 9 11 0.04277875 
553 324 10 14 0.04263726 
309 367 10 12 0.042541984 
96 333 8 10 0.04253893 
589 330 12 15 0.042301066 
166 342 8 10 0.04223092 
391 334 19 26 0.042128004 
837 341 10 12 0.041159134 
510 296 21 27 0.040707465 
615 337 9 12 0.040360395 
632 372 11 12 0.040263698 
825 331 11 14 0.040218987 
215 335 9 11 0.04008415 
228 318 10 12 0.03997181 
328 319 9 10 0.03978802 
402 329 20 26 0.03941154 
212 289 19 24 0.03939669 
384 318 9 11 0.039333455 
660 369 13 15 0.039293095 
663 349 10 13 0.039206374 
87 328 8 10 0.039113224 
617 325 9 11 0.038809843 
159 318 8 10 0.03822153 
54 304 7 10 0.03758947 
647 379 10 13 0.037367098 
309 320 9 11 0.037164446 
409 272 191 217 0.03714794 
608 363 9 12 0.037043616 
327 358 12 16 0.036642276 
706 342 10 13 0.036323182 
538 340 9 13 0.03621809 
710 348 11 14 0.0356964 
430 332 12 17 0.03556119 
771 359 237 249 0.034669377 
319 320 9 10 0.034525048 
151 326 8 9 0.03451731 
103 328 8 10 0.03422772 
479 332 10 15 0.034030985 
217 315 12 16 0.033597514 
323 332 13 15 0.032985352 
656 367 11 13 0.032813143 
112 344 8 10 0.032665163 
168 326 8 11 0.032540157 
112 351 10 12 0.03247697 
677 317 12 13 0.03240269 
216 309 11 14 0.031680755 
192 309 8 10 0.031239899 
704 322 10 13 0.030839616 
262 277 9 11 0.030693997 
78 343 8 10 0.030441554 
404 312 18 24 0.030175399 
543 317 10 12 0.0300834 
707 354 11 15 0.03002213 
830 322 17 21 0.0300021 
167 335 8 10 0.029905302 
667 349 12 14 0.02975125 
247 293 10 13 0.029458258 
319 326 10 12 0.029447598 
656 310 12 14 0.029377414 
470 340 10 16 0.029293941 
173 368 9 11 0.029234914 
169 295 8 10 0.029194586 
575 317 11 13 0.029151127 
319 310 9 10 0.029068837 
327 326 10 11 0.029051172 
623 337 10 12 0.029039286 
400 312 9 12 0.029008446 
564 324 12 14 0.028866727 
138 301 8 11 0.028845262 
616 320 9 11 0.028678158 
321 271 8 12 0.028665204 
176 301 7 10 0.02865709 
73 325 8 10 0.028233191 
229 310 9 12 0.028130416 
48 304 9 11 0.028043723 
111 312 7 9 0.027675653 
198 307 10 13 0.027662491 
192 300 9 12 0.027544813 
88 333 8 10 0.027411466 
206 306 11 14 0.027063897 
406 310 12 15 0.026868464 
37 308 10 12 0.0266432 
669 327 11 13 0.026571676 
333 324 23 27 0.026410023 
824 341 10 12 0.026163114 
617 345 20 23 0.026028939 
814 324 12 13 0.025829101 
461 383 9 11 0.025732247 
181 319 7 9 0.025701925 
259 301 10 14 0.0254977 
383 324 9 13 0.025422107 
790 319 9 12 0.025386946 
95 351 8 10 0.025148764 
771 336 21 24 0.024986755 
599 347 10 12 0.024852334 
720 318 9 12 0.024829568 
167 319 8 9 0.024680937 
326 310 10 11 0.024480807 
339 348 16 19 0.024437578 
126 294 8 9 0.02416352 
73 344 9 10 0.024116494 
103 303 8 9 0.023903651 
184 302 7 9 0.023859259 
158 296 9 10 0.023834253 
347 356 13 18 0.023783483 
71 349 8 10 0.023611976 
676 341 11 13 0.023503736 
177 332 8 10 0.023462072 
673 316 10 13 0.023433056 
456 391 11 13 0.023395997 
229 324 10 12 0.023387441 
661 317 9 12 0.02338195 
39 346 13 15 0.023318335 
183 334 8 10 0.023113824 
54 317 7 9 0.02305108 
394 320 21 27 0.022945939 
311 358 11 15 0.02294455 
278 316 11 14 0.022918666 
86 317 7 9 0.022866732 
87 304 8 10 0.022821033 
71 311 7 10 0.022577424 
629 356 10 14 0.022550877 
622 326 9 11 0.022507288 
772 325 14 16 0.022385908 
854 344 11 11 0.022339342 
257 388 12 15 0.022319827 
166 312 8 10 0.022155832 
213 310 20 26 0.022079958 
583 372 12 13 0.021954326 
412 344 14 18 0.021942282 
263 352 9 13 0.021937935 
319 356 11 16 0.02184461 
538 334 10 13 0.021743685 
30 328 8 11 0.021741705 
836 349 10 12 0.021714577 
326 349 13 17 0.021456232 
813 126 26 28 0.02135132 
782 315 11 14 0.021217901 
138 296 7 10 0.021134285 
49 317 8 10 0.020974794 
864 320 8 11 0.020947823 
524 300 11 16 0.020938605 
183 311 8 10 0.020932833 
6 318 9 11 0.02087986 
99 316 8 10 0.020772243 
247 302 9 12 0.020755637 
405 344 12 16 0.020738062 
540 336 18 22 0.0206245 
695 326 10 12 0.020583604 
714 343 18 22 0.02054121 
420 338 12 16 0.020398872 
230 270 8 10 0.020376503 
737 325 14 15 0.02018767 
