0_Parade_marchingband_1_74
687
189 362 35 46 0.99809736 
501 382 15 19 0.993385 
463 338 14 18 0.9885971 
780 382 16 21 0.9882633 
629 374 15 17 0.980941 
469 370 13 18 0.98073274 
909 374 14 18 0.9798496 
867 381 15 20 0.9702636 
733 302 14 17 0.9689837 
604 407 16 20 0.9669462 
564 370 14 18 0.96407825 
484 333 13 17 0.9627998 
852 350 13 16 0.9618923 
572 333 13 16 0.9613313 
527 359 14 18 0.95266134 
661 413 15 18 0.95173645 
708 357 14 17 0.94909024 
248 307 15 19 0.94661576 
529 404 14 18 0.9433685 
506 314 14 18 0.9426652 
582 391 15 18 0.9416818 
775 316 12 15 0.93795425 
493 301 13 16 0.93741643 
655 302 12 16 0.93625206 
277 296 14 17 0.9350193 
744 368 14 19 0.93291515 
656 364 15 19 0.92852885 
839 374 15 19 0.9276241 
699 383 15 19 0.9260815 
315 328 15 18 0.92160255 
386 339 14 17 0.92061126 
350 346 12 15 0.9160522 
759 392 15 19 0.9159341 
589 314 12 16 0.90521806 
547 345 13 16 0.8973788 
724 286 11 13 0.8868729 
434 364 13 16 0.8866502 
837 325 13 15 0.885849 
958 359 15 18 0.880697 
823 395 14 17 0.8769334 
875 355 15 17 0.8723326 
420 313 14 16 0.8710056 
716 401 15 18 0.8706975 
294 318 13 17 0.86438453 
457 317 11 14 0.85888606 
261 266 12 16 0.8575365 
769 343 15 18 0.85383725 
176 297 15 18 0.85186964 
410 358 12 16 0.8475645 
210 311 15 18 0.8399925 
663 282 11 13 0.83060944 
823 303 12 15 0.8274706 
581 294 14 16 0.8161655 
804 357 14 18 0.8133201 
919 327 12 14 0.81170845 
674 323 13 15 0.80820733 
932 364 12 16 0.8021029 
756 272 14 16 0.79451156 
346 313 13 16 0.7774934 
855 292 11 14 0.7656106 
992 332 12 16 0.7638849 
684 354 14 17 0.7596983 
495 358 14 17 0.75794995 
754 325 12 15 0.7531715 
563 282 11 14 0.7444714 
627 303 12 15 0.7409608 
903 343 13 15 0.7292717 
765 300 10 14 0.72612315 
888 327 11 14 0.7246767 
439 311 12 15 0.7207174 
735 337 14 16 0.7041175 
646 345 14 16 0.6969971 
704 301 11 14 0.6952821 
405 329 13 17 0.6880296 
266 317 12 15 0.6879461 
954 325 15 18 0.6820271 
632 269 10 12 0.67724675 
816 277 11 13 0.66392803 
575 356 13 16 0.6569738 
538 324 12 15 0.6567669 
553 298 12 15 0.6511465 
603 349 13 16 0.6331265 
405 295 10 13 0.62153995 
267 228 13 17 0.61620915 
671 393 14 16 0.5976903 
866 338 13 16 0.5901317 
615 358 13 16 0.58742 
796 308 12 14 0.57966834 
935 300 11 14 0.5723639 
382 384 12 17 0.56646633 
619 330 13 16 0.5566903 
973 350 12 15 0.5522409 
368 308 12 16 0.5435499 
511 342 13 16 0.53866297 
321 284 11 13 0.510856 
607 315 10 13 0.4985942 
706 335 13 15 0.48212245 
839 293 9 11 0.46029714 
828 338 11 14 0.44489262 
331 301 12 15 0.43564713 
964 311 13 15 0.43041074 
784 296 10 12 0.40878597 
643 282 11 14 0.40543494 
594 382 14 18 0.3866495 
10 110 8 11 0.38140288 
372 314 13 15 0.3789013 
448 293 11 13 0.37300146 
889 308 11 13 0.37150657 
728 327 10 14 0.36233714 
615 294 9 12 0.34074283 
311 366 10 12 0.33499482 
1015 378 9 14 0.33333078 
687 302 10 12 0.3192129 
891 348 11 16 0.31179455 
468 295 11 13 0.30584046 
535 317 12 16 0.3041068 
374 323 12 15 0.30038628 
431 421 9 12 0.2999226 
886 289 8 11 0.28188583 
768 294 11 14 0.2756545 
805 309 10 13 0.2677603 
216 285 11 13 0.25800905 
346 298 13 16 0.25365812 
546 279 10 12 0.25281554 
716 407 17 21 0.25130996 
959 315 14 17 0.2507966 
488 276 12 15 0.24844389 
132 281 14 16 0.24747334 
860 421 12 16 0.24144456 
236 285 10 12 0.24025463 
685 309 12 14 0.24002935 
374 287 11 13 0.23680574 
903 294 9 12 0.23451681 
639 344 12 16 0.22790918 
881 291 9 12 0.22379065 
783 339 11 15 0.22276413 
431 414 11 15 0.21473679 
793 285 8 11 0.21177025 
531 309 12 15 0.21129416 
813 349 12 16 0.19005558 
262 373 12 14 0.18875192 
549 433 14 19 0.18220071 
555 326 11 14 0.18044925 
861 317 10 13 0.1773507 
660 461 12 17 0.17701817 
645 294 11 14 0.17505847 
159 297 12 16 0.17337658 
890 683 98 118 0.1732815 
724 349 11 16 0.17281677 
966 422 14 19 0.17162335 
883 353 13 16 0.16985089 
869 350 15 19 0.167681 
871 411 10 13 0.16459993 
787 338 11 14 0.16181572 
550 400 15 18 0.1598375 
123 314 19 24 0.15624648 
520 294 9 13 0.15062045 
436 342 11 14 0.14812873 
485 283 11 13 0.14666344 
793 314 11 14 0.14522953 
437 287 10 12 0.14491487 
711 278 8 11 0.14322121 
938 355 13 17 0.1410046 
263 350 11 15 0.14096883 
773 288 9 12 0.14005388 
549 330 14 16 0.13946307 
421 294 11 12 0.13497989 
344 371 10 13 0.1334229 
528 330 10 14 0.1306275 
531 300 12 15 0.1298796 
427 315 12 15 0.12575422 
703 283 10 12 0.12545933 
673 255 8 10 0.12511444 
230 307 13 16 0.12436234 
493 415 11 15 0.12222693 
462 405 9 12 0.121447004 
838 288 9 11 0.11933097 
615 287 10 12 0.11417179 
467 24 17 22 0.11378057 
813 293 9 12 0.110959746 
707 305 12 14 0.10994219 
464 420 10 14 0.10855571 
341 284 10 12 0.10825518 
809 353 14 18 0.108224355 
464 30 21 30 0.10804088 
192 286 11 14 0.10786058 
429 399 10 12 0.10767592 
455 340 13 17 0.10731097 
630 326 12 14 0.10656114 
815 342 11 14 0.10642274 
371 331 11 16 0.105619244 
861 411 13 16 0.10353347 
1005 351 8 13 0.103139006 
858 352 13 17 0.101119004 
639 315 11 14 0.100666314 
406 416 8 11 0.0996286 
230 290 12 16 0.09805971 
399 288 9 11 0.097858936 
531 293 13 15 0.097016595 
653 248 10 12 0.09685864 
702 433 12 16 0.09465677 
369 348 10 13 0.09457108 
431 404 12 16 0.09383099 
904 425 11 15 0.09341292 
641 293 10 13 0.09266821 
570 425 13 17 0.092316486 
831 293 11 13 0.0905222 
269 308 13 17 0.08754218 
735 281 8 11 0.08713501 
968 296 10 12 0.087044865 
491 454 11 13 0.08672804 
895 287 9 11 0.08568047 
937 362 12 16 0.08262662 
414 295 11 12 0.08216152 
595 315 11 15 0.081512235 
310 383 12 15 0.0813885 
174 326 13 16 0.08087554 
926 320 11 13 0.0786807 
501 309 14 18 0.078391016 
586 298 13 15 0.07793577 
420 301 12 13 0.077783 
316 366 10 12 0.077060886 
306 364 11 15 0.07683001 
812 427 13 17 0.07667116 
887 343 12 15 0.076236054 
635 331 12 15 0.07595257 
202 333 14 17 0.074694246 
464 298 12 14 0.07442225 
457 404 10 13 0.073977485 
814 284 11 13 0.073313974 
717 308 10 12 0.07288342 
810 270 9 13 0.07268973 
118 104 13 15 0.07240228 
163 294 12 15 0.07189574 
648 252 10 12 0.071436234 
833 287 9 11 0.07028444 
296 286 10 13 0.06992886 
909 412 11 13 0.06937076 
670 342 13 16 0.06825082 
369 339 11 14 0.06824535 
1005 273 9 12 0.068069376 
862 311 10 14 0.067189045 
981 353 11 15 0.0665688 
788 301 11 14 0.066506624 
380 292 10 12 0.06596087 
796 323 11 14 0.06571383 
858 287 11 14 0.065344244 
649 300 12 15 0.06469707 
412 351 13 17 0.0644914 
742 286 9 10 0.06440197 
479 325 14 18 0.064289264 
758 405 16 20 0.06415252 
677 255 9 10 0.06409969 
541 328 15 17 0.06384245 
219 291 13 17 0.063269705 
685 344 13 17 0.06316561 
301 287 10 13 0.063164055 
860 298 10 13 0.06307593 
478 317 13 15 0.06282703 
389 286 11 13 0.062626965 
526 295 11 14 0.06218586 
680 311 12 14 0.062097266 
462 414 11 14 0.061982732 
654 332 14 17 0.061649848 
312 285 11 14 0.061237007 
335 220 20 26 0.060522016 
782 237 14 16 0.059928797 
598 295 10 13 0.0598585 
405 388 10 13 0.059479836 
569 360 17 20 0.059377786 
448 342 12 15 0.058911745 
828 454 14 16 0.058709696 
904 299 9 13 0.058637533 
681 348 12 16 0.058314644 
987 293 10 13 0.0582329 
282 375 11 14 0.05821146 
433 288 9 12 0.0574345 
267 355 12 15 0.05741007 
547 284 11 13 0.05714084 
377 371 11 14 0.057053 
446 298 11 14 0.05610297 
261 363 14 18 0.055043496 
796 280 9 12 0.055040818 
439 302 12 15 0.054925706 
612 469 15 17 0.05373591 
525 257 8 9 0.053517725 
961 407 9 13 0.05349896 
802 365 16 19 0.053406548 
632 422 11 13 0.052920796 
889 315 13 15 0.052888747 
342 380 13 17 0.052884463 
305 387 10 13 0.052233737 
1014 426 10 16 0.052179962 
918 339 12 14 0.052109364 
399 327 13 17 0.051718514 
75 148 12 14 0.051420745 
779 310 11 15 0.051416468 
900 454 11 13 0.050704755 
520 436 11 15 0.050323736 
998 318 9 11 0.04994922 
983 419 11 14 0.049843173 
301 311 14 17 0.0493001 
633 428 12 15 0.04895096 
806 302 11 14 0.04894642 
693 295 9 12 0.048611835 
911 332 12 15 0.047966506 
708 296 11 14 0.047829427 
344 319 14 18 0.047677238 
467 427 12 15 0.047621105 
372 303 11 15 0.047544494 
678 245 9 11 0.047531735 
1006 298 11 14 0.047208626 
314 387 13 14 0.0470569 
948 429 11 13 0.046961214 
972 316 11 14 0.046867892 
500 350 15 18 0.046663977 
818 348 12 15 0.04660741 
573 308 11 13 0.046433177 
944 285 9 11 0.04640158 
909 428 10 12 0.046123177 
869 315 10 12 0.045949962 
525 438 10 12 0.045903817 
582 277 10 12 0.045877095 
488 27 14 18 0.04557306 
501 427 12 15 0.044321105 
382 375 10 13 0.04392738 
554 428 12 17 0.043098453 
966 300 12 14 0.043055087 
713 273 8 11 0.043002795 
611 310 11 14 0.0429931 
752 320 12 15 0.042978037 
825 259 9 12 0.04271717 
399 299 12 14 0.042208795 
495 311 13 17 0.04198897 
400 422 9 10 0.041888487 
985 338 11 15 0.041256633 
695 263 11 13 0.041238297 
488 305 14 16 0.040991716 
584 310 13 15 0.04065787 
904 406 11 13 0.040512465 
541 87 13 18 0.04047832 
452 288 12 13 0.04009319 
734 247 13 14 0.040011555 
620 352 11 13 0.039989162 
279 356 11 14 0.039788637 
627 270 8 11 0.039516047 
831 269 9 11 0.039434582 
963 349 17 23 0.03935265 
575 271 9 11 0.038770627 
600 361 13 16 0.03874314 
567 308 10 13 0.03871078 
988 355 11 14 0.03829599 
558 407 13 17 0.03813214 
703 317 11 13 0.03803762 
195 194 28 33 0.03789066 
368 290 12 15 0.03778622 
488 295 10 13 0.037765615 
928 278 10 12 0.03735457 
892 304 11 13 0.037220627 
439 292 11 14 0.037159212 
901 460 11 13 0.037101302 
691 300 11 14 0.037022036 
455 443 12 14 0.036981087 
911 316 10 13 0.03696601 
511 302 12 14 0.036956318 
757 339 13 16 0.036912534 
637 300 10 14 0.036730085 
342 395 13 16 0.03658329 
257 261 13 17 0.036576543 
831 280 8 10 0.03641302 
741 279 9 11 0.036278576 
700 373 15 19 0.03605753 
606 320 12 16 0.03605667 
910 311 10 12 0.03603832 
509 335 11 13 0.03589471 
568 453 14 16 0.03587264 
829 262 11 12 0.03579013 
660 289 13 16 0.03566033 
334 295 11 14 0.035585903 
600 251 8 11 0.03547646 
958 294 10 13 0.035316627 
356 220 13 15 0.03528103 
952 293 10 13 0.035196576 
237 280 11 14 0.035180695 
477 294 11 13 0.035146292 
764 247 10 12 0.035073206 
908 301 11 13 0.035002425 
151 279 11 13 0.03494726 
961 399 9 11 0.03485926 
894 343 11 15 0.034677215 
903 309 10 13 0.034517463 
628 294 12 15 0.034506317 
585 251 9 12 0.034430183 
477 300 10 13 0.034209404 
534 467 14 16 0.03414886 
927 286 9 10 0.034069907 
971 294 13 14 0.03403211 
91 150 13 17 0.034028906 
164 785 17 18 0.03400074 
856 323 11 14 0.033892453 
637 264 9 11 0.033824336 
930 293 11 14 0.03377844 
550 271 9 12 0.03377525 
720 331 10 14 0.033564843 
392 318 11 13 0.033347696 
275 218 13 18 0.03327729 
237 374 12 15 0.03317116 
872 280 8 11 0.033031236 
108 157 14 18 0.033014234 
374 398 12 14 0.032862034 
606 359 13 17 0.03284968 
708 444 15 18 0.032802872 
463 287 10 12 0.032406025 
542 308 11 14 0.032168217 
867 419 12 15 0.032102797 
261 352 19 25 0.032055587 
469 316 10 14 0.03200144 
836 238 10 12 0.03197001 
596 449 13 17 0.031949885 
959 300 10 12 0.03177185 
916 414 11 13 0.031727497 
734 344 14 18 0.031607 
896 292 9 12 0.031482782 
256 346 14 19 0.03145687 
673 247 8 11 0.03143824 
778 323 13 15 0.031405542 
928 309 10 12 0.031043746 
548 247 10 12 0.030975373 
433 197 45 52 0.030965706 
202 202 17 19 0.030866897 
840 253 11 14 0.030802343 
762 295 18 23 0.03078806 
630 315 13 16 0.030671885 
454 418 12 15 0.030670024 
841 329 13 15 0.030637266 
855 310 11 14 0.030522013 
608 295 11 12 0.030518677 
429 391 10 13 0.030510714 
611 351 13 17 0.030483602 
219 308 13 17 0.030438963 
564 405 11 16 0.030434849 
397 307 10 14 0.030314803 
629 265 18 22 0.030183934 
159 304 11 16 0.030042732 
711 236 10 11 0.0299953 
414 422 8 10 0.029981125 
452 299 12 13 0.029949235 
661 340 10 15 0.029936926 
204 721 13 15 0.029887853 
542 291 11 14 0.02981993 
613 279 10 12 0.029805185 
336 382 11 15 0.02971094 
378 318 11 14 0.029697752 
932 271 10 13 0.02965573 
633 340 12 16 0.029479966 
401 289 18 23 0.02939463 
-1 716 10 19 0.029370246 
770 336 15 17 0.029324118 
607 300 11 13 0.029066661 
839 259 11 13 0.028992495 
558 317 12 15 0.02886157 
809 287 10 12 0.028840609 
499 433 13 17 0.028760435 
688 349 14 17 0.028702896 
582 322 13 18 0.028698897 
894 415 11 14 0.028655373 
709 392 18 23 0.028630551 
752 467 11 13 0.02859974 
821 283 10 12 0.028429672 
813 273 18 21 0.028389765 
900 468 11 15 0.028360538 
709 315 10 12 0.028001707 
336 279 11 14 0.027984925 
691 307 11 14 0.027946102 
444 283 21 24 0.02775803 
798 333 10 14 0.027670598 
958 55 10 12 0.027569614 
549 319 12 15 0.027476095 
646 307 11 15 0.027438287 
777 244 10 12 0.027344346 
380 367 10 12 0.027327653 
568 337 13 16 0.027269563 
392 417 9 11 0.02725523 
896 79 9 12 0.027176945 
544 300 11 14 0.027145576 
400 406 9 10 0.02712823 
992 319 11 13 0.027122993 
465 374 13 17 0.027079357 
317 277 18 24 0.026885126 
277 288 14 16 0.026847048 
285 357 9 13 0.026785571 
700 324 13 15 0.026784027 
874 412 11 13 0.026759036 
139 278 12 16 0.02664103 
622 397 12 17 0.026617017 
836 455 10 13 0.02649352 
704 349 13 16 0.026438521 
591 248 8 11 0.026397282 
901 288 10 12 0.026279125 
904 315 10 13 0.026204381 
665 237 8 10 0.026158012 
278 349 12 15 0.026152436 
567 327 12 16 0.02614502 
697 279 10 13 0.026125904 
607 279 10 12 0.026085641 
952 62 9 11 0.0260687 
266 378 12 15 0.02600827 
847 287 9 11 0.02598106 
302 303 11 14 0.02593455 
293 341 10 13 0.025914488 
196 279 11 14 0.025887998 
845 277 10 12 0.025842102 
832 345 11 15 0.025802081 
250 250 13 17 0.02574823 
278 363 12 14 0.025704728 
940 305 11 14 0.025685119 
210 299 20 26 0.025637086 
904 48 9 9 0.025509859 
408 225 104 116 0.025496904 
874 285 9 12 0.025443798 
759 306 12 15 0.025400262 
183 346 14 17 0.025398357 
933 324 9 12 0.02539266 
487 415 20 24 0.025347399 
727 317 12 15 0.025346044 
816 403 12 15 0.025307965 
909 62 11 14 0.025265917 
326 236 9 12 0.025250731 
663 247 8 11 0.025208259 
349 221 14 17 0.025194416 
183 187 31 34 0.025000324 
348 365 10 13 0.024946142 
197 334 21 26 0.024830978 
894 84 9 13 0.024810353 
597 311 10 13 0.024766797 
641 253 8 11 0.024759674 
468 411 14 17 0.024653165 
907 293 12 13 0.024592858 
965 54 11 13 0.024543446 
959 60 11 13 0.024533281 
701 268 10 12 0.024473947 
568 374 16 19 0.02444091 
307 316 11 15 0.024436494 
12 104 11 14 0.024417408 
302 247 9 10 0.02435468 
260 341 14 18 0.024344265 
426 413 11 14 0.024279453 
664 254 9 11 0.024279334 
461 399 11 14 0.024271546 
265 262 12 14 0.02426851 
258 372 22 25 0.024255347 
916 301 10 13 0.024244474 
211 273 22 25 0.024223503 
952 356 12 16 0.02417075 
990 194 9 13 0.024132865 
476 411 12 15 0.02411209 
18 762 29 37 0.024065891 
648 259 9 12 0.024036175 
448 419 11 14 0.024025355 
981 319 10 13 0.023995025 
469 288 10 12 0.023940159 
256 230 12 15 0.023916978 
130 309 15 18 0.023775809 
815 308 9 13 0.023630189 
621 287 10 13 0.023565443 
919 286 9 12 0.02345726 
533 288 11 11 0.023452096 
902 399 11 12 0.023444524 
391 307 11 15 0.023443624 
942 280 10 12 0.023411414 
969 310 12 14 0.023408819 
1006 305 11 15 0.023401523 
418 284 10 12 0.023377128 
566 303 9 13 0.02334801 
270 359 22 28 0.02334546 
285 348 10 14 0.02333841 
207 317 16 21 0.023314964 
278 369 19 26 0.023176394 
164 267 10 14 0.02317586 
939 294 11 14 0.023169575 
621 293 11 14 0.023094578 
501 454 10 13 0.023077698 
7 102 18 25 0.023059918 
413 340 11 15 0.023054851 
989 298 10 13 0.02301207 
532 349 12 16 0.022995453 
847 292 10 13 0.022994943 
351 278 9 11 0.022944145 
178 329 14 16 0.022887655 
1001 311 11 13 0.02280963 
988 225 14 18 0.022759017 
598 284 11 12 0.02272626 
325 388 11 14 0.022725262 
382 254 8 9 0.022637356 
702 247 9 11 0.022583641 
571 443 15 18 0.022568775 
388 353 12 14 0.022558682 
717 271 10 12 0.022510324 
696 323 11 15 0.022497829 
425 403 13 16 0.022473045 
20 99 21 28 0.022445308 
284 283 14 16 0.02242174 
165 295 18 22 0.022402523 
319 301 12 15 0.022391137 
276 210 14 18 0.022382917 
1011 299 11 16 0.02229079 
867 426 12 16 0.022289813 
625 276 9 11 0.022275554 
834 338 13 16 0.022246432 
680 241 9 11 0.02224505 
764 252 9 11 0.022207327 
307 309 11 15 0.022197917 
960 419 13 19 0.022136977 
640 238 7 9 0.022064868 
412 382 11 13 0.022030262 
460 415 19 24 0.021998595 
845 309 12 14 0.021969749 
347 285 12 14 0.021954665 
437 205 13 15 0.02189439 
23 106 12 16 0.021887276 
828 254 13 15 0.02186927 
605 268 10 12 0.021854922 
202 342 23 27 0.021820042 
518 450 13 16 0.021761455 
951 389 9 13 0.021756498 
434 281 19 23 0.021747721 
256 273 14 16 0.021713065 
839 247 10 12 0.02171113 
509 453 14 15 0.021695532 
178 214 16 22 0.021611813 
778 344 13 17 0.021609474 
413 323 13 17 0.021594318 
431 302 11 14 0.021530898 
346 342 12 16 0.02152565 
180 286 13 16 0.021360913 
755 461 13 16 0.021359336 
888 84 11 13 0.021328036 
507 352 13 19 0.021298552 
264 330 13 16 0.021293204 
1014 382 11 18 0.021291664 
400 416 9 11 0.02125619 
958 350 14 19 0.02122198 
346 218 25 27 0.021159828 
730 401 12 17 0.021156957 
951 299 12 14 0.021154242 
316 370 12 15 0.021151783 
462 289 19 23 0.021147562 
503 331 11 14 0.021132652 
607 264 9 11 0.021097543 
226 295 19 25 0.021021914 
735 237 10 12 0.021019097 
44 378 13 16 0.02098374 
877 281 9 10 0.020950558 
467 434 13 17 0.020915845 
576 300 12 14 0.020878114 
762 276 11 12 0.020853655 
324 404 11 14 0.020844333 
759 247 10 11 0.020830069 
630 246 8 10 0.02081653 
759 252 10 12 0.020787772 
460 436 14 17 0.020782866 
399 382 11 14 0.020762324 
933 287 11 13 0.020711789 
652 521 13 17 0.020641815 
869 67 10 12 0.020636773 
470 359 13 16 0.02062503 
621 317 14 16 0.020593556 
426 414 19 24 0.020547397 
504 459 9 11 0.020441458 
992 499 12 17 0.020436438 
682 302 9 11 0.020399293 
701 253 9 12 0.020393744 
544 259 10 13 0.020374 
622 254 9 11 0.02036428 
817 301 10 13 0.020354457 
604 421 15 19 0.020325335 
726 338 13 17 0.020265942 
1006 417 16 19 0.020212483 
111 106 13 15 0.020206252 
543 273 17 22 0.020187361 
974 404 11 13 0.020162346 
677 275 11 13 0.02012608 
115 310 36 44 0.020093963 
751 340 10 14 0.020085279 
579 351 12 14 0.020064041 
832 317 12 15 0.020060657 
481 279 12 14 0.020048177 
