0_Parade_marchingband_1_227
362
461 135 30 40 0.9984831 
289 139 23 32 0.98906904 
413 112 24 31 0.9795523 
511 106 23 30 0.9712811 
912 137 43 51 0.9657849 
840 123 32 40 0.96428484 
597 131 22 30 0.9636466 
291 100 22 29 0.95191306 
177 108 23 29 0.9442541 
558 85 19 26 0.84749365 
713 32 97 119 0.7632718 
348 104 15 19 0.722322 
489 95 21 27 0.6644846 
4 106 16 22 0.6487121 
250 83 15 19 0.567827 
429 98 16 22 0.5060642 
69 96 16 20 0.46440977 
328 89 14 18 0.46162692 
252 96 18 22 0.45143473 
212 73 13 16 0.43938854 
733 78 65 67 0.43049303 
151 103 15 20 0.4269384 
132 92 12 15 0.40226558 
36 93 14 18 0.36335757 
22 61 14 17 0.34087095 
380 98 13 16 0.33569834 
57 67 14 17 0.3336542 
223 115 20 27 0.31364134 
498 86 22 27 0.29816395 
363 91 13 17 0.27419025 
779 90 49 62 0.271384 
166 78 12 13 0.26306447 
0 83 11 18 0.26270914 
607 106 14 18 0.2513157 
191 85 12 16 0.2307316 
507 95 24 31 0.20315887 
389 99 14 18 0.19194281 
587 92 10 13 0.1810729 
599 82 11 14 0.17949285 
99 107 16 21 0.17502192 
123 104 16 20 0.17120837 
470 113 17 21 0.16998325 
605 137 22 29 0.16756095 
615 93 11 13 0.16185024 
525 91 14 19 0.15855479 
309 92 13 17 0.15634623 
237 118 16 21 0.15346734 
33 96 20 26 0.15201905 
101 83 13 17 0.15157814 
174 78 10 13 0.14187571 
101 99 15 19 0.1416865 
390 163 25 36 0.132585 
507 82 23 28 0.13176174 
165 71 10 12 0.13155434 
127 87 12 15 0.12522314 
615 143 22 30 0.124183916 
294 94 15 19 0.12275927 
988 155 16 20 0.12114393 
197 77 9 12 0.11985979 
148 92 13 16 0.119109936 
422 89 20 27 0.11840332 
393 105 16 21 0.11787323 
879 115 48 58 0.1177214 
635 94 11 14 0.115884244 
531 92 13 19 0.11209346 
118 150 15 22 0.111077204 
380 141 15 19 0.11104659 
300 137 23 32 0.11064615 
292 77 9 12 0.109937415 
868 6 87 98 0.10879391 
226 107 17 21 0.107059315 
578 163 17 20 0.10449263 
339 148 19 27 0.10361882 
712 98 47 47 0.10007444 
638 103 13 17 0.09752513 
270 77 11 15 0.09654355 
181 77 8 11 0.09587373 
145 76 10 13 0.09533554 
619 125 20 31 0.09418038 
612 102 13 18 0.09301329 
210 70 11 14 0.092313595 
832 105 51 66 0.086795926 
365 114 15 17 0.08467949 
100 133 19 27 0.083989024 
787 84 26 32 0.083288126 
31 106 22 30 0.08241899 
3 67 11 14 0.081589654 
130 96 15 19 0.08125648 
223 132 24 32 0.08104169 
193 80 10 12 0.08060886 
278 170 16 21 0.079278395 
300 99 20 26 0.07865023 
931 106 31 36 0.07832277 
358 124 16 20 0.07680225 
258 84 14 17 0.076749794 
143 163 14 18 0.07516394 
68 75 12 16 0.0739145 
36 157 17 24 0.073272794 
199 70 9 11 0.07102526 
375 54 13 16 0.06851573 
422 86 14 18 0.068006985 
67 84 14 18 0.067525476 
84 55 12 14 0.066824384 
518 98 21 29 0.06496324 
324 152 15 21 0.06397922 
528 109 21 28 0.06396416 
455 93 12 16 0.062866196 
141 92 12 16 0.062103927 
605 123 16 22 0.061853457 
332 189 14 23 0.06161062 
158 137 15 19 0.060684077 
949 194 47 60 0.060588285 
104 109 21 26 0.060303353 
107 92 12 15 0.060229942 
191 60 9 11 0.059811022 
621 116 11 16 0.059683327 
288 72 10 13 0.05835894 
311 167 20 22 0.058277965 
106 106 14 19 0.05820301 
372 106 14 17 0.058004685 
466 118 25 28 0.057898004 
374 91 14 18 0.057794403 
163 146 15 20 0.057485234 
663 92 9 11 0.057385344 
580 106 10 15 0.056900658 
221 144 17 23 0.05678703 
245 99 19 25 0.05629599 
278 132 14 18 0.05621757 
590 88 10 12 0.053700086 
143 72 10 12 0.05300685 
309 113 12 16 0.052965052 
575 100 11 13 0.052773006 
355 99 14 18 0.052658834 
324 187 17 25 0.052187417 
612 112 14 20 0.052182086 
378 84 14 17 0.05196864 
30 147 14 17 0.05185262 
620 121 14 22 0.05079004 
198 64 8 10 0.050449397 
620 88 9 11 0.050409645 
654 92 11 14 0.04987335 
547 107 12 16 0.049435306 
11 102 20 27 0.04937636 
96 79 13 17 0.048743144 
759 62 81 104 0.04805066 
266 99 14 18 0.04688253 
801 103 30 39 0.046798393 
104 69 11 13 0.04609312 
854 10 64 61 0.046072192 
414 88 16 19 0.045991473 
373 142 19 26 0.045797877 
171 161 15 20 0.045685776 
116 112 15 22 0.04555268 
177 199 18 21 0.04536086 
331 159 15 22 0.04532684 
493 79 39 49 0.04494016 
599 105 13 17 0.044511758 
506 78 15 21 0.04449188 
86 108 12 15 0.044301882 
537 113 15 20 0.04421126 
954 1 62 74 0.044090427 
36 60 14 17 0.043961115 
533 124 22 29 0.043922827 
135 70 9 11 0.043840133 
473 104 22 27 0.043760914 
315 91 15 19 0.04346231 
150 73 10 12 0.04344577 
0 81 18 28 0.043385368 
366 153 16 22 0.043121 
230 56 11 13 0.042682584 
491 55 16 19 0.042455554 
164 62 10 12 0.041566208 
651 100 13 17 0.04142702 
317 69 10 13 0.041110553 
155 92 13 17 0.04054645 
2 77 14 19 0.040378854 
314 107 13 17 0.04032763 
316 151 15 19 0.039714076 
643 98 19 26 0.03963509 
648 92 10 15 0.03952292 
135 53 11 14 0.03944302 
648 86 9 12 0.039420288 
662 106 11 15 0.039258834 
29 104 16 21 0.038932923 
262 54 11 13 0.03875316 
110 150 16 23 0.03852525 
581 100 10 14 0.038328864 
400 161 27 39 0.03824703 
556 129 23 32 0.037937265 
354 77 21 27 0.037231922 
585 89 9 13 0.037081342 
211 204 12 16 0.03705084 
402 104 24 30 0.03703759 
537 40 16 20 0.037025638 
180 101 17 20 0.036944985 
33 127 16 19 0.036832936 
234 108 16 21 0.036645647 
854 127 31 44 0.036588244 
42 104 16 21 0.036419503 
106 142 17 23 0.036207113 
388 172 17 23 0.036023587 
340 187 17 23 0.035926517 
220 76 11 15 0.035923805 
317 116 10 13 0.035725575 
161 75 10 14 0.035373498 
108 54 10 11 0.035080567 
125 53 9 12 0.034582805 
319 158 21 27 0.03360606 
61 132 15 19 0.033388115 
184 84 11 16 0.03274458 
550 101 10 14 0.032453023 
277 62 10 12 0.03242828 
529 45 11 14 0.032355037 
223 62 11 13 0.03232413 
543 100 10 13 0.032203235 
926 118 35 44 0.032191996 
313 64 9 12 0.03208591 
559 140 23 33 0.032082092 
92 134 16 22 0.031950258 
533 139 25 35 0.03189503 
770 105 31 40 0.031782568 
348 72 17 20 0.03165891 
608 128 17 26 0.031618338 
668 106 11 14 0.03157006 
262 158 15 22 0.03143659 
16 60 13 17 0.03124667 
76 116 12 14 0.031235049 
632 90 19 24 0.031091599 
472 90 12 17 0.03105242 
175 73 10 11 0.030849012 
493 47 14 17 0.03082782 
519 116 24 32 0.03078478 
159 56 10 11 0.030649442 
590 135 18 24 0.030591786 
542 128 24 33 0.030488633 
618 13 196 237 0.030285541 
60 177 15 20 0.030254802 
619 109 12 15 0.030134505 
590 100 11 14 0.030035365 
86 130 14 18 0.030016424 
165 202 17 21 0.029966407 
178 163 14 19 0.029765494 
273 71 11 14 0.029719835 
971 156 26 29 0.029589312 
442 99 14 18 0.029506892 
238 125 22 27 0.029369 
774 108 15 20 0.029277138 
371 122 13 16 0.029217644 
435 94 15 20 0.028899377 
42 118 17 21 0.028856233 
167 55 9 12 0.028837102 
84 99 12 16 0.028663661 
380 113 13 17 0.028518775 
216 65 9 11 0.028434586 
194 119 13 20 0.028423382 
618 98 13 18 0.02841304 
337 81 15 19 0.02821056 
248 69 11 14 0.028116845 
207 65 9 11 0.02805093 
334 145 16 24 0.02802086 
425 106 21 28 0.027999876 
8 161 20 30 0.02780967 
345 91 23 27 0.027799714 
169 148 16 22 0.027157797 
358 115 12 16 0.026970787 
104 242 17 19 0.026560374 
37 55 22 26 0.026549326 
753 103 38 39 0.026519135 
378 133 16 19 0.02648946 
188 195 15 20 0.026383987 
382 148 23 34 0.026317326 
104 62 11 13 0.026292546 
413 97 24 29 0.02627249 
317 74 11 14 0.026229652 
234 144 17 24 0.02620449 
548 121 15 22 0.026055891 
680 104 100 110 0.025986392 
195 89 12 16 0.025944961 
69 115 14 17 0.025928617 
293 85 12 16 0.025454277 
249 62 10 13 0.025409827 
456 62 11 13 0.025220884 
507 64 16 19 0.025179146 
75 73 13 17 0.025125943 
98 86 20 24 0.025079386 
219 70 11 13 0.024988234 
862 123 47 58 0.024987388 
810 110 18 24 0.024956081 
243 135 19 25 0.024739314 
125 119 15 22 0.024584278 
654 86 10 14 0.024519553 
143 86 11 14 0.024410222 
172 89 13 16 0.024355525 
958 154 12 17 0.024276854 
107 76 12 14 0.024105182 
277 106 12 17 0.024062963 
884 60 85 114 0.023603793 
270 54 8 10 0.023598032 
120 49 9 10 0.023516722 
939 107 19 22 0.023343882 
337 90 15 19 0.023119522 
287 81 13 16 0.02295444 
290 175 16 21 0.022950726 
481 147 26 35 0.022935076 
340 138 15 22 0.02285136 
623 79 9 11 0.022797989 
256 55 11 14 0.022656832 
164 88 15 18 0.022613047 
489 -67 397 435 0.022610303 
540 154 17 25 0.022554664 
591 106 11 15 0.022552013 
302 86 12 14 0.022532756 
271 78 20 27 0.022409165 
358 129 21 27 0.022376766 
183 54 11 13 0.022224262 
173 53 11 13 0.022221185 
189 187 15 20 0.022101238 
326 124 12 15 0.022081368 
854 88 83 99 0.022027697 
134 76 12 13 0.022019928 
43 65 14 17 0.021951357 
210 10 103 119 0.021832809 
94 101 14 16 0.021592243 
33 138 15 19 0.021517644 
85 110 22 26 0.021483062 
17 117 20 28 0.02142225 
622 67 10 12 0.021415854 
637 123 13 17 0.021392984 
613 87 20 24 0.021382354 
408 85 11 14 0.02133758 
31 86 12 15 0.02129919 
333 121 12 16 0.02114766 
655 101 20 25 0.021005135 
98 65 22 27 0.020995146 
961 145 28 34 0.020964665 
263 79 12 15 0.020962736 
307 173 16 23 0.020951426 
94 62 9 11 0.020929042 
539 92 11 17 0.020904975 
130 126 15 21 0.020896234 
531 38 25 32 0.020893294 
602 53 343 458 0.020812303 
670 88 9 11 0.020808998 
571 152 21 29 0.0207858 
119 101 13 18 0.020758072 
279 56 8 10 0.020726977 
368 126 19 26 0.020659177 
605 80 9 12 0.020633733 
163 102 23 29 0.020632442 
378 106 21 28 0.020612882 
352 149 21 28 0.020550676 
75 84 13 17 0.020506507 
678 94 10 13 0.020486373 
52 137 14 19 0.020484574 
-1 63 18 27 0.020411832 
53 -46 229 217 0.020405833 
390 112 15 20 0.020398308 
183 91 12 16 0.020387962 
476 97 17 21 0.02033118 
49 106 14 19 0.020108463 
583 87 18 24 0.020048821 
142 100 19 26 0.020004135 
