0_Parade_Parade_0_137
138
752 449 18 25 0.7728739 
714 447 15 20 0.71205705 
105 277 24 33 0.5836203 
661 484 16 23 0.50464314 
951 460 18 23 0.43716416 
1011 490 14 24 0.31045064 
964 486 18 23 0.2886483 
237 469 14 16 0.22990574 
708 352 18 24 0.22543444 
659 472 26 32 0.19515945 
656 454 24 31 0.19486853 
133 298 53 58 0.1828329 
507 351 19 23 0.15678814 
1004 339 14 20 0.14843623 
998 512 14 17 0.12209611 
58 341 34 39 0.11065839 
0 431 12 19 0.095287874 
926 366 23 29 0.09425104 
716 469 25 31 0.08651004 
932 366 13 16 0.08612982 
686 376 16 19 0.08158702 
341 350 17 21 0.081493266 
929 307 9 12 0.0781649 
518 340 25 35 0.07292122 
1015 315 9 14 0.07096944 
646 363 13 16 0.07086041 
618 392 16 21 0.06940313 
443 313 45 54 0.06773599 
0 449 11 23 0.06652633 
672 392 12 16 0.064675495 
997 316 9 11 0.06378478 
300 330 49 57 0.062756546 
1 321 19 31 0.061462782 
738 494 52 63 0.057640202 
528 335 30 41 0.053413805 
672 480 17 21 0.051207166 
332 360 14 19 0.048912544 
260 352 13 17 0.04659842 
906 340 14 18 0.046560396 
330 347 25 29 0.04513466 
11 363 28 36 0.044905666 
514 339 17 21 0.044082336 
1014 283 10 16 0.043117013 
540 324 36 40 0.042505026 
761 449 24 24 0.04141108 
458 326 26 34 0.040440496 
-104 349 507 437 0.040420063 
733 355 9 13 0.040302336 
715 453 25 31 0.039610382 
659 443 16 21 0.038521115 
756 504 33 36 0.037893906 
583 392 31 37 0.037813287 
692 402 16 18 0.03769985 
915 315 11 14 0.036520235 
653 451 17 25 0.035799555 
517 331 16 19 0.035794955 
476 329 16 21 0.03488909 
116 282 88 94 0.034043115 
913 312 10 12 0.034014918 
378 342 11 14 0.033889584 
906 403 15 20 0.033364758 
745 365 11 15 0.032085977 
995 407 15 22 0.031739235 
503 316 9 12 0.031711392 
213 365 25 30 0.031132495 
997 512 23 30 0.030070558 
468 341 15 21 0.030016925 
801 330 14 19 0.029955404 
821 383 35 36 0.029187439 
581 342 16 22 0.029097646 
59 334 53 64 0.02901772 
611 387 19 22 0.02897676 
523 351 14 22 0.02894394 
1005 551 16 20 0.02871763 
629 365 448 415 0.028611427 
648 458 13 19 0.02846081 
595 342 15 20 0.02839138 
703 335 8 10 0.028386056 
682 410 26 30 0.028342595 
721 443 17 21 0.028202305 
283 312 88 98 0.0281298 
998 284 12 15 0.027903274 
635 408 15 21 0.027647238 
599 390 26 32 0.027598096 
549 319 48 54 0.027070234 
95 262 40 55 0.027063202 
736 328 10 13 0.026213849 
604 385 17 20 0.02592107 
769 351 10 13 0.025773237 
1007 309 10 14 0.025766246 
363 348 11 13 0.025608312 
317 348 27 33 0.025551973 
475 345 12 16 0.02543986 
38 459 16 23 0.025244914 
504 307 12 15 0.02521133 
884 340 10 13 0.024696497 
358 349 10 12 0.02460753 
997 380 21 26 0.024432832 
703 359 14 19 0.024131214 
998 398 24 30 0.024031322 
945 305 10 11 0.023992209 
996 529 16 21 0.023833033 
620 351 9 12 0.023808762 
398 354 15 17 0.02360821 
519 325 13 16 0.023444112 
715 457 49 55 0.023284202 
237 354 14 19 0.023224467 
983 305 8 9 0.023189407 
749 403 14 17 0.023139875 
503 322 10 12 0.023108596 
717 351 21 26 0.022813689 
770 445 17 18 0.02276528 
9 328 14 20 0.022747515 
605 397 28 35 0.022576623 
12 349 46 56 0.022379575 
684 424 16 19 0.022352414 
899 367 27 33 0.022285573 
638 351 9 10 0.022259675 
650 454 42 51 0.022217855 
651 467 25 32 0.022092853 
945 309 11 13 0.02200012 
713 336 8 9 0.021913067 
1003 508 16 22 0.021597607 
747 369 12 16 0.021544093 
1008 302 11 15 0.021524467 
666 450 16 19 0.02096987 
992 313 10 12 0.020952499 
61 346 17 20 0.02093539 
685 333 8 10 0.020694481 
946 517 12 14 0.020690328 
227 364 15 19 0.020598717 
55 355 13 16 0.02053393 
669 388 21 26 0.020501237 
375 374 40 53 0.02043027 
776 454 18 22 0.020374825 
647 417 29 35 0.02034733 
398 343 11 13 0.020312633 
928 316 9 12 0.020048331 
