0_Parade_marchingband_1_404
30
634 130 28 39 0.9941519 
470 149 29 43 0.992648 
194 79 82 139 0.99205595 
851 151 23 29 0.96080005 
615 201 53 74 0.2575701 
261 116 30 54 0.15174724 
344 365 46 50 0.084479995 
847 147 16 23 0.043449454 
926 189 15 18 0.039976586 
281 398 43 52 0.03821489 
817 169 11 16 0.03728637 
862 152 18 23 0.033851847 
250 399 52 56 0.03352743 
745 172 10 12 0.029944995 
836 153 25 31 0.027783768 
819 157 24 31 0.026796719 
784 140 8 9 0.02662799 
536 148 9 12 0.026317215 
469 394 25 32 0.02582522 
832 192 27 32 0.025289658 
452 169 30 36 0.02317525 
863 113 12 16 0.023044951 
826 205 47 62 0.021783246 
466 102 8 10 0.021457437 
235 99 57 101 0.021404147 
327 342 56 62 0.02135602 
623 137 26 34 0.021230452 
310 370 53 57 0.020639978 
702 158 9 12 0.020530405 
795 187 13 15 0.020185167 
