0_Parade_Parade_0_286
141
958 552 65 83 0.9937616 
531 546 19 23 0.9438904 
460 527 15 22 0.685307 
617 596 105 115 0.66022056 
584 561 23 29 0.6056428 
900 528 18 21 0.508309 
344 504 23 28 0.489593 
511 537 14 18 0.3367959 
582 526 12 14 0.29426765 
507 421 9 12 0.21918218 
903 518 15 17 0.19553591 
82 522 17 19 0.19078937 
959 498 14 18 0.17182538 
0 510 44 66 0.17040429 
453 524 16 23 0.14632456 
285 578 29 39 0.13275716 
59 501 14 17 0.13014945 
943 504 13 15 0.12952243 
523 537 20 27 0.12271864 
576 342 7 10 0.11806634 
623 501 11 15 0.115591295 
309 466 37 39 0.09973919 
453 491 10 12 0.09868654 
564 522 10 13 0.095844634 
898 524 29 33 0.08845225 
447 526 15 20 0.085980915 
79 548 22 35 0.08451889 
520 508 11 14 0.082403615 
501 337 9 12 0.080411084 
611 514 11 14 0.07897265 
541 573 28 41 0.078788586 
972 508 15 17 0.06937444 
822 566 56 80 0.06364818 
52 493 13 16 0.06306065 
898 527 52 65 0.06281398 
651 510 9 12 0.06203042 
468 533 13 19 0.06186138 
596 516 10 13 0.05828373 
486 493 9 12 0.055192 
512 535 23 29 0.05336281 
49 496 21 26 0.0516322 
964 503 17 20 0.051312517 
474 467 11 14 0.04874127 
598 524 10 13 0.048026845 
462 480 8 10 0.045952726 
549 537 15 19 0.045036186 
464 486 7 10 0.04483153 
596 559 12 15 0.044459462 
517 339 10 14 0.042683177 
618 500 10 12 0.041925482 
668 525 32 34 0.041800942 
488 488 8 11 0.03983219 
576 561 15 19 0.03982076 
536 514 11 14 0.039675493 
558 511 12 15 0.03885279 
578 531 11 15 0.03818314 
586 529 13 15 0.037841246 
341 360 12 15 0.037449986 
552 585 24 35 0.037378494 
458 477 8 10 0.03582451 
579 537 14 16 0.035674814 
-3 535 49 77 0.035665523 
540 512 9 12 0.03542855 
897 532 12 17 0.034810826 
542 534 11 14 0.03465152 
938 513 19 22 0.033708155 
571 558 38 45 0.033681374 
0 501 36 43 0.032958798 
476 530 13 19 0.032611154 
963 183 12 13 0.032391302 
842 557 82 107 0.031705823 
454 520 12 15 0.03140904 
585 333 7 9 0.031189559 
695 168 9 10 0.030698894 
557 516 20 25 0.030442195 
934 539 55 72 0.030041507 
525 469 10 13 0.02990102 
853 507 27 36 0.029550431 
936 464 10 13 0.029541183 
473 556 12 17 0.029494883 
232 544 30 38 0.029428063 
276 548 30 46 0.029416075 
504 538 15 18 0.029316043 
308 480 47 55 0.028851219 
1 580 44 63 0.028681047 
951 468 12 13 0.02860644 
133 -9 233 207 0.027769811 
973 448 10 14 0.027550127 
941 502 20 25 0.027249824 
467 512 15 22 0.026942655 
576 358 8 12 0.026904425 
731 442 46 58 0.02667454 
0 574 26 40 0.026630256 
72 560 45 59 0.026532965 
512 463 8 11 0.026389698 
752 327 9 12 0.025701722 
470 486 9 11 0.025701566 
329 499 33 40 0.025326593 
462 516 14 20 0.025024043 
454 471 8 10 0.024987873 
588 352 12 16 0.024392277 
489 477 9 12 0.024317328 
575 502 11 13 0.024283951 
879 465 34 42 0.02401416 
437 519 10 14 0.023999665 
21 476 47 56 0.023805503 
606 509 20 27 0.02377091 
959 187 15 16 0.023523876 
577 520 19 25 0.023465205 
541 160 9 11 0.023246419 
593 341 9 11 0.023204912 
470 502 10 14 0.023202756 
511 529 13 16 0.023118129 
16 503 49 64 0.022834618 
469 519 22 33 0.022714635 
617 497 21 27 0.022389911 
549 599 13 19 0.022284565 
704 440 25 31 0.022155765 
512 335 10 13 0.022059955 
550 560 27 39 0.022031792 
524 503 9 12 0.022030376 
606 524 10 13 0.0218916 
896 504 48 58 0.02179419 
829 177 9 11 0.021586204 
445 477 9 12 0.021392882 
968 505 24 30 0.021341702 
950 503 27 32 0.021291127 
620 526 12 17 0.021277284 
926 513 31 38 0.021231653 
517 503 19 24 0.0212038 
10 543 29 44 0.021049067 
622 493 13 17 0.02080709 
479 487 10 12 0.020563807 
591 513 12 14 0.020504743 
505 426 11 13 0.02036764 
340 350 12 17 0.020356977 
905 508 26 30 0.020272877 
511 468 9 12 0.020220116 
537 531 20 27 0.020157145 
854 168 9 10 0.02008438 
607 499 9 11 0.020057818 
