0_Parade_marchingband_1_1004
55
811 223 34 40 0.9989188 
649 191 38 45 0.99811494 
120 212 36 40 0.98140246 
771 205 34 51 0.971331 
691 202 39 44 0.8820659 
154 406 44 49 0.76915246 
431 235 33 33 0.6602632 
740 201 32 47 0.5896047 
331 405 41 42 0.5283339 
689 222 34 42 0.22159746 
82 285 27 45 0.13772415 
409 232 8 10 0.1292347 
797 213 36 49 0.11560748 
376 231 9 13 0.096029624 
758 206 32 44 0.06764704 
667 196 43 48 0.066858396 
1002 266 16 22 0.059173208 
861 224 38 49 0.049485546 
412 196 9 12 0.044563234 
692 156 43 50 0.04422875 
412 235 10 12 0.04165916 
695 179 35 39 0.041406423 
800 185 12 17 0.038647767 
707 149 30 36 0.035874065 
556 206 24 33 0.0352872 
203 434 15 20 0.03247429 
448 242 18 19 0.031623233 
261 432 34 44 0.030793866 
1000 262 13 17 0.030381355 
255 222 7 10 0.029595595 
326 419 38 43 0.029202994 
629 191 9 13 0.02905929 
85 309 31 46 0.028543267 
756 256 25 31 0.027945591 
273 498 31 35 0.027403127 
356 237 11 12 0.027148752 
186 424 30 36 0.026879197 
238 431 46 57 0.025164591 
297 423 25 35 0.025084877 
401 231 7 9 0.024648909 
167 418 43 53 0.024552833 
829 174 11 15 0.023523197 
346 417 35 39 0.023319954 
963 244 13 16 0.023266448 
412 207 9 12 0.023199778 
413 213 8 10 0.023189599 
319 221 29 40 0.022824641 
483 259 11 13 0.02204652 
255 229 7 9 0.021680575 
316 432 34 38 0.021448858 
730 209 28 42 0.021443017 
391 231 8 11 0.021369735 
419 396 44 45 0.020998048 
691 208 21 25 0.020941507 
544 252 29 34 0.020197134 
