0_Parade_marchingband_1_172
731
245 167 31 40 0.9985964 
747 124 24 31 0.9980222 
852 181 31 36 0.996445 
569 240 40 50 0.9962535 
113 83 24 30 0.9895403 
509 144 24 30 0.98695683 
375 107 22 28 0.9811513 
872 103 18 21 0.96616155 
68 32 15 18 0.9609316 
605 47 15 18 0.9576429 
988 130 18 22 0.9512223 
651 104 19 24 0.94432354 
930 86 16 21 0.94142216 
925 36 13 16 0.9397761 
713 100 18 22 0.93354267 
524 94 19 23 0.93326557 
305 76 18 23 0.9298978 
653 41 13 17 0.92082745 
674 181 24 29 0.9122417 
494 109 20 25 0.91194546 
542 68 15 19 0.9067505 
406 63 15 20 0.9029088 
563 131 22 28 0.89431083 
280 94 19 24 0.8933359 
250 47 16 20 0.89243394 
697 138 23 27 0.89002836 
811 78 16 20 0.88851273 
253 93 20 26 0.88732845 
73 81 18 24 0.8851072 
204 115 18 21 0.88322157 
229 84 18 24 0.88187 
589 77 15 18 0.88037664 
945 127 20 24 0.8782382 
372 82 18 22 0.86831367 
842 99 18 23 0.8594999 
201 36 14 17 0.8465582 
865 602 119 140 0.8461961 
439 106 21 23 0.84282154 
489 68 17 21 0.82873935 
787 45 13 16 0.82777834 
779 101 21 27 0.8273538 
278 171 23 32 0.8272597 
560 48 16 22 0.82700485 
172 81 18 22 0.8139332 
466 38 14 17 0.81241214 
197 95 18 22 0.808905 
442 70 18 22 0.80417234 
0 32 12 21 0.80056757 
840 27 11 14 0.7967423 
330 88 17 23 0.7966227 
997 33 14 18 0.79622 
113 27 14 17 0.73873264 
1005 74 17 21 0.7258048 
902 36 12 16 0.7223736 
951 55 13 16 0.72142637 
382 13 11 15 0.70092785 
331 119 20 27 0.7008061 
696 74 14 19 0.6934105 
675 53 14 18 0.6825085 
565 18 12 16 0.68005496 
780 187 29 34 0.671816 
742 46 13 15 0.66618943 
647 75 15 19 0.6550112 
882 166 23 31 0.65315187 
823 22 10 13 0.6471453 
892 141 18 22 0.63244575 
0 3 11 17 0.6155388 
872 75 11 15 0.6109589 
956 85 15 18 0.5980084 
728 34 11 15 0.5953437 
486 4 14 17 0.5946879 
630 46 12 14 0.5921197 
17 5 12 14 0.590035 
71 2 14 18 0.5868421 
47 9 15 19 0.58382386 
0 107 21 31 0.57798874 
315 20 13 17 0.57572234 
376 42 13 16 0.5745091 
428 12 13 17 0.57317626 
579 32 13 17 0.5283134 
146 0 15 18 0.52574253 
631 25 13 15 0.50725555 
277 155 24 33 0.50681007 
461 8 15 18 0.5050492 
907 99 15 19 0.504664 
797 20 11 15 0.50353616 
286 39 14 16 0.50272703 
579 5 11 13 0.49743196 
594 111 20 25 0.49431834 
49 72 15 18 0.49068293 
968 117 17 22 0.48373067 
317 11 13 16 0.48230526 
127 20 13 16 0.45797473 
87 15 12 14 0.45694187 
607 149 20 25 0.4523218 
511 67 14 20 0.44868 
114 63 18 19 0.44391537 
812 34 10 14 0.42697662 
402 10 13 17 0.4249874 
505 48 15 18 0.40628955 
210 66 13 16 0.39705527 
263 69 15 18 0.38996682 
166 45 15 18 0.38866103 
920 18 14 17 0.38838506 
773 27 12 14 0.37824693 
295 2 14 17 0.3760794 
666 146 23 27 0.36547825 
102 1 14 17 0.35955054 
443 25 14 16 0.3555733 
94 61 14 17 0.34507802 
337 5 12 13 0.34479597 
751 29 10 12 0.32909766 
376 11 12 15 0.32276574 
536 137 18 22 0.31872162 
241 2 9 10 0.31762514 
355 14 11 13 0.3147349 
289 64 14 18 0.3093009 
140 66 12 16 0.30375132 
487 33 13 17 0.30192474 
675 13 11 15 0.29889318 
348 0 10 11 0.2918814 
398 100 20 25 0.28707516 
552 107 18 21 0.2868151 
334 20 11 14 0.27951974 
647 8 10 12 0.2788991 
604 20 12 16 0.27867216 
9 116 21 29 0.27849108 
335 13 10 12 0.27637556 
846 65 12 15 0.27596977 
608 26 11 14 0.27308556 
911 73 14 17 0.27260408 
246 1 10 12 0.2718462 
340 27 12 15 0.26884946 
879 27 9 13 0.26547417 
869 20 12 14 0.2625068 
517 19 15 20 0.2597173 
858 29 9 11 0.25826564 
711 70 12 15 0.25632575 
309 60 15 19 0.25341994 
884 30 10 13 0.24872419 
215 12 11 13 0.23534907 
229 0 10 11 0.23185302 
886 36 9 12 0.23138937 
597 14 14 17 0.2311938 
695 30 11 14 0.22902314 
15 59 14 17 0.22761226 
369 66 16 19 0.22484003 
706 191 19 24 0.22312656 
20 43 16 19 0.22282712 
741 21 10 12 0.22021377 
814 162 26 28 0.22003044 
804 57 15 17 0.21963587 
284 6 12 15 0.21539405 
200 104 20 25 0.20677167 
545 28 11 14 0.20259273 
262 92 20 27 0.20197752 
551 19 13 17 0.19559072 
903 104 16 21 0.19440033 
1001 173 19 30 0.19262388 
653 19 11 13 0.18979429 
878 23 9 12 0.18825842 
859 146 15 19 0.18738697 
519 9 15 19 0.18682387 
907 41 11 16 0.18653639 
558 18 13 17 0.18482007 
522 40 15 18 0.17916803 
737 17 10 12 0.17764057 
852 150 21 27 0.17702493 
397 208 382 440 0.17373504 
253 0 10 12 0.17295662 
628 13 11 12 0.17145514 
269 6 12 15 0.17102021 
556 113 22 26 0.16674288 
619 152 15 20 0.1666741 
197 1 11 11 0.16570568 
280 140 18 21 0.16536999 
335 1 11 11 0.16207418 
476 311 227 280 0.15362278 
970 62 13 15 0.1526089 
715 21 11 15 0.15013155 
694 15 9 12 0.14874202 
388 151 26 33 0.1474066 
575 86 12 17 0.14706583 
213 137 23 31 0.1447168 
319 41 15 17 0.14446728 
1013 32 11 18 0.14353774 
894 172 22 30 0.14264052 
445 37 13 16 0.13603756 
856 23 10 13 0.13459606 
782 1 9 11 0.13442618 
490 8 16 19 0.13298824 
838 7 10 12 0.13233069 
221 5 11 13 0.13041195 
669 83 13 16 0.12985988 
498 19 14 18 0.12907477 
967 66 13 17 0.1290066 
300 11 12 18 0.12897702 
270 25 13 17 0.12813087 
843 23 10 13 0.12632248 
182 1 11 12 0.12596525 
612 28 10 14 0.12539402 
766 21 12 14 0.124508955 
79 77 19 24 0.1234735 
414 80 14 18 0.12306582 
163 22 15 17 0.12053378 
692 21 11 13 0.11803542 
416 42 13 17 0.11780678 
17 124 18 22 0.11699656 
34 -1 17 14 0.116074376 
763 16 11 11 0.11372316 
867 16 12 14 0.11311868 
839 12 10 13 0.11189862 
243 87 19 25 0.11180421 
629 8 9 11 0.111639716 
919 27 13 17 0.11105875 
190 19 11 14 0.10792509 
687 28 10 14 0.10655426 
817 1 10 10 0.10635657 
277 0 10 11 0.10609272 
811 56 14 18 0.10604979 
946 184 18 21 0.105630085 
778 2 8 9 0.10557681 
816 4 10 12 0.10400781 
255 241 39 42 0.10360829 
408 29 11 13 0.10303195 
459 15 16 18 0.102769226 
743 151 16 20 0.100339055 
455 43 12 16 0.09993161 
830 74 13 17 0.09974603 
165 66 14 16 0.09953921 
424 16 12 16 0.099407844 
575 10 11 15 0.09864639 
732 31 11 14 0.093330495 
314 117 23 29 0.0931799 
582 24 12 14 0.09189843 
213 180 22 30 0.0909584 
823 108 14 19 0.0898432 
322 6 12 14 0.089318916 
625 46 10 14 0.08797317 
224 2 11 10 0.087185696 
977 241 24 29 0.08661732 
95 0 14 12 0.08658425 
861 33 11 14 0.086039655 
846 8 9 11 0.0840729 
861 19 13 15 0.08372612 
718 13 9 11 0.08316453 
491 26 14 17 0.082977004 
135 2 13 14 0.0822054 
539 337 53 65 0.08152208 
126 0 10 10 0.08076648 
181 66 13 16 0.07905576 
90 18 13 17 0.07888486 
977 122 20 24 0.07869346 
206 4 12 15 0.07832256 
614 3 11 12 0.07814926 
582 80 15 19 0.07756677 
824 157 23 29 0.077525266 
745 28 10 13 0.07586964 
851 65 13 16 0.07576793 
823 16 10 13 0.07548903 
522 24 16 19 0.07527728 
315 113 15 20 0.07518138 
854 13 11 13 0.07482221 
481 20 13 17 0.074507624 
926 129 13 17 0.07447075 
871 27 11 13 0.07446446 
958 4 11 12 0.07437167 
603 113 20 25 0.07293001 
284 19 14 16 0.07284442 
198 187 25 33 0.07206546 
404 16 14 16 0.07172728 
270 49 12 16 0.07147981 
445 135 22 26 0.07130199 
828 83 13 17 0.07077222 
963 87 15 19 0.06988897 
219 44 12 16 0.06964034 
306 125 18 24 0.069495544 
1007 115 13 17 0.06929615 
849 50 11 14 0.06922705 
756 29 10 12 0.068626545 
835 68 13 16 0.06853266 
2 187 19 25 0.06763925 
773 85 15 19 0.065830715 
845 13 9 12 0.06580178 
869 211 41 52 0.0656334 
368 4 12 14 0.06562568 
214 30 10 12 0.06539872 
509 58 15 20 0.065074325 
897 34 12 16 0.06505046 
232 19 12 15 0.06496658 
452 20 13 17 0.06469573 
214 0 10 10 0.06360037 
216 18 12 16 0.06300409 
250 112 16 21 0.062737346 
587 123 21 28 0.06248287 
891 131 17 22 0.062322263 
308 53 14 18 0.06212964 
779 26 10 14 0.06199084 
702 47 10 14 0.06181172 
373 0 10 11 0.061718464 
773 73 14 17 0.06121465 
639 81 14 18 0.060975257 
343 1 11 11 0.06086026 
688 14 10 12 0.060463034 
900 25 12 14 0.0604366 
478 72 15 20 0.060138382 
440 42 12 16 0.059542548 
265 10 13 15 0.058982573 
854 7 10 10 0.058739137 
803 19 10 13 0.058704913 
834 155 15 19 0.0582539 
413 0 9 9 0.058186997 
623 6 11 13 0.058091816 
909 30 11 14 0.057451006 
19 0 14 15 0.057413325 
348 50 11 15 0.057311356 
321 2 11 12 0.05727021 
811 175 27 32 0.05698508 
264 162 31 43 0.056792803 
216 262 42 48 0.056553036 
972 89 15 18 0.056287996 
420 76 13 17 0.056166664 
458 132 15 18 0.055216968 
131 125 25 32 0.05473264 
199 32 13 16 0.0543181 
94 73 15 21 0.053995162 
703 185 17 21 0.05394351 
84 149 16 19 0.05360698 
661 83 14 18 0.053541236 
759 21 11 14 0.053249523 
434 4 15 19 0.053227805 
640 6 10 12 0.05305247 
614 82 13 18 0.0528831 
433 164 17 22 0.052748892 
834 82 15 18 0.05269738 
29 0 15 16 0.052693617 
767 73 12 17 0.052638877 
1005 31 13 16 0.052614648 
130 13 14 18 0.052556213 
909 129 14 19 0.05217053 
369 90 23 29 0.052074816 
814 44 10 12 0.052052457 
991 68 11 15 0.051671512 
398 94 15 18 0.05149723 
63 144 402 502 0.05119643 
543 33 14 18 0.050962057 
182 154 16 20 0.05071712 
285 73 16 21 0.050165795 
576 2 11 12 0.049726315 
16 66 16 19 0.04964103 
213 50 14 17 0.049634717 
239 29 12 15 0.04959319 
679 29 11 13 0.04927396 
591 20 11 14 0.049247265 
278 43 13 17 0.049210075 
171 66 15 18 0.048629317 
245 252 40 47 0.0486186 
845 35 9 12 0.048587482 
367 1 11 10 0.04825814 
196 145 15 20 0.048213493 
176 111 14 18 0.048210226 
573 55 14 20 0.04812747 
608 0 11 10 0.047926135 
205 0 11 10 0.04792114 
575 130 19 27 0.04784073 
799 53 10 15 0.047796454 
659 39 11 16 0.047763065 
797 136 17 23 0.04713066 
839 46 9 12 0.04712841 
546 130 21 29 0.04706169 
395 147 17 21 0.046996437 
963 159 22 27 0.04687034 
62 86 15 21 0.046834953 
14 49 20 25 0.04661558 
388 61 12 17 0.046479087 
187 89 18 24 0.045895007 
804 67 16 21 0.045783345 
882 145 25 31 0.045715902 
806 15 9 12 0.04563619 
188 65 12 16 0.04542729 
284 84 15 18 0.04507959 
10 69 16 21 0.04501075 
623 28 12 15 0.0447472 
42 0 16 15 0.04441375 
892 6 11 14 0.044364166 
177 3 12 14 0.04430719 
1002 119 19 25 0.04429223 
602 98 15 18 0.043997526 
764 84 14 19 0.04369615 
212 36 11 14 0.043562636 
994 126 21 26 0.043452945 
220 156 22 29 0.043328922 
642 85 17 21 0.043084472 
76 8 14 17 0.043067567 
669 184 19 22 0.043059424 
1005 164 16 21 0.042790346 
841 152 23 30 0.04233045 
700 14 9 11 0.04226628 
626 149 17 21 0.041963447 
888 11 11 13 0.041933376 
542 230 17 24 0.04153331 
571 19 13 15 0.041458316 
759 39 9 12 0.041426126 
430 0 12 12 0.04134338 
85 5 14 17 0.041330494 
275 26 13 17 0.04038892 
608 251 28 38 0.04022461 
924 8 10 12 0.040058855 
28 73 15 17 0.039996997 
599 9 11 12 0.039872784 
368 11 10 14 0.039749898 
128 3 12 14 0.039661117 
606 5 12 13 0.039521016 
773 120 16 21 0.039440796 
118 0 11 10 0.039431483 
294 17 13 16 0.03933832 
597 0 11 10 0.039259195 
273 0 10 10 0.03916628 
945 51 12 17 0.038953427 
459 75 14 18 0.03883612 
898 182 24 33 0.038832255 
760 85 11 16 0.03864773 
275 5 20 23 0.038477004 
310 104 15 21 0.038261533 
86 0 12 11 0.03820514 
701 21 9 12 0.038032617 
367 88 16 20 0.03786674 
352 17 11 15 0.037484027 
887 0 11 11 0.037474327 
864 170 27 37 0.03734264 
436 142 24 30 0.037287533 
431 75 13 18 0.03719282 
929 40 13 17 0.037183702 
749 35 11 13 0.03716155 
111 39 14 17 0.037128583 
136 -3 20 21 0.037088715 
681 143 23 27 0.036986265 
85 65 14 17 0.036793735 
829 102 19 26 0.036780596 
184 13 11 15 0.03668058 
696 45 11 15 0.03665628 
177 91 16 23 0.0366026 
830 37 9 12 0.03650277 
605 36 15 18 0.036365483 
191 1 14 15 0.036308702 
282 26 16 18 0.03601441 
131 166 22 25 0.035998233 
367 74 17 20 0.035923824 
698 89 13 19 0.035909194 
778 44 12 16 0.035711475 
325 19 12 15 0.03569964 
105 9 14 16 0.035690166 
575 0 17 23 0.035580624 
907 80 17 18 0.035502058 
4 1 11 13 0.03547352 
766 35 11 14 0.03541225 
678 37 12 14 0.03536473 
881 34 11 14 0.03517888 
991 75 13 18 0.035165727 
652 28 13 15 0.035095274 
170 26 15 17 0.035034627 
411 72 14 19 0.03477849 
680 57 14 17 0.03471312 
794 45 10 14 0.03468744 
436 118 17 22 0.034670852 
209 10 11 13 0.03466848 
808 45 11 12 0.03461545 
255 79 21 26 0.034458037 
212 279 30 37 0.034386113 
479 10 14 18 0.034293823 
509 174 16 19 0.03428744 
773 109 18 23 0.034208708 
853 143 13 16 0.034078084 
611 34 14 17 0.034019507 
234 242 33 35 0.03386606 
765 5 11 11 0.03383044 
942 177 18 21 0.03360274 
115 419 42 49 0.03340921 
917 90 18 25 0.03336449 
312 167 21 31 0.033358898 
506 157 27 32 0.033115532 
661 151 17 20 0.033033412 
863 68 12 16 0.032732844 
539 363 102 125 0.03264637 
599 155 22 27 0.03263959 
902 95 14 19 0.032563854 
570 122 16 21 0.032512695 
418 68 13 17 0.032478172 
711 7 10 12 0.032352995 
607 206 23 27 0.03220266 
775 13 10 12 0.032173023 
744 40 12 14 0.032087717 
562 359 51 67 0.032037683 
671 45 13 18 0.031841036 
460 30 15 17 0.031801775 
231 105 15 21 0.03179871 
437 76 17 21 0.031750947 
748 182 18 21 0.031435315 
406 34 12 15 0.03138414 
904 68 13 17 0.031290315 
51 79 16 20 0.031222658 
771 90 22 29 0.03116846 
820 16 19 24 0.031074367 
323 48 16 19 0.030908989 
701 71 18 23 0.03083919 
389 7 11 14 0.030759323 
212 246 27 35 0.03075872 
326 0 11 11 0.030695952 
37 9 16 18 0.03021465 
280 36 13 17 0.030202536 
413 19 11 15 0.03018155 
222 38 10 14 0.030089619 
246 117 16 20 0.030047614 
385 99 22 28 0.030030768 
706 132 17 22 0.029975474 
622 248 11 14 0.029955551 
970 110 15 18 0.029786801 
313 84 20 26 0.029709227 
711 178 22 27 0.02967731 
834 6 9 12 0.029646106 
958 10 13 15 0.029623464 
664 27 10 14 0.02958759 
793 187 27 31 0.029577281 
898 23 9 12 0.029571528 
530 85 15 18 0.02948688 
294 78 19 25 0.029452546 
845 120 14 18 0.029344253 
396 108 16 24 0.029265542 
726 15 8 11 0.02922037 
933 78 15 19 0.029211383 
788 0 12 12 0.029057221 
779 93 16 18 0.029005261 
208 97 15 18 0.028953679 
181 162 15 21 0.02894702 
491 152 16 19 0.02886517 
727 21 9 13 0.028819986 
979 83 14 19 0.028711718 
7 33 20 24 0.028668141 
991 41 13 17 0.02865835 
956 68 16 17 0.028613491 
309 44 13 16 0.02860864 
621 0 11 11 0.028490214 
232 165 26 33 0.028410118 
377 76 15 20 0.028249307 
863 101 19 25 0.028227318 
235 111 14 20 0.028154919 
382 61 12 16 0.028021216 
141 21 11 15 0.028007215 
693 7 11 13 0.02793848 
619 209 15 19 0.027879555 
663 21 10 14 0.027729146 
15 27 12 16 0.027624626 
682 222 28 33 0.027561665 
492 41 14 17 0.027502097 
-1 77 9 15 0.02747269 
950 167 23 28 0.02744259 
997 69 15 19 0.027399156 
364 0 20 23 0.027396683 
874 80 14 17 0.027385212 
894 93 12 16 0.027316205 
683 44 13 16 0.027281597 
638 0 9 10 0.027204178 
98 52 15 19 0.027167287 
130 44 13 16 0.027130263 
287 170 28 36 0.027120061 
266 6 20 24 0.027019566 
25 37 16 19 0.026940867 
940 142 17 21 0.026919452 
2 125 17 21 0.02687852 
179 -4 22 23 0.02678658 
475 41 12 16 0.0267173 
795 111 15 21 0.026673136 
948 189 22 27 0.026622841 
767 1 10 10 0.026619554 
195 21 12 14 0.026526315 
519 199 25 30 0.026520822 
800 75 15 20 0.026449881 
46 88 14 17 0.026435887 
808 7 9 11 0.026414044 
323 99 23 28 0.026390962 
684 34 12 14 0.026381258 
750 169 24 28 0.026324928 
545 57 18 24 0.026259972 
586 34 13 18 0.026247215 
412 48 15 18 0.02624711 
810 203 26 32 0.026209796 
49 60 19 25 0.026168337 
156 89 14 19 0.02614672 
285 1 12 13 0.02614537 
203 264 491 499 0.026061727 
460 46 14 18 0.026033249 
676 7 11 13 0.02602848 
518 202 15 19 0.025952198 
998 77 16 20 0.025941022 
119 22 19 21 0.025931822 
670 38 11 14 0.025911907 
211 71 15 19 0.025908012 
497 55 19 24 0.025826775 
240 51 12 17 0.025591588 
276 112 17 21 0.02553653 
728 74 12 17 0.02542609 
220 27 11 14 0.025384221 
529 220 34 48 0.025312034 
313 48 20 23 0.025310447 
914 119 19 24 0.025269225 
165 76 17 21 0.025227582 
815 11 9 12 0.02518049 
758 1 10 10 0.02517599 
899 137 18 25 0.02513035 
537 101 20 26 0.02509306 
647 29 12 14 0.025087368 
591 7 10 12 0.025065312 
531 19 13 18 0.024980724 
892 193 24 31 0.024818152 
517 0 14 16 0.024727367 
645 3 18 22 0.024716139 
915 115 13 17 0.024709092 
515 49 15 18 0.024694996 
225 166 21 29 0.024573557 
160 49 13 17 0.024498725 
317 92 22 28 0.024427526 
324 26 12 15 0.024393063 
324 117 19 25 0.024265429 
968 148 24 29 0.02421956 
963 73 15 19 0.024131421 
125 135 16 21 0.024082182 
861 6 10 12 0.024000987 
856 186 40 48 0.02398868 
556 153 16 20 0.02387739 
512 23 13 17 0.023803618 
456 11 14 17 0.023745894 
420 46 13 18 0.023740543 
720 37 11 14 0.023703266 
122 145 16 22 0.023650821 
669 25 13 16 0.023611201 
468 119 16 20 0.02360791 
864 158 25 30 0.023529675 
204 138 21 29 0.0234795 
782 162 16 19 0.02347574 
142 100 15 18 0.023455722 
284 681 23 29 0.023435982 
902 48 13 17 0.023421904 
893 0 10 11 0.023373565 
823 35 10 13 0.023363104 
190 150 20 26 0.023325425 
820 188 27 32 0.02332122 
343 45 13 17 0.023158696 
957 204 25 33 0.023125852 
912 22 11 14 0.023114942 
169 37 16 19 0.023072744 
897 98 13 19 0.023057375 
753 1 9 10 0.023029925 
469 74 14 19 0.023024475 
960 121 19 26 0.022996819 
190 28 13 17 0.022925394 
193 35 12 17 0.022822717 
703 0 11 11 0.022808833 
848 147 14 19 0.022747269 
783 41 12 15 0.022721108 
735 44 11 16 0.022696603 
598 212 25 29 0.022645045 
196 195 16 21 0.022574361 
124 50 15 18 0.022519963 
658 76 13 18 0.022505619 
586 28 12 16 0.022497281 
742 154 25 30 0.0224614 
358 0 12 10 0.022380378 
31 10 13 16 0.022376435 
248 -5 20 22 0.022365412 
461 122 15 19 0.022338174 
533 0 10 10 0.022291454 
149 151 15 19 0.022270616 
782 154 16 19 0.022179617 
219 67 14 17 0.022152567 
494 141 22 29 0.022108464 
399 61 15 21 0.022086158 
1011 111 11 16 0.022063928 
1014 24 9 14 0.022056242 
942 46 12 17 0.022053033 
839 194 13 18 0.021993801 
649 89 22 28 0.021964729 
629 37 13 16 0.021958359 
726 6 9 12 0.021933468 
261 0 12 12 0.021785052 
564 37 14 17 0.021736277 
828 194 15 19 0.02172254 
951 3 14 15 0.021716613 
798 67 13 19 0.021694012 
996 211 26 31 0.021655887 
499 5 13 17 0.021598065 
65 3 14 18 0.021573491 
580 87 14 19 0.021573434 
838 63 12 15 0.021440271 
817 191 19 22 0.02142558 
492 137 15 22 0.021336544 
444 90 16 19 0.021294525 
884 23 9 13 0.021254914 
463 1 13 14 0.021239776 
491 166 14 19 0.021215672 
476 119 14 20 0.021181341 
525 144 23 28 0.021118632 
741 74 13 18 0.02106031 
991 232 27 34 0.021049423 
759 5 9 11 0.021046843 
836 188 24 31 0.021005176 
648 2 9 10 0.020857371 
237 -3 19 20 0.02078148 
794 17 9 12 0.020742726 
224 -5 21 22 0.02067798 
815 115 13 18 0.020675236 
831 28 9 12 0.020641794 
886 42 11 16 0.020639237 
860 279 33 46 0.020560618 
665 106 15 21 0.020526381 
933 121 22 28 0.020510223 
662 51 12 16 0.020506162 
285 49 16 19 0.020504141 
60 60 14 18 0.020504015 
509 83 13 18 0.020491756 
124 35 14 18 0.020407856 
787 137 22 26 0.020395791 
205 50 14 18 0.02033276 
557 38 13 15 0.020258967 
819 54 11 14 0.020256981 
828 169 24 31 0.020200592 
272 16 20 24 0.02011934 
301 69 18 24 0.020083886 
444 62 15 18 0.020059735 
599 367 52 65 0.020056486 
662 480 8 9 0.020050062 
922 27 18 21 0.020041967 
