0_Parade_marchingband_1_156
225
568 248 61 69 0.9989753 
168 250 64 70 0.99863154 
872 185 79 99 0.98530626 
404 189 14 19 0.6200031 
349 199 13 18 0.5192744 
68 200 17 20 0.5084938 
889 0 16 17 0.5079473 
152 136 51 51 0.422403 
39 576 26 41 0.39301258 
44 14 21 29 0.3585297 
330 9 16 21 0.34336555 
658 91 14 17 0.3397296 
668 112 14 19 0.31234092 
187 24 15 19 0.29693842 
749 158 14 17 0.29134524 
287 253 23 34 0.29120177 
360 275 21 25 0.26489362 
15 198 16 20 0.2384025 
445 289 14 18 0.21870853 
734 232 15 18 0.21506003 
317 196 13 16 0.20411351 
343 265 15 21 0.20105578 
439 258 16 20 0.18812609 
88 56 15 20 0.17704111 
4 331 16 21 0.15581991 
458 155 13 17 0.1550308 
1007 209 15 23 0.15171844 
377 20 13 18 0.15005763 
404 268 14 18 0.14775787 
352 335 22 28 0.14725348 
708 352 14 17 0.14667293 
384 202 14 18 0.14467521 
384 177 12 15 0.14106803 
823 21 13 16 0.12221707 
267 -1 17 14 0.12151674 
263 33 14 18 0.118409835 
739 6 14 17 0.11564044 
292 245 15 17 0.11043006 
5 239 14 17 0.10711624 
99 215 27 40 0.10670962 
324 240 17 22 0.10614812 
438 190 15 19 0.101494856 
244 24 15 19 0.10097335 
269 218 17 22 0.095891505 
18 5 22 26 0.0957644 
397 267 15 18 0.09364214 
367 192 13 16 0.08904176 
394 148 14 18 0.08891684 
775 219 14 19 0.088535525 
233 150 48 69 0.08791406 
343 226 13 16 0.085216284 
690 277 14 17 0.0847918 
59 0 16 17 0.08198103 
12 604 24 33 0.07898626 
1002 289 16 23 0.07848407 
484 176 16 21 0.07842933 
663 255 15 19 0.07768239 
420 168 14 18 0.076197535 
391 265 14 17 0.073603325 
181 139 51 57 0.073421486 
345 268 22 27 0.0730774 
75 205 41 52 0.072821125 
503 -1 15 14 0.07269283 
715 154 19 22 0.07111197 
451 217 17 21 0.07071495 
43 147 16 20 0.06997702 
75 503 45 58 0.06861452 
806 0 16 18 0.06484892 
43 312 13 17 0.064698644 
297 26 15 20 0.06402981 
125 4 24 26 0.060516797 
315 344 18 22 0.059786826 
979 22 12 15 0.05908949 
366 271 15 18 0.058710482 
478 67 16 18 0.058480274 
84 160 18 26 0.057530496 
693 190 13 17 0.057233877 
777 -2 17 15 0.05628055 
469 86 13 17 0.054972216 
475 105 12 16 0.054603443 
37 58 15 19 0.053635962 
481 182 27 35 0.053271513 
724 186 14 18 0.05207763 
345 138 15 19 0.05205102 
568 177 22 31 0.05191823 
415 341 15 20 0.051341586 
446 56 16 24 0.051162817 
33 242 17 24 0.049833275 
447 341 28 35 0.049314268 
159 130 35 35 0.04904264 
298 188 12 16 0.048726566 
157 60 15 19 0.04870504 
439 412 56 59 0.048421193 
530 499 107 129 0.048139613 
355 89 13 16 0.04779034 
810 85 16 19 0.047646012 
130 0 15 14 0.04658701 
51 4 23 28 0.04498245 
735 541 44 56 0.044456966 
704 93 11 15 0.044439193 
516 130 15 20 0.04376895 
60 57 16 21 0.043533757 
131 17 16 20 0.043129727 
1000 101 25 41 0.042119846 
303 90 15 18 0.041431904 
362 224 15 17 0.04142876 
400 274 23 28 0.040303808 
333 12 21 26 0.040247925 
266 5 24 28 0.03976573 
715 257 14 17 0.039271902 
355 282 18 23 0.03903265 
430 140 14 17 0.0387261 
105 0 17 16 0.038632743 
21 12 26 31 0.03861164 
471 99 14 19 0.03852654 
738 338 17 23 0.038311273 
148 137 32 37 0.037644878 
362 330 15 20 0.037541617 
636 145 15 19 0.037316505 
685 10 14 16 0.036462694 
30 18 28 33 0.035744213 
299 -1 17 19 0.03548331 
1004 113 16 25 0.03540757 
168 154 35 43 0.03494611 
4 319 21 28 0.03467822 
331 184 13 18 0.034667533 
17 650 32 47 0.033925552 
811 107 27 34 0.03367766 
211 85 15 20 0.033091538 
-6 0 82 116 0.032659363 
765 -1 14 12 0.031997103 
807 208 14 17 0.031986278 
237 0 16 18 0.03196008 
386 215 15 20 0.03169923 
133 123 85 84 0.03162987 
117 241 16 22 0.031183293 
390 142 14 16 0.030968953 
87 217 15 19 0.030590838 
715 298 16 21 0.030562079 
459 375 51 60 0.03049055 
706 123 14 18 0.030260436 
340 30 21 28 0.030000497 
295 249 18 23 0.029808274 
1 295 24 37 0.029715862 
28 585 27 37 0.02961755 
408 272 15 19 0.029315323 
709 157 16 20 0.029276328 
11 150 16 20 0.02923459 
376 148 12 15 0.029071653 
601 161 38 49 0.028927814 
854 223 26 37 0.028894218 
62 592 26 35 0.028439239 
54 95 22 31 0.028345218 
769 130 14 17 0.028208807 
348 20 12 15 0.028180884 
313 290 22 27 0.02810731 
574 179 46 52 0.02784383 
798 269 14 17 0.027564703 
396 53 15 18 0.02755023 
474 90 15 19 0.02743706 
397 280 15 21 0.027413815 
422 202 12 15 0.027408816 
630 162 24 36 0.02732055 
762 266 13 16 0.027223902 
124 56 17 23 0.026701633 
389 53 14 18 0.02653563 
593 10 14 17 0.026188102 
284 171 13 15 0.026163282 
515 115 22 28 0.0260069 
427 201 13 17 0.025393015 
737 208 15 18 0.025202246 
520 511 31 36 0.025171703 
238 19 17 20 0.025059957 
320 10 22 26 0.02483916 
810 97 15 19 0.024421027 
356 325 17 20 0.024196891 
511 113 13 17 0.024190085 
652 116 15 20 0.02407864 
714 11 14 16 0.024020163 
504 63 10 12 0.023985244 
626 113 14 19 0.023898384 
511 82 14 18 0.023852587 
551 164 26 35 0.023779148 
183 132 34 43 0.023716915 
389 273 16 20 0.023692917 
26 30 16 21 0.02353598 
149 62 21 25 0.023442827 
661 108 16 21 0.023429152 
465 401 43 48 0.023390202 
133 63 15 20 0.022958992 
718 49 15 18 0.022893617 
522 506 62 66 0.022618514 
450 339 18 23 0.02260913 
944 0 16 17 0.022607414 
818 0 16 18 0.022582421 
714 218 15 19 0.022503158 
676 280 13 18 0.022458855 
308 298 24 31 0.02211235 
485 167 14 16 0.021986635 
435 53 24 31 0.02184182 
13 25 49 61 0.021679116 
726 98 13 15 0.021645242 
515 109 15 18 0.021473123 
395 179 21 26 0.021469764 
74 51 21 29 0.021467067 
286 122 14 16 0.021450825 
198 44 16 21 0.021344071 
386 187 14 17 0.021294463 
457 365 38 47 0.021277815 
774 102 14 17 0.021248631 
291 266 25 31 0.021243583 
419 104 15 17 0.021180207 
337 5 14 19 0.021176998 
46 582 37 49 0.021044469 
991 281 26 40 0.021015955 
435 313 22 30 0.021003438 
970 91 16 19 0.020948231 
245 176 30 41 0.02080155 
1000 209 27 42 0.020682234 
262 164 11 17 0.020480758 
647 300 24 29 0.020272797 
403 319 24 30 0.020201258 
854 -1 12 11 0.020146342 
930 94 15 21 0.020144492 
461 -1 13 12 0.020063436 
