0_Parade_Parade_0_502
128
467 404 28 37 0.9959085 
-1 332 36 43 0.9903284 
857 364 23 32 0.9888504 
281 383 25 30 0.96628946 
711 363 30 40 0.9436911 
530 363 19 25 0.9281979 
402 365 18 22 0.8473532 
90 494 26 30 0.8434785 
936 384 22 34 0.83453923 
568 369 17 21 0.80047977 
348 393 11 15 0.3944468 
428 393 27 33 0.37300706 
175 397 27 34 0.33709735 
942 393 25 35 0.29013246 
631 337 12 15 0.28654402 
1001 385 20 29 0.22183166 
326 406 13 16 0.16871834 
152 337 48 57 0.13774139 
181 363 33 31 0.11671646 
241 342 18 23 0.10453784 
844 369 19 25 0.099606045 
154 359 28 37 0.091771685 
156 366 46 56 0.08711267 
392 399 23 30 0.08553369 
166 380 49 59 0.08205476 
243 407 55 60 0.07646947 
811 461 25 31 0.07502269 
360 381 11 14 0.07167531 
404 479 15 22 0.07051379 
780 202 54 57 0.06791241 
1010 392 12 20 0.06542428 
838 370 15 21 0.06263007 
274 371 45 52 0.05964991 
163 328 31 46 0.056168143 
95 521 23 29 0.056136236 
862 357 14 18 0.054820504 
997 576 13 18 0.054091692 
194 338 47 56 0.053693447 
577 369 14 19 0.053285003 
572 421 10 12 0.052204758 
100 485 27 33 0.050629064 
94 505 30 33 0.050621882 
957 348 11 16 0.05060976 
931 392 18 27 0.05059054 
827 357 13 16 0.048173748 
175 402 16 21 0.047420952 
829 370 15 19 0.046673927 
722 371 33 36 0.045447394 
621 378 14 18 0.04540523 
622 371 15 17 0.044097226 
256 378 49 57 0.043759696 
326 433 15 18 0.042928085 
161 391 32 39 0.041043006 
94 529 14 18 0.040933058 
90 574 12 14 0.040852066 
386 440 14 17 0.04051094 
297 384 15 21 0.03888607 
990 386 17 23 0.038444873 
852 371 18 25 0.038122952 
877 338 14 15 0.03761055 
830 352 10 12 0.03704934 
440 388 17 21 0.037000045 
46 300 42 57 0.03633764 
209 322 43 58 0.03604073 
116 545 16 19 0.036031835 
950 348 13 17 0.035993528 
436 408 25 33 0.035868507 
166 316 53 65 0.035333786 
43 310 27 38 0.034198835 
104 528 26 29 0.034177594 
784 532 10 13 0.033594053 
950 401 26 31 0.033574443 
184 404 17 20 0.033253357 
143 354 28 35 0.033073798 
938 370 16 22 0.033020355 
447 403 25 34 0.032243703 
44 311 18 22 0.032091063 
829 610 20 28 0.031329136 
678 298 29 34 0.031163707 
54 677 8 11 0.030649226 
392 249 10 13 0.030542845 
195 300 13 15 0.030403681 
394 395 17 21 0.029828463 
5 308 44 58 0.029345859 
407 361 25 30 0.029145455 
45 559 10 11 0.02901441 
795 443 13 15 0.028920468 
73 73 31 39 0.02857533 
188 371 18 19 0.028292857 
237 368 48 64 0.028258927 
924 396 17 24 0.028095314 
268 378 27 36 0.028050905 
773 370 14 20 0.027477456 
568 425 12 14 0.027280109 
292 374 13 17 0.027035894 
988 377 14 19 0.026564106 
424 395 16 22 0.026083205 
330 428 16 18 0.025504453 
247 378 26 34 0.0255032 
561 370 15 19 0.025451439 
189 448 33 41 0.025084753 
1014 573 10 18 0.024959905 
233 559 64 61 0.02436149 
866 349 16 19 0.02427639 
612 371 14 16 0.024226146 
934 378 16 24 0.024120944 
796 421 14 19 0.023885628 
396 464 28 35 0.023602579 
151 366 80 94 0.02347287 
49 630 9 12 0.023303434 
230 336 24 35 0.023246894 
868 338 16 17 0.023154091 
501 398 16 22 0.023084188 
306 380 15 20 0.022973368 
828 384 17 19 0.022446405 
981 376 15 22 0.022398718 
823 355 21 26 0.022237929 
85 496 20 23 0.022075241 
36 654 8 11 0.022004208 
86 646 8 11 0.021596434 
252 380 14 20 0.021246163 
136 369 30 36 0.021083243 
846 154 11 13 0.020658843 
338 432 16 17 0.020520844 
997 586 12 16 0.020462353 
248 338 16 24 0.02019879 
943 354 14 19 0.020067163 
139 352 18 24 0.0200375 
