0_Parade_marchingband_1_620
347
799 411 31 40 0.99593 
912 326 30 36 0.9950605 
768 340 24 30 0.9729786 
841 350 26 30 0.9726704 
820 250 23 27 0.94520634 
120 274 19 25 0.94259953 
659 337 29 34 0.9329855 
954 236 15 17 0.92457175 
193 177 18 20 0.91853166 
84 191 15 20 0.9088533 
439 243 20 22 0.89758295 
469 194 11 15 0.82867783 
905 217 15 19 0.8269794 
623 165 10 13 0.6961189 
132 229 23 30 0.6859597 
587 180 12 16 0.6660281 
858 203 18 20 0.6320637 
338 249 13 17 0.61261576 
323 244 16 19 0.59929234 
110 187 13 17 0.57774436 
292 238 12 15 0.5712209 
1005 327 18 30 0.5262307 
398 194 11 13 0.45869404 
974 216 16 20 0.40444088 
919 260 14 19 0.3923791 
328 179 11 12 0.35868618 
609 242 18 19 0.33487266 
256 202 12 15 0.32112327 
761 213 11 13 0.31025124 
515 174 11 14 0.2891111 
841 233 15 19 0.26975697 
409 174 10 12 0.2501833 
962 171 13 15 0.24139352 
944 554 64 78 0.236239 
970 268 17 24 0.2314077 
406 194 11 14 0.2162794 
393 195 10 13 0.2095807 
310 189 13 14 0.2017694 
741 189 11 15 0.18282215 
414 180 10 12 0.18170848 
878 203 11 16 0.17770106 
851 173 12 14 0.16445145 
776 412 19 26 0.1475566 
413 195 8 11 0.14741959 
225 219 12 15 0.1439527 
478 213 9 13 0.12805885 
851 179 15 18 0.11885667 
940 175 11 15 0.118500955 
222 170 12 15 0.11030447 
266 248 7 10 0.10762935 
719 167 9 13 0.10665544 
866 206 16 20 0.105742864 
406 211 11 13 0.102260225 
172 190 12 15 0.101158164 
909 188 10 14 0.0967595 
493 221 9 12 0.095919326 
831 239 21 27 0.09526394 
741 182 10 12 0.09053992 
333 181 8 11 0.090313114 
646 190 7 10 0.08984341 
332 254 16 20 0.08886972 
869 225 15 17 0.08725054 
596 189 9 13 0.08723581 
921 172 9 12 0.08446372 
780 257 14 17 0.084411144 
147 238 14 20 0.082141444 
809 194 13 16 0.080774084 
0 137 9 15 0.079927765 
726 171 10 13 0.079742916 
560 162 13 18 0.074771315 
422 187 10 13 0.073628955 
737 179 10 13 0.0717699 
254 263 7 10 0.07121854 
139 305 17 18 0.070510924 
857 350 16 22 0.0686142 
529 187 11 13 0.067376554 
117 205 13 16 0.066264525 
628 190 9 12 0.065422334 
629 171 10 12 0.065381005 
317 166 8 12 0.064586535 
113 191 14 18 0.063791975 
961 241 14 16 0.063474886 
478 286 10 14 0.06292094 
471 200 11 14 0.062079765 
66 251 15 16 0.061060935 
781 409 26 34 0.06040705 
672 173 8 10 0.059538633 
76 250 13 15 0.058590777 
979 272 13 19 0.058424223 
648 184 7 10 0.057609417 
657 197 9 11 0.057418626 
536 171 11 12 0.05556654 
782 187 10 13 0.05425022 
431 189 9 12 0.053785086 
228 214 11 15 0.053761814 
54 139 11 15 0.053216968 
542 199 9 12 0.05307923 
290 149 12 14 0.052638974 
63 188 12 16 0.05257591 
369 197 9 12 0.052154195 
222 225 13 16 0.050909776 
859 181 12 16 0.050901506 
904 172 9 11 0.050820455 
912 218 13 17 0.050229304 
342 191 8 10 0.05002024 
448 282 13 19 0.04984061 
654 282 11 14 0.0486089 
828 170 12 15 0.048271254 
331 265 13 17 0.047302235 
770 218 13 14 0.047172073 
918 234 11 15 0.046946026 
871 174 10 13 0.04685437 
70 161 24 30 0.04674378 
435 221 14 18 0.046740443 
657 176 8 10 0.046560947 
915 227 12 17 0.04455927 
224 236 11 12 0.044400487 
432 181 10 13 0.04430885 
289 165 9 13 0.04416611 
885 173 9 11 0.044057474 
852 197 17 23 0.0437149 
608 143 10 13 0.043513615 
102 182 15 19 0.04350593 
965 186 13 17 0.043262057 
714 166 10 13 0.042405035 
114 182 13 18 0.042219236 
753 173 10 12 0.04161091 
656 180 8 11 0.041610323 
991 180 10 13 0.041421678 
477 205 10 13 0.04053473 
438 213 11 14 0.04048803 
201 174 15 21 0.040098444 
744 215 9 12 0.03992304 
864 225 12 17 0.039855078 
964 260 14 18 0.039729875 
951 172 10 14 0.03967724 
319 173 10 13 0.0394261 
598 195 9 12 0.03914258 
261 186 14 16 0.03906178 
317 181 11 14 0.038932618 
471 154 13 15 0.0387897 
593 180 11 16 0.038680438 
390 237 13 17 0.038506247 
959 259 11 15 0.038305 
636 283 16 21 0.037816297 
601 242 14 17 0.03777496 
352 197 10 13 0.037585784 
981 199 14 18 0.037349407 
230 206 10 13 0.037127864 
208 205 12 17 0.036940537 
869 295 15 20 0.036622804 
614 211 10 12 0.036479093 
662 175 8 9 0.03632029 
941 196 11 14 0.03613466 
713 172 10 12 0.03596415 
472 214 10 12 0.03583149 
989 284 13 15 0.03569802 
340 277 16 20 0.035620086 
260 206 13 17 0.03550942 
435 189 12 14 0.035477396 
812 306 18 22 0.035442054 
313 159 9 12 0.03538434 
405 204 12 15 0.035030913 
395 189 19 23 0.03497458 
432 174 9 13 0.034969088 
673 348 16 23 0.034513608 
982 190 9 13 0.034209963 
316 194 12 14 0.03410652 
78 202 12 16 0.033871755 
306 190 10 12 0.03361072 
737 195 11 14 0.03333046 
147 228 14 20 0.032981683 
686 124 15 17 0.032661285 
910 172 10 11 0.032654565 
762 314 18 24 0.032505166 
487 238 11 15 0.032447796 
175 244 14 17 0.032424595 
788 257 15 18 0.032394696 
401 180 11 14 0.032251798 
620 160 17 22 0.032031205 
692 181 9 12 0.031977944 
68 193 13 16 0.031782012 
639 181 8 11 0.03172078 
795 260 11 16 0.031506356 
362 225 13 17 0.031257942 
791 400 29 37 0.031247448 
909 232 14 18 0.031010818 
879 188 11 14 0.030963121 
656 192 9 11 0.03083724 
470 181 13 16 0.030700536 
988 227 12 16 0.030508379 
536 197 9 12 0.030482542 
903 182 12 15 0.030343466 
678 380 14 19 0.03025105 
1000 573 25 42 0.030243987 
647 168 8 10 0.030219683 
144 188 10 13 0.030105682 
112 202 12 16 0.030078921 
73 204 11 14 0.030015342 
934 174 19 24 0.029895522 
346 167 7 10 0.029784506 
73 153 18 19 0.02975692 
589 230 9 12 0.029618936 
423 173 9 12 0.029285746 
335 204 10 12 0.029284066 
716 197 10 13 0.029151859 
852 182 22 29 0.028996266 
303 172 11 15 0.028821789 
516 198 9 11 0.028732192 
970 288 15 19 0.02870309 
229 197 10 13 0.028699117 
988 197 10 15 0.028594885 
590 206 9 11 0.028482407 
642 199 9 11 0.028344927 
123 209 12 15 0.02832317 
450 278 22 28 0.028108422 
959 223 20 25 0.027975451 
197 245 11 14 0.027903398 
623 180 10 13 0.027753506 
109 210 13 16 0.027725907 
646 205 9 10 0.027717799 
399 201 11 15 0.027601415 
749 188 11 14 0.02759278 
487 190 10 13 0.027557602 
780 264 14 18 0.027470002 
628 278 19 27 0.027453791 
532 183 11 13 0.027408822 
680 191 8 11 0.027302563 
402 174 9 13 0.027228242 
718 191 9 11 0.027182173 
512 188 10 11 0.027178898 
683 385 16 21 0.027088575 
289 155 12 15 0.027079334 
310 170 11 15 0.027011417 
462 173 11 12 0.02695049 
851 275 22 27 0.026883747 
761 208 17 21 0.02678642 
918 188 11 15 0.026665498 
597 155 11 13 0.026441684 
288 171 9 11 0.026420956 
973 235 12 16 0.026363479 
751 266 11 13 0.026118675 
992 322 25 37 0.02600853 
333 276 12 16 0.0259904 
279 172 9 11 0.025893223 
591 195 10 13 0.025775032 
270 253 9 11 0.025713205 
741 287 14 20 0.0256541 
479 232 9 11 0.025634369 
775 187 10 14 0.025630891 
336 188 9 12 0.025598032 
970 575 41 53 0.025533143 
631 181 9 12 0.025448779 
865 347 13 18 0.025438549 
196 191 13 17 0.025425099 
1 130 13 18 0.025337635 
505 173 10 12 0.025267683 
860 173 11 15 0.025043745 
882 198 13 16 0.02503966 
212 198 11 14 0.024881544 
102 212 12 14 0.024850639 
941 187 11 16 0.02474218 
413 204 11 13 0.024736771 
350 216 11 12 0.02473077 
249 264 9 11 0.024716638 
984 280 22 25 0.024691833 
225 95 215 223 0.024561636 
269 185 12 16 0.02444069 
688 181 9 11 0.02439316 
751 207 9 12 0.024355412 
335 198 10 13 0.024333596 
684 345 13 19 0.02403261 
897 218 14 19 0.023978963 
289 144 10 13 0.023914373 
350 166 8 11 0.023895457 
239 182 10 12 0.023685493 
932 250 14 19 0.023591 
366 180 10 12 0.023536002 
349 220 15 18 0.023472164 
879 182 10 13 0.023468364 
64 182 21 27 0.023423709 
360 174 9 11 0.023283845 
327 155 11 13 0.02328238 
0 101 10 18 0.023215104 
436 226 25 32 0.023199972 
687 176 10 11 0.023179648 
619 282 14 20 0.02305165 
903 192 14 19 0.023044048 
60 256 16 18 0.02291667 
678 175 8 10 0.022603502 
1006 172 11 13 0.02256031 
122 219 24 32 0.02255726 
737 255 10 13 0.022509102 
413 168 9 12 0.022479678 
342 197 10 12 0.022449408 
606 208 13 15 0.022393502 
298 242 11 14 0.022312831 
973 203 15 18 0.02224637 
605 362 16 20 0.02223927 
540 167 12 14 0.022199992 
133 220 17 19 0.022198476 
923 250 16 22 0.022154331 
851 243 14 19 0.022098787 
244 172 11 13 0.0220402 
439 278 12 17 0.021980844 
846 184 16 19 0.021817302 
464 189 19 23 0.021760546 
367 311 12 15 0.021737965 
511 169 18 23 0.02172818 
766 187 12 15 0.021704769 
255 255 9 11 0.021663679 
432 195 10 12 0.021515708 
71 169 14 18 0.021514941 
860 285 20 27 0.021420337 
949 188 11 14 0.021383794 
936 204 11 15 0.021360522 
298 166 21 27 0.021322468 
663 183 8 9 0.021212308 
327 272 13 16 0.021075867 
740 259 11 14 0.020967804 
984 252 11 15 0.020963311 
149 221 11 15 0.020952402 
263 174 11 13 0.020940123 
287 311 11 13 0.020886408 
627 159 11 13 0.020795684 
148 187 12 15 0.020743439 
782 174 9 11 0.020701936 
406 169 18 23 0.020695983 
983 181 10 14 0.020665826 
742 204 10 13 0.02064681 
29 202 11 13 0.020598961 
839 292 13 18 0.020511298 
345 227 11 15 0.020443365 
986 277 13 17 0.02042977 
926 331 19 23 0.020389374 
766 175 9 10 0.020385766 
751 180 10 12 0.02037739 
718 159 10 14 0.020372787 
223 179 10 13 0.020370854 
774 289 15 19 0.02031109 
364 292 11 14 0.020281658 
485 213 12 16 0.020243388 
591 155 12 14 0.020204326 
225 196 10 13 0.020160282 
237 206 10 14 0.020132415 
373 539 14 18 0.020102635 
402 204 21 25 0.02005989 
