0_Parade_marchingband_1_649
106
969 152 33 39 0.9997454 
859 153 31 38 0.9995796 
813 203 34 46 0.99944276 
409 82 37 48 0.9993906 
489 122 36 46 0.9993242 
651 146 29 37 0.9989759 
5 127 27 33 0.99880993 
941 207 39 46 0.9984419 
54 120 31 37 0.998379 
24 198 37 49 0.998166 
174 282 43 51 0.9976672 
556 81 34 47 0.9974657 
248 143 32 36 0.9970594 
760 151 28 34 0.99690956 
341 118 32 38 0.9958287 
660 216 39 44 0.9952631 
295 286 44 55 0.99485695 
896 319 40 51 0.99428 
795 281 41 54 0.9905171 
700 287 40 53 0.989754 
246 190 39 46 0.98973304 
530 131 30 37 0.98695403 
131 233 37 44 0.98612416 
702 173 24 32 0.98596734 
905 179 23 28 0.9732246 
104 138 25 31 0.9472857 
151 125 21 33 0.74010366 
832 176 24 31 0.5998818 
669 446 23 27 0.5005018 
791 167 24 28 0.47573644 
615 425 25 32 0.4355095 
232 152 24 35 0.34396628 
169 114 25 29 0.20972644 
619 421 15 18 0.18742605 
603 444 10 14 0.15744238 
114 439 35 42 0.15548214 
147 154 15 21 0.13305958 
822 184 31 42 0.1055851 
291 456 30 32 0.10403522 
117 139 22 29 0.08788091 
827 172 19 21 0.08286341 
673 472 56 51 0.076541625 
566 436 11 14 0.07013718 
70 364 12 15 0.06020919 
801 458 37 39 0.05820249 
568 431 10 13 0.05727062 
239 156 44 50 0.057075888 
537 444 8 11 0.055118695 
529 431 7 10 0.055053636 
635 419 14 20 0.054508083 
325 472 11 13 0.04812858 
141 133 21 30 0.047163412 
76 360 14 20 0.044658832 
195 128 19 34 0.04451102 
465 469 34 45 0.04448591 
626 422 23 29 0.0431439 
153 223 33 39 0.04125412 
801 163 16 20 0.04094992 
141 317 22 33 0.039663285 
799 171 27 31 0.039037038 
628 417 16 20 0.03867132 
669 453 49 50 0.037872735 
773 298 26 38 0.036975536 
542 443 8 11 0.036911447 
89 431 46 58 0.036562353 
789 156 17 23 0.035632428 
601 438 9 13 0.03548837 
333 451 28 31 0.035374228 
549 502 8 11 0.032693278 
731 447 27 31 0.031088285 
561 444 10 11 0.030332481 
303 464 30 30 0.030229654 
738 460 18 22 0.029914424 
605 431 21 28 0.029404413 
569 425 8 10 0.028737169 
373 493 9 12 0.02868008 
732 280 17 23 0.02728469 
662 446 18 23 0.026829462 
178 124 17 23 0.026758773 
819 378 201 226 0.026029525 
162 122 18 23 0.025821391 
689 456 50 52 0.025589012 
617 502 9 12 0.025199719 
148 140 23 33 0.025002541 
841 171 16 21 0.024766436 
456 384 9 11 0.024445176 
760 139 26 31 0.024255194 
661 438 41 46 0.023531727 
679 444 18 23 0.023421396 
550 462 10 13 0.023086635 
960 297 35 51 0.022703348 
160 130 25 31 0.022688821 
691 464 28 34 0.022565115 
727 116 21 26 0.022358244 
281 462 50 46 0.022245437 
798 185 30 38 0.022105755 
64 363 12 16 0.022071598 
529 437 9 12 0.02204055 
593 430 11 15 0.021830488 
335 630 56 60 0.021466443 
713 441 33 38 0.021327134 
900 519 63 59 0.021180965 
128 144 22 30 0.021167146 
76 203 31 37 0.020455245 
935 516 28 32 0.020417763 
174 130 22 30 0.020326186 
