0_Parade_marchingband_1_525
317
399 384 24 29 0.9922537 
676 382 22 26 0.9884043 
900 422 20 24 0.95267844 
537 395 21 26 0.94792163 
291 395 19 23 0.94607335 
193 374 22 26 0.929285 
764 437 17 20 0.9045587 
135 412 18 22 0.8301031 
860 482 14 19 0.7357848 
833 417 16 20 0.69403034 
260 396 13 18 0.6807071 
44 429 10 12 0.6261125 
986 461 16 19 0.5700794 
813 420 12 15 0.5634999 
783 422 11 14 0.5198609 
222 322 12 15 0.5006981 
121 411 12 14 0.38227868 
624 413 13 16 0.3500401 
841 529 16 20 0.30841845 
796 431 12 15 0.2835928 
329 395 15 19 0.2715374 
927 429 11 15 0.27122998 
956 467 12 17 0.2544686 
156 419 11 14 0.24755862 
22 423 9 11 0.22522292 
945 435 12 15 0.22429599 
15 423 7 10 0.21978816 
240 390 9 13 0.21082819 
512 416 8 10 0.19887416 
725 397 13 18 0.19125316 
97 455 9 12 0.18522985 
458 477 10 12 0.1764724 
62 423 7 10 0.16453847 
711 504 14 18 0.1627084 
79 423 8 11 0.14749399 
118 241 12 15 0.12982504 
348 400 15 21 0.1255631 
292 363 11 14 0.12344618 
1000 441 14 17 0.12313945 
738 523 25 30 0.11962165 
730 400 15 19 0.119416036 
334 408 14 17 0.11722122 
616 445 12 14 0.116568625 
941 498 13 16 0.11649468 
484 487 10 12 0.115900874 
811 598 27 30 0.1156947 
794 420 13 16 0.11537698 
525 486 13 14 0.10372322 
583 422 11 14 0.1009855 
584 414 11 13 0.087889925 
777 421 11 13 0.087316565 
228 371 16 20 0.08703755 
24 427 9 12 0.085926905 
448 460 12 13 0.08326677 
790 427 12 16 0.08246387 
923 447 12 14 0.08239296 
105 479 8 11 0.08196002 
70 476 9 13 0.08022781 
211 377 14 19 0.07785013 
331 379 13 16 0.07709932 
735 435 13 17 0.075685985 
369 409 15 17 0.07503665 
87 428 8 12 0.07440763 
39 425 13 15 0.074006006 
79 480 9 12 0.07133008 
944 443 10 13 0.0711666 
819 427 12 15 0.070287354 
55 323 15 20 0.06751808 
243 395 11 16 0.06669324 
731 441 13 18 0.06664277 
124 244 10 13 0.065683424 
454 471 10 11 0.06553615 
317 536 11 13 0.0653336 
813 415 20 25 0.064699836 
435 472 12 12 0.064697795 
472 495 7 10 0.06440278 
257 378 12 16 0.06083369 
730 519 9 12 0.059550945 
1014 529 9 15 0.057267684 
340 402 16 21 0.057184666 
930 515 12 16 0.05661269 
949 473 15 20 0.056491587 
53 431 7 9 0.05618948 
277 373 12 15 0.056067757 
696 412 13 17 0.056063138 
973 459 15 17 0.055666998 
815 454 9 11 0.055378012 
481 491 10 11 0.055010937 
1001 32 25 47 0.05427026 
373 487 13 15 0.05329333 
238 403 12 16 0.052836973 
567 404 16 17 0.05266897 
601 427 11 15 0.052332334 
720 400 12 17 0.052243475 
471 511 7 9 0.0520502 
358 346 12 15 0.051730625 
739 415 14 18 0.05166754 
572 411 11 14 0.051403806 
72 407 9 11 0.051382907 
805 548 11 14 0.05090334 
949 452 9 11 0.050826825 
807 428 12 15 0.050697584 
515 414 10 12 0.0499621 
8 455 8 10 0.04977459 
739 439 14 16 0.049114607 
39 532 8 10 0.049024753 
338 394 15 20 0.04884982 
79 447 8 10 0.048420038 
740 404 13 18 0.04799805 
628 549 8 10 0.047316797 
340 388 14 18 0.04693098 
820 435 11 13 0.046845067 
463 503 9 11 0.045917995 
376 332 12 14 0.04582508 
84 423 11 12 0.04533421 
571 460 12 13 0.045291428 
157 322 12 14 0.045160964 
31 428 11 13 0.045098215 
170 397 10 12 0.04489037 
74 424 8 10 0.044668708 
887 504 24 28 0.044576637 
0 407 10 14 0.044495724 
111 476 8 11 0.044149037 
914 410 13 17 0.04308664 
584 549 8 11 0.04301584 
174 371 12 16 0.04279158 
447 466 12 13 0.04278535 
184 370 22 30 0.042142544 
815 433 11 13 0.041754197 
935 445 9 11 0.041597076 
173 390 10 13 0.04156196 
527 525 8 10 0.040737372 
316 474 12 13 0.040248636 
553 551 9 10 0.04023264 
124 407 19 23 0.040211726 
951 463 13 17 0.040199786 
184 334 12 15 0.039895575 
831 561 12 15 0.039498597 
776 415 9 13 0.03933667 
235 462 14 17 0.039114438 
418 535 9 11 0.03898641 
588 426 10 13 0.038571548 
525 504 11 13 0.03843639 
898 513 16 20 0.038170762 
218 370 21 26 0.038149867 
625 528 7 10 0.037974462 
65 472 9 12 0.037924048 
447 391 10 12 0.037738483 
773 426 14 19 0.0376146 
52 283 10 14 0.037423354 
734 400 21 28 0.036914017 
59 424 7 10 0.03676579 
727 373 10 13 0.03666645 
807 445 10 12 0.036494676 
478 520 7 9 0.036289547 
78 453 8 10 0.035876382 
972 494 10 12 0.03551709 
494 503 8 10 0.034963734 
29 509 12 15 0.03488113 
809 414 13 16 0.034108043 
287 494 12 14 0.033583354 
265 400 15 19 0.03357346 
496 444 10 13 0.033503126 
933 436 10 13 0.033457693 
512 502 8 10 0.03344905 
506 415 9 12 0.033190824 
456 511 8 9 0.03314783 
429 490 11 13 0.032816846 
23 406 9 11 0.032766446 
558 422 9 11 0.032424107 
838 555 13 20 0.032367606 
828 528 24 31 0.03227645 
940 535 11 14 0.032235254 
323 348 15 19 0.03185968 
829 539 12 16 0.031491317 
808 452 9 11 0.031306125 
783 542 11 14 0.031169841 
49 448 9 11 0.031151515 
309 402 13 18 0.031092241 
842 423 13 18 0.031070357 
418 542 9 11 0.031042827 
516 421 11 13 0.031013615 
474 518 8 10 0.030947749 
104 403 11 15 0.030735064 
5 413 10 12 0.030674027 
998 411 14 15 0.030620774 
465 508 8 11 0.030180655 
946 499 14 16 0.030093363 
348 389 12 15 0.029870383 
726 418 10 13 0.029780146 
15 427 9 12 0.029526886 
78 406 9 12 0.029474454 
894 520 15 18 0.02934239 
781 432 13 18 0.029297449 
791 429 21 24 0.02902235 
624 545 9 11 0.028929427 
746 520 19 22 0.028743057 
100 459 9 12 0.028607875 
575 422 10 12 0.02851603 
884 405 10 14 0.02828802 
630 528 8 10 0.028178846 
720 418 11 13 0.027773682 
638 544 8 9 0.027450876 
84 229 12 15 0.027370764 
607 411 22 27 0.027362106 
545 535 9 11 0.027339898 
709 462 13 15 0.027177844 
354 401 22 27 0.027111504 
825 539 22 32 0.026650488 
108 361 24 24 0.026504247 
583 449 13 16 0.02629984 
25 536 9 12 0.02629362 
834 517 24 29 0.026274351 
271 378 12 17 0.026230603 
333 467 14 19 0.02608926 
82 238 24 36 0.02608048 
877 506 15 21 0.025733026 
85 388 11 13 0.025671871 
986 470 16 18 0.025664639 
733 425 21 26 0.025486458 
976 459 22 26 0.02529375 
226 319 11 14 0.025244495 
640 529 8 11 0.0252226 
30 536 8 10 0.02509638 
469 412 11 15 0.024991902 
548 395 22 27 0.024950322 
947 490 15 19 0.024921717 
567 419 11 12 0.024846338 
256 388 14 20 0.024571922 
364 408 24 27 0.02455592 
429 559 9 10 0.024525257 
231 405 13 16 0.024505572 
973 513 12 15 0.024503065 
584 477 11 12 0.024498949 
995 448 15 20 0.024459476 
323 490 13 16 0.024274476 
630 544 9 11 0.024272991 
813 425 24 27 0.024267131 
338 380 15 18 0.024073707 
552 544 8 10 0.024071235 
144 397 11 13 0.023998072 
934 524 11 14 0.023945425 
843 488 18 21 0.023845859 
29 423 10 14 0.023831818 
15 436 9 11 0.023734244 
713 479 17 21 0.02359574 
173 378 12 16 0.023557654 
798 547 13 16 0.02348161 
899 530 17 21 0.02346951 
244 401 11 16 0.023274321 
785 546 16 18 0.023193555 
734 417 13 17 0.023192761 
936 493 14 17 0.023094691 
727 377 12 17 0.023025753 
284 368 14 17 0.022972103 
624 496 10 11 0.022829406 
597 420 20 27 0.022751441 
633 510 8 10 0.022742135 
715 567 10 13 0.022722777 
822 452 11 15 0.022662213 
512 525 8 10 0.0225904 
838 435 11 15 0.022461567 
837 443 13 17 0.022432866 
696 529 11 14 0.022403166 
446 493 8 10 0.022356492 
9 448 8 11 0.022325484 
79 440 8 11 0.022271186 
780 550 16 18 0.022139989 
631 497 8 10 0.022039302 
520 503 10 12 0.021958899 
615 544 8 11 0.021896653 
780 442 11 15 0.02187787 
338 471 15 18 0.021724967 
852 525 11 16 0.02171591 
367 389 14 16 0.021651374 
688 358 10 13 0.021571804 
0 422 6 11 0.02152296 
49 544 7 9 0.021513823 
577 405 22 28 0.021507801 
895 538 13 17 0.021481905 
9 426 11 13 0.021415127 
884 502 16 21 0.021363778 
640 495 8 10 0.02134945 
829 449 12 17 0.021311587 
942 483 16 19 0.021171104 
768 420 12 15 0.021136625 
236 379 11 16 0.021130517 
776 406 10 13 0.021094045 
625 533 8 10 0.021075793 
54 435 8 10 0.021067586 
776 417 18 24 0.021039449 
183 377 13 18 0.021036759 
237 364 12 15 0.021008631 
110 422 9 11 0.020990299 
816 460 11 13 0.020888155 
184 328 10 14 0.020749718 
722 501 13 16 0.020749096 
375 327 11 14 0.020730179 
461 472 10 12 0.020729523 
836 467 15 18 0.020722292 
803 434 13 15 0.020713799 
258 459 17 21 0.020629913 
382 575 9 11 0.020617478 
111 410 10 14 0.020578511 
709 485 24 30 0.020546412 
851 545 23 31 0.020347813 
62 427 8 10 0.020332599 
423 420 14 17 0.020326218 
461 409 15 20 0.020299938 
616 573 10 11 0.020251833 
21 414 10 12 0.020241434 
109 485 10 12 0.020238357 
49 453 9 11 0.020216102 
23 475 9 12 0.020198692 
741 407 23 31 0.020159706 
719 388 12 18 0.020138882 
436 503 10 12 0.020002296 
