0_Parade_marchingband_1_606
121
841 156 30 33 0.9994106 
258 137 32 39 0.9988201 
614 191 29 33 0.9981552 
486 134 36 41 0.99679273 
783 155 40 44 0.9961016 
43 156 35 39 0.9958268 
131 209 25 30 0.99393 
703 175 27 32 0.99182326 
429 179 25 34 0.7544687 
901 316 27 33 0.514126 
587 192 27 33 0.3927299 
16 211 18 22 0.37800944 
602 138 17 22 0.3701716 
795 104 24 33 0.3478098 
174 207 24 29 0.25906476 
599 192 27 34 0.24764597 
174 346 13 17 0.2288151 
214 394 14 16 0.2203778 
535 116 438 440 0.1541006 
603 163 17 22 0.14640827 
943 250 13 14 0.1198335 
974 272 7 8 0.09064255 
1014 308 9 12 0.08951987 
420 144 17 22 0.085333206 
968 270 8 10 0.08226115 
188 205 25 31 0.080568865 
407 275 10 13 0.07857705 
850 111 18 24 0.07851372 
981 329 13 16 0.07504497 
168 211 14 20 0.07387132 
1014 253 8 12 0.070926026 
1 153 16 22 0.06909849 
633 139 15 18 0.06871914 
374 231 11 15 0.06643832 
5 219 13 18 0.06189473 
912 325 17 22 0.06109307 
360 332 11 14 0.06022779 
956 328 15 20 0.060161173 
22 144 10 13 0.059190124 
984 261 9 11 0.05760473 
392 294 9 13 0.054689553 
239 397 9 11 0.050455846 
975 278 8 10 0.04992911 
399 237 11 14 0.049041513 
982 304 9 11 0.048774585 
996 317 10 13 0.046228223 
439 184 17 22 0.045875393 
192 358 10 15 0.045408886 
32 123 12 15 0.04516977 
583 186 21 24 0.045085404 
359 341 10 13 0.044872403 
933 237 10 12 0.04486915 
197 420 13 16 0.04309274 
179 343 13 18 0.042942606 
310 392 9 11 0.041556854 
392 212 10 13 0.040652916 
983 310 8 10 0.04059967 
1 139 13 18 0.040399447 
5 142 21 29 0.038277995 
977 309 8 10 0.03807382 
960 270 8 11 0.03793671 
941 243 21 24 0.036772676 
977 285 8 11 0.035795346 
12 112 11 13 0.03470152 
487 88 26 31 0.0330553 
999 311 9 11 0.032886155 
977 303 10 12 0.032595128 
365 413 12 17 0.032373596 
1001 301 7 9 0.03228226 
398 242 10 14 0.031342562 
52 122 16 19 0.031118482 
394 318 9 12 0.030917393 
1008 303 9 11 0.030887628 
381 325 9 13 0.03041591 
398 213 9 12 0.029395092 
991 271 8 10 0.028964741 
1014 287 8 11 0.028335769 
973 350 12 14 0.028170634 
1008 309 9 11 0.02810236 
1014 270 9 13 0.027940355 
400 231 12 15 0.027761033 
984 270 8 10 0.02765758 
167 191 30 34 0.027248645 
976 329 12 18 0.027072389 
1000 295 8 11 0.027035015 
991 301 9 11 0.026919974 
985 318 10 14 0.026709765 
1008 289 8 10 0.026546367 
991 317 11 15 0.02606333 
966 348 10 15 0.026024353 
902 334 15 18 0.02591688 
964 324 13 19 0.025738193 
346 314 15 17 0.025660526 
329 366 9 12 0.025360128 
219 392 10 13 0.02451146 
126 187 40 49 0.024443256 
815 360 13 14 0.024391707 
46 122 11 16 0.024231546 
991 312 9 10 0.024070153 
17 141 23 27 0.023888813 
293 172 15 19 0.023645123 
966 318 10 13 0.022950966 
163 202 26 33 0.02277887 
166 235 12 14 0.022775084 
110 352 9 11 0.022483572 
709 153 16 19 0.022404868 
363 210 13 16 0.022394499 
969 276 8 10 0.022329168 
561 176 16 20 0.02230732 
927 235 11 14 0.021871163 
427 151 14 18 0.021806642 
1004 338 12 15 0.021057699 
239 157 22 30 0.020917913 
58 129 16 17 0.020908616 
103 191 25 29 0.020826494 
272 326 11 13 0.02063711 
958 276 9 11 0.020592561 
991 278 7 9 0.020549508 
954 269 8 12 0.020328013 
180 351 13 17 0.020319391 
570 212 14 17 0.020015161 
