0_Parade_marchingband_1_629
258
109 373 12 16 0.9782536 
326 358 9 11 0.94728196 
610 371 12 16 0.9304037 
53 334 10 13 0.9250714 
956 395 16 21 0.91668975 
235 364 11 16 0.9036915 
463 359 9 12 0.8869856 
508 366 13 17 0.8360195 
577 322 11 13 0.81319404 
562 370 12 15 0.80943054 
636 327 9 11 0.8078908 
429 321 8 11 0.7993737 
34 377 12 16 0.77565306 
394 363 9 12 0.70353276 
294 353 8 10 0.65481883 
496 331 11 12 0.64659953 
426 362 10 14 0.5785679 
862 388 12 16 0.5718419 
793 351 10 14 0.5278945 
287 387 9 11 0.49693105 
2 348 9 13 0.4920709 
361 361 9 11 0.4914236 
141 359 9 12 0.4742909 
405 325 9 11 0.46886277 
270 387 9 13 0.44706744 
747 373 14 18 0.40104803 
795 410 15 19 0.38799986 
537 335 9 12 0.37718242 
413 339 15 19 0.35240224 
861 352 11 16 0.22939852 
714 335 8 10 0.20225568 
567 345 15 17 0.17148472 
636 356 14 17 0.16435227 
722 351 9 12 0.15723139 
509 392 10 13 0.15697563 
648 373 12 16 0.15659095 
718 386 16 20 0.14726426 
562 327 8 10 0.14006011 
567 397 10 12 0.13314725 
331 359 8 11 0.13116863 
505 395 10 12 0.12644304 
253 408 8 10 0.12402247 
477 341 12 14 0.12037352 
535 325 8 11 0.119435884 
801 403 17 21 0.1148276 
138 363 9 11 0.110344775 
741 335 7 9 0.11022969 
789 405 15 21 0.10905967 
791 373 10 16 0.10786695 
587 364 10 14 0.105291 
630 447 10 12 0.10397362 
486 353 14 16 0.10366895 
421 333 12 15 0.10147703 
293 389 8 12 0.09920004 
582 339 11 14 0.096645206 
281 382 9 12 0.09284501 
304 398 9 9 0.089545526 
530 324 9 12 0.083807245 
469 404 8 11 0.08284895 
814 350 23 33 0.08270252 
406 330 13 19 0.081731975 
728 345 8 10 0.07965164 
271 392 10 13 0.07756415 
440 400 8 9 0.07599545 
824 343 9 13 0.07414894 
929 417 24 27 0.07206378 
775 340 8 10 0.07200575 
481 335 9 12 0.0713568 
710 396 13 17 0.06921155 
345 435 10 12 0.0685005 
867 382 14 20 0.06799952 
207 341 8 10 0.06691786 
127 367 7 9 0.06591627 
571 351 16 19 0.065566435 
128 374 7 9 0.06494508 
280 387 10 13 0.06455029 
78 396 9 10 0.06287743 
795 342 40 50 0.06145921 
336 399 8 9 0.05945973 
309 408 10 12 0.059389114 
319 397 8 10 0.058756955 
343 397 8 9 0.0580116 
839 745 16 18 0.055263083 
152 368 7 9 0.054766435 
565 332 10 13 0.054430176 
753 378 11 14 0.05436022 
329 380 9 12 0.05421434 
546 415 8 10 0.053229943 
312 367 8 10 0.0532297 
226 384 8 10 0.05292756 
69 383 7 9 0.052712213 
466 383 8 10 0.049603183 
311 398 8 10 0.04956082 
736 341 9 10 0.04951718 
734 350 8 12 0.049377725 
333 363 8 11 0.04916341 
968 394 16 19 0.04881531 
481 408 8 10 0.048738252 
493 339 13 16 0.048651166 
480 356 11 14 0.048468705 
642 363 14 18 0.048249856 
483 413 8 10 0.047994822 
594 414 9 11 0.04756484 
292 382 8 14 0.04587405 
433 383 8 11 0.044139203 
488 460 13 14 0.04321754 
578 344 14 18 0.0429232 
587 340 10 13 0.042595293 
429 340 9 13 0.042579114 
779 403 22 28 0.041526422 
429 407 8 10 0.041513376 
428 332 10 13 0.041230667 
295 396 9 11 0.040473074 
438 357 9 13 0.04041449 
290 355 10 12 0.04014118 
713 339 10 12 0.038580805 
102 389 8 11 0.03825924 
856 379 13 18 0.0382527 
162 399 7 9 0.038044274 
696 311 9 12 0.03785526 
398 371 8 10 0.0376422 
360 372 9 12 0.03743924 
418 345 12 17 0.03732524 
821 347 15 20 0.037271276 
812 340 43 52 0.036974788 
461 354 17 23 0.036741443 
431 348 10 14 0.03619643 
575 331 12 15 0.036182743 
706 383 24 27 0.03602883 
842 393 15 17 0.03595026 
485 408 9 11 0.035843603 
238 422 9 12 0.035795726 
266 384 9 12 0.035657115 
597 407 8 11 0.035036672 
366 400 8 9 0.034394667 
826 354 13 19 0.034291495 
323 353 17 21 0.034270786 
302 393 9 11 0.034188986 
792 354 22 32 0.034069397 
239 417 9 10 0.033805992 
501 348 10 14 0.03343548 
326 428 8 11 0.033284284 
286 406 9 11 0.03288504 
73 397 8 12 0.03269644 
86 410 10 12 0.032658428 
515 390 11 13 0.032410808 
549 350 10 14 0.03236829 
716 399 14 17 0.03182434 
246 390 7 11 0.03172455 
485 342 11 13 0.03148803 
294 372 9 12 0.030944474 
695 391 24 27 0.030858679 
423 383 7 10 0.030560134 
121 399 7 9 0.030260107 
320 375 8 10 0.030038506 
424 406 9 11 0.030022657 
73 390 8 11 0.029838618 
570 355 20 26 0.029830303 
295 366 9 11 0.029806845 
409 451 11 13 0.029727712 
313 360 8 11 0.029500166 
512 342 9 13 0.02947353 
566 415 9 11 0.029406918 
853 345 19 28 0.029395841 
873 523 34 34 0.029339546 
542 348 13 17 0.029134665 
791 346 18 24 0.029107273 
159 368 8 10 0.02899773 
153 372 7 10 0.028844856 
392 383 10 12 0.028750548 
846 409 12 16 0.028582152 
486 334 9 12 0.028581344 
191 415 9 10 0.028444683 
789 366 20 28 0.028244613 
312 372 8 11 0.027823972 
478 349 21 26 0.027658021 
467 362 10 13 0.027590562 
414 326 10 14 0.027480623 
474 343 10 14 0.027470961 
693 387 15 17 0.027252879 
562 396 11 14 0.027228769 
121 360 9 11 0.02711345 
741 340 9 11 0.026920551 
637 367 15 18 0.02690811 
151 406 8 10 0.026553355 
319 363 9 12 0.0263732 
581 358 19 25 0.026300322 
501 316 12 15 0.026289517 
286 375 10 13 0.026268288 
228 388 9 11 0.02581178 
671 400 9 11 0.02545928 
359 381 7 10 0.025307698 
167 368 7 9 0.024903927 
561 391 10 11 0.024687117 
183 282 13 17 0.024679989 
852 411 13 15 0.024627997 
566 402 9 12 0.02456318 
735 356 9 11 0.024526533 
365 373 9 10 0.024286987 
873 386 12 17 0.024063945 
407 406 8 9 0.024001257 
744 368 12 15 0.02384338 
45 423 8 10 0.023744186 
795 397 18 23 0.023714399 
806 340 9 13 0.023511702 
736 372 12 15 0.023477761 
833 337 41 53 0.023294443 
50 330 17 21 0.02327904 
573 390 10 13 0.02324905 
494 326 17 22 0.02313402 
541 321 8 10 0.023089737 
800 414 17 19 0.02308547 
391 405 9 10 0.02295807 
769 405 23 30 0.022932496 
0 316 8 12 0.022903165 
143 354 8 10 0.022790177 
160 383 8 11 0.0227856 
320 381 8 11 0.022679958 
107 370 8 11 0.022663651 
651 366 14 18 0.022596061 
479 391 8 10 0.022404075 
282 382 19 24 0.022365816 
437 351 9 12 0.022318225 
738 329 7 10 0.022294393 
49 338 12 13 0.022143368 
333 376 8 10 0.022105673 
369 436 22 28 0.022002552 
630 359 17 19 0.02199718 
534 366 13 16 0.021981465 
637 371 22 27 0.021964481 
698 378 17 18 0.021834502 
517 342 9 13 0.021586068 
830 343 25 34 0.021579186 
319 405 9 12 0.02147293 
836 352 15 19 0.0213128 
564 376 12 14 0.021274472 
561 415 10 11 0.021194622 
761 303 7 9 0.021177767 
152 401 7 9 0.021159919 
792 345 10 13 0.021129059 
770 342 8 10 0.021075012 
837 396 22 29 0.020999085 
550 341 10 14 0.020967793 
115 378 10 13 0.020934666 
636 388 14 17 0.020933306 
696 335 8 10 0.02081391 
494 315 12 15 0.020764576 
853 373 14 18 0.020564916 
553 430 10 13 0.020535018 
742 327 8 11 0.020481667 
444 363 11 14 0.020443683 
545 420 8 10 0.020435246 
562 404 9 11 0.020420348 
367 405 9 10 0.020409223 
713 348 10 13 0.020349 
167 373 8 11 0.020239562 
144 372 9 10 0.020119254 
135 372 8 10 0.020048331 
