0_Parade_Parade_0_478
193
837 474 16 22 0.94688886 
909 478 12 14 0.7996512 
215 375 13 18 0.7778338 
117 348 10 13 0.65653193 
308 415 16 27 0.6543858 
654 450 10 12 0.29552314 
206 357 12 14 0.2012296 
201 423 18 25 0.1745309 
634 453 10 13 0.17108323 
46 374 8 11 0.1670798 
152 379 14 19 0.16413498 
691 461 11 16 0.13852741 
205 392 13 18 0.13746399 
353 377 24 31 0.12240872 
775 481 14 18 0.120011225 
93 376 10 13 0.11542049 
47 389 10 13 0.10746995 
850 480 14 19 0.102327086 
572 427 11 13 0.10069212 
612 447 9 11 0.09977489 
635 469 11 15 0.09523402 
622 463 9 12 0.09492308 
81 396 9 12 0.09053976 
734 471 10 14 0.0893655 
751 482 13 23 0.088798955 
191 381 11 15 0.08601075 
25 373 9 12 0.08030223 
78 391 9 11 0.079732634 
726 456 7 9 0.07955598 
801 459 8 12 0.078826904 
671 486 8 11 0.07509589 
703 454 10 13 0.073826514 
775 459 9 13 0.073128656 
569 429 10 12 0.07091052 
220 392 15 19 0.07034269 
631 459 11 15 0.06969544 
157 376 11 15 0.064653635 
607 487 10 11 0.06392376 
226 379 12 15 0.06209013 
538 419 12 16 0.061720114 
575 479 9 11 0.060574144 
617 468 9 12 0.060183078 
912 482 14 15 0.059452314 
524 432 10 12 0.05647146 
597 470 9 12 0.055294383 
191 236 13 18 0.054933954 
258 388 15 18 0.054653507 
679 453 8 11 0.053830273 
761 464 9 10 0.053686958 
686 494 11 13 0.053269126 
768 455 8 10 0.05229867 
821 461 8 11 0.052030586 
197 381 9 14 0.05135638 
752 497 11 16 0.050899535 
674 452 8 10 0.050597034 
89 379 11 13 0.050542057 
731 502 13 16 0.050435442 
536 427 11 13 0.048534524 
214 365 13 19 0.048251014 
8 375 11 13 0.04697239 
165 378 12 17 0.0448834 
686 474 12 16 0.044555455 
765 483 14 18 0.044372518 
680 502 9 13 0.0441069 
722 461 9 12 0.043985456 
200 388 11 16 0.04369385 
53 389 10 14 0.043644983 
262 381 24 31 0.043587193 
219 367 14 19 0.04344224 
673 447 9 10 0.04308565 
358 419 16 19 0.041890122 
445 405 10 13 0.041791588 
677 447 8 10 0.0413699 
551 498 11 13 0.041265402 
47 381 10 13 0.039129663 
273 381 27 36 0.038995005 
766 460 10 12 0.038813382 
108 372 12 14 0.037735675 
650 446 11 13 0.03760376 
302 412 17 23 0.03721329 
178 372 15 18 0.035774995 
678 485 10 13 0.035760045 
566 436 10 12 0.03570134 
708 454 10 12 0.035602078 
608 451 9 12 0.03557308 
183 378 13 15 0.03441635 
508 484 12 16 0.034408685 
837 431 10 13 0.034359735 
114 344 17 21 0.034152094 
570 423 11 13 0.03381784 
123 88 389 493 0.033512507 
709 461 9 11 0.033475015 
764 465 13 15 0.033000533 
488 421 10 12 0.032970387 
694 454 11 14 0.032842666 
356 408 17 21 0.032781065 
623 479 8 10 0.032380998 
28 414 17 19 0.032238666 
200 350 11 14 0.031806648 
781 438 8 10 0.03170055 
71 368 11 13 0.03151758 
23 368 9 11 0.031371646 
775 467 11 15 0.0312685 
626 454 9 13 0.03124114 
553 438 9 11 0.030707603 
680 493 10 13 0.030701589 
313 410 22 30 0.03069929 
208 379 12 17 0.030287987 
104 396 12 15 0.030160591 
674 502 8 11 0.030108301 
261 368 13 17 0.029852502 
267 393 14 19 0.02977386 
40 390 12 14 0.02964748 
188 393 13 17 0.029477948 
276 401 23 30 0.029411655 
735 463 9 12 0.029383449 
680 459 11 15 0.029220194 
551 429 10 12 0.028992398 
780 468 11 14 0.028675592 
794 454 8 11 0.028667234 
219 384 16 19 0.028449066 
729 474 11 15 0.028260488 
825 493 10 14 0.027892383 
788 492 10 15 0.027667616 
237 281 591 387 0.027605077 
808 471 8 11 0.027500954 
851 517 11 12 0.027121928 
576 483 9 12 0.026952978 
1 363 9 12 0.026913702 
680 467 11 15 0.026788913 
803 514 11 15 0.026584236 
686 482 11 14 0.026452105 
137 348 11 14 0.026399694 
734 484 12 15 0.026337666 
472 423 10 12 0.026243392 
138 340 13 15 0.026178908 
84 389 12 14 0.02615981 
226 386 14 18 0.026147233 
173 377 12 16 0.026111724 
749 489 21 27 0.026024366 
5 359 9 12 0.025663124 
672 492 9 12 0.025596406 
742 484 13 18 0.025402647 
59 390 11 12 0.025382616 
829 497 12 15 0.025327055 
39 463 9 12 0.025290174 
761 489 16 19 0.025259027 
111 354 13 16 0.025145998 
760 498 17 18 0.025120905 
559 438 9 12 0.02504863 
74 389 10 12 0.024963154 
833 471 11 16 0.024942076 
101 379 14 16 0.024046918 
600 445 8 10 0.024022343 
256 391 23 27 0.023959849 
276 387 15 21 0.02389193 
597 463 9 12 0.023864647 
94 369 10 11 0.023580194 
686 455 12 14 0.02338308 
337 418 15 19 0.023204576 
212 385 15 20 0.022973742 
104 355 10 13 0.022786854 
782 455 9 11 0.02241567 
659 446 10 12 0.02230948 
144 387 13 16 0.022250913 
814 470 9 11 0.02214185 
608 469 9 12 0.021946063 
329 390 11 13 0.021850206 
786 482 12 17 0.021819733 
535 435 11 12 0.021766117 
727 446 8 11 0.021724248 
779 460 11 13 0.021698805 
734 492 12 16 0.021500451 
53 383 10 12 0.021438982 
103 374 11 13 0.021321813 
258 366 23 30 0.021191051 
135 354 12 16 0.021159684 
636 448 10 13 0.021152163 
672 439 9 12 0.021098427 
350 393 26 31 0.02098929 
796 508 16 19 0.020912036 
28 366 10 12 0.020829618 
557 444 10 11 0.020811116 
526 413 9 12 0.020786973 
7 387 12 15 0.020767523 
757 282 29 35 0.020722589 
42 384 19 24 0.020654593 
628 448 19 23 0.020601835 
807 475 10 13 0.020459624 
317 319 11 15 0.02043122 
735 456 7 10 0.020324055 
792 448 9 11 0.020323493 
598 440 8 10 0.020319097 
