0_Parade_marchingband_1_410
2080
694 481 32 45 0.996163 
562 465 27 41 0.99410397 
463 486 24 36 0.99293476 
876 449 34 47 0.9920095 
385 477 25 36 0.9901688 
659 220 13 16 0.9899115 
59 459 15 19 0.9866327 
652 397 14 17 0.982865 
176 259 11 15 0.98009 
219 480 22 30 0.9658875 
16 502 18 24 0.9609064 
236 338 13 17 0.9600608 
412 432 15 21 0.95500606 
828 299 12 16 0.9498909 
782 226 13 15 0.9398099 
86 504 20 26 0.93469965 
267 480 13 18 0.9317332 
837 317 11 14 0.9306523 
398 5 11 15 0.9247336 
276 436 12 16 0.92020345 
267 330 12 15 0.91699874 
469 26 14 15 0.9167433 
86 212 14 17 0.9143406 
916 46 11 14 0.9139606 
468 130 13 15 0.9096728 
249 36 12 15 0.90289325 
939 26 12 15 0.90274733 
568 379 13 16 0.90203035 
156 219 11 15 0.9009026 
40 346 11 14 0.9005786 
940 214 11 14 0.89662766 
405 347 13 16 0.89217293 
965 298 13 17 0.8913196 
892 70 10 13 0.89055425 
862 211 10 13 0.8861329 
382 78 12 14 0.88480014 
358 316 11 14 0.88093674 
727 352 14 18 0.8768421 
846 280 12 16 0.8731501 
94 179 12 15 0.8686827 
566 333 14 16 0.8645618 
312 481 20 29 0.8600242 
116 213 12 15 0.85925347 
926 246 12 15 0.85801953 
686 324 11 14 0.8565129 
350 414 12 15 0.85410184 
199 215 12 16 0.85266036 
237 294 12 15 0.8500619 
214 308 13 16 0.84663564 
924 281 14 17 0.843608 
39 111 10 13 0.84329545 
48 131 12 14 0.84131557 
309 335 12 16 0.8393574 
263 76 11 15 0.83822674 
885 317 11 14 0.8355367 
109 311 12 16 0.8349894 
323 317 12 17 0.8289506 
203 375 12 14 0.82072854 
575 133 11 14 0.81871164 
64 67 11 15 0.81666577 
822 107 10 13 0.81476986 
391 414 11 14 0.81215644 
567 169 13 15 0.8032936 
129 36 10 14 0.798476 
98 52 10 13 0.79558116 
317 10 16 18 0.7943224 
677 263 12 15 0.7866309 
126 461 13 17 0.78121406 
497 315 13 17 0.7794654 
38 230 11 14 0.77735573 
254 313 13 16 0.771487 
982 212 11 14 0.7670822 
167 314 12 14 0.7651156 
263 252 12 16 0.76363665 
170 463 14 17 0.7613857 
240 217 12 16 0.7596067 
651 319 12 15 0.7569171 
665 333 12 16 0.7563586 
547 149 12 15 0.75354975 
208 38 13 16 0.7515344 
609 395 13 16 0.751418 
831 174 13 16 0.7513596 
141 487 12 15 0.7501698 
145 73 10 14 0.74979734 
510 77 9 12 0.74958044 
628 224 12 16 0.7458379 
826 339 11 16 0.7434086 
244 446 13 16 0.74253404 
144 269 10 13 0.7394812 
472 79 10 12 0.7394638 
743 263 13 16 0.73710275 
538 67 10 13 0.7355443 
356 22 13 16 0.7332243 
164 383 12 14 0.73228645 
998 278 12 15 0.72251904 
902 338 11 15 0.71822166 
630 289 11 13 0.71652764 
140 370 12 15 0.70929074 
47 487 15 19 0.70055664 
75 244 15 18 0.69994926 
453 42 12 13 0.69850963 
139 146 13 16 0.6984607 
575 113 13 15 0.6941439 
330 450 14 18 0.68912566 
419 43 12 15 0.6870139 
136 388 10 13 0.6797802 
14 136 14 17 0.679483 
121 334 13 16 0.67569625 
170 228 11 16 0.6743585 
810 275 12 15 0.6715048 
944 135 9 12 0.6550822 
880 47 11 13 0.6506766 
504 6 10 12 0.64696205 
141 49 12 15 0.6464579 
657 67 8 11 0.6461357 
446 367 9 11 0.6310919 
276 409 11 15 0.63099635 
209 236 11 15 0.6304564 
734 125 11 13 0.6285503 
183 178 11 14 0.6272943 
705 192 12 15 0.62508714 
95 141 12 16 0.6237079 
969 333 12 16 0.616986 
222 76 10 13 0.61383957 
72 310 11 16 0.60151076 
254 382 13 15 0.60113096 
608 170 13 16 0.5904804 
615 374 13 16 0.58937186 
387 96 14 17 0.58490497 
750 281 13 16 0.5809666 
894 210 10 14 0.5735724 
547 39 11 14 0.5712335 
20 87 11 14 0.57121706 
669 471 13 20 0.5660016 
48 31 11 15 0.5649715 
868 31 10 12 0.56421006 
794 476 21 30 0.56302756 
115 381 11 15 0.5617664 
915 320 11 14 0.5580211 
597 61 10 13 0.5573344 
358 107 9 13 0.555654 
807 136 10 11 0.5548998 
1010 181 9 12 0.5540047 
487 71 13 14 0.5493025 
72 84 13 16 0.54760695 
25 322 14 18 0.5470675 
261 145 11 14 0.5466714 
636 334 12 15 0.5456207 
492 113 12 15 0.5416222 
126 230 13 16 0.5411095 
177 151 11 15 0.539497 
937 7 9 12 0.5363986 
664 122 9 12 0.52977383 
182 75 11 13 0.52825934 
586 158 12 14 0.5230568 
0 165 8 12 0.51693684 
224 134 11 14 0.5134243 
864 443 17 22 0.51247674 
236 15 12 14 0.5096175 
517 169 13 17 0.5053843 
679 156 12 16 0.5026553 
614 8 10 11 0.49577412 
139 177 12 16 0.494623 
88 335 11 14 0.4938799 
847 202 9 13 0.4936869 
0 108 10 15 0.4898192 
615 116 11 14 0.48103634 
838 133 9 11 0.48072922 
771 123 11 13 0.47884208 
790 299 12 16 0.47728384 
423 93 12 16 0.4725201 
24 220 11 14 0.46786436 
359 85 10 13 0.46579126 
180 51 11 15 0.4628861 
27 315 14 17 0.4619241 
982 139 10 12 0.4592495 
610 339 9 12 0.4578393 
641 97 11 15 0.4570392 
557 58 10 13 0.45316708 
558 398 10 13 0.44872746 
228 138 10 13 0.44749498 
775 333 12 15 0.4343727 
932 119 11 15 0.43267548 
438 261 12 15 0.42811587 
639 64 9 11 0.42651185 
447 318 11 16 0.42587745 
47 174 12 14 0.4232376 
285 150 9 13 0.4212729 
57 405 9 11 0.4191631 
0 19 8 12 0.4159288 
374 241 18 20 0.4123337 
313 415 11 14 0.40797192 
977 435 14 19 0.40535483 
695 124 11 14 0.40316904 
631 155 12 16 0.40276304 
542 25 10 13 0.4018815 
220 255 10 13 0.4012407 
822 203 10 13 0.39577234 
873 2 9 9 0.38961402 
507 24 10 13 0.386077 
721 163 11 13 0.384128 
229 402 10 14 0.38357157 
219 467 14 19 0.37991568 
339 429 12 16 0.37834576 
191 13 12 14 0.37350035 
1008 341 13 16 0.37340087 
355 356 12 16 0.36678845 
129 14 8 10 0.3661986 
785 189 10 11 0.36563417 
580 27 10 13 0.36260474 
993 443 14 18 0.3622929 
341 468 13 16 0.36012238 
601 296 9 12 0.35975263 
214 416 14 17 0.351106 
287 114 10 12 0.3505606 
716 66 10 13 0.35025236 
806 269 13 17 0.34155357 
453 7 10 12 0.34144807 
349 354 13 16 0.34052172 
741 197 11 12 0.33664352 
645 12 12 13 0.33565637 
905 43 10 13 0.33421874 
661 7 10 13 0.331075 
276 316 13 17 0.3303279 
837 -1 9 9 0.32973608 
245 174 8 12 0.32717717 
64 229 10 13 0.32650113 
738 155 12 15 0.32497406 
149 289 11 14 0.31889546 
299 218 13 15 0.31823048 
88 35 10 13 0.31474143 
749 391 19 28 0.31458703 
241 241 11 14 0.30753633 
453 450 10 14 0.30724993 
166 30 12 14 0.30692363 
805 204 8 11 0.30652732 
778 95 9 11 0.3060744 
157 179 9 13 0.30178207 
1005 155 10 12 0.3009955 
942 192 8 10 0.30042613 
310 187 10 11 0.30037844 
800 317 11 14 0.2998437 
599 323 11 14 0.29904538 
348 117 11 13 0.29721877 
659 175 11 13 0.29417902 
230 423 12 16 0.2913565 
718 325 13 17 0.2911543 
762 360 14 18 0.28975737 
983 414 14 19 0.28280848 
25 70 10 13 0.28240612 
378 132 12 14 0.27790403 
155 522 16 21 0.27268872 
0 307 10 15 0.2689743 
221 128 9 11 0.26836202 
5 470 11 15 0.26823843 
571 435 11 14 0.2673662 
521 319 10 12 0.26407513 
221 326 12 16 0.26237342 
130 227 15 18 0.2618095 
950 302 8 11 0.25701514 
686 68 9 11 0.25555167 
6 126 12 16 0.25480014 
206 417 12 16 0.25458452 
44 431 9 13 0.25145242 
679 281 11 14 0.24686432 
651 278 10 13 0.24573472 
841 30 9 10 0.24399216 
869 132 12 13 0.24150951 
1012 176 11 15 0.23819502 
61 56 9 12 0.23567753 
683 278 12 15 0.23430051 
676 245 11 12 0.23394674 
970 120 7 10 0.23024632 
119 285 12 15 0.2286546 
575 260 9 11 0.22388832 
647 285 12 14 0.2218754 
14 317 11 14 0.22167817 
432 418 14 18 0.22017859 
226 45 10 13 0.21959431 
26 390 9 11 0.21922617 
179 348 9 13 0.2189574 
928 304 10 13 0.21660051 
886 196 9 12 0.21646675 
244 124 10 13 0.21466891 
930 73 10 13 0.21394113 
526 388 9 12 0.2123317 
789 186 10 13 0.21084031 
112 4 8 10 0.21080083 
436 130 10 14 0.20831601 
326 28 10 12 0.20751415 
604 78 10 12 0.20462298 
656 444 14 17 0.20355171 
431 261 13 16 0.20252416 
558 362 10 14 0.20186593 
44 202 12 16 0.2006965 
932 352 9 12 0.19947179 
380 466 12 16 0.19895726 
171 28 13 15 0.19820522 
288 71 9 12 0.1964785 
808 166 9 11 0.19482806 
617 66 10 13 0.19294527 
958 158 8 10 0.1923709 
966 173 8 11 0.19174606 
676 118 9 13 0.19129899 
498 460 13 17 0.19123468 
271 270 11 13 0.19113362 
284 293 10 13 0.18926248 
660 50 11 13 0.18542251 
51 126 11 13 0.18454619 
719 38 10 12 0.18434018 
180 405 11 14 0.18396248 
837 246 11 14 0.18384919 
174 21 13 15 0.18269959 
174 365 12 14 0.18207067 
852 264 10 12 0.18131901 
809 88 9 12 0.1809413 
45 70 12 15 0.17809248 
32 227 11 15 0.17770292 
332 74 12 14 0.17696658 
660 107 10 13 0.1769027 
565 28 9 12 0.1752331 
280 375 9 13 0.17502706 
671 118 10 13 0.17370696 
353 0 11 12 0.1696445 
481 382 10 14 0.16824314 
709 146 10 13 0.16779803 
725 276 13 16 0.16586213 
48 137 12 16 0.16342048 
196 18 10 12 0.16150074 
699 410 13 18 0.1614946 
31 1 8 9 0.16127345 
309 443 10 12 0.16099669 
635 150 12 15 0.16046587 
352 108 11 14 0.15996382 
757 95 8 11 0.15975763 
558 390 11 15 0.1595737 
42 12 9 12 0.15926778 
790 380 10 13 0.15854247 
785 7 9 11 0.15846425 
647 414 15 20 0.15553764 
281 3 11 13 0.15498747 
193 302 9 11 0.15278593 
391 344 10 13 0.15248421 
973 120 8 10 0.15211135 
473 284 9 12 0.15186732 
977 136 9 12 0.15164839 
694 131 11 13 0.15065031 
183 141 10 13 0.14989057 
918 220 8 11 0.14762613 
903 283 10 13 0.14665036 
103 99 11 14 0.14400297 
859 450 37 50 0.14349942 
308 167 9 12 0.14315076 
516 44 11 15 0.14230846 
628 442 15 21 0.14104493 
302 52 11 13 0.14038628 
604 317 11 14 0.13878559 
159 14 9 11 0.13828449 
656 47 10 13 0.13798013 
909 0 8 9 0.13698056 
327 52 12 15 0.1365336 
805 397 10 14 0.1363976 
552 55 10 13 0.13607733 
121 464 12 15 0.13600716 
937 192 10 12 0.13464937 
658 462 22 31 0.13453658 
727 15 11 13 0.13414769 
688 12 10 12 0.13405126 
384 148 12 15 0.13398659 
281 356 9 12 0.13292678 
127 178 9 12 0.1327938 
189 455 9 13 0.13229614 
492 283 13 15 0.1314758 
673 150 9 13 0.1308894 
1016 140 8 13 0.13066226 
262 300 11 13 0.13045186 
500 136 13 17 0.12971516 
16 60 11 14 0.12936038 
672 198 11 13 0.12935457 
655 12 10 12 0.12935224 
670 301 9 12 0.12752375 
753 96 8 11 0.12658755 
390 42 11 13 0.12647101 
396 325 11 13 0.12643273 
641 7 10 12 0.12630825 
582 37 10 12 0.1262633 
676 151 12 16 0.12615992 
865 34 9 12 0.12602568 
429 10 11 14 0.12588027 
449 40 10 12 0.12558962 
71 167 12 14 0.1253101 
516 69 11 13 0.124993116 
840 379 11 16 0.12462293 
695 7 10 13 0.12386849 
942 61 11 12 0.123655684 
119 60 9 12 0.12354227 
807 6 10 11 0.12352497 
336 289 11 15 0.12348025 
335 433 14 18 0.123444185 
883 278 11 15 0.12327317 
993 180 9 12 0.122799076 
284 285 10 13 0.12193981 
241 77 10 12 0.121503614 
277 269 9 12 0.12077646 
165 421 9 11 0.120395996 
95 507 17 21 0.120380156 
177 497 15 21 0.11892908 
865 134 9 11 0.11872745 
246 179 10 12 0.11871885 
990 205 9 14 0.118438385 
417 323 10 12 0.11835333 
166 71 9 12 0.11814928 
789 6 8 10 0.11744955 
78 363 10 12 0.11726492 
887 132 11 13 0.11725219 
893 135 11 13 0.11654311 
840 205 10 13 0.11641155 
960 166 9 12 0.11622166 
532 411 11 16 0.11601411 
599 66 11 14 0.11574795 
872 139 10 12 0.11538146 
664 295 9 11 0.11524316 
945 247 10 12 0.11478459 
90 138 11 15 0.114714645 
711 116 10 13 0.11444391 
981 41 14 17 0.11410593 
220 413 13 17 0.11404701 
724 245 11 15 0.11394231 
601 364 10 13 0.11335247 
189 141 9 13 0.11238187 
453 188 11 15 0.11195656 
160 416 10 12 0.11153822 
200 110 9 13 0.11140821 
13 467 11 15 0.11122702 
288 93 9 12 0.111056745 
784 109 10 12 0.11070444 
706 375 15 22 0.11068196 
161 28 11 14 0.11035257 
651 566 18 22 0.10990124 
589 0 8 9 0.1098895 
253 94 11 12 0.10977027 
763 198 10 13 0.1096175 
101 269 12 15 0.1095673 
259 309 11 16 0.10939046 
175 16 11 12 0.10935241 
853 22 9 11 0.10892857 
804 262 12 15 0.10885079 
262 213 12 14 0.108840846 
621 64 9 11 0.1088033 
420 459 14 19 0.10812348 
804 411 14 19 0.10799055 
591 171 11 15 0.10744104 
1009 94 10 13 0.10735414 
176 343 10 13 0.10686674 
335 47 10 14 0.1065023 
925 475 20 28 0.106480815 
595 332 12 15 0.106197074 
688 38 9 12 0.10569236 
101 419 10 13 0.105427936 
201 419 10 13 0.104088485 
834 413 17 21 0.103910595 
599 23 9 12 0.10390304 
100 47 11 13 0.103805654 
432 247 10 13 0.103573784 
437 387 11 13 0.10346848 
840 84 11 12 0.103387974 
343 419 12 15 0.102582015 
386 104 15 17 0.10201493 
583 349 10 13 0.10198829 
877 135 10 12 0.10133045 
59 276 11 13 0.1010686 
179 256 11 14 0.100792095 
108 101 11 13 0.100760974 
142 27 9 13 0.100406386 
884 262 10 13 0.0999271 
16 23 8 11 0.0997932 
70 237 13 16 0.09949313 
898 213 11 13 0.09919188 
40 196 13 17 0.09878048 
159 21 11 14 0.09760353 
912 131 11 13 0.09717405 
0 264 7 13 0.09687816 
540 180 13 16 0.096645825 
472 0 10 11 0.0956361 
287 263 10 12 0.09542966 
344 60 11 15 0.09521402 
823 142 9 11 0.09479818 
167 222 12 16 0.09405533 
556 108 10 12 0.09396312 
303 375 8 12 0.09393936 
724 266 14 18 0.09357955 
781 101 10 13 0.09343939 
560 315 11 14 0.09258012 
552 174 10 13 0.092199035 
120 24 8 11 0.0920036 
1 538 10 15 0.091979995 
931 278 13 17 0.09197321 
801 21 9 11 0.09179217 
877 0 9 11 0.091469415 
213 149 11 12 0.09138424 
21 52 9 13 0.09123033 
86 0 8 9 0.090977624 
222 29 9 11 0.090561725 
24 431 8 10 0.09016013 
61 429 9 11 0.09006818 
680 384 13 17 0.090018846 
751 156 10 13 0.08992295 
95 8 8 10 0.08973744 
988 139 10 13 0.08920739 
15 195 10 14 0.08881658 
527 14 10 13 0.08876592 
198 132 11 15 0.08876539 
42 381 10 12 0.0884423 
675 309 11 14 0.088294834 
495 0 9 9 0.087673515 
167 109 10 13 0.0870585 
982 0 10 11 0.08702546 
77 278 9 11 0.08694663 
351 167 10 13 0.08680601 
28 438 9 13 0.08673557 
316 383 9 13 0.08668317 
550 415 8 12 0.086572886 
64 132 10 13 0.08655828 
822 377 14 17 0.08650571 
940 12 10 12 0.08579104 
967 248 10 12 0.08574426 
175 6 9 10 0.0857144 
332 125 10 13 0.08527255 
170 470 15 20 0.08486538 
805 22 9 10 0.084575735 
72 437 10 12 0.08450109 
44 8 10 11 0.0838656 
907 278 11 14 0.08367819 
115 451 11 14 0.08355043 
463 92 11 14 0.08352691 
648 46 9 12 0.08331438 
412 76 10 12 0.08320566 
24 47 9 11 0.083202675 
78 462 10 12 0.08300223 
89 102 10 14 0.08269231 
363 432 13 18 0.08261069 
429 147 13 16 0.08255931 
113 448 10 13 0.082296394 
380 257 14 16 0.08203132 
769 183 9 11 0.081496626 
256 282 12 15 0.08113178 
920 216 9 12 0.08109622 
752 382 12 16 0.08079994 
284 0 10 11 0.080741204 
152 155 9 13 0.08058578 
711 211 12 15 0.08058194 
138 514 12 16 0.080373146 
113 182 9 11 0.0803513 
364 85 11 14 0.080163956 
318 52 13 16 0.079816245 
957 152 8 10 0.07979377 
485 281 14 17 0.07977183 
295 165 9 11 0.07947411 
214 388 13 17 0.07919759 
241 120 10 12 0.07906651 
244 250 11 14 0.078954145 
974 385 12 15 0.07883721 
476 22 11 14 0.07874475 
392 1 9 11 0.07872664 
1 210 11 14 0.07856445 
485 336 10 13 0.0783107 
847 266 12 16 0.07772936 
477 283 11 14 0.0776901 
30 373 9 12 0.07732133 
0 170 9 14 0.077296786 
117 376 10 13 0.07711081 
1015 164 9 12 0.07679597 
205 79 9 12 0.076616876 
868 93 9 12 0.076575935 
158 287 10 13 0.07656986 
388 153 13 16 0.07654417 
686 109 9 11 0.07650081 
549 178 13 17 0.07636122 
801 260 10 14 0.076263286 
485 126 13 19 0.07586883 
22 225 13 17 0.07555883 
104 479 11 13 0.07555469 
634 62 10 11 0.07555024 
758 222 11 15 0.07552311 
1003 281 11 14 0.07533204 
525 0 10 9 0.075151704 
285 172 9 11 0.075138964 
312 386 11 15 0.07510088 
230 40 10 12 0.074918196 
207 85 9 12 0.074822724 
201 78 9 11 0.07466278 
965 83 12 14 0.07443999 
909 40 13 16 0.074429795 
54 219 12 15 0.07430744 
981 382 10 12 0.074132666 
494 52 10 13 0.07405925 
62 224 11 13 0.07390135 
119 182 8 10 0.07379871 
441 72 9 11 0.07355005 
932 333 9 13 0.073221035 
233 297 12 15 0.07292883 
454 342 9 13 0.07276704 
3 403 10 14 0.07273594 
869 175 10 12 0.07204482 
784 163 11 15 0.07178978 
784 470 24 37 0.07134192 
91 275 11 15 0.07130152 
0 283 18 29 0.071269356 
209 143 9 13 0.07122446 
139 379 12 16 0.07117444 
4 365 10 14 0.07100831 
279 264 8 11 0.07088473 
158 271 9 12 0.07073429 
246 83 10 12 0.07059514 
345 351 11 16 0.070556484 
542 0 10 11 0.07023024 
4 206 12 16 0.07018327 
324 294 11 14 0.06991334 
78 15 8 11 0.06987063 
964 285 13 17 0.06959152 
238 72 9 12 0.069465086 
610 177 13 15 0.0694318 
632 54 9 10 0.06931525 
881 375 9 12 0.06925856 
125 78 10 14 0.06909855 
843 78 11 14 0.06897593 
856 72 9 11 0.06878277 
201 396 11 15 0.06871814 
246 133 10 13 0.06850833 
246 109 9 12 0.068321005 
192 307 12 15 0.06827892 
1012 184 11 15 0.068259776 
294 117 9 11 0.0682156 
20 235 11 14 0.0680213 
417 21 11 14 0.068002395 
485 428 13 18 0.06790358 
108 274 11 15 0.06788173 
734 223 11 13 0.06784095 
377 466 23 30 0.06757277 
72 14 9 11 0.06750124 
8 6 10 12 0.06729668 
175 410 10 13 0.06726351 
287 167 9 11 0.06724281 
92 107 11 13 0.06718091 
950 341 10 12 0.06702555 
294 3 11 14 0.06698051 
884 86 11 13 0.066697985 
54 443 11 13 0.06668974 
335 338 11 17 0.0666887 
16 462 10 14 0.066613436 
94 268 12 15 0.06657494 
57 59 12 17 0.06655405 
768 277 11 15 0.066394955 
368 54 12 16 0.06618551 
889 211 10 13 0.06610941 
6 14 9 13 0.065954536 
177 48 10 13 0.065912016 
273 311 10 12 0.065806024 
609 94 10 14 0.065736085 
309 52 12 15 0.065626636 
16 54 10 13 0.06549464 
954 199 8 11 0.06549122 
189 149 9 12 0.065303124 
226 273 13 16 0.0652848 
181 229 10 12 0.06453004 
404 414 12 14 0.06425356 
160 8 9 11 0.0642352 
646 52 10 12 0.06414616 
64 1 10 9 0.06378342 
133 31 10 13 0.063649364 
65 383 8 11 0.063616246 
857 76 9 12 0.063610755 
862 428 10 13 0.06345436 
791 364 11 13 0.06328956 
709 2 11 13 0.06325411 
682 69 8 11 0.06293334 
134 44 11 14 0.06291235 
644 62 10 12 0.0628328 
547 22 10 14 0.062795244 
29 74 9 12 0.06269519 
40 75 10 12 0.062683985 
638 142 11 13 0.062599204 
356 2 11 14 0.06252917 
560 418 12 15 0.062345028 
817 102 10 14 0.06227242 
997 180 9 12 0.062245157 
524 179 11 15 0.062144026 
527 363 12 16 0.06198871 
1000 239 10 12 0.061796747 
806 117 10 12 0.061781805 
620 113 11 12 0.06176429 
651 445 24 30 0.06173096 
355 418 11 15 0.0617255 
56 228 11 14 0.061711118 
892 452 34 42 0.06158992 
168 125 10 12 0.061582267 
636 133 11 13 0.061543398 
791 373 13 17 0.06140744 
149 150 10 14 0.06113704 
669 102 9 12 0.06104723 
281 172 8 11 0.06099429 
510 38 11 14 0.060873188 
635 126 12 14 0.06075117 
43 116 11 15 0.06071149 
917 109 11 15 0.060533416 
936 55 11 13 0.060515534 
1012 353 12 17 0.060486976 
144 15 8 11 0.060369223 
632 47 10 13 0.060368173 
919 29 11 13 0.060290568 
945 300 9 13 0.060004734 
228 411 12 15 0.059991874 
527 217 12 15 0.059973244 
30 180 10 12 0.05974161 
998 176 9 11 0.05969799 
423 144 12 14 0.059622157 
30 397 8 10 0.059615713 
1014 380 10 15 0.05949487 
533 106 13 16 0.059412148 
838 406 11 14 0.059375275 
821 54 8 10 0.059302703 
759 390 19 29 0.059270874 
69 383 8 10 0.05921516 
838 55 9 11 0.05918271 
213 232 9 13 0.059166618 
990 350 10 12 0.059023537 
225 173 10 12 0.058899686 
278 277 10 13 0.058852203 
989 436 15 21 0.058788955 
478 433 14 17 0.058776267 
182 223 8 12 0.058765527 
537 335 8 11 0.058689196 
74 430 8 11 0.058620468 
776 306 11 15 0.058180302 
701 384 17 23 0.05812107 
213 142 10 12 0.057914935 
640 460 26 35 0.057757534 
831 168 10 13 0.057725593 
1000 164 11 12 0.057692643 
17 267 10 12 0.05768533 
475 129 13 16 0.057654064 
544 211 12 17 0.05761598 
814 184 8 12 0.057461426 
174 109 10 12 0.05744701 
637 290 11 13 0.05731922 
798 416 20 25 0.057219256 
802 324 11 14 0.05707121 
783 300 12 16 0.057049204 
255 0 9 11 0.056916784 
658 62 12 14 0.056861445 
430 45 10 14 0.056814566 
324 20 13 15 0.05665353 
77 397 10 12 0.056312982 
804 401 14 19 0.056230564 
952 307 10 13 0.056206442 
298 125 8 12 0.05612637 
569 256 9 12 0.056115404 
830 93 10 12 0.05601934 
900 99 10 14 0.055811528 
475 356 12 15 0.05561967 
7 193 13 17 0.0556097 
986 35 14 18 0.05548623 
281 299 10 13 0.055473752 
630 0 11 10 0.05526701 
785 213 15 17 0.055240385 
909 71 10 13 0.055083323 
527 106 11 15 0.055078212 
676 253 13 17 0.054874353 
558 171 11 15 0.054852396 
772 282 11 16 0.054847173 
269 364 11 14 0.05483974 
217 313 13 16 0.054725423 
462 477 14 20 0.05457307 
789 159 9 12 0.05451535 
211 242 11 15 0.054505315 
562 380 11 17 0.054493852 
67 221 13 15 0.05436062 
712 123 9 13 0.054266036 
536 21 10 13 0.054263324 
57 272 10 12 0.05417737 
590 5 9 10 0.054122537 
184 237 10 13 0.054064963 
681 260 13 17 0.05405515 
855 205 10 14 0.05396487 
420 320 11 13 0.0539555 
575 144 11 16 0.05387806 
115 125 12 14 0.053753715 
800 201 10 12 0.053600676 
574 349 10 14 0.053544953 
2 399 9 13 0.0534292 
783 12 8 11 0.053327885 
47 389 9 12 0.053325888 
132 322 12 15 0.05330488 
214 12 8 11 0.053279042 
893 174 9 11 0.053229485 
509 133 10 14 0.05322216 
137 23 9 11 0.053166494 
56 429 10 13 0.053120278 
808 2 10 10 0.05306387 
14 6 9 10 0.053022556 
386 83 13 16 0.052908156 
663 155 10 12 0.05265284 
836 60 9 13 0.052649755 
421 357 10 13 0.05256032 
8 382 8 12 0.052540634 
254 183 10 13 0.05253957 
207 33 11 13 0.052493315 
173 191 10 11 0.052476063 
72 213 10 13 0.052458316 
645 150 10 14 0.05235722 
223 453 11 14 0.052222513 
988 29 11 15 0.052152902 
681 62 10 13 0.052070353 
78 283 10 12 0.052014757 
181 399 11 14 0.052009888 
926 214 9 12 0.051951766 
225 167 9 11 0.051864084 
807 161 9 11 0.051790737 
302 159 10 12 0.051719364 
982 119 8 11 0.051420353 
767 251 13 16 0.05113623 
70 183 11 14 0.051135946 
187 175 11 14 0.05108994 
829 21 9 11 0.050925862 
521 101 10 15 0.05089687 
637 472 14 17 0.050716978 
890 206 9 13 0.050668024 
272 98 12 15 0.05064791 
607 27 9 11 0.050607838 
748 195 12 14 0.050553292 
417 91 13 17 0.05055011 
1013 158 9 12 0.050546154 
509 1 9 9 0.05035483 
521 1 9 10 0.050336763 
58 235 10 13 0.050229035 
122 220 14 16 0.050214205 
726 235 12 15 0.050205395 
71 37 8 10 0.050164446 
752 6 9 11 0.05010089 
892 388 10 14 0.050028052 
166 375 12 16 0.04985793 
608 38 10 13 0.04983555 
380 140 13 15 0.049818505 
158 254 11 14 0.049799323 
340 258 12 15 0.049729116 
951 116 9 12 0.04971273 
3 300 11 15 0.049606353 
694 109 9 12 0.049569465 
268 236 11 13 0.049521267 
794 183 11 13 0.04948748 
159 111 8 11 0.04947026 
680 267 14 17 0.049429882 
622 447 16 22 0.04923662 
991 200 9 11 0.049161643 
431 368 12 17 0.049144555 
461 188 14 17 0.049103044 
267 258 13 15 0.04893677 
515 76 10 13 0.04883206 
813 172 9 11 0.048730787 
471 309 9 13 0.048632387 
150 116 10 13 0.048629098 
89 16 9 11 0.048463393 
223 270 12 15 0.048399895 
625 155 12 17 0.04813912 
176 180 10 13 0.048092436 
655 311 10 13 0.048070937 
111 108 10 13 0.04799599 
173 2 10 10 0.047964703 
181 81 13 15 0.047952116 
56 410 12 14 0.047853015 
830 197 9 12 0.047832314 
376 460 13 18 0.047818948 
375 82 12 15 0.047738343 
524 4 11 14 0.047731213 
232 334 13 16 0.047565963 
2 473 10 15 0.0475106 
941 279 9 13 0.047472827 
773 21 9 12 0.04746736 
422 -1 8 8 0.047457814 
839 138 10 12 0.04743714 
247 139 11 14 0.04737456 
415 87 11 14 0.047354963 
853 199 9 13 0.04730558 
972 124 9 11 0.047209185 
117 244 11 13 0.047172286 
36 106 18 23 0.047118858 
508 113 12 16 0.047071557 
224 40 9 12 0.047058925 
289 223 9 12 0.047041077 
639 108 10 13 0.046996165 
864 180 10 12 0.046982568 
113 377 9 12 0.04676639 
24 310 13 15 0.046608474 
820 312 13 17 0.046587188 
492 130 14 18 0.04645307 
952 4 11 13 0.046424497 
864 114 10 13 0.04636886 
220 360 13 17 0.046366148 
597 100 12 15 0.046364456 
469 300 10 13 0.046358254 
120 227 13 17 0.0462568 
41 178 10 12 0.046246514 
523 90 13 15 0.046209563 
582 5 10 12 0.04620218 
609 123 10 13 0.046198197 
491 290 13 16 0.046145014 
754 88 7 10 0.04611371 
632 314 13 16 0.046052743 
208 8 10 11 0.045991894 
94 13 9 12 0.045949046 
600 310 10 13 0.045897555 
802 163 9 12 0.045788977 
257 77 11 14 0.045731597 
940 208 11 13 0.04571901 
461 6 10 11 0.04568935 
702 4 11 13 0.045687266 
183 244 10 13 0.04567795 
103 382 8 11 0.045649648 
721 249 11 15 0.0456265 
741 120 9 12 0.04557026 
119 0 8 9 0.04553796 
21 486 15 18 0.0455015 
62 19 9 11 0.045416664 
687 118 10 14 0.045324367 
404 11 10 14 0.045256257 
639 355 10 14 0.04523291 
23 173 10 13 0.045183692 
616 2 8 10 0.04495191 
302 438 12 15 0.04492033 
128 8 8 10 0.04485875 
928 175 8 10 0.0448097 
129 420 12 14 0.044774722 
182 13 9 12 0.04476244 
217 132 11 13 0.044687036 
605 83 10 12 0.044615082 
930 469 16 23 0.044582564 
76 165 12 15 0.04454337 
604 478 15 22 0.04449244 
951 236 10 12 0.04448274 
256 189 11 13 0.044438537 
393 9 11 15 0.04440327 
813 92 9 11 0.044368293 
7 84 10 14 0.044343047 
533 166 12 14 0.044325437 
802 331 13 17 0.044316724 
997 259 11 13 0.04422775 
596 173 11 13 0.04407042 
889 167 8 11 0.044053055 
396 69 11 15 0.044008218 
295 110 9 13 0.043963242 
49 93 9 12 0.04393127 
129 386 11 13 0.043928303 
241 109 9 12 0.04392529 
695 103 8 11 0.043910623 
646 301 10 12 0.043867223 
168 196 11 14 0.043836772 
848 168 8 11 0.04379928 
62 163 11 14 0.04378271 
590 108 12 13 0.043702256 
390 71 13 16 0.043632284 
439 369 13 16 0.043511506 
886 229 9 11 0.043510266 
789 387 11 13 0.043484624 
423 7 9 12 0.04343002 
565 354 11 15 0.043369938 
333 371 12 15 0.04332384 
73 359 10 13 0.043266527 
480 334 9 12 0.043186337 
469 292 11 14 0.04314246 
912 254 9 11 0.04310681 
516 435 11 15 0.043093033 
856 135 9 12 0.042890634 
815 376 14 19 0.042723566 
316 44 13 17 0.042634714 
459 38 11 13 0.042469554 
974 36 13 17 0.042461365 
56 340 10 14 0.04245473 
342 66 10 15 0.042453215 
761 165 10 14 0.042437173 
85 485 10 14 0.042434823 
255 195 10 13 0.042421374 
56 437 11 13 0.0423504 
606 312 9 12 0.04230405 
799 159 10 11 0.0422953 
560 261 8 11 0.042271663 
303 181 12 15 0.04213907 
773 395 14 20 0.042136546 
732 282 11 14 0.042061172 
567 37 9 11 0.042007085 
693 259 15 18 0.04199704 
217 70 12 14 0.041994672 
396 329 12 16 0.041986134 
406 37 9 12 0.041951142 
878 30 9 12 0.04189571 
612 286 11 14 0.041849494 
101 398 9 11 0.0417848 
799 412 13 17 0.04175281 
340 46 10 14 0.041703906 
567 348 11 15 0.04165608 
582 68 11 13 0.041650597 
79 20 8 12 0.041599095 
488 221 9 12 0.041584183 
4 222 11 14 0.04154688 
265 435 11 15 0.04152394 
967 180 8 10 0.04152015 
678 112 9 11 0.041455984 
949 251 10 12 0.04143948 
7 430 7 10 0.0414352 
92 37 10 13 0.04142766 
59 348 11 14 0.04139431 
469 442 15 19 0.041362304 
477 375 12 15 0.041311514 
300 224 14 15 0.04129287 
825 19 9 11 0.04125154 
807 14 9 11 0.041188333 
930 386 11 16 0.041074928 
578 140 12 15 0.04107297 
347 57 15 19 0.041025978 
69 6 10 11 0.040957466 
491 421 12 16 0.040908273 
872 44 12 14 0.040748715 
655 1 10 10 0.04073733 
30 407 8 11 0.04065947 
125 19 11 13 0.04064667 
785 380 10 13 0.040636808 
996 255 10 12 0.040635243 
85 463 8 11 0.040612504 
897 28 10 13 0.040587537 
333 11 9 13 0.04054608 
800 16 9 11 0.040496085 
284 351 10 13 0.04036073 
991 246 11 11 0.040359005 
524 188 11 14 0.04023266 
200 84 10 12 0.04018141 
790 116 8 10 0.040131725 
28 413 10 12 0.040129106 
503 301 11 15 0.04012804 
122 280 14 16 0.040126055 
804 256 10 13 0.040117558 
102 376 8 10 0.04002577 
686 0 8 10 0.039992977 
672 432 13 19 0.03998703 
174 355 12 16 0.03997986 
239 27 10 13 0.0399082 
742 300 13 16 0.039895926 
365 351 10 13 0.039891634 
772 131 10 12 0.039784692 
121 174 10 13 0.039763942 
40 375 10 13 0.039704457 
408 72 11 14 0.039670818 
834 126 10 12 0.03964734 
764 203 11 14 0.03962973 
311 374 9 12 0.039610576 
998 479 12 17 0.039565243 
861 78 10 12 0.03956094 
300 108 11 13 0.039536137 
49 24 10 12 0.039516658 
545 90 10 14 0.03949638 
46 144 13 15 0.039492678 
849 22 9 12 0.03949111 
147 273 12 14 0.03937178 
104 70 10 13 0.03936431 
872 354 13 17 0.039339636 
864 59 11 15 0.039302353 
1013 13 9 14 0.039272558 
359 428 13 16 0.039255425 
281 110 10 13 0.03924644 
473 388 11 14 0.039226465 
844 374 9 14 0.039049957 
929 14 10 12 0.038937386 
46 62 10 13 0.038916994 
204 404 12 16 0.038866553 
160 456 9 12 0.03878859 
616 44 10 12 0.038782503 
765 411 12 16 0.03864975 
770 331 11 16 0.03849951 
462 14 10 12 0.03843911 
417 428 15 20 0.038402073 
724 44 11 14 0.038384408 
549 220 9 12 0.038381793 
214 31 9 12 0.038301066 
136 341 10 14 0.038269844 
565 318 9 12 0.038262006 
94 0 8 9 0.038237482 
694 156 10 13 0.03821579 
848 14 10 12 0.038188186 
662 326 13 17 0.03817422 
264 267 10 13 0.038172074 
415 13 10 12 0.038165305 
951 141 8 10 0.03814649 
250 446 10 13 0.03813029 
167 357 10 13 0.038113587 
550 -1 9 9 0.038052127 
63 517 13 16 0.03799355 
410 343 12 15 0.037985954 
278 167 9 12 0.037952248 
335 121 9 11 0.037935153 
28 214 11 14 0.03792775 
82 244 11 15 0.037864935 
671 96 8 10 0.03785624 
5 116 11 16 0.03784477 
392 332 10 13 0.037729245 
54 389 9 11 0.037656285 
637 45 11 15 0.037604682 
109 70 9 12 0.037561018 
937 3 9 10 0.03752857 
784 36 10 12 0.03749698 
7 47 10 14 0.0374947 
908 465 28 34 0.03748149 
655 303 9 11 0.03736678 
493 214 10 12 0.03731104 
161 460 11 15 0.03729602 
783 193 12 14 0.037252553 
215 357 12 16 0.03720252 
267 245 13 17 0.037172474 
477 4 10 12 0.037111048 
70 79 11 13 0.037105843 
927 221 9 11 0.03709082 
447 362 10 11 0.037067357 
781 22 10 11 0.037055824 
667 53 12 14 0.037049618 
445 253 12 17 0.037042525 
500 281 10 14 0.037029974 
225 397 12 15 0.036980595 
596 107 11 13 0.036973752 
240 168 9 12 0.036950685 
142 151 12 15 0.036932904 
223 236 11 13 0.036923714 
510 62 14 16 0.036888137 
573 46 11 13 0.03688067 
418 49 11 15 0.036825854 
494 22 12 15 0.036767237 
916 127 10 12 0.036693174 
577 13 10 12 0.036655538 
466 190 15 17 0.03664303 
663 38 9 11 0.036597434 
557 68 11 12 0.03655488 
846 51 11 13 0.03653705 
304 171 12 15 0.036465738 
97 212 12 16 0.036444243 
610 11 10 13 0.03638718 
344 111 11 14 0.036378104 
901 308 11 16 0.036321647 
743 274 14 17 0.03631883 
727 229 12 15 0.03628548 
503 35 11 15 0.036278628 
112 131 11 13 0.036275495 
505 71 10 12 0.036265567 
230 85 11 12 0.0362549 
362 355 12 15 0.036200825 
305 218 14 15 0.036196742 
7 20 8 12 0.03619621 
581 149 12 16 0.036190238 
565 430 19 23 0.03617303 
486 20 9 13 0.036152236 
604 69 11 14 0.036105394 
498 4 11 13 0.036096316 
177 142 11 13 0.036052205 
646 38 9 12 0.035930496 
932 396 10 14 0.035925772 
878 254 9 12 0.03587231 
766 419 10 13 0.035846237 
61 436 10 13 0.03578108 
596 179 12 15 0.035737384 
904 49 11 14 0.035616014 
972 246 11 12 0.035601888 
966 278 12 16 0.035550486 
569 131 11 15 0.035467375 
992 357 11 14 0.035464305 
449 340 10 14 0.03544878 
959 251 8 11 0.035438895 
724 343 15 19 0.035437856 
209 292 10 14 0.035430912 
111 216 14 16 0.035421107 
756 157 10 13 0.035373516 
344 121 11 14 0.03534741 
150 456 8 11 0.03534445 
837 239 10 13 0.035178833 
133 523 24 31 0.035153545 
607 438 23 29 0.035148084 
192 156 8 12 0.035118554 
581 43 10 13 0.03511307 
773 460 22 35 0.035111763 
840 24 9 12 0.03510962 
89 269 11 14 0.03501603 
151 175 12 16 0.035004053 
855 5 10 11 0.03499087 
32 4 9 11 0.034980018 
893 298 13 16 0.034838807 
126 166 11 14 0.034772694 
38 105 10 14 0.034718964 
573 365 12 15 0.03471866 
983 424 21 26 0.034662258 
262 124 10 11 0.034654256 
148 51 10 14 0.034585614 
877 40 11 13 0.034572408 
295 438 10 12 0.03457025 
972 253 10 12 0.034564186 
166 350 10 13 0.034563914 
141 392 10 14 0.034541544 
493 62 10 13 0.03453306 
743 54 10 11 0.034512848 
296 159 10 13 0.03449181 
639 1 9 10 0.03446337 
5 228 11 13 0.034380738 
622 337 12 14 0.034362163 
535 185 12 16 0.03435445 
659 204 14 16 0.034345567 
468 89 14 17 0.03425239 
322 491 17 24 0.034251027 
103 39 9 13 0.034247503 
823 306 13 17 0.03421115 
204 388 13 17 0.0342008 
239 84 11 13 0.034163862 
441 323 11 14 0.03412195 
858 207 18 22 0.034110162 
889 181 8 11 0.034084268 
437 46 9 11 0.034065843 
1014 147 9 14 0.034043625 
983 244 10 12 0.034038633 
841 34 10 12 0.034036815 
656 117 10 12 0.034017235 
713 35 10 12 0.033937234 
181 459 11 15 0.033926476 
106 164 13 16 0.03391783 
403 138 13 14 0.0338443 
495 455 13 15 0.033792842 
64 308 11 16 0.033777695 
29 47 9 12 0.033769608 
839 198 10 12 0.03369093 
887 223 8 10 0.033686336 
414 354 11 14 0.03365529 
630 177 13 15 0.03364994 
254 86 10 11 0.03364294 
622 301 8 11 0.033619795 
588 354 12 17 0.033601552 
62 224 19 22 0.033584274 
7 1 10 10 0.03357722 
205 368 12 15 0.033563092 
300 3 13 15 0.033562034 
974 261 9 11 0.033488695 
358 15 14 18 0.033465203 
254 393 13 17 0.033445965 
602 357 12 16 0.033445716 
190 314 14 17 0.033437114 
553 101 11 15 0.033406764 
101 390 9 11 0.033399336 
56 1 9 9 0.03339827 
564 402 12 16 0.033382762 
895 38 10 14 0.033353884 
478 91 12 15 0.033324257 
643 197 14 16 0.033320036 
118 328 12 14 0.033304647 
734 54 10 11 0.033293672 
791 253 10 13 0.033285532 
942 67 12 14 0.03325717 
26 1 7 8 0.03318038 
465 21 11 15 0.03311074 
45 190 11 15 0.033082683 
806 36 8 11 0.032994732 
878 342 11 13 0.03297786 
959 118 9 11 0.032964826 
164 414 12 14 0.03293807 
142 116 12 14 0.032909542 
855 443 26 37 0.032866 
728 52 9 11 0.03283714 
342 52 12 17 0.032831043 
762 298 14 17 0.032820653 
267 71 11 15 0.032790136 
983 376 10 13 0.0327532 
646 141 10 12 0.03275139 
372 92 13 16 0.032750655 
331 365 13 15 0.03273181 
132 212 13 15 0.032714408 
212 372 11 14 0.032713223 
710 346 12 16 0.03268269 
679 55 10 13 0.03263106 
461 149 12 15 0.032609582 
582 315 10 13 0.032569233 
53 166 12 14 0.032521 
717 340 14 18 0.03248299 
255 53 11 13 0.032425925 
114 290 10 14 0.03241782 
296 172 9 12 0.032358736 
525 39 11 14 0.032352645 
814 141 8 12 0.032341484 
313 125 8 11 0.032320805 
98 416 9 12 0.03226101 
889 65 18 22 0.032205917 
765 219 10 15 0.032159697 
79 488 13 19 0.03214762 
797 309 12 16 0.032041844 
73 269 10 13 0.03202712 
254 236 10 13 0.032002773 
693 37 9 12 0.031970777 
220 245 13 16 0.03196737 
711 30 10 14 0.031957094 
937 209 9 11 0.031929485 
612 158 14 16 0.031888988 
335 257 11 15 0.031869564 
536 0 10 10 0.03186209 
564 4 10 14 0.031825267 
737 203 11 14 0.03179341 
188 84 12 15 0.031761747 
126 327 12 15 0.031759407 
91 283 12 13 0.031718332 
2 438 8 13 0.031706605 
127 32 17 23 0.03161484 
351 373 10 12 0.031540032 
686 53 10 13 0.031513784 
687 43 11 14 0.031513747 
111 459 11 17 0.031503033 
138 268 11 13 0.03147578 
889 74 11 14 0.031444453 
261 182 9 12 0.031443983 
319 311 13 17 0.03143588 
493 182 11 13 0.031424623 
80 215 13 16 0.031413667 
501 114 11 15 0.031383533 
888 138 10 13 0.03132288 
49 397 9 11 0.031276714 
400 135 11 13 0.031263392 
469 413 9 13 0.031163214 
226 324 13 17 0.031150501 
167 179 10 12 0.031144349 
583 205 10 15 0.031123644 
562 408 20 26 0.030950865 
675 460 26 37 0.030950256 
262 375 11 15 0.030922243 
813 263 11 13 0.030870605 
57 14 9 12 0.030794458 
52 146 12 13 0.030785684 
684 161 10 13 0.03076656 
788 356 13 17 0.030761668 
591 13 10 12 0.030754616 
997 133 10 12 0.03074548 
570 415 16 21 0.030744327 
910 388 12 14 0.030701539 
801 6 9 12 0.03068594 
807 480 26 32 0.030681347 
493 300 10 14 0.030676937 
720 52 8 12 0.030669391 
501 2 18 21 0.030668236 
232 92 11 13 0.030637924 
381 490 17 27 0.03057713 
47 99 9 13 0.030568866 
222 382 10 13 0.030564891 
958 204 9 13 0.030552804 
347 463 13 15 0.030538078 
287 11 10 12 0.030455876 
156 155 11 14 0.030406807 
413 423 12 16 0.030399328 
55 313 12 15 0.030392723 
802 135 8 11 0.030384656 
576 318 10 12 0.03038124 
329 164 9 13 0.030353066 
876 349 12 16 0.030345486 
718 409 14 19 0.030320607 
112 187 10 13 0.030311242 
633 452 24 33 0.03030883 
631 142 12 15 0.030299317 
356 58 14 19 0.030224076 
626 291 10 13 0.030183485 
23 37 10 13 0.030173415 
120 67 10 12 0.030172704 
38 209 13 16 0.030168073 
968 435 21 28 0.030167354 
575 51 11 14 0.030163107 
784 388 10 14 0.030160816 
860 155 11 14 0.03015119 
830 159 8 11 0.030093238 
0 464 9 13 0.030086908 
351 381 12 15 0.030080624 
673 70 9 10 0.030070558 
395 43 12 13 0.030067855 
46 54 8 11 0.030016173 
541 163 14 16 0.030010585 
62 127 10 14 0.029998047 
464 98 11 16 0.029987888 
69 389 10 12 0.029960675 
822 405 10 13 0.029944988 
95 49 17 21 0.02993795 
475 83 11 14 0.029930592 
946 342 8 11 0.02991403 
511 48 13 17 0.029900137 
37 158 10 13 0.029868823 
584 76 10 13 0.029859468 
865 26 17 22 0.029820709 
85 345 12 15 0.029785631 
269 44 11 15 0.029782832 
21 191 11 14 0.029780589 
60 399 9 12 0.029715538 
1012 97 10 15 0.029670715 
16 430 9 11 0.029654138 
448 11 11 13 0.029627837 
599 81 11 14 0.029618254 
104 27 9 12 0.029612891 
455 2 10 11 0.029599393 
579 416 14 19 0.029557299 
437 334 11 13 0.029500423 
314 187 11 13 0.029470872 
298 374 9 13 0.02944134 
781 372 13 17 0.029428361 
702 277 10 14 0.029422503 
487 308 12 18 0.029420994 
814 15 9 11 0.029338915 
0 422 8 13 0.029316898 
487 174 9 11 0.029203001 
968 139 9 11 0.02920156 
183 8 9 11 0.029196655 
30 52 10 13 0.029187972 
446 447 18 23 0.029145947 
837 211 11 13 0.02912189 
588 115 13 16 0.029114025 
31 195 13 16 0.029112691 
181 475 11 15 0.029092018 
272 165 10 13 0.02903649 
772 270 12 15 0.029023394 
919 240 9 13 0.02901249 
783 352 13 18 0.028962748 
983 21 12 14 0.02887453 
342 13 10 15 0.028829692 
620 45 11 13 0.028789768 
88 5 8 10 0.028764825 
197 104 10 13 0.028763339 
940 405 13 15 0.0287567 
877 127 12 14 0.02875076 
518 137 12 17 0.02875036 
782 253 10 13 0.028738754 
126 1 9 9 0.02872595 
336 285 18 23 0.028710872 
164 23 13 15 0.028691305 
636 326 12 16 0.028690908 
895 267 11 14 0.028683487 
662 197 12 15 0.028671589 
832 251 12 15 0.02866139 
663 129 10 14 0.02864191 
270 373 11 13 0.028606357 
728 140 11 13 0.028585277 
743 175 11 13 0.028578287 
943 185 8 10 0.028570503 
671 110 9 11 0.028545137 
101 22 11 13 0.028543267 
778 401 12 17 0.02852302 
191 135 10 13 0.0285079 
229 77 9 12 0.028504848 
287 87 10 13 0.028470544 
613 315 9 13 0.028454844 
109 235 13 16 0.028369896 
773 110 11 12 0.028341629 
1006 0 9 9 0.028291939 
966 36 11 14 0.028291479 
761 117 9 11 0.028276311 
383 19 11 14 0.028264187 
926 393 13 19 0.028256958 
774 16 10 12 0.028255375 
887 39 10 13 0.028233858 
439 12 9 11 0.02822231 
46 209 13 16 0.028184414 
193 108 9 12 0.028182574 
681 4 9 12 0.028175736 
161 314 12 15 0.028172212 
741 314 14 17 0.028098393 
789 2 10 10 0.028094836 
869 24 10 12 0.028062358 
829 204 11 13 0.028005952 
245 407 10 12 0.027984373 
98 381 9 11 0.027980246 
422 362 11 16 0.027978541 
843 412 12 19 0.027970422 
718 4 11 12 0.027937917 
599 397 11 16 0.027920952 
319 374 9 12 0.027903918 
941 129 19 23 0.027899554 
333 441 20 26 0.027853925 
204 114 11 14 0.027849058 
508 306 12 16 0.027786875 
552 114 10 14 0.02778117 
508 185 13 19 0.027742578 
947 27 11 15 0.02774032 
640 36 11 13 0.027737532 
340 341 11 15 0.0276849 
735 191 11 14 0.027684385 
506 71 19 23 0.027624272 
89 174 12 16 0.02758623 
160 357 9 12 0.027549319 
900 193 12 15 0.027546937 
694 390 21 28 0.027538557 
983 190 8 11 0.02750947 
291 69 12 14 0.027509414 
207 172 10 13 0.027489895 
87 282 11 13 0.027486594 
284 279 11 14 0.02748432 
917 70 11 13 0.027458746 
690 122 10 14 0.027455613 
562 396 12 16 0.027452888 
254 70 12 14 0.027414743 
735 266 12 17 0.027390396 
613 99 9 13 0.027368255 
808 235 12 14 0.027345834 
164 14 11 12 0.027275188 
564 364 12 15 0.027272087 
932 371 10 13 0.027154842 
692 68 10 12 0.027099151 
414 373 13 15 0.027097827 
688 104 9 11 0.027088474 
900 139 10 13 0.027048036 
253 461 11 14 0.027040865 
168 363 11 15 0.027020313 
621 6 8 11 0.027012998 
622 355 10 13 0.026981646 
814 20 9 12 0.026979243 
243 21 10 13 0.026962738 
672 238 12 15 0.026962386 
658 125 9 12 0.026961435 
136 347 11 14 0.02694629 
261 52 12 14 0.026928993 
898 334 12 16 0.026916163 
955 389 14 17 0.026903827 
22 290 10 13 0.02689834 
702 -1 23 24 0.026896589 
734 6 8 11 0.026844025 
626 287 19 21 0.026835265 
127 307 11 14 0.026815385 
36 465 12 15 0.026815116 
840 268 10 15 0.026799424 
61 215 11 13 0.02676422 
581 52 11 14 0.026762078 
968 231 9 11 0.026756715 
716 216 11 15 0.026742412 
630 5 10 12 0.026740354 
155 531 15 22 0.026718259 
997 37 11 15 0.026692089 
184 300 10 13 0.026668606 
615 40 9 11 0.026648238 
268 148 9 12 0.02663763 
228 179 11 13 0.026623644 
373 452 13 19 0.026609128 
768 112 9 11 0.026595194 
639 56 10 11 0.026586749 
480 175 9 12 0.026549488 
831 -10 22 24 0.026538791 
214 383 11 14 0.026529597 
437 53 10 12 0.02650822 
917 7 10 11 0.026504632 
783 113 10 13 0.026497973 
507 11 11 13 0.026476478 
30 86 9 12 0.02646264 
84 195 13 16 0.026440969 
520 12 11 14 0.026432667 
444 76 10 12 0.026427537 
896 190 10 13 0.02641155 
703 29 11 14 0.026406279 
707 183 15 18 0.026400812 
133 7 9 11 0.026386874 
108 159 10 13 0.026374351 
527 416 12 17 0.026370281 
870 299 10 13 0.026365489 
943 127 11 14 0.02636384 
959 29 9 13 0.026342474 
541 334 8 12 0.026340373 
542 414 11 15 0.026313735 
502 144 13 16 0.026309568 
131 134 11 14 0.0263043 
599 6 9 11 0.026288671 
818 102 18 23 0.026264811 
1014 52 8 12 0.02625802 
8 70 9 13 0.026247654 
99 173 12 16 0.026245343 
807 128 10 11 0.02623202 
336 423 12 15 0.026231479 
767 15 11 14 0.026177026 
199 30 10 12 0.02613081 
254 109 9 13 0.026079064 
705 403 15 22 0.026069693 
55 348 10 13 0.026065273 
485 16 9 11 0.02605991 
950 386 13 16 0.026049353 
559 0 10 11 0.026043626 
534 339 10 12 0.026043298 
101 218 11 14 0.02603389 
267 301 12 13 0.026029635 
41 424 10 14 0.026029104 
295 224 12 15 0.026026992 
470 434 15 19 0.026021862 
844 406 12 14 0.026020588 
901 71 11 13 0.02601259 
638 401 13 19 0.02600853 
219 156 12 14 0.026007762 
53 101 9 12 0.025980378 
364 292 10 13 0.025963735 
581 60 13 16 0.025933966 
550 92 10 13 0.025917301 
588 152 13 16 0.025883906 
228 390 12 16 0.025878415 
-1 295 16 27 0.025873112 
26 490 13 17 0.025870094 
776 89 10 13 0.025864521 
533 283 11 14 0.025842482 
968 28 11 13 0.025824757 
880 243 10 14 0.025782038 
957 125 10 12 0.025735574 
356 163 13 16 0.025722478 
432 126 17 24 0.025683023 
903 181 10 13 0.025679447 
310 424 15 18 0.025675686 
175 71 11 13 0.025640838 
191 297 9 12 0.025613239 
774 344 13 17 0.025585156 
25 539 12 15 0.025559315 
132 513 22 26 0.025537867 
318 294 14 19 0.025530064 
827 14 11 14 0.025507925 
558 36 10 12 0.025503244 
597 151 11 13 0.02549986 
34 349 10 13 0.025472954 
634 159 14 16 0.025460117 
54 22 9 11 0.025443314 
110 172 11 15 0.02543973 
688 93 10 12 0.025427196 
76 229 12 15 0.025408668 
614 219 12 16 0.025389051 
729 119 9 10 0.025364509 
854 14 10 13 0.025357295 
903 174 10 12 0.02535005 
836 348 12 15 0.025341365 
488 168 9 13 0.025322936 
58 489 13 18 0.025317099 
53 120 9 12 0.025315646 
654 132 10 14 0.025281679 
501 175 11 13 0.02525894 
785 2 9 11 0.025257 
696 2 9 10 0.025254285 
925 21 10 13 0.025239447 
116 252 11 13 0.025229499 
710 23 8 10 0.025212696 
591 397 12 15 0.02517697 
264 22 10 13 0.025170902 
255 124 10 12 0.025159584 
652 272 12 14 0.025153048 
549 162 13 18 0.025152277 
266 142 10 14 0.025127757 
402 202 13 16 0.025126452 
919 301 10 14 0.025123829 
604 62 11 13 0.025116904 
324 476 13 19 0.025106277 
100 489 15 19 0.025104683 
347 497 14 17 0.025100932 
692 218 13 16 0.025093922 
881 311 11 16 0.025085105 
620 39 10 12 0.02505974 
560 22 11 14 0.02505537 
997 205 10 14 0.02504428 
5 75 12 16 0.024996331 
310 119 9 12 0.024981592 
481 284 21 25 0.02497456 
356 81 17 22 0.024969293 
189 70 11 13 0.024941403 
269 381 9 11 0.02493288 
712 329 13 18 0.024876034 
397 38 12 14 0.024868315 
686 216 13 17 0.024858253 
872 165 10 12 0.02485484 
78 48 11 12 0.024851019 
106 483 12 15 0.024849612 
513 428 12 16 0.024844134 
805 109 10 14 0.024819052 
615 310 9 12 0.024774764 
750 54 9 10 0.024767714 
648 67 8 11 0.024767296 
777 220 13 17 0.0247645 
671 61 10 13 0.024756538 
385 0 11 11 0.024749266 
57 420 10 14 0.02474489 
299 208 14 16 0.024720067 
72 19 10 12 0.024680018 
845 115 12 14 0.024667088 
727 5 10 13 0.024666136 
29 460 14 17 0.02466583 
285 144 10 12 0.024650043 
1005 162 11 14 0.024645964 
0 46 10 13 0.024641907 
610 221 10 13 0.024608124 
64 93 11 13 0.024577884 
654 442 37 46 0.024554566 
24 29 9 13 0.024552705 
531 133 13 16 0.024536083 
802 140 8 11 0.024531953 
100 14 10 12 0.024531914 
119 82 11 14 0.02453043 
1 227 10 14 0.024526596 
167 117 10 13 0.02450758 
233 19 11 14 0.024492657 
169 155 11 14 0.024469899 
56 66 11 16 0.024468474 
151 15 9 10 0.024449881 
365 372 12 15 0.024440808 
775 187 10 13 0.024438057 
575 266 12 15 0.024423137 
56 6 8 10 0.024384722 
934 269 11 14 0.024367878 
582 343 10 13 0.02436551 
669 35 10 12 0.024358964 
184 35 10 13 0.024349622 
653 64 19 23 0.024347274 
104 157 10 13 0.024336508 
85 365 8 12 0.024321783 
361 108 12 14 0.024318494 
389 426 14 18 0.024298098 
632 66 12 14 0.024296492 
927 325 10 13 0.02429422 
918 181 10 12 0.02429421 
806 213 11 13 0.024289504 
855 419 12 16 0.024284806 
448 483 24 40 0.02427381 
179 109 12 14 0.024206756 
436 340 12 15 0.024148189 
8 314 11 16 0.024130935 
898 285 10 13 0.024124669 
854 166 9 12 0.024123088 
286 334 110 138 0.024099058 
604 196 14 18 0.024082726 
333 159 10 13 0.024060652 
622 53 10 12 0.024050409 
351 -6 20 23 0.024044277 
435 148 14 18 0.024005545 
22 15 8 11 0.024003088 
347 425 12 18 0.02399549 
385 37 11 15 0.023978401 
223 49 12 15 0.023948396 
543 53 10 14 0.023919446 
766 187 12 15 0.023899348 
166 340 12 16 0.023894668 
133 383 18 22 0.02388999 
613 195 14 17 0.023882026 
756 20 11 14 0.02386948 
686 174 11 15 0.023855917 
357 112 12 15 0.023805004 
905 387 11 14 0.023789883 
188 244 10 12 0.023789302 
346 195 11 15 0.023781523 
415 140 11 14 0.023778047 
832 322 13 15 0.02377404 
575 36 11 13 0.023742711 
654 167 12 15 0.023727618 
15 14 9 12 0.023714142 
225 460 15 18 0.023710152 
480 14 9 12 0.023661906 
139 492 16 20 0.023657355 
1004 270 12 15 0.023655653 
234 420 12 17 0.023653392 
59 282 13 14 0.023626814 
509 316 11 14 0.023619035 
580 104 12 13 0.023614021 
772 258 13 15 0.023610009 
863 85 10 13 0.023602845 
555 150 11 14 0.02359946 
918 267 12 15 0.023581743 
858 181 9 12 0.023580361 
868 360 14 18 0.023555614 
459 450 13 18 0.02355272 
532 14 10 14 0.02353199 
142 480 12 16 0.023517631 
181 30 9 12 0.023508709 
503 19 18 22 0.023503367 
755 452 23 32 0.023492983 
957 60 10 13 0.023476755 
862 150 10 13 0.023452038 
132 305 12 15 0.023441145 
117 367 10 12 0.02343059 
177 397 10 14 0.023416286 
908 384 24 30 0.02340897 
717 125 9 13 0.02340392 
592 22 10 13 0.023374239 
281 437 12 14 0.023365794 
885 237 9 13 0.023346845 
827 101 12 15 0.023285799 
118 5 8 10 0.023282478 
644 333 11 15 0.023277847 
566 91 10 14 0.0232772 
718 198 10 12 0.023272159 
613 138 11 15 0.02324971 
140 460 12 16 0.023242975 
993 156 10 13 0.023229707 
919 24 10 12 0.023219183 
932 325 11 14 0.023203686 
917 139 10 13 0.023189075 
998 325 11 14 0.023187445 
630 466 22 30 0.023184076 
398 169 14 17 0.023163747 
494 175 11 13 0.02313511 
464 0 11 11 0.02312626 
213 484 18 26 0.02311524 
795 392 20 26 0.023092248 
229 108 12 14 0.02305469 
732 121 18 21 0.023042781 
1 6 8 12 0.023029344 
386 112 14 17 0.02300993 
570 326 14 16 0.02300447 
198 71 10 13 0.022990087 
197 8 10 12 0.022989403 
917 348 13 17 0.022972444 
282 315 11 15 0.022941679 
989 342 10 13 0.022906132 
679 77 9 12 0.022891484 
886 381 11 13 0.022883037 
15 47 9 13 0.022865992 
425 457 16 21 0.022863394 
401 162 16 19 0.022862671 
815 199 10 13 0.022845808 
911 4 9 12 0.02283012 
197 139 11 14 0.02281199 
221 148 12 13 0.022790177 
456 474 13 19 0.022776578 
268 83 10 13 0.022764983 
247 456 12 16 0.022762973 
869 -6 19 23 0.02276159 
88 270 19 24 0.022751188 
839 260 9 14 0.022737531 
976 199 8 10 0.022728294 
952 203 10 12 0.022727344 
367 266 13 16 0.022719484 
849 458 30 47 0.022718139 
733 417 13 19 0.022712424 
111 207 13 16 0.02269388 
141 109 13 16 0.022691565 
676 142 10 13 0.022624295 
542 12 12 15 0.022617904 
100 332 12 16 0.022586107 
83 164 12 15 0.022585284 
525 166 13 16 0.022577064 
560 271 9 12 0.022563146 
189 36 11 14 0.022545276 
432 50 10 13 0.02254161 
24 423 9 12 0.022537744 
279 45 11 16 0.022535034 
656 47 18 22 0.022526424 
881 191 9 13 0.022524524 
28 430 10 13 0.022522507 
173 85 12 14 0.022511164 
264 231 10 12 0.022474129 
752 226 12 15 0.02245965 
432 69 9 12 0.022443043 
117 188 9 12 0.022441808 
838 70 11 13 0.022439988 
621 308 10 14 0.022423048 
151 163 11 14 0.022387788 
2 428 7 11 0.022382652 
921 104 20 26 0.022378422 
750 141 11 12 0.022377871 
190 125 10 13 0.022372995 
846 92 10 12 0.022363072 
95 117 10 12 0.022359693 
134 188 10 12 0.02234059 
133 111 10 12 0.022288648 
79 5 10 11 0.02228017 
91 494 15 18 0.022261228 
838 342 10 12 0.0222448 
113 373 18 23 0.022228697 
946 61 14 15 0.022212654 
510 178 12 18 0.022203995 
510 374 11 14 0.022199342 
704 22 9 11 0.022193994 
839 452 29 44 0.022174304 
25 441 12 17 0.022169514 
135 152 11 15 0.022162931 
943 318 9 14 0.022142898 
949 125 11 14 0.022127626 
859 270 11 13 0.022125434 
977 0 11 11 0.022122009 
216 250 17 22 0.022093792 
109 76 10 14 0.02208039 
38 163 11 14 0.022064997 
579 124 13 16 0.022047197 
388 59 13 15 0.022038791 
856 30 9 11 0.022016881 
86 70 10 12 0.022013739 
902 219 9 12 0.02200837 
867 207 11 15 0.022005904 
904 117 9 13 0.02199776 
430 248 18 22 0.021967605 
631 326 12 15 0.021955006 
8 29 10 13 0.021927746 
966 396 13 16 0.021920973 
686 75 11 13 0.021901822 
692 180 11 15 0.021896398 
978 135 18 22 0.021862991 
124 52 11 13 0.021860238 
670 113 18 23 0.02185066 
654 198 12 16 0.021844212 
897 94 10 13 0.021836033 
912 28 12 14 0.021835072 
78 108 10 11 0.02183065 
888 397 11 14 0.021829972 
520 357 11 14 0.021829473 
821 47 9 12 0.021826725 
685 357 11 15 0.021819476 
881 267 11 14 0.021816261 
39 61 10 11 0.021808976 
798 335 14 18 0.021808172 
757 33 11 14 0.021800455 
28 29 12 15 0.021799028 
76 99 11 14 0.02178452 
135 115 10 13 0.021778105 
166 7 10 10 0.021775283 
832 259 10 13 0.02176813 
720 12 12 14 0.021767093 
0 25 9 14 0.021758815 
448 2 10 11 0.021750595 
961 35 9 12 0.021747656 
607 432 15 21 0.021743378 
890 315 12 16 0.021732539 
659 184 16 18 0.021728748 
575 69 11 13 0.021728726 
31 102 11 13 0.021710364 
395 99 12 16 0.021701777 
71 31 9 12 0.021692684 
492 221 11 13 0.021642072 
46 221 13 16 0.02163522 
967 387 13 16 0.021628344 
902 269 10 14 0.021620616 
391 183 13 17 0.021613881 
606 159 14 16 0.021607244 
310 45 13 15 0.02159737 
809 188 12 13 0.021588972 
559 351 10 14 0.021580439 
303 11 12 14 0.021571327 
966 271 10 12 0.021554228 
703 95 9 11 0.021551622 
245 169 9 12 0.02154943 
255 118 9 12 0.021525284 
886 14 8 10 0.021518465 
642 286 19 23 0.021510756 
717 170 13 14 0.021502543 
244 286 11 14 0.021461086 
623 0 9 10 0.021455029 
563 310 10 13 0.021452516 
182 315 11 15 0.021449769 
310 75 12 15 0.021446617 
616 301 9 12 0.021435108 
747 254 14 17 0.021424256 
255 465 11 17 0.021423442 
73 404 8 11 0.021416167 
303 150 9 12 0.021388335 
961 79 10 12 0.021378933 
550 70 11 13 0.021362217 
150 264 10 12 0.02135848 
16 230 12 16 0.021334872 
1002 339 12 17 0.021318827 
749 180 10 11 0.021316867 
217 463 12 17 0.021312919 
102 469 12 15 0.0212989 
804 131 19 22 0.021296546 
796 487 31 37 0.021292608 
669 6 9 11 0.0212874 
328 435 13 18 0.021269843 
239 439 12 16 0.021258727 
94 20 10 13 0.021243293 
645 29 11 13 0.021234028 
348 202 12 15 0.021233771 
223 24 9 11 0.021207646 
805 30 10 13 0.021191437 
797 390 11 16 0.021189352 
95 469 10 13 0.021184234 
470 419 10 15 0.021183118 
283 309 10 15 0.021152927 
590 310 9 12 0.021123054 
217 72 20 22 0.021119595 
639 270 9 11 0.021107432 
-1 484 9 14 0.02110205 
487 423 21 27 0.021081604 
453 475 23 32 0.021077408 
283 373 12 15 0.021075984 
643 437 23 30 0.021071825 
694 32 11 12 0.021069098 
1010 158 21 26 0.021038303 
139 466 12 16 0.021034125 
279 94 10 14 0.021019008 
143 8 9 11 0.020985749 
180 353 10 14 0.020977551 
103 6 9 11 0.020968508 
124 8 20 25 0.020968262 
472 279 20 25 0.02096083 
590 54 12 15 0.020955576 
63 139 11 14 0.020953756 
964 211 10 12 0.02093134 
565 76 11 14 0.020914758 
487 461 22 26 0.020909395 
29 382 9 12 0.020899775 
959 212 10 12 0.020897385 
365 147 13 15 0.020889275 
224 399 18 22 0.020885378 
768 115 18 22 0.020883903 
162 460 20 26 0.020875892 
328 129 11 14 0.020863486 
64 244 11 13 0.020863127 
533 158 11 13 0.020833733 
926 316 11 13 0.020816453 
349 262 10 14 0.020809636 
983 199 8 11 0.020803193 
1007 143 11 12 0.02079019 
512 441 12 15 0.02076406 
87 468 9 12 0.020752778 
741 256 14 17 0.020751832 
824 159 8 11 0.020732798 
808 372 11 14 0.020731447 
608 1 9 11 0.020730382 
349 342 12 16 0.02071372 
935 403 11 15 0.020711271 
139 221 14 17 0.020710565 
327 370 11 14 0.020679042 
979 207 20 23 0.02066599 
65 463 14 17 0.020664865 
363 321 11 14 0.020639183 
149 197 11 13 0.02062624 
519 421 11 15 0.020580703 
576 274 10 13 0.020568768 
0 0 8 9 0.020537434 
287 227 10 13 0.020535728 
181 485 12 17 0.02053192 
745 100 10 12 0.020509627 
661 166 11 14 0.020509187 
197 260 11 13 0.020508079 
343 19 12 16 0.02049769 
881 321 11 15 0.020496096 
756 151 11 13 0.02049099 
80 349 10 13 0.02048237 
740 306 15 19 0.02047783 
799 151 9 10 0.020476548 
77 404 9 11 0.020468 
893 394 10 16 0.020461794 
575 92 11 14 0.020460324 
368 452 10 16 0.02043446 
968 359 10 12 0.020418689 
669 346 11 14 0.020410364 
478 419 11 17 0.0204103 
934 175 7 10 0.020406514 
844 323 10 14 0.020397441 
974 374 12 15 0.02039625 
310 449 12 15 0.020383392 
363 162 16 17 0.020376086 
181 343 10 14 0.020353144 
335 346 11 15 0.020340752 
910 391 15 19 0.020328844 
745 323 15 17 0.020316757 
499 179 14 17 0.02031384 
809 474 17 22 0.020313604 
238 238 18 22 0.020310147 
239 187 11 13 0.020307021 
774 290 10 14 0.020300312 
166 269 10 13 0.020300237 
319 126 8 11 0.020299327 
52 87 10 13 0.020265244 
975 111 10 12 0.02025449 
239 133 10 13 0.020240398 
696 189 10 13 0.020229656 
534 72 12 15 0.020222472 
329 121 10 13 0.020214722 
444 419 11 15 0.02020711 
823 92 12 14 0.020197144 
556 156 11 15 0.020191256 
417 0 10 9 0.020162636 
328 316 13 17 0.020140758 
894 180 9 11 0.020136558 
812 5 9 11 0.020131957 
112 116 10 12 0.020128436 
536 3 12 15 0.020117637 
133 251 12 14 0.020117072 
51 206 11 14 0.020108802 
469 74 17 22 0.020107683 
896 442 21 23 0.020100122 
785 295 10 13 0.020089634 
972 22 11 14 0.020083336 
700 254 14 15 0.020078147 
200 268 12 16 0.02005677 
523 311 12 15 0.02005123 
998 187 11 13 0.020047005 
702 118 10 14 0.020040136 
636 58 17 23 0.02003437 
232 70 9 12 0.020017529 
