0_Parade_Parade_0_218
260
739 386 36 39 0.99897814 
287 388 35 38 0.6749375 
926 622 11 13 0.6593175 
944 540 9 10 0.5597403 
141 558 12 16 0.49694744 
1008 601 13 15 0.43352664 
102 518 9 11 0.40771708 
919 548 8 11 0.3846612 
853 529 13 16 0.37727806 
101 524 12 15 0.29876146 
38 558 9 11 0.28652564 
1014 535 8 10 0.26689526 
65 551 9 12 0.26658425 
181 670 12 14 0.23794375 
56 574 9 12 0.2190887 
869 542 9 11 0.18720599 
942 612 9 11 0.17146704 
84 592 11 14 0.16880353 
201 663 15 17 0.16526066 
968 549 9 10 0.14637451 
31 573 9 10 0.14507064 
89 552 8 10 0.1283748 
894 553 8 10 0.12425317 
927 581 8 11 0.12262637 
847 217 12 14 0.118733816 
277 71 438 510 0.11793359 
708 375 29 36 0.117795005 
985 541 8 11 0.11496776 
101 567 11 13 0.1135333 
236 605 16 18 0.113223575 
268 439 33 42 0.112860575 
153 510 25 42 0.11222951 
881 550 8 10 0.110383414 
5 551 8 10 0.107810624 
111 541 11 14 0.10598511 
286 619 11 14 0.10386978 
0 613 8 14 0.10079008 
523 227 58 62 0.10002979 
271 581 10 12 0.09519646 
111 571 11 15 0.09004411 
34 567 9 12 0.089090645 
37 564 9 12 0.08908012 
958 558 8 10 0.0848227 
929 576 8 10 0.08477443 
116 573 10 14 0.08293576 
983 537 9 10 0.07767816 
97 516 10 11 0.07602398 
910 532 9 10 0.07591715 
880 544 9 10 0.07547982 
386 252 37 38 0.072805874 
63 612 10 14 0.07066504 
33 139 25 40 0.07060902 
975 604 10 12 0.07045889 
362 669 10 12 0.07027715 
920 584 8 10 0.07014323 
169 659 11 13 0.06985037 
101 657 11 15 0.0690356 
53 568 9 11 0.06894552 
49 565 9 11 0.06706442 
327 508 9 11 0.06680275 
928 558 8 11 0.064297415 
25 575 8 10 0.06423278 
105 541 12 14 0.064141035 
110 586 13 18 0.063913494 
95 571 14 17 0.063378744 
100 481 16 20 0.061962623 
894 288 15 20 0.059986524 
4 573 10 12 0.058809713 
954 552 8 11 0.05706496 
104 586 12 17 0.05527563 
958 552 8 9 0.054888092 
117 568 9 11 0.054768544 
943 288 16 20 0.053248573 
1000 533 8 10 0.052405555 
255 621 12 16 0.05171721 
160 647 10 12 0.051518146 
19 622 12 14 0.049945228 
655 562 11 14 0.049055018 
837 495 15 17 0.048834182 
991 598 8 12 0.048753604 
15 566 8 10 0.048515342 
37 583 9 11 0.048100147 
237 595 14 17 0.04782552 
303 399 19 21 0.04731108 
928 536 8 10 0.04720339 
382 662 9 10 0.04693207 
614 661 10 13 0.04687861 
71 598 10 12 0.046436097 
22 602 12 15 0.044957902 
70 611 12 17 0.04442963 
0 607 10 14 0.044340033 
948 536 8 11 0.04372913 
927 542 8 10 0.043541584 
255 603 10 13 0.043470617 
859 526 13 18 0.042947195 
992 558 9 11 0.042144142 
888 615 9 11 0.041394766 
115 579 12 17 0.041300144 
935 613 11 12 0.04127579 
67 555 11 12 0.04100649 
424 197 34 41 0.040860135 
142 532 10 14 0.040540554 
61 656 14 17 0.04024691 
884 543 9 10 0.04008698 
870 549 8 9 0.03961849 
876 629 10 13 0.039409816 
1011 607 12 16 0.039173353 
45 558 10 12 0.038375255 
871 533 10 14 0.038189515 
126 672 13 14 0.037923593 
953 476 9 11 0.037685823 
149 574 11 14 0.037514772 
115 646 11 14 0.037311506 
109 533 12 15 0.037206285 
1006 590 14 18 0.03653745 
15 605 11 14 0.036318123 
910 641 8 11 0.035455316 
378 661 8 11 0.0353706 
983 671 9 10 0.03514748 
79 583 9 11 0.035112258 
920 555 9 11 0.035031006 
96 481 12 18 0.034995876 
937 607 9 11 0.0349679 
930 599 8 11 0.034711484 
960 279 12 13 0.034568816 
577 395 24 29 0.03454378 
179 663 20 23 0.034464497 
70 545 10 12 0.03415289 
1000 597 11 13 0.033679646 
49 572 10 13 0.033576082 
921 627 9 12 0.033143256 
94 557 9 11 0.032382492 
388 329 31 36 0.0317476 
949 613 11 13 0.031697247 
97 529 11 14 0.03164215 
925 234 11 13 0.031420078 
173 596 14 17 0.031405997 
146 561 12 16 0.031370245 
125 530 11 13 0.03136088 
110 557 9 12 0.030658195 
4 618 10 15 0.030340096 
887 551 8 10 0.03016176 
905 591 8 10 0.029982297 
3 611 12 15 0.029874116 
129 661 9 11 0.029868728 
100 576 14 20 0.02979298 
273 560 8 10 0.029667037 
977 631 10 12 0.029596249 
361 664 8 10 0.029243765 
913 582 8 10 0.029236916 
180 644 11 12 0.02918662 
37 572 9 12 0.02909822 
5 581 11 14 0.028949916 
277 589 9 11 0.028759362 
89 510 8 11 0.02866431 
97 518 20 23 0.028646734 
393 663 8 10 0.028479699 
143 571 12 15 0.028440142 
868 527 12 15 0.028332064 
57 551 8 10 0.028311629 
968 607 10 13 0.028301358 
103 560 10 11 0.028279854 
0 569 10 13 0.02821692 
84 583 10 13 0.028101537 
1004 551 8 10 0.028036982 
949 607 11 13 0.027944295 
1007 575 10 13 0.027762422 
242 591 11 13 0.0276668 
360 161 228 254 0.027588107 
934 549 8 10 0.027556365 
870 496 8 10 0.027400743 
296 582 8 10 0.027351514 
999 558 10 11 0.027288878 
261 645 9 12 0.026999447 
32 581 9 12 0.026666565 
939 662 13 15 0.026660088 
397 665 9 11 0.026321897 
928 605 9 11 0.026239656 
143 670 10 12 0.026229445 
1009 533 9 11 0.026112458 
905 533 8 11 0.026064256 
129 655 9 11 0.026041497 
56 609 11 15 0.026038365 
639 236 38 45 0.025907775 
952 264 10 12 0.0258469 
6 567 9 12 0.025843898 
920 235 10 13 0.025518216 
972 550 8 10 0.02537991 
895 532 9 12 0.025229266 
255 581 10 12 0.025035145 
917 269 11 14 0.02502736 
134 659 10 13 0.024997452 
16 573 8 10 0.024536293 
228 581 11 15 0.024492368 
976 527 8 9 0.024438336 
944 279 9 12 0.02443026 
1014 529 9 12 0.024226753 
926 550 8 11 0.024191415 
46 609 13 15 0.024146907 
187 613 14 18 0.024084939 
992 645 12 15 0.023966063 
973 612 10 12 0.023922866 
204 630 15 18 0.023855174 
846 527 23 26 0.023838066 
260 599 10 11 0.023706097 
928 342 9 12 0.023683032 
990 551 9 11 0.023669805 
967 535 8 10 0.023424745 
173 587 13 15 0.023399904 
517 191 95 111 0.023238042 
265 401 48 51 0.023213202 
74 580 10 12 0.02291844 
934 559 8 10 0.022787053 
269 629 12 13 0.022725211 
974 663 10 12 0.022512544 
1006 599 20 26 0.022489293 
920 660 8 11 0.022373546 
678 527 8 11 0.022348372 
7 555 9 12 0.022300987 
935 269 9 12 0.022267934 
189 661 12 16 0.022182072 
929 566 8 10 0.02214475 
316 570 11 14 0.022138534 
944 270 8 10 0.022135258 
1004 565 10 12 0.022111071 
977 535 8 10 0.02203953 
635 268 18 22 0.021979077 
109 535 18 24 0.021952508 
888 566 10 12 0.021916075 
659 559 11 14 0.02185581 
967 558 9 11 0.021738987 
959 606 10 13 0.021736493 
415 660 9 11 0.021637924 
957 263 11 13 0.0216336 
991 535 8 10 0.021567214 
975 668 11 12 0.02156147 
1005 323 14 18 0.021391386 
532 334 36 34 0.021388356 
305 526 8 9 0.021320527 
936 264 8 11 0.021260645 
957 643 11 13 0.02124516 
116 547 9 12 0.021208793 
990 592 9 12 0.021104094 
926 654 9 12 0.021044152 
886 533 12 12 0.021005336 
104 568 19 25 0.020980582 
1004 558 9 11 0.020926068 
890 558 9 10 0.02089931 
960 564 8 10 0.020805364 
108 486 14 17 0.0207354 
682 290 37 40 0.020683143 
902 557 7 10 0.020642923 
431 662 10 11 0.020522622 
920 655 9 12 0.02044502 
313 566 10 12 0.020322077 
1008 529 9 10 0.020172408 
949 349 14 18 0.020172257 
94 587 12 16 0.020171927 
163 521 30 37 0.0201223 
179 555 14 15 0.020095643 
