0_Parade_Parade_0_906
47
440 259 107 138 0.9998018 
242 258 97 123 0.9997002 
640 237 128 162 0.99889344 
352 287 66 91 0.9976023 
561 265 72 96 0.99295056 
898 516 32 38 0.6108894 
300 271 82 112 0.34922466 
927 607 12 15 0.1592215 
523 253 84 124 0.124147795 
953 592 15 19 0.10549948 
939 570 17 20 0.10452398 
918 604 23 28 0.061808262 
915 625 12 14 0.059651162 
700 592 10 12 0.04948227 
832 557 10 13 0.038980823 
623 14 11 13 0.038131393 
931 276 101 153 0.03795694 
49 719 8 9 0.03421761 
39 135 12 15 0.03223973 
879 574 12 15 0.03188375 
413 564 12 14 0.030975558 
697 637 11 13 0.030806422 
105 719 7 9 0.029825347 
230 523 52 61 0.02895162 
612 29 10 13 0.028045744 
911 526 21 24 0.027361868 
79 742 9 10 0.02723772 
215 294 8 11 0.026143007 
28 60 11 12 0.024888977 
836 563 11 13 0.024502445 
913 613 23 27 0.02421117 
48 117 10 13 0.02390809 
9 670 7 9 0.02379149 
938 577 23 28 0.023638232 
935 480 28 34 0.023268906 
663 590 9 10 0.023179816 
709 671 9 10 0.022745317 
687 654 8 10 0.022568334 
711 638 10 12 0.02249088 
924 516 16 20 0.022480158 
54 718 8 9 0.022331402 
709 675 11 13 0.021953229 
104 725 8 11 0.021908851 
624 8 9 10 0.020869331 
808 231 46 80 0.020709284 
37 110 8 10 0.020616565 
710 218 103 142 0.020008769 
