0_Parade_marchingband_1_465
931
677 184 12 15 0.5269096 
592 236 12 14 0.5147983 
81 303 9 12 0.45050046 
900 143 8 11 0.44848397 
997 198 10 12 0.44529173 
662 246 9 11 0.4196978 
320 166 11 13 0.39125657 
430 149 12 14 0.3865836 
877 174 9 12 0.3742388 
503 70 9 12 0.37207827 
232 158 9 12 0.36681852 
110 171 11 14 0.3646603 
72 181 11 13 0.3640079 
543 118 10 12 0.3571031 
129 167 8 11 0.3501073 
72 236 9 13 0.3337437 
977 173 9 12 0.32938063 
46 301 8 11 0.32839724 
127 236 8 10 0.31188762 
89 229 10 14 0.30002892 
626 237 9 12 0.2953439 
520 256 10 12 0.28172794 
1009 255 9 11 0.27537253 
608 208 9 12 0.257482 
990 294 10 13 0.2527032 
1004 159 11 13 0.2500894 
534 165 8 10 0.2464526 
173 157 8 10 0.24360892 
327 157 11 13 0.23930858 
945 175 9 11 0.23365204 
848 159 8 10 0.23095813 
624 281 9 10 0.23005748 
169 224 8 11 0.22742738 
608 254 9 11 0.22273129 
707 91 13 15 0.22030213 
877 222 12 16 0.21977195 
214 179 10 13 0.21907265 
106 602 18 17 0.21482913 
656 143 8 11 0.21421956 
550 96 8 9 0.20805697 
792 166 8 10 0.20535438 
734 240 7 9 0.20374598 
285 134 10 12 0.19571875 
920 180 9 10 0.19347657 
957 139 11 13 0.19236681 
502 143 11 13 0.19180216 
528 166 9 11 0.18904716 
722 201 10 12 0.1888952 
918 175 9 12 0.18872964 
252 112 12 15 0.18273118 
7 263 8 10 0.18056493 
918 150 8 10 0.17837983 
989 156 9 11 0.17741516 
195 159 8 10 0.17618737 
928 235 9 12 0.17593756 
178 189 8 12 0.17254436 
920 144 8 9 0.16695525 
504 182 10 13 0.16586156 
508 115 9 12 0.16232261 
839 141 8 10 0.16152765 
525 254 8 11 0.16136743 
69 205 12 14 0.16091593 
568 149 9 10 0.15957834 
765 198 12 14 0.15851709 
615 119 10 11 0.15638182 
552 103 9 11 0.15574028 
925 231 10 12 0.1546892 
625 251 9 12 0.15464461 
873 143 9 11 0.15320587 
548 173 10 13 0.14565833 
873 166 9 10 0.14552088 
894 166 11 14 0.14179364 
697 237 9 11 0.14119698 
816 206 9 12 0.13946633 
982 248 11 14 0.13732816 
637 142 14 16 0.13627292 
663 240 8 11 0.13605724 
615 246 9 12 0.13519207 
580 94 9 11 0.13374873 
831 175 9 11 0.13146059 
669 256 7 10 0.12929839 
599 179 9 12 0.12844959 
479 101 8 10 0.12829156 
949 149 11 15 0.12808153 
237 180 9 11 0.12786159 
678 168 10 12 0.12768835 
630 245 9 13 0.12681508 
535 101 8 10 0.12621793 
116 191 11 13 0.12566775 
913 174 8 11 0.12557252 
231 181 9 12 0.12486714 
487 143 8 11 0.12328623 
465 94 8 11 0.12182086 
869 199 10 12 0.12131258 
814 169 7 9 0.121077366 
552 109 9 11 0.11994649 
509 111 10 11 0.11916298 
1 270 9 13 0.11812014 
314 210 12 15 0.11745746 
913 168 8 10 0.11702805 
374 47 8 10 0.11608249 
639 247 8 10 0.11376157 
800 205 8 11 0.1135075 
469 207 9 13 0.11304964 
830 182 8 12 0.11281218 
471 95 9 11 0.11246138 
520 165 9 11 0.10852222 
983 193 8 11 0.10806071 
158 165 8 11 0.10772864 
790 199 7 10 0.10733423 
676 272 8 11 0.10714606 
498 217 15 17 0.10629965 
207 159 9 10 0.10550959 
312 183 11 15 0.10548863 
972 294 9 12 0.10522946 
656 246 9 11 0.10520324 
585 209 16 17 0.10432334 
902 173 9 11 0.10404727 
831 158 9 11 0.10332925 
665 254 9 10 0.103039585 
520 128 10 12 0.102294944 
5 270 9 12 0.10187935 
880 216 9 11 0.10171951 
288 115 13 14 0.10169376 
663 160 8 10 0.10166006 
1009 207 10 13 0.101657994 
853 134 8 10 0.10016706 
576 247 10 14 0.09956161 
664 262 8 11 0.09849639 
974 158 9 12 0.098011136 
876 168 8 11 0.09787981 
549 144 8 11 0.09781929 
427 205 11 13 0.09768415 
47 278 8 10 0.09717133 
577 158 8 10 0.096993126 
485 173 8 11 0.09698561 
936 175 8 10 0.096674055 
876 148 9 10 0.09627413 
768 272 9 11 0.096096955 
506 47 9 11 0.09608815 
134 257 12 13 0.09542207 
894 159 8 10 0.09525489 
827 222 9 11 0.095142454 
29 236 12 16 0.09506044 
594 167 7 9 0.09499335 
496 148 11 14 0.09462103 
348 241 11 16 0.09411213 
683 132 10 11 0.093963206 
796 134 9 10 0.09383913 
86 256 9 12 0.09355747 
224 182 9 12 0.09345383 
955 146 13 16 0.092182316 
595 232 10 13 0.09174226 
524 126 10 12 0.0917193 
874 228 11 12 0.09081446 
837 206 10 13 0.08972429 
520 247 10 12 0.08803288 
841 183 9 11 0.08792701 
261 166 8 12 0.087478794 
990 310 13 16 0.08738807 
558 232 7 9 0.08707463 
550 168 9 10 0.0870297 
911 240 8 10 0.08686884 
582 157 8 11 0.086785875 
704 265 8 10 0.086667895 
672 276 11 13 0.086392075 
81 255 8 11 0.08620048 
544 113 10 12 0.08609146 
838 151 7 9 0.085010916 
32 198 9 11 0.08451872 
217 115 11 14 0.08450913 
518 205 9 11 0.08428393 
702 246 8 11 0.083810985 
832 214 9 11 0.083804965 
427 212 11 13 0.08368331 
581 245 9 14 0.0836658 
1 287 9 13 0.08354731 
902 224 9 11 0.08307617 
137 221 9 12 0.083034806 
567 144 9 11 0.08238853 
232 272 10 12 0.08235032 
560 124 9 11 0.082161665 
606 221 9 11 0.08130377 
468 175 11 14 0.080564216 
101 246 9 11 0.080002956 
794 173 8 10 0.07924303 
855 149 8 10 0.079221785 
534 136 8 10 0.07917298 
512 103 8 10 0.07897121 
349 218 11 13 0.0789332 
192 192 8 10 0.07832379 
1003 295 10 12 0.0781205 
237 272 9 11 0.07771937 
559 237 8 10 0.07760056 
487 236 9 12 0.07737268 
70 198 11 14 0.077135004 
473 159 9 11 0.07702792 
965 182 9 12 0.07696442 
229 249 9 10 0.07681997 
913 157 9 11 0.076114655 
95 255 10 13 0.07596837 
870 160 10 10 0.07583244 
641 261 8 10 0.075730115 
479 120 8 10 0.07538157 
88 224 9 12 0.074191436 
177 185 8 10 0.073973075 
814 186 10 13 0.07392412 
934 236 9 12 0.07387576 
463 262 11 13 0.073534325 
600 220 10 12 0.073467135 
330 149 12 15 0.073351905 
669 261 9 10 0.07296289 
702 231 8 11 0.072691105 
527 248 8 11 0.0725697 
504 52 7 10 0.07234289 
606 199 8 10 0.07230454 
824 183 9 13 0.072031856 
583 152 10 12 0.07182259 
60 201 14 17 0.07147518 
521 143 9 11 0.07099227 
198 220 9 11 0.07060724 
575 151 8 11 0.07047412 
55 319 8 9 0.06959216 
519 238 9 11 0.06949257 
945 151 9 13 0.069442816 
464 178 11 13 0.069396235 
657 147 9 11 0.068746306 
254 132 9 11 0.068519205 
974 167 11 13 0.06774729 
222 135 9 10 0.067477226 
617 263 8 10 0.06723141 
392 95 10 13 0.067121916 
661 269 9 13 0.06680197 
583 142 9 11 0.06659402 
519 229 9 12 0.066332236 
455 112 10 14 0.06629738 
632 160 9 12 0.06609088 
427 221 10 13 0.06604775 
209 152 7 9 0.06583868 
647 253 10 12 0.06547268 
952 141 11 13 0.06541265 
600 167 7 9 0.065222025 
558 199 7 9 0.065169916 
695 245 10 12 0.06515063 
567 166 8 10 0.06507916 
127 195 11 15 0.06502323 
227 252 12 16 0.06489337 
855 143 10 12 0.06486158 
599 255 8 10 0.06484346 
878 192 8 11 0.06466384 
928 280 8 10 0.0643855 
878 135 7 9 0.064301044 
545 95 8 10 0.06402504 
897 222 9 12 0.06390047 
84 284 11 13 0.063617036 
221 141 9 13 0.06324897 
956 156 10 11 0.06319464 
942 230 8 11 0.06313944 
628 232 8 11 0.06293575 
157 161 7 9 0.06285791 
664 276 9 12 0.06264947 
961 190 9 12 0.06250556 
680 146 10 12 0.062450957 
546 148 9 12 0.0623737 
985 141 8 10 0.061940342 
174 237 8 11 0.061547007 
582 135 10 12 0.0615342 
984 155 10 13 0.061361697 
160 263 7 9 0.05997859 
901 147 8 11 0.059882876 
793 213 8 10 0.059479106 
527 180 10 13 0.059329405 
77 230 9 13 0.059141017 
101 232 9 10 0.05897403 
129 311 6 8 0.05895775 
101 239 8 11 0.058796264 
697 189 8 12 0.058688954 
431 176 10 12 0.0584623 
477 96 9 11 0.05828912 
866 165 7 9 0.05793184 
865 200 9 12 0.05785092 
425 102 9 11 0.057785217 
424 118 9 12 0.057767905 
960 173 10 13 0.05763496 
696 169 7 10 0.057509296 
696 253 8 9 0.057419293 
22 320 9 11 0.057107233 
654 193 10 11 0.05706508 
492 110 10 11 0.057007283 
118 303 9 11 0.056718417 
616 141 9 11 0.056637254 
492 125 10 13 0.056324147 
493 93 11 13 0.056061774 
478 246 8 11 0.056022514 
684 142 9 12 0.05541382 
833 153 9 10 0.05491895 
810 187 9 11 0.05487486 
103 260 9 11 0.054690067 
197 192 8 10 0.05447983 
998 180 10 11 0.05441333 
465 210 9 12 0.05412749 
95 236 10 12 0.05400069 
581 100 9 11 0.05368906 
983 239 8 11 0.053678893 
567 245 9 14 0.053361837 
111 254 8 11 0.05304617 
833 164 10 13 0.05290441 
792 206 8 10 0.052690737 
598 189 10 13 0.05262165 
644 142 10 12 0.052592397 
850 127 9 11 0.05255739 
669 247 9 10 0.052326657 
649 160 9 11 0.051942598 
165 197 8 11 0.051875513 
486 148 10 12 0.051800307 
590 124 13 15 0.051749375 
487 110 9 11 0.05151964 
977 251 11 15 0.0512927 
225 159 9 11 0.051135983 
466 257 8 10 0.05069394 
513 255 9 11 0.050638583 
974 206 10 11 0.050635684 
689 247 8 10 0.050597437 
936 151 9 12 0.050517634 
493 101 10 12 0.05046556 
112 286 8 9 0.05039509 
35 237 12 14 0.05035056 
372 114 12 14 0.050310854 
890 164 10 12 0.050309476 
536 85 7 9 0.050146215 
814 173 8 10 0.050083306 
882 220 12 16 0.049916003 
589 151 8 11 0.049865317 
502 155 9 12 0.04984118 
993 316 15 16 0.049757537 
924 224 10 12 0.049750336 
565 263 10 11 0.049658295 
550 252 8 11 0.049637094 
525 118 10 13 0.04962633 
25 221 10 14 0.04946672 
622 175 7 9 0.04916301 
33 202 11 14 0.049142975 
518 110 8 10 0.04898915 
112 177 11 14 0.048893105 
704 168 8 10 0.048877496 
826 158 8 11 0.04880864 
0 329 9 15 0.048766676 
484 508 17 20 0.048737526 
732 146 11 14 0.04824775 
62 210 14 17 0.048141435 
328 215 12 14 0.048055887 
505 64 7 11 0.047952294 
167 240 9 11 0.047898177 
235 152 13 16 0.04776484 
1010 143 7 9 0.047718048 
294 254 11 13 0.047575254 
769 180 8 10 0.047508717 
673 167 9 11 0.047365315 
966 172 10 14 0.047264654 
991 174 10 13 0.047109224 
689 253 8 11 0.047091432 
839 201 9 11 0.047064614 
373 64 10 12 0.047014143 
770 159 7 9 0.04699763 
607 160 8 9 0.046799947 
216 149 8 10 0.04676628 
184 280 7 9 0.046664167 
911 180 10 11 0.04623459 
601 77 9 12 0.046160232 
567 187 11 13 0.046018254 
601 160 7 9 0.045967836 
224 269 9 13 0.045933023 
122 237 9 12 0.045842607 
175 279 8 11 0.04574123 
53 277 8 10 0.04571751 
978 237 8 12 0.04567883 
721 261 8 11 0.045552347 
936 232 9 12 0.045427125 
558 119 10 12 0.04533886 
528 161 9 11 0.045219414 
0 276 10 15 0.045089852 
988 250 11 14 0.04486982 
513 96 8 9 0.044717222 
528 96 9 11 0.0446426 
861 222 9 11 0.044388838 
806 206 10 12 0.044236112 
600 195 10 12 0.044222403 
661 197 9 12 0.04412544 
896 147 10 12 0.04409512 
481 142 9 12 0.04408001 
1012 213 10 13 0.04407322 
325 68 15 17 0.043925907 
606 165 7 9 0.04388297 
947 178 10 13 0.04382942 
623 141 8 12 0.043823082 
593 256 10 11 0.043653045 
41 297 9 12 0.04361398 
534 271 8 11 0.0436075 
559 191 8 11 0.043560136 
810 175 9 10 0.043522 
552 160 8 10 0.043450255 
526 149 8 10 0.043306652 
993 180 9 12 0.043295674 
969 166 10 13 0.042935565 
5 576 40 55 0.042930253 
577 135 8 10 0.04267386 
565 95 9 10 0.04264927 
703 159 7 8 0.042646497 
937 179 9 12 0.04236863 
548 117 9 12 0.04229963 
825 177 9 11 0.042288326 
532 247 9 11 0.042242438 
710 264 7 8 0.04213907 
661 144 8 11 0.04211505 
486 244 10 13 0.04203042 
734 244 8 10 0.041977808 
258 157 9 11 0.041720524 
993 290 20 23 0.041686546 
966 205 11 13 0.041682392 
488 120 9 11 0.041592713 
546 253 8 10 0.041577574 
13 270 9 11 0.041527845 
745 198 8 10 0.041439977 
88 349 8 10 0.041405458 
559 174 8 10 0.04128071 
663 232 8 11 0.041063476 
365 248 8 9 0.040967315 
936 142 9 10 0.040864345 
958 205 11 14 0.0407126 
498 72 8 11 0.040654793 
975 178 10 13 0.040474225 
937 136 7 9 0.04044428 
1013 247 9 14 0.040286403 
727 268 9 11 0.04008459 
936 199 10 13 0.040018965 
112 596 18 20 0.039965533 
116 181 11 13 0.03988334 
1005 152 10 11 0.039878648 
552 192 8 10 0.039771218 
783 175 7 9 0.0396165 
940 203 10 13 0.03957559 
553 198 8 10 0.039161984 
785 203 9 11 0.039060205 
161 239 9 13 0.038829718 
166 192 8 10 0.038796365 
207 143 9 11 0.038770724 
921 236 9 12 0.038747054 
836 166 11 12 0.038718678 
119 308 8 10 0.038690574 
1006 199 9 11 0.038605448 
436 155 10 13 0.038600367 
998 245 9 12 0.03859503 
80 320 8 10 0.038588893 
975 152 9 12 0.038399525 
925 142 8 10 0.038131848 
872 178 12 14 0.03784287 
597 132 9 12 0.03767985 
1000 253 10 13 0.037668977 
632 142 12 15 0.03766829 
529 101 10 11 0.037664834 
1000 212 10 13 0.03766418 
196 162 11 13 0.037553858 
621 264 9 10 0.03749674 
1003 234 15 17 0.037407417 
1005 268 10 12 0.037385397 
966 198 9 11 0.037328586 
574 142 9 11 0.03727519 
873 137 9 9 0.037195016 
960 197 9 11 0.03718903 
1014 220 10 14 0.03707061 
512 247 8 11 0.03700968 
377 150 10 12 0.036916915 
951 228 10 12 0.036860008 
864 182 9 13 0.036687914 
508 68 9 13 0.036592547 
664 286 8 10 0.036586262 
411 134 15 18 0.03644427 
111 295 9 11 0.036382116 
198 153 8 10 0.036347024 
52 350 10 11 0.036291033 
-1 243 8 14 0.036231257 
237 255 11 14 0.036191564 
749 198 8 11 0.036190007 
720 256 7 10 0.03618991 
959 240 8 11 0.03611464 
592 260 9 11 0.03601453 
161 192 9 11 0.035998214 
575 165 8 10 0.035792585 
175 285 9 10 0.0357767 
84 269 12 14 0.035773057 
625 159 8 11 0.035607934 
479 125 9 11 0.035542414 
521 175 8 11 0.035499956 
620 116 10 13 0.035461433 
527 174 9 12 0.035422854 
515 260 8 10 0.035384465 
152 286 8 10 0.03531755 
886 173 9 13 0.035256583 
793 182 8 10 0.03524648 
423 123 9 13 0.03520648 
92 225 9 11 0.035075013 
704 223 8 11 0.035070576 
927 151 9 12 0.03506587 
898 137 8 10 0.0350627 
497 156 9 11 0.034999017 
656 122 12 15 0.034937616 
849 152 9 10 0.03492863 
1014 309 10 14 0.03484363 
569 158 10 11 0.0347966 
14 278 9 12 0.034745883 
286 127 12 14 0.034744717 
710 239 8 11 0.034706075 
46 307 9 11 0.03464028 
1000 152 9 10 0.034635954 
221 149 9 10 0.0345969 
751 205 8 11 0.034527086 
94 283 9 13 0.034418873 
608 259 9 11 0.034417067 
499 180 9 13 0.034335375 
553 238 8 10 0.0343291 
1006 173 11 13 0.03432274 
567 206 9 11 0.03430843 
873 190 10 12 0.034299638 
588 86 10 11 0.03426583 
708 229 9 11 0.034182318 
750 271 10 11 0.034159843 
502 35 10 12 0.034156814 
28 227 13 16 0.034062263 
871 261 10 14 0.03390558 
1014 142 7 10 0.03389822 
974 269 9 13 0.033860162 
980 244 21 26 0.033781458 
497 176 8 11 0.03378006 
525 133 9 11 0.033714395 
193 153 8 9 0.033645164 
708 207 9 11 0.033614993 
177 194 10 13 0.03357562 
2 262 9 13 0.033392403 
376 105 10 12 0.03330907 
208 163 9 11 0.033255246 
535 141 9 11 0.03324234 
345 77 9 13 0.03322705 
121 230 10 12 0.033093706 
239 188 10 12 0.033027086 
917 156 9 11 0.03299275 
623 126 10 12 0.03298709 
607 126 8 11 0.032972947 
501 204 10 12 0.03292283 
641 255 8 11 0.032890465 
773 166 8 10 0.032881256 
930 264 8 11 0.03275091 
669 160 9 11 0.032749783 
23 260 10 13 0.03273505 
502 235 10 12 0.032665357 
567 125 9 10 0.032648794 
246 139 11 14 0.03262916 
118 169 11 12 0.03262041 
1006 258 10 13 0.032617964 
654 252 9 11 0.03261534 
733 191 9 11 0.03248378 
39 282 10 13 0.03245157 
614 149 9 11 0.032399934 
221 125 9 12 0.032377794 
1007 247 11 13 0.03236709 
511 176 8 11 0.032353345 
102 254 10 13 0.03235126 
502 247 9 12 0.032248363 
611 212 9 12 0.032186832 
1014 283 10 15 0.032103423 
345 165 8 11 0.03206693 
461 112 9 12 0.031990804 
169 253 8 11 0.031985037 
585 236 10 14 0.031974725 
84 277 12 15 0.03193773 
593 275 9 12 0.03187408 
132 196 11 14 0.031784445 
709 109 11 13 0.031755432 
641 204 9 12 0.031620525 
951 238 8 11 0.031513683 
866 160 8 10 0.031461075 
977 191 8 10 0.031449392 
75 203 12 15 0.031334035 
634 606 45 63 0.031297646 
609 142 8 10 0.031290937 
172 228 9 12 0.03121693 
208 189 9 12 0.031187858 
526 111 9 10 0.031071797 
943 223 10 13 0.03100474 
930 270 8 9 0.030983333 
734 167 7 9 0.030958531 
561 143 8 11 0.03092184 
709 246 8 11 0.030913161 
953 136 10 12 0.030776508 
217 134 10 11 0.030652344 
671 127 12 14 0.030555602 
929 198 9 12 0.030530997 
328 182 10 13 0.030462343 
246 183 8 10 0.030408086 
173 244 10 12 0.03036901 
5 327 11 13 0.030361399 
85 294 10 13 0.030290801 
600 212 10 14 0.030273046 
103 269 9 10 0.030142877 
255 151 10 13 0.030019397 
863 143 9 11 0.029914357 
837 158 9 10 0.02989662 
128 162 9 11 0.029844796 
423 110 10 12 0.029825889 
996 202 13 15 0.029811045 
561 149 8 10 0.029771978 
685 166 8 11 0.029697403 
685 188 9 12 0.029674465 
419 139 12 17 0.02951574 
603 181 9 11 0.029493222 
477 157 9 12 0.029470816 
137 295 8 11 0.029458243 
170 279 8 11 0.029440729 
762 264 7 8 0.029416785 
538 118 10 12 0.029353665 
991 192 10 13 0.029336814 
511 132 9 11 0.029320128 
648 199 8 10 0.02926802 
639 271 8 10 0.029265271 
790 192 8 9 0.029254923 
127 244 9 12 0.029247545 
959 168 10 13 0.029245945 
648 248 10 12 0.029244944 
560 245 11 14 0.029195601 
613 158 9 10 0.029171696 
624 133 10 13 0.029133523 
464 274 12 14 0.02912848 
85 307 9 11 0.029127203 
729 136 10 12 0.02912302 
504 252 8 11 0.029063098 
957 227 9 11 0.029046949 
430 247 13 16 0.029030865 
509 51 9 11 0.029002013 
543 159 8 11 0.028925408 
704 117 11 13 0.028888533 
889 160 9 10 0.028864691 
388 211 9 12 0.02881753 
654 159 9 11 0.028804738 
703 252 8 9 0.028799694 
54 294 9 11 0.028567314 
754 651 12 14 0.028550336 
87 320 8 9 0.02853614 
25 543 8 10 0.028457731 
847 141 10 11 0.028452821 
704 96 13 16 0.028379912 
927 156 10 12 0.028324245 
127 183 10 12 0.02830075 
565 101 10 12 0.028287042 
674 171 9 12 0.02824612 
551 89 8 10 0.02813126 
334 245 9 12 0.028121928 
159 170 10 13 0.028096376 
382 157 9 12 0.028095907 
521 179 10 13 0.02809227 
432 263 9 11 0.028090386 
783 182 8 9 0.02802227 
751 94 8 11 0.028001515 
989 240 11 13 0.027964681 
739 115 12 14 0.027931727 
942 135 8 10 0.02787927 
871 254 9 12 0.027824696 
606 227 10 12 0.02775795 
1007 179 9 12 0.0277396 
120 246 9 11 0.027710577 
470 141 9 13 0.027703427 
478 205 10 13 0.027626745 
844 187 10 12 0.02761158 
977 199 9 11 0.027476816 
480 167 9 12 0.027413843 
424 95 10 11 0.027380666 
0 308 7 13 0.027344259 
535 125 9 11 0.027332783 
470 254 8 10 0.027293094 
704 199 8 9 0.02723669 
473 100 9 10 0.027173126 
562 265 9 11 0.027173026 
838 173 10 12 0.02713223 
729 156 10 11 0.027082812 
645 260 9 11 0.027064733 
1013 175 10 14 0.027052796 
972 211 12 15 0.02703341 
385 174 10 13 0.027028574 
784 191 9 11 0.026926767 
981 202 11 14 0.026917258 
182 215 10 12 0.026837355 
157 285 10 11 0.026813842 
581 88 10 11 0.026742995 
369 82 11 15 0.026659586 
446 115 12 15 0.026604775 
597 243 9 12 0.026553843 
558 134 9 11 0.026549682 
295 249 7 10 0.026518049 
213 165 9 11 0.02650807 
495 245 10 13 0.026463423 
982 178 10 13 0.026442394 
989 140 10 12 0.026427615 
351 133 12 12 0.026414813 
470 196 8 11 0.026385423 
999 238 12 15 0.026356908 
498 198 9 13 0.026350874 
128 338 9 10 0.026255045 
416 84 10 13 0.026186133 
877 262 10 12 0.02616756 
140 216 9 11 0.026163606 
169 152 10 12 0.026088938 
55 313 8 9 0.02604968 
45 238 10 15 0.026012952 
4 275 11 14 0.02598824 
773 160 8 9 0.025958177 
624 110 10 12 0.025956526 
500 226 15 17 0.025954299 
607 135 8 11 0.025937308 
74 186 11 14 0.025904255 
38 365 14 16 0.025896987 
57 220 12 15 0.02588986 
942 168 17 23 0.025877103 
936 223 10 12 0.025868434 
594 173 9 12 0.0258134 
671 140 12 14 0.025810355 
463 88 8 10 0.025756884 
517 103 8 10 0.02569413 
314 175 10 11 0.025671218 
942 235 10 13 0.025654128 
507 187 10 12 0.025646752 
1006 246 18 26 0.02557729 
760 272 11 12 0.025565596 
78 245 8 11 0.025546772 
512 87 8 10 0.025444612 
589 71 9 11 0.025349736 
367 53 9 11 0.025333319 
329 133 11 14 0.025318906 
481 149 9 13 0.025310861 
347 230 12 15 0.025207188 
70 320 8 10 0.02519612 
566 279 9 11 0.025154894 
367 255 9 11 0.02513461 
359 117 11 14 0.025126988 
494 87 10 12 0.024956534 
404 99 12 13 0.0249564 
980 167 11 14 0.024904184 
599 94 10 13 0.024896806 
0 299 8 14 0.024872623 
361 254 9 11 0.024857525 
368 260 10 13 0.024854312 
474 629 12 15 0.02483581 
606 86 9 11 0.024757419 
-1 548 23 28 0.024755277 
145 287 8 9 0.024734853 
606 192 9 12 0.02471701 
37 241 12 16 0.024695968 
808 212 8 11 0.024681747 
215 184 11 14 0.024659455 
330 138 13 16 0.024597153 
736 255 8 10 0.024567714 
973 288 10 12 0.024488755 
126 304 8 10 0.02444765 
40 309 9 12 0.024442999 
981 231 10 13 0.024405012 
664 164 8 10 0.024383282 
719 167 7 10 0.024327362 
513 159 7 10 0.024216771 
560 167 7 10 0.024185611 
589 218 13 15 0.024132762 
966 245 10 11 0.024131356 
593 295 7 8 0.024115324 
1013 200 9 13 0.024110887 
657 109 11 14 0.024095489 
750 175 8 11 0.024090229 
509 64 8 11 0.024085226 
132 237 9 11 0.024084615 
75 211 12 15 0.02407882 
511 228 9 13 0.023971617 
728 232 9 11 0.023960218 
566 108 9 11 0.023941256 
584 119 9 11 0.023870092 
566 240 9 11 0.023813598 
680 252 9 11 0.023745852 
354 213 10 12 0.02374218 
945 168 10 13 0.023735505 
425 68 9 12 0.023727257 
641 278 9 11 0.023714686 
558 204 9 11 0.023709223 
409 212 14 16 0.023678865 
109 187 19 23 0.023633212 
976 260 10 14 0.023627417 
47 203 12 16 0.023602976 
398 93 12 14 0.023552654 
989 166 9 12 0.023459578 
797 129 8 10 0.023431553 
535 80 8 10 0.023289315 
742 255 7 10 0.023285883 
698 264 8 10 0.023280585 
616 190 9 11 0.023255741 
729 183 8 10 0.023212822 
181 185 9 10 0.023186555 
469 190 9 13 0.023183148 
590 158 8 10 0.023152439 
480 239 9 12 0.023147577 
863 213 10 13 0.02312808 
461 126 10 14 0.023119062 
992 192 19 23 0.023019064 
487 105 9 11 0.023005066 
429 118 8 11 0.0229772 
173 311 9 12 0.022969412 
504 102 8 9 0.022953052 
345 220 11 14 0.022944797 
695 151 8 11 0.022931827 
736 215 9 11 0.022857113 
488 252 8 11 0.022708643 
257 170 10 12 0.02266016 
679 234 11 13 0.02264873 
423 64 8 11 0.0226396 
574 125 10 12 0.022523811 
533 254 8 10 0.022521317 
623 198 9 11 0.02248809 
583 287 7 9 0.02244661 
927 167 9 10 0.022427186 
657 100 11 12 0.02235625 
532 173 10 13 0.022345241 
616 112 10 13 0.02232694 
48 272 9 13 0.022270583 
702 188 9 12 0.022261398 
137 288 7 9 0.02222524 
390 179 8 11 0.02221264 
152 231 9 11 0.022203818 
741 150 10 12 0.02220072 
631 271 8 9 0.02218224 
468 491 14 17 0.0221753 
31 372 11 13 0.022146143 
825 216 9 11 0.022142434 
617 240 8 11 0.022095107 
361 245 9 13 0.021994887 
750 180 9 10 0.02195444 
561 95 8 10 0.021860367 
909 221 11 14 0.021839406 
113 300 10 14 0.02173442 
560 181 9 12 0.021731962 
874 128 7 9 0.0216562 
88 325 7 9 0.021649955 
864 173 10 12 0.021649605 
544 167 8 10 0.02164387 
1006 220 13 14 0.021641394 
588 140 11 13 0.02162315 
478 279 8 10 0.021619376 
890 150 9 10 0.021618882 
730 166 8 11 0.021594983 
614 100 9 11 0.021553222 
517 95 8 10 0.021548923 
750 168 8 10 0.021542886 
483 189 12 14 0.021521458 
515 165 8 10 0.021504061 
62 227 14 18 0.021500627 
656 240 9 12 0.021490227 
678 247 10 11 0.021425994 
469 277 10 12 0.021423122 
878 129 8 9 0.021422852 
624 148 8 11 0.021422386 
545 198 9 12 0.02140256 
926 175 9 11 0.021398773 
500 175 18 25 0.021393761 
876 159 9 11 0.021373445 
585 261 9 10 0.021368101 
598 260 9 10 0.021335773 
745 175 9 11 0.021313973 
167 183 8 11 0.021292567 
654 134 11 13 0.021242706 
126 221 10 12 0.021217983 
381 103 8 11 0.021201098 
344 93 10 12 0.021182261 
876 231 13 17 0.021159204 
755 286 13 14 0.021115443 
324 150 20 23 0.021075446 
184 172 9 11 0.021068403 
624 190 8 10 0.021061873 
681 159 9 11 0.021035058 
534 198 9 12 0.021028334 
855 227 10 12 0.020998495 
675 126 20 23 0.020995332 
773 174 9 10 0.020977966 
617 285 9 10 0.020967051 
623 270 9 10 0.020886902 
735 286 9 11 0.020854762 
121 221 10 13 0.020832144 
294 157 9 10 0.020815164 
744 140 10 14 0.02080927 
661 95 10 11 0.020789457 
623 203 8 11 0.020763908 
966 149 9 12 0.020746436 
510 126 10 12 0.020743527 
954 197 9 11 0.020733552 
843 206 10 12 0.02071614 
576 229 10 13 0.02071612 
330 125 9 11 0.020671176 
696 157 8 10 0.020622427 
886 198 10 12 0.020620989 
1008 282 22 28 0.020551085 
517 211 11 14 0.020549152 
457 94 8 11 0.020548983 
567 309 9 11 0.020548379 
533 239 9 12 0.020534994 
261 187 10 14 0.020490201 
114 308 10 11 0.020472698 
589 76 11 13 0.020471202 
729 190 9 10 0.020440845 
582 229 11 14 0.020424975 
102 301 9 12 0.020367885 
906 180 8 11 0.020322667 
894 215 11 14 0.020298967 
142 197 8 12 0.020287797 
177 293 8 10 0.02024471 
486 154 12 14 0.020240327 
651 191 8 11 0.020225113 
193 221 10 11 0.02021756 
997 287 14 16 0.020210417 
481 109 9 12 0.020191804 
1011 234 13 17 0.02019056 
646 272 9 10 0.0201704 
567 212 11 14 0.020148236 
1005 261 23 30 0.020142594 
190 280 7 10 0.020128421 
70 325 7 11 0.020112548 
637 173 10 12 0.020105787 
438 118 13 14 0.020100959 
420 132 11 14 0.020046506 
910 191 10 11 0.020033773 
557 103 10 13 0.020012356 
260 126 12 15 0.020011645 
