0_Parade_Parade_0_382
85
791 213 28 39 0.9993303 
446 231 49 56 0.9970758 
595 136 33 45 0.99439704 
909 301 24 28 0.9937262 
118 183 44 63 0.9776374 
84 92 28 39 0.6544403 
839 275 24 36 0.2109512 
732 217 16 23 0.15792064 
703 218 18 25 0.14209433 
663 398 41 65 0.12782624 
317 335 8 11 0.120290324 
402 94 16 19 0.11791759 
82 223 16 19 0.10582411 
110 69 14 14 0.096554525 
934 63 9 12 0.08824124 
990 311 14 19 0.08197746 
927 62 11 13 0.08065403 
320 621 29 30 0.07404435 
968 126 9 12 0.07307537 
969 307 11 15 0.057366952 
714 226 16 19 0.055516962 
87 102 16 23 0.05400923 
327 379 9 12 0.0475393 
978 142 9 11 0.04578694 
961 125 9 11 0.043492455 
94 239 17 23 0.042088557 
188 325 16 25 0.03973541 
509 403 23 27 0.03966319 
724 225 15 20 0.038722005 
78 87 48 58 0.038429298 
304 400 9 10 0.03740766 
402 199 34 48 0.037020445 
845 292 17 22 0.036873877 
245 326 14 18 0.036751177 
921 61 10 15 0.03362548 
286 273 11 14 0.03255779 
963 288 14 18 0.032415595 
304 374 9 11 0.03238061 
254 349 7 10 0.031772148 
364 446 17 20 0.030075792 
922 46 9 12 0.030036587 
514 416 17 19 0.029982498 
393 210 47 66 0.029758716 
652 112 36 49 0.02955093 
534 428 12 15 0.028559593 
79 228 24 29 0.028199574 
148 256 16 20 0.028026424 
364 476 15 20 0.027970951 
305 405 8 9 0.027716435 
251 325 10 13 0.027688822 
918 67 11 13 0.027248846 
668 138 13 20 0.026970554 
926 53 10 12 0.026913451 
75 231 18 21 0.0268625 
99 267 15 19 0.026628852 
105 65 26 25 0.0266269 
995 531 31 42 0.026264727 
337 343 8 11 0.02592975 
379 414 22 29 0.025895748 
901 75 12 16 0.025609363 
701 211 15 22 0.025019148 
106 101 29 35 0.024967367 
941 66 10 14 0.024449386 
912 72 10 13 0.024394762 
712 211 18 21 0.024325278 
698 285 26 33 0.02386627 
309 374 8 11 0.02326267 
771 302 36 41 0.023036351 
424 219 46 62 0.022955792 
539 408 17 25 0.022448467 
67 305 30 34 0.022136021 
972 292 14 18 0.022049969 
394 424 16 20 0.021828603 
404 550 13 14 0.02156598 
237 342 8 12 0.021467611 
137 303 24 33 0.021432681 
722 233 16 19 0.021036934 
313 339 10 12 0.020921197 
720 241 19 21 0.020819478 
379 244 47 62 0.020753097 
124 292 15 21 0.020657182 
68 224 38 46 0.02059891 
555 356 12 16 0.020554751 
725 622 14 18 0.020376472 
90 226 16 21 0.020206196 
