0_Parade_Parade_0_917
123
650 122 29 36 0.8390338 
150 237 9 11 0.47253776 
52 399 26 33 0.39149663 
135 261 11 12 0.3094792 
0 317 8 14 0.20937532 
156 254 11 13 0.17446223 
324 429 10 13 0.15705271 
728 460 27 33 0.1448492 
991 351 23 30 0.14323947 
136 254 12 15 0.1422005 
544 323 11 15 0.13427019 
593 412 26 39 0.12872775 
533 295 12 15 0.12663713 
23 328 8 10 0.12622447 
113 247 11 14 0.10966789 
587 197 15 17 0.095550455 
821 337 30 38 0.08225296 
936 323 40 49 0.07414897 
563 418 13 19 0.07247178 
642 108 45 60 0.06938859 
116 261 10 13 0.068435185 
634 325 18 23 0.06511479 
419 302 8 11 0.061793502 
153 259 11 12 0.058373954 
140 248 10 12 0.057180937 
397 384 12 16 0.056342456 
495 347 10 13 0.05494529 
81 294 7 10 0.05138021 
584 438 100 125 0.049249485 
592 299 13 17 0.04904336 
152 244 10 12 0.046314485 
692 109 17 23 0.04568931 
493 393 59 72 0.045659523 
157 247 10 13 0.045620378 
690 418 43 57 0.044983685 
457 397 10 12 0.04390374 
519 360 21 26 0.04296702 
635 132 13 16 0.04184153 
560 425 11 15 0.04179918 
808 335 26 32 0.040654905 
502 318 15 19 0.04058839 
487 278 7 9 0.040342007 
823 283 11 14 0.040298127 
489 343 10 12 0.03992505 
943 289 34 41 0.03913086 
145 232 10 12 0.03895427 
129 262 9 12 0.03830866 
500 147 400 490 0.037714522 
111 287 9 12 0.037559256 
448 263 8 9 0.037496872 
529 292 20 26 0.037494566 
81 288 7 9 0.037482608 
835 344 18 24 0.03731481 
134 232 9 11 0.036372997 
600 332 11 15 0.035740685 
662 128 18 23 0.035568617 
641 328 19 24 0.035531536 
458 405 10 12 0.03527224 
500 349 9 12 0.03481871 
633 126 26 32 0.032786317 
535 287 10 14 0.032449026 
7 325 9 12 0.03221876 
541 286 11 13 0.031002324 
19 253 12 15 0.030852504 
472 363 11 14 0.030819844 
129 232 9 11 0.030605972 
110 241 20 24 0.030584738 
836 514 14 17 0.030435609 
595 295 11 13 0.030120583 
3 316 10 14 0.029407285 
37 253 13 17 0.02917753 
441 344 7 10 0.028360987 
601 408 17 27 0.028359145 
517 493 13 13 0.02831894 
488 361 13 16 0.02828241 
939 338 19 22 0.028137742 
540 293 10 13 0.02760636 
566 406 11 13 0.027191214 
95 287 6 9 0.027159404 
190 244 14 16 0.027069103 
145 230 19 24 0.026868908 
40 246 10 12 0.026702417 
799 323 44 49 0.026558993 
446 343 8 10 0.026545055 
676 122 11 16 0.02614611 
591 351 12 15 0.025926271 
675 82 42 53 0.025764642 
590 390 25 32 0.025722805 
33 258 10 14 0.025539009 
243 382 10 13 0.02518958 
861 318 10 14 0.025006093 
619 351 25 33 0.025004437 
605 109 42 58 0.02491728 
494 357 11 15 0.024794303 
595 402 18 24 0.024748141 
47 285 7 10 0.024679946 
563 408 23 30 0.024571432 
662 259 143 170 0.0244404 
405 304 8 10 0.024363864 
986 152 40 82 0.02435574 
586 300 22 27 0.024255337 
541 316 19 26 0.024109637 
574 478 33 41 0.02331477 
576 460 52 75 0.023258282 
15 333 9 10 0.023079475 
538 298 13 17 0.022524042 
0 248 8 12 0.022509102 
60 251 11 13 0.022505978 
96 295 7 9 0.022407824 
814 318 12 16 0.022228522 
771 313 22 25 0.022003056 
64 401 19 24 0.021926412 
290 391 8 11 0.021614904 
295 400 9 11 0.021348745 
780 303 14 16 0.02133912 
296 406 9 12 0.021169575 
320 -29 398 471 0.021006063 
14 341 11 14 0.020921497 
629 318 14 18 0.020754514 
684 384 15 18 0.02044868 
797 357 16 22 0.020238629 
88 288 7 8 0.02018741 
475 359 11 14 0.02008145 
