0_Parade_Parade_0_429
60
392 230 114 145 0.99994457 
607 240 96 124 0.99988747 
149 264 109 125 0.99988353 
79 242 17 20 0.47262722 
26 247 17 21 0.3987906 
117 52 24 30 0.39805323 
174 108 16 20 0.39583144 
18 115 17 21 0.30696192 
9 51 24 29 0.25810683 
72 114 16 20 0.2079612 
25 177 16 20 0.19988844 
885 65 14 17 0.17090704 
181 134 12 15 0.15878786 
76 176 16 19 0.14889464 
113 1 24 20 0.1327974 
229 112 15 19 0.11731453 
67 44 16 21 0.110023975 
73 69 15 19 0.10305065 
122 118 23 29 0.09633662 
173 54 22 28 0.083704 
82 300 16 20 0.073313445 
162 -1 21 18 0.069478184 
349 9 28 26 0.06750925 
129 176 16 21 0.06398913 
30 304 17 21 0.063461386 
493 131 12 14 0.056413736 
514 152 25 31 0.049002226 
65 55 23 28 0.04731048 
175 131 21 26 0.045067016 
362 0 19 18 0.04315407 
353 19 20 22 0.04127435 
879 107 15 20 0.041121997 
118 43 16 19 0.040824793 
892 141 10 15 0.038620174 
763 754 15 15 0.038269006 
230 182 22 28 0.036979727 
885 111 16 19 0.034778044 
884 101 13 17 0.034034587 
333 6 28 27 0.03244865 
341 12 27 32 0.02949163 
330 5 17 19 0.029158464 
61 61 14 17 0.02762691 
173 44 18 22 0.027491054 
721 140 9 11 0.02731357 
614 30 10 13 0.026609845 
33 187 14 18 0.02646411 
885 206 11 13 0.025741545 
54 64 12 17 0.024530914 
27 238 15 19 0.023325428 
872 94 10 13 0.023160433 
186 131 13 17 0.02304489 
878 99 14 18 0.022588914 
877 92 13 15 0.02192825 
16 44 17 21 0.021825034 
339 6 15 15 0.02101973 
377 24 45 51 0.020699171 
430 15 12 15 0.02050915 
886 164 12 16 0.020272268 
704 31 8 11 0.020218994 
225 52 17 20 0.020153644 
