0_Parade_marchingband_1_329
375
135 314 22 26 0.99614316 
572 423 19 24 0.9886847 
660 336 18 21 0.98265624 
191 311 21 26 0.9734168 
291 321 17 18 0.972873 
836 326 20 24 0.97151875 
448 415 20 26 0.97066677 
566 339 16 18 0.9613204 
77 295 22 27 0.96079636 
632 428 20 24 0.95993465 
756 389 22 26 0.95829755 
330 323 16 18 0.9490229 
714 371 23 27 0.94896334 
414 322 14 16 0.9455927 
511 428 18 23 0.9373049 
783 349 20 22 0.93374145 
374 330 12 15 0.93101346 
525 321 13 16 0.90538484 
181 393 22 24 0.9026125 
251 383 21 25 0.9016304 
640 310 17 20 0.87472105 
212 338 22 26 0.86139685 
328 387 20 21 0.8443086 
896 335 21 26 0.8347842 
798 400 19 23 0.83165276 
589 313 17 22 0.80458516 
706 333 16 19 0.79762685 
748 343 16 19 0.7774354 
683 331 16 20 0.7580464 
338 358 14 17 0.733738 
478 316 18 19 0.7192276 
542 323 15 18 0.7164426 
506 336 14 16 0.69702464 
159 325 21 24 0.6897378 
654 373 15 19 0.68966925 
388 379 22 24 0.67699474 
627 398 15 20 0.630515 
566 315 21 24 0.59905684 
355 357 14 19 0.5577682 
611 315 16 18 0.52077514 
670 363 15 19 0.47054374 
651 393 20 22 0.4141547 
292 359 13 17 0.39265 
679 306 13 17 0.38587463 
644 346 15 19 0.38356778 
466 330 13 16 0.37120992 
613 347 14 18 0.36980823 
445 323 13 16 0.36900046 
400 326 10 14 0.34980482 
783 395 12 17 0.3438342 
579 310 20 26 0.33431497 
524 348 14 19 0.3087156 
476 348 11 14 0.30599344 
695 309 14 16 0.30030337 
716 424 20 25 0.28106517 
767 334 14 18 0.2691905 
185 448 17 20 0.26801994 
571 308 17 17 0.2580307 
439 350 13 17 0.25505376 
371 316 14 18 0.25207984 
301 450 15 19 0.24922164 
442 361 15 19 0.24700858 
316 338 12 15 0.22982839 
682 387 13 18 0.2261683 
477 342 11 13 0.21344095 
635 352 15 19 0.2127927 
274 306 15 19 0.21226975 
368 431 14 19 0.20630221 
280 379 18 23 0.1830344 
439 325 13 16 0.17591816 
751 302 13 16 0.1736872 
486 395 15 17 0.16131017 
413 308 13 15 0.15849061 
780 297 24 27 0.15163322 
757 431 16 21 0.14738607 
396 355 14 18 0.14287473 
508 356 10 14 0.13699943 
391 347 12 16 0.13685918 
413 289 12 15 0.13560523 
800 442 16 20 0.13542746 
750 149 13 16 0.13236375 
607 345 13 18 0.13194856 
870 323 16 20 0.12785411 
452 324 12 16 0.11709336 
462 308 9 13 0.1168919 
350 281 12 14 0.1156181 
627 292 15 17 0.115082905 
603 312 18 24 0.11044558 
263 425 14 18 0.10851318 
900 371 12 16 0.10785705 
757 316 11 13 0.10775935 
193 353 15 19 0.10772328 
703 372 14 18 0.1039829 
523 360 14 18 0.0999413 
661 432 25 28 0.09969564 
454 330 12 16 0.09859798 
310 332 15 18 0.09851505 
740 387 13 17 0.09589183 
531 347 16 21 0.09553505 
754 307 13 16 0.09512531 
474 352 13 19 0.09456597 
785 392 19 25 0.08942066 
462 317 12 14 0.08894961 
396 426 14 18 0.087306835 
635 290 12 15 0.086571485 
520 407 19 23 0.08335631 
396 339 14 16 0.07918115 
621 330 13 16 0.07543074 
69 299 18 20 0.07509362 
338 330 12 15 0.07481782 
271 331 12 16 0.074571684 
736 344 14 18 0.07193266 
619 322 13 16 0.070561625 
253 371 20 25 0.0703846 
383 361 14 16 0.06903048 
645 333 13 17 0.068540245 
561 322 13 16 0.06843061 
431 325 11 14 0.067830816 
627 332 12 15 0.06766208 
709 343 14 18 0.06740712 
445 339 11 14 0.066684335 
581 121 17 18 0.065995924 
282 367 21 27 0.06594491 
473 282 10 14 0.06516632 
676 357 14 19 0.064420685 
79 270 14 16 0.06357777 
463 390 12 15 0.06349308 
618 311 15 18 0.06315785 
558 159 12 15 0.06269893 
507 347 13 16 0.062510505 
296 315 16 20 0.0606764 
612 328 15 18 0.059371527 
432 271 8 10 0.059244633 
-47 187 456 490 0.058826 
520 354 14 18 0.05784889 
713 337 14 17 0.05751018 
767 357 13 16 0.05750824 
686 378 14 21 0.057180014 
477 278 11 15 0.056541923 
784 311 19 20 0.055692323 
765 328 12 17 0.054903556 
388 363 15 17 0.05453989 
260 499 24 30 0.054532632 
334 311 12 15 0.05450781 
343 283 10 15 0.053632036 
348 355 17 23 0.053562645 
725 341 12 15 0.05350647 
373 284 11 13 0.053173847 
717 470 14 17 0.05297316 
265 433 15 19 0.051653795 
580 269 12 14 0.0513487 
114 249 16 19 0.051092397 
299 309 12 16 0.050511703 
756 330 20 23 0.05001224 
494 389 14 19 0.04998112 
228 347 12 16 0.049340323 
445 354 21 25 0.04928418 
659 364 19 24 0.049112026 
350 339 13 15 0.049072456 
542 437 13 17 0.048861083 
94 350 14 16 0.04876273 
114 324 13 17 0.047578752 
485 347 12 16 0.047350425 
718 356 14 17 0.04720103 
715 347 13 16 0.047117222 
390 284 11 13 0.046784166 
327 329 13 16 0.04618394 
749 435 23 28 0.045722857 
709 372 17 22 0.04533415 
247 355 13 16 0.04527613 
518 342 12 16 0.045212135 
648 341 20 24 0.04505178 
356 341 12 14 0.044724915 
669 388 14 18 0.04467047 
199 369 14 17 0.04457956 
473 268 9 12 0.044546932 
476 330 15 17 0.04453718 
300 424 16 21 0.044019643 
243 448 16 19 0.04392013 
388 371 18 21 0.043827962 
470 336 14 17 0.043625027 
335 285 12 14 0.04319707 
101 247 17 21 0.04296077 
392 268 9 11 0.042685803 
515 460 26 30 0.04265361 
336 434 15 18 0.042365648 
790 381 14 16 0.041728877 
773 355 14 17 0.041646108 
613 337 20 25 0.041520834 
611 391 16 20 0.041498214 
747 372 15 17 0.040972646 
425 364 14 17 0.040667742 
439 342 12 16 0.04060371 
402 362 15 19 0.040088825 
405 322 14 17 0.040086865 
419 306 12 16 0.039968397 
301 302 11 13 0.039370492 
680 290 14 18 0.03919286 
795 388 16 18 0.039115246 
212 381 14 17 0.03899315 
650 405 18 21 0.03874939 
74 273 24 30 0.038704548 
822 359 21 28 0.038464446 
591 285 11 14 0.038301066 
751 313 14 16 0.038143862 
793 354 14 17 0.038106434 
280 306 19 24 0.038011007 
643 304 13 17 0.03750875 
415 270 10 11 0.0374725 
735 385 13 19 0.037297066 
550 349 11 14 0.036377266 
740 324 11 13 0.0363242 
356 361 21 27 0.036016632 
507 324 14 18 0.03577603 
682 355 12 16 0.035147194 
431 348 11 15 0.03496254 
277 325 11 15 0.03457136 
111 330 14 17 0.034487437 
592 302 10 13 0.034273583 
914 339 12 16 0.03409637 
533 388 13 16 0.03398013 
417 328 14 16 0.033967055 
564 285 12 14 0.033854406 
256 478 33 36 0.03378543 
409 285 13 16 0.033637058 
743 380 14 19 0.033405844 
793 303 16 20 0.033371 
335 254 478 485 0.033346906 
717 364 17 21 0.033270795 
689 323 15 19 0.032642085 
756 323 15 18 0.032570567 
745 378 23 28 0.032553285 
516 329 14 17 0.0323853 
295 302 11 14 0.03213677 
152 317 22 26 0.032123655 
465 396 15 18 0.03165831 
786 321 16 19 0.031348366 
469 303 9 11 0.03126968 
401 329 15 17 0.031259187 
756 379 18 22 0.031154005 
414 387 13 17 0.031011716 
206 377 15 19 0.030825686 
354 278 13 16 0.030794179 
436 403 17 20 0.030731047 
484 342 11 13 0.030567214 
838 418 13 15 0.030504776 
672 306 14 18 0.03050424 
629 158 12 13 0.030499104 
591 164 11 14 0.030424839 
237 458 15 18 0.030069446 
370 410 15 19 0.030065486 
240 384 23 27 0.029854054 
646 401 16 19 0.029777473 
796 100 17 18 0.029719286 
802 291 14 17 0.02970192 
309 316 12 15 0.029694486 
859 419 16 19 0.02941719 
796 468 12 14 0.029379519 
557 355 11 14 0.029302139 
380 337 12 15 0.029224928 
359 263 11 12 0.029132808 
624 463 32 33 0.028829731 
235 349 13 16 0.028467916 
419 292 11 14 0.028397163 
369 323 14 19 0.028380664 
712 309 10 13 0.028329862 
744 301 12 15 0.027995827 
632 305 19 24 0.02790523 
224 340 14 18 0.027830226 
422 302 10 14 0.027623786 
786 289 25 28 0.027560964 
540 336 15 18 0.0275468 
677 344 15 19 0.027489865 
593 291 10 13 0.027396036 
471 358 14 20 0.027319437 
284 444 14 18 0.027166573 
784 325 22 27 0.027069813 
930 301 9 12 0.026834678 
260 364 15 18 0.026691537 
105 271 29 32 0.026529454 
593 158 11 13 0.026382957 
814 389 12 17 0.026345836 
617 351 15 19 0.026209928 
739 437 16 20 0.026146684 
217 325 16 19 0.026088404 
452 286 14 16 0.026070926 
592 437 11 15 0.02598141 
490 348 13 17 0.02594793 
608 330 12 17 0.025932653 
433 277 9 12 0.025923248 
440 394 22 27 0.025886657 
895 366 13 17 0.025738034 
454 350 15 18 0.025666641 
400 320 10 14 0.025445908 
633 402 15 18 0.025302326 
468 368 17 20 0.025243541 
648 372 14 18 0.025230156 
222 408 14 18 0.025220618 
711 317 12 13 0.025044167 
204 272 15 19 0.024985285 
577 302 15 17 0.024900736 
745 154 12 15 0.024857346 
328 397 19 21 0.024792159 
264 377 19 25 0.024716303 
742 334 13 16 0.02459279 
82 278 26 36 0.024577409 
644 410 15 19 0.024530709 
624 288 11 13 0.024406848 
203 283 16 20 0.024396416 
461 335 15 17 0.024329528 
432 283 11 13 0.02429482 
778 468 16 20 0.024256948 
698 301 13 17 0.024092132 
275 345 15 18 0.024066765 
567 360 11 15 0.024033435 
212 314 14 19 0.023919519 
318 395 12 16 0.023912458 
830 279 22 28 0.02383881 
327 310 12 15 0.023765776 
429 319 11 15 0.023637496 
523 311 15 18 0.023554867 
806 395 19 27 0.023505097 
454 318 12 16 0.02347315 
717 310 9 13 0.02340198 
747 360 16 18 0.02337066 
519 311 12 16 0.023181604 
749 334 16 18 0.023173211 
64 304 14 18 0.023172552 
796 331 14 17 0.023155484 
907 369 16 20 0.023146493 
384 284 9 13 0.023144579 
702 344 14 18 0.02311527 
944 364 11 14 0.023109844 
338 365 17 21 0.02310837 
191 392 18 22 0.023106003 
325 469 15 18 0.022921601 
252 364 17 21 0.02289124 
183 312 17 21 0.022772202 
168 378 14 19 0.022732848 
835 435 17 21 0.02264816 
467 401 16 21 0.022557618 
525 289 14 16 0.022515016 
475 401 16 20 0.022440983 
780 330 15 18 0.02241056 
629 313 13 18 0.022211686 
362 349 15 19 0.022181839 
309 323 13 18 0.022164976 
383 269 9 11 0.0221089 
193 358 21 24 0.021967985 
471 317 12 15 0.021958882 
178 485 15 17 0.021932272 
753 352 15 18 0.021925531 
323 337 13 16 0.021755902 
409 269 10 11 0.021634582 
335 299 11 14 0.021603137 
710 353 14 18 0.021543551 
351 269 9 11 0.021492388 
510 316 13 17 0.021376764 
220 393 14 18 0.021363921 
395 368 20 27 0.021343976 
493 322 11 16 0.021301681 
575 458 28 32 0.021268692 
100 418 17 25 0.021170763 
391 331 12 16 0.021160215 
533 327 15 19 0.021052947 
158 334 23 28 0.0210211 
907 334 15 20 0.020709125 
772 326 14 17 0.020687208 
752 310 22 26 0.02064976 
742 315 11 15 0.02054205 
413 393 16 20 0.02043154 
190 285 12 17 0.0204076 
264 441 14 18 0.020382434 
196 377 15 20 0.0202044 
430 392 15 20 0.020119004 
