0_Parade_Parade_0_102
461
84 539 14 19 0.9872032 
741 539 17 19 0.95464015 
524 539 21 26 0.94541836 
269 531 16 21 0.9386372 
934 438 27 30 0.93560547 
331 542 15 21 0.9264969 
183 535 20 25 0.9261545 
425 540 16 21 0.9080277 
804 441 29 34 0.870719 
58 542 16 19 0.84214795 
661 528 19 21 0.82742363 
595 524 19 23 0.80181473 
495 523 14 18 0.77573097 
380 542 12 16 0.7252738 
222 529 11 14 0.6422941 
548 540 17 21 0.612931 
48 528 10 12 0.6080963 
866 539 18 23 0.5879698 
515 524 15 20 0.5732498 
294 526 11 14 0.55495733 
749 499 15 18 0.49831897 
10 526 10 13 0.46930882 
135 528 10 13 0.43604377 
30 527 8 11 0.38841018 
294 502 11 13 0.37618575 
64 519 9 11 0.36427346 
365 539 10 12 0.35802075 
12 532 9 11 0.34477744 
389 472 8 11 0.3350409 
613 526 13 17 0.2968225 
260 477 11 14 0.29253945 
352 494 7 9 0.28075162 
779 394 14 17 0.2653917 
327 530 14 17 0.26467997 
296 540 11 15 0.26280263 
637 541 12 17 0.24146667 
336 478 9 12 0.23938425 
376 492 8 11 0.21599853 
538 539 18 25 0.2148628 
717 527 10 13 0.20974252 
405 505 9 11 0.20885743 
360 487 7 9 0.20678629 
368 470 8 10 0.19823308 
66 523 9 12 0.19720198 
110 555 9 12 0.19677556 
675 532 11 14 0.19378777 
638 533 12 15 0.19167268 
236 479 10 13 0.18767783 
292 493 11 14 0.18508494 
342 533 13 18 0.18047313 
684 542 10 14 0.18006109 
246 467 10 12 0.17708024 
328 508 9 12 0.1731084 
375 524 9 11 0.1685886 
514 557 11 14 0.16709162 
328 503 8 11 0.16390084 
440 445 8 12 0.16070881 
832 493 27 35 0.15594362 
679 538 11 15 0.15295179 
584 531 11 15 0.14482051 
141 550 8 12 0.13819753 
30 532 10 11 0.1364216 
402 509 9 11 0.13567354 
845 569 13 17 0.1305098 
478 524 11 14 0.12963448 
313 471 10 11 0.12910558 
125 559 9 11 0.12785429 
333 472 9 11 0.1255704 
120 558 8 11 0.123349644 
359 471 8 10 0.11349444 
565 526 9 13 0.11327291 
167 519 9 13 0.11100472 
148 516 12 15 0.11096337 
292 486 10 13 0.10896993 
69 520 9 11 0.10798113 
385 563 10 13 0.10652428 
294 471 9 11 0.10649316 
78 519 8 10 0.10484401 
688 564 11 14 0.10426003 
128 527 10 14 0.102550685 
639 526 10 13 0.10218504 
576 524 10 13 0.09939754 
353 471 8 10 0.09937936 
238 509 9 13 0.09828279 
185 501 9 11 0.09793644 
553 471 9 11 0.09673729 
444 590 11 14 0.09553236 
400 564 12 14 0.094360806 
162 638 10 11 0.092544235 
0 511 7 11 0.09108221 
221 516 11 14 0.090096556 
527 477 13 14 0.089976266 
406 472 6 10 0.08955061 
557 532 15 20 0.08802121 
385 477 7 10 0.086003356 
289 525 12 15 0.08581052 
724 526 9 12 0.08573915 
440 517 11 13 0.08561565 
583 524 10 15 0.0853987 
301 534 11 13 0.08443228 
270 495 8 13 0.08377213 
249 499 10 13 0.0830917 
392 493 7 10 0.08257296 
276 528 11 14 0.082379624 
645 538 11 16 0.08232049 
511 472 8 10 0.08160461 
418 502 7 11 0.08104276 
620 410 11 14 0.07640778 
409 591 10 13 0.075217605 
205 524 11 15 0.07402859 
756 547 15 18 0.073075294 
487 524 12 16 0.07118604 
962 503 16 20 0.07048044 
127 509 9 12 0.0695499 
57 518 8 11 0.069181964 
139 525 12 15 0.06843198 
566 654 10 12 0.067660324 
106 555 10 13 0.06763992 
447 485 10 12 0.06658119 
454 479 8 11 0.066531025 
445 574 10 13 0.0665251 
253 496 9 12 0.06597676 
31 582 8 11 0.06552952 
340 480 9 11 0.06505028 
342 485 8 10 0.06485055 
416 430 7 8 0.06411406 
117 552 8 10 0.06318456 
583 499 11 13 0.06265129 
453 484 8 11 0.06246866 
382 537 11 15 0.06090489 
311 525 10 13 0.06024257 
338 540 16 19 0.059380695 
473 479 7 9 0.05877914 
446 492 10 12 0.058733664 
375 472 6 9 0.058728684 
402 476 8 10 0.058219638 
200 525 12 16 0.057363115 
422 522 12 13 0.055769738 
39 521 8 10 0.055763856 
766 503 25 33 0.05572643 
207 518 10 15 0.055182118 
693 531 11 13 0.05517522 
963 491 24 31 0.05484589 
286 530 12 14 0.054541975 
835 546 12 16 0.053877555 
95 525 11 14 0.053702015 
417 424 7 10 0.053681068 
464 452 10 12 0.053259034 
263 474 8 11 0.05317669 
152 395 11 14 0.053055212 
26 532 8 11 0.053002737 
406 486 7 9 0.052867148 
591 518 13 17 0.052676655 
184 472 8 10 0.05230413 
64 599 8 11 0.052155204 
33 575 8 11 0.05181877 
687 525 10 13 0.05159073 
326 496 9 10 0.05131543 
302 494 9 14 0.05123503 
377 479 7 9 0.051120766 
522 499 10 13 0.050188467 
104 551 10 12 0.04981846 
440 511 11 13 0.04975521 
473 525 11 14 0.049517855 
51 531 11 13 0.04949483 
300 500 9 12 0.04897538 
742 504 16 17 0.048360333 
190 495 9 10 0.04798367 
470 453 9 11 0.04781169 
742 597 10 14 0.0470489 
80 583 10 13 0.04675326 
445 580 11 14 0.046519373 
93 480 8 10 0.045798108 
0 559 10 15 0.045579378 
479 477 8 10 0.04505852 
136 555 11 13 0.044914853 
40 525 9 12 0.044874884 
318 526 10 14 0.044528842 
158 517 10 14 0.044062737 
631 477 13 17 0.043945175 
406 494 8 10 0.043756858 
349 526 11 14 0.043505594 
269 509 9 12 0.04327953 
391 503 7 11 0.043095108 
142 509 13 16 0.042662036 
388 558 10 14 0.042254005 
416 521 8 11 0.04218388 
840 566 13 17 0.041897338 
370 493 8 10 0.04188218 
742 505 24 26 0.041810658 
79 588 12 14 0.041545887 
444 447 9 11 0.04148737 
294 476 11 14 0.041409772 
439 484 12 14 0.04136626 
330 477 8 11 0.041196 
265 509 9 12 0.04116077 
247 540 11 14 0.041100703 
479 447 8 10 0.04103129 
400 398 8 12 0.04102801 
68 532 11 15 0.040877644 
400 488 7 9 0.0407705 
757 532 13 15 0.04029374 
361 534 11 14 0.040122062 
182 476 9 12 0.040104702 
216 526 12 16 0.040017083 
561 528 10 13 0.03996476 
421 501 10 12 0.039769284 
433 432 6 9 0.03890882 
853 530 24 32 0.03869764 
445 453 9 11 0.038652364 
269 519 11 14 0.038584072 
496 477 9 11 0.03820378 
343 470 8 11 0.038180936 
504 473 7 10 0.03806237 
966 461 10 13 0.03803765 
9 521 8 11 0.037993643 
53 585 8 10 0.03754238 
375 534 10 13 0.03752922 
588 494 10 13 0.03718355 
863 524 12 15 0.036864914 
360 480 7 9 0.03680769 
701 545 14 16 0.036708135 
261 524 17 22 0.036228705 
281 477 10 14 0.036121577 
680 508 12 13 0.036103338 
311 475 11 13 0.036033183 
286 477 11 14 0.03601771 
642 545 12 16 0.03597241 
479 470 10 11 0.03593696 
708 652 13 15 0.035867855 
346 494 9 10 0.035734702 
439 522 12 15 0.035508037 
208 511 9 13 0.035465755 
747 513 14 16 0.035347365 
232 482 12 15 0.03522123 
250 528 208 219 0.034925926 
24 521 8 10 0.034885805 
415 545 12 17 0.034832906 
438 441 8 11 0.03481509 
421 478 11 13 0.034764882 
266 501 9 11 0.034548644 
423 447 8 10 0.03409091 
478 492 11 14 0.03402317 
531 484 11 13 0.033515222 
571 468 13 16 0.03345094 
759 496 23 32 0.03336239 
409 547 10 14 0.03334486 
367 466 8 10 0.03327563 
754 539 15 18 0.03318717 
221 468 12 12 0.033092577 
381 524 10 12 0.032946073 
150 546 11 16 0.03286244 
121 562 9 13 0.032795485 
701 526 10 12 0.032585733 
463 471 8 11 0.032528106 
618 524 12 17 0.032326624 
32 522 9 10 0.03218773 
440 450 9 13 0.03195317 
742 521 25 29 0.031857487 
-1 580 6 12 0.031856384 
383 510 8 11 0.031834878 
65 606 9 11 0.031817127 
317 477 9 11 0.03172487 
422 423 8 9 0.031719025 
446 564 12 15 0.03170859 
309 532 10 13 0.031685073 
185 374 10 13 0.031662673 
392 509 7 11 0.031554647 
576 530 11 15 0.03154544 
457 454 9 11 0.03140885 
728 383 10 12 0.031337462 
478 452 9 12 0.031326585 
215 471 9 12 0.031312227 
96 640 9 12 0.03127953 
65 614 8 11 0.031032545 
50 588 9 12 0.031015486 
215 515 11 15 0.031012705 
396 638 9 13 0.030969687 
776 582 11 14 0.030832663 
445 556 13 16 0.030821292 
160 507 9 13 0.030747673 
381 518 9 12 0.030670412 
810 437 19 22 0.030569246 
38 533 10 12 0.030450607 
255 472 10 12 0.030393593 
367 488 7 9 0.03038182 
831 572 11 16 0.030158568 
685 532 11 16 0.029904317 
439 492 11 12 0.029754043 
460 646 10 13 0.029753333 
683 587 12 14 0.029701702 
561 538 13 19 0.029677141 
288 505 14 16 0.029518476 
433 439 9 11 0.029453568 
37 573 9 12 0.029209012 
586 526 20 26 0.02917443 
321 531 10 15 0.028971804 
431 467 10 12 0.02896958 
131 523 18 23 0.028744355 
687 366 9 12 0.02871471 
302 477 9 13 0.028708449 
231 375 212 234 0.028512865 
191 472 8 10 0.028510202 
278 492 11 15 0.028457172 
329 485 7 10 0.028422948 
602 519 16 19 0.028392697 
186 507 10 14 0.02827279 
816 404 12 15 0.028240053 
321 495 8 11 0.028109405 
523 531 16 22 0.027981786 
358 613 10 12 0.027975554 
247 525 9 14 0.02788228 
302 485 9 12 0.02785333 
502 477 8 11 0.027818695 
369 477 8 10 0.027724607 
386 539 13 16 0.027423589 
439 502 11 13 0.027416501 
175 381 9 13 0.027405092 
494 512 14 15 0.027383497 
401 403 9 12 0.027220177 
231 493 10 11 0.02708457 
765 511 16 21 0.027029853 
327 515 12 14 0.026989207 
440 592 13 17 0.026904788 
434 545 13 17 0.026903715 
95 520 10 12 0.02687367 
878 564 14 17 0.026812298 
13 521 9 11 0.026754107 
319 486 9 10 0.026694488 
134 540 12 15 0.026536053 
382 493 8 11 0.026489805 
261 516 14 18 0.026444688 
434 444 9 13 0.0263072 
358 491 8 11 0.026192883 
501 511 13 15 0.026166808 
44 523 19 22 0.026132144 
664 391 9 11 0.026102511 
385 466 17 23 0.025983218 
451 563 12 14 0.025965136 
839 511 27 36 0.02591862 
452 491 9 13 0.025892274 
656 531 15 19 0.02576877 
33 567 9 11 0.025760947 
358 519 8 11 0.025709301 
122 511 8 11 0.025699152 
28 646 9 13 0.025693234 
401 392 7 9 0.025664482 
413 575 9 11 0.025609162 
63 514 9 10 0.025595766 
127 538 12 15 0.025497371 
524 494 12 14 0.025490735 
280 472 9 11 0.02548229 
32 540 9 11 0.025415437 
686 519 10 13 0.02538378 
411 581 10 11 0.025382267 
583 487 212 214 0.025119489 
827 564 12 16 0.0249905 
723 532 12 15 0.02494575 
4 510 8 11 0.024909927 
429 597 10 14 0.02482818 
438 462 9 11 0.024750132 
360 565 10 12 0.024650712 
382 486 8 11 0.02459081 
481 461 10 13 0.02454583 
939 477 25 34 0.024421366 
448 480 10 12 0.024378877 
288 471 10 12 0.024339456 
292 534 20 24 0.02430647 
713 520 8 11 0.024296517 
321 501 9 11 0.024248082 
353 499 7 11 0.024112334 
853 576 11 15 0.023952778 
390 535 10 12 0.023934957 
484 493 9 11 0.023912372 
178 477 10 13 0.023715744 
358 525 9 13 0.023683727 
830 533 22 28 0.023619905 
968 490 15 17 0.023502009 
428 523 12 15 0.023444124 
46 547 11 15 0.02341348 
360 466 8 10 0.02340776 
470 490 13 16 0.023353087 
640 519 10 13 0.023343649 
560 398 9 11 0.023267385 
365 509 8 11 0.02285513 
7 522 17 23 0.022722889 
426 606 10 12 0.02267361 
150 555 11 14 0.022655759 
444 501 11 13 0.022649571 
630 519 10 13 0.022596393 
506 517 20 26 0.022571879 
308 494 10 13 0.022509294 
633 649 9 11 0.022493012 
726 541 11 14 0.022473326 
70 598 9 11 0.022394082 
121 526 10 13 0.022311604 
535 395 9 11 0.02229589 
4 558 11 14 0.022253133 
480 564 11 14 0.022212453 
742 496 14 17 0.022185989 
78 574 11 13 0.022097621 
343 465 9 10 0.022068799 
535 429 10 11 0.022052614 
753 516 25 30 0.022038728 
440 565 11 14 0.022003988 
398 494 8 10 0.021972332 
524 519 11 14 0.021952868 
667 543 13 17 0.021890078 
90 533 13 17 0.021704253 
837 576 14 17 0.021696463 
325 354 192 232 0.021675618 
283 538 14 18 0.021656796 
101 519 9 12 0.021637877 
372 486 20 25 0.021634087 
692 540 12 16 0.021612812 
391 527 9 11 0.021611098 
603 436 14 16 0.021551192 
416 438 7 9 0.021537844 
836 588 13 16 0.021507526 
404 559 11 13 0.02145538 
421 493 11 14 0.021437842 
430 492 11 13 0.021434559 
901 553 16 21 0.021393567 
268 485 10 14 0.021338953 
78 565 12 13 0.021322614 
232 508 11 14 0.02126106 
398 527 8 10 0.0212549 
361 509 8 11 0.02123616 
577 499 11 14 0.02121596 
397 589 11 14 0.02119586 
430 484 12 14 0.021155505 
241 469 9 11 0.021137817 
682 366 9 11 0.021136966 
754 503 14 19 0.021121535 
632 543 13 18 0.021115758 
301 519 10 14 0.021108337 
455 438 7 10 0.02100311 
938 430 19 22 0.020999081 
56 514 8 10 0.020932408 
424 417 7 9 0.020919953 
31 587 9 12 0.020915689 
397 533 8 11 0.020911643 
399 502 19 23 0.020826742 
287 490 18 22 0.020819789 
197 495 8 10 0.020804154 
165 510 9 11 0.02078114 
860 521 22 27 0.020764364 
818 562 25 35 0.0206276 
178 485 9 11 0.020551583 
369 525 11 14 0.020538462 
35 580 10 13 0.020423735 
693 546 12 15 0.02039606 
572 579 10 14 0.020331593 
831 526 12 15 0.020236492 
290 526 20 22 0.020233855 
208 471 8 10 0.02018671 
522 476 21 24 0.020167852 
61 536 13 15 0.0201105 
38 541 9 11 0.020109931 
71 511 8 11 0.020080464 
399 515 9 11 0.020013327 
