0_Parade_Parade_0_443
132
370 234 51 69 0.9994056 
688 298 69 90 0.9987925 
522 208 73 87 0.99746585 
302 178 41 55 0.98919547 
215 272 31 50 0.9438124 
790 209 22 35 0.90984815 
213 238 22 28 0.8946048 
812 175 13 16 0.60040396 
64 254 10 14 0.39178896 
403 438 11 14 0.33836713 
38 234 28 40 0.24840172 
129 257 7 10 0.23854415 
129 261 8 11 0.23220198 
166 256 8 11 0.19441703 
151 267 10 12 0.18358135 
451 262 23 31 0.15718141 
726 221 10 13 0.15415041 
112 255 8 10 0.1470053 
162 255 8 10 0.14329386 
79 272 9 11 0.123316064 
87 261 8 10 0.11017821 
182 311 11 14 0.10637436 
110 330 15 18 0.105315946 
455 262 13 20 0.090845935 
36 282 23 35 0.08922567 
70 285 8 10 0.084319994 
67 259 9 12 0.08192531 
118 294 10 12 0.08177005 
448 276 26 37 0.07695982 
86 255 7 10 0.07663822 
47 211 13 16 0.07471514 
104 256 7 9 0.07126568 
136 317 10 13 0.06976865 
696 214 7 9 0.06776841 
142 237 8 9 0.06213124 
118 275 9 11 0.06145503 
992 175 9 11 0.056825604 
464 263 15 19 0.05428618 
845 367 42 49 0.052619833 
741 142 15 21 0.05204991 
51 246 14 21 0.051976644 
177 291 9 13 0.050106633 
7 220 31 38 0.04819077 
145 270 10 10 0.048089545 
687 190 7 10 0.046358008 
103 260 8 11 0.044345476 
794 208 36 50 0.044003606 
743 176 8 10 0.04194583 
671 627 27 39 0.041636266 
139 238 7 10 0.041423038 
137 313 9 11 0.041155223 
686 225 8 10 0.0408782 
159 220 10 11 0.0405134 
178 220 9 10 0.040426 
82 261 9 11 0.039098565 
1 253 10 16 0.038852308 
811 141 10 13 0.03882096 
158 261 9 12 0.038140837 
127 268 9 11 0.037722643 
152 257 8 9 0.03767385 
748 144 13 17 0.03697893 
134 271 9 10 0.036901034 
173 261 10 11 0.03624115 
213 246 39 53 0.035625305 
181 271 11 13 0.03519787 
37 218 27 39 0.034956314 
86 268 9 12 0.034530114 
30 194 16 21 0.03445659 
134 276 10 13 0.034356188 
119 255 8 11 0.034216087 
71 280 9 11 0.034028262 
181 217 10 11 0.033729088 
146 263 9 11 0.033690263 
416 240 26 40 0.03353245 
59 248 20 26 0.03301297 
988 277 11 14 0.032780368 
862 385 29 38 0.03226373 
26 266 39 57 0.031442497 
208 241 15 20 0.031163653 
158 292 9 12 0.03081245 
734 228 10 13 0.030455751 
203 268 13 18 0.029994102 
176 269 9 11 0.029985681 
156 269 9 10 0.029786862 
94 313 8 10 0.02973196 
688 185 8 10 0.02964229 
133 256 7 10 0.029413156 
27 232 423 473 0.029125497 
185 312 14 18 0.029032577 
34 196 23 27 0.028921105 
1014 212 8 13 0.02884506 
177 236 10 11 0.028615395 
44 197 14 18 0.02781131 
759 183 11 13 0.027455619 
87 337 13 17 0.02689086 
681 228 9 12 0.026884178 
45 217 16 22 0.026412163 
119 288 10 12 0.026112475 
688 207 7 11 0.026110427 
120 260 9 10 0.025287554 
176 313 13 16 0.025117926 
208 231 37 48 0.024991421 
97 255 7 9 0.024861723 
112 247 7 9 0.02485968 
192 258 11 14 0.024798147 
44 252 15 21 0.024776496 
160 238 8 10 0.023791233 
694 208 8 11 0.023301387 
85 302 8 10 0.023134878 
105 327 11 13 0.023119973 
160 248 8 10 0.02277165 
705 166 8 10 0.02261363 
737 192 9 11 0.022287289 
34 205 27 34 0.021947954 
3 231 24 39 0.02183376 
88 287 7 9 0.021752737 
828 420 16 24 0.021716872 
49 234 16 25 0.021657897 
213 230 13 17 0.021529613 
86 248 10 12 0.021385206 
446 261 13 18 0.02120882 
104 317 8 9 0.021148624 
14 238 50 59 0.021018691 
738 175 8 11 0.020822855 
676 258 13 17 0.020802328 
223 239 26 33 0.020768898 
86 278 8 10 0.02065126 
801 173 10 14 0.02053288 
53 333 11 15 0.020446884 
230 321 15 20 0.020150643 
20 202 47 61 0.020080948 
79 248 10 14 0.020009836 
