0_Parade_Parade_0_120
375
523 332 34 37 0.9971769 
950 305 42 49 0.9962746 
106 302 47 54 0.9924293 
45 324 23 30 0.98416936 
444 326 15 19 0.96667093 
327 314 16 20 0.93352497 
27 376 23 28 0.8414502 
488 311 23 28 0.7774725 
748 314 11 14 0.7437895 
992 230 20 30 0.7394332 
664 324 19 22 0.69762474 
627 319 14 17 0.5713666 
562 320 14 18 0.56873775 
391 333 15 17 0.5384371 
851 306 14 17 0.5302531 
699 319 14 16 0.5109631 
285 340 15 18 0.50197643 
813 302 11 14 0.46101776 
809 331 12 16 0.38460112 
13 359 16 23 0.32953677 
726 319 9 11 0.3290473 
231 336 15 21 0.31417996 
796 316 9 13 0.29618832 
209 352 21 23 0.27072367 
765 318 10 12 0.25451487 
602 395 32 33 0.2232855 
377 343 10 14 0.21608745 
836 341 16 21 0.21452811 
219 346 14 21 0.20556998 
270 337 11 15 0.2019797 
301 333 12 15 0.19545683 
977 141 12 14 0.18440983 
262 356 12 16 0.17579634 
720 317 9 11 0.17070279 
483 358 27 30 0.16593644 
600 326 11 14 0.16320364 
317 346 13 17 0.15565614 
316 291 10 12 0.15286535 
235 342 14 21 0.15144262 
859 355 13 17 0.15033078 
404 384 16 21 0.14365122 
365 358 10 13 0.14066398 
836 352 16 21 0.13865003 
824 319 12 14 0.13714921 
327 299 14 15 0.12913778 
807 337 13 18 0.12668821 
364 403 10 13 0.12504023 
914 321 18 24 0.12377401 
367 296 9 11 0.12086841 
14 364 22 28 0.12050157 
287 430 15 19 0.11625987 
225 354 14 19 0.11477936 
407 341 11 13 0.11340353 
861 302 12 15 0.11228222 
65 621 18 24 0.102377556 
0 300 8 13 0.10164621 
423 307 11 14 0.10043751 
794 313 9 11 0.09783465 
436 303 10 11 0.09781919 
777 358 10 12 0.097592354 
224 340 18 25 0.097266935 
5 300 11 13 0.09510099 
392 349 12 15 0.09391966 
733 325 9 10 0.093002565 
761 322 10 13 0.09274596 
0 337 13 18 0.09085854 
367 332 10 13 0.086402334 
908 302 14 18 0.0840221 
804 262 8 11 0.08245572 
829 276 8 11 0.08240273 
202 350 19 21 0.08036677 
830 272 8 10 0.07931101 
0 378 10 18 0.077743724 
279 338 13 17 0.07704976 
1004 347 19 26 0.07690066 
361 346 11 15 0.07685302 
1000 237 18 25 0.07654719 
255 352 13 19 0.07642348 
474 303 29 36 0.07581333 
729 322 9 12 0.07430912 
429 306 11 14 0.07357658 
2 354 17 22 0.07333858 
20 357 15 21 0.07283671 
636 298 11 15 0.07179287 
892 320 13 18 0.07093531 
310 366 11 14 0.07054556 
28 356 13 17 0.07053852 
993 339 24 34 0.070530675 
272 276 9 12 0.0693893 
364 341 11 15 0.068581134 
847 310 16 20 0.06852497 
863 297 9 11 0.067157604 
277 272 8 11 0.066209204 
780 119 13 18 0.06616573 
909 311 21 28 0.06599863 
553 476 9 13 0.06488381 
961 158 9 11 0.06477121 
903 305 13 19 0.063087486 
616 325 12 14 0.062877335 
886 323 14 18 0.06281578 
463 294 24 38 0.062200643 
945 134 7 10 0.06188864 
884 330 13 19 0.061614558 
439 425 24 29 0.060708463 
264 288 9 11 0.060137488 
805 255 8 10 0.059822578 
964 232 16 21 0.0586763 
596 501 12 15 0.058219355 
367 286 8 9 0.057541434 
372 334 10 13 0.05750723 
973 283 17 19 0.057007972 
836 333 15 19 0.056616835 
798 348 10 12 0.05550805 
235 326 14 17 0.055101722 
352 302 9 12 0.054729283 
801 256 10 11 0.054438945 
829 345 15 20 0.054379653 
781 254 8 10 0.054212872 
366 280 8 11 0.054006025 
818 150 13 15 0.05337102 
12 297 14 16 0.052211963 
718 312 10 13 0.052176744 
412 348 12 14 0.051935595 
808 248 8 10 0.051365685 
332 295 9 12 0.05062265 
896 299 9 13 0.050542515 
766 312 9 12 0.0504281 
799 239 8 9 0.050137565 
693 354 14 16 0.049942203 
265 339 10 15 0.048726257 
901 321 13 19 0.047955263 
865 340 19 26 0.047417574 
406 333 12 15 0.047344834 
343 347 12 15 0.04718822 
428 338 13 16 0.04709896 
760 395 16 18 0.046820987 
357 388 11 14 0.04608759 
793 301 8 11 0.045490794 
294 388 15 18 0.044684004 
826 327 22 27 0.044584554 
880 173 7 9 0.04374827 
557 324 16 20 0.0436672 
850 6 13 13 0.043495595 
268 286 9 11 0.0428467 
877 331 14 18 0.042588443 
713 312 9 13 0.041993286 
374 296 9 11 0.041823573 
902 215 7 9 0.041661598 
874 337 17 22 0.04162101 
598 320 11 14 0.04127825 
818 326 20 26 0.041271657 
476 341 14 17 0.041234683 
784 327 8 11 0.0411537 
267 361 13 17 0.04082497 
629 310 13 18 0.04045592 
415 309 13 16 0.040128663 
922 224 7 9 0.03976224 
346 248 8 10 0.039713565 
772 362 14 16 0.039614018 
908 326 18 25 0.039464857 
2 380 20 34 0.039113156 
1001 226 19 25 0.038911037 
701 313 11 13 0.038507186 
981 320 28 42 0.038191997 
774 318 8 11 0.037571944 
621 324 21 25 0.037489403 
815 297 10 13 0.037485532 
864 222 10 11 0.03688653 
928 208 8 10 0.03685908 
823 346 12 16 0.03681091 
988 220 17 26 0.03659386 
295 332 20 25 0.036193397 
633 295 11 14 0.03614458 
0 110 11 16 0.03605972 
898 310 20 26 0.035993967 
242 346 14 20 0.035552345 
2 347 14 19 0.035457928 
372 300 10 12 0.03545791 
720 365 12 13 0.035241768 
279 348 21 26 0.035214264 
863 336 13 20 0.03507182 
937 224 9 11 0.03497059 
797 323 11 15 0.034848273 
336 272 8 10 0.03474046 
327 286 8 11 0.034516677 
766 365 15 16 0.03441237 
198 314 11 14 0.03438694 
617 285 9 12 0.03419389 
367 305 11 14 0.034193445 
655 311 37 44 0.034032766 
826 272 9 11 0.033992488 
868 332 13 18 0.033894137 
352 285 8 11 0.03380414 
285 288 9 10 0.033740126 
843 331 15 21 0.033615667 
791 153 9 11 0.03352388 
869 223 9 10 0.0334586 
336 285 9 11 0.0334504 
711 317 9 12 0.033417333 
350 333 10 12 0.03339384 
286 399 12 14 0.032928865 
277 360 16 19 0.032847434 
6 368 15 23 0.032836366 
700 329 14 16 0.032665476 
793 296 9 11 0.03258359 
370 394 12 15 0.03257859 
967 279 29 31 0.032423966 
351 280 7 10 0.032412104 
605 296 9 11 0.032198902 
727 338 9 13 0.032193612 
817 337 20 28 0.03208155 
377 268 9 11 0.031918645 
733 334 9 13 0.03146608 
406 354 12 15 0.031370685 
19 299 15 20 0.03121161 
350 246 8 11 0.030702678 
504 562 90 130 0.030479452 
840 286 10 12 0.030429821 
792 324 9 13 0.03027131 
814 272 9 11 0.030165644 
388 50 58 59 0.02987612 
397 390 15 18 0.029698122 
726 313 9 12 0.029625364 
303 370 13 18 0.029507278 
381 295 8 11 0.029326964 
383 279 9 11 0.029164221 
934 135 8 10 0.028925123 
572 324 10 15 0.02887559 
551 321 13 19 0.028867772 
406 325 12 16 0.028865881 
867 301 12 16 0.028815856 
532 452 16 20 0.028746339 
851 327 15 22 0.02871854 
36 297 15 17 0.028605606 
842 360 14 18 0.028523982 
281 286 8 12 0.028437087 
199 358 15 19 0.028350443 
337 278 9 10 0.028091526 
304 366 11 14 0.027859066 
913 304 18 23 0.02772309 
869 318 10 13 0.027703188 
839 308 10 13 0.027523099 
966 151 9 11 0.02750966 
792 350 10 12 0.027256139 
816 315 11 13 0.02712922 
937 230 8 10 0.027069632 
2 293 18 25 0.026990214 
396 355 11 13 0.026921859 
863 324 11 15 0.026907627 
721 323 9 11 0.026797956 
813 343 13 18 0.026625209 
932 316 23 31 0.02648032 
677 279 8 10 0.026367506 
929 136 8 10 0.026350265 
470 339 24 31 0.02600093 
374 404 13 17 0.025809705 
962 153 8 10 0.025760505 
358 316 10 13 0.02570712 
891 329 13 19 0.025652612 
382 284 9 11 0.025556497 
493 296 24 36 0.025509253 
774 325 8 10 0.025420858 
373 363 10 12 0.025380956 
418 335 22 25 0.025366172 
624 310 11 14 0.02529638 
213 341 17 20 0.025295358 
927 225 7 9 0.025275182 
846 322 15 20 0.025257537 
383 334 13 15 0.025168508 
941 223 8 10 0.025085244 
951 141 7 9 0.025066042 
839 293 10 13 0.02504957 
693 342 22 27 0.025046678 
41 504 29 37 0.025022184 
905 285 9 12 0.025020571 
406 370 13 17 0.024978809 
373 342 18 23 0.024709767 
937 237 8 10 0.024699261 
22 382 18 24 0.024696782 
810 307 10 12 0.024640977 
801 247 8 10 0.024612514 
801 331 10 14 0.024558565 
986 220 34 51 0.024536375 
736 294 9 11 0.024492217 
389 284 10 12 0.024373045 
888 191 9 11 0.024269937 
852 347 14 21 0.024259094 
315 360 13 17 0.02419511 
1011 223 14 23 0.0240737 
895 309 13 18 0.023983318 
389 279 9 11 0.023949062 
293 375 22 25 0.023948561 
974 213 9 13 0.023902053 
949 136 7 10 0.023871811 
893 188 9 11 0.023859283 
360 285 9 10 0.023815278 
358 300 11 13 0.02379602 
777 304 9 10 0.023737272 
702 302 9 11 0.023686571 
326 280 8 10 0.023643466 
777 352 9 12 0.023615947 
789 354 13 16 0.023612764 
381 317 10 13 0.023536386 
806 287 9 11 0.023512613 
701 336 12 16 0.023508467 
750 286 8 10 0.023488402 
388 405 13 16 0.023472002 
321 279 10 11 0.023434607 
428 324 14 17 0.023421029 
685 355 16 18 0.023356691 
856 295 10 12 0.0232767 
352 306 11 16 0.02315557 
751 302 9 12 0.023142617 
532 466 16 18 0.023119178 
382 367 9 11 0.023029886 
864 287 7 9 0.022978282 
422 324 13 15 0.022970788 
702 286 8 10 0.022970125 
76 314 12 16 0.022910671 
720 304 8 9 0.022748496 
623 336 23 30 0.022694515 
830 311 12 14 0.022679849 
403 439 38 38 0.022608722 
330 305 20 26 0.022548016 
0 383 13 27 0.022501051 
708 334 10 12 0.022433067 
352 382 12 16 0.02238424 
399 293 12 14 0.022352831 
352 296 9 12 0.02223327 
453 315 11 18 0.022149252 
412 277 10 12 0.021979436 
264 272 9 10 0.021954942 
412 322 13 18 0.021866357 
750 320 11 14 0.021862231 
872 176 8 10 0.0218524 
463 354 14 18 0.021821126 
376 285 9 10 0.021811297 
719 340 11 14 0.021703139 
797 149 10 12 0.021690467 
766 304 8 10 0.021667726 
540 467 12 15 0.021530528 
838 301 10 12 0.021454904 
0 424 23 35 0.02142385 
402 349 22 26 0.021418236 
942 238 8 10 0.021405276 
871 215 9 11 0.021390954 
349 263 8 9 0.021377124 
108 262 12 15 0.021362567 
620 479 11 12 0.021332473 
399 372 11 15 0.021323862 
635 305 14 20 0.021255702 
864 176 9 11 0.02119101 
776 311 9 11 0.021180375 
407 336 21 25 0.021093328 
362 461 12 15 0.021012183 
280 294 10 12 0.020979388 
630 293 19 26 0.020966882 
615 402 18 20 0.020940688 
333 356 12 16 0.020887803 
623 301 9 13 0.02076053 
846 285 9 11 0.020582903 
520 478 11 13 0.020574888 
896 223 10 11 0.020473393 
474 322 28 33 0.020442272 
852 358 16 20 0.02038736 
389 343 20 24 0.020384455 
960 232 12 15 0.020344552 
395 326 14 18 0.02031178 
278 241 9 10 0.020286271 
863 216 10 12 0.020239713 
361 280 9 10 0.020215742 
213 317 11 13 0.02019137 
407 376 25 32 0.02016349 
895 184 8 10 0.020037396 
683 357 24 27 0.020021431 
