0_Parade_marchingband_1_359
207
732 114 56 64 0.9995421 
165 168 36 43 0.997086 
909 119 22 29 0.9945403 
862 149 28 30 0.9904846 
481 193 15 18 0.98995084 
609 186 18 23 0.9713359 
308 192 14 20 0.9711355 
413 195 14 18 0.96843463 
504 193 12 15 0.84918064 
245 197 11 15 0.8456597 
1009 119 16 25 0.62098795 
1 215 14 19 0.5518259 
272 196 11 14 0.5179379 
453 211 10 12 0.4295418 
140 202 19 20 0.4091458 
361 198 10 14 0.359444 
565 217 14 16 0.3234544 
53 209 16 20 0.2944183 
67 171 17 20 0.28933495 
956 161 14 19 0.28606805 
450 206 10 12 0.2803594 
124 165 22 28 0.26630363 
392 205 9 11 0.2309934 
451 198 9 12 0.21767326 
496 185 7 10 0.20809348 
689 180 11 13 0.19492549 
264 197 11 14 0.18575303 
375 212 10 13 0.18014608 
464 206 9 12 0.1762387 
432 199 9 12 0.17211655 
568 191 9 11 0.15147495 
145 206 19 22 0.1436965 
645 192 8 10 0.13819195 
585 200 8 11 0.137014 
933 130 13 17 0.13236338 
965 134 11 15 0.13071604 
382 214 9 12 0.12908366 
558 206 9 10 0.12672603 
46 219 15 18 0.12653585 
241 192 10 13 0.11017938 
462 200 9 12 0.098359466 
12 225 13 18 0.09348203 
292 213 9 12 0.09074153 
481 264 20 22 0.09021652 
552 235 9 12 0.090036035 
527 205 8 11 0.08487874 
409 180 8 11 0.08396594 
287 212 10 12 0.08291543 
591 207 8 10 0.0827014 
391 213 9 13 0.081306525 
251 197 10 15 0.0804809 
560 200 7 10 0.07622335 
608 173 10 11 0.072595336 
690 171 14 18 0.07132859 
541 198 8 10 0.07086629 
670 197 10 12 0.07048536 
656 205 9 11 0.06845009 
1005 143 19 31 0.0674451 
469 205 9 11 0.06353964 
568 182 10 12 0.062280335 
640 196 10 12 0.061942242 
670 203 11 14 0.06052421 
301 160 22 29 0.06036422 
48 233 12 16 0.060333155 
277 193 8 13 0.06007292 
29 346 14 16 0.05984051 
491 294 17 19 0.054588445 
541 215 9 11 0.054023143 
240 193 18 22 0.05311318 
535 206 8 11 0.052841138 
32 202 13 15 0.052598193 
959 133 12 16 0.0522945 
534 230 9 12 0.051413585 
560 213 11 14 0.05137147 
538 197 7 10 0.051188692 
950 140 14 16 0.050777085 
537 193 7 10 0.049427878 
526 200 7 10 0.04907072 
592 212 9 12 0.048232034 
437 199 7 10 0.046254046 
590 200 9 12 0.04604959 
366 191 9 13 0.04602199 
351 198 9 13 0.045412518 
571 214 10 13 0.04466858 
415 182 8 10 0.044646118 
423 184 8 11 0.043216076 
473 293 14 17 0.043088123 
609 169 9 10 0.042140376 
665 197 10 12 0.03943748 
375 218 10 12 0.039200574 
454 193 9 12 0.03913502 
567 207 9 11 0.03899051 
345 198 10 14 0.038317718 
951 145 21 27 0.038048696 
78 235 12 15 0.037902232 
943 237 11 14 0.03783526 
584 192 8 10 0.03777631 
666 193 9 11 0.03753358 
693 165 14 18 0.037331056 
3 217 20 25 0.037103217 
38 213 13 15 0.036074508 
450 193 8 11 0.03595017 
613 172 10 12 0.035767082 
540 237 12 14 0.035349052 
529 228 9 12 0.034828812 
542 205 9 11 0.034791272 
534 223 9 11 0.034757305 
262 192 19 24 0.034657802 
632 196 12 15 0.034384776 
970 255 18 22 0.034189325 
663 205 10 13 0.03389359 
66 210 13 18 0.03378981 
382 208 9 12 0.033486985 
606 149 10 11 0.033209477 
137 300 18 20 0.03306923 
50 217 23 28 0.032903288 
370 213 9 12 0.032887537 
58 175 24 30 0.03271412 
325 202 11 14 0.032376718 
396 211 10 13 0.032169692 
294 208 10 12 0.03196831 
1008 126 20 34 0.031716734 
573 228 11 14 0.031691294 
30 333 16 19 0.031102693 
360 191 10 14 0.030623116 
10 231 16 21 0.030516298 
49 193 24 31 0.030459456 
558 237 10 13 0.03031204 
398 198 9 12 0.030180864 
473 199 8 12 0.030148242 
604 142 10 12 0.029956106 
553 206 9 11 0.029851226 
574 197 8 10 0.029387722 
664 211 9 13 0.029125094 
995 313 14 17 0.029037897 
469 213 9 10 0.028616857 
676 198 9 13 0.028284715 
607 155 10 12 0.028136397 
278 201 10 14 0.028114825 
364 204 10 13 0.027483 
304 172 22 30 0.027237525 
383 192 8 10 0.027230978 
521 205 9 11 0.027116498 
410 136 8 10 0.027091263 
314 198 15 18 0.026895395 
419 190 12 16 0.026640762 
922 127 15 21 0.02643027 
574 206 9 11 0.026349902 
497 188 10 13 0.026274826 
596 213 10 12 0.026058313 
313 169 14 17 0.026052617 
270 214 12 14 0.025974005 
383 219 9 11 0.025734149 
391 219 10 11 0.025595535 
76 216 15 19 0.025576198 
333 205 11 12 0.025498351 
694 155 13 17 0.025406957 
125 206 10 14 0.025383564 
272 221 10 12 0.025263365 
63 165 16 18 0.025103355 
495 228 12 13 0.025097309 
517 230 10 12 0.024475683 
471 236 10 12 0.024422677 
542 193 7 10 0.024381759 
409 142 9 11 0.02430747 
536 235 10 13 0.024271352 
676 203 11 14 0.02386278 
384 198 9 11 0.023723569 
358 192 17 23 0.023674048 
39 218 15 18 0.023572521 
393 151 8 11 0.023562394 
414 177 7 10 0.023510668 
393 231 9 12 0.023124516 
553 211 9 12 0.023033742 
598 165 9 11 0.022998478 
537 213 9 11 0.022974115 
975 323 42 61 0.022913912 
31 327 13 13 0.022884488 
520 199 9 10 0.02287159 
607 183 14 19 0.022832608 
377 175 8 9 0.022416538 
469 294 23 28 0.022299757 
373 190 10 12 0.022234704 
72 236 12 14 0.022139 
393 174 9 11 0.022112356 
669 209 11 14 0.022051364 
114 161 37 43 0.022018794 
541 232 10 12 0.021892793 
1011 159 12 20 0.021583268 
573 176 9 11 0.02153519 
543 173 9 12 0.021262966 
134 207 17 19 0.02119166 
494 221 12 14 0.021145407 
995 153 24 32 0.021061579 
106 311 9 11 0.02101671 
392 167 9 11 0.020950023 
400 191 8 10 0.02092066 
76 197 23 28 0.020799085 
500 235 15 19 0.020792184 
515 236 12 15 0.020663023 
529 165 7 10 0.020548536 
967 343 30 38 0.020439787 
506 160 8 10 0.020330163 
596 205 9 12 0.020291666 
133 196 16 21 0.020053536 
601 136 8 10 0.020042013 
19 221 12 16 0.020039406 
