34_Baseball_Baseball_34_622
32
892 204 55 90 0.99862134 
679 283 50 79 0.99534637 
127 278 61 76 0.6002671 
450 256 39 53 0.2766385 
34 589 25 34 0.19865386 
494 570 15 18 0.16197841 
422 242 56 71 0.15135138 
44 586 16 22 0.12947832 
155 267 46 78 0.12221031 
1013 606 12 19 0.09755541 
914 689 32 39 0.09178565 
9 603 26 30 0.091387965 
581 586 18 20 0.07340861 
249 604 39 40 0.06849699 
20 595 27 34 0.067787774 
654 281 51 79 0.066464044 
696 275 57 79 0.059963413 
748 281 44 71 0.056372505 
461 591 10 13 0.053415336 
109 271 52 72 0.049472515 
498 565 13 17 0.047786627 
415 283 61 73 0.047027454 
443 278 40 52 0.04290244 
85 273 89 115 0.037126433 
510 591 13 16 0.03492569 
494 557 14 18 0.03457859 
308 587 15 18 0.032185074 
456 264 47 70 0.031467214 
183 272 47 75 0.02836021 
516 594 29 33 0.024451686 
47 591 19 26 0.023440203 
523 603 15 17 0.0200674 
