34_Baseball_Baseball_34_356
28
573 239 140 169 0.9993217 
541 0 39 49 0.31076565 
507 302 53 72 0.21749042 
582 30 94 148 0.13006611 
550 4 49 65 0.110855766 
13 394 191 321 0.09262852 
496 614 55 76 0.07273461 
-9 648 358 476 0.0710942 
589 21 54 83 0.0639736 
365 505 432 510 0.05742821 
376 1127 58 74 0.04347883 
522 39 210 293 0.040727947 
573 8 55 69 0.03493266 
538 19 88 116 0.027656393 
595 6 34 47 0.025733378 
505 41 95 127 0.025718112 
471 25 32 32 0.02429283 
444 23 149 244 0.022741627 
384 1203 61 62 0.022599379 
330 853 397 532 0.022312326 
60 298 183 291 0.022063622 
462 63 94 129 0.022058897 
188 1245 15 18 0.021809727 
516 86 58 71 0.021760792 
457 17 28 36 0.021471672 
835 165 159 256 0.021373615 
405 17 34 40 0.021266315 
44 42 174 294 0.020989064 
