39_Ice_Skating_Ice_Skating_39_504
20
619 229 29 36 0.9984823 
408 158 36 42 0.99845576 
174 215 34 43 0.9983972 
941 155 14 20 0.9814136 
101 178 15 18 0.94477916 
985 166 13 16 0.7873758 
901 138 14 17 0.36326236 
626 132 9 11 0.26923943 
692 135 8 11 0.22648844 
348 151 10 12 0.12952559 
904 143 16 20 0.042765357 
523 323 12 15 0.038649447 
281 135 8 11 0.03287355 
516 307 13 18 0.028699322 
464 43 421 489 0.027041262 
346 152 15 20 0.026614817 
874 173 9 13 0.024383575 
631 225 25 33 0.023055684 
1004 190 20 28 0.021390187 
609 148 10 14 0.020482227 
