39_Ice_Skating_Ice_Skating_39_438
38
749 363 113 143 0.99996066 
340 247 94 134 0.999493 
627 321 57 70 0.9972185 
701 474 48 61 0.24337842 
1002 508 13 17 0.20613389 
640 155 32 32 0.10970466 
1004 471 11 14 0.099555366 
69 540 11 15 0.08121877 
556 461 10 13 0.080937386 
602 -4 380 441 0.07593053 
468 101 10 12 0.06195682 
46 500 14 19 0.057960995 
1006 597 17 40 0.054168344 
59 495 25 31 0.047404356 
0 487 21 34 0.042729143 
573 614 70 70 0.041077226 
999 544 23 34 0.038693324 
550 520 13 16 0.031079782 
440 243 13 16 0.030930448 
993 580 29 48 0.028694596 
685 457 77 98 0.027753808 
949 585 55 71 0.026404146 
222 42 14 18 0.025430854 
421 126 10 12 0.025137082 
49 495 23 30 0.025037315 
411 1153 121 178 0.02377428 
906 742 42 39 0.02309477 
364 1073 194 302 0.023058504 
981 580 27 39 0.022534952 
59 1095 114 130 0.022346118 
352 852 404 558 0.021782134 
39 415 8 12 0.021726137 
964 616 29 33 0.021396685 
553 457 10 13 0.021360165 
553 504 26 32 0.020789264 
977 586 43 69 0.020162232 
890 65 150 200 0.020121919 
587 590 57 66 0.020105937 
