39_Ice_Skating_Ice_Skating_39_176
23
693 367 61 114 0.96962065 
421 359 53 89 0.9410734 
316 190 17 19 0.42267412 
165 855 505 451 0.06948861 
324 655 13 17 0.067941375 
352 678 11 13 0.06402386 
687 177 14 18 0.05361833 
350 684 14 17 0.036196735 
407 626 13 15 0.03589849 
389 700 12 16 0.032055914 
339 669 12 14 0.031628493 
373 715 11 12 0.03105616 
394 356 61 83 0.026434576 
359 669 10 12 0.026074948 
335 674 12 15 0.024264084 
316 672 11 12 0.023489146 
375 686 10 13 0.023301587 
341 661 11 13 0.022306938 
381 667 13 15 0.022202967 
461 629 10 11 0.02217091 
367 714 13 14 0.021599626 
342 686 12 14 0.021196514 
397 645 11 13 0.020195913 
