39_Ice_Skating_Ice_Skating_39_486
44
457 307 159 192 0.9969116 
644 717 11 13 0.50909406 
783 718 11 13 0.42422986 
792 742 10 14 0.18784577 
760 738 16 19 0.13202526 
559 717 10 12 0.10810078 
642 643 13 16 0.090314254 
757 723 13 15 0.08594135 
716 684 10 13 0.07787203 
622 715 11 14 0.064393006 
737 685 11 13 0.060894854 
307 515 473 563 0.05653642 
682 724 12 14 0.056006365 
775 734 11 15 0.053385686 
699 677 11 14 0.050597366 
827 720 13 16 0.05000629 
681 717 11 13 0.048150923 
284 744 464 564 0.04533966 
808 717 9 13 0.042880833 
660 726 11 14 0.041275155 
854 718 9 12 0.04107548 
708 718 10 15 0.04023152 
548 725 11 15 0.034141425 
647 684 9 12 0.031800635 
626 651 13 16 0.031710092 
671 734 10 13 0.029120104 
748 710 14 18 0.028671017 
625 685 10 13 0.028482527 
775 722 13 17 0.028008454 
757 732 16 19 0.02638894 
783 740 11 14 0.025720429 
765 691 13 17 0.025642289 
487 171 73 85 0.025364324 
639 722 12 15 0.024882885 
640 662 11 14 0.024733528 
779 732 12 14 0.024629291 
773 697 11 15 0.023948792 
709 653 10 13 0.02283482 
761 684 10 12 0.022440355 
661 717 11 13 0.022324443 
661 685 9 11 0.021616248 
652 716 12 15 0.021093566 
647 668 10 12 0.021040658 
633 724 10 13 0.020030094 
