39_Ice_Skating_Ice_Skating_39_103
18
414 187 32 42 0.99867886 
443 171 21 25 0.97664547 
717 240 27 39 0.9684114 
228 213 15 19 0.9275354 
181 185 16 21 0.9172307 
533 182 13 20 0.9171656 
334 169 17 19 0.90147567 
248 227 10 13 0.071873 
559 558 37 39 0.040680785 
327 233 13 17 0.03222197 
567 256 13 14 0.028052786 
816 233 12 15 0.027839068 
696 244 29 34 0.026810551 
482 234 11 15 0.024209786 
617 379 366 436 0.02404686 
574 554 37 35 0.022859633 
548 189 10 14 0.022060322 
146 226 13 16 0.020057743 
