39_Ice_Skating_Ice_Skating_39_487
33
504 253 57 75 0.999405 
887 46 50 60 0.23963833 
461 6 16 21 0.08538225 
451 3 21 27 0.05979911 
919 271 17 23 0.057830025 
51 83 24 36 0.046861712 
998 25 28 37 0.043756258 
447 10 14 18 0.041823305 
21 127 29 38 0.040028445 
1011 327 12 24 0.037405636 
902 246 14 18 0.037401 
782 355 13 16 0.03142783 
886 7 63 68 0.030027242 
420 0 14 13 0.029839922 
48 243 54 75 0.029075697 
863 208 14 20 0.028913105 
535 927 47 48 0.028680127 
0 525 8 13 0.027426455 
76 353 409 452 0.025570907 
159 423 11 13 0.025498457 
812 270 9 13 0.024892267 
18 106 34 40 0.024846759 
832 12 31 35 0.023385812 
879 39 32 44 0.023377808 
25 89 26 33 0.02280131 
176 393 13 15 0.021869756 
808 314 31 45 0.021374952 
934 6 37 37 0.021178821 
395 17 13 17 0.021156596 
581 435 452 467 0.021029115 
104 477 9 12 0.020454314 
872 28 29 42 0.020359535 
986 67 42 78 0.020302717 
