39_Ice_Skating_Ice_Skating_39_389
157
606 360 8 11 0.61002123 
544 361 8 9 0.5249322 
571 361 7 9 0.49159807 
544 364 9 13 0.48294607 
409 376 8 10 0.46499112 
570 365 9 11 0.45227438 
672 365 7 9 0.43367332 
47 365 13 17 0.39509737 
460 369 9 11 0.33409345 
768 373 10 13 0.2792639 
377 391 9 12 0.25288913 
461 381 11 14 0.24889532 
236 392 9 12 0.24333566 
324 397 11 13 0.23525448 
369 382 7 10 0.2270433 
638 364 8 10 0.21843374 
460 371 12 16 0.18597172 
509 361 8 10 0.17913786 
830 375 9 11 0.1770071 
506 359 8 10 0.17406242 
590 377 9 11 0.15456012 
273 389 8 10 0.13968281 
569 371 8 11 0.11584238 
545 370 10 13 0.11569611 
326 381 8 10 0.11179295 
422 391 9 12 0.111208774 
447 389 9 10 0.10801407 
741 367 8 10 0.10761415 
623 375 9 12 0.10485819 
503 373 9 11 0.10242945 
824 373 10 13 0.10071772 
792 382 9 11 0.097092986 
402 393 8 11 0.09519459 
409 146 118 144 0.08240519 
505 364 9 11 0.08138747 
634 365 8 10 0.080405965 
238 408 10 11 0.07964751 
769 369 7 10 0.07407836 
405 395 13 17 0.07373996 
495 393 12 14 0.07279873 
457 380 9 13 0.069717616 
823 367 8 12 0.06936685 
630 375 8 11 0.06876054 
727 379 9 12 0.06780499 
378 395 11 13 0.06742804 
617 376 9 11 0.066473685 
561 384 8 9 0.06506166 
602 363 8 12 0.061822616 
374 383 9 11 0.06094909 
633 392 8 12 0.05793017 
670 398 9 11 0.05769986 
818 374 8 11 0.05668327 
799 368 7 9 0.056476388 
669 392 9 12 0.055901002 
794 375 8 11 0.055405483 
276 398 10 12 0.055048395 
673 373 9 13 0.05405204 
737 336 7 9 0.05216266 
585 380 9 12 0.051845632 
567 392 9 11 0.051538866 
476 327 11 13 0.048482165 
498 388 14 16 0.047371544 
412 395 13 17 0.047226142 
415 392 11 12 0.04695526 
363 396 11 14 0.04623452 
375 403 10 12 0.04576507 
798 380 8 11 0.04481613 
737 391 10 13 0.044114403 
663 375 9 11 0.043999996 
751 376 7 9 0.04311641 
647 375 7 9 0.042975765 
501 382 12 14 0.04118967 
561 390 8 10 0.040004555 
477 363 9 12 0.03980563 
576 382 8 11 0.039622977 
672 416 11 13 0.039523065 
785 384 9 11 0.038953252 
790 389 9 12 0.03866054 
798 375 8 11 0.038576156 
326 377 7 10 0.038235236 
157 355 18 18 0.035021327 
537 391 8 11 0.03478124 
735 373 9 11 0.034085274 
599 382 8 11 0.03404061 
320 392 10 12 0.03393215 
474 359 9 12 0.033913646 
678 375 9 12 0.03341297 
792 398 8 10 0.033062655 
742 335 7 9 0.0327188 
360 393 9 11 0.032292403 
496 375 9 11 0.032255627 
646 367 8 10 0.03159632 
455 398 9 12 0.031537276 
541 390 9 11 0.030740708 
670 403 10 12 0.030662743 
743 373 8 11 0.030577416 
495 383 11 13 0.030171163 
784 389 10 12 0.029785782 
447 395 11 14 0.029148793 
766 405 9 11 0.028932927 
640 373 9 11 0.02814897 
472 364 10 12 0.027582249 
672 379 9 11 0.027459797 
461 398 9 12 0.027276427 
637 391 9 11 0.027192641 
775 391 8 11 0.027064193 
233 382 9 11 0.026913552 
761 390 7 10 0.026607925 
543 381 9 11 0.026593557 
676 366 8 10 0.026582211 
881 66 26 29 0.026450755 
413 381 9 11 0.026391448 
824 391 8 10 0.026384639 
767 389 9 11 0.026181662 
744 381 8 11 0.026149279 
607 374 8 12 0.025955556 
733 380 10 11 0.025809994 
536 382 8 10 0.025776368 
541 397 8 10 0.02555386 
612 130 401 488 0.025221637 
238 382 9 12 0.025067162 
766 400 8 9 0.025050355 
798 351 8 10 0.024749245 
766 368 17 23 0.024380969 
366 390 9 11 0.024127316 
758 337 8 9 0.024090169 
794 368 7 10 0.023968004 
599 399 8 10 0.02394284 
541 361 18 22 0.023879312 
606 381 8 11 0.023570765 
760 383 8 10 0.023056485 
428 390 8 11 0.022992754 
566 382 9 11 0.022992264 
639 404 9 12 0.022815678 
479 322 9 11 0.022783251 
792 336 8 10 0.022759328 
772 379 8 11 0.022696257 
488 375 8 10 0.022590792 
573 389 8 12 0.022342935 
733 414 10 14 0.021964926 
453 387 10 13 0.021871462 
638 398 9 11 0.021782696 
325 327 123 126 0.021764617 
819 368 8 10 0.021736976 
814 336 9 10 0.021142809 
752 351 8 10 0.021131013 
647 380 8 11 0.021111708 
823 361 7 9 0.021091487 
528 391 8 11 0.02102109 
806 376 8 9 0.020953692 
762 397 8 10 0.020933297 
551 390 8 10 0.020623501 
561 375 8 10 0.020470403 
-12 271 403 417 0.020234315 
536 374 8 10 0.0201332 
737 361 8 9 0.020127915 
374 385 18 24 0.020040974 
