39_Ice_Skating_Ice_Skating_39_875
18
702 195 57 65 0.99174774 
768 293 73 85 0.98840904 
463 307 70 62 0.14594094 
218 2 18 20 0.06573083 
910 32 14 17 0.055155423 
699 37 25 30 0.05386465 
476 318 41 33 0.044397634 
940 0 36 33 0.038056042 
557 42 25 30 0.035410654 
884 596 11 13 0.03267746 
327 -1 21 18 0.028366301 
450 237 37 38 0.028122874 
26 0 18 21 0.025050374 
493 304 69 66 0.024882354 
482 401 15 19 0.023781613 
427 290 35 36 0.022492249 
202 -2 26 26 0.021949064 
681 145 84 110 0.020684555 
