39_Ice_Skating_iceskiing_39_349
25
815 284 52 62 0.99424815 
639 302 34 52 0.928247 
740 547 207 252 0.19708511 
225 321 42 67 0.13548413 
427 320 30 37 0.051219627 
347 278 93 120 0.047102526 
516 572 30 32 0.041441165 
599 286 31 42 0.03618401 
642 473 330 396 0.03419269 
492 305 16 21 0.032144874 
412 309 10 13 0.030448431 
426 307 27 35 0.029541954 
422 353 14 18 0.028419774 
433 305 18 22 0.028210137 
219 291 72 117 0.026785376 
765 619 137 152 0.026678933 
750 400 32 37 0.026267165 
421 324 12 15 0.025882479 
50 302 15 19 0.024570188 
-22 421 251 236 0.023427164 
596 274 25 36 0.02232195 
421 335 24 32 0.0216299 
400 308 51 72 0.02158054 
2 111 396 489 0.020382356 
429 293 48 66 0.020343099 
