39_Ice_Skating_iceskiing_39_583
463
783 149 27 32 0.98803616 
522 121 24 32 0.9695314 
442 138 35 42 0.9639829 
463 224 38 37 0.84758395 
303 90 19 27 0.7992134 
233 47 25 50 0.6606974 
352 183 17 22 0.6382687 
325 87 19 23 0.47735026 
311 87 21 27 0.43286416 
696 201 9 11 0.4086006 
633 245 11 14 0.39177245 
637 217 13 17 0.35942912 
381 93 11 16 0.27257243 
857 112 8 11 0.22244996 
905 119 9 11 0.18127874 
918 103 8 10 0.17038825 
549 226 28 45 0.16962107 
165 19 17 20 0.16709304 
663 183 7 10 0.16543026 
653 199 8 11 0.16535082 
363 91 13 18 0.1637525 
499 144 18 22 0.16255297 
398 102 13 17 0.15852816 
47 14 51 54 0.15744132 
613 183 9 13 0.15370719 
672 207 11 13 0.14878783 
979 149 8 10 0.14057189 
887 159 8 10 0.13616912 
444 229 50 57 0.122884944 
855 183 8 10 0.12111457 
331 125 13 16 0.12024299 
912 174 7 9 0.119467445 
325 128 15 18 0.116572395 
591 157 11 13 0.113781065 
860 116 9 11 0.10438393 
905 38 9 10 0.1042749 
608 182 9 13 0.1026373 
609 135 10 13 0.102490306 
598 151 10 12 0.10175062 
332 69 11 13 0.09872328 
662 208 9 10 0.09862094 
676 211 10 13 0.09817921 
829 159 9 11 0.09806484 
862 157 8 11 0.096386194 
670 200 8 10 0.09458683 
405 86 10 12 0.094365746 
661 140 9 12 0.0919978 
688 157 8 11 0.09004826 
656 206 8 11 0.08921784 
184 3 17 18 0.089065105 
146 13 32 37 0.08902691 
252 13 36 53 0.08882762 
740 214 11 14 0.088198155 
703 135 7 9 0.08817858 
896 125 6 9 0.08785486 
849 184 8 10 0.08678058 
629 117 8 10 0.086216636 
606 157 8 11 0.084082544 
584 135 8 11 0.08352965 
268 40 15 18 0.08339008 
597 112 9 12 0.0828289 
904 213 8 11 0.079577275 
872 144 7 9 0.07953748 
654 97 6 9 0.079434015 
423 110 15 22 0.078296125 
745 206 9 11 0.076748826 
424 104 9 11 0.07605918 
913 207 9 11 0.071822524 
881 128 7 9 0.0714307 
873 169 8 10 0.070052065 
856 208 7 10 0.069422804 
523 214 43 54 0.06792277 
558 139 11 15 0.06731185 
125 24 45 53 0.06702602 
741 83 11 14 0.066499144 
711 152 6 9 0.06641224 
882 232 8 11 0.06557125 
825 160 9 12 0.06554437 
274 75 10 14 0.06489181 
599 144 9 10 0.06469331 
695 253 13 15 0.064663626 
738 219 10 13 0.06446625 
862 134 8 10 0.06441925 
882 200 7 10 0.064073 
973 190 9 11 0.06394783 
863 175 7 9 0.06338129 
856 158 8 10 0.0633681 
633 216 11 14 0.06163314 
861 184 7 9 0.06148892 
19 8 29 34 0.061135918 
910 153 8 10 0.06109247 
783 239 12 16 0.060616598 
566 355 33 36 0.06003728 
883 86 10 13 0.059904743 
672 137 6 9 0.058616713 
602 180 9 12 0.058604296 
914 95 8 11 0.058582466 
705 150 7 10 0.058501497 
478 93 9 12 0.058368877 
607 151 9 12 0.058000572 
744 188 9 11 0.057954032 
888 126 7 9 0.05794354 
609 197 10 13 0.057421595 
951 119 7 8 0.057341352 
624 172 10 11 0.05715863 
890 105 8 11 0.05709216 
640 183 8 9 0.05701934 
894 155 9 11 0.057004765 
565 149 11 15 0.05686505 
873 173 8 10 0.056769565 
551 126 11 14 0.05568729 
664 188 8 11 0.05482683 
656 174 8 11 0.053301334 
519 127 16 23 0.05281761 
446 99 11 13 0.052328806 
350 92 14 17 0.05196141 
981 144 8 11 0.051327072 
890 220 7 10 0.05100288 
578 103 8 10 0.05047582 
581 102 9 10 0.049969584 
427 116 17 22 0.049013305 
992 209 9 12 0.04897683 
614 175 8 11 0.04893991 
873 148 8 12 0.048927777 
630 113 8 10 0.04867594 
468 283 18 21 0.048583694 
215 51 34 43 0.04831559 
488 220 49 56 0.048001286 
125 51 31 36 0.047549438 
556 125 11 15 0.047102656 
744 281 15 19 0.046877787 
593 152 10 13 0.046518322 
564 227 14 23 0.046475112 
977 228 9 13 0.0463784 
679 222 10 14 0.046349134 
893 104 9 10 0.046268728 
978 208 9 12 0.045941077 
174 9 22 30 0.04583019 
696 96 7 10 0.045667723 
745 200 9 12 0.045345623 
659 180 8 11 0.04532056 
349 131 15 18 0.044926096 
597 132 9 12 0.04483099 
648 119 9 11 0.04378216 
655 121 8 9 0.042858426 
744 167 10 13 0.04259387 
607 165 8 11 0.042435247 
856 176 8 10 0.04235286 
-2 44 78 123 0.042179488 
632 134 8 9 0.041532014 
472 235 35 43 0.041372385 
978 61 8 10 0.041253712 
650 168 7 10 0.04071687 
461 213 13 19 0.040620346 
697 136 7 9 0.040577367 
22 7 52 54 0.04048432 
690 205 8 11 0.040480096 
702 144 8 10 0.04027072 
888 216 9 10 0.04013863 
849 158 8 10 0.040079195 
749 183 8 11 0.040063184 
630 199 9 11 0.040046573 
431 94 9 12 0.039559804 
681 153 7 10 0.039407697 
630 166 10 12 0.03931088 
622 104 7 9 0.039304655 
911 211 8 11 0.03924397 
682 158 7 10 0.039211087 
725 207 8 10 0.03907592 
894 215 8 10 0.038958896 
366 0 35 26 0.038781628 
655 168 8 10 0.03858368 
882 215 7 10 0.03851995 
421 148 28 37 0.03843277 
317 23 16 18 0.03843118 
637 158 9 12 0.038334787 
696 143 8 9 0.03829627 
187 37 25 38 0.038183752 
471 102 11 13 0.03797713 
156 3 13 13 0.037797518 
638 153 8 9 0.03750448 
263 30 24 30 0.03746642 
509 225 46 56 0.037448086 
380 87 20 26 0.03744613 
713 205 7 9 0.03741877 
511 103 40 47 0.03731195 
658 141 8 11 0.03728981 
873 113 7 10 0.03728979 
494 94 13 17 0.037125226 
440 99 11 14 0.037086636 
663 120 7 9 0.03704527 
414 84 12 16 0.0368203 
504 152 18 22 0.036740143 
919 201 8 11 0.03673987 
370 88 19 24 0.036355335 
897 87 8 10 0.036354005 
902 230 13 17 0.03632555 
569 235 15 19 0.036312953 
689 135 7 8 0.036258843 
656 125 7 10 0.036049545 
262 26 14 19 0.035517614 
270 411 12 15 0.035368457 
406 81 10 12 0.035225492 
905 168 7 9 0.03511609 
202 7 30 30 0.03486414 
563 142 11 15 0.03480044 
523 110 18 21 0.03472849 
738 102 8 12 0.03466561 
905 113 7 9 0.034591608 
713 199 8 11 0.034521412 
896 175 8 10 0.034411743 
879 167 7 10 0.034392226 
607 174 10 14 0.0343647 
516 161 18 22 0.03435611 
919 107 8 11 0.034307703 
838 54 10 12 0.03348712 
650 100 8 10 0.032924317 
355 93 17 19 0.03279018 
424 93 11 13 0.032548986 
700 247 11 14 0.032518957 
680 16 10 11 0.03241911 
672 120 8 9 0.03240048 
893 190 9 12 0.032352407 
738 85 9 12 0.032310415 
870 223 8 10 0.032261483 
704 112 8 9 0.03220792 
639 207 9 11 0.031918008 
879 112 7 10 0.031730607 
534 194 42 56 0.03139129 
310 67 13 16 0.031385213 
43 61 24 38 0.031237502 
439 90 11 15 0.031172024 
575 111 9 11 0.031116378 
316 17 26 30 0.031102482 
625 127 8 10 0.0310861 
648 174 9 11 0.030846732 
446 68 11 12 0.030777313 
637 135 7 10 0.030679155 
451 97 11 14 0.030658098 
880 118 7 9 0.030638147 
910 169 9 11 0.030525092 
886 197 9 12 0.030516319 
957 175 9 11 0.03045581 
465 149 19 24 0.030341083 
656 211 10 12 0.03031415 
593 133 8 12 0.029961778 
928 118 7 9 0.029951233 
689 144 7 8 0.029930966 
169 1 25 24 0.02984519 
967 144 7 9 0.029809657 
485 91 15 18 0.029792037 
496 130 25 30 0.029494774 
389 94 20 26 0.029459724 
473 184 27 30 0.02936421 
637 164 8 11 0.02920881 
649 203 9 12 0.029155873 
737 168 8 11 0.029152868 
655 222 10 14 0.029068295 
905 137 7 9 0.02890162 
596 125 10 14 0.028840639 
690 200 8 11 0.028829904 
847 152 8 10 0.028719513 
576 165 11 13 0.028671427 
497 111 23 32 0.028601939 
997 148 8 10 0.02857519 
863 189 7 10 0.02853519 
694 159 9 11 0.028472891 
719 104 7 10 0.028401867 
945 120 7 8 0.02839588 
690 251 21 26 0.028388975 
726 158 7 9 0.028276486 
886 165 8 10 0.028207064 
760 150 9 12 0.028186888 
912 200 9 11 0.028127855 
54 36 31 36 0.028048543 
622 205 9 11 0.02799865 
887 151 10 13 0.027986538 
456 210 28 40 0.027968708 
748 188 9 12 0.027753785 
234 20 39 55 0.027745927 
505 162 25 31 0.027658543 
416 78 11 13 0.027633404 
878 182 7 10 0.027322866 
824 120 10 11 0.027295334 
476 174 40 49 0.027260095 
749 199 10 13 0.027194148 
737 228 9 12 0.027097542 
357 124 13 15 0.027081398 
623 222 9 12 0.026971672 
998 62 8 11 0.026937502 
697 165 8 9 0.026890209 
800 116 12 14 0.026854534 
581 165 10 12 0.026795603 
187 1 26 27 0.026762916 
714 190 8 11 0.026655057 
642 38 10 12 0.026622057 
824 148 10 13 0.02659838 
983 244 10 11 0.026594602 
840 135 8 10 0.026543727 
412 77 21 27 0.026498057 
499 133 15 19 0.026385961 
418 86 43 56 0.02636307 
848 177 8 10 0.02632664 
606 118 7 11 0.026288018 
905 153 7 10 0.026248805 
669 206 18 22 0.026204836 
873 128 7 9 0.026186643 
871 135 8 10 0.026155656 
748 173 9 12 0.026061099 
638 101 9 10 0.026001204 
984 167 8 9 0.02600082 
630 204 10 12 0.025978627 
782 56 212 253 0.025942314 
614 128 8 11 0.025874253 
893 221 8 10 0.025767725 
774 126 12 15 0.02573508 
663 150 8 10 0.025706535 
661 222 10 14 0.025694482 
640 189 8 10 0.025552709 
657 227 10 13 0.025529554 
636 240 11 13 0.025526375 
609 186 11 14 0.025486114 
886 206 9 12 0.025412148 
621 30 9 12 0.025403319 
720 200 7 9 0.02537264 
888 120 8 10 0.025321001 
993 145 8 10 0.02528928 
441 71 9 11 0.025191475 
726 182 8 10 0.0251794 
878 149 9 12 0.025047893 
597 251 17 19 0.025019856 
665 197 9 11 0.02489874 
680 126 8 9 0.02487252 
864 86 11 13 0.024803346 
395 100 21 27 0.024775108 
366 22 28 32 0.02474092 
737 79 10 12 0.02468792 
440 78 10 12 0.024686642 
658 136 8 10 0.02464744 
631 128 8 10 0.024642516 
799 100 14 17 0.024558883 
613 159 8 9 0.024533812 
752 131 12 14 0.024429794 
643 215 12 15 0.024367617 
502 184 14 19 0.024321193 
742 91 10 14 0.024308214 
873 198 7 9 0.02423823 
725 151 8 10 0.024233887 
504 179 21 31 0.024185102 
426 251 50 59 0.024156827 
895 208 8 11 0.024097964 
662 168 7 9 0.024067711 
718 126 8 10 0.02406043 
728 136 8 10 0.024060331 
157 17 18 22 0.02404666 
551 135 21 26 0.023987722 
639 199 9 12 0.023950474 
428 101 11 14 0.023921141 
775 104 10 10 0.023817722 
334 88 19 25 0.02379283 
436 82 23 29 0.023784762 
624 134 8 9 0.02377919 
0 8 45 59 0.023737649 
657 111 7 9 0.023689054 
679 96 7 9 0.023638217 
957 187 10 13 0.023627616 
872 207 7 9 0.023605887 
654 191 10 12 0.023549933 
704 233 12 15 0.023526182 
358 88 12 16 0.023524739 
721 213 9 12 0.02322379 
962 127 6 7 0.023203757 
633 96 8 9 0.023189694 
741 227 10 13 0.023137184 
882 205 7 10 0.0231314 
463 290 15 18 0.023112573 
476 240 50 56 0.023097437 
685 223 10 12 0.023021746 
967 126 6 8 0.022998573 
884 235 9 12 0.022976512 
434 112 16 21 0.022966068 
735 32 9 12 0.022913912 
960 151 6 9 0.02289186 
574 116 9 12 0.02288116 
872 192 7 10 0.022857377 
575 256 30 34 0.022780156 
276 413 12 14 0.022730539 
862 207 7 10 0.02267952 
510 169 27 35 0.022654155 
837 164 9 12 0.022615325 
1008 158 8 10 0.02260376 
815 162 11 16 0.022598984 
424 111 41 54 0.022596372 
855 105 8 10 0.022482216 
982 208 9 11 0.02247151 
841 182 9 12 0.022376783 
981 57 8 10 0.022329018 
824 124 11 14 0.022274958 
838 159 8 11 0.022234377 
721 183 7 10 0.02223026 
45 8 35 38 0.02222017 
565 124 11 15 0.022189267 
589 152 20 25 0.022066407 
717 107 9 11 0.022030652 
999 160 8 10 0.021958817 
555 184 46 60 0.021924239 
561 28 11 14 0.021830736 
501 116 13 18 0.021802135 
800 85 11 13 0.021775616 
624 199 9 12 0.02176147 
608 127 9 12 0.021686533 
477 95 410 466 0.021665437 
269 419 14 19 0.021637348 
961 136 6 8 0.021525806 
823 142 11 13 0.021401081 
267 136 418 420 0.021396445 
966 88 9 10 0.02135869 
680 134 7 9 0.021302637 
726 201 8 9 0.021284757 
325 118 16 19 0.02124743 
687 189 9 13 0.021182163 
309 390 15 21 0.021179326 
873 182 8 10 0.021177363 
540 199 15 23 0.021161765 
615 204 10 12 0.021144178 
702 166 8 9 0.021127708 
587 245 44 53 0.021090021 
441 63 10 13 0.021063559 
687 153 8 10 0.021051856 
27 23 57 78 0.021035323 
1000 166 8 10 0.021023141 
663 112 7 9 0.020903677 
878 174 7 11 0.020893447 
693 222 10 12 0.020847097 
614 166 9 12 0.02082527 
694 213 10 11 0.020811806 
928 103 7 10 0.020775203 
398 93 14 18 0.020756869 
112 5 17 21 0.020694586 
672 159 7 8 0.020605842 
674 103 7 8 0.020595383 
558 234 41 53 0.020588411 
587 260 15 17 0.02058499 
612 139 10 13 0.020505164 
403 158 33 40 0.020504974 
624 238 21 28 0.020473087 
845 95 9 10 0.020449625 
470 195 31 37 0.020443022 
508 170 14 17 0.02035283 
712 129 8 9 0.020307377 
554 323 48 52 0.020306421 
685 16 10 12 0.020295627 
47 51 29 38 0.020281726 
921 118 8 10 0.020248678 
711 134 7 9 0.02022896 
735 199 8 11 0.020190872 
991 223 11 13 0.020167451 
725 212 9 11 0.02010852 
913 181 8 9 0.02008642 
960 88 9 11 0.020084837 
214 15 28 35 0.020075193 
165 20 27 37 0.020015657 
910 136 7 9 0.020006811 
