39_Ice_Skating_iceskiing_39_310
31
429 227 39 41 0.99408346 
186 155 36 44 0.98584855 
122 227 42 48 0.665066 
343 250 28 37 0.51480055 
722 365 45 50 0.18148614 
349 258 38 56 0.09372617 
694 342 67 65 0.08443694 
329 251 43 69 0.08377952 
236 228 455 508 0.08067996 
148 155 43 56 0.0778526 
138 241 34 45 0.069004886 
376 264 29 38 0.059612747 
233 274 63 79 0.05136089 
696 373 66 69 0.050370764 
439 249 34 38 0.04420064 
655 351 66 67 0.038534485 
223 242 96 93 0.036710806 
386 265 17 22 0.036287196 
437 108 13 16 0.03472615 
624 306 54 58 0.03378233 
454 272 49 54 0.03133849 
843 329 27 33 0.030247329 
434 124 17 19 0.028539147 
668 323 16 18 0.02802033 
114 244 56 60 0.025153223 
685 397 69 82 0.025114061 
436 114 16 19 0.024826253 
442 161 17 21 0.024743216 
654 368 108 135 0.02436251 
143 221 29 44 0.02346916 
113 201 57 62 0.020614132 
