39_Ice_Skating_iceskiing_39_943
57
574 811 81 113 0.9966558 
424 192 73 95 0.9963182 
164 848 65 96 0.78432244 
761 394 59 68 0.74470586 
109 307 31 53 0.24191637 
416 743 9 12 0.2358821 
593 305 354 471 0.20790023 
375 940 390 530 0.14957662 
48 311 60 65 0.11890158 
134 859 68 90 0.07495544 
81 306 49 57 0.059844065 
386 692 10 14 0.05834335 
493 532 30 30 0.043485895 
371 285 432 523 0.040524986 
757 398 38 48 0.04016218 
434 742 8 10 0.039018255 
370 177 14 17 0.037656054 
-12 966 224 276 0.035860587 
436 441 25 32 0.03511954 
140 998 14 18 0.03457467 
593 943 193 266 0.033389155 
328 167 11 14 0.032730997 
482 517 15 16 0.03099584 
385 720 7 10 0.030888768 
703 339 40 46 0.02981628 
47 1048 136 153 0.02895191 
384 635 8 11 0.028776843 
356 637 11 15 0.028321052 
526 430 14 18 0.027583499 
39 734 10 11 0.02746775 
341 738 9 11 0.027341058 
360 666 10 13 0.027271872 
749 413 65 81 0.026839279 
173 1014 14 16 0.02675541 
554 873 339 432 0.026439903 
349 701 8 12 0.02634409 
389 982 42 55 0.026146887 
469 764 11 15 0.025773223 
168 1020 26 31 0.025321266 
98 1171 14 15 0.025273724 
421 748 9 11 0.025093777 
631 492 167 251 0.024856316 
416 737 9 12 0.024130978 
6 322 114 139 0.023314726 
100 325 36 51 0.023176532 
685 437 14 19 0.022451624 
742 394 35 41 0.022406884 
398 749 8 11 0.022365497 
367 743 7 10 0.022122534 
797 399 34 46 0.02203041 
424 728 8 9 0.021886699 
374 677 8 11 0.021426676 
359 687 7 11 0.021402478 
768 358 58 76 0.021270622 
38 333 72 75 0.02101743 
1004 518 10 12 0.020296464 
785 411 39 46 0.020015135 
