39_Ice_Skating_Ice_Skating_39_793
30
516 532 271 351 0.9998969 
150 627 94 127 0.99971753 
838 983 34 39 0.677811 
571 1068 49 41 0.51173407 
368 50 30 39 0.18059327 
387 286 356 509 0.105585754 
301 100 445 415 0.10187349 
610 1045 31 34 0.08914035 
110 504 102 120 0.08516261 
157 1051 389 524 0.06750352 
888 824 38 37 0.06701257 
165 1257 241 271 0.053796202 
697 83 31 38 0.052301265 
42 1114 18 21 0.049081717 
311 50 30 38 0.0472457 
300 1010 352 461 0.046663065 
665 83 88 114 0.03913505 
655 1098 56 56 0.035865746 
430 53 28 37 0.034179322 
88 568 99 133 0.0301582 
640 1060 65 64 0.028433414 
407 382 106 137 0.027344195 
541 900 385 412 0.027192382 
790 129 54 63 0.026919605 
784 368 18 23 0.025012467 
76 958 372 443 0.02385478 
321 655 53 70 0.023616036 
360 62 33 39 0.021601124 
111 929 45 61 0.0215335 
348 1037 219 284 0.02072008 
