39_Ice_Skating_Ice_Skating_39_568
25
360 116 34 48 0.99538815 
910 118 13 17 0.9320304 
105 125 24 29 0.91760397 
181 163 15 19 0.67755926 
915 306 36 62 0.6279419 
701 119 14 20 0.5862703 
896 135 9 11 0.09993657 
695 115 14 22 0.08310802 
69 188 16 20 0.073200226 
543 134 13 18 0.07197498 
921 139 11 14 0.057522792 
944 117 9 12 0.04695494 
280 117 8 11 0.03987005 
616 158 10 11 0.03530064 
39 172 10 15 0.03436509 
233 126 9 11 0.033177063 
247 112 8 10 0.030714681 
183 157 23 29 0.029282948 
700 108 15 20 0.029080916 
949 116 11 13 0.02661547 
1004 140 12 15 0.025183197 
897 311 38 45 0.024649402 
899 141 11 14 0.022042569 
885 324 48 54 0.021009464 
285 181 13 16 0.020289052 
