39_Ice_Skating_Ice_Skating_39_1047
124
246 112 54 68 0.9996408 
745 143 61 79 0.99925584 
877 174 26 32 0.9983032 
830 145 25 31 0.9981877 
812 74 23 31 0.9976441 
498 197 22 29 0.99615115 
736 2 22 29 0.99055344 
938 73 23 28 0.9891216 
722 79 24 30 0.9874723 
591 195 22 30 0.98647773 
60 23 18 23 0.9816744 
531 131 19 25 0.9814611 
8 15 18 23 0.97819775 
125 22 17 22 0.97664875 
602 132 18 24 0.9759946 
307 15 19 25 0.9753891 
945 6 17 23 0.9730812 
670 0 22 25 0.97295266 
458 161 20 25 0.9728626 
243 20 19 25 0.9711611 
882 39 19 27 0.96753937 
529 175 19 25 0.964417 
180 19 20 25 0.9642183 
880 9 19 24 0.9402159 
939 145 22 31 0.88231814 
808 27 17 21 0.87737346 
966 190 28 34 0.7847433 
1010 78 15 27 0.6998784 
911 141 17 22 0.45672193 
332 53 16 22 0.40171427 
108 19 14 17 0.20269907 
486 33 10 11 0.16126908 
394 37 14 16 0.14825517 
117 0 15 16 0.13736196 
6 36 14 19 0.13666868 
92 13 13 17 0.13546538 
919 156 22 28 0.12861425 
928 153 23 27 0.12289217 
27 26 13 17 0.11096138 
754 51 23 27 0.10867707 
660 64 24 25 0.103641555 
916 136 24 31 0.10255569 
457 228 20 24 0.09748432 
43 0 12 11 0.09694492 
897 -1 16 20 0.09594693 
390 42 17 19 0.087934926 
910 52 12 17 0.07701671 
485 107 10 11 0.07637582 
108 -1 14 13 0.07293262 
656 73 26 30 0.069743834 
157 -1 17 14 0.06714219 
54 1 13 13 0.05886014 
1012 170 12 20 0.05492506 
283 63 23 28 0.054889113 
386 72 24 31 0.054526884 
329 90 17 22 0.052169546 
978 185 19 23 0.05083641 
885 2 20 25 0.050564654 
146 61 13 17 0.048958477 
334 -2 12 12 0.047199357 
100 13 15 19 0.044155985 
105 67 16 20 0.04384548 
173 -2 17 14 0.042991128 
86 19 15 18 0.04214786 
635 197 16 20 0.042111382 
143 67 14 19 0.04150861 
28 4 12 14 0.038783185 
155 4 21 26 0.038098894 
431 45 14 17 0.03735129 
851 48 17 21 0.035849944 
126 68 20 25 0.035821717 
405 100 14 19 0.033378292 
5 320 13 17 0.0331131 
84 25 16 20 0.03271344 
118 20 16 20 0.032644857 
693 0 16 19 0.03221347 
554 165 15 18 0.032122422 
845 50 14 19 0.031398002 
122 40 16 19 0.030881375 
389 46 21 27 0.030239288 
909 156 21 29 0.029956948 
391 57 23 32 0.028836584 
840 194 27 30 0.028504567 
433 35 17 17 0.027319776 
613 89 26 32 0.02725832 
115 66 21 26 0.027218563 
476 127 22 27 0.027211739 
428 41 24 27 0.026843932 
989 216 23 29 0.026726805 
101 0 16 17 0.026022553 
481 104 9 12 0.025919154 
235 -2 14 15 0.025795178 
20 23 14 19 0.025397088 
875 63 15 20 0.025152586 
547 167 19 24 0.024698695 
104 25 12 16 0.024637848 
46 87 15 17 0.024572575 
508 36 11 13 0.024098674 
481 31 11 12 0.023812072 
481 35 13 16 0.023509445 
381 0 12 12 0.02330703 
685 129 14 19 0.023115672 
435 26 17 18 0.022730947 
761 45 18 22 0.022683313 
5 5 13 14 0.02260039 
929 132 28 35 0.022595596 
197 8 15 20 0.022592638 
669 14 18 22 0.022416558 
50 -3 22 21 0.02233202 
373 1 14 17 0.021938313 
1004 101 19 32 0.021820463 
857 1 16 21 0.021663284 
149 16 15 21 0.021561014 
381 31 16 20 0.021293541 
38 -7 22 22 0.021017754 
951 2 17 23 0.020751635 
1013 218 11 18 0.02073391 
710 77 25 33 0.020681404 
202 2 16 20 0.020558512 
327 -1 14 12 0.020524751 
661 0 20 22 0.020274343 
150 -2 14 13 0.020228716 
76 25 13 18 0.020082314 
92 5 14 16 0.020038417 
