39_Ice_Skating_Ice_Skating_39_463
335
836 739 11 15 0.5947464 
900 734 12 16 0.45687696 
800 751 8 11 0.41915587 
781 662 13 17 0.41497454 
957 726 9 12 0.414894 
700 706 9 12 0.31678322 
912 759 9 13 0.24826917 
585 712 8 9 0.2459234 
750 685 13 16 0.23591463 
474 695 8 9 0.20955794 
750 675 12 15 0.20649657 
648 671 9 11 0.1982624 
414 641 8 10 0.19509949 
335 684 8 10 0.18714096 
817 770 14 16 0.1823248 
788 665 10 14 0.17382343 
624 678 8 10 0.16745873 
514 703 7 9 0.16642888 
963 773 11 14 0.16611835 
856 675 9 12 0.16240603 
554 702 7 9 0.14031085 
496 704 8 9 0.13746937 
429 694 8 11 0.12993445 
639 704 8 10 0.12571129 
495 709 8 10 0.12356791 
377 616 7 10 0.10899873 
610 704 8 10 0.10865658 
429 679 7 9 0.1046287 
558 702 6 9 0.10323237 
834 735 10 14 0.10237061 
402 662 7 10 0.10210143 
538 711 8 9 0.101413906 
471 688 7 9 0.09893075 
843 758 17 21 0.09889196 
874 718 22 28 0.09495788 
888 688 10 12 0.089759104 
399 615 8 10 0.08791543 
335 705 9 11 0.0863007 
951 729 12 15 0.085990205 
424 696 9 10 0.08516617 
474 702 8 10 0.084501475 
478 696 7 9 0.08442399 
471 709 9 10 0.08441378 
637 688 8 10 0.08293337 
368 663 7 9 0.08135491 
673 662 10 12 0.08060056 
633 687 8 10 0.078658715 
411 640 7 9 0.07652888 
679 668 8 11 0.07527472 
887 671 8 11 0.07083629 
321 648 8 9 0.07083526 
829 539 11 13 0.06905902 
614 704 7 10 0.06870055 
696 333 10 11 0.06829755 
419 701 7 9 0.06821264 
649 686 8 10 0.06670354 
665 679 8 9 0.06655013 
713 664 8 10 0.06572405 
894 590 7 9 0.06331274 
714 668 9 11 0.06287719 
630 680 7 9 0.06285636 
673 656 7 8 0.06258146 
850 671 9 11 0.062459823 
410 646 7 8 0.06135513 
632 693 8 10 0.061067007 
422 701 8 10 0.06041718 
789 768 10 14 0.06012393 
311 631 7 9 0.059601758 
505 655 8 11 0.059376933 
410 687 7 9 0.058202427 
656 639 6 9 0.057853185 
226 620 9 12 0.057695646 
722 719 8 11 0.05634306 
795 751 9 12 0.05625647 
648 640 7 10 0.055205006 
375 661 7 9 0.054902367 
744 671 9 12 0.054688185 
745 655 7 10 0.05425843 
538 703 6 8 0.053798027 
579 677 7 9 0.05378671 
535 728 7 9 0.05367388 
517 703 7 9 0.053130668 
327 647 7 9 0.05294305 
534 606 7 9 0.052836042 
830 760 12 17 0.052835207 
583 677 8 10 0.05232376 
513 697 7 9 0.05209161 
429 688 8 10 0.05153539 
664 687 9 11 0.05148919 
359 626 7 9 0.050799534 
898 724 15 19 0.05057268 
384 663 7 9 0.050529953 
232 519 358 418 0.04970662 
746 676 9 12 0.048679445 
354 630 6 9 0.048437294 
497 696 7 9 0.04816833 
478 702 7 9 0.04762747 
402 703 7 8 0.047615673 
591 671 6 8 0.047612417 
426 663 6 8 0.046983305 
914 754 13 17 0.046469737 
401 656 7 9 0.046384703 
406 703 6 9 0.04607471 
858 591 8 11 0.04571472 
488 732 8 10 0.045050964 
592 679 7 10 0.04440961 
464 632 7 9 0.044106316 
536 758 8 10 0.04389524 
624 695 8 10 0.043818608 
837 757 14 19 0.043257035 
745 662 7 10 0.042541444 
686 670 8 11 0.042192783 
610 672 7 9 0.041514277 
921 693 9 10 0.04128328 
654 687 8 10 0.040527575 
303 632 7 9 0.040344078 
585 656 8 9 0.040258426 
536 696 7 9 0.039950166 
960 562 10 13 0.039804973 
688 694 8 10 0.039581448 
382 640 8 10 0.0394129 
615 664 7 9 0.039392874 
220 523 24 31 0.039129544 
633 703 7 9 0.03886567 
450 654 7 9 0.038744435 
465 703 6 8 0.03841515 
815 760 19 23 0.03831454 
852 730 13 16 0.038051672 
447 648 8 9 0.037462793 
681 711 8 10 0.037409186 
850 662 8 11 0.03714753 
478 612 213 232 0.036920764 
599 679 7 10 0.03683818 
669 687 8 11 0.036761314 
648 743 8 11 0.03660961 
608 695 6 9 0.036348913 
391 656 7 9 0.036201473 
439 633 6 8 0.03614757 
665 692 9 11 0.036034245 
666 703 6 9 0.035728898 
945 733 10 14 0.03548704 
350 680 8 10 0.03546491 
780 672 12 16 0.03534099 
458 639 6 8 0.0352067 
330 709 9 11 0.035055988 
943 740 10 15 0.03485241 
678 655 8 10 0.034576308 
480 407 9 11 0.033905 
849 725 10 13 0.0335861 
417 696 7 10 0.033267528 
298 632 7 9 0.03326184 
334 640 7 8 0.03324466 
430 673 8 9 0.033136718 
36 341 193 296 0.033025075 
700 342 11 14 0.03287326 
351 640 7 9 0.032818124 
296 647 7 9 0.032560606 
849 719 9 11 0.03247739 
794 755 9 13 0.032474265 
542 715 8 10 0.032417092 
618 678 7 9 0.0322592 
384 670 8 10 0.032161295 
626 654 8 10 0.032134727 
860 678 8 10 0.032118414 
775 656 10 12 0.032107595 
880 674 11 13 0.031930692 
509 655 8 10 0.031832498 
608 688 6 8 0.031785533 
382 646 8 10 0.031755902 
817 696 8 10 0.03159941 
684 334 11 13 0.031549092 
590 655 7 9 0.031502943 
377 640 8 9 0.03145236 
625 647 8 10 0.03142475 
302 648 7 9 0.031334355 
517 567 9 10 0.031211095 
625 685 8 9 0.031210426 
537 753 8 10 0.031162051 
457 663 7 9 0.030972926 
817 701 10 13 0.030649934 
298 615 7 10 0.030446995 
406 655 8 9 0.03030292 
408 695 7 10 0.030150712 
534 734 7 10 0.030059032 
617 647 7 10 0.030015118 
615 670 8 10 0.029983176 
343 632 8 9 0.029836189 
400 648 7 9 0.029803384 
490 710 8 10 0.029730422 
531 607 6 9 0.029727343 
921 688 8 10 0.029681325 
434 633 6 9 0.029648839 
981 514 22 29 0.029591078 
535 664 7 9 0.029478788 
527 711 7 9 0.02944221 
377 646 7 9 0.029434247 
522 655 7 10 0.029409772 
832 746 11 15 0.029403446 
670 704 6 8 0.029376183 
524 281 13 17 0.02914179 
679 554 14 17 0.028875006 
393 616 8 10 0.028856467 
585 672 7 10 0.02883427 
273 648 8 10 0.028707007 
385 657 7 8 0.02859076 
995 510 24 35 0.028551426 
833 680 7 9 0.028473675 
401 669 8 10 0.028194353 
352 646 7 9 0.028075922 
782 658 10 13 0.027982805 
470 727 10 13 0.027890036 
955 748 14 18 0.027887745 
467 687 6 9 0.027656859 
586 662 8 9 0.027641028 
803 754 12 15 0.027618095 
744 684 11 16 0.027601097 
289 654 7 9 0.027436558 
672 648 7 10 0.027423613 
330 640 6 8 0.027390981 
530 736 7 9 0.027323516 
542 752 8 9 0.02719894 
278 648 7 9 0.027029578 
550 661 7 10 0.026873097 
641 646 7 9 0.026870338 
465 679 7 9 0.026749711 
838 687 10 11 0.026740046 
327 631 7 10 0.026541056 
849 655 8 11 0.026007231 
680 336 10 12 0.025948394 
587 527 17 21 0.02593028 
878 693 11 14 0.025883686 
489 678 7 9 0.02569709 
595 315 13 17 0.025641015 
376 670 7 10 0.025601385 
330 680 9 11 0.025543593 
687 655 8 10 0.025426358 
327 695 8 10 0.025410153 
602 695 8 9 0.025359787 
578 672 6 9 0.025272686 
590 663 7 9 0.025209604 
553 696 8 11 0.024958791 
641 671 9 10 0.024871584 
797 668 10 13 0.02485344 
798 663 9 12 0.02471615 
609 638 7 10 0.024577409 
632 736 8 10 0.024539087 
368 640 6 9 0.024445573 
910 685 9 12 0.024357298 
647 644 7 10 0.024342883 
177 828 24 33 0.024323495 
328 609 7 10 0.024282388 
623 673 7 9 0.024276966 
342 680 8 11 0.024252826 
513 707 8 10 0.02411928 
288 649 7 9 0.024009446 
813 778 14 18 0.02386824 
717 662 8 11 0.023701638 
382 620 7 10 0.023697082 
341 685 8 10 0.023695853 
512 688 7 9 0.02367336 
553 708 7 9 0.023575211 
893 670 8 11 0.023356088 
615 638 8 10 0.023301674 
703 652 9 11 0.023248324 
288 631 7 9 0.023213353 
358 712 9 10 0.023192603 
872 694 10 14 0.023122307 
529 695 7 9 0.023121929 
313 648 7 9 0.023073716 
519 709 7 9 0.022810327 
703 308 12 15 0.022808125 
686 710 8 11 0.022790048 
345 639 7 9 0.022731058 
467 710 7 10 0.022714391 
535 654 7 9 0.022702398 
590 507 15 16 0.022541575 
712 656 8 9 0.022540305 
726 655 8 11 0.022519622 
559 671 8 10 0.022507304 
890 589 8 10 0.022474784 
718 677 9 10 0.022466497 
631 662 8 10 0.022447478 
833 686 9 11 0.022430493 
719 655 8 10 0.02241799 
393 648 7 9 0.022415042 
527 647 7 9 0.022388833 
353 663 8 9 0.022371983 
426 671 7 10 0.022363316 
319 654 7 8 0.022306673 
390 671 7 9 0.022294614 
828 591 8 11 0.022256644 
331 685 9 11 0.022195471 
560 749 9 11 0.021911832 
720 646 8 10 0.021864384 
345 671 7 9 0.021857077 
501 703 8 9 0.021834468 
465 648 7 9 0.021830248 
843 739 12 15 0.021786503 
694 663 8 10 0.021720193 
854 663 8 11 0.02171882 
887 664 8 11 0.021712394 
785 772 10 14 0.021571763 
391 662 7 10 0.021571731 
632 672 8 9 0.021551492 
776 684 9 12 0.021527387 
314 655 7 8 0.021446398 
687 703 8 10 0.021436062 
503 695 7 9 0.021272797 
649 726 7 9 0.021152725 
441 703 7 9 0.021145584 
454 654 6 9 0.021131948 
737 672 8 10 0.021126967 
959 768 18 23 0.021124192 
905 737 13 17 0.021030828 
489 704 7 9 0.021018056 
629 646 8 10 0.020956999 
653 672 7 9 0.02092979 
361 663 7 10 0.020926937 
947 738 13 16 0.020918565 
433 -5 40 32 0.020917784 
342 696 8 9 0.020882862 
429 700 10 11 0.020831045 
859 670 10 13 0.020770555 
471 648 7 8 0.020736165 
409 633 6 8 0.020734107 
298 638 7 9 0.020656614 
518 573 9 10 0.020649856 
310 625 8 9 0.020387106 
582 640 8 9 0.020341435 
907 756 19 25 0.020296166 
466 696 7 10 0.020228308 
756 671 10 13 0.020196417 
824 534 19 25 0.020166386 
630 639 7 10 0.020127011 
615 695 7 10 0.020098696 
