39_Ice_Skating_Ice_Skating_39_546
51
385 289 57 66 0.99965715 
217 241 65 75 0.99817693 
533 283 13 18 0.85189044 
630 321 36 40 0.52879894 
39 279 8 10 0.39510074 
572 291 15 20 0.33388782 
714 297 47 58 0.23929918 
635 257 16 21 0.14309902 
603 276 12 17 0.10837312 
591 304 14 20 0.0881377 
296 295 10 12 0.081758246 
579 286 14 19 0.06826373 
590 347 22 31 0.067135215 
84 282 11 14 0.055316556 
436 288 29 42 0.04906327 
285 118 13 17 0.048408266 
43 277 9 12 0.03839776 
500 295 11 15 0.037304983 
559 267 10 12 0.03627094 
558 259 12 14 0.03567811 
559 291 13 18 0.034083877 
558 285 11 15 0.033989042 
611 157 13 16 0.03332263 
729 313 39 57 0.032738138 
538 288 13 17 0.031901006 
558 253 10 13 0.03138101 
183 269 44 57 0.031326707 
437 175 8 10 0.03116024 
659 46 399 486 0.030969283 
216 128 41 55 0.030270174 
691 257 13 15 0.029668402 
538 279 12 15 0.028884634 
576 58 41 59 0.02872447 
478 251 11 16 0.028468486 
567 277 10 13 0.027793253 
169 279 32 43 0.027662871 
905 248 7 10 0.024847025 
601 271 11 14 0.024761604 
115 318 16 22 0.024171453 
647 326 27 38 0.024007792 
495 341 51 52 0.023717761 
33 282 11 15 0.023364186 
444 309 17 22 0.02303399 
494 295 12 17 0.022878854 
671 305 12 19 0.022208024 
623 327 27 35 0.022131924 
510 164 11 14 0.02196872 
552 253 11 13 0.021740124 
518 166 9 12 0.021180302 
531 295 15 19 0.020615699 
557 277 11 15 0.020121876 
