39_Ice_Skating_Ice_Skating_39_658
116
113 416 8 10 0.2848715 
52 418 11 14 0.1251066 
960 364 12 15 0.1063697 
473 74 26 29 0.09577023 
2 389 8 12 0.0875683 
888 408 9 10 0.07988237 
968 424 10 13 0.073289305 
183 415 8 11 0.07299303 
689 396 9 11 0.07279332 
201 408 9 11 0.06749428 
645 415 9 12 0.067165434 
150 397 8 11 0.06686919 
609 375 10 12 0.06653131 
86 414 8 11 0.06134829 
780 398 9 11 0.060333915 
443 68 15 19 0.056048147 
917 387 12 14 0.055137772 
448 407 9 10 0.055093035 
988 414 13 16 0.05484784 
4 413 9 12 0.05187081 
82 415 8 11 0.049677867 
1015 406 8 12 0.04911698 
593 392 9 11 0.048155762 
878 399 10 12 0.047071934 
974 426 10 14 0.046820987 
598 392 8 10 0.04544797 
913 373 10 13 0.04526787 
792 420 11 12 0.0425672 
943 399 8 10 0.04251383 
740 406 11 14 0.042309992 
113 430 9 11 0.042248353 
185 406 8 10 0.042064752 
146 399 9 11 0.03895857 
655 414 9 12 0.038128857 
893 404 10 13 0.037985653 
973 411 9 13 0.037326865 
0 458 22 39 0.03649619 
982 420 13 16 0.035212073 
175 428 9 11 0.03482943 
176 422 9 11 0.03449413 
432 406 8 11 0.033595033 
168 415 7 10 0.033108864 
176 415 8 11 0.03275256 
990 407 10 12 0.032436054 
49 400 8 11 0.032233983 
47 428 9 11 0.032149263 
98 447 7 10 0.03206731 
52 404 10 12 0.031915285 
692 395 10 13 0.031229433 
439 407 8 11 0.031221377 
808 415 10 11 0.030993683 
695 415 12 15 0.030970177 
901 383 9 13 0.030712202 
223 429 9 11 0.030279089 
981 426 10 14 0.02992331 
145 406 9 11 0.029726943 
982 406 10 12 0.02956853 
204 411 10 12 0.029458173 
448 398 8 10 0.0289247 
780 414 10 14 0.028715901 
187 179 451 565 0.028405624 
459 44 12 15 0.028331792 
736 412 10 14 0.028262641 
115 419 10 12 0.027739638 
867 412 11 14 0.027472237 
464 53 40 50 0.027344868 
970 407 9 12 0.026604049 
680 398 9 11 0.026359795 
913 380 11 14 0.025995774 
189 413 9 11 0.025985822 
17 391 8 11 0.025969114 
992 396 10 12 0.025911108 
619 39 10 12 0.025696171 
102 421 9 11 0.025445743 
775 418 11 13 0.025276802 
447 383 8 11 0.02517123 
567 373 9 12 0.025104279 
895 387 11 14 0.024856832 
894 397 11 14 0.024502458 
87 408 8 11 0.024098268 
456 399 8 10 0.023930712 
417 -24 340 430 0.023754662 
870 406 11 13 0.023733113 
40 430 8 10 0.023683008 
645 397 10 13 0.023549683 
97 454 8 10 0.02326947 
80 420 10 12 0.022725327 
914 332 12 15 0.022698503 
0 395 9 13 0.022236213 
186 439 8 11 0.022144234 
671 399 8 10 0.022058252 
199 422 9 11 0.021933326 
190 407 9 11 0.021904856 
190 400 8 10 0.021895075 
103 416 8 10 0.021882216 
118 444 11 14 0.021738632 
993 388 10 14 0.02168742 
886 398 10 14 0.021623295 
387 45 13 17 0.021481989 
613 380 8 11 0.021446407 
615 368 7 11 0.021195209 
448 389 8 11 0.021138756 
750 413 9 13 0.02110635 
743 400 11 13 0.020947589 
544 396 9 13 0.020898707 
606 405 9 10 0.020893432 
448 367 8 11 0.020864373 
678 406 10 11 0.02082522 
142 356 12 14 0.020555522 
535 157 131 141 0.020458374 
103 430 8 11 0.020367013 
191 439 8 11 0.020130161 
754 451 14 17 0.020115137 
797 415 11 14 0.020056507 
982 388 11 14 0.02001907 
892 347 13 18 0.020018343 
