39_Ice_Skating_iceskiing_39_495
21
456 65 57 68 0.9855627 
472 82 72 78 0.1436647 
611 157 31 40 0.13485527 
511 68 57 61 0.1284489 
676 50 112 131 0.05263543 
583 203 59 61 0.043805346 
622 120 31 33 0.03839166 
661 72 60 68 0.026541637 
451 63 37 52 0.02586025 
720 78 64 84 0.024904048 
550 206 60 58 0.024843488 
622 96 36 36 0.023830578 
779 52 40 45 0.02367677 
540 174 53 56 0.022971133 
595 240 43 41 0.022966031 
607 138 34 41 0.02275959 
715 493 32 35 0.022296038 
614 86 35 36 0.021999914 
870 247 50 73 0.021565866 
642 41 103 113 0.020511383 
604 102 34 35 0.020042107 
