39_Ice_Skating_iceskiing_39_138
90
25 120 36 40 0.95645756 
295 210 60 55 0.84773713 
40 114 29 42 0.63016874 
577 170 94 123 0.51862836 
389 338 28 33 0.37072712 
349 399 29 37 0.29351214 
696 106 93 131 0.27081776 
553 103 103 107 0.21156469 
0 316 25 38 0.18798824 
817 198 51 80 0.1551141 
31 267 29 36 0.146153 
251 238 25 30 0.11568274 
622 112 100 147 0.1087138 
274 219 60 67 0.10127887 
621 762 97 113 0.08992241 
0 127 8 14 0.085286014 
333 403 32 40 0.08043908 
319 405 29 36 0.07115611 
19 101 31 36 0.07066821 
274 250 26 41 0.06958967 
52 112 27 36 0.068568185 
252 241 57 55 0.067236654 
501 438 65 64 0.05823985 
365 738 44 46 0.054022033 
41 452 13 15 0.052005794 
811 220 32 52 0.050650217 
0 262 21 35 0.047751047 
65 452 13 17 0.04710229 
806 337 80 80 0.04631559 
50 799 43 57 0.04612388 
670 118 81 139 0.04531071 
725 446 226 285 0.044569343 
23 278 28 34 0.04452107 
406 91 204 198 0.04225736 
19 92 27 28 0.04154661 
605 280 355 434 0.041329037 
65 122 14 20 0.040165856 
791 390 41 45 0.039934684 
254 239 14 19 0.039437175 
429 432 122 121 0.037165288 
231 237 55 51 0.03593309 
784 153 81 128 0.034828138 
28 274 19 21 0.03477291 
47 165 44 58 0.03379494 
388 464 30 31 0.033254452 
631 177 65 90 0.033046395 
218 279 402 506 0.032505978 
36 437 12 14 0.031923883 
411 424 32 34 0.031606194 
762 280 36 40 0.031324763 
461 394 108 114 0.030767351 
288 206 41 45 0.03069902 
379 852 47 59 0.030121984 
211 225 25 30 0.029482171 
225 284 32 32 0.029079061 
93 319 43 47 0.029055446 
74 166 31 48 0.02899648 
316 193 62 71 0.0289139 
220 222 15 18 0.02739022 
836 709 25 32 0.027281936 
294 185 104 115 0.026921919 
24 271 42 54 0.02666644 
476 403 11 13 0.026189676 
397 455 109 125 0.026174398 
15 434 10 13 0.025661036 
233 240 30 33 0.025530212 
5 271 25 36 0.025442578 
230 306 50 53 0.025226464 
265 243 15 19 0.024933023 
405 404 47 49 0.024634242 
102 241 17 21 0.024158841 
11 282 39 55 0.02414348 
307 408 29 36 0.023600953 
0 521 40 60 0.023466473 
810 295 123 143 0.023442438 
11 260 28 36 0.0231804 
207 227 50 51 0.02305196 
44 132 30 35 0.022891926 
77 453 10 13 0.022645015 
363 137 17 18 0.022472112 
237 244 15 17 0.022190344 
32 450 13 17 0.022114238 
286 226 36 43 0.022066787 
29 229 25 32 0.021662591 
246 242 16 19 0.021286823 
353 735 35 46 0.021136431 
799 231 32 47 0.020789795 
203 245 14 17 0.020656032 
200 231 26 33 0.020459713 
420 548 13 17 0.020403042 
