39_Ice_Skating_Ice_Skating_39_661
393
808 360 14 19 0.95063955 
196 259 11 15 0.8922208 
471 301 10 13 0.87186074 
222 267 10 13 0.8182102 
92 324 14 17 0.8135671 
3 372 12 18 0.76278895 
409 423 27 25 0.64289165 
439 312 10 12 0.5758912 
75 234 12 15 0.5725221 
161 294 11 14 0.47641933 
716 271 11 12 0.46593145 
162 298 13 17 0.44542825 
542 261 8 11 0.4223861 
343 191 9 12 0.41931435 
250 252 7 9 0.39484328 
510 255 9 11 0.33045807 
768 332 11 13 0.30954272 
107 246 14 16 0.28549892 
48 257 14 17 0.22701979 
616 179 8 11 0.22511822 
446 182 8 10 0.2083201 
416 388 13 17 0.20634665 
531 275 13 16 0.19943896 
533 268 12 17 0.17678584 
973 299 14 17 0.16297784 
789 222 9 12 0.15951812 
29 293 10 14 0.15727568 
286 195 10 13 0.1572282 
465 185 7 9 0.14948939 
479 375 10 13 0.14909185 
393 200 7 10 0.13813655 
446 317 9 13 0.13387842 
0 262 8 14 0.13114578 
591 224 7 9 0.12333468 
27 258 12 16 0.12095135 
248 347 13 15 0.1209248 
486 190 8 10 0.10720421 
865 227 108 116 0.10216929 
990 503 7 10 0.10104727 
452 505 16 20 0.10090856 
6 297 12 16 0.100382335 
717 228 8 11 0.0991822 
161 305 13 17 0.09873698 
383 181 7 9 0.098735474 
470 184 8 9 0.096328825 
945 523 8 12 0.095685124 
702 224 8 11 0.09387457 
253 253 8 10 0.091880165 
440 191 7 9 0.09166757 
11 292 15 19 0.090776965 
800 216 8 10 0.089519694 
617 168 8 10 0.088249765 
448 323 9 12 0.085402 
757 252 15 20 0.084589005 
214 109 9 11 0.0838761 
651 133 8 11 0.08369933 
649 197 8 10 0.083357155 
0 45 16 22 0.07991356 
376 182 7 9 0.07890959 
566 243 10 13 0.07869492 
369 200 9 11 0.07845338 
22 293 12 17 0.07798477 
150 380 13 17 0.07772167 
917 294 12 13 0.07669302 
809 70 40 55 0.075042635 
687 338 12 15 0.07434074 
445 508 16 18 0.073476784 
133 106 11 14 0.07323087 
713 224 10 12 0.07208983 
886 550 10 12 0.0699551 
0 353 9 14 0.069532596 
338 195 9 12 0.06940119 
930 517 12 15 0.06804234 
627 222 7 10 0.06756709 
350 370 11 13 0.06662732 
568 226 9 12 0.066146016 
818 434 21 27 0.06497877 
231 207 8 10 0.064850554 
351 239 7 9 0.0641692 
345 186 8 10 0.0622658 
1012 476 10 14 0.061460283 
12 341 14 17 0.06089321 
172 298 12 14 0.06089034 
360 197 9 10 0.06019451 
280 192 9 12 0.059260022 
648 193 8 9 0.05738395 
502 483 14 16 0.05684438 
232 118 9 12 0.056812394 
188 436 11 13 0.055426005 
729 203 10 12 0.05485505 
540 265 11 14 0.05478657 
218 265 10 11 0.053631928 
434 311 10 13 0.053386435 
372 203 8 11 0.05330011 
376 215 9 11 0.053076033 
743 253 8 12 0.053069875 
254 197 10 12 0.052387152 
199 429 11 14 0.052378368 
378 177 7 10 0.052296657 
620 132 10 11 0.052088525 
378 219 9 12 0.05201123 
360 190 9 11 0.051992424 
20 348 10 13 0.050536744 
609 191 8 10 0.05024285 
573 135 9 10 0.05008621 
560 264 9 10 0.04932825 
978 495 7 9 0.04926002 
878 536 9 11 0.04853818 
199 81 13 18 0.04822756 
424 225 7 9 0.048104614 
950 183 12 14 0.04776983 
480 182 7 9 0.047589686 
505 259 10 13 0.047448713 
614 230 8 10 0.04694035 
232 256 8 10 0.04686182 
934 512 9 10 0.046654325 
83 352 26 33 0.045782674 
586 224 8 10 0.04575972 
109 256 12 16 0.04565686 
598 223 7 10 0.045301735 
394 268 9 13 0.04527714 
488 185 7 9 0.045110192 
430 327 10 13 0.04501333 
13 335 10 12 0.04486549 
382 215 8 11 0.044768065 
650 185 7 9 0.044610515 
368 184 7 10 0.04445945 
210 424 14 19 0.04397593 
620 173 8 12 0.043948814 
1008 503 9 11 0.043780006 
409 406 27 29 0.043583542 
650 141 9 11 0.043459803 
598 147 10 12 0.043075684 
5 348 13 16 0.042877387 
982 288 11 13 0.042792417 
479 177 7 8 0.042054176 
348 189 9 12 0.042004876 
422 191 8 9 0.041949745 
974 313 12 14 0.041827414 
230 261 9 12 0.041696172 
790 216 9 11 0.041342374 
418 192 8 10 0.040973257 
792 206 7 8 0.040910665 
409 351 8 11 0.04070796 
811 428 17 19 0.040648997 
107 237 16 18 0.040517412 
469 188 8 10 0.040273577 
327 198 9 10 0.04004517 
598 133 10 10 0.039508477 
104 279 9 12 0.039214868 
218 310 9 10 0.039212618 
854 374 11 15 0.03888287 
761 206 8 10 0.038661376 
841 231 9 11 0.038504846 
468 297 17 22 0.038484436 
206 364 14 18 0.038297344 
223 193 6 9 0.038074944 
1007 509 8 10 0.037916936 
361 184 8 10 0.03777942 
776 199 9 10 0.037600372 
9 333 9 11 0.03695481 
871 241 15 18 0.03686848 
139 387 16 19 0.03686089 
358 206 10 13 0.03678133 
96 328 14 18 0.036540423 
226 268 10 13 0.036440786 
273 191 8 10 0.036425605 
261 196 9 11 0.036107294 
513 208 6 9 0.035881452 
253 203 10 14 0.03579171 
756 181 10 12 0.03540154 
980 293 13 16 0.034851555 
951 251 12 14 0.034803323 
572 142 10 12 0.034791768 
781 200 8 10 0.034540456 
356 211 10 14 0.03445253 
116 245 12 15 0.03424714 
546 407 7 10 0.03395836 
350 196 8 11 0.033846375 
573 148 9 12 0.033730645 
263 193 7 9 0.033680484 
413 382 14 18 0.033333447 
252 344 12 15 0.033314567 
505 342 8 11 0.03326559 
38 309 9 11 0.033171516 
474 373 11 14 0.032969903 
212 361 16 18 0.032883678 
753 139 9 13 0.032824997 
591 181 8 10 0.03265207 
584 143 8 11 0.032506056 
156 386 11 16 0.032386623 
654 184 8 9 0.032180496 
808 266 9 13 0.031821277 
818 133 9 11 0.03161674 
990 306 14 17 0.03153725 
577 174 8 12 0.03149508 
317 87 8 10 0.031473912 
263 404 11 14 0.031291112 
520 340 12 16 0.031257227 
520 304 9 12 0.031098783 
711 266 19 24 0.030954473 
561 180 8 10 0.030897876 
410 230 7 10 0.03072953 
358 229 8 10 0.03068516 
895 548 8 12 0.030594919 
452 318 9 13 0.03055167 
653 198 8 10 0.03048912 
627 215 7 10 0.030437665 
392 530 13 18 0.030411022 
133 394 16 20 0.030370893 
585 180 7 11 0.030255558 
926 417 9 11 0.030202448 
28 71 15 19 0.030188479 
752 257 12 18 0.03018452 
799 269 9 11 0.030140886 
215 275 9 12 0.03004537 
784 216 9 11 0.029923035 
218 263 18 22 0.02968118 
408 357 11 13 0.029619236 
566 181 7 9 0.02946549 
366 189 8 9 0.029456401 
327 212 12 15 0.029266099 
869 397 9 12 0.029200288 
503 105 186 214 0.029194668 
519 308 11 14 0.029152708 
423 197 8 9 0.028705955 
592 148 9 12 0.028693028 
28 246 12 16 0.028623514 
437 307 17 22 0.028549515 
431 197 8 10 0.028511204 
104 75 10 12 0.028393948 
326 206 10 13 0.02830605 
229 123 10 14 0.028258495 
1013 501 8 11 0.028242664 
615 238 8 10 0.028172556 
943 535 9 11 0.028165488 
990 294 13 16 0.028120937 
417 196 9 10 0.028105067 
40 351 9 11 0.027984256 
344 210 11 14 0.027928963 
369 264 10 12 0.02781697 
304 198 9 10 0.027513629 
412 389 22 25 0.027443632 
806 417 23 25 0.02740648 
951 438 8 11 0.027374012 
828 223 9 11 0.027355134 
126 244 10 14 0.027285714 
528 281 13 15 0.02727835 
785 227 11 14 0.027259834 
904 550 11 13 0.027210653 
300 96 8 10 0.027179193 
372 94 10 13 0.027060889 
597 182 8 10 0.02660315 
398 199 7 10 0.026597781 
482 373 12 14 0.026485715 
487 196 9 11 0.02631482 
520 315 10 12 0.026234388 
413 351 9 11 0.026172837 
459 501 13 19 0.026155325 
878 413 11 15 0.026152 
3 259 11 16 0.02591555 
568 207 8 12 0.02582171 
698 228 9 11 0.02578545 
649 129 9 11 0.02577784 
974 283 12 14 0.025729803 
949 518 10 12 0.025729282 
538 257 9 12 0.025703406 
815 127 10 13 0.025645424 
774 191 8 10 0.025613248 
357 221 9 12 0.025367172 
6 287 15 18 0.025271844 
764 328 19 23 0.025208114 
397 205 8 10 0.025162816 
753 176 8 12 0.02504008 
205 222 8 10 0.025017815 
800 264 9 11 0.024993464 
4 384 12 17 0.024902271 
82 194 10 14 0.02488611 
736 254 8 11 0.02483891 
578 180 8 11 0.024761872 
388 293 10 14 0.02475667 
358 269 8 12 0.024699437 
719 189 8 10 0.02469871 
1008 446 10 12 0.024675244 
574 212 7 10 0.024616709 
829 229 9 11 0.024546351 
629 228 9 11 0.024525268 
392 191 7 9 0.024505699 
928 513 9 11 0.024464611 
510 341 10 12 0.024419745 
34 254 19 24 0.024409842 
460 492 12 15 0.024409063 
9 370 13 19 0.024359463 
205 207 8 10 0.024216263 
979 307 13 17 0.02417671 
773 91 9 12 0.024154222 
82 235 12 14 0.024111057 
209 107 10 13 0.023939572 
349 211 13 15 0.023880286 
415 229 8 10 0.023727693 
718 234 10 14 0.02371149 
397 264 10 14 0.023698872 
507 478 13 16 0.023692032 
992 297 17 20 0.023487575 
548 341 11 13 0.023380624 
147 390 15 21 0.023318551 
967 519 8 10 0.023132304 
296 176 8 10 0.02312788 
640 197 9 10 0.022997644 
985 502 10 11 0.022952324 
711 262 13 18 0.02295009 
935 533 10 12 0.02294159 
466 228 9 12 0.022898624 
151 111 8 11 0.022884434 
252 354 11 13 0.022766326 
109 363 11 16 0.022718647 
512 213 8 9 0.022691041 
180 294 9 13 0.022653084 
715 278 16 18 0.022620596 
572 224 9 11 0.0226059 
614 224 8 10 0.022566393 
381 238 9 11 0.022475945 
641 192 8 9 0.022471 
142 127 9 11 0.022398464 
465 297 12 14 0.022329606 
95 74 11 13 0.022328336 
137 135 8 10 0.02231334 
193 264 11 15 0.022303618 
455 198 8 10 0.022299718 
217 192 7 10 0.022271058 
49 185 198 233 0.022173174 
510 301 9 12 0.022169245 
744 350 8 10 0.02210869 
50 251 21 28 0.022099776 
989 287 12 15 0.022047104 
350 185 8 10 0.021846086 
145 205 8 10 0.021825902 
238 261 8 12 0.021815917 
212 433 13 14 0.021798939 
990 508 8 10 0.021718714 
431 216 112 137 0.021695163 
191 431 12 14 0.021678781 
465 304 12 16 0.021670258 
260 349 10 13 0.021585329 
976 500 8 10 0.02157471 
796 352 21 24 0.02156814 
849 374 11 16 0.021464547 
679 199 8 9 0.021451777 
609 196 9 12 0.021432573 
727 246 9 11 0.021405887 
115 237 13 16 0.021356713 
655 149 7 10 0.02130914 
694 174 9 11 0.021287927 
856 366 9 12 0.021261398 
295 98 11 13 0.021152006 
654 190 7 10 0.021138668 
352 230 9 11 0.021127343 
593 133 9 10 0.0210849 
439 197 8 10 0.021055669 
384 189 8 11 0.020958535 
536 256 18 23 0.020946639 
256 403 13 16 0.020917283 
917 285 14 15 0.020869266 
334 211 9 13 0.020839382 
934 293 14 17 0.02083259 
21 357 10 13 0.020709293 
471 239 10 12 0.020705981 
567 177 8 10 0.020704256 
576 259 10 12 0.020700157 
293 373 9 10 0.020653617 
319 239 9 10 0.020644749 
148 434 17 19 0.02060966 
682 329 21 25 0.020481512 
761 244 16 19 0.020479122 
687 176 7 9 0.020468144 
189 138 14 16 0.020389115 
407 370 13 16 0.020363497 
351 288 8 12 0.02033048 
784 235 9 13 0.020302555 
238 319 8 11 0.0202959 
922 293 13 15 0.020269286 
287 201 9 13 0.02024341 
766 214 9 11 0.020197581 
413 372 13 17 0.020195737 
409 224 8 11 0.020191235 
1003 510 8 10 0.02017369 
919 526 9 11 0.020146146 
206 103 10 12 0.020144613 
24 287 19 24 0.020118803 
196 89 14 18 0.02009001 
727 251 10 13 0.020079087 
984 306 23 27 0.02007356 
743 260 11 15 0.020015648 
