39_Ice_Skating_iceskiing_39_817
70
401 368 72 91 0.99825567 
519 328 49 79 0.25778076 
124 551 32 34 0.24564813 
643 102 63 84 0.19201571 
142 545 25 31 0.10133082 
427 256 30 43 0.07708694 
155 550 15 21 0.07141066 
635 71 62 70 0.07075228 
443 246 39 53 0.07046706 
918 513 27 35 0.06960037 
-3 621 105 148 0.0686522 
697 0 22 19 0.068273924 
85 409 15 17 0.068261355 
222 776 23 31 0.06394211 
205 591 17 24 0.058474578 
849 48 31 38 0.050265376 
2 379 25 44 0.0443367 
276 709 16 22 0.043989297 
660 278 44 67 0.043647896 
660 126 37 54 0.043029595 
107 530 46 51 0.04113293 
158 609 16 18 0.039982975 
833 309 91 131 0.038973227 
519 359 32 54 0.038239043 
172 662 44 57 0.036902864 
579 121 50 59 0.03666278 
663 48 59 75 0.036084753 
275 717 26 35 0.032844257 
238 758 27 35 0.032371975 
459 245 43 59 0.03182193 
972 -4 48 57 0.029888492 
901 466 25 32 0.029871717 
654 4 14 15 0.029850727 
938 87 42 45 0.02949663 
95 710 111 152 0.029176084 
442 317 48 56 0.028240124 
929 392 32 39 0.028058037 
198 492 11 13 0.027825383 
188 677 18 24 0.027677478 
291 636 32 38 0.027407207 
673 489 110 195 0.026604474 
250 678 29 38 0.026360083 
112 518 32 36 0.026055044 
216 767 42 55 0.025207156 
96 511 32 36 0.02519452 
827 395 26 30 0.025102843 
586 127 28 39 0.024940616 
251 762 13 18 0.024857558 
191 562 15 18 0.024856675 
692 155 12 15 0.02463942 
427 276 18 24 0.024034051 
130 528 36 44 0.023898806 
188 553 25 30 0.023406196 
119 450 31 32 0.023127655 
626 47 59 65 0.022609677 
685 29 54 77 0.022210589 
790 275 108 155 0.021691198 
204 723 14 19 0.021543946 
458 271 28 38 0.021507736 
909 89 48 57 0.02134929 
243 635 15 19 0.021313872 
518 245 54 72 0.02102107 
275 728 45 57 0.020877248 
233 772 26 36 0.020845247 
35 633 52 69 0.020680299 
148 673 47 64 0.020609692 
149 660 14 17 0.020607268 
267 698 22 32 0.020532748 
613 114 71 73 0.020461738 
97 551 34 39 0.020291202 
