39_Ice_Skating_iceskiing_39_348
34
967 631 12 16 0.7996974 
906 631 10 13 0.6055135 
602 301 22 33 0.602602 
1005 641 13 18 0.11446772 
250 43 27 32 0.0918487 
589 305 28 30 0.07309479 
141 492 172 238 0.06898076 
723 319 15 18 0.06741106 
750 302 171 113 0.06504619 
322 49 37 43 0.06265127 
288 479 181 265 0.0585894 
81 436 15 19 0.049452104 
883 834 40 51 0.04588625 
91 997 13 14 0.04229179 
53 990 10 13 0.040544175 
902 644 10 11 0.04014141 
693 640 42 56 0.03728688 
755 192 222 229 0.0325412 
198 293 358 418 0.032302145 
597 309 32 46 0.03164107 
49 919 10 12 0.029113306 
54 941 9 12 0.027458886 
52 923 10 13 0.026318628 
945 646 9 11 0.025541063 
199 562 12 14 0.02553969 
904 625 10 13 0.024837172 
918 646 9 11 0.024541195 
308 426 13 16 0.024346223 
981 628 10 13 0.023493322 
953 661 8 11 0.022737615 
956 -4 53 47 0.022205269 
587 322 41 58 0.02159479 
911 645 10 11 0.02115745 
961 632 14 17 0.02109129 
