39_Ice_Skating_Ice_Skating_39_169
84
330 830 35 46 0.8471552 
239 783 20 25 0.68336487 
911 706 52 50 0.36398885 
659 1105 23 29 0.14851412 
401 876 9 12 0.14498389 
814 849 13 16 0.13391496 
938 905 13 17 0.12919897 
380 857 11 14 0.121909015 
550 839 9 10 0.10703716 
511 845 8 10 0.088318005 
904 695 42 47 0.08457927 
497 856 8 9 0.08114581 
356 663 20 28 0.07654139 
625 853 8 11 0.074681886 
220 814 11 15 0.069629885 
578 580 412 466 0.057975277 
520 856 8 10 0.05793786 
533 840 11 12 0.054189116 
874 900 12 15 0.054144356 
387 648 16 23 0.047358353 
274 641 27 32 0.04711077 
501 855 8 10 0.046812966 
520 847 7 10 0.04586027 
217 820 11 14 0.042339962 
518 912 9 10 0.042103555 
349 671 17 22 0.0418839 
520 861 9 11 0.041614123 
666 1118 30 31 0.041582055 
388 621 12 15 0.041490763 
536 877 8 10 0.04084393 
573 837 10 12 0.04075413 
541 871 8 10 0.04035094 
654 1103 16 25 0.03990934 
406 851 9 12 0.03912133 
525 625 14 19 0.038722344 
494 840 8 10 0.038287774 
293 1227 58 81 0.03802972 
552 856 8 8 0.036673483 
734 707 13 17 0.03398056 
382 654 20 28 0.033500105 
544 839 9 11 0.032116134 
789 797 11 14 0.032091085 
926 722 41 47 0.032083172 
388 696 14 20 0.03128352 
512 872 7 10 0.031046232 
270 848 16 18 0.03082303 
505 846 8 10 0.030727005 
513 856 7 10 0.029633263 
200 848 9 13 0.029611535 
459 663 16 19 0.029424574 
363 656 23 29 0.029115792 
514 860 7 10 0.029093742 
625 849 7 10 0.02888143 
526 855 7 9 0.027752811 
405 872 9 12 0.0276955 
658 910 8 11 0.026304353 
518 839 10 12 0.025731454 
314 671 16 22 0.025164282 
776 892 9 11 0.02466252 
374 853 20 24 0.024308715 
422 856 8 10 0.02426518 
528 845 8 11 0.024106001 
684 1087 27 33 0.023813583 
632 840 7 9 0.023675751 
329 653 26 32 0.023479363 
526 904 8 11 0.023398144 
455 879 10 12 0.02328545 
43 740 14 17 0.022804253 
839 844 13 16 0.02262901 
315 661 26 34 0.02237745 
472 844 11 14 0.022348488 
547 -3 410 490 0.022333344 
263 842 30 35 0.021971539 
719 706 37 44 0.02184468 
505 841 8 9 0.021833412 
528 839 10 12 0.021673333 
541 864 8 10 0.02120092 
661 1146 51 63 0.021120382 
559 847 7 10 0.02052732 
336 851 20 27 0.020494346 
662 839 8 11 0.020480439 
441 855 7 9 0.020383911 
551 845 9 10 0.020310087 
821 896 10 13 0.020079516 
