39_Ice_Skating_iceskiing_39_908
31
973 8 15 21 0.25590128 
436 461 8 12 0.21175963 
406 160 80 74 0.20619331 
974 244 27 38 0.114651844 
402 122 116 134 0.10484117 
980 27 32 40 0.09016326 
399 185 63 61 0.08126467 
974 4 24 29 0.08071343 
403 203 43 34 0.07374244 
488 456 9 11 0.0644298 
983 35 43 62 0.054170102 
150 549 7 10 0.052657343 
976 5 37 46 0.049307227 
146 551 8 10 0.046976138 
998 0 19 16 0.044963025 
350 429 45 64 0.044510785 
762 3 16 17 0.03831333 
996 57 27 52 0.035898644 
358 119 228 211 0.034934293 
30 459 12 13 0.03452354 
421 135 9 11 0.032389004 
992 4 30 36 0.032175 
418 479 9 11 0.02840178 
395 189 44 38 0.026646644 
223 471 52 58 0.026258303 
428 487 10 12 0.02351334 
723 406 35 37 0.0229748 
437 466 9 12 0.022955522 
769 58 15 20 0.022298854 
341 85 45 47 0.020489397 
432 465 10 13 0.02044587 
