39_Ice_Skating_Ice_Skating_39_1029
202
926 214 12 15 0.8361375 
207 252 9 11 0.7195144 
753 225 15 19 0.60956746 
525 240 9 12 0.5999847 
269 254 10 13 0.587837 
653 231 11 14 0.57856464 
739 223 10 14 0.5501984 
817 245 10 13 0.5499121 
297 252 10 13 0.47202468 
358 61 11 13 0.35487834 
351 255 8 10 0.3335482 
558 250 10 13 0.3109683 
394 257 8 11 0.24308777 
110 248 9 11 0.22447011 
464 254 8 11 0.19616775 
239 273 9 11 0.1907327 
325 260 9 12 0.1596944 
418 269 8 11 0.15495935 
662 236 9 13 0.15251534 
176 251 8 11 0.14659663 
711 230 9 12 0.13533558 
534 256 9 12 0.12857693 
326 255 8 11 0.124122225 
690 278 9 12 0.12338737 
159 264 8 10 0.12169532 
754 48 9 12 0.1139413 
421 253 9 12 0.11373766 
791 254 10 12 0.10911601 
717 230 10 12 0.10197685 
922 30 9 12 0.098758034 
343 263 7 10 0.097715065 
417 263 9 12 0.08741005 
327 248 8 10 0.08545426 
492 245 10 13 0.08478068 
597 255 10 13 0.07790953 
285 264 9 11 0.074609555 
21 128 31 36 0.074595794 
694 238 11 14 0.07288948 
599 203 10 13 0.07271122 
281 270 8 10 0.07101411 
789 35 12 14 0.06854367 
382 270 7 9 0.06577932 
527 260 9 11 0.06573185 
554 252 9 12 0.06569518 
336 263 9 11 0.06564086 
245 270 10 12 0.0649138 
398 261 8 11 0.062121097 
214 246 11 13 0.061830472 
202 246 9 12 0.06180489 
738 270 9 11 0.058923427 
220 246 9 12 0.058539137 
644 54 10 12 0.05615774 
441 271 9 11 0.055844847 
798 54 9 12 0.055278447 
797 252 9 12 0.054793805 
298 280 7 10 0.05141661 
624 255 9 12 0.051083155 
465 248 9 11 0.050570942 
154 264 7 9 0.050082825 
310 268 10 11 0.047540415 
209 284 9 11 0.046244826 
819 239 11 15 0.045032136 
423 249 8 10 0.045012057 
159 268 8 10 0.044593442 
785 254 10 13 0.044433925 
705 231 10 12 0.044185285 
640 254 8 11 0.043681446 
446 262 10 11 0.043486904 
672 254 9 12 0.04327512 
702 236 11 13 0.042640604 
617 51 9 11 0.04261846 
400 269 9 11 0.042438008 
606 254 10 13 0.041726034 
726 271 9 12 0.041611683 
780 46 10 13 0.04139129 
238 68 12 13 0.04129944 
234 271 7 10 0.04125773 
249 264 9 11 0.04020687 
604 230 11 13 0.038837783 
190 264 8 10 0.03832261 
520 255 8 10 0.03793798 
212 251 10 12 0.037778877 
169 253 7 10 0.037263185 
200 287 7 9 0.037087508 
375 264 8 9 0.036623843 
593 260 10 11 0.036439613 
504 262 8 10 0.036107384 
430 246 8 10 0.036084946 
676 255 10 12 0.035274886 
793 249 9 12 0.03489468 
606 237 11 14 0.034441113 
792 57 10 12 0.03420025 
521 261 8 10 0.033785537 
336 61 8 11 0.033449896 
432 261 9 12 0.033435058 
820 252 10 12 0.032885943 
712 253 10 14 0.032550503 
216 263 10 11 0.032462306 
407 263 7 10 0.032099515 
630 260 8 10 0.0320707 
622 52 9 11 0.031808715 
95 260 7 11 0.031611193 
756 63 12 15 0.031059591 
772 0 15 13 0.0310475 
575 232 13 16 0.031033892 
780 52 11 13 0.030971395 
613 243 10 12 0.030931972 
928 24 8 12 0.03051832 
359 262 8 10 0.030403728 
470 261 10 13 0.03004548 
217 267 11 13 0.029989237 
191 269 7 10 0.029480733 
166 264 7 9 0.029265897 
406 245 9 11 0.02911104 
181 253 8 10 0.02905851 
439 262 10 13 0.028934017 
559 240 9 11 0.028881071 
700 243 12 15 0.02887716 
774 247 9 12 0.02885742 
351 56 12 15 0.028769888 
181 248 8 10 0.028702993 
137 247 8 10 0.028665783 
606 221 10 12 0.028660873 
742 236 11 14 0.028584642 
446 271 8 11 0.028502427 
275 253 11 13 0.027930077 
815 230 12 14 0.027660169 
390 63 9 11 0.027618108 
343 60 9 12 0.027426483 
544 271 9 11 0.02742333 
489 241 9 11 0.027421765 
598 219 12 14 0.02709369 
179 84 8 12 0.027054802 
606 48 9 12 0.026826309 
244 70 10 10 0.02657439 
721 276 10 12 0.02615427 
534 247 9 11 0.025247062 
576 244 11 13 0.025230983 
213 283 9 11 0.025071215 
598 211 13 16 0.02494654 
464 239 8 11 0.024907162 
468 253 9 11 0.02475567 
800 0 10 10 0.024645058 
142 253 7 9 0.024619833 
230 63 13 15 0.024614703 
105 252 9 11 0.024559079 
385 60 9 11 0.024558268 
263 270 8 10 0.024535239 
542 255 8 11 0.02436729 
522 234 17 23 0.02424622 
737 263 8 11 0.024245018 
327 61 9 12 0.02416632 
766 0 14 12 0.024152929 
677 260 10 12 0.024112223 
96 257 7 10 0.02373239 
663 262 8 11 0.023688292 
761 227 13 16 0.023688028 
754 51 12 14 0.023636866 
192 278 7 10 0.023465836 
728 287 8 10 0.023298921 
377 268 8 10 0.02316006 
695 3 11 12 0.023159165 
405 270 8 10 0.02313728 
806 0 12 11 0.023005486 
368 264 8 10 0.022994 
200 240 8 11 0.022890858 
655 68 12 15 0.02287146 
645 48 10 11 0.022830749 
420 261 10 13 0.022824364 
477 263 8 11 0.022789009 
529 256 9 11 0.022769738 
784 37 11 13 0.022740053 
577 252 10 13 0.02263303 
855 31 10 12 0.022611178 
153 269 7 10 0.022514971 
313 69 10 12 0.022239583 
831 237 11 14 0.022207586 
160 256 8 9 0.022098117 
689 236 11 15 0.022061452 
301 259 11 14 0.022023153 
233 276 8 10 0.021997089 
364 114 11 14 0.021850534 
800 48 9 12 0.021842297 
326 267 9 11 0.021767968 
853 0 13 12 0.021649525 
664 254 8 11 0.02162791 
347 256 8 10 0.02143265 
796 227 11 14 0.021413688 
629 52 10 13 0.021304004 
640 231 8 12 0.02127032 
221 264 10 12 0.02116068 
813 0 13 11 0.021132283 
669 245 11 13 0.021107893 
780 0 12 12 0.020822916 
458 255 9 11 0.020734683 
433 267 9 12 0.020608287 
198 69 9 10 0.020496717 
525 269 10 13 0.020482842 
920 216 13 17 0.020432282 
213 78 10 13 0.020362074 
492 36 17 19 0.020282634 
545 262 7 9 0.020069106 
