31_Waiter_Waitress_Waiter_Waitress_31_788
45
458 -2 58 62 0.99886924 
711 213 51 92 0.9876217 
165 190 50 78 0.9836939 
243 188 36 73 0.43546933 
362 181 42 58 0.35311565 
207 1 34 28 0.3049298 
263 4 29 35 0.24262203 
889 243 16 21 0.15522401 
54 224 73 74 0.08373865 
869 117 23 28 0.074650556 
208 195 49 81 0.073411986 
128 355 60 63 0.050646603 
141 196 58 84 0.044883143 
878 124 25 31 0.040768772 
202 134 14 19 0.040262524 
184 202 51 80 0.038105343 
309 1 18 15 0.037286233 
236 216 35 60 0.03705801 
892 121 26 34 0.036577716 
405 329 45 47 0.0364643 
849 279 18 20 0.03591587 
509 261 238 276 0.035180487 
334 109 13 16 0.03438821 
890 253 17 22 0.033550616 
91 216 59 77 0.03226807 
299 2 27 24 0.030577665 
106 94 35 44 0.030448586 
81 3 29 34 0.029526874 
407 0 43 53 0.029176673 
684 230 63 83 0.028263628 
794 191 44 75 0.028024923 
248 0 36 30 0.027740464 
286 3 30 30 0.02711416 
506 7 47 52 0.026233999 
885 269 11 14 0.025713965 
882 167 27 34 0.0245992 
207 75 21 30 0.024515698 
303 431 14 19 0.021914808 
173 184 30 57 0.021808732 
889 289 31 44 0.021804271 
110 88 26 31 0.02177404 
930 243 28 34 0.021676077 
190 141 11 14 0.021274233 
354 0 34 33 0.02044419 
1008 214 11 13 0.020287741 
