31_Waiter_Waitress_Waiter_Waitress_31_484
30
334 176 109 146 0.99993825 
574 72 120 172 0.99986553 
126 712 11 13 0.18402533 
87 704 8 9 0.099248916 
130 681 7 9 0.09040635 
95 683 10 13 0.08293913 
112 692 9 11 0.06780422 
577 462 145 181 0.04747382 
159 696 10 12 0.04481263 
119 719 9 11 0.036435463 
28 740 9 11 0.03502563 
116 739 12 15 0.033880763 
89 727 9 11 0.033392496 
103 712 8 9 0.027516361 
100 680 9 11 0.027458323 
153 701 10 11 0.025941156 
64 691 9 11 0.025243986 
113 720 9 10 0.024284637 
118 689 7 9 0.024164462 
61 735 10 13 0.022929804 
110 711 8 9 0.022776583 
117 693 9 10 0.022423675 
81 676 8 9 0.022406925 
164 695 10 11 0.021581013 
94 704 7 9 0.021237833 
73 710 10 13 0.020888146 
61 740 11 15 0.02061941 
134 685 8 10 0.020497194 
77 716 9 12 0.02030141 
144 718 10 12 0.020019868 
