31_Waiter_Waitress_Waiter_Waitress_31_118
18
369 92 163 199 0.9971872 
390 789 9 12 0.08916416 
132 170 12 16 0.060695898 
691 17 11 16 0.047611076 
950 534 12 16 0.04736343 
820 752 25 29 0.04668789 
427 767 16 17 0.030792605 
668 18 11 14 0.029048633 
360 770 52 58 0.028941805 
14 323 429 505 0.028330768 
668 551 123 98 0.026850473 
917 254 23 30 0.026653532 
780 758 12 16 0.02423732 
809 732 44 55 0.023313249 
952 539 23 28 0.023077596 
660 343 22 27 0.022686992 
934 534 11 13 0.02231094 
663 15 12 16 0.020461278 
