31_Waiter_Waitress_Waiter_Waitress_31_162
62
468 350 221 311 0.99953175 
19 715 15 21 0.62462234 
311 716 13 17 0.38053668 
386 483 28 30 0.22836189 
373 724 12 16 0.19560646 
724 440 27 38 0.16534948 
345 784 178 246 0.15646896 
278 725 11 16 0.13354926 
262 723 14 17 0.13341382 
214 722 12 16 0.12844574 
254 734 22 29 0.105827615 
34 711 20 27 0.07696341 
337 818 94 155 0.07514013 
71 699 13 16 0.06397506 
244 715 11 15 0.06358549 
284 725 10 14 0.061959628 
209 717 12 15 0.05593773 
900 193 102 123 0.05475096 
824 141 163 248 0.054606758 
349 877 58 83 0.052302375 
259 728 16 20 0.049568597 
378 846 23 34 0.04374325 
86 723 15 19 0.043680713 
242 711 10 15 0.043466866 
420 893 129 151 0.043357212 
376 721 17 21 0.04224166 
254 722 14 18 0.03955718 
326 739 14 19 0.039412577 
270 727 12 17 0.03640433 
672 724 341 376 0.035644736 
41 98 364 488 0.03553535 
10 700 42 49 0.03476617 
9 709 23 32 0.032544058 
265 742 14 21 0.03132261 
304 1039 222 301 0.030461978 
159 724 13 17 0.030255558 
330 744 16 20 0.02891421 
314 728 16 18 0.028690198 
361 842 48 83 0.028675226 
246 721 13 16 0.027149545 
287 868 56 73 0.026862573 
341 742 12 16 0.025717895 
263 725 21 28 0.025656864 
242 736 27 34 0.02552478 
365 714 22 28 0.025487322 
14 696 27 32 0.025387637 
49 712 17 20 0.024746202 
77 724 27 32 0.024190662 
180 750 12 14 0.024121162 
776 478 30 40 0.023999278 
321 743 21 27 0.02303799 
185 871 67 62 0.022010868 
204 764 13 18 0.02197452 
268 719 13 17 0.021856457 
258 692 91 109 0.02160194 
208 712 10 14 0.021447005 
63 697 14 18 0.020939544 
359 897 34 48 0.02088163 
1001 646 19 33 0.020829514 
7 720 14 20 0.020362275 
271 762 12 15 0.020349279 
757 449 52 69 0.020126088 
