31_Waiter_Waitress_Waiter_Waitress_31_842
21
348 148 171 231 0.9994092 
752 588 137 215 0.99245995 
305 559 381 448 0.12576503 
809 552 54 80 0.12228969 
374 903 474 399 0.07514898 
288 1361 149 164 0.06622354 
575 1122 451 484 0.05429984 
237 379 40 55 0.04840317 
789 561 104 155 0.045985047 
494 76 501 449 0.045525517 
406 944 257 248 0.042713206 
219 984 410 507 0.03799886 
512 705 100 105 0.029872704 
283 781 403 444 0.029653326 
-48 -35 380 523 0.02811998 
424 701 222 225 0.027471391 
103 362 408 435 0.025046218 
111 703 434 467 0.024087455 
807 549 39 51 0.024035465 
188 1058 131 133 0.022948768 
826 627 114 183 0.022707935 
