31_Waiter_Waitress_Waiter_Waitress_31_327
76
451 350 105 164 0.99972254 
302 352 103 136 0.9995409 
744 649 23 38 0.706244 
962 580 16 21 0.38388568 
252 558 9 11 0.30815586 
182 638 38 54 0.3061188 
148 598 8 11 0.28423053 
300 565 10 13 0.25176665 
225 558 8 10 0.19218692 
310 589 11 17 0.19138287 
198 559 8 10 0.17902951 
170 560 8 10 0.1339568 
196 587 12 16 0.10330837 
243 612 18 21 0.08790556 
146 593 7 11 0.08254429 
966 576 11 13 0.08218918 
769 592 8 10 0.08052678 
344 340 100 137 0.06481513 
264 557 9 11 0.057030838 
242 558 7 9 0.053027038 
199 564 9 12 0.052146655 
744 598 11 14 0.05048214 
184 557 8 10 0.049306512 
193 558 9 10 0.048594717 
866 675 104 122 0.047754884 
164 616 75 102 0.046550352 
302 591 16 22 0.0419831 
220 637 26 37 0.041541025 
744 592 9 12 0.04007273 
215 558 9 10 0.036179226 
295 571 11 14 0.036087576 
227 610 13 16 0.03407259 
207 559 8 10 0.033875078 
698 702 14 16 0.03359847 
297 561 10 11 0.03355531 
296 560 18 24 0.03325138 
725 591 9 12 0.031935673 
183 552 8 10 0.031548355 
200 572 10 11 0.031163692 
808 674 127 141 0.030825548 
286 575 11 13 0.030627076 
197 619 53 64 0.029907255 
198 553 9 11 0.029212201 
254 553 9 12 0.029173728 
240 565 10 13 0.029003449 
302 581 13 17 0.028497988 
232 528 9 11 0.027635302 
248 562 10 13 0.026985953 
175 552 9 10 0.026679104 
190 595 14 16 0.026499737 
135 485 192 226 0.02645975 
309 563 12 16 0.026365926 
280 566 10 12 0.026076652 
152 528 8 10 0.025930347 
310 571 10 15 0.02545198 
976 549 10 12 0.02530994 
750 592 8 12 0.0249247 
159 528 8 10 0.024194524 
304 557 22 30 0.02352234 
248 554 10 12 0.023470405 
125 526 11 14 0.023077406 
221 605 15 17 0.023062067 
235 623 48 61 0.023013119 
134 528 9 10 0.022783434 
205 565 106 119 0.022540849 
275 587 13 20 0.022277573 
311 558 10 13 0.022230115 
238 616 16 20 0.02196161 
232 615 26 32 0.021489892 
306 578 21 28 0.021384127 
167 528 7 10 0.020428604 
317 555 26 36 0.020316137 
183 590 10 14 0.0202741 
3 640 26 35 0.020269984 
182 597 11 13 0.020054687 
292 579 12 16 0.020009149 
