31_Waiter_Waitress_Waiter_Waitress_31_212
20
518 350 84 119 0.5225543 
527 272 58 67 0.42231092 
409 249 111 136 0.25829196 
571 135 48 80 0.15496103 
641 161 67 69 0.14790948 
455 253 104 112 0.08736076 
550 332 96 140 0.07344674 
604 144 82 102 0.06841844 
513 258 53 65 0.060490042 
710 231 44 59 0.05314199 
67 6 29 45 0.047732092 
516 70 313 412 0.04490773 
199 10 356 487 0.04418361 
693 221 46 58 0.04305963 
57 41 42 66 0.04044105 
653 189 62 75 0.03042168 
761 31 110 126 0.025620487 
622 159 101 117 0.023907641 
910 -13 123 136 0.022919877 
360 186 187 234 0.02209929 
