31_Waiter_Waitress_Waiter_Waitress_31_351
64
301 161 140 192 0.99953926 
869 77 52 65 0.9965752 
147 146 35 43 0.96820843 
84 146 27 44 0.5182863 
134 146 29 42 0.22783102 
785 197 16 20 0.19422357 
538 164 368 468 0.1298436 
27 91 13 17 0.098804004 
529 137 17 23 0.07636865 
632 62 43 59 0.06836209 
195 124 29 33 0.06593042 
870 373 14 21 0.060898133 
621 77 9 11 0.059522886 
675 95 15 18 0.05899443 
23 183 23 36 0.05325552 
779 202 20 24 0.050360456 
740 362 12 13 0.049628276 
212 121 24 28 0.044785287 
485 170 12 15 0.044672567 
725 125 14 18 0.044600252 
21 247 22 41 0.043346513 
658 64 18 22 0.043052588 
91 140 38 53 0.040982787 
836 157 15 18 0.038728137 
734 180 11 12 0.03836864 
725 296 120 171 0.03618574 
538 176 13 17 0.03602038 
816 328 9 11 0.035385396 
183 104 47 58 0.03341644 
788 334 11 14 0.032605983 
200 146 25 30 0.032153912 
479 132 26 34 0.03130363 
753 377 19 20 0.031227993 
78 159 25 39 0.03007244 
583 211 14 17 0.029618245 
832 158 12 14 0.028464066 
532 139 23 28 0.0283538 
545 146 14 18 0.0283271 
686 237 204 276 0.02815724 
166 152 28 34 0.02629854 
728 198 9 11 0.026193261 
448 135 26 38 0.026125526 
197 157 14 18 0.025610236 
971 73 23 33 0.024938088 
654 101 11 14 0.02438954 
501 180 10 14 0.02401188 
804 158 15 18 0.023965582 
849 202 26 30 0.02375091 
608 175 10 13 0.023652755 
25 26 10 14 0.02330093 
51 24 15 17 0.023299001 
939 96 30 37 0.022762634 
24 195 28 39 0.021954909 
956 190 40 54 0.021946503 
574 71 10 12 0.021940632 
596 19 407 466 0.021527534 
693 94 11 15 0.021064468 
94 58 15 20 0.020780336 
784 197 26 34 0.02057826 
786 190 15 18 0.020573571 
509 169 14 18 0.020485157 
733 187 11 14 0.020164078 
85 162 35 48 0.020090649 
821 216 14 17 0.02004171 
