31_Waiter_Waitress_Waiter_Waitress_31_420
183
463 179 29 44 0.99932647 
653 219 26 33 0.99774736 
582 217 28 32 0.9975781 
915 209 32 43 0.997133 
332 301 22 28 0.99311996 
690 236 26 34 0.98865545 
372 299 22 30 0.985642 
552 220 21 32 0.96895915 
40 219 21 28 0.9687102 
532 205 23 28 0.956973 
240 314 19 25 0.95117766 
489 218 24 29 0.94614846 
281 316 17 21 0.8651762 
195 290 17 21 0.8391691 
868 306 23 28 0.59067214 
696 208 23 28 0.57958466 
378 289 23 31 0.55259293 
408 234 17 22 0.54527366 
148 262 19 22 0.506778 
130 307 16 19 0.42373416 
168 313 15 19 0.42001516 
387 285 21 28 0.32004344 
451 43 30 35 0.28529823 
389 272 15 17 0.22581594 
347 283 12 16 0.21782713 
868 275 12 15 0.21326147 
166 292 14 19 0.2044524 
695 218 27 35 0.19338244 
306 315 14 19 0.18656343 
248 300 14 16 0.14669491 
537 223 24 33 0.14644003 
189 293 17 21 0.14494939 
230 284 11 13 0.14040688 
411 221 24 32 0.14026001 
346 222 15 20 0.13942873 
122 298 17 20 0.13093098 
271 344 14 22 0.12116971 
518 282 32 36 0.11429203 
299 296 21 28 0.11373323 
93 220 23 29 0.11045799 
573 201 16 19 0.107737035 
300 288 15 18 0.10759946 
205 323 15 23 0.10632421 
117 291 14 19 0.09767471 
295 290 11 15 0.086050265 
840 159 8 11 0.081868 
188 275 13 15 0.07682486 
491 213 18 21 0.07565582 
355 282 12 16 0.07520677 
844 283 12 14 0.07334343 
433 168 14 20 0.07109225 
234 282 12 14 0.06912688 
11 264 13 16 0.068732545 
816 246 10 12 0.0685215 
156 340 15 19 0.06808851 
225 285 10 14 0.06766073 
738 198 10 12 0.06367067 
253 296 11 14 0.06365579 
375 277 10 12 0.06343766 
235 294 11 14 0.061305948 
758 222 10 13 0.0606644 
260 281 11 15 0.06008763 
509 208 19 26 0.05508108 
184 298 13 17 0.054922342 
753 208 8 10 0.05490524 
816 239 10 11 0.053383324 
570 220 25 31 0.053181015 
98 276 21 31 0.053007714 
350 196 9 11 0.05279777 
207 276 11 14 0.049178235 
143 363 13 17 0.048846543 
219 323 12 17 0.048410878 
893 220 13 18 0.046314474 
502 214 20 27 0.044265877 
316 260 10 13 0.044252947 
86 274 12 17 0.04353804 
289 306 20 26 0.043308873 
997 294 15 21 0.04309786 
741 192 9 11 0.043091126 
162 354 22 25 0.042216554 
874 189 10 11 0.04176066 
874 207 9 11 0.041037187 
699 226 16 21 0.040764324 
140 330 13 16 0.04004823 
109 287 13 20 0.039119225 
203 285 14 19 0.038862724 
376 253 10 11 0.038808987 
141 271 17 21 0.038688924 
208 316 21 30 0.036830124 
433 40 43 55 0.036823723 
894 190 8 9 0.036361475 
164 329 15 19 0.036261924 
892 215 24 33 0.036212116 
473 306 26 37 0.03607199 
213 271 11 14 0.035934012 
776 224 9 12 0.035014186 
186 270 11 13 0.034533136 
275 350 15 20 0.034507748 
93 273 15 21 0.034488462 
781 229 9 10 0.034293473 
279 362 14 20 0.034106657 
158 313 16 20 0.033829927 
157 353 16 19 0.033472814 
513 144 18 22 0.032837782 
232 298 14 17 0.03254992 
421 307 17 23 0.03230983 
46 375 10 12 0.03178813 
212 292 10 15 0.031234398 
24 285 12 15 0.0311572 
148 278 15 19 0.03097148 
336 289 23 29 0.029755453 
430 160 11 15 0.029626638 
620 211 14 18 0.02953148 
828 116 11 14 0.02937803 
719 204 12 16 0.029172715 
349 272 9 11 0.02876996 
830 263 10 14 0.028685255 
122 372 12 15 0.028557729 
384 275 11 15 0.028067399 
137 311 15 19 0.027927933 
58 251 17 23 0.027865978 
313 313 14 19 0.027396124 
383 284 13 19 0.026983712 
749 224 14 18 0.026725141 
199 263 9 11 0.026405923 
152 275 21 26 0.02598057 
162 348 15 18 0.025941603 
241 111 10 13 0.025895426 
406 252 11 15 0.025875408 
881 312 21 26 0.025857516 
760 199 8 9 0.025523666 
776 239 11 13 0.025489619 
147 357 13 16 0.025435688 
741 205 9 11 0.024227234 
733 215 11 12 0.023976153 
11 284 11 14 0.023954174 
892 318 15 20 0.023949694 
238 355 14 19 0.023697551 
229 278 19 23 0.023688525 
376 191 8 11 0.023620607 
160 264 13 19 0.023513798 
333 284 14 16 0.023503203 
420 212 14 18 0.023441052 
799 246 9 11 0.023312613 
100 238 16 20 0.023307126 
405 261 12 15 0.023245448 
189 285 16 20 0.0231556 
836 274 21 26 0.023140633 
779 250 16 19 0.023056969 
532 235 19 24 0.022985635 
509 288 28 34 0.02285695 
834 158 9 12 0.022845263 
421 180 11 15 0.022741687 
160 289 14 18 0.022399772 
889 222 11 14 0.022375612 
427 51 25 32 0.02236684 
195 269 11 14 0.02199985 
757 214 10 12 0.021988878 
430 54 12 18 0.02194721 
23 277 11 14 0.02183915 
28 301 11 14 0.021725103 
715 232 17 24 0.0215495 
768 211 9 12 0.02142889 
423 194 13 18 0.021342056 
872 185 10 11 0.021301836 
328 263 10 12 0.021180768 
554 212 17 23 0.021137988 
425 297 18 23 0.021053031 
329 268 10 13 0.020927656 
128 263 9 13 0.020882647 
207 261 8 11 0.020725502 
600 220 18 25 0.020545287 
99 215 15 19 0.020538889 
696 205 14 18 0.020526461 
877 211 9 12 0.020521514 
302 29 92 113 0.020423612 
864 281 13 16 0.020392943 
21 268 13 15 0.020357776 
222 279 11 15 0.020282812 
89 226 12 18 0.020273486 
873 247 9 11 0.02026564 
150 299 10 13 0.02008796 
183 284 13 17 0.020068454 
