31_Waiter_Waitress_Waiter_Waitress_31_915
39
463 195 113 164 0.99979407 
941 558 24 30 0.9639698 
619 215 219 296 0.11854425 
714 292 93 117 0.113297656 
114 513 16 18 0.10117028 
40 463 11 13 0.088973135 
37 475 14 16 0.08193644 
1001 640 21 34 0.07243736 
521 210 374 462 0.06590369 
981 554 16 20 0.059970498 
21 505 12 15 0.053837422 
56 487 9 11 0.05066971 
171 532 12 15 0.04926309 
118 494 9 10 0.04412232 
22 484 11 14 0.038727373 
20 461 11 14 0.03774114 
676 337 46 52 0.03319545 
124 515 16 16 0.033152148 
88 621 23 29 0.031358127 
581 361 26 33 0.028444104 
580 -1 190 241 0.027484542 
974 584 26 32 0.026969733 
562 609 18 20 0.026588628 
36 490 12 15 0.025423339 
971 579 16 20 0.025158022 
17 507 11 15 0.024837768 
711 320 57 71 0.024424307 
630 338 48 52 0.024116622 
30 482 13 16 0.023571793 
96 601 13 15 0.02267622 
29 501 12 15 0.022663247 
5 579 15 18 0.022628015 
13 566 11 14 0.022122743 
33 468 12 14 0.021729143 
47 559 10 13 0.021188313 
10 573 14 17 0.020679053 
61 572 11 14 0.020625608 
31 462 11 14 0.020551879 
1001 104 9 12 0.020461256 
