48_Parachutist_Paratrooper_Parachutist_Paratrooper_48_122
108
399 165 127 154 0.99985254 
629 614 131 163 0.70074755 
255 188 106 146 0.27596873 
665 1203 15 19 0.21939503 
873 1287 18 21 0.19939701 
152 235 11 15 0.1633791 
259 1357 13 16 0.14810759 
589 70 44 78 0.13828753 
106 1052 18 24 0.1304769 
273 470 52 63 0.09718132 
102 434 59 90 0.09560616 
819 1299 13 18 0.08460702 
699 72 106 136 0.07321683 
908 1302 16 21 0.06996135 
510 679 52 70 0.059642825 
609 33 51 87 0.059410658 
96 222 10 15 0.05770485 
378 1335 7 10 0.05651202 
75 855 327 433 0.05599637 
668 1190 16 17 0.055759814 
389 1365 9 12 0.055337127 
661 1287 11 14 0.053537715 
548 76 28 38 0.05062755 
634 17 88 106 0.04768058 
763 1034 16 22 0.04739262 
56 968 30 44 0.047090758 
869 1275 27 34 0.046414666 
187 352 76 57 0.04589817 
84 200 14 17 0.045783326 
809 532 71 84 0.044572037 
34 941 53 72 0.044473153 
162 773 40 44 0.044472143 
164 190 96 122 0.04421924 
24 683 44 62 0.04412681 
111 236 14 17 0.04315489 
235 1382 11 14 0.04258874 
205 190 110 138 0.042493973 
655 39 31 40 0.04152179 
87 150 12 16 0.041343927 
697 1324 10 14 0.040182695 
657 1286 9 11 0.039024983 
344 36 53 78 0.03881134 
622 1244 15 20 0.037929744 
262 1378 27 32 0.03655459 
24 626 383 477 0.03622605 
967 1211 51 69 0.03550415 
376 1325 9 10 0.034667492 
579 54 75 119 0.034655575 
626 11 18 20 0.032746315 
655 1225 12 14 0.032682642 
269 1357 10 13 0.03181479 
70 721 16 19 0.03172951 
863 1273 47 55 0.030533556 
324 46 51 78 0.030309742 
382 1336 7 9 0.029494297 
35 969 23 35 0.029050454 
674 136 14 17 0.028961957 
144 235 12 16 0.028827729 
654 26 107 135 0.028634898 
43 228 362 431 0.028318293 
677 1383 10 13 0.027454969 
154 238 16 21 0.026709141 
104 236 11 14 0.026691362 
329 6 93 114 0.026559437 
359 1377 9 11 0.02620587 
278 1359 11 12 0.025616337 
186 544 367 502 0.02560711 
27 37 11 12 0.025503155 
512 63 15 19 0.025404636 
651 1211 14 20 0.025246171 
678 448 101 113 0.024996184 
278 1343 8 9 0.024676839 
756 1028 26 36 0.024546746 
718 97 65 85 0.024202628 
384 1342 7 9 0.024011916 
110 1367 41 56 0.0238982 
658 1216 16 19 0.02356217 
660 1226 12 15 0.02355579 
26 30 10 12 0.023455927 
537 303 43 49 0.023403352 
394 1391 9 12 0.023184098 
276 459 39 39 0.023086157 
714 1220 14 17 0.022846654 
388 1359 10 13 0.022560142 
355 1376 8 9 0.022552796 
611 3 30 33 0.022382136 
13 170 13 15 0.022359844 
118 1006 205 271 0.021791589 
85 1033 12 16 0.021685762 
346 457 39 47 0.021672199 
289 1319 9 10 0.021466168 
696 965 14 17 0.021398889 
58 224 16 19 0.021186275 
271 1352 9 11 0.021137571 
624 1240 11 14 0.021123013 
645 1217 16 19 0.021060014 
416 1372 8 11 0.021054836 
642 -1 19 19 0.02076221 
6 45 11 14 0.020706218 
140 228 14 18 0.020570928 
399 492 42 45 0.02053372 
405 485 344 444 0.020529736 
343 1306 8 9 0.02046501 
93 174 13 16 0.020309 
586 17 26 41 0.020256206 
30 654 89 125 0.020227196 
192 186 172 239 0.020167507 
71 174 11 13 0.020087382 
