48_Parachutist_Paratrooper_Parachutist_Paratrooper_48_439
44
625 134 140 199 0.99896467 
148 50 49 63 0.99824774 
375 193 22 27 0.38143456 
7 41 28 41 0.10430324 
141 194 37 43 0.05421638 
195 223 37 44 0.052173506 
240 242 35 40 0.051264778 
384 200 17 20 0.048589226 
471 213 11 14 0.04607601 
858 151 13 16 0.04295832 
396 204 11 15 0.04221915 
366 202 13 17 0.036662728 
462 190 11 14 0.035155486 
489 37 9 11 0.032062046 
413 205 12 14 0.030334203 
332 209 17 19 0.029509576 
55 21 409 527 0.029186087 
429 179 11 16 0.028087007 
356 204 14 18 0.027964968 
463 241 11 14 0.026695099 
217 229 43 53 0.026589096 
403 277 15 20 0.025264204 
376 184 11 14 0.025204945 
415 267 12 15 0.025147846 
444 179 14 15 0.024873866 
375 188 15 20 0.024780823 
472 45 10 13 0.024475493 
439 213 11 13 0.02440148 
475 179 13 15 0.02418505 
654 528 13 18 0.02417494 
453 189 12 17 0.024170024 
445 106 12 15 0.023850538 
469 205 14 16 0.023845742 
-1 42 45 72 0.023739256 
404 246 10 12 0.02349707 
408 207 12 14 0.022640463 
1006 139 16 23 0.022521397 
469 188 13 16 0.021885458 
411 578 26 28 0.021788692 
438 180 12 14 0.021679193 
441 274 30 34 0.021464754 
393 275 26 33 0.021275384 
19 38 28 38 0.020387521 
972 281 44 61 0.020009441 
