48_Parachutist_Paratrooper_Parachutist_Paratrooper_48_656
97
557 190 43 38 0.9369791 
617 361 27 35 0.86920655 
804 278 208 283 0.84261996 
36 352 173 199 0.72094345 
69 20 107 162 0.52864957 
484 435 26 30 0.23333737 
449 137 15 20 0.2228267 
481 164 15 17 0.17264186 
721 622 8 10 0.16568136 
380 633 13 16 0.10081601 
425 392 26 32 0.09191148 
849 360 119 190 0.083683975 
317 379 32 38 0.082582675 
222 239 56 65 0.08204833 
477 168 16 20 0.07267548 
603 322 16 18 0.07202757 
354 257 46 50 0.07194705 
292 275 59 69 0.07112636 
128 678 8 10 0.07019532 
471 175 21 27 0.06766831 
606 347 45 44 0.060465105 
701 674 11 13 0.059756637 
822 598 8 10 0.059283074 
117 430 73 103 0.05872884 
517 172 15 17 0.058009475 
597 639 10 12 0.05528599 
483 653 18 23 0.05487622 
838 92 180 274 0.051952507 
475 505 14 16 0.05085375 
514 172 28 30 0.049581826 
369 272 21 21 0.044975888 
494 420 27 30 0.040774357 
376 656 10 13 0.04024354 
535 366 12 14 0.040061366 
515 395 16 19 0.038950384 
17 184 104 105 0.038232945 
624 178 33 36 0.03800694 
660 248 17 21 0.035904177 
231 218 69 59 0.035110325 
470 119 12 14 0.03439318 
560 164 52 54 0.033565197 
735 607 7 10 0.03282807 
18 54 173 225 0.0326593 
319 277 36 40 0.032574654 
377 629 11 16 0.032294 
499 411 27 29 0.030893944 
471 439 53 46 0.030800447 
660 253 23 29 0.030301707 
598 146 48 46 0.030195534 
737 624 8 10 0.029981446 
10 -1 123 140 0.029884454 
393 363 45 46 0.029847786 
615 359 16 27 0.028620308 
710 667 14 15 0.028348839 
178 669 9 10 0.028194183 
728 629 7 9 0.028158871 
339 288 13 20 0.028078526 
405 606 13 18 0.028068364 
397 616 12 17 0.027734192 
715 622 8 11 0.027705394 
892 50 126 200 0.027610434 
199 218 27 38 0.027507544 
121 693 8 11 0.02729459 
742 624 7 9 0.02678464 
334 271 47 60 0.02569312 
89 672 7 9 0.025459208 
314 391 26 42 0.025408246 
755 55 385 455 0.025128528 
292 282 412 428 0.025009993 
857 221 148 219 0.024265148 
246 202 82 60 0.024050027 
41 205 69 59 0.023994375 
695 624 7 9 0.023929412 
728 574 9 11 0.023499427 
408 400 35 33 0.023132175 
122 688 8 11 0.022847593 
736 629 8 9 0.022644186 
628 337 58 44 0.022630414 
581 493 10 13 0.022602469 
396 589 10 13 0.022329427 
593 170 48 54 0.022267086 
373 600 10 12 0.022228422 
404 471 104 102 0.022215549 
679 23 37 48 0.02217946 
385 630 13 15 0.021631967 
720 558 7 9 0.021279654 
625 405 41 41 0.021225108 
502 690 16 18 0.02101738 
373 261 34 33 0.02093203 
72 718 9 11 0.020908419 
711 566 8 10 0.020752884 
633 186 18 20 0.020653935 
498 437 31 33 0.020624163 
515 411 13 16 0.020389171 
824 620 9 12 0.020380307 
138 712 6 8 0.020089298 
583 155 35 35 0.020010509 
