48_Parachutist_Paratrooper_Parachutist_Paratrooper_48_205
30
511 224 94 114 0.9991084 
301 156 43 50 0.51236224 
683 199 14 18 0.23265219 
345 238 42 39 0.16907693 
451 376 30 26 0.0930607 
337 323 65 74 0.09104524 
378 465 14 17 0.08455557 
614 397 100 122 0.06492744 
381 472 12 15 0.050521076 
735 221 9 12 0.050308894 
327 156 45 52 0.04545633 
322 391 15 18 0.039708473 
340 226 26 37 0.039444633 
366 445 11 15 0.038348977 
573 467 16 24 0.035179365 
701 196 9 13 0.03391257 
668 192 22 29 0.0315274 
414 470 8 10 0.03148067 
544 618 28 38 0.030018814 
295 149 30 49 0.024738427 
719 198 8 11 0.024682866 
343 369 39 43 0.023191826 
432 469 10 12 0.02310814 
329 206 54 58 0.022170303 
373 441 14 17 0.021792553 
-81 103 370 484 0.021476634 
65 138 24 31 0.020787772 
326 423 13 15 0.020720145 
541 626 41 55 0.02070284 
441 383 30 34 0.020319952 
