48_Parachutist_Paratrooper_Parachutist_Paratrooper_48_1015
185
858 317 54 58 0.9969842 
342 211 26 30 0.9967049 
93 124 44 64 0.996007 
326 385 36 42 0.98757696 
850 209 22 25 0.9849888 
628 347 36 42 0.98380476 
218 403 34 40 0.97999656 
455 222 23 28 0.97477764 
956 314 26 35 0.95655996 
554 357 36 41 0.95379037 
632 209 21 26 0.94784194 
982 301 39 51 0.9421257 
177 371 37 43 0.91917145 
468 363 32 38 0.90260607 
679 345 39 52 0.8952057 
966 190 22 27 0.888188 
708 225 18 22 0.8670733 
278 259 21 27 0.8583034 
961 454 30 35 0.8199489 
236 271 24 27 0.81377834 
223 245 20 23 0.7948392 
570 224 17 22 0.7926198 
927 319 29 42 0.72539866 
761 212 19 23 0.71878403 
787 215 15 21 0.71244353 
545 238 20 22 0.7067373 
453 355 16 22 0.63333553 
795 328 34 37 0.5666851 
763 414 28 39 0.4747775 
3 280 16 22 0.4554037 
426 364 23 29 0.4538227 
783 356 33 37 0.42640746 
225 294 13 17 0.33888838 
521 338 28 33 0.32507014 
462 447 30 39 0.31431243 
601 247 14 16 0.2634785 
845 337 24 34 0.20446067 
749 248 13 16 0.1823142 
462 351 24 32 0.16064297 
513 238 17 20 0.15853713 
495 541 34 38 0.15311277 
425 252 11 13 0.13645805 
741 234 11 13 0.1239567 
229 251 24 29 0.11969403 
266 355 17 20 0.11457801 
441 531 31 33 0.106586 
332 318 26 27 0.1017949 
237 255 26 32 0.10124975 
190 384 41 47 0.09193281 
1006 393 18 23 0.08434664 
374 403 14 18 0.08164927 
940 316 34 47 0.08044187 
628 330 14 18 0.07770858 
4 421 40 68 0.07443734 
463 373 24 34 0.070661314 
246 248 23 28 0.06991185 
571 324 14 18 0.06963506 
429 301 9 11 0.066140905 
0 283 21 36 0.06400602 
457 351 16 19 0.06359162 
440 341 11 12 0.062127974 
684 328 17 20 0.060887255 
570 326 26 28 0.05972651 
460 462 25 36 0.057123665 
570 361 35 38 0.055578277 
471 349 14 19 0.05532449 
191 313 11 14 0.053900898 
643 308 13 14 0.0519302 
550 233 12 14 0.051607456 
154 406 23 31 0.050622273 
702 348 31 40 0.050244935 
438 242 13 18 0.049250662 
867 274 15 19 0.04852981 
429 246 12 16 0.045483463 
436 359 23 31 0.045083493 
667 352 30 38 0.04409665 
577 228 17 22 0.044061992 
422 368 16 22 0.043017894 
400 389 11 14 0.041516714 
851 290 30 40 0.041378837 
443 225 24 30 0.040796082 
944 303 30 37 0.04074718 
483 365 28 32 0.040676203 
229 275 23 29 0.040389203 
268 255 23 30 0.03923991 
921 306 30 39 0.03844537 
839 342 18 24 0.03771965 
412 263 10 12 0.037213776 
469 335 11 13 0.036812387 
673 333 30 44 0.03628761 
456 341 11 14 0.035626113 
536 342 38 47 0.034206014 
859 279 26 36 0.033952013 
628 318 12 15 0.03357926 
330 328 17 19 0.033262886 
880 308 48 60 0.03261966 
536 363 27 35 0.032028813 
817 335 18 23 0.031701706 
564 328 20 22 0.031651635 
755 249 13 16 0.031549998 
627 326 26 32 0.03154022 
581 262 10 13 0.031399682 
382 376 14 19 0.030876337 
444 544 19 21 0.030824829 
69 393 29 31 0.030662725 
978 196 17 22 0.030347873 
624 337 27 41 0.03033181 
559 341 34 41 0.030170843 
552 246 17 21 0.030077377 
975 462 18 22 0.029856523 
323 331 25 27 0.029742075 
481 290 15 18 0.029696863 
792 362 37 37 0.029475635 
995 176 23 30 0.029388366 
510 245 14 21 0.02929356 
817 276 9 12 0.029039863 
470 341 12 14 0.02895575 
412 371 14 18 0.028367411 
434 230 21 27 0.028253527 
721 227 14 18 0.028202048 
622 216 17 20 0.027865956 
993 573 32 64 0.02784654 
274 358 16 19 0.02766576 
986 288 16 19 0.02743147 
578 222 13 18 0.027417026 
982 182 25 31 0.027213946 
496 347 13 14 0.02644852 
444 336 11 13 0.026343241 
996 392 26 35 0.026308866 
907 320 33 45 0.026095036 
737 235 10 14 0.02588104 
543 244 16 23 0.025813466 
6 404 56 63 0.025307817 
374 349 12 15 0.025089998 
985 462 14 20 0.025033936 
250 264 23 32 0.024813162 
965 305 28 41 0.024615344 
955 304 17 24 0.0244306 
462 341 12 14 0.024426665 
466 444 21 25 0.02429664 
699 319 29 28 0.024038628 
307 254 11 14 0.024034822 
751 211 12 16 0.024034308 
457 339 21 27 0.024013156 
398 340 10 12 0.023922067 
707 238 16 19 0.02389885 
536 340 17 19 0.0238486 
427 380 17 22 0.023741031 
624 324 14 19 0.023724832 
738 230 20 25 0.023611765 
414 461 40 50 0.023589496 
624 202 22 29 0.023467822 
426 416 25 30 0.023389518 
258 362 25 27 0.023202807 
404 300 10 15 0.023126885 
517 233 11 14 0.023122204 
425 335 9 11 0.022481814 
692 318 13 16 0.022402445 
816 270 10 12 0.02231225 
442 247 15 20 0.022263687 
15 438 56 71 0.022142364 
612 378 22 33 0.022097526 
228 284 15 18 0.021894278 
864 268 24 31 0.021705579 
938 266 13 15 0.02168293 
951 291 15 17 0.021662906 
751 215 20 27 0.021650348 
459 366 16 23 0.021642799 
436 413 13 16 0.021596674 
863 267 15 21 0.021525895 
933 298 28 32 0.021492032 
641 423 17 20 0.0212485 
783 183 9 11 0.021239055 
408 267 11 13 0.021215444 
447 358 16 24 0.020995002 
554 226 21 27 0.020972487 
724 516 42 61 0.02081726 
423 442 18 21 0.020531138 
780 359 18 26 0.020496307 
582 486 52 61 0.02045288 
580 328 27 29 0.02027098 
874 219 16 19 0.020212851 
58 388 48 49 0.020145135 
325 392 17 25 0.020035852 
251 333 14 16 0.020011859 
