48_Parachutist_Paratrooper_Parachutist_Paratrooper_48_814
38
396 194 211 293 0.99977356 
156 406 24 30 0.94543946 
253 401 24 29 0.82824 
210 409 22 24 0.7333475 
58 406 19 25 0.6215521 
305 399 23 26 0.58108103 
698 372 167 321 0.2664271 
608 278 55 83 0.25215933 
129 405 11 13 0.2451584 
467 947 230 282 0.23403972 
582 415 47 63 0.16434905 
681 268 332 478 0.12923034 
395 867 380 433 0.10353121 
438 22 239 287 0.07729581 
563 237 95 151 0.052756134 
253 67 397 476 0.04725888 
91 404 15 23 0.04707024 
274 762 123 128 0.046322063 
33 830 414 540 0.042659797 
246 394 42 50 0.040751223 
596 244 58 92 0.039444614 
130 407 14 18 0.035492606 
68 405 23 28 0.035332322 
611 245 89 141 0.035111666 
169 410 27 30 0.03054884 
335 691 382 481 0.028220909 
188 412 24 29 0.025983267 
608 455 88 98 0.024136377 
684 40 17 20 0.023839887 
110 414 10 14 0.023636494 
259 402 46 59 0.023232726 
194 922 396 501 0.023126066 
208 417 32 37 0.022596667 
153 407 43 47 0.022202428 
3 405 16 22 0.021861773 
223 674 223 254 0.021685002 
20 -24 380 447 0.020729987 
272 344 18 22 0.020133633 
