48_Parachutist_Paratrooper_Parachutist_Paratrooper_48_678
27
648 296 58 83 0.9983719 
336 322 44 70 0.98553663 
578 247 53 74 0.13753018 
872 413 13 17 0.103845775 
901 391 58 84 0.0944552 
901 301 14 16 0.07728152 
655 -2 390 448 0.068375655 
579 319 16 21 0.06388435 
908 327 17 19 0.047525432 
857 287 9 12 0.044225227 
861 291 11 13 0.042139683 
839 279 12 14 0.041214515 
252 274 75 129 0.03809905 
843 284 11 13 0.034378625 
916 355 16 19 0.033766843 
316 91 31 41 0.031123262 
535 225 83 108 0.030712316 
899 281 12 15 0.028540676 
916 350 12 15 0.027121142 
508 238 70 87 0.026487205 
204 268 95 136 0.02583252 
593 254 73 95 0.025217514 
621 288 58 84 0.024459045 
856 387 13 16 0.022274885 
795 690 115 111 0.02220355 
879 300 10 13 0.021733826 
851 303 13 16 0.021690441 
