48_Parachutist_Paratrooper_Parachutist_Paratrooper_48_892
18
181 242 128 171 0.9996426 
475 125 121 167 0.9995913 
658 184 126 167 0.9994325 
712 395 233 315 0.89762443 
944 1 73 104 0.15953626 
804 409 148 186 0.081556626 
715 435 146 194 0.07806729 
64 849 435 579 0.070235826 
648 288 407 475 0.066713154 
-45 390 360 510 0.050798044 
564 396 365 499 0.046724766 
389 825 32 35 0.040477026 
-9 654 372 459 0.03775765 
646 170 31 38 0.028732136 
976 972 46 68 0.026669273 
22 504 48 81 0.025574576 
163 302 430 498 0.022898257 
631 1660 38 36 0.021416565 
