17_Ceremony_Ceremony_17_220
240
580 290 12 16 0.9541121 
447 366 10 13 0.71901524 
901 392 13 17 0.54279846 
552 377 14 17 0.5149677 
349 341 8 12 0.48647663 
484 299 11 15 0.47386786 
379 304 9 12 0.45426583 
400 371 11 15 0.4240831 
273 385 17 24 0.40319586 
459 389 23 28 0.39089555 
432 373 9 12 0.38549682 
383 337 8 10 0.3650987 
161 383 11 14 0.34858504 
336 367 9 11 0.3246022 
482 340 14 15 0.3212843 
526 381 11 16 0.30070588 
540 355 12 16 0.29940587 
324 337 13 18 0.25055602 
464 354 10 14 0.21097222 
213 379 9 13 0.18870673 
645 280 9 13 0.17185085 
401 333 9 11 0.1669822 
135 375 9 11 0.1354768 
271 382 13 18 0.11571172 
53 370 14 20 0.1151523 
956 396 10 12 0.11209443 
652 286 9 13 0.111125104 
460 378 14 19 0.10818772 
376 377 10 12 0.10569992 
107 389 14 16 0.10511401 
647 292 11 14 0.09978291 
41 372 22 28 0.09724846 
424 388 9 14 0.093177035 
330 401 17 21 0.09195826 
417 367 11 14 0.089537695 
428 389 10 15 0.08678648 
80 365 9 11 0.08518641 
44 385 15 21 0.08130669 
380 396 16 20 0.08104948 
28 358 11 14 0.07821774 
405 333 9 11 0.07760925 
384 320 8 9 0.07683046 
301 389 15 18 0.07668922 
309 386 12 18 0.075227305 
367 386 11 17 0.07385723 
324 385 15 19 0.07354533 
340 371 12 15 0.07312323 
526 373 11 15 0.07291926 
55 367 11 14 0.06926678 
430 341 7 11 0.06902347 
104 372 12 14 0.06820697 
507 387 14 17 0.06651518 
553 384 15 17 0.0648201 
339 400 16 22 0.06471433 
60 365 10 13 0.0646742 
356 370 14 17 0.06427329 
115 387 13 17 0.0640054 
454 373 11 14 0.06312415 
519 387 11 15 0.062282544 
92 386 11 15 0.06217743 
277 374 14 18 0.061728958 
427 311 8 11 0.061173864 
636 261 9 13 0.05848385 
600 284 10 12 0.05840919 
425 317 8 11 0.057553925 
853 436 9 11 0.056787565 
917 397 11 13 0.05650493 
535 352 11 14 0.056099687 
63 358 9 11 0.056068793 
318 384 13 19 0.056007348 
629 196 12 13 0.054896593 
421 356 10 13 0.052848686 
404 379 11 15 0.05268791 
95 374 10 14 0.052360103 
254 376 8 11 0.05146531 
109 402 12 14 0.051372994 
386 342 10 13 0.051138677 
392 319 8 10 0.049898583 
395 312 8 9 0.04874705 
232 380 8 12 0.048654042 
88 380 13 18 0.04857085 
126 381 10 11 0.047934968 
468 310 10 13 0.047208387 
573 384 10 14 0.047086842 
423 382 9 12 0.047025666 
348 369 15 19 0.04626862 
413 390 12 14 0.046107095 
180 372 9 12 0.044096835 
245 364 10 12 0.044011388 
326 393 14 20 0.043793924 
438 372 9 12 0.043472525 
423 349 10 13 0.0433677 
119 381 10 15 0.04331691 
280 378 16 21 0.043077726 
271 388 44 45 0.042402547 
399 360 10 12 0.04229673 
872 407 9 11 0.042138975 
600 391 10 14 0.04206237 
490 79 16 21 0.04181189 
466 378 16 22 0.04173807 
330 385 17 22 0.041703578 
430 348 9 13 0.041380066 
372 385 12 19 0.041024983 
999 336 8 10 0.03924442 
504 382 11 15 0.03883931 
416 350 9 10 0.038756568 
373 394 15 20 0.037658423 
718 208 13 15 0.037514757 
365 372 9 14 0.037509885 
204 323 11 14 0.03727282 
467 350 12 14 0.036672115 
197 380 13 15 0.036576714 
845 691 11 12 0.03640719 
469 372 13 18 0.03631662 
430 335 8 11 0.03596097 
428 315 9 12 0.034729496 
184 420 12 14 0.03463005 
59 375 14 21 0.034405265 
279 392 16 20 0.034151446 
406 387 12 15 0.03371368 
107 380 15 18 0.03315691 
424 334 10 12 0.033096384 
347 402 13 18 0.032640982 
93 413 11 13 0.032368623 
625 197 10 12 0.032342836 
390 347 8 11 0.031647548 
269 397 15 22 0.031630628 
95 366 9 11 0.031496316 
68 378 13 19 0.03137624 
197 491 15 17 0.031218916 
379 386 16 20 0.031187024 
420 372 11 14 0.030848144 
837 431 9 11 0.030696075 
165 376 12 14 0.030620286 
546 355 11 14 0.030586613 
340 360 11 12 0.030464834 
85 365 9 11 0.030449431 
481 305 10 14 0.029585788 
196 371 12 15 0.029217355 
416 344 8 10 0.029029798 
224 380 9 13 0.028954932 
379 340 10 12 0.028879438 
103 393 15 17 0.028822923 
346 337 10 12 0.028517962 
418 320 8 10 0.028419752 
568 385 11 15 0.028154926 
457 376 11 17 0.028114455 
103 414 9 11 0.028012535 
71 357 8 10 0.028002225 
645 298 13 16 0.027812725 
638 269 8 11 0.027781542 
441 367 10 13 0.027589735 
463 332 8 11 0.027582763 
212 384 12 16 0.027498834 
309 340 9 12 0.027408682 
261 397 27 35 0.027302412 
365 318 8 11 0.027280698 
330 334 10 13 0.027192364 
474 371 13 17 0.027167493 
350 346 9 12 0.027058583 
298 400 17 18 0.026872352 
100 378 16 18 0.02681088 
210 375 10 13 0.026808338 
249 374 10 13 0.026528334 
575 203 12 14 0.025967643 
780 414 10 13 0.02589183 
129 376 9 11 0.025867717 
305 335 9 12 0.025763094 
677 272 8 11 0.025640981 
176 367 11 14 0.025554774 
132 463 11 13 0.025542846 
480 336 12 14 0.025506426 
430 377 11 14 0.025262203 
564 427 12 15 0.025236055 
590 302 9 11 0.025191084 
13 383 24 27 0.025116744 
886 690 13 13 0.025107792 
463 295 7 9 0.024875313 
478 316 10 13 0.024866853 
320 333 14 17 0.024818659 
444 362 18 22 0.024655424 
3 391 14 20 0.02458551 
186 497 29 33 0.024573576 
527 366 10 14 0.024536358 
88 374 10 14 0.024401922 
391 326 9 11 0.024267526 
600 351 9 12 0.024266794 
281 275 226 207 0.023942586 
389 388 12 17 0.023861831 
41 372 13 18 0.023753887 
888 436 9 12 0.023439972 
295 394 13 15 0.023377417 
998 341 8 10 0.023301722 
415 334 8 11 0.02317479 
591 307 10 13 0.022883939 
329 207 10 13 0.022845771 
674 278 7 10 0.022791423 
653 198 9 11 0.022647632 
576 298 12 15 0.022587873 
401 352 8 9 0.022485146 
356 386 16 18 0.022468496 
224 373 9 13 0.022439145 
374 375 19 25 0.022411512 
47 368 12 16 0.022301003 
76 409 24 31 0.022183068 
375 298 17 22 0.022156497 
575 315 11 14 0.021931961 
583 325 12 14 0.021914892 
341 377 14 19 0.021884728 
367 293 10 12 0.021736955 
545 434 14 17 0.021609563 
332 366 19 25 0.021537304 
72 363 9 12 0.021469189 
309 629 29 34 0.021432022 
454 96 14 17 0.02133352 
107 368 12 13 0.021241333 
648 198 9 11 0.021136643 
573 419 10 13 0.021048613 
464 316 8 11 0.02096811 
191 493 13 15 0.020940077 
457 392 14 21 0.020921113 
581 310 11 12 0.020865262 
487 322 10 14 0.020864014 
26 368 52 64 0.020852141 
24 353 19 24 0.020826139 
320 344 13 15 0.020764457 
546 319 9 10 0.020574559 
550 391 15 18 0.020550821 
398 383 13 18 0.020540275 
544 91 12 15 0.020493478 
167 396 10 12 0.020458883 
909 401 12 14 0.020417862 
189 404 13 16 0.020367527 
325 328 10 13 0.020365594 
517 394 14 16 0.0203164 
396 371 18 24 0.020182198 
420 208 15 20 0.020087747 
408 343 7 11 0.020076908 
108 411 12 14 0.020051805 
529 276 10 14 0.02004592 
