17_Ceremony_Ceremony_17_735
83
326 230 463 603 0.9999951 
770 665 373 458 0.22294684 
284 502 447 519 0.16260462 
899 722 130 186 0.14690752 
806 717 219 295 0.14300993 
480 1312 13 16 0.107354596 
821 736 141 166 0.07751749 
433 1277 23 29 0.07741008 
471 1291 14 15 0.076719634 
604 1332 13 16 0.07355626 
462 1256 13 17 0.07078687 
513 1283 13 17 0.06612938 
477 1291 14 18 0.064606875 
858 1406 32 36 0.060851753 
660 1298 25 29 0.052086007 
483 1290 15 21 0.05164659 
671 1331 12 14 0.05033918 
584 1041 442 517 0.04907491 
587 1298 17 20 0.04772183 
830 1465 28 30 0.047672004 
777 1483 56 53 0.047588307 
503 1302 10 12 0.047157627 
589 1323 11 14 0.045554742 
541 1287 16 20 0.045408603 
128 1100 449 553 0.04323298 
500 1332 14 17 0.04233551 
128 834 470 576 0.04184741 
663 1293 13 14 0.040187333 
675 1491 23 28 0.039440148 
567 1314 11 15 0.039357428 
308 1139 499 553 0.039307293 
821 1261 28 35 0.039281122 
422 1306 15 18 0.03803374 
337 904 17 21 0.0355147 
552 1331 14 18 0.034989566 
800 1238 19 25 0.034957763 
521 1373 24 29 0.03451102 
503 1309 10 12 0.03416413 
17 780 394 506 0.033599492 
853 823 30 41 0.032902084 
477 1141 17 23 0.031496234 
846 806 56 65 0.031196676 
586 1428 33 40 0.030731872 
442 1289 12 15 0.030648107 
121 634 370 453 0.030642925 
443 1312 17 21 0.030467622 
509 1303 9 11 0.030099085 
208 1179 26 35 0.02965225 
826 1410 15 17 0.02956363 
498 1323 14 17 0.029306235 
526 1334 11 14 0.028420318 
661 1314 29 36 0.026801314 
442 1247 18 21 0.025766514 
292 1144 15 19 0.025742369 
786 1461 81 75 0.02572797 
448 1306 16 21 0.025336491 
429 1337 15 19 0.02485905 
168 74 477 566 0.024656545 
204 1317 30 33 0.024628855 
466 1331 17 20 0.024502816 
581 1309 23 27 0.024399646 
650 1367 18 21 0.024042206 
502 1269 10 12 0.02347365 
558 1309 11 14 0.023446241 
457 1361 25 29 0.02330819 
466 1325 14 16 0.023223894 
528 1294 10 12 0.023158157 
509 1308 10 13 0.023157284 
448 1371 24 30 0.022950636 
603 705 416 504 0.022887535 
538 1346 23 28 0.022554504 
775 1395 128 141 0.022470377 
470 1297 14 17 0.022439808 
596 1325 22 27 0.022363255 
486 1333 10 13 0.021879023 
519 1333 12 15 0.021825952 
464 1292 12 13 0.021322936 
424 1291 24 28 0.021255033 
545 1283 24 28 0.021229906 
230 1133 11 14 0.020528557 
218 752 120 149 0.020374225 
648 1377 27 32 0.020084942 
138 948 31 32 0.020070845 
