17_Ceremony_Ceremony_17_452
162
308 369 22 30 0.9833534 
933 388 17 26 0.8331081 
677 343 15 20 0.49729052 
983 414 26 32 0.36276466 
219 382 16 24 0.357743 
981 393 12 16 0.32304388 
307 336 15 17 0.28150982 
418 407 12 15 0.18717287 
976 389 11 16 0.17085227 
948 25 47 86 0.15042186 
66 346 13 17 0.14114986 
131 413 14 20 0.13784109 
341 410 21 28 0.12428066 
392 358 10 13 0.11565456 
3 467 15 21 0.11367595 
353 440 17 20 0.10418873 
830 382 15 22 0.10274279 
226 379 13 20 0.09564425 
87 467 13 17 0.085528 
416 369 10 13 0.08453775 
195 300 11 16 0.07803061 
413 372 13 18 0.07733639 
500 345 15 18 0.07243627 
864 439 37 49 0.071604446 
943 407 26 31 0.06935974 
980 403 41 53 0.06902763 
903 385 22 27 0.06883443 
482 344 9 12 0.06745527 
1013 329 10 17 0.06539434 
469 391 10 12 0.06147156 
229 385 24 32 0.06145604 
1 627 9 14 0.061368033 
853 448 13 16 0.060581423 
210 346 10 13 0.059417963 
5 628 10 14 0.057852846 
427 355 13 17 0.054705776 
630 390 9 11 0.054292887 
703 430 12 17 0.053453755 
988 427 17 23 0.052758258 
66 664 8 10 0.04885156 
56 645 9 11 0.046308313 
464 392 10 12 0.0461993 
726 453 11 15 0.046103552 
40 648 9 11 0.045700327 
21 648 10 13 0.045042593 
377 365 10 13 0.04501889 
1006 367 13 16 0.044239137 
728 420 11 15 0.04415723 
392 415 11 13 0.043797005 
686 599 16 24 0.04371924 
429 265 41 56 0.042576846 
853 443 23 29 0.04213647 
350 380 15 18 0.0420949 
956 410 15 19 0.041781228 
421 365 10 13 0.041686546 
994 323 12 17 0.04098651 
567 594 10 12 0.040903725 
61 459 14 18 0.040586155 
419 373 12 14 0.038963567 
319 415 25 34 0.03892801 
635 331 15 20 0.03770222 
300 92 14 18 0.037296865 
356 420 12 15 0.03716259 
419 419 13 14 0.036902543 
141 303 12 13 0.036768224 
103 413 11 15 0.03563204 
761 372 31 39 0.035494957 
182 310 10 12 0.03444806 
148 350 10 13 0.034424093 
137 302 9 12 0.034333084 
170 334 10 14 0.03422107 
832 386 20 30 0.032609273 
630 385 8 10 0.032532036 
664 356 10 13 0.03225033 
380 454 11 13 0.032196034 
683 316 13 18 0.032054048 
656 413 11 14 0.032027066 
167 357 11 13 0.031000415 
670 352 13 17 0.030841231 
735 389 10 14 0.030646961 
953 413 26 35 0.030596057 
734 397 8 12 0.030433437 
554 591 10 12 0.030121671 
183 440 12 18 0.03001054 
347 405 17 19 0.029849073 
68 459 12 18 0.029680068 
169 349 10 13 0.029526796 
411 316 403 503 0.029441109 
786 428 15 16 0.029156864 
190 375 15 19 0.029122794 
435 282 13 18 0.028879974 
25 631 9 11 0.028589841 
205 375 22 29 0.028328495 
995 349 11 15 0.027943706 
409 376 12 17 0.027934723 
728 414 11 14 0.027822243 
965 29 51 93 0.0276265 
264 133 11 14 0.027357275 
0 189 18 33 0.027322998 
273 0 58 55 0.026765283 
16 615 9 12 0.0267391 
198 171 9 12 0.026346471 
157 299 10 12 0.026018003 
973 416 25 35 0.025907401 
915 385 16 21 0.025786348 
18 647 9 11 0.025686514 
56 459 12 15 0.025344918 
155 402 17 18 0.024937255 
819 420 13 16 0.02471327 
464 385 8 10 0.024553299 
529 356 12 14 0.024496134 
0 405 21 35 0.024279881 
170 338 13 17 0.02427018 
194 325 11 15 0.02422352 
728 422 22 29 0.02415887 
842 386 14 21 0.024113195 
181 315 10 13 0.023866793 
817 427 12 15 0.023700668 
146 305 14 16 0.023456683 
838 396 21 30 0.023428274 
351 427 22 28 0.023200896 
944 394 16 19 0.02315436 
328 402 26 32 0.023078335 
998 359 14 19 0.02295258 
542 582 10 11 0.022658262 
207 302 10 14 0.02265483 
431 279 12 17 0.022503432 
364 428 12 15 0.022348247 
785 434 21 26 0.022298865 
426 331 12 15 0.022230078 
149 461 11 13 0.022114774 
240 426 11 14 0.022070846 
544 549 9 11 0.022065738 
162 358 10 13 0.021905947 
939 396 24 30 0.021809211 
926 387 17 24 0.021712871 
482 374 9 12 0.021610832 
556 595 11 12 0.02147192 
992 354 14 20 0.02144459 
728 433 13 18 0.021416735 
719 453 12 16 0.021278007 
222 355 14 17 0.021271354 
231 446 11 14 0.02122075 
417 360 8 12 0.02119757 
580 351 14 17 0.02102527 
717 367 10 12 0.020996923 
486 376 8 11 0.020980239 
46 430 11 13 0.020915616 
40 628 10 12 0.020896047 
395 362 11 13 0.02086341 
457 390 8 12 0.020836726 
195 371 15 19 0.02081454 
509 376 10 12 0.020790232 
1 613 9 13 0.020475583 
190 494 11 14 0.02046152 
317 430 24 31 0.020252367 
536 567 7 10 0.020197913 
627 413 11 13 0.020191306 
547 613 12 15 0.020126097 
295 370 23 31 0.020113956 
662 387 10 13 0.020094525 
153 295 10 12 0.02000066 
