17_Ceremony_Ceremony_17_57
26
908 169 37 39 0.9995403 
425 118 35 41 0.996503 
286 97 41 50 0.9963063 
129 111 37 44 0.9941022 
731 126 36 41 0.9934157 
576 153 36 39 0.9462808 
243 218 18 20 0.113338724 
553 208 18 18 0.09416908 
214 187 26 30 0.082594976 
95 275 29 30 0.051401466 
866 288 16 19 0.05102704 
637 469 31 32 0.039776925 
605 21 26 29 0.039282758 
356 83 31 38 0.03539539 
554 217 17 19 0.03235717 
93 304 14 18 0.031115454 
562 218 14 15 0.030174946 
236 223 16 19 0.028894901 
673 471 27 30 0.028097287 
590 165 21 26 0.02780329 
240 205 25 29 0.027485905 
425 98 28 37 0.025287658 
782 104 14 15 0.023346098 
546 213 11 15 0.023149077 
432 84 29 35 0.02014907 
559 203 19 21 0.020102466 
