17_Ceremony_Ceremony_17_490
61
885 173 102 139 0.9994073 
517 217 68 83 0.99893004 
289 264 59 77 0.99766976 
388 26 44 59 0.99727255 
48 0 52 60 0.9941975 
209 8 45 65 0.99393576 
481 18 41 63 0.9661443 
780 325 80 56 0.37974915 
791 368 57 58 0.20421521 
362 145 53 49 0.12609445 
418 -1 30 31 0.11927102 
720 40 14 18 0.11445897 
320 496 91 149 0.09785791 
279 100 44 50 0.08990164 
329 225 50 65 0.063247584 
44 274 128 224 0.058336712 
745 68 10 13 0.053724375 
430 1 20 19 0.050613992 
750 61 13 17 0.049696553 
726 56 13 16 0.049399823 
2 659 14 17 0.045129918 
285 533 91 134 0.043499645 
178 148 28 35 0.043432817 
204 143 43 43 0.0411523 
263 201 44 55 0.03999824 
499 364 14 18 0.039443225 
699 87 12 14 0.03866621 
711 55 11 14 0.03671226 
577 234 42 60 0.036383066 
731 54 11 15 0.036093265 
565 3 17 16 0.034104288 
342 161 59 50 0.03299288 
721 42 20 27 0.03275519 
555 0 30 29 0.03227677 
764 336 94 86 0.031904317 
752 58 10 12 0.031116648 
398 739 25 31 0.030828832 
277 59 24 25 0.030322086 
669 3 17 16 0.029835762 
718 79 10 14 0.028935956 
715 99 13 15 0.026702585 
292 228 60 65 0.025819497 
319 171 58 49 0.025505 
734 70 10 12 0.02497199 
714 154 119 165 0.024911072 
454 2 16 16 0.02424589 
759 285 111 107 0.024065264 
480 220 50 70 0.02391302 
666 -17 191 229 0.02382747 
27 1 31 44 0.023559935 
753 66 15 18 0.023535145 
712 94 11 16 0.023115095 
714 3 14 13 0.02307912 
751 150 11 13 0.02286346 
740 79 22 30 0.022181291 
718 47 14 20 0.02204911 
595 448 30 37 0.02197921 
532 459 12 14 0.021758141 
505 13 33 47 0.021682333 
805 308 67 61 0.020736068 
749 75 43 65 0.020268258 
