17_Ceremony_Ceremony_17_234
37
257 50 72 93 0.99782807 
105 385 77 85 0.9975835 
875 462 58 90 0.9967102 
557 91 74 92 0.9959585 
663 295 169 253 0.16359116 
165 284 11 16 0.12899779 
39 290 13 17 0.11430137 
75 281 12 16 0.10454247 
103 285 11 14 0.08958293 
29 261 14 17 0.054942302 
135 288 13 18 0.050232526 
15 269 11 14 0.0444406 
175 255 12 16 0.04313787 
136 250 13 16 0.04169874 
21 283 13 18 0.04118165 
342 324 31 48 0.039154697 
96 323 11 15 0.038731415 
165 238 12 14 0.036064822 
0 253 9 13 0.032344066 
0 301 12 20 0.032277416 
799 107 117 151 0.03137801 
852 434 55 92 0.030237574 
159 278 19 27 0.029704053 
30 287 15 19 0.029435387 
396 340 53 54 0.02863439 
101 255 14 17 0.026013393 
176 246 10 12 0.025576739 
862 405 80 126 0.0255569 
100 321 11 14 0.02482745 
169 283 13 18 0.023994692 
23 264 15 18 0.023103647 
827 345 113 113 0.021252774 
168 259 12 15 0.021239456 
162 282 24 35 0.02118251 
128 281 23 33 0.020840084 
501 136 54 67 0.02055754 
98 258 23 30 0.020313222 
