17_Ceremony_Ceremony_17_253
443
920 683 12 16 0.5662549 
883 700 13 16 0.5253313 
140 421 15 17 0.45382738 
102 381 10 14 0.42612368 
285 477 12 15 0.32958275 
173 438 12 15 0.26385 
847 707 11 14 0.25004044 
746 687 10 12 0.24673843 
905 360 8 11 0.23473611 
477 702 10 13 0.20976543 
267 486 10 13 0.20765826 
8 703 9 12 0.19907421 
734 710 10 13 0.18267272 
914 656 7 9 0.1809988 
73 410 13 16 0.17981783 
40 723 12 15 0.17407094 
91 451 12 15 0.17225716 
60 713 13 15 0.16271704 
973 132 12 14 0.15267974 
271 719 12 15 0.14937338 
75 469 14 21 0.14557071 
550 672 9 11 0.14424601 
814 679 11 14 0.14332215 
786 424 8 10 0.14271769 
953 678 9 13 0.14067623 
832 661 11 13 0.14039557 
638 680 11 12 0.13872756 
817 706 11 15 0.13352051 
601 680 10 12 0.1317423 
120 474 14 18 0.12641084 
799 664 10 12 0.11195036 
878 660 9 11 0.10859005 
25 748 14 17 0.1065645 
64 745 18 20 0.10310018 
464 686 11 15 0.10105097 
557 700 10 13 0.0951364 
412 679 10 12 0.09464595 
50 425 13 16 0.093786985 
578 694 12 13 0.09192 
401 708 9 12 0.08835431 
853 670 10 13 0.08809725 
877 677 13 17 0.086625785 
874 657 9 10 0.08660117 
377 679 9 11 0.0854948 
728 707 10 13 0.0843383 
127 368 9 11 0.07781986 
317 460 11 13 0.07769874 
5 586 13 18 0.077239126 
747 470 13 15 0.077183686 
393 695 9 11 0.07564298 
341 719 13 15 0.07543314 
730 728 8 10 0.07507565 
120 428 10 13 0.07486345 
460 715 11 14 0.07474533 
873 681 11 14 0.074673235 
745 672 8 10 0.07286541 
469 691 11 14 0.07236531 
448 708 9 11 0.07099299 
765 439 8 11 0.07093201 
604 684 11 12 0.070560865 
936 705 9 11 0.06984651 
365 318 16 21 0.06973656 
941 124 14 17 0.06961979 
808 677 10 13 0.06886183 
230 523 11 14 0.06800831 
834 424 9 11 0.06754603 
806 670 9 11 0.0671434 
145 530 18 24 0.067129515 
881 671 9 12 0.06710065 
480 756 11 12 0.06601787 
419 726 9 12 0.06564426 
849 674 11 15 0.06559407 
263 490 12 17 0.06469477 
428 318 10 14 0.06395844 
886 677 11 14 0.06382742 
257 742 15 17 0.06368084 
799 686 12 14 0.062189404 
637 752 10 12 0.061895337 
1 560 11 17 0.060304906 
962 754 14 15 0.059788663 
584 708 12 15 0.059396304 
672 675 9 11 0.058618035 
951 656 9 11 0.058246 
840 734 9 11 0.05788365 
567 712 11 13 0.05766062 
804 684 12 15 0.057576574 
746 384 7 11 0.057141144 
360 399 7 10 0.056105535 
599 691 10 13 0.056092422 
614 143 8 11 0.055756804 
885 672 9 11 0.05488559 
325 702 11 13 0.054853942 
844 742 11 13 0.054450676 
688 117 8 10 0.053648084 
457 724 9 13 0.05199621 
432 699 10 13 0.05198229 
680 95 6 8 0.051654227 
566 735 9 11 0.05153033 
409 716 11 14 0.051383592 
546 677 10 13 0.051059812 
400 703 9 12 0.05086101 
703 127 7 9 0.050809074 
806 691 11 13 0.050476003 
769 717 10 12 0.05015018 
749 670 10 12 0.049738348 
770 357 9 11 0.04881522 
758 675 10 13 0.048069432 
734 678 9 11 0.04784776 
304 471 10 12 0.04766539 
641 145 7 9 0.047292408 
672 141 8 10 0.046964232 
340 447 9 11 0.04642356 
776 439 9 11 0.045709874 
494 738 11 16 0.045577932 
194 755 14 14 0.04455783 
773 723 14 17 0.044367015 
761 695 10 12 0.04423067 
687 725 9 12 0.043985397 
640 128 8 10 0.043922305 
957 681 10 14 0.043828 
929 125 9 11 0.043653898 
504 359 10 12 0.043527305 
780 691 11 13 0.04319148 
357 715 10 13 0.043116573 
365 439 10 13 0.042507496 
593 671 9 10 0.04249574 
79 144 8 9 0.042226806 
906 88 7 9 0.042007327 
318 110 7 9 0.041790638 
732 703 11 14 0.041521937 
815 662 11 12 0.041301355 
625 669 9 12 0.041275762 
893 677 10 13 0.04110248 
840 439 9 12 0.041059177 
493 716 11 15 0.040936086 
87 143 8 10 0.040914577 
879 357 9 13 0.04089512 
537 133 8 10 0.040866755 
476 311 15 20 0.040684577 
601 129 7 9 0.039770324 
95 152 9 10 0.03971884 
42 151 9 10 0.039617985 
775 710 12 14 0.03943871 
274 723 12 14 0.039271183 
953 737 8 10 0.0391784 
934 122 13 16 0.03917149 
780 708 11 14 0.03913346 
449 745 9 11 0.03912516 
178 135 8 10 0.03896471 
884 732 9 13 0.038484715 
125 406 8 10 0.03833522 
584 112 7 9 0.038266536 
610 145 8 11 0.038148683 
778 383 8 11 0.037953284 
957 656 9 12 0.037632182 
647 136 7 10 0.037037812 
646 142 7 9 0.036966037 
468 308 14 19 0.03689232 
13 709 11 14 0.03681547 
663 150 7 9 0.036811545 
975 655 8 10 0.03673729 
455 711 10 13 0.036731858 
565 678 8 9 0.036577053 
536 150 7 10 0.03648709 
409 682 10 13 0.036453396 
103 444 12 15 0.03630886 
743 697 12 14 0.03627747 
341 336 8 10 0.03595199 
522 112 7 10 0.035546407 
73 383 10 12 0.035417277 
276 747 11 14 0.035094935 
839 430 9 10 0.035033 
689 718 9 12 0.034999162 
15 716 13 16 0.03463776 
63 700 11 13 0.034486543 
744 679 8 11 0.034236297 
834 665 13 15 0.034190927 
437 700 10 12 0.033902023 
644 679 9 11 0.03381112 
360 696 10 11 0.033721197 
912 710 8 11 0.0337146 
703 702 11 14 0.033338558 
662 709 8 11 0.033308513 
840 727 9 13 0.03323765 
624 143 8 10 0.03318806 
190 422 11 13 0.033121087 
12 739 13 17 0.03287127 
492 674 11 14 0.032854024 
728 677 11 12 0.032644935 
705 670 9 10 0.03263017 
896 655 10 12 0.032558773 
361 317 11 14 0.032533497 
484 752 11 13 0.03249956 
929 712 9 12 0.03248598 
190 399 11 15 0.032387774 
677 670 10 10 0.032379333 
850 703 11 14 0.03236247 
957 671 9 12 0.032280497 
734 672 8 10 0.032248896 
360 733 9 12 0.031856753 
593 159 6 9 0.031831354 
892 709 11 13 0.031795014 
831 751 10 12 0.031794574 
584 117 7 9 0.03171634 
774 717 11 14 0.03167528 
792 692 9 12 0.031632256 
93 405 14 18 0.031592485 
335 723 13 15 0.0315635 
80 150 8 9 0.031408735 
881 727 9 13 0.03135744 
624 137 7 9 0.03131779 
873 140 9 11 0.031291753 
888 714 11 14 0.031233521 
85 159 10 12 0.031204417 
809 388 9 11 0.031195618 
608 690 11 14 0.03106662 
181 412 9 10 0.03105347 
779 731 11 14 0.031016916 
728 345 111 143 0.030997988 
338 376 8 9 0.030988397 
12 729 15 20 0.030954484 
99 505 15 18 0.03092363 
616 136 7 10 0.030884251 
765 743 12 16 0.030857693 
46 634 27 32 0.030753652 
486 721 11 15 0.030747846 
13 722 14 17 0.030705888 
559 714 12 14 0.030648703 
818 683 11 14 0.030471405 
310 471 10 11 0.03034672 
781 702 11 13 0.030299583 
743 682 18 22 0.029960226 
749 408 12 15 0.029924335 
568 333 8 12 0.02992433 
281 343 9 11 0.029912129 
665 121 6 8 0.029841414 
548 749 12 13 0.029806526 
845 431 8 10 0.029806389 
0 168 9 15 0.029707894 
452 740 10 13 0.029705372 
486 710 10 11 0.029493447 
549 682 11 14 0.029460669 
706 416 7 9 0.02944113 
537 142 8 10 0.029415192 
632 144 8 10 0.029334748 
846 726 10 12 0.029233629 
176 408 9 11 0.029168772 
169 407 9 11 0.029003829 
804 664 10 12 0.02899616 
698 128 7 10 0.02885413 
724 744 12 13 0.028845528 
404 709 12 15 0.028775005 
585 136 9 11 0.02871499 
703 687 10 12 0.028694557 
953 673 9 11 0.02864158 
257 499 10 13 0.02859806 
939 707 12 13 0.028579943 
654 730 11 13 0.028460825 
695 711 9 12 0.028349005 
352 715 10 13 0.028348364 
689 136 8 9 0.028342653 
765 428 10 13 0.028334929 
20 741 14 19 0.028312316 
400 715 10 13 0.028176747 
815 724 11 14 0.028160555 
768 723 12 15 0.028159019 
946 656 9 10 0.028071146 
902 655 9 10 0.028063068 
776 688 10 12 0.02804016 
125 411 11 13 0.027863855 
821 724 10 13 0.027711187 
608 134 7 9 0.027555635 
654 694 8 11 0.027464118 
593 676 10 13 0.02733858 
182 405 10 12 0.027300654 
168 440 13 17 0.02724599 
430 688 9 11 0.027136862 
377 717 11 12 0.027117051 
118 710 10 13 0.027062304 
871 741 11 14 0.027045911 
812 669 12 15 0.026962103 
641 133 8 10 0.026769845 
87 150 9 10 0.026717443 
989 669 10 13 0.026693037 
254 703 12 14 0.026659042 
466 304 9 12 0.026637394 
938 366 8 11 0.026613932 
658 143 8 9 0.026557408 
853 725 11 13 0.026390212 
97 378 17 22 0.026348857 
565 694 9 12 0.02629669 
696 686 8 11 0.02628011 
821 448 8 10 0.02627795 
438 730 11 13 0.026239082 
590 693 10 13 0.026236825 
742 402 15 19 0.026201677 
812 691 13 15 0.0260957 
935 130 14 18 0.026014274 
708 703 11 14 0.026004627 
613 693 10 12 0.025948612 
307 686 11 13 0.025881393 
559 673 9 10 0.02586936 
364 695 9 11 0.025850693 
87 408 13 16 0.025821887 
736 684 9 11 0.025766663 
225 524 11 15 0.025647918 
957 736 8 10 0.02563188 
325 717 12 14 0.025590481 
558 708 12 15 0.025469774 
745 335 8 9 0.025326954 
928 724 9 13 0.025309311 
462 751 11 14 0.025255933 
477 334 11 13 0.025227727 
328 391 7 10 0.025211364 
305 716 9 12 0.025189396 
613 703 10 12 0.025182107 
628 664 9 10 0.025132354 
606 127 7 10 0.025006302 
78 155 23 27 0.024930572 
633 150 7 9 0.024908416 
3 172 9 13 0.024903672 
760 733 10 11 0.024726482 
722 709 9 11 0.02459599 
393 381 10 12 0.024537105 
693 716 9 12 0.024363512 
473 707 11 13 0.02435326 
951 704 12 13 0.024284886 
649 692 9 12 0.024246877 
40 166 9 11 0.024147894 
616 103 6 8 0.024119139 
527 152 7 10 0.024084456 
625 703 9 11 0.023852987 
392 699 9 12 0.023832045 
917 660 9 11 0.023731217 
878 740 11 14 0.023715239 
706 143 8 10 0.023713924 
680 695 11 13 0.023630887 
623 655 8 9 0.02357366 
39 69 405 524 0.023541745 
824 400 9 11 0.023538748 
750 714 12 14 0.023506103 
262 498 10 13 0.023504013 
944 683 12 14 0.02349198 
366 359 10 12 0.023460638 
833 438 9 12 0.023364682 
766 418 13 16 0.02333506 
564 700 10 13 0.023275023 
65 183 9 12 0.02323623 
936 668 9 12 0.023221094 
903 710 10 12 0.02316805 
295 508 11 12 0.023056053 
332 399 10 11 0.0230524 
580 688 11 13 0.023045694 
55 721 14 16 0.023019854 
541 334 8 12 0.022996271 
815 454 9 11 0.022953207 
333 752 11 12 0.022944186 
607 740 10 12 0.022861969 
623 740 12 13 0.022860935 
569 128 8 10 0.022854572 
885 752 12 13 0.022827746 
341 685 10 12 0.022811979 
776 702 12 14 0.022743052 
893 408 8 10 0.022690596 
95 174 10 12 0.022685617 
381 342 9 13 0.022531928 
972 86 11 14 0.022519726 
663 687 9 11 0.022508908 
40 183 9 12 0.022486886 
764 699 11 13 0.022456193 
521 158 9 10 0.022439528 
238 726 13 17 0.022361118 
742 715 10 13 0.02233356 
544 161 7 8 0.02223409 
580 700 14 15 0.022233361 
976 728 9 11 0.022139087 
75 386 12 14 0.02210433 
276 753 13 15 0.022093857 
414 691 10 12 0.02208355 
29 446 11 13 0.02208185 
79 697 10 12 0.02203451 
779 714 12 15 0.021959608 
797 414 10 13 0.021912903 
526 157 8 10 0.021905182 
455 732 9 13 0.021763379 
222 503 10 14 0.021675931 
793 663 10 11 0.021664182 
847 670 19 24 0.021653473 
724 749 13 14 0.021649534 
288 462 9 11 0.021613337 
360 444 11 14 0.021570222 
431 726 10 13 0.021568617 
816 714 11 15 0.021533223 
377 713 10 11 0.021525433 
687 680 9 11 0.021483092 
74 142 8 10 0.021465804 
119 410 11 14 0.021435464 
1009 590 9 12 0.021401979 
1001 654 9 10 0.021286502 
660 730 10 13 0.021267274 
41 157 9 11 0.021259459 
805 673 18 23 0.02125735 
337 687 10 11 0.02120611 
333 734 14 17 0.021168854 
853 691 11 13 0.021159763 
791 480 7 8 0.021158792 
356 725 12 14 0.02112893 
810 679 19 22 0.021124085 
510 158 8 9 0.02110369 
884 740 11 13 0.021075178 
837 694 10 13 0.021067742 
817 408 8 11 0.020952595 
121 399 9 13 0.020951971 
494 747 13 17 0.020898106 
73 150 8 10 0.020891363 
33 723 13 16 0.020885982 
472 700 20 24 0.020859163 
452 749 13 14 0.020796115 
800 678 11 15 0.020784982 
481 110 8 10 0.020758593 
728 714 10 14 0.020755017 
729 368 7 9 0.020714933 
318 132 14 17 0.02071408 
393 678 8 10 0.020702709 
592 685 10 12 0.02069716 
801 357 9 11 0.020644246 
783 663 9 11 0.02064377 
775 480 8 9 0.020620514 
39 715 20 25 0.020568408 
772 419 11 14 0.02056021 
600 151 8 10 0.020549342 
572 708 11 15 0.020541523 
392 688 10 11 0.020477334 
96 694 10 11 0.020391006 
879 718 10 12 0.02036705 
991 664 9 13 0.020331357 
988 94 10 14 0.020285968 
405 734 10 13 0.02027637 
617 128 7 9 0.02026853 
147 415 13 16 0.020209594 
339 145 342 445 0.020176357 
735 345 8 9 0.020104358 
892 374 11 14 0.020016676 
