17_Ceremony_Ceremony_17_271
202
731 370 21 30 0.9490092 
604 375 15 22 0.68020225 
568 382 20 27 0.42953584 
513 387 22 27 0.2953228 
585 380 13 17 0.27465352 
225 604 45 52 0.18576413 
513 437 23 28 0.18366662 
100 520 45 60 0.13845114 
297 383 8 11 0.1263237 
172 548 28 39 0.12094546 
281 383 8 10 0.11584018 
377 573 32 38 0.11080574 
270 391 9 13 0.10800507 
218 421 14 18 0.10362753 
298 375 8 11 0.09603571 
577 382 16 21 0.095735975 
251 391 17 20 0.094710976 
260 392 13 19 0.09349691 
448 576 42 51 0.08355019 
163 631 107 129 0.07914891 
641 383 9 12 0.07177483 
185 599 30 56 0.068716735 
221 415 23 28 0.06823575 
297 387 9 12 0.06744011 
704 384 8 12 0.06368217 
470 566 29 39 0.062430635 
622 379 11 13 0.06178555 
597 423 17 20 0.061563637 
575 352 10 12 0.060059234 
239 327 9 12 0.05963958 
500 366 17 20 0.058796227 
751 466 24 27 0.05538344 
878 417 13 15 0.054722235 
711 383 10 12 0.054395366 
716 388 11 14 0.0542154 
433 576 37 49 0.053346656 
90 300 15 20 0.052535053 
623 389 13 16 0.051589955 
516 381 16 22 0.05140206 
692 375 9 11 0.05046069 
281 387 9 13 0.05016281 
222 335 9 11 0.048616294 
545 363 10 14 0.048559606 
246 389 15 19 0.047481824 
312 383 8 11 0.04575576 
487 243 12 16 0.04563055 
604 369 13 18 0.04539147 
218 413 13 16 0.044527613 
297 369 7 9 0.044076297 
642 373 9 11 0.043827616 
491 245 14 16 0.042524096 
282 366 7 10 0.042361505 
791 394 11 13 0.04202689 
483 377 13 17 0.041505504 
679 368 7 11 0.040484246 
742 420 15 19 0.0402914 
271 374 8 11 0.0401668 
750 473 13 15 0.03936577 
115 330 16 18 0.039073065 
302 368 7 9 0.038955003 
710 387 12 14 0.038929246 
640 388 10 12 0.03817503 
230 405 12 15 0.037998103 
719 396 12 14 0.037532546 
551 428 12 17 0.037488766 
212 349 12 14 0.037395846 
458 251 15 18 0.03722357 
301 388 10 12 0.03715931 
680 373 7 11 0.037142504 
707 403 12 15 0.036934026 
562 365 9 12 0.036706507 
696 390 9 11 0.035903316 
773 390 11 15 0.035823025 
627 373 9 13 0.035395864 
746 469 11 15 0.03501367 
245 373 11 12 0.034925234 
255 383 11 14 0.034908373 
230 396 10 14 0.034873042 
319 367 9 10 0.034742597 
712 376 8 11 0.034440845 
55 448 12 14 0.03403529 
224 389 10 13 0.033894293 
271 444 13 16 0.03367291 
716 380 12 15 0.03335984 
675 389 353 498 0.03334466 
110 317 24 28 0.033011448 
749 405 13 15 0.03287684 
748 453 13 14 0.03287373 
657 368 8 9 0.03244673 
119 519 29 41 0.032117803 
334 403 10 13 0.03210372 
721 404 10 13 0.03180037 
566 382 13 19 0.03174296 
742 335 10 12 0.03173417 
119 501 10 11 0.031570222 
610 653 49 72 0.031263247 
222 407 12 14 0.030921312 
603 393 14 18 0.030800762 
561 356 11 13 0.030574394 
873 435 9 12 0.03029087 
642 368 8 11 0.030057266 
344 384 8 10 0.029682372 
498 377 16 19 0.029626152 
682 382 8 11 0.02942312 
678 391 10 12 0.029348627 
301 383 9 11 0.029242527 
237 381 13 16 0.028992733 
108 314 18 21 0.028869994 
775 419 10 13 0.02875224 
285 367 8 9 0.028711611 
608 381 17 21 0.028332658 
752 344 11 13 0.027911337 
329 391 8 10 0.02785659 
570 328 8 10 0.02782158 
462 227 16 18 0.02760642 
278 344 9 11 0.027275894 
756 450 13 14 0.02717709 
234 325 10 13 0.02717597 
500 437 27 32 0.027074454 
490 378 16 18 0.02687038 
268 441 24 27 0.026775295 
712 673 48 66 0.026754178 
245 381 13 17 0.026691804 
278 394 11 15 0.026617043 
575 374 12 17 0.026605869 
245 400 16 18 0.026489118 
179 567 33 37 0.02627096 
142 613 53 72 0.026161589 
549 285 9 11 0.025915734 
891 446 13 15 0.025873376 
245 326 9 11 0.025733104 
580 374 15 19 0.02565672 
459 246 13 15 0.02542283 
766 431 12 15 0.025384413 
334 389 9 10 0.025272913 
87 541 55 67 0.02510099 
264 367 8 11 0.025083106 
720 344 8 9 0.025081836 
69 463 12 15 0.025017623 
185 555 28 31 0.024616979 
234 411 17 20 0.024578836 
523 381 14 19 0.02453462 
110 712 113 121 0.024522591 
230 389 10 14 0.024467845 
317 320 8 11 0.024399396 
567 257 9 10 0.024286242 
327 374 8 11 0.02422397 
479 243 12 17 0.024216304 
486 349 15 17 0.024012333 
485 570 13 20 0.023960685 
90 493 75 104 0.023909722 
110 382 10 12 0.023897631 
385 380 9 12 0.02374989 
209 348 10 14 0.023614902 
294 328 8 10 0.023602054 
345 390 8 10 0.023481458 
263 373 10 12 0.023456415 
563 349 13 16 0.02344703 
311 389 9 11 0.023289356 
313 367 8 10 0.023077935 
547 380 11 14 0.022935012 
334 383 9 12 0.022934014 
566 343 10 11 0.022548681 
754 348 12 14 0.022510964 
352 312 8 10 0.02246279 
788 428 14 16 0.022422234 
744 412 13 16 0.02217828 
559 271 10 12 0.022108579 
260 381 10 14 0.022058643 
209 614 69 82 0.021953555 
451 245 25 28 0.021916846 
445 252 13 14 0.021914843 
329 337 7 8 0.021911927 
762 469 14 17 0.021736322 
190 417 11 15 0.021720672 
791 515 11 14 0.02169743 
823 350 10 12 0.02167216 
560 381 12 16 0.021625225 
744 458 12 16 0.021584194 
815 390 10 12 0.021440173 
258 420 17 19 0.021384703 
330 381 9 12 0.021172738 
487 241 22 27 0.021165015 
645 389 10 13 0.021129554 
245 344 9 10 0.021083208 
759 525 11 14 0.021023922 
712 328 9 12 0.021004738 
773 451 12 15 0.020980561 
344 398 11 12 0.020951776 
767 451 12 14 0.020714933 
173 51 394 501 0.020707283 
401 572 35 50 0.020705398 
704 375 8 11 0.020684272 
827 380 11 13 0.02064591 
362 574 31 38 0.020473924 
686 380 10 12 0.020457571 
263 390 19 24 0.020446189 
231 332 9 12 0.020425243 
725 418 10 14 0.02041029 
772 405 11 13 0.020216016 
665 381 10 13 0.020165924 
603 447 18 19 0.020076213 
