17_Ceremony_Ceremony_17_765
245
89 473 36 57 0.9951734 
397 291 12 15 0.9850011 
377 397 22 35 0.96914005 
669 289 13 16 0.95776296 
874 299 15 20 0.94274056 
373 287 12 16 0.91277593 
324 295 11 15 0.88644534 
926 298 13 21 0.8550549 
794 284 17 23 0.8384314 
236 340 12 15 0.8353234 
137 309 10 14 0.82163495 
238 305 13 16 0.80640984 
78 305 12 15 0.7816237 
172 441 20 32 0.69032425 
716 286 12 18 0.6048752 
558 277 12 16 0.5879572 
140 340 14 17 0.4557302 
5 393 16 20 0.43675566 
424 288 7 9 0.3899624 
834 309 13 16 0.36421326 
107 403 16 20 0.29406777 
226 393 13 20 0.2691462 
288 369 11 16 0.20104256 
183 318 12 15 0.19671445 
231 440 21 35 0.18052241 
10 399 14 21 0.17606361 
81 338 14 17 0.1630421 
40 407 28 34 0.15688896 
124 396 12 16 0.14759624 
453 287 8 11 0.14712359 
358 307 9 12 0.14416815 
131 439 25 39 0.13362868 
210 384 15 19 0.12765568 
148 380 12 15 0.11797019 
4 405 17 24 0.11758492 
807 259 11 13 0.11522583 
222 333 9 14 0.1110556 
863 327 9 12 0.10742706 
177 326 11 14 0.10676064 
196 401 13 17 0.10565916 
244 396 16 19 0.08659709 
821 282 15 19 0.08527358 
341 382 11 15 0.08213222 
165 331 11 15 0.07992134 
147 386 17 20 0.07987235 
179 434 16 28 0.07181169 
82 413 15 25 0.06911816 
516 269 10 14 0.06804775 
160 333 11 14 0.06771954 
123 325 11 14 0.067712426 
783 269 9 11 0.067128465 
154 402 16 22 0.064473644 
250 402 17 21 0.06402282 
89 405 21 31 0.060311362 
218 386 17 25 0.06017484 
55 419 22 29 0.060106397 
230 334 13 16 0.058864906 
182 416 16 20 0.058476552 
384 307 9 12 0.058126714 
100 383 10 12 0.055426624 
865 349 10 14 0.054667518 
189 396 14 18 0.053684026 
86 256 9 11 0.05361586 
1 408 12 20 0.0530063 
766 274 10 13 0.05267438 
146 391 23 29 0.052671026 
561 280 15 18 0.052505743 
184 349 11 13 0.051664177 
212 391 16 20 0.050889965 
114 395 18 23 0.05069702 
765 288 9 11 0.050602853 
308 398 22 28 0.04993289 
206 392 14 19 0.049757436 
777 288 8 11 0.049401324 
331 426 15 23 0.04913412 
374 309 10 12 0.048243634 
144 325 10 12 0.047664113 
132 426 21 34 0.047591113 
783 301 12 15 0.047194365 
188 389 12 15 0.046996135 
85 324 12 14 0.046487108 
832 302 11 16 0.04632223 
764 294 10 12 0.045881636 
389 326 9 12 0.045435973 
880 294 18 21 0.045427684 
358 340 10 14 0.04537701 
108 413 15 20 0.0451825 
185 409 17 21 0.044752877 
184 238 10 14 0.04397116 
285 448 14 17 0.04302553 
200 264 388 443 0.042823743 
449 290 9 12 0.041676298 
238 393 13 18 0.041425142 
95 382 11 14 0.04127629 
324 322 12 15 0.040999778 
61 395 15 19 0.0401206 
110 308 9 12 0.039917428 
58 434 23 33 0.039470404 
729 364 8 10 0.039095826 
641 252 12 15 0.03907522 
366 404 17 21 0.038934495 
793 278 12 15 0.03862192 
513 296 9 12 0.03858224 
429 294 9 11 0.03856853 
671 312 10 11 0.038479757 
265 439 23 35 0.038370628 
141 315 9 11 0.037840445 
388 307 10 13 0.037545606 
151 319 8 11 0.03700914 
49 400 27 31 0.03690345 
245 446 25 34 0.036847167 
21 520 30 34 0.036791842 
784 308 12 14 0.036347624 
781 292 11 15 0.036267012 
160 316 9 12 0.03606873 
142 393 15 19 0.03596563 
401 327 9 12 0.03595507 
339 332 11 15 0.035449952 
140 422 23 33 0.034498595 
247 324 12 15 0.033698745 
829 290 13 17 0.033682376 
104 302 10 13 0.03349629 
134 305 17 23 0.03347625 
71 337 24 27 0.033081412 
103 469 33 47 0.03301455 
340 292 11 15 0.032734122 
8 302 8 9 0.032661118 
97 410 22 30 0.0326367 
70 338 16 17 0.03256357 
402 333 9 11 0.03254712 
781 287 10 13 0.03245958 
427 286 9 11 0.032196593 
155 380 13 17 0.032193597 
334 323 13 16 0.0320759 
399 307 11 14 0.03156013 
1005 365 11 15 0.031100595 
405 309 10 13 0.031059457 
354 333 10 14 0.030892009 
517 296 9 11 0.030851763 
132 395 13 18 0.030022433 
815 283 11 16 0.029895583 
289 251 12 15 0.029648088 
333 293 11 14 0.029641258 
93 294 10 12 0.029338134 
288 339 12 18 0.029225823 
384 319 9 12 0.029180676 
369 376 10 12 0.029168751 
51 394 17 22 0.02913402 
54 388 12 15 0.028872456 
333 311 11 14 0.028839659 
644 285 10 14 0.028740656 
868 371 9 12 0.028619565 
365 309 11 13 0.028525513 
179 424 19 27 0.028444998 
848 254 9 11 0.028232865 
161 312 8 10 0.028095027 
359 403 14 20 0.0280346 
334 376 22 30 0.028011955 
149 301 9 12 0.027953558 
782 276 10 12 0.027872821 
357 315 11 15 0.027450709 
146 375 11 15 0.027148811 
167 341 10 13 0.02711279 
36 328 9 11 0.02708101 
765 299 10 14 0.026943726 
0 391 14 20 0.026914535 
59 407 22 27 0.02690836 
862 331 13 17 0.02657936 
318 311 21 26 0.026268378 
863 304 13 17 0.026216652 
431 302 11 12 0.026183462 
390 331 9 12 0.026168214 
438 277 8 11 0.026148638 
802 278 14 19 0.025836743 
823 283 21 28 0.024918504 
160 288 9 11 0.024904713 
165 310 8 11 0.02486569 
419 287 9 11 0.024721948 
368 316 10 14 0.024501698 
166 304 9 11 0.02445733 
195 389 13 17 0.024428206 
365 346 10 13 0.02434927 
643 229 12 17 0.024331369 
415 301 11 14 0.024254037 
375 269 8 12 0.024235448 
315 316 15 18 0.024232946 
148 407 19 23 0.023906292 
172 340 11 15 0.023905763 
957 384 9 10 0.02369843 
553 237 10 13 0.023651376 
61 383 11 13 0.0233942 
64 338 12 15 0.023388458 
79 312 12 14 0.023336332 
418 292 9 11 0.023039166 
177 295 9 11 0.022876065 
119 391 13 16 0.022795754 
64 400 16 23 0.022740332 
202 401 15 18 0.022380233 
358 325 11 15 0.02203918 
386 387 16 24 0.02183594 
790 271 9 12 0.021833738 
387 516 13 16 0.021760121 
66 390 15 17 0.021663405 
280 442 24 28 0.02161455 
835 290 14 20 0.021598615 
418 477 16 17 0.021577863 
126 320 8 11 0.02149999 
413 307 11 13 0.021413827 
223 447 24 34 0.021406999 
778 270 8 11 0.021365546 
244 406 18 22 0.021322768 
440 255 9 12 0.021281907 
333 318 21 27 0.02126047 
562 271 13 15 0.021178782 
102 397 17 21 0.021147048 
88 294 10 13 0.021008799 
432 309 12 14 0.020989843 
806 265 13 16 0.020863205 
150 332 11 16 0.020811204 
453 215 9 11 0.020806435 
179 315 19 26 0.02071145 
871 295 13 19 0.020694476 
13 302 9 10 0.020686783 
47 397 12 17 0.020666802 
789 400 7 8 0.020629434 
405 317 9 12 0.020559931 
365 383 26 29 0.020515472 
152 415 19 23 0.020438528 
811 254 11 12 0.020399746 
34 332 8 11 0.020375168 
10 403 21 28 0.020352911 
165 317 9 12 0.02032212 
60 388 14 16 0.020282222 
140 446 30 35 0.020281741 
775 278 9 11 0.020230727 
990 407 8 9 0.020223819 
330 426 26 38 0.020192716 
828 299 20 26 0.020172128 
120 328 11 16 0.020141969 
823 307 13 16 0.020131158 
88 380 12 16 0.02012527 
371 381 11 13 0.020120524 
68 430 28 37 0.02010806 
864 292 11 16 0.020071713 
392 301 11 14 0.02004264 
