17_Ceremony_Ceremony_17_803
162
322 23 99 135 0.99961156 
942 173 26 32 0.9987514 
646 89 87 111 0.9969599 
92 140 24 30 0.99180824 
573 139 14 18 0.9819056 
597 123 14 18 0.9616055 
627 108 12 17 0.95751095 
492 131 13 17 0.93973076 
527 115 14 18 0.923173 
605 142 21 27 0.9048516 
632 151 18 25 0.9014702 
-4 69 112 240 0.8755301 
506 117 11 14 0.85085946 
149 124 14 19 0.8488431 
441 115 14 19 0.8108798 
123 125 17 21 0.77503437 
173 142 17 23 0.70329976 
568 117 12 14 0.67263895 
558 132 11 14 0.49376497 
541 157 15 22 0.38820866 
163 106 12 15 0.34788048 
418 114 13 18 0.32219362 
114 142 14 21 0.2863934 
205 109 8 10 0.28511173 
239 125 13 17 0.25809357 
161 71 8 10 0.24789388 
159 249 59 113 0.22869597 
208 130 11 15 0.19416404 
221 116 10 12 0.17846416 
525 203 16 18 0.1705424 
212 127 11 15 0.1569143 
480 121 10 14 0.1484167 
621 147 20 27 0.14629063 
215 94 9 12 0.13262784 
196 132 12 17 0.11563893 
222 132 9 11 0.11062283 
91 111 11 15 0.10071717 
151 232 109 157 0.08948187 
484 120 9 12 0.087446 
20 390 31 39 0.083454594 
105 143 17 23 0.08336727 
485 124 13 16 0.08096094 
186 75 8 10 0.060826153 
446 165 10 12 0.060241874 
507 156 12 16 0.058168337 
536 146 13 17 0.0577409 
510 135 10 13 0.0573396 
437 257 16 21 0.056729384 
509 151 10 13 0.0562345 
550 78 8 11 0.05550474 
223 113 10 11 0.054803558 
203 105 9 11 0.053919062 
478 157 10 14 0.05299521 
534 142 11 13 0.052572124 
524 163 14 16 0.049838543 
85 109 13 18 0.048779245 
633 132 12 15 0.048111007 
43 118 155 249 0.047994647 
577 134 15 18 0.04720234 
240 119 13 15 0.0466446 
497 281 13 16 0.04585922 
479 152 9 12 0.045745417 
534 154 16 22 0.04435311 
555 261 10 13 0.044330355 
540 149 13 17 0.043855444 
220 123 12 17 0.042938408 
12 365 41 50 0.041979954 
229 105 8 10 0.041573018 
461 165 10 12 0.04108455 
508 198 11 16 0.038248952 
581 120 11 13 0.038230646 
149 133 15 20 0.03770064 
110 122 14 17 0.036779966 
198 118 11 13 0.036220428 
583 124 12 15 0.035861917 
576 255 11 14 0.03557426 
228 110 9 11 0.035445012 
504 202 13 17 0.03521279 
571 122 13 16 0.035054136 
173 134 12 16 0.03468882 
600 253 12 15 0.03423889 
575 159 11 15 0.03409683 
463 120 10 12 0.0334258 
429 112 18 23 0.033119895 
175 61 8 11 0.032639466 
467 124 12 15 0.032487404 
144 130 14 18 0.03240119 
510 237 9 12 0.032321706 
218 113 9 10 0.032095313 
492 237 11 14 0.031674426 
202 126 19 24 0.031206176 
107 105 13 15 0.030877747 
635 137 14 19 0.03053519 
160 74 10 13 0.030409548 
561 118 10 13 0.030085694 
555 156 11 16 0.029752495 
103 123 13 15 0.02972213 
448 184 8 11 0.02920279 
240 120 21 27 0.028935999 
592 133 36 51 0.02860362 
215 112 20 26 0.028551312 
5 24 95 166 0.028473262 
141 137 13 17 0.028010827 
552 111 9 13 0.027923344 
539 201 13 18 0.027856817 
551 148 12 16 0.027805384 
530 197 16 20 0.02734327 
558 112 10 12 0.027055109 
207 117 10 13 0.026793499 
484 272 16 22 0.026633967 
456 165 10 13 0.026443908 
519 203 12 17 0.026376419 
544 69 8 12 0.026334321 
480 271 11 15 0.026190987 
102 108 13 14 0.026020644 
504 229 10 14 0.025872545 
193 137 11 14 0.025837857 
430 233 11 16 0.025651641 
636 128 13 17 0.025627283 
423 196 10 14 0.025567655 
132 120 12 14 0.025410099 
184 174 10 14 0.025199302 
845 -4 73 88 0.024871385 
200 102 18 24 0.024612732 
175 56 7 10 0.024480352 
523 124 10 13 0.024404373 
216 150 10 12 0.024402358 
445 197 11 14 0.024393465 
191 62 8 10 0.024170935 
591 202 14 18 0.023775203 
883 253 17 20 0.02369073 
189 72 8 11 0.023631772 
245 112 10 12 0.023609538 
441 165 11 13 0.023534413 
540 116 11 14 0.023221951 
155 118 12 15 0.022740906 
581 11 101 135 0.02267113 
439 235 11 15 0.02237219 
526 220 12 15 0.0222302 
454 123 11 15 0.02222247 
197 149 10 13 0.021710206 
504 152 9 12 0.02160332 
440 222 9 11 0.021554317 
555 127 19 24 0.02149909 
184 62 8 10 0.021249078 
491 209 14 19 0.021230035 
168 93 9 12 0.021212054 
567 197 12 15 0.021159152 
109 129 20 25 0.020996923 
480 205 12 14 0.020943364 
211 93 9 11 0.02087512 
638 120 24 39 0.020819642 
189 148 12 15 0.020761471 
534 135 9 11 0.020640224 
524 177 16 18 0.020614032 
498 132 12 16 0.020608023 
470 119 11 13 0.02055781 
472 112 9 10 0.020445794 
527 131 10 14 0.020439759 
530 207 16 18 0.020300739 
524 169 15 18 0.020253576 
540 315 11 15 0.020024057 
