17_Ceremony_Ceremony_17_444
21
314 227 364 504 0.99983597 
228 521 536 497 0.18426709 
775 1382 11 14 0.13812244 
734 1358 8 10 0.05737259 
903 23 89 115 0.04709915 
10 974 98 140 0.044568002 
46 982 114 148 0.039706957 
799 1400 7 11 0.03583617 
751 1437 12 15 0.035320785 
551 1482 52 53 0.027986616 
724 1440 11 13 0.027468491 
782 1348 9 11 0.026811339 
768 1334 8 11 0.026628446 
1 54 396 481 0.023827884 
75 662 604 492 0.022363113 
793 1406 10 11 0.022237062 
213 233 298 463 0.022028122 
470 1482 58 55 0.02171598 
791 1342 9 12 0.021708304 
784 1414 8 11 0.021511901 
461 1501 33 34 0.021308864 
