17_Ceremony_Ceremony_17_46
69
107 122 18 23 0.90367293 
266 143 16 24 0.8991496 
65 132 17 21 0.4635742 
749 243 9 12 0.19197485 
889 363 11 14 0.13060647 
817 307 10 13 0.11116038 
681 136 8 10 0.09019917 
109 199 10 13 0.08056417 
454 145 8 9 0.07893344 
703 167 8 11 0.070950046 
695 152 8 9 0.06426677 
473 144 9 11 0.062159915 
270 149 19 24 0.061665244 
462 128 9 11 0.057709556 
357 277 10 13 0.056342147 
710 128 7 9 0.05239966 
487 152 7 9 0.04701927 
73 179 17 17 0.04680662 
698 133 8 10 0.043747656 
704 135 8 9 0.042952586 
719 158 9 10 0.04057497 
225 368 8 11 0.038796876 
471 149 8 10 0.037231427 
227 373 11 13 0.036352728 
229 368 8 10 0.035636943 
701 160 8 10 0.035450604 
422 152 8 10 0.03497836 
457 128 9 11 0.034639988 
425 143 7 9 0.033996668 
477 143 8 10 0.032559164 
713 151 7 9 0.03203054 
762 269 14 17 0.031940263 
466 152 7 9 0.030822122 
72 130 15 20 0.030745368 
710 133 7 10 0.030402476 
710 169 8 10 0.029304663 
776 256 9 12 0.028782327 
296 304 9 11 0.028661655 
680 153 9 10 0.02857766 
685 173 9 11 0.028180862 
662 142 9 11 0.027075507 
687 169 7 10 0.02706632 
705 128 8 10 0.026048684 
809 309 10 14 0.026043348 
1013 477 9 15 0.025699275 
-37 -30 426 489 0.025497995 
727 158 7 11 0.02486742 
449 150 8 10 0.024792245 
433 143 8 9 0.024635967 
685 140 7 10 0.02450816 
437 143 8 10 0.024427552 
687 153 8 10 0.02425152 
448 128 8 10 0.02396587 
909 344 9 10 0.023847513 
439 135 8 10 0.023841355 
487 157 8 11 0.023708723 
718 144 8 9 0.02236611 
469 126 9 11 0.022325763 
426 137 7 10 0.021957131 
729 153 7 10 0.021817219 
53 134 29 31 0.021775438 
891 366 14 18 0.021774005 
929 334 10 12 0.021752449 
705 140 8 10 0.02159335 
438 158 8 10 0.020675717 
718 152 8 10 0.020664172 
59 125 19 21 0.02053689 
64 179 34 37 0.020446954 
217 366 8 10 0.020370267 
