17_Ceremony_Ceremony_17_668
44
660 192 112 140 0.99987686 
227 100 139 193 0.99921954 
798 218 87 142 0.22916123 
44 105 22 28 0.12718447 
434 317 27 31 0.09044193 
33 103 23 29 0.082847536 
37 207 26 29 0.0771024 
437 282 27 33 0.066244856 
555 140 16 19 0.060029507 
51 98 15 24 0.057018045 
439 732 59 60 0.047558833 
789 251 62 92 0.04547298 
450 724 39 46 0.04145606 
393 264 27 31 0.041244596 
40 222 19 21 0.04102523 
588 354 85 112 0.040266886 
410 728 25 30 0.03832076 
53 242 15 20 0.03718167 
376 234 45 59 0.037013706 
22 101 20 30 0.036632963 
13 101 12 17 0.036230743 
439 316 36 51 0.035607703 
76 291 15 17 0.035440825 
870 263 38 48 0.034853064 
538 139 13 17 0.033000994 
432 296 29 35 0.0314349 
56 107 16 23 0.029518118 
591 6 13 15 0.029191524 
459 701 56 57 0.028802956 
29 213 26 29 0.028601423 
25 202 26 30 0.028323665 
488 694 45 53 0.027611803 
776 123 216 270 0.02670451 
51 115 17 23 0.025683528 
43 195 25 31 0.025464794 
42 164 14 17 0.023945557 
24 113 24 27 0.02356657 
550 145 24 28 0.023535501 
0 245 10 16 0.0226078 
122 155 10 12 0.022602879 
617 267 44 64 0.022397725 
545 129 26 32 0.021859372 
453 332 15 19 0.020510351 
45 120 15 20 0.020356046 
