17_Ceremony_Ceremony_17_113
45
353 208 116 135 0.999977 
609 169 117 158 0.99994993 
953 293 17 22 0.9846727 
764 251 20 33 0.9739624 
529 284 23 36 0.9511013 
825 301 26 36 0.8733537 
739 272 22 33 0.5712423 
285 288 25 44 0.4575359 
245 306 19 34 0.37251574 
853 273 16 22 0.22757079 
818 298 16 24 0.120311774 
1005 290 17 22 0.11708927 
899 275 15 19 0.11381863 
1005 282 15 18 0.105773754 
837 314 26 31 0.104160346 
858 266 16 21 0.093900256 
982 318 14 22 0.09256183 
939 363 15 18 0.08256466 
997 301 21 28 0.061112083 
932 345 14 18 0.053984933 
167 317 27 48 0.05390656 
233 306 36 60 0.05065157 
998 298 15 19 0.04385778 
746 264 26 35 0.04127976 
989 314 23 29 0.03897268 
857 271 25 30 0.0375885 
264 287 38 60 0.03562888 
972 328 16 20 0.03211739 
758 296 14 19 0.03047634 
885 323 25 33 0.030273719 
964 344 13 18 0.029023603 
751 245 37 54 0.026245514 
564 289 15 21 0.024458267 
884 273 14 20 0.02373181 
895 273 13 18 0.023487285 
924 309 14 17 0.023022952 
735 262 44 57 0.022776738 
848 316 25 31 0.022619553 
1010 277 13 18 0.022595502 
805 241 14 19 0.022587221 
970 337 16 20 0.022487724 
940 285 21 26 0.022011992 
931 280 19 24 0.021247497 
931 351 20 27 0.02038773 
564 273 11 15 0.020150186 
