17_Ceremony_Ceremony_17_418
432
715 169 25 29 0.99432915 
88 135 26 32 0.9904792 
659 125 17 22 0.9865584 
251 107 19 23 0.9684226 
508 114 23 27 0.95483965 
586 131 16 19 0.95151806 
787 193 25 30 0.95075476 
557 178 25 34 0.94814646 
971 224 15 18 0.9449059 
627 133 16 20 0.94435084 
147 166 22 27 0.9427503 
468 124 17 21 0.94069844 
763 130 17 20 0.9245423 
170 112 17 21 0.9211423 
205 123 21 26 0.91421515 
869 141 13 17 0.83160967 
702 127 17 22 0.79531515 
28 152 29 34 0.7881396 
927 249 23 35 0.7733128 
696 154 17 21 0.7292928 
118 89 10 13 0.72574246 
278 138 15 19 0.7135248 
949 198 16 19 0.7108556 
983 154 13 15 0.6939047 
62 94 11 15 0.6859717 
684 133 15 19 0.68579704 
364 126 16 20 0.6791661 
13 120 22 28 0.6724224 
490 162 46 58 0.6723345 
983 126 12 14 0.6365462 
785 286 28 38 0.5831652 
941 132 10 13 0.574588 
1006 152 10 12 0.5638654 
969 250 24 41 0.5584229 
566 126 12 16 0.5433359 
354 152 18 22 0.5235606 
381 116 16 18 0.5156248 
860 109 11 14 0.48324046 
133 141 11 15 0.46052969 
127 68 10 13 0.4509399 
317 117 16 19 0.43343273 
299 146 18 23 0.42673907 
788 147 15 18 0.4090202 
933 169 13 17 0.40250936 
995 206 14 17 0.3836096 
747 222 27 38 0.3736372 
81 201 39 58 0.36368752 
967 127 11 12 0.3175731 
956 216 13 16 0.30063125 
341 156 15 18 0.2847151 
810 150 22 30 0.27893203 
582 104 11 14 0.25119185 
67 94 13 16 0.24933234 
416 126 23 27 0.2273679 
292 105 13 16 0.22308132 
689 128 20 25 0.20822598 
260 218 16 24 0.19693393 
934 158 13 16 0.1930332 
298 81 14 17 0.19191672 
709 114 16 19 0.17671236 
304 140 19 24 0.1746133 
278 167 16 19 0.17196523 
906 132 9 12 0.16636583 
710 243 26 33 0.16628894 
238 157 13 18 0.16594152 
939 126 10 13 0.15462132 
893 129 8 10 0.15305962 
159 135 11 14 0.14591406 
455 137 26 31 0.14543898 
170 144 14 18 0.1444646 
113 116 11 14 0.14437972 
151 96 10 12 0.14186552 
480 99 11 14 0.13920392 
73 77 12 14 0.13630559 
297 152 12 16 0.13504906 
934 261 30 37 0.13270749 
207 97 15 17 0.12595019 
653 155 11 14 0.113115035 
720 239 26 35 0.11029264 
1013 205 10 16 0.10163385 
42 152 25 34 0.098167725 
276 233 364 466 0.097437315 
983 206 13 16 0.09665687 
968 151 10 12 0.09175496 
960 327 27 41 0.0913326 
312 116 14 17 0.090690315 
276 184 15 18 0.090185724 
1013 173 8 11 0.08888564 
854 163 13 17 0.08800793 
378 136 15 19 0.08553162 
117 199 16 22 0.08519536 
92 83 13 16 0.08213521 
536 82 375 455 0.081646085 
733 230 28 36 0.07905599 
943 138 9 12 0.07903211 
462 127 26 32 0.07811579 
516 161 44 55 0.077470735 
963 174 10 13 0.07744981 
456 107 11 15 0.07723727 
1001 174 10 14 0.07660983 
957 142 11 13 0.07303023 
989 120 11 15 0.07276596 
334 93 11 15 0.0715902 
407 102 12 15 0.071414016 
460 103 10 14 0.07002219 
452 144 17 18 0.06869809 
188 125 14 16 0.06825155 
301 180 12 16 0.068115234 
17 138 34 43 0.065929644 
1003 204 13 17 0.06551241 
890 132 9 11 0.065232955 
752 137 13 18 0.065120935 
184 85 11 14 0.06472206 
570 128 14 18 0.064335965 
292 137 20 25 0.06425517 
699 142 22 26 0.06403415 
808 160 14 19 0.06341787 
981 172 10 12 0.062984765 
875 165 13 16 0.06280836 
419 144 17 21 0.062028036 
307 187 15 20 0.061865635 
818 148 17 23 0.061507 
928 171 13 17 0.061451245 
555 150 22 27 0.06136546 
298 495 116 130 0.059836578 
509 86 10 13 0.05959487 
348 158 16 20 0.058739614 
336 155 13 16 0.058222234 
565 149 15 19 0.05787221 
959 149 10 13 0.05683684 
556 139 11 15 0.056669705 
140 191 21 30 0.056120068 
533 123 15 18 0.055975266 
170 249 17 21 0.0558229 
1004 179 11 14 0.055654567 
581 154 16 20 0.055525668 
823 139 12 15 0.0551147 
392 94 11 12 0.055034168 
965 163 11 14 0.05468025 
487 157 27 36 0.05450992 
80 64 9 12 0.052688785 
205 108 17 19 0.052461494 
174 171 11 15 0.05246139 
1002 167 9 12 0.052369792 
581 77 16 20 0.051959984 
75 97 12 15 0.051587194 
979 250 17 25 0.05146384 
339 164 16 21 0.051179223 
949 210 16 19 0.05105618 
504 87 11 14 0.050568033 
850 142 15 22 0.048943695 
76 141 16 20 0.04789507 
974 126 10 13 0.047323763 
197 80 14 18 0.04696431 
336 291 225 268 0.04685752 
70 83 14 16 0.046396494 
978 259 25 34 0.046046868 
333 169 15 20 0.045837216 
497 145 34 38 0.045753743 
371 138 21 28 0.04548402 
520 91 11 13 0.04536829 
124 91 10 13 0.045046095 
702 155 23 28 0.044879224 
538 100 10 13 0.044494197 
153 194 13 18 0.044327024 
277 173 20 25 0.044234592 
976 165 10 12 0.044169895 
146 179 22 31 0.043295424 
990 198 12 15 0.042523924 
376 91 10 13 0.042384047 
582 146 14 17 0.04155716 
548 159 16 23 0.041361075 
455 93 9 12 0.04135879 
395 137 14 17 0.04126678 
780 203 29 34 0.041078027 
824 135 10 12 0.04098303 
335 87 10 12 0.040761463 
811 166 16 20 0.040551294 
104 70 9 11 0.04035149 
99 83 11 15 0.04011414 
479 147 26 35 0.039564256 
781 137 20 26 0.03930691 
484 96 11 13 0.039172433 
963 180 11 12 0.03916075 
7 9 96 117 0.03905317 
965 203 12 15 0.03900847 
62 103 14 19 0.03877464 
569 150 24 32 0.03872955 
467 138 27 34 0.038530625 
127 143 14 19 0.038185593 
649 178 15 17 0.03804088 
327 148 11 17 0.03792213 
178 248 16 22 0.037185006 
52 164 16 23 0.037068456 
448 140 15 18 0.037045337 
1002 156 10 12 0.037044305 
736 98 13 16 0.036894232 
230 117 11 16 0.036585324 
851 134 12 16 0.036568504 
67 146 16 20 0.03636493 
243 130 17 20 0.036221802 
753 240 19 27 0.036215257 
145 99 10 15 0.036150847 
332 178 13 17 0.036065772 
772 204 15 20 0.035968203 
383 134 22 26 0.035833005 
57 92 19 25 0.035679296 
258 132 13 17 0.035675798 
486 139 26 33 0.03562139 
951 156 10 12 0.035540815 
213 148 11 14 0.035509482 
117 112 11 14 0.03545526 
329 93 11 14 0.035444237 
920 151 8 10 0.03529357 
473 96 9 12 0.035198245 
443 101 12 15 0.03506549 
136 86 9 11 0.03487545 
594 152 14 19 0.034778632 
813 141 11 14 0.03450624 
157 142 20 25 0.034484312 
856 112 12 16 0.03446494 
60 147 16 21 0.0344419 
77 69 12 14 0.034429904 
265 215 22 30 0.03440685 
271 131 15 20 0.034167867 
960 133 10 12 0.033816986 
995 263 15 22 0.033502724 
798 135 10 13 0.03348477 
645 132 12 16 0.03305872 
585 159 17 21 0.033043638 
919 173 11 14 0.032964237 
318 47 9 12 0.032794535 
295 178 13 17 0.03274125 
1006 186 11 13 0.03266825 
1014 125 9 12 0.032481 
1003 146 19 22 0.03237324 
339 98 14 17 0.03228886 
491 130 14 17 0.03220905 
849 127 8 11 0.032205693 
595 136 14 18 0.032079287 
991 174 9 11 0.03207056 
499 115 41 48 0.031894047 
284 157 13 17 0.03186135 
963 213 14 17 0.03182585 
562 168 25 33 0.031782933 
1 265 34 49 0.03152997 
188 118 12 16 0.031405624 
444 144 28 30 0.03131925 
453 112 13 16 0.03124021 
84 68 9 13 0.031110266 
76 80 13 17 0.031094408 
1014 166 10 14 0.03077562 
750 145 14 19 0.030314872 
770 127 14 17 0.030239265 
122 67 11 15 0.030164761 
894 171 11 14 0.030104486 
5 121 16 22 0.030090565 
950 257 27 34 0.029874707 
315 128 15 20 0.029852 
783 303 16 22 0.029819934 
227 198 14 16 0.02970542 
126 74 10 13 0.029704554 
571 147 15 18 0.0296708 
964 257 19 27 0.02940323 
132 135 19 24 0.029319763 
807 136 10 13 0.029282968 
312 144 16 20 0.029203163 
559 130 13 18 0.029063886 
794 140 13 19 0.029004008 
942 121 10 12 0.028995888 
151 66 15 18 0.028828552 
997 133 11 13 0.028720126 
975 157 10 13 0.028646206 
120 78 11 13 0.02858241 
362 134 18 21 0.028450716 
111 63 9 13 0.028342236 
269 159 21 27 0.028328588 
147 156 19 21 0.028173674 
214 211 23 25 0.028059639 
760 228 30 36 0.028004993 
380 92 11 14 0.02798576 
116 122 10 13 0.027978562 
988 244 15 20 0.02761966 
1010 155 12 15 0.027600499 
784 151 14 18 0.027592843 
753 128 21 26 0.027590066 
448 93 10 13 0.027536182 
579 90 17 21 0.027428601 
999 100 10 12 0.027397465 
321 109 15 19 0.027321793 
973 149 10 15 0.027296389 
107 189 39 51 0.02722262 
278 54 10 13 0.027202716 
988 238 12 14 0.026992315 
788 163 13 16 0.02693949 
446 114 13 17 0.026939465 
887 189 11 15 0.02693481 
780 132 12 16 0.026879169 
86 79 12 16 0.02675788 
742 280 28 35 0.026661353 
115 83 18 22 0.02663385 
707 122 20 24 0.026604168 
938 126 18 23 0.02658715 
312 68 9 13 0.026575347 
1010 149 11 14 0.026478015 
138 133 12 16 0.026459405 
156 70 17 20 0.02629561 
332 150 13 17 0.026235342 
178 139 14 18 0.026215538 
477 106 13 15 0.026135573 
990 248 24 35 0.025905877 
476 95 19 23 0.025892971 
347 100 15 17 0.025782803 
939 149 12 15 0.025688251 
825 146 16 21 0.025640322 
414 151 14 19 0.025633596 
101 202 29 40 0.025617579 
492 153 18 23 0.025607845 
62 123 15 19 0.025532555 
581 166 17 23 0.025517613 
794 151 14 18 0.025373802 
133 92 11 14 0.025353795 
106 63 10 14 0.025224902 
6 111 41 51 0.025218256 
858 167 15 19 0.025135193 
820 184 15 18 0.025120774 
807 147 13 18 0.024855364 
299 88 15 19 0.024795296 
298 178 22 27 0.024772774 
485 166 13 21 0.024718659 
974 191 9 11 0.024675164 
335 80 9 11 0.024566583 
141 84 11 12 0.024486227 
960 166 11 14 0.024413781 
164 170 13 17 0.024338622 
508 157 33 40 0.024237636 
770 241 17 21 0.02423406 
853 98 21 26 0.024226237 
143 78 10 13 0.024182977 
448 88 9 10 0.023937313 
739 93 11 14 0.023899317 
1008 124 9 11 0.023874445 
794 210 24 34 0.023807988 
955 223 16 18 0.023795154 
981 163 12 14 0.023768663 
918 202 12 16 0.02374145 
238 97 13 17 0.02371398 
934 197 10 13 0.023711875 
492 124 11 16 0.02358754 
955 191 12 14 0.023586292 
278 59 11 15 0.023486804 
1012 178 10 13 0.02343858 
178 120 14 18 0.023381215 
815 178 15 18 0.023349455 
524 85 10 12 0.023318328 
461 114 20 25 0.023311365 
254 147 14 16 0.023309162 
313 51 11 13 0.023298869 
251 135 17 19 0.023260172 
405 133 12 15 0.023248233 
540 107 11 13 0.023107434 
157 110 11 14 0.022996308 
587 106 11 14 0.022987776 
123 154 14 19 0.022956345 
269 53 10 13 0.022908896 
146 93 20 24 0.022858936 
852 125 11 14 0.022713896 
301 99 12 16 0.022705704 
414 136 16 19 0.022644447 
495 130 28 33 0.022629227 
676 145 16 21 0.022548841 
420 169 33 39 0.022468371 
973 216 14 16 0.022409892 
87 116 24 28 0.022371115 
474 160 25 32 0.022339763 
445 106 13 17 0.02233269 
861 218 15 17 0.022287283 
1007 119 9 12 0.022279413 
494 93 10 12 0.022235284 
394 69 10 12 0.022216573 
749 259 28 33 0.022198817 
573 140 13 17 0.02215698 
317 69 9 12 0.022097806 
24 121 15 22 0.022040784 
301 159 13 17 0.021936731 
951 141 9 12 0.021904264 
1015 140 10 14 0.021889932 
455 103 20 25 0.021874199 
634 126 15 17 0.021847218 
77 191 30 40 0.021716269 
968 325 19 23 0.021615796 
479 87 9 11 0.02157297 
611 130 14 18 0.021497056 
313 178 15 21 0.021484088 
582 139 24 26 0.021449093 
603 130 15 19 0.02134968 
216 127 16 19 0.021269388 
520 81 9 12 0.021243809 
354 139 24 30 0.02117581 
902 187 14 15 0.021152167 
294 186 14 18 0.021082493 
301 208 15 19 0.021061027 
790 135 11 15 0.021057537 
1016 130 10 14 0.021036532 
286 55 11 14 0.021026801 
476 147 74 96 0.020994674 
993 180 10 12 0.020926176 
59 137 16 22 0.020900652 
325 98 14 17 0.020842634 
911 150 9 11 0.020775057 
990 190 11 13 0.020747341 
366 429 40 50 0.020703655 
772 130 22 27 0.020678902 
1005 263 15 22 0.02061744 
70 89 21 24 0.020575704 
976 291 31 39 0.020523977 
456 88 9 11 0.020478154 
140 164 20 24 0.02041193 
964 141 13 15 0.020385968 
496 87 10 12 0.02038076 
466 141 45 53 0.020355754 
249 169 20 27 0.020304859 
307 133 16 19 0.020296486 
121 62 20 24 0.020269508 
274 125 21 25 0.020230222 
908 184 10 12 0.020197341 
496 474 39 28 0.020157512 
641 125 21 28 0.020156033 
605 45 99 116 0.020104853 
884 168 15 18 0.020078592 
937 140 10 13 0.020032959 
167 203 11 15 0.020009046 
