17_Ceremony_Ceremony_17_227
306
262 493 11 14 0.9674035 
957 465 12 16 0.7854706 
436 722 19 22 0.7349526 
573 458 12 17 0.5880701 
311 493 10 14 0.57966393 
165 495 11 14 0.57275534 
911 451 11 14 0.45533022 
486 685 13 17 0.27069145 
523 740 19 20 0.26757282 
627 717 17 19 0.26499152 
113 495 10 14 0.2548018 
542 658 17 21 0.22692744 
388 731 13 16 0.21186449 
653 485 11 14 0.20616575 
984 634 15 18 0.20073093 
854 749 14 16 0.18738998 
435 656 13 16 0.15413556 
827 693 15 22 0.14937943 
460 725 15 19 0.14047137 
555 747 16 16 0.12738806 
245 488 9 12 0.12736994 
258 470 8 12 0.124781445 
634 659 14 17 0.11373876 
297 509 9 12 0.11254141 
502 681 17 20 0.111024156 
364 674 14 18 0.108013086 
715 697 14 17 0.10517274 
876 612 15 18 0.10276754 
515 719 16 19 0.10196541 
629 653 15 17 0.09737636 
254 733 28 31 0.09444711 
1003 627 17 22 0.093099445 
586 642 14 19 0.09281108 
890 735 15 21 0.08771841 
726 699 15 20 0.0864855 
32 711 35 34 0.08587926 
802 676 24 29 0.083829045 
467 713 16 20 0.08360141 
832 683 20 29 0.08139178 
532 697 18 22 0.08027212 
414 644 11 13 0.07989947 
747 640 21 26 0.07974362 
964 752 14 16 0.07530027 
963 625 22 27 0.07434416 
864 657 18 20 0.07429507 
609 690 16 20 0.07398269 
373 672 13 16 0.073656276 
674 689 16 18 0.07316401 
929 652 18 22 0.07282165 
215 519 9 13 0.07047134 
708 708 16 19 0.06973742 
446 722 21 24 0.068879195 
313 511 8 11 0.0681934 
981 697 15 19 0.067437366 
374 691 14 18 0.06678058 
470 645 13 15 0.065436386 
716 708 13 17 0.06442109 
685 729 15 19 0.06366353 
808 706 18 22 0.06319947 
318 502 8 11 0.062872 
326 510 8 11 0.060350783 
154 525 10 13 0.06000024 
499 660 15 18 0.05980835 
478 656 17 21 0.059805557 
749 725 17 21 0.05947387 
569 712 18 21 0.05895115 
464 698 17 20 0.058655288 
527 684 15 18 0.058345225 
390 700 15 19 0.056821246 
276 509 9 13 0.056354303 
244 476 9 12 0.05627353 
286 643 43 48 0.05449095 
269 500 10 14 0.053903107 
490 688 14 17 0.053307675 
748 637 14 17 0.052795682 
947 675 17 21 0.052233405 
320 511 8 11 0.05222729 
472 636 12 15 0.052058037 
205 515 12 15 0.051946845 
157 517 10 12 0.05167732 
929 437 9 12 0.05159197 
197 513 14 16 0.051063213 
261 478 9 12 0.050598733 
577 679 16 20 0.05048278 
887 471 9 12 0.049553588 
184 659 12 16 0.04933002 
644 661 13 15 0.049019784 
454 660 12 15 0.04863718 
999 621 13 16 0.048540592 
158 529 10 13 0.04822059 
906 451 10 14 0.047715522 
928 420 9 13 0.047077373 
1011 689 12 19 0.046776786 
917 736 12 17 0.046575524 
669 698 16 19 0.046041608 
909 731 15 20 0.045722965 
415 721 16 20 0.044804804 
628 663 15 18 0.04446359 
606 650 17 20 0.044393886 
215 498 8 12 0.043901294 
413 662 14 18 0.043579865 
303 518 8 10 0.04290763 
297 504 9 11 0.04245133 
568 661 12 14 0.042025894 
731 707 14 18 0.041822933 
871 612 13 15 0.041792605 
357 721 15 19 0.04173831 
1013 486 8 11 0.041540373 
167 504 11 14 0.04147082 
790 688 17 23 0.0414035 
997 632 15 19 0.041261178 
533 723 15 18 0.04113341 
926 644 14 18 0.040986132 
312 517 8 10 0.040941976 
274 660 16 21 0.040276363 
583 651 14 15 0.04023991 
838 675 12 17 0.040097855 
977 675 15 19 0.040093545 
924 731 21 29 0.040040743 
644 706 18 20 0.039932765 
665 473 8 10 0.039900724 
928 444 9 12 0.03986985 
629 646 14 15 0.039549492 
52 710 12 17 0.0393143 
643 668 15 17 0.03926287 
634 707 23 24 0.039257396 
379 671 14 17 0.03918251 
452 676 13 16 0.039028026 
885 641 17 21 0.038625482 
532 730 16 20 0.038175896 
447 659 11 15 0.03805511 
929 428 9 13 0.038026635 
191 515 12 14 0.03760068 
637 202 103 125 0.037204012 
898 736 16 18 0.036971476 
367 663 10 12 0.03613428 
511 662 12 15 0.036053635 
574 737 14 18 0.035760723 
911 458 11 12 0.03488892 
715 687 12 15 0.03461493 
622 658 15 18 0.034360446 
933 731 17 20 0.034341983 
206 524 11 13 0.03378974 
847 750 13 15 0.033759575 
949 663 17 21 0.03343744 
206 673 15 18 0.0333312 
802 731 16 19 0.033325486 
915 446 10 14 0.033186454 
517 729 21 24 0.033003613 
0 723 13 20 0.032995835 
523 721 15 18 0.03287008 
573 654 11 14 0.03263505 
408 645 11 14 0.032597475 
623 667 14 18 0.032425962 
248 284 465 490 0.032237437 
318 516 9 10 0.03210766 
908 644 15 19 0.032057084 
1010 631 13 21 0.0315457 
431 669 13 16 0.031449337 
927 414 9 12 0.031146446 
38 709 14 18 0.030990362 
626 750 17 17 0.030851033 
858 599 9 11 0.030745508 
543 646 12 13 0.030669345 
364 732 15 19 0.030335616 
249 704 15 18 0.030280361 
412 652 14 15 0.029786251 
363 725 14 18 0.02971935 
13 698 50 56 0.029593939 
861 742 11 15 0.029147029 
365 689 13 17 0.029140873 
362 716 13 17 0.029087713 
159 511 10 12 0.029028352 
703 714 15 18 0.028583972 
241 470 10 14 0.028453179 
740 713 11 17 0.028394382 
498 654 14 16 0.028332775 
627 727 18 20 0.028307987 
579 687 17 20 0.028236672 
276 503 10 12 0.028099379 
927 451 10 13 0.027922155 
871 649 22 25 0.02781154 
182 655 23 27 0.027774666 
434 675 12 16 0.027732508 
943 679 14 19 0.027703011 
1007 683 14 21 0.027634533 
515 659 15 16 0.02758737 
181 530 12 15 0.027403409 
866 628 14 17 0.02723805 
530 708 22 26 0.027145185 
621 674 14 17 0.02713793 
173 507 11 13 0.027053054 
635 748 17 18 0.02703134 
1 720 25 37 0.026920404 
87 524 10 15 0.026812946 
886 743 14 18 0.026805593 
910 723 15 19 0.026516428 
662 676 12 14 0.02649578 
726 712 15 19 0.026339332 
916 647 14 19 0.026326103 
277 516 10 12 0.026318118 
379 695 20 25 0.02615809 
531 678 14 17 0.02608712 
929 746 20 20 0.026000794 
990 633 25 30 0.02594204 
44 709 15 19 0.025890337 
686 699 13 18 0.025823608 
407 651 12 15 0.025773188 
475 705 13 18 0.025708683 
591 640 21 26 0.025648717 
254 525 12 14 0.025515337 
543 640 10 11 0.02548534 
425 643 24 28 0.025406318 
660 682 12 16 0.025341822 
797 738 16 19 0.025270406 
670 445 9 13 0.025170406 
361 681 15 20 0.024988307 
340 690 15 19 0.02493427 
480 688 14 18 0.024789754 
949 486 9 11 0.024776792 
199 665 27 31 0.024691705 
560 200 10 14 0.024598142 
967 487 8 11 0.024592508 
300 665 18 21 0.024547666 
663 476 9 11 0.02445417 
281 657 23 27 0.024338806 
493 664 15 19 0.02417561 
488 673 19 25 0.024135768 
982 657 26 30 0.024099287 
383 737 16 19 0.024001066 
832 589 10 13 0.023877759 
431 725 16 22 0.023762614 
539 729 14 18 0.023745283 
583 658 12 15 0.023733202 
308 488 17 23 0.023568293 
484 696 16 19 0.023540102 
292 612 10 12 0.023530563 
564 718 17 21 0.023371523 
678 478 9 10 0.023365403 
862 651 17 19 0.023345755 
653 683 14 18 0.023318093 
462 645 12 16 0.023263302 
978 734 27 33 0.023026666 
914 705 15 21 0.023003532 
367 698 13 18 0.022887005 
971 619 14 18 0.022753183 
594 699 16 20 0.02257594 
887 463 8 11 0.022452688 
116 740 31 26 0.022429137 
303 502 9 12 0.022320654 
417 649 22 25 0.022260712 
323 642 13 16 0.02222459 
985 692 18 22 0.022220366 
526 703 17 21 0.02208527 
919 430 9 12 0.02206963 
214 476 10 14 0.02205843 
971 688 22 28 0.022030843 
485 643 14 16 0.022010794 
293 664 16 19 0.021979582 
538 692 16 21 0.021963976 
849 583 9 10 0.021958375 
261 518 11 13 0.021910157 
845 472 8 10 0.021832518 
199 524 12 15 0.02182124 
978 668 24 28 0.021745361 
909 468 9 12 0.021660896 
867 614 21 24 0.021637095 
508 679 20 26 0.021626811 
412 701 12 14 0.02154882 
230 111 8 11 0.021431401 
675 705 14 17 0.021400392 
1009 481 8 10 0.02139996 
972 648 14 18 0.02135844 
439 730 22 26 0.021348879 
507 697 15 18 0.021320917 
187 654 13 16 0.02126036 
188 526 11 14 0.021235952 
164 527 11 14 0.021226004 
835 747 16 18 0.021217316 
453 700 24 28 0.021206837 
405 723 22 27 0.021194696 
388 673 15 18 0.021125488 
985 644 25 27 0.02108904 
469 659 22 27 0.021075966 
398 637 11 14 0.02106455 
183 509 10 13 0.021024417 
759 640 20 27 0.02095064 
637 682 16 20 0.020851646 
447 666 11 15 0.020826513 
540 683 15 18 0.02081615 
863 614 12 12 0.020727385 
804 716 23 27 0.020663442 
220 517 12 16 0.020631451 
690 707 15 18 0.02062868 
876 625 14 17 0.020607796 
804 746 13 16 0.020576023 
450 663 20 25 0.020565046 
861 637 21 26 0.020533951 
1005 615 12 14 0.02051584 
255 519 12 14 0.020361573 
259 720 26 31 0.020170169 
609 700 22 26 0.020164149 
487 714 16 20 0.020143718 
337 706 15 18 0.020137535 
251 714 15 17 0.020133445 
212 461 10 13 0.020085435 
