17_Ceremony_Ceremony_17_944
315
839 455 13 19 0.9284071 
813 459 11 16 0.85600734 
472 428 10 14 0.755827 
172 471 10 13 0.7401329 
953 550 27 42 0.71253407 
869 600 31 48 0.6749277 
229 460 13 16 0.6635478 
515 423 12 15 0.6386068 
873 518 19 29 0.54742485 
197 470 9 12 0.43412858 
152 469 10 12 0.393961 
759 455 11 14 0.375148 
10 547 14 19 0.33410746 
0 526 17 23 0.32787335 
707 537 24 31 0.27536952 
277 477 10 15 0.27458182 
638 447 15 19 0.26934865 
269 487 15 21 0.23703335 
262 475 11 13 0.23536754 
159 523 14 17 0.22874114 
208 507 12 15 0.19160204 
311 507 13 16 0.1847323 
157 469 9 11 0.18209095 
145 463 8 11 0.15343483 
2 515 14 18 0.14581871 
198 476 10 12 0.13973774 
192 522 19 21 0.13832054 
144 468 9 11 0.13669987 
274 481 14 21 0.13203597 
541 429 9 12 0.13199206 
259 515 15 19 0.13046168 
220 487 13 15 0.1283783 
158 541 13 15 0.12721242 
176 507 11 12 0.124567404 
711 457 13 17 0.12443713 
146 457 7 9 0.12255164 
18 530 16 19 0.11887983 
125 579 17 21 0.11183632 
222 546 17 21 0.11116704 
9 525 19 26 0.11006111 
489 436 10 11 0.10639677 
495 416 7 9 0.106353305 
344 531 12 15 0.10572333 
493 434 10 12 0.09994185 
843 529 15 21 0.09908172 
541 391 8 11 0.09473232 
212 502 11 15 0.09320698 
191 537 15 19 0.09287494 
131 505 12 16 0.08976771 
271 477 11 15 0.087895416 
224 465 12 15 0.085228086 
160 492 11 14 0.08366376 
180 503 10 13 0.080702506 
275 546 13 18 0.07540534 
878 588 33 51 0.073149435 
274 538 14 19 0.07272789 
151 464 8 11 0.07269637 
256 526 16 22 0.06865613 
193 474 11 13 0.06819473 
84 545 26 31 0.067507066 
167 464 7 10 0.06654652 
137 471 8 10 0.06640493 
540 396 9 12 0.06499769 
164 519 13 16 0.06452979 
557 470 9 11 0.06428956 
269 471 11 13 0.06345184 
634 552 8 11 0.0629771 
526 407 7 10 0.062787436 
234 547 16 20 0.062365394 
205 484 9 12 0.062130917 
552 448 9 11 0.06097586 
489 320 10 12 0.060091484 
790 484 12 15 0.05828009 
238 469 10 13 0.05763916 
691 463 14 18 0.05718937 
885 609 32 50 0.05713735 
125 552 15 20 0.05648649 
144 487 9 12 0.05629644 
615 491 9 15 0.05560712 
175 485 9 11 0.05540502 
230 518 11 15 0.055185016 
554 395 11 14 0.05447836 
504 407 9 12 0.053641733 
242 537 16 21 0.053377036 
172 523 10 14 0.05328907 
160 465 8 11 0.05294255 
240 477 10 12 0.05235875 
245 474 10 13 0.052065022 
193 464 8 10 0.051975235 
241 549 15 21 0.051842354 
93 541 27 28 0.05178594 
476 423 10 13 0.05061407 
580 468 9 12 0.050352585 
687 481 11 16 0.050308254 
150 562 21 27 0.049923252 
180 546 11 16 0.049808007 
150 522 13 17 0.049691416 
553 429 11 14 0.049464766 
269 530 15 20 0.048977975 
490 389 10 13 0.048381537 
753 458 12 16 0.04787233 
199 465 7 10 0.047473364 
537 423 9 12 0.04706606 
543 435 8 11 0.046861503 
254 509 13 16 0.0459939 
195 543 15 18 0.045469645 
174 547 14 17 0.04525538 
216 490 12 15 0.045146625 
286 502 12 16 0.04434953 
200 482 11 13 0.04398446 
450 414 9 11 0.043368943 
699 528 27 31 0.04335098 
495 421 8 10 0.043262083 
454 431 8 10 0.041890122 
827 539 13 19 0.041183457 
150 545 12 17 0.040954113 
223 476 11 13 0.04079751 
315 563 13 15 0.040703192 
525 421 9 12 0.04069917 
316 492 13 15 0.04024999 
258 477 9 12 0.04002688 
165 499 11 14 0.039472647 
465 415 8 11 0.038904347 
880 525 17 23 0.038747612 
487 447 11 13 0.038447414 
263 483 13 17 0.03806971 
677 514 14 20 0.03768644 
526 412 10 12 0.0375936 
351 540 10 14 0.036350496 
251 500 13 17 0.036294475 
291 507 12 14 0.03626949 
789 492 13 16 0.036191918 
740 477 11 14 0.03613777 
145 490 11 16 0.036135476 
292 521 14 20 0.03602983 
680 498 12 17 0.035813536 
238 530 15 18 0.03544686 
222 554 23 24 0.035444494 
636 587 11 14 0.034680795 
735 482 12 16 0.034445126 
205 538 14 19 0.0344444 
189 491 11 14 0.03431919 
235 516 11 15 0.03430509 
217 461 9 12 0.034222938 
93 532 16 19 0.034033295 
765 447 10 12 0.033737898 
168 507 11 14 0.03366631 
490 414 8 12 0.033611245 
577 486 8 11 0.033602357 
311 558 12 14 0.033465482 
820 676 36 30 0.03341194 
128 480 9 12 0.03340625 
133 478 9 11 0.033272285 
505 389 8 10 0.033236593 
517 415 12 15 0.033220544 
61 538 15 21 0.03269124 
255 483 11 15 0.032644738 
492 397 9 12 0.032402556 
439 503 8 10 0.03227748 
99 525 15 17 0.03222266 
977 581 49 69 0.03208129 
4 535 15 21 0.03194134 
502 327 9 12 0.03173891 
237 483 11 14 0.031613167 
645 541 12 17 0.031563405 
822 545 12 19 0.031526 
258 471 9 11 0.031470634 
953 545 19 30 0.03145776 
637 550 10 13 0.03139014 
358 543 10 12 0.031291615 
190 485 11 14 0.031138845 
503 423 8 11 0.031098913 
501 430 8 11 0.030996818 
383 536 10 13 0.0309103 
760 448 10 13 0.030868648 
505 384 9 11 0.030669305 
193 456 8 9 0.03060217 
222 507 12 16 0.030564453 
158 554 13 19 0.030508855 
788 604 16 22 0.03049361 
107 524 16 19 0.030390423 
731 514 18 22 0.030356944 
115 530 15 16 0.030194731 
223 515 12 15 0.030121928 
266 520 16 22 0.029985404 
700 460 12 16 0.029842908 
876 576 28 37 0.029631166 
577 464 9 11 0.02953255 
882 515 16 22 0.029462771 
193 465 18 23 0.029057886 
374 599 11 12 0.02897712 
837 534 16 20 0.028953651 
130 459 8 12 0.028953066 
784 592 10 13 0.028717777 
752 469 10 14 0.028713912 
763 465 13 15 0.028403267 
284 527 15 21 0.028273748 
615 478 19 31 0.02793664 
315 570 13 15 0.027890826 
805 483 10 13 0.027764458 
448 405 9 10 0.027757302 
288 597 11 14 0.027692571 
169 467 17 21 0.027619846 
260 473 20 25 0.027472347 
512 415 9 12 0.027412811 
129 571 24 30 0.027337017 
225 457 10 13 0.027123792 
789 479 11 13 0.026849726 
637 556 10 13 0.026745778 
6 547 24 31 0.026513672 
158 486 19 25 0.026453424 
750 476 11 13 0.02636518 
595 491 10 12 0.026316177 
655 553 11 15 0.026252583 
537 405 8 11 0.026186176 
159 476 9 11 0.026099853 
448 433 8 9 0.026071483 
463 407 9 11 0.02595942 
444 462 9 12 0.025940532 
828 528 20 28 0.025802298 
270 508 11 16 0.02577667 
136 462 8 11 0.025754938 
710 464 13 16 0.025488827 
774 461 10 13 0.025456442 
284 513 20 26 0.025293196 
159 554 22 26 0.025171623 
577 439 7 9 0.025014738 
526 400 8 11 0.02495821 
493 445 10 12 0.02490249 
86 559 23 32 0.024872797 
392 564 10 16 0.024734369 
117 546 13 17 0.024718385 
317 483 13 16 0.024580916 
819 541 21 29 0.024502719 
233 558 18 20 0.024488755 
509 407 9 11 0.024458244 
93 518 13 15 0.02437384 
86 534 13 16 0.024313083 
873 608 19 29 0.0242077 
546 446 8 12 0.024194885 
122 524 15 18 0.024168123 
314 512 13 15 0.024151936 
448 437 7 9 0.02395106 
140 532 15 17 0.023908364 
511 384 8 11 0.023837617 
886 509 13 17 0.023771929 
140 539 16 20 0.023766154 
992 482 24 42 0.023659548 
468 424 18 22 0.023514345 
445 398 9 12 0.023474362 
214 545 14 20 0.023454182 
303 508 11 15 0.0233905 
256 461 8 11 0.023373937 
691 482 14 18 0.023225522 
352 549 10 12 0.023198122 
852 484 14 16 0.02311405 
18 547 14 17 0.02306144 
837 524 16 21 0.022961581 
92 573 17 21 0.02295574 
494 406 9 11 0.022923237 
119 562 24 31 0.022841908 
292 561 14 17 0.022840377 
148 487 19 26 0.022839982 
86 540 16 20 0.022824448 
523 428 10 13 0.022678852 
229 509 12 16 0.022663448 
962 555 35 38 0.022476919 
132 565 39 47 0.022426246 
819 465 13 14 0.022409925 
214 494 20 25 0.022330645 
165 485 10 13 0.022270015 
502 333 9 12 0.022270005 
733 491 13 20 0.022174343 
154 571 24 30 0.022129402 
206 512 12 16 0.022049809 
687 486 21 29 0.021994282 
439 449 9 11 0.021974362 
182 540 12 18 0.02189987 
797 483 13 14 0.021831555 
236 524 13 17 0.021770548 
705 450 12 16 0.021765366 
489 384 9 12 0.021691132 
174 491 10 14 0.021680575 
883 593 16 24 0.021640629 
670 519 16 21 0.021479355 
226 526 23 28 0.021461356 
543 384 8 10 0.021459574 
134 455 9 12 0.021439953 
258 535 16 21 0.02143619 
296 511 20 27 0.021429015 
228 490 12 16 0.021426091 
127 491 11 16 0.021399619 
278 523 12 20 0.021394651 
488 422 9 11 0.021382386 
215 478 9 11 0.021315238 
466 422 10 12 0.021203477 
102 531 23 24 0.020970624 
142 477 10 12 0.020968989 
553 422 10 13 0.020949135 
807 556 13 16 0.020934714 
277 497 12 17 0.020889346 
888 574 28 32 0.020766273 
701 515 16 17 0.020731285 
478 437 9 13 0.020725874 
314 500 13 16 0.02071768 
174 466 9 11 0.02057333 
292 549 11 14 0.02053132 
216 469 9 12 0.020452091 
678 494 20 26 0.02045135 
953 557 15 25 0.02043911 
212 513 12 15 0.02031887 
-1 596 28 36 0.020282818 
554 414 9 11 0.020279473 
315 579 13 15 0.02009892 
687 469 20 26 0.02002624 
