18_Concerts_Concerts_18_920
231
757 565 11 15 0.96686983 
822 572 12 15 0.94627994 
280 504 17 22 0.90920067 
852 556 12 15 0.8868534 
981 587 12 14 0.75265044 
751 624 12 16 0.7113335 
904 565 8 12 0.6440236 
908 518 9 12 0.55126107 
869 575 10 13 0.5244392 
950 525 9 11 0.46214995 
851 501 13 16 0.45149606 
928 563 10 13 0.35849407 
243 607 41 59 0.33465493 
232 612 31 51 0.33289048 
998 616 11 13 0.32067463 
739 603 11 14 0.31368697 
943 579 11 13 0.30013835 
868 526 10 13 0.28321296 
829 555 10 13 0.26762938 
967 612 10 13 0.26212108 
800 556 9 12 0.25862533 
932 560 10 12 0.25856093 
903 488 10 13 0.24789277 
614 600 17 19 0.2477477 
875 665 13 16 0.23832048 
869 532 11 14 0.21849784 
769 623 10 12 0.21664378 
818 528 8 11 0.21615562 
855 590 10 13 0.21608791 
1005 516 8 11 0.21042995 
920 572 11 14 0.18807757 
912 629 12 15 0.17942572 
344 0 26 32 0.17906798 
897 610 10 13 0.17567204 
799 575 10 13 0.16991772 
617 566 8 9 0.11979775 
831 595 13 16 0.11614787 
402 11 16 20 0.11247509 
837 551 9 13 0.10965863 
662 413 36 49 0.10877876 
791 550 8 11 0.10593921 
884 588 10 14 0.103513315 
917 535 9 12 0.10294569 
725 105 16 19 0.10237081 
896 623 10 13 0.099095546 
986 589 10 13 0.09744528 
604 588 29 32 0.0969196 
756 597 12 14 0.086980835 
928 614 8 10 0.086404674 
766 638 11 13 0.08626149 
835 590 11 15 0.08308579 
871 538 12 14 0.08122996 
868 520 11 14 0.077005126 
448 92 31 36 0.076575436 
858 557 11 14 0.0743598 
723 161 15 21 0.07189569 
716 165 16 19 0.07092855 
762 59 16 19 0.07061243 
926 580 10 12 0.06757126 
884 596 11 15 0.06663706 
710 112 15 21 0.06459545 
950 587 10 12 0.063217305 
771 627 10 13 0.06289844 
881 603 9 11 0.06072513 
957 0 24 23 0.060508303 
834 69 101 105 0.05799937 
936 580 10 12 0.05779165 
549 56 63 75 0.05656297 
590 574 8 11 0.056215193 
881 628 9 13 0.053296696 
804 556 10 12 0.05206827 
798 566 10 12 0.050334416 
754 569 10 14 0.050288852 
904 511 10 14 0.049848847 
1002 611 11 15 0.049148284 
862 541 9 13 0.048803996 
693 168 16 19 0.048267055 
737 639 10 12 0.047581248 
820 531 9 12 0.046843164 
999 477 12 15 0.04666788 
813 616 13 16 0.04609953 
757 66 15 18 0.045336384 
901 496 12 17 0.045328774 
254 43 15 15 0.045023188 
856 88 65 64 0.044738464 
904 521 11 13 0.041879497 
866 579 10 14 0.04166205 
948 575 10 13 0.04162533 
394 3 27 34 0.04004692 
714 106 19 24 0.038901143 
897 523 9 12 0.038879663 
928 552 9 12 0.038792208 
601 575 9 12 0.0385637 
879 623 9 12 0.03850967 
755 52 26 30 0.038030922 
752 602 12 14 0.03775597 
633 421 57 72 0.037631933 
898 493 11 13 0.036939014 
671 565 8 10 0.036623694 
978 582 11 14 0.03607679 
856 541 10 12 0.035652116 
756 74 13 16 0.035564557 
877 539 10 13 0.035363037 
907 493 9 13 0.03526472 
200 565 11 13 0.03438379 
908 500 10 13 0.033943735 
826 563 13 16 0.033171386 
925 608 9 12 0.032914728 
589 568 9 11 0.03282601 
787 550 7 11 0.032791708 
187 515 13 16 0.032763287 
869 585 11 14 0.03274949 
993 618 12 14 0.032308593 
852 515 11 14 0.03209013 
890 572 9 12 0.031884868 
966 541 9 10 0.031697206 
287 504 15 20 0.03164595 
766 536 7 9 0.03160615 
764 603 11 14 0.03141464 
886 627 9 12 0.031292845 
824 551 11 14 0.030958474 
803 573 11 14 0.030954473 
804 74 15 19 0.030716484 
912 538 9 12 0.030483587 
971 606 11 14 0.02985498 
839 619 9 12 0.02969207 
590 579 11 12 0.029073419 
792 555 10 12 0.028677974 
750 76 14 16 0.028624853 
877 93 13 15 0.028123662 
894 599 11 13 0.02807423 
752 596 21 24 0.028056134 
799 630 8 11 0.027801417 
683 400 39 58 0.02765201 
762 598 11 13 0.02746124 
884 104 25 29 0.027379777 
887 604 9 13 0.027365102 
967 478 8 10 0.027354723 
868 598 11 13 0.027240174 
861 587 11 13 0.026725253 
604 578 13 15 0.026683612 
701 115 21 27 0.026533099 
739 607 14 17 0.026494812 
814 53 25 30 0.026491577 
662 574 8 10 0.026428536 
860 613 11 14 0.026419148 
942 558 9 10 0.026364362 
630 566 8 10 0.026302159 
686 162 15 19 0.0262548 
751 592 11 13 0.02622393 
249 636 37 47 0.026156807 
710 84 12 15 0.02598655 
280 543 24 36 0.02596409 
713 120 16 19 0.025921395 
685 655 10 12 0.025911609 
213 625 59 76 0.025750335 
709 424 14 18 0.025661072 
756 109 15 18 0.025610067 
999 597 10 13 0.025510442 
862 562 10 14 0.025490077 
898 487 10 13 0.025474623 
823 598 10 13 0.025425382 
974 542 9 10 0.025105586 
828 579 10 13 0.024876546 
950 501 9 11 0.024832256 
988 583 10 12 0.02454966 
554 27 108 116 0.024527276 
684 106 16 21 0.024481198 
896 499 11 15 0.024466665 
908 559 10 13 0.02428849 
902 627 11 14 0.024277722 
629 152 16 21 0.024166455 
709 168 18 19 0.024110831 
449 103 44 53 0.023960464 
904 511 17 23 0.023822993 
916 624 10 12 0.023744859 
876 644 10 13 0.02361191 
892 547 12 14 0.023475945 
858 620 9 12 0.02344336 
749 83 15 18 0.023237538 
865 570 18 22 0.023126498 
853 686 9 11 0.023088071 
901 560 18 23 0.023059929 
963 613 8 12 0.022961767 
675 112 21 28 0.02286883 
848 552 12 15 0.022668011 
805 597 10 13 0.022646688 
402 128 41 54 0.022629043 
917 13 16 19 0.022614505 
973 471 8 11 0.02255632 
76 515 97 132 0.022343533 
960 551 10 12 0.02233149 
798 613 10 13 0.022312852 
893 540 13 15 0.022305427 
771 635 12 15 0.022246297 
885 540 12 14 0.022235448 
584 640 8 10 0.022072492 
736 595 18 24 0.022009628 
621 570 10 12 0.021744147 
645 135 16 21 0.02169931 
751 608 21 24 0.021698015 
793 567 9 12 0.021697378 
783 581 8 10 0.02167503 
982 614 9 11 0.021608714 
805 640 11 13 0.021595204 
765 615 12 15 0.021562172 
691 120 15 19 0.02148245 
810 73 14 18 0.021360075 
908 487 9 13 0.021316156 
927 588 9 11 0.021255087 
694 170 26 27 0.021239787 
748 68 23 27 0.021126574 
873 99 25 31 0.021097811 
870 501 9 11 0.021061253 
887 567 10 12 0.020989407 
951 496 8 10 0.020949678 
999 470 11 15 0.020923441 
657 567 7 10 0.020871026 
870 494 10 12 0.0208279 
719 660 10 12 0.020761598 
949 528 11 14 0.02075415 
688 108 21 29 0.020744111 
435 101 26 29 0.020607674 
921 464 98 129 0.020438105 
991 575 9 11 0.02038842 
568 575 9 11 0.020379033 
793 573 9 13 0.020305358 
805 604 10 12 0.0203011 
151 566 8 10 0.020215765 
669 121 16 22 0.020138765 
830 542 11 13 0.020095643 
