18_Concerts_Concerts_18_554
26
561 488 29 39 0.9978442 
298 248 489 396 0.44363782 
595 99 399 496 0.09276139 
830 531 175 286 0.08710906 
267 211 14 17 0.08063159 
263 212 23 31 0.06827697 
395 82 414 426 0.056869734 
835 665 105 152 0.047554765 
956 444 37 37 0.04193006 
25 400 16 23 0.040437333 
629 368 268 263 0.040004186 
502 293 408 472 0.037821233 
95 360 10 14 0.03285839 
583 204 78 55 0.031352848 
374 376 151 147 0.030674338 
377 400 59 62 0.028481195 
373 306 255 233 0.028352026 
265 205 37 48 0.024996625 
732 -1 346 465 0.024293084 
110 189 103 135 0.023561278 
372 401 30 35 0.023380073 
517 643 14 17 0.02220246 
173 235 14 16 0.02133951 
620 188 15 19 0.020894201 
97 146 395 507 0.020672694 
272 431 11 13 0.020112636 
