18_Concerts_Concerts_18_151
1197
202 90 17 21 0.9947819 
852 62 16 21 0.9942181 
36 80 13 19 0.982021 
727 317 20 29 0.9641823 
121 332 20 24 0.9611472 
505 137 18 23 0.9598241 
783 146 17 22 0.9581907 
981 270 16 26 0.9567882 
696 143 16 22 0.95303214 
331 262 19 25 0.95260596 
475 205 17 22 0.94750625 
754 260 20 25 0.93968135 
102 104 16 20 0.9355761 
955 151 15 18 0.934938 
720 58 17 21 0.93167615 
64 74 14 19 0.92343235 
464 67 18 22 0.92021185 
590 323 20 27 0.91257167 
898 203 18 24 0.9034562 
998 329 19 27 0.9020143 
871 147 19 24 0.8993495 
471 259 18 20 0.8948339 
305 399 17 22 0.89424145 
671 255 18 24 0.88883096 
1011 203 13 20 0.887798 
399 150 16 21 0.86718947 
986 59 16 21 0.862236 
871 258 19 25 0.859517 
130 88 15 20 0.8557584 
472 320 18 21 0.83208364 
852 327 17 21 0.82045263 
499 336 17 27 0.81818277 
783 201 18 22 0.80686235 
740 412 21 26 0.80535674 
560 200 17 20 0.79401064 
344 80 16 18 0.7935274 
208 264 21 26 0.79090524 
105 55 14 18 0.7882306 
359 269 14 17 0.756283 
581 267 18 23 0.7375709 
15 79 10 14 0.72955835 
888 437 16 23 0.72210246 
588 145 15 19 0.7092685 
711 437 21 27 0.6973679 
866 410 22 27 0.6852126 
7 346 23 31 0.66082793 
364 339 15 20 0.6208063 
98 428 19 27 0.61270964 
679 211 13 17 0.5843323 
149 396 22 25 0.567463 
72 99 11 15 0.55855596 
340 206 13 17 0.53340524 
8 112 12 15 0.49677446 
88 284 16 19 0.49473447 
447 279 14 16 0.47602937 
868 174 14 19 0.47373393 
182 628 13 18 0.46940598 
447 606 10 12 0.41188037 
230 328 17 22 0.40895674 
293 446 17 20 0.40683925 
930 148 15 22 0.40548015 
262 433 16 22 0.3975675 
110 428 20 26 0.3846048 
594 71 13 17 0.38342413 
2 164 17 22 0.3795584 
517 237 12 16 0.3769765 
259 586 15 19 0.37178826 
773 178 12 17 0.3661531 
116 394 17 20 0.3575048 
786 172 12 16 0.35704374 
341 430 15 19 0.3549097 
835 444 15 18 0.34546217 
309 602 10 14 0.31112918 
995 153 13 16 0.2987459 
327 581 10 12 0.2885486 
215 142 14 20 0.2768933 
607 172 10 12 0.26374215 
380 620 12 14 0.25794882 
350 625 15 18 0.25226805 
120 425 20 26 0.25101027 
525 163 10 13 0.2440436 
737 93 11 15 0.24372338 
421 221 11 13 0.24127115 
284 587 10 13 0.24087419 
207 402 12 15 0.22195831 
473 141 17 19 0.21373793 
186 163 11 15 0.21369877 
187 591 13 17 0.20986646 
828 371 12 16 0.20040563 
48 238 23 29 0.19983643 
1014 43 9 16 0.19884776 
735 163 11 14 0.19587144 
693 175 13 15 0.17934163 
377 550 8 10 0.1789292 
886 68 9 12 0.1786697 
198 591 11 15 0.17632453 
787 299 15 19 0.17075838 
36 383 15 18 0.169591 
160 630 9 13 0.16602932 
632 221 11 13 0.16426314 
622 318 13 16 0.16422057 
71 106 14 19 0.16362105 
593 592 8 10 0.16229315 
75 112 13 17 0.16195641 
549 346 15 18 0.16023299 
949 177 12 17 0.15556647 
55 10 14 18 0.15428887 
600 171 10 13 0.1526566 
117 247 23 29 0.15093665 
956 177 12 16 0.15062843 
147 373 15 19 0.14854999 
305 597 12 15 0.14838305 
641 283 11 15 0.14617558 
992 235 12 16 0.14580412 
253 640 17 21 0.14536002 
40 424 27 28 0.14515737 
113 591 9 12 0.14463024 
15 97 14 18 0.14161967 
181 622 13 16 0.14116299 
406 294 12 15 0.1400199 
36 252 11 14 0.13914655 
495 622 10 14 0.13769875 
478 598 9 11 0.13572688 
590 597 10 13 0.13182425 
310 567 8 11 0.13137797 
861 176 15 20 0.13119231 
572 386 12 17 0.1299226 
824 135 12 14 0.12679034 
379 536 10 11 0.12318826 
647 589 9 11 0.12239628 
393 329 10 12 0.12186451 
1005 173 12 15 0.120753735 
431 598 8 11 0.11999129 
404 623 10 10 0.11785179 
163 419 16 18 0.1175257 
1013 158 8 13 0.11743927 
13 366 17 20 0.11732259 
564 297 13 16 0.11699859 
916 584 9 12 0.11535391 
132 644 10 14 0.11496812 
415 607 10 12 0.11354156 
588 605 9 12 0.11315345 
744 500 26 35 0.11297596 
932 141 15 18 0.11168608 
954 591 8 10 0.111591086 
277 551 9 10 0.110783376 
195 331 12 16 0.11061593 
1004 612 9 12 0.10976133 
442 606 9 11 0.108615234 
246 322 13 18 0.108431496 
949 615 9 11 0.10642349 
850 368 14 17 0.10509052 
520 308 12 16 0.10473373 
614 345 12 17 0.10390999 
343 557 8 11 0.10294355 
492 332 16 26 0.10278876 
430 295 12 14 0.10241419 
995 162 14 16 0.10115929 
701 177 13 16 0.10105535 
369 547 9 11 0.100918986 
422 592 8 11 0.10054071 
231 587 12 15 0.10045054 
982 604 9 11 0.10015977 
376 627 11 14 0.09972336 
252 96 13 17 0.09874624 
947 220 11 14 0.098262236 
388 640 15 18 0.097819045 
278 597 12 15 0.0977821 
50 233 18 21 0.09694277 
948 620 11 14 0.09676741 
188 620 12 15 0.096443236 
945 174 11 15 0.09460961 
734 235 13 16 0.0939174 
206 433 12 15 0.0937894 
361 468 12 15 0.09310555 
461 592 8 9 0.09303557 
472 308 20 25 0.09211375 
349 340 10 14 0.09103034 
91 276 16 21 0.09017735 
582 376 13 19 0.08953923 
326 589 12 14 0.08914166 
297 559 9 11 0.08884636 
624 157 11 15 0.087704755 
354 313 16 22 0.08746923 
1007 69 12 15 0.08724367 
616 582 8 12 0.086282 
311 558 8 11 0.08594348 
270 543 8 11 0.08571626 
545 300 12 14 0.08570178 
613 606 8 10 0.08563558 
614 150 9 11 0.08550328 
271 548 10 12 0.08360879 
303 551 8 10 0.08315106 
251 572 13 17 0.08282569 
1014 560 9 12 0.08265612 
31 428 13 16 0.0818869 
716 603 12 16 0.08183669 
678 198 11 12 0.08122243 
525 237 12 16 0.080824375 
590 185 10 13 0.080800004 
730 170 13 17 0.08055531 
534 591 9 11 0.08038831 
996 258 12 17 0.07917856 
725 573 9 11 0.07863967 
684 218 12 15 0.07813316 
358 166 11 14 0.077876374 
190 615 12 13 0.077784866 
998 574 8 10 0.07757319 
329 560 8 10 0.07749732 
414 347 24 27 0.07726117 
361 604 9 13 0.076376274 
89 425 21 27 0.07591623 
328 565 11 12 0.07573846 
474 598 8 11 0.075487964 
102 569 9 11 0.07540749 
493 597 9 12 0.07526276 
549 281 13 17 0.07495607 
939 581 8 11 0.07465655 
554 613 9 11 0.07426707 
389 206 9 11 0.0741876 
636 226 11 16 0.07382479 
317 328 13 19 0.07375466 
98 588 9 10 0.07357444 
418 591 8 11 0.073151276 
58 17 13 17 0.07290628 
104 605 8 10 0.07275599 
224 416 21 26 0.07226778 
296 92 12 15 0.07182861 
855 175 13 16 0.07172307 
230 478 13 19 0.071577154 
220 619 14 20 0.07054399 
0 418 13 21 0.07041377 
638 151 10 13 0.07033297 
505 331 17 23 0.07032037 
461 276 10 15 0.07003882 
465 388 10 14 0.06975771 
635 215 10 13 0.06972913 
327 606 10 12 0.06938637 
526 637 10 13 0.069109224 
111 585 8 9 0.069095664 
565 357 10 14 0.06863501 
118 379 16 20 0.068489864 
671 209 12 17 0.06838637 
400 613 11 12 0.06835328 
657 182 10 14 0.06803953 
888 550 8 10 0.06784297 
740 127 14 18 0.06778539 
527 631 9 12 0.06774223 
920 559 8 10 0.06717462 
100 421 14 21 0.06714148 
533 637 10 13 0.067000136 
309 148 9 11 0.066628575 
847 567 11 13 0.06655893 
302 590 11 13 0.066467114 
46 140 11 15 0.06633474 
584 599 9 11 0.06604626 
126 588 10 12 0.065658465 
357 572 10 12 0.06546634 
403 222 9 12 0.06518122 
493 315 12 16 0.065070614 
752 416 17 20 0.065006405 
389 337 12 15 0.06453122 
427 235 13 17 0.06451822 
13 309 11 13 0.06422361 
53 258 12 14 0.06418534 
423 612 8 10 0.0640307 
911 134 11 14 0.063815795 
399 587 10 12 0.063706376 
934 566 9 10 0.06334371 
174 652 10 14 0.063300095 
941 331 16 18 0.06295944 
449 601 8 11 0.06271065 
344 173 8 11 0.06261828 
1000 607 9 11 0.062494155 
132 638 9 12 0.062379368 
0 309 7 12 0.062296197 
782 176 14 18 0.062205102 
214 421 13 16 0.06216868 
536 622 9 12 0.062115293 
309 572 8 11 0.061802953 
85 663 15 16 0.061774567 
388 222 12 15 0.061550174 
187 425 16 18 0.061507568 
351 485 13 15 0.06145663 
884 567 9 11 0.061193362 
12 606 9 11 0.060921416 
416 596 10 11 0.060825706 
612 659 16 17 0.060825188 
44 147 13 18 0.060327586 
910 567 8 10 0.060229227 
853 433 14 21 0.060061414 
838 64 11 16 0.0598413 
373 409 11 14 0.05943198 
143 366 13 14 0.05936687 
559 134 11 15 0.059187368 
424 253 9 12 0.059085205 
193 464 28 29 0.059041798 
692 279 17 21 0.0588746 
623 568 8 10 0.058611363 
672 171 11 15 0.058281425 
253 577 15 19 0.05812421 
243 409 14 18 0.05765281 
798 290 15 19 0.057526324 
329 550 9 11 0.057506382 
57 591 8 10 0.057093788 
583 407 11 14 0.05699562 
972 638 9 12 0.056708947 
1013 565 9 12 0.0566589 
842 439 15 21 0.056421477 
47 250 14 17 0.055867746 
696 196 13 16 0.05572884 
607 150 10 13 0.055005785 
421 227 13 16 0.054748975 
477 594 9 10 0.05466954 
582 550 8 10 0.054620154 
108 301 11 15 0.05449437 
567 566 9 11 0.054479804 
439 591 8 10 0.05419976 
407 584 8 11 0.05413692 
426 220 11 14 0.05410609 
106 180 19 22 0.053943895 
147 376 24 28 0.053940628 
345 203 12 17 0.053733487 
952 563 9 12 0.053537007 
51 189 13 17 0.053314354 
975 386 13 17 0.053263336 
44 384 14 18 0.05311663 
123 354 13 17 0.05279654 
301 581 9 11 0.052757587 
652 599 9 12 0.052670263 
621 151 10 12 0.052617364 
149 599 9 12 0.05261277 
177 580 10 14 0.05251716 
828 292 18 19 0.052497644 
427 348 16 20 0.05246772 
127 629 10 13 0.05245313 
616 576 8 9 0.052326523 
700 357 12 15 0.05215676 
949 186 15 18 0.052135047 
44 344 13 17 0.05209054 
622 55 9 12 0.052045286 
631 583 8 10 0.05196792 
138 575 10 11 0.051788397 
159 404 23 28 0.051724404 
302 627 11 15 0.051612265 
296 576 10 12 0.05145711 
494 592 9 11 0.05125813 
577 518 9 12 0.051142443 
224 290 12 16 0.050974548 
129 421 16 20 0.050888114 
697 127 10 13 0.050821178 
688 599 8 9 0.050781462 
51 386 13 15 0.050779734 
334 551 9 11 0.050728485 
1009 567 9 11 0.050695896 
249 348 13 16 0.050654273 
458 592 7 9 0.05050555 
776 557 10 12 0.050463878 
915 372 28 33 0.050433993 
918 133 12 16 0.050393146 
988 239 13 20 0.050364446 
993 274 15 19 0.050056815 
631 589 9 11 0.049959656 
696 482 13 15 0.04992486 
977 606 8 10 0.04980571 
48 268 9 13 0.04962333 
597 166 11 14 0.049526367 
787 510 46 47 0.049526352 
918 155 12 18 0.04936907 
10 252 16 17 0.049255688 
619 297 16 20 0.049191196 
649 566 9 10 0.049154047 
672 580 9 11 0.04912836 
526 609 8 10 0.04907219 
266 581 14 19 0.049037844 
416 584 7 9 0.04884814 
380 357 11 13 0.04876962 
992 599 9 11 0.048583705 
968 590 9 10 0.048559964 
627 161 12 15 0.048254408 
245 559 8 11 0.048189953 
454 598 9 11 0.048175476 
557 331 12 14 0.048072502 
860 416 21 29 0.047984913 
19 81 12 16 0.047932975 
397 533 9 10 0.047925837 
567 575 9 10 0.047640096 
112 563 12 14 0.047528412 
928 559 8 10 0.047520436 
3 432 12 18 0.047368865 
661 293 13 18 0.04713269 
116 150 11 13 0.047121067 
578 631 9 11 0.04711342 
358 160 10 12 0.047049645 
425 131 12 17 0.047025356 
951 583 8 10 0.047021713 
301 557 8 11 0.046913393 
439 600 8 10 0.046657357 
1013 516 9 14 0.04641161 
14 560 11 13 0.046236314 
694 133 13 15 0.045989193 
647 349 12 15 0.04595799 
34 379 12 16 0.045952242 
281 346 25 27 0.045798067 
389 607 9 12 0.045759093 
985 576 7 9 0.04559866 
899 584 7 10 0.045575675 
596 664 11 13 0.045402464 
653 148 9 12 0.045382198 
1000 169 12 16 0.045282234 
1 330 10 14 0.045144174 
991 257 12 19 0.045139827 
55 621 9 11 0.044905238 
104 188 24 27 0.04489973 
311 627 12 15 0.04487526 
58 143 17 20 0.044754893 
665 591 8 10 0.044678733 
522 298 15 19 0.04463028 
913 587 10 12 0.04460723 
56 429 17 22 0.044567797 
163 476 11 13 0.044551603 
310 656 13 17 0.04448852 
608 534 11 12 0.04447054 
619 649 14 18 0.044353087 
600 125 12 15 0.044304132 
348 70 13 16 0.044217017 
1007 629 11 14 0.044068683 
221 479 21 28 0.04405881 
1015 590 8 12 0.0440545 
374 158 8 11 0.04387992 
372 325 11 14 0.043861043 
934 559 8 9 0.04369437 
565 239 11 14 0.043643747 
106 62 15 19 0.043553688 
203 595 10 13 0.04347798 
581 255 14 17 0.04344904 
573 258 22 28 0.043444343 
543 628 9 11 0.043203264 
644 416 9 12 0.043107618 
598 582 9 11 0.04309879 
557 258 17 20 0.042742424 
92 269 14 16 0.042741388 
921 600 7 9 0.042731658 
536 614 10 12 0.042663377 
385 294 11 14 0.04265846 
321 590 11 14 0.042631764 
271 567 11 14 0.04258607 
692 556 10 12 0.04252557 
559 352 12 17 0.04241017 
704 614 9 12 0.042408146 
674 344 22 27 0.042289585 
659 186 11 14 0.04216132 
624 588 8 10 0.042047203 
596 552 10 11 0.04198828 
351 290 14 19 0.041983794 
635 269 11 15 0.04196444 
997 232 12 18 0.041962445 
357 320 21 29 0.04196007 
179 405 12 17 0.04192152 
911 560 8 9 0.04185257 
374 483 13 16 0.041799728 
942 413 10 14 0.041784838 
837 469 12 14 0.041731406 
926 140 14 17 0.041611504 
552 576 8 11 0.041438494 
166 598 8 11 0.04142041 
424 244 12 16 0.041356165 
56 616 9 11 0.041315947 
518 591 8 11 0.04112424 
149 619 11 14 0.04108244 
1009 29 11 16 0.04092674 
595 151 15 18 0.04085329 
160 598 10 12 0.040823903 
285 625 15 19 0.040681794 
633 560 8 10 0.04063096 
942 598 8 9 0.040504176 
647 602 11 13 0.04046956 
34 246 22 26 0.04027668 
488 342 13 21 0.04023365 
489 74 11 14 0.04019535 
463 597 9 11 0.040062897 
943 576 11 13 0.040054966 
293 626 12 17 0.040043104 
232 407 21 24 0.04000312 
853 356 14 19 0.039556317 
550 631 10 11 0.039451458 
318 642 15 18 0.039405186 
38 247 11 14 0.0392081 
612 167 10 13 0.038970232 
471 606 9 11 0.038897846 
181 412 21 26 0.038883172 
172 408 15 20 0.03888209 
127 250 17 21 0.038836703 
898 566 8 11 0.038778525 
316 621 12 15 0.038679376 
357 83 12 14 0.03867472 
824 568 8 10 0.038570505 
791 297 22 27 0.03849225 
309 551 9 12 0.03832041 
168 323 13 16 0.038293492 
535 628 9 12 0.038206566 
627 293 13 16 0.038142867 
263 550 11 12 0.03812185 
0 506 19 32 0.038070653 
334 558 9 11 0.03805889 
725 149 10 13 0.038025714 
35 429 17 21 0.03796335 
412 351 16 18 0.037888773 
631 576 8 9 0.037811812 
951 608 8 9 0.03779065 
751 180 9 13 0.037752066 
373 595 10 12 0.03774252 
705 597 10 13 0.037681106 
433 298 13 16 0.037603617 
885 573 8 10 0.037601903 
412 359 16 19 0.037577838 
358 551 9 10 0.037535567 
203 372 13 18 0.037436254 
705 441 15 20 0.03743561 
363 264 11 14 0.03740745 
609 600 9 11 0.037354376 
377 614 12 14 0.037248883 
999 592 8 10 0.037136953 
800 592 9 10 0.037130624 
118 628 11 13 0.03703477 
375 583 8 10 0.037013244 
274 197 17 20 0.03687916 
977 601 7 9 0.036768295 
78 588 9 11 0.036677405 
1013 629 10 15 0.036659386 
814 273 14 17 0.03657942 
358 560 10 11 0.03650641 
344 168 9 11 0.03636499 
934 553 8 9 0.036292166 
614 238 13 15 0.036271773 
158 622 10 14 0.036138274 
304 574 10 12 0.036127474 
903 141 10 13 0.036056504 
441 612 9 11 0.03596462 
654 559 9 11 0.035948884 
8 80 14 19 0.035857473 
195 426 15 18 0.03585429 
482 144 15 18 0.035757907 
97 534 8 10 0.035744384 
359 62 9 11 0.03563388 
472 174 10 14 0.035626743 
100 148 15 18 0.035585854 
582 591 8 10 0.03556662 
576 407 10 14 0.035529066 
53 138 16 18 0.035521995 
367 598 9 11 0.03546305 
670 283 11 16 0.03546199 
143 616 10 13 0.035425033 
904 560 8 9 0.035399802 
900 157 11 14 0.03539855 
392 532 11 12 0.035391126 
137 97 14 19 0.035373453 
374 591 10 11 0.03533954 
619 308 16 19 0.03530757 
210 541 11 14 0.03529876 
79 326 22 28 0.035224743 
971 643 11 13 0.035216805 
73 599 8 9 0.03514723 
125 624 9 12 0.035103835 
369 343 16 18 0.035049316 
196 348 16 20 0.03477836 
220 315 25 31 0.034714624 
727 157 10 13 0.03471281 
362 316 14 18 0.03463347 
47 607 8 10 0.03459352 
390 599 9 11 0.03456901 
480 604 8 11 0.034556136 
259 574 13 16 0.03455037 
935 574 11 13 0.034548346 
393 583 9 12 0.034483954 
696 361 12 15 0.03447239 
171 316 14 17 0.034468785 
336 184 9 11 0.034445357 
395 339 12 16 0.034432672 
692 223 12 14 0.034407467 
428 251 10 13 0.034399405 
429 303 15 19 0.03432503 
899 191 17 20 0.034232046 
374 111 13 16 0.034204558 
484 435 14 17 0.034135725 
499 121 13 16 0.03413385 
324 438 14 17 0.034117676 
376 524 9 12 0.03411392 
520 217 14 17 0.034111895 
707 175 11 15 0.034071878 
101 411 15 20 0.034064204 
583 70 10 13 0.03403714 
249 543 9 11 0.034015577 
782 292 16 19 0.03400182 
543 473 10 11 0.033923365 
275 449 14 17 0.033882547 
55 125 13 14 0.033865247 
117 590 10 13 0.033856466 
956 559 8 10 0.03385002 
822 581 9 11 0.033818536 
404 246 11 13 0.033798892 
79 662 13 16 0.033773184 
961 607 8 10 0.03361087 
1015 606 9 13 0.033607 
794 608 7 10 0.03360491 
524 141 12 15 0.033568706 
141 581 10 12 0.033476308 
631 597 8 11 0.033466727 
19 253 10 13 0.033451978 
745 421 27 30 0.033375677 
667 430 14 17 0.033360537 
866 131 15 17 0.033344768 
588 535 9 10 0.033295583 
575 589 9 11 0.03323509 
411 639 14 19 0.033161953 
943 559 7 9 0.033069573 
647 134 9 12 0.033054233 
471 613 8 10 0.03304398 
609 652 10 14 0.03304229 
507 323 15 18 0.033012606 
638 288 13 18 0.03299288 
543 293 13 16 0.032962464 
252 76 12 15 0.03294074 
529 592 8 9 0.03293733 
404 313 15 18 0.032867745 
859 354 13 16 0.032783564 
657 549 10 11 0.03274896 
575 392 12 16 0.03273758 
232 403 12 17 0.03272221 
384 470 11 13 0.032711558 
961 149 14 17 0.032676917 
407 589 8 10 0.032676313 
913 608 9 11 0.03263462 
556 597 10 12 0.03263384 
687 227 13 15 0.032598782 
488 605 8 11 0.03258961 
695 250 15 21 0.032530557 
349 308 16 22 0.032528434 
269 71 14 18 0.032420654 
335 194 20 27 0.03236356 
480 614 8 10 0.032358553 
568 662 11 12 0.032339796 
14 299 12 14 0.032329857 
769 613 11 14 0.03232878 
353 552 8 10 0.032294672 
169 557 10 12 0.032248348 
342 183 10 12 0.032218657 
380 520 10 12 0.032194488 
95 631 9 11 0.032185335 
617 54 10 13 0.032142077 
839 584 8 10 0.03214069 
556 606 11 13 0.032111295 
314 648 17 22 0.03198989 
381 115 12 15 0.0319884 
849 561 9 11 0.03196821 
606 226 14 17 0.03194964 
398 134 10 13 0.03190025 
99 281 13 17 0.03189578 
951 407 25 29 0.031799473 
542 338 15 19 0.031789694 
771 132 12 15 0.03178777 
383 338 12 15 0.031753983 
638 233 11 16 0.03175387 
22 428 13 17 0.031663943 
878 428 22 28 0.031658255 
614 600 8 11 0.03157327 
522 613 9 11 0.031493492 
284 594 11 15 0.03143899 
278 623 15 20 0.031367097 
86 290 20 27 0.03134856 
430 613 9 11 0.031347256 
938 492 12 16 0.031334072 
504 591 8 11 0.031294014 
144 362 22 25 0.031290613 
798 596 9 11 0.031278957 
546 320 16 19 0.03127068 
678 629 8 11 0.031255245 
640 590 9 11 0.031156376 
397 347 13 17 0.031137729 
647 334 10 12 0.031072486 
802 194 12 14 0.031059038 
186 581 14 16 0.031007892 
344 606 9 12 0.030986238 
287 448 14 19 0.030803824 
551 177 12 15 0.030766176 
540 399 14 18 0.030763475 
377 557 9 11 0.030758781 
286 548 10 12 0.030726643 
593 550 9 11 0.030713566 
247 641 14 21 0.030696256 
269 48 14 16 0.03063737 
152 627 12 15 0.03060069 
119 572 10 12 0.030574251 
135 587 10 12 0.03054893 
882 63 10 13 0.0305113 
665 211 11 15 0.030482687 
606 365 13 16 0.030482318 
547 162 13 18 0.030463714 
310 581 9 11 0.030301124 
39 311 9 13 0.030295808 
355 566 9 12 0.030210566 
717 566 10 12 0.030120278 
588 405 11 15 0.030116487 
558 294 14 16 0.030044578 
355 164 20 25 0.030026328 
639 583 8 11 0.0300172 
765 554 11 14 0.030015508 
840 567 10 12 0.030005498 
630 606 9 11 0.029982178 
365 205 9 14 0.029972613 
497 45 9 12 0.029937502 
666 479 17 18 0.029916516 
505 165 11 16 0.029904768 
617 73 9 10 0.029873304 
920 151 19 25 0.029859954 
277 555 10 12 0.029826708 
207 338 12 16 0.029819934 
483 315 14 19 0.029787656 
564 192 14 16 0.029739764 
135 581 12 14 0.029668322 
283 403 12 18 0.029655878 
653 349 14 16 0.029607754 
571 356 12 15 0.029574644 
904 598 7 10 0.029561691 
613 646 15 17 0.029493324 
759 598 7 10 0.029416395 
465 434 15 20 0.029395394 
179 555 13 15 0.029370323 
222 425 21 28 0.029351342 
709 562 14 17 0.029327115 
392 215 9 11 0.029203791 
147 150 13 15 0.029154759 
1 414 21 30 0.029140402 
566 582 11 12 0.029061286 
527 622 10 12 0.029050117 
353 165 10 13 0.029046118 
368 493 15 17 0.02904037 
882 347 14 17 0.029037492 
278 612 13 17 0.028994858 
53 267 11 14 0.028959423 
597 200 13 17 0.028917802 
211 327 23 29 0.028901992 
674 245 16 20 0.028830413 
514 331 14 19 0.028827969 
183 431 21 24 0.028814422 
997 597 9 11 0.028793104 
678 153 12 15 0.028782615 
598 398 13 15 0.028701264 
175 543 11 14 0.028680036 
189 605 10 12 0.02867767 
318 605 10 12 0.028667489 
153 636 11 13 0.028657807 
711 582 11 12 0.028654289 
384 225 12 15 0.028566174 
406 607 12 13 0.028478501 
625 600 8 9 0.02844351 
669 591 9 11 0.02841669 
381 582 9 11 0.028372917 
935 592 10 11 0.028332919 
746 407 17 20 0.028326448 
248 549 9 11 0.02830797 
199 637 11 15 0.028302742 
191 418 17 19 0.02830273 
485 55 9 11 0.028276617 
234 659 16 19 0.028268436 
672 557 8 10 0.02826048 
184 602 11 13 0.028233014 
791 527 12 13 0.028226819 
970 630 9 11 0.02820125 
115 595 9 12 0.028195923 
119 613 9 11 0.028136527 
948 575 9 11 0.0280923 
170 416 14 19 0.028070875 
318 566 9 11 0.028023014 
234 396 15 19 0.028022477 
797 170 12 17 0.027960464 
406 641 13 19 0.02791218 
305 144 9 12 0.027841486 
541 364 16 21 0.027823612 
200 403 13 16 0.027745744 
967 608 8 10 0.02771407 
1006 228 11 15 0.027694738 
358 454 11 15 0.027679697 
616 292 14 17 0.027627768 
49 260 11 14 0.027623158 
512 141 16 21 0.027605576 
830 436 15 22 0.02755198 
530 164 10 14 0.02755198 
542 607 10 12 0.027542876 
468 662 13 16 0.027503438 
237 651 15 18 0.02749131 
97 298 21 26 0.02747208 
15 589 8 10 0.027436856 
370 332 14 19 0.027370477 
300 660 15 17 0.027346598 
1015 539 9 13 0.027326178 
604 405 11 14 0.027309675 
838 573 10 12 0.027276186 
263 438 25 29 0.027260879 
494 138 13 17 0.02726059 
653 165 9 12 0.027252007 
390 328 18 24 0.027248217 
664 220 9 14 0.027228227 
24 234 12 16 0.027216624 
260 556 11 12 0.027211364 
499 316 17 19 0.027185129 
641 439 9 11 0.027155314 
374 635 10 15 0.027136263 
1008 559 11 13 0.027135873 
405 350 14 17 0.027109545 
573 471 9 12 0.027102998 
293 55 11 15 0.027059259 
271 187 11 14 0.027056457 
521 608 8 9 0.027013335 
115 634 13 16 0.026956959 
857 321 22 28 0.026914151 
632 565 8 10 0.026889537 
134 139 11 15 0.026885895 
431 605 9 11 0.026863242 
710 599 12 15 0.026846373 
237 323 20 25 0.026767176 
408 599 8 10 0.02675052 
582 623 11 13 0.026721368 
319 595 11 14 0.026717396 
856 333 17 20 0.026664015 
519 158 12 15 0.026605852 
156 197 14 16 0.026600786 
540 328 17 20 0.026530268 
149 73 13 18 0.026523717 
516 285 11 14 0.026410451 
439 232 11 14 0.026407592 
664 230 11 13 0.026377192 
148 51 12 16 0.026368106 
297 551 9 12 0.026329426 
991 479 10 13 0.026327226 
957 123 10 13 0.026288064 
712 129 13 18 0.026281817 
840 590 9 11 0.026265567 
165 274 13 15 0.026246773 
936 598 8 10 0.026210938 
558 622 10 12 0.026209064 
507 170 12 16 0.02620511 
563 254 14 16 0.026202574 
338 314 23 31 0.02619478 
927 598 9 11 0.026186384 
700 634 14 18 0.026184795 
783 582 9 11 0.026151476 
367 566 9 11 0.026122458 
340 186 14 17 0.02612134 
698 582 8 10 0.026119316 
382 574 8 10 0.026105456 
900 292 15 17 0.026104104 
897 560 8 10 0.026083095 
272 435 15 20 0.026081597 
370 583 8 10 0.026075538 
164 634 10 13 0.02606487 
31 387 20 27 0.026040971 
453 612 9 10 0.02604011 
374 215 9 12 0.026026532 
526 655 12 13 0.025993995 
389 613 9 13 0.025973719 
972 588 9 11 0.02596048 
940 342 16 19 0.025949925 
5 340 16 22 0.025943778 
957 598 8 10 0.025918998 
475 244 14 17 0.025885046 
270 346 13 16 0.025839949 
620 236 12 17 0.025832059 
718 148 12 15 0.025785254 
552 298 200 212 0.025761709 
311 444 12 16 0.025724104 
22 277 10 13 0.02566931 
480 627 10 15 0.02565284 
202 419 21 25 0.025643554 
922 132 15 19 0.025633404 
597 179 12 15 0.025628574 
952 551 9 9 0.025619142 
745 590 8 12 0.025562137 
549 170 13 17 0.025483662 
1 150 454 455 0.025413498 
974 583 10 12 0.025401466 
176 579 21 26 0.025334531 
98 572 9 12 0.025325743 
671 356 11 15 0.025307965 
648 574 9 10 0.02529904 
620 507 12 15 0.025222149 
488 622 11 15 0.025201054 
1013 149 10 16 0.025169918 
694 34 11 14 0.025132582 
997 195 12 16 0.025112916 
426 293 12 14 0.025110688 
912 156 11 15 0.025060296 
973 298 13 15 0.024985913 
788 284 15 18 0.024969542 
477 150 15 18 0.024876678 
608 574 8 11 0.024862321 
858 439 14 20 0.02484722 
115 420 18 23 0.024842247 
396 216 12 13 0.024817407 
365 80 9 12 0.024799673 
881 415 15 21 0.024775546 
619 344 15 20 0.02469725 
857 36 10 12 0.024689311 
728 164 13 17 0.024678757 
695 631 10 13 0.024647202 
260 164 14 20 0.024643024 
554 341 14 19 0.024637712 
984 582 8 10 0.02462266 
374 371 11 13 0.024620472 
343 625 15 19 0.024617951 
513 597 9 11 0.024612507 
251 409 14 19 0.024602694 
112 250 14 20 0.024596369 
1006 164 12 17 0.024584325 
347 333 21 26 0.024569727 
463 584 7 9 0.024565004 
969 559 8 10 0.024541289 
361 463 19 25 0.024535736 
665 583 8 10 0.024516994 
498 273 14 19 0.024510631 
285 565 10 12 0.024491685 
893 440 19 23 0.02448393 
88 265 23 26 0.024474604 
503 597 9 11 0.024470866 
347 506 12 16 0.024462627 
993 53 13 17 0.024434311 
616 316 14 18 0.024426341 
469 275 14 16 0.024420261 
670 568 9 10 0.024419216 
531 157 10 13 0.024417026 
366 158 10 12 0.024396747 
322 417 13 17 0.024368577 
627 345 13 18 0.024362087 
353 160 8 11 0.024350572 
109 571 12 14 0.02434166 
143 173 14 16 0.024194054 
939 134 15 18 0.024164522 
464 476 10 12 0.02416059 
135 413 24 31 0.02413734 
431 583 8 9 0.024102574 
359 462 12 16 0.02409144 
254 147 12 13 0.024086397 
117 608 9 11 0.024075683 
403 322 16 19 0.02404737 
687 147 14 18 0.024047183 
582 398 11 13 0.024016604 
993 288 17 23 0.024016151 
189 407 22 26 0.024003988 
423 583 8 9 0.024002401 
647 149 10 13 0.024000183 
50 623 8 10 0.02397338 
919 564 8 11 0.023957223 
353 63 9 11 0.023948822 
394 588 9 12 0.023913756 
946 326 13 15 0.023902355 
465 606 9 10 0.02384659 
637 565 8 11 0.023821175 
904 566 9 11 0.023812268 
517 596 9 11 0.023802297 
553 593 9 11 0.023797069 
404 331 15 17 0.023760933 
101 584 9 11 0.023755334 
202 402 22 25 0.023749461 
557 179 11 13 0.023744497 
275 100 13 18 0.02374437 
84 420 16 19 0.023698151 
950 258 11 16 0.023659097 
431 592 8 11 0.023646928 
733 150 12 15 0.023630284 
101 291 12 16 0.023626454 
355 282 16 19 0.023611246 
382 598 9 11 0.023601765 
992 592 7 9 0.023589807 
345 159 7 10 0.023582917 
946 627 9 12 0.023563271 
711 609 11 15 0.023547396 
662 237 11 16 0.02354241 
665 86 10 12 0.023475803 
987 38 10 13 0.023466134 
383 638 13 18 0.023460528 
164 622 11 14 0.023387184 
929 554 8 9 0.023372611 
639 576 8 9 0.023342745 
439 282 12 17 0.02333171 
470 373 11 15 0.023319168 
611 221 13 15 0.023297565 
1003 621 12 15 0.023275066 
772 137 15 20 0.02325258 
327 348 11 13 0.02324779 
614 154 12 15 0.023234317 
647 174 9 12 0.023234304 
274 583 19 23 0.023224622 
997 606 19 24 0.02322434 
385 422 15 19 0.023199925 
53 574 10 12 0.02316723 
585 610 10 13 0.023157649 
549 268 22 27 0.02315271 
550 268 13 18 0.02313685 
663 567 9 11 0.023110686 
9 302 9 12 0.023093771 
493 267 15 20 0.023082845 
318 323 21 28 0.02307613 
91 655 12 14 0.023063023 
653 583 9 11 0.023026515 
1010 331 12 17 0.0230247 
62 116 12 15 0.023022965 
656 372 11 13 0.022972178 
237 451 13 16 0.022963481 
7 309 10 13 0.022952352 
192 338 14 16 0.022941314 
837 362 19 25 0.02293943 
760 54 10 13 0.022884583 
631 79 9 10 0.02288113 
395 497 16 18 0.022880925 
617 46 10 12 0.022846157 
157 616 9 11 0.022833608 
41 608 9 11 0.022827258 
594 143 14 17 0.022826247 
889 599 8 11 0.02281558 
100 401 14 19 0.022813508 
637 390 10 14 0.022797743 
110 149 12 15 0.022795679 
605 236 13 15 0.022791939 
1008 590 8 11 0.022784464 
752 598 8 11 0.022742713 
541 354 16 18 0.022735307 
797 607 9 10 0.022727821 
326 543 11 14 0.022709735 
862 584 9 10 0.022692543 
262 603 12 14 0.022674313 
336 174 9 11 0.022663489 
720 117 11 14 0.022662424 
455 583 7 8 0.022650652 
1009 29 16 29 0.022650002 
631 151 12 14 0.022639927 
664 573 9 12 0.022625392 
869 480 16 19 0.022596689 
638 160 11 14 0.022567345 
119 582 10 12 0.022540687 
929 573 9 12 0.022499908 
493 72 8 11 0.022491105 
299 668 13 14 0.022474805 
1006 151 10 13 0.022472695 
68 454 10 14 0.022416463 
482 325 21 27 0.022368208 
729 237 12 15 0.022359096 
180 574 14 16 0.022347882 
630 271 14 18 0.022337154 
768 592 8 10 0.022326881 
612 362 14 18 0.02232095 
622 71 8 11 0.022303184 
739 157 12 17 0.022292119 
572 243 11 14 0.022243861 
793 613 8 10 0.022234954 
767 173 14 17 0.022211947 
548 291 13 17 0.022191614 
401 226 13 15 0.022182094 
531 258 17 20 0.022181166 
558 629 10 12 0.022177696 
191 147 11 15 0.022164917 
63 370 11 16 0.022153405 
647 343 11 15 0.022129148 
125 219 11 14 0.022111258 
885 582 7 10 0.022063747 
343 501 13 17 0.022063654 
629 232 14 18 0.02205905 
391 92 10 12 0.022004953 
212 333 13 18 0.021993615 
380 590 9 11 0.021955507 
247 565 10 14 0.0219271 
179 500 17 20 0.021863997 
767 125 11 14 0.021863816 
629 611 11 16 0.021849377 
780 424 15 18 0.021847453 
393 552 8 10 0.021832228 
376 542 9 11 0.021818325 
520 160 18 22 0.021807358 
755 288 14 18 0.02179589 
596 65 12 13 0.021780938 
929 591 8 10 0.02174729 
374 620 19 24 0.021744575 
448 244 11 14 0.021740438 
648 166 9 12 0.021731 
134 205 13 15 0.02172707 
0 304 8 12 0.02170087 
349 293 20 28 0.021683162 
412 204 10 12 0.021668602 
149 581 9 12 0.021666318 
98 269 15 17 0.02166377 
314 396 14 20 0.021607837 
53 606 8 9 0.02160482 
134 103 13 19 0.021594197 
518 291 12 16 0.021579644 
796 209 12 16 0.021564174 
114 630 10 12 0.021558069 
968 300 12 15 0.021554379 
350 557 9 11 0.021543931 
145 602 10 13 0.021527879 
489 312 20 26 0.021512263 
835 51 13 17 0.021496285 
6 313 12 16 0.021479143 
189 90 13 17 0.021439526 
334 167 10 11 0.021406593 
9 422 20 27 0.021387223 
557 590 10 11 0.021366261 
703 572 10 13 0.021362737 
904 574 8 10 0.021347279 
277 566 10 14 0.02134247 
584 60 9 12 0.021332785 
659 356 13 15 0.021300022 
350 170 12 15 0.021287847 
448 583 8 9 0.02128764 
993 575 7 10 0.021285841 
804 590 8 10 0.021279369 
583 574 8 11 0.021265239 
618 567 8 11 0.021234376 
968 613 8 10 0.021188539 
885 332 12 15 0.02115881 
576 595 10 12 0.021138677 
375 575 8 9 0.021105511 
596 188 11 13 0.021065598 
935 606 7 8 0.021057345 
615 639 10 11 0.021039488 
222 329 17 21 0.021024534 
957 316 13 15 0.021004317 
593 171 10 13 0.021002611 
992 377 13 18 0.020986166 
1009 583 8 9 0.020981796 
558 582 10 10 0.020968743 
72 604 9 11 0.020961279 
758 592 9 11 0.020953966 
752 605 8 10 0.020927094 
696 607 8 10 0.02087291 
293 534 10 11 0.020854702 
702 581 9 12 0.020847468 
0 85 9 17 0.020841874 
122 374 14 18 0.020836938 
275 288 18 20 0.020825867 
386 620 10 13 0.020822326 
17 103 16 20 0.02081909 
284 357 17 19 0.020790301 
851 570 11 12 0.020788249 
384 200 10 12 0.020781592 
303 45 12 13 0.020754037 
406 470 9 11 0.020741837 
670 154 11 15 0.020676518 
86 646 10 11 0.020662747 
526 289 23 26 0.020653218 
174 549 14 18 0.02064758 
194 619 12 16 0.020636857 
679 192 10 13 0.020629961 
585 187 11 14 0.020624874 
679 551 8 10 0.020592943 
142 588 9 11 0.020586485 
423 260 9 12 0.020554516 
622 77 8 11 0.020537311 
179 633 11 15 0.020534059 
359 176 12 15 0.020533495 
59 229 14 18 0.020529468 
951 546 8 9 0.020528678 
503 190 10 13 0.02052823 
174 310 14 17 0.020520456 
614 623 9 12 0.020513153 
393 341 21 28 0.020502139 
321 581 11 13 0.020495025 
1000 359 13 17 0.020483043 
903 589 8 11 0.020429615 
3 325 13 17 0.020420425 
424 621 10 12 0.02041082 
141 57 14 18 0.020399977 
167 652 13 15 0.020369936 
750 498 41 45 0.020344883 
943 567 8 10 0.020343648 
153 384 23 30 0.020341413 
652 99 10 13 0.020335717 
276 76 12 15 0.020318529 
56 132 15 18 0.020272184 
49 591 8 10 0.02027177 
792 591 10 11 0.0202647 
604 489 12 15 0.020248977 
50 183 23 27 0.020241326 
613 354 14 18 0.020228293 
374 231 10 12 0.020221531 
225 267 14 19 0.020212488 
149 487 24 31 0.020195605 
288 543 9 11 0.020186003 
424 299 14 17 0.0201522 
664 100 9 11 0.020150553 
870 567 9 11 0.020149367 
958 323 15 18 0.020139785 
344 263 18 24 0.02013097 
563 291 21 27 0.020130437 
998 582 8 8 0.020069031 
995 265 14 21 0.020056993 
513 591 9 11 0.02005176 
80 274 13 17 0.020036703 
757 171 13 17 0.020024454 
