18_Concerts_Concerts_18_66
235
479 199 25 33 0.99910045 
626 246 37 50 0.9987582 
638 417 65 80 0.9969015 
441 363 65 92 0.9966054 
492 323 66 91 0.9944518 
808 264 39 51 0.9914726 
436 257 39 48 0.9903448 
197 246 34 43 0.99028146 
891 352 47 55 0.98630434 
925 294 39 45 0.98154503 
388 220 27 34 0.973651 
283 462 88 72 0.96933705 
220 313 52 70 0.96371543 
757 333 43 63 0.9442396 
506 179 20 28 0.9408832 
189 320 38 51 0.92637724 
71 318 53 58 0.92240596 
211 169 21 24 0.90345097 
26 266 29 45 0.89316124 
173 199 22 30 0.8070246 
578 314 45 58 0.7949039 
287 158 18 22 0.7588729 
229 202 21 26 0.7174448 
457 166 15 20 0.6021733 
471 344 65 90 0.5267019 
333 152 13 18 0.49079606 
375 153 16 23 0.40626547 
760 171 13 19 0.40042856 
408 200 17 21 0.3984034 
301 201 15 20 0.38061133 
528 168 18 25 0.38044566 
414 195 23 28 0.35366565 
736 297 30 34 0.33104414 
17 209 29 32 0.28691104 
782 177 22 26 0.26071572 
890 172 19 23 0.24054024 
728 272 42 53 0.23965089 
509 162 14 18 0.21831371 
963 475 58 71 0.21531163 
361 188 18 22 0.20572147 
660 117 12 16 0.19020763 
579 191 16 22 0.18288961 
690 222 27 37 0.17122944 
950 201 48 63 0.16631737 
379 152 11 14 0.15391564 
517 137 13 16 0.1444137 
106 255 24 29 0.13819447 
579 177 17 21 0.1342498 
395 185 15 19 0.12300065 
639 183 16 21 0.12036783 
179 176 15 19 0.11684694 
405 182 12 15 0.11074405 
608 172 10 15 0.11067252 
622 161 14 18 0.10508366 
825 219 22 29 0.102717064 
457 253 28 39 0.10070452 
422 189 24 31 0.100294605 
173 163 17 21 0.09818886 
346 172 13 16 0.09258104 
430 127 8 10 0.09248178 
511 171 21 28 0.08901808 
576 173 14 18 0.079384565 
294 198 16 21 0.07844463 
585 185 16 21 0.0718008 
55 193 30 37 0.07173172 
696 160 29 39 0.070872605 
11 273 32 40 0.06942126 
769 211 17 23 0.06924179 
346 215 16 20 0.06818455 
326 149 14 18 0.066820875 
788 163 17 20 0.066470765 
246 188 14 16 0.065444164 
987 309 38 64 0.06518029 
349 165 12 15 0.06361646 
762 169 41 53 0.06303451 
327 126 9 12 0.061496843 
771 172 23 30 0.060017873 
174 178 25 35 0.059566833 
270 215 15 21 0.057736438 
615 142 11 13 0.057235125 
395 190 20 26 0.057168238 
900 242 47 53 0.05637069 
191 147 10 13 0.05405745 
908 296 41 49 0.054050963 
67 199 30 34 0.05398766 
762 166 24 31 0.05121708 
82 199 26 31 0.05019048 
877 327 32 42 0.049982768 
566 187 23 30 0.049764957 
173 158 13 17 0.049632303 
302 293 32 39 0.049470566 
457 139 11 15 0.048049584 
692 165 15 20 0.04693762 
585 170 20 26 0.046027828 
343 178 14 18 0.045857534 
240 299 52 69 0.045703657 
750 303 19 23 0.04513075 
406 174 11 14 0.04471691 
242 195 20 25 0.044510674 
7 185 49 59 0.0443909 
621 407 58 73 0.044350017 
320 153 13 17 0.04433943 
537 323 56 68 0.04399863 
877 306 39 49 0.04383196 
984 355 43 80 0.043631826 
348 134 9 11 0.042214077 
594 168 15 19 0.041567322 
889 256 39 49 0.041338827 
253 142 10 14 0.04106212 
880 270 38 49 0.040467717 
65 330 36 41 0.040289994 
592 165 12 16 0.039999496 
525 158 17 21 0.039728772 
877 335 47 60 0.03941284 
455 118 9 11 0.03912556 
873 287 37 49 0.03896105 
460 159 15 19 0.038816333 
352 231 24 31 0.03855887 
668 330 42 54 0.038219478 
523 226 23 30 0.037987553 
98 254 40 48 0.037921347 
253 250 23 31 0.03778276 
551 114 9 11 0.0375398 
684 236 38 54 0.037289996 
732 249 49 61 0.037252117 
402 208 26 35 0.03715673 
425 133 11 13 0.037149224 
548 249 24 31 0.036782417 
928 177 82 99 0.036463916 
180 158 13 15 0.036225583 
840 173 25 34 0.036138542 
420 155 11 15 0.035610422 
294 277 91 105 0.034989364 
925 44 76 69 0.03469868 
286 110 8 10 0.034126345 
631 115 9 11 0.033531167 
900 18 119 112 0.03347179 
767 214 44 57 0.033374377 
274 292 53 64 0.033017494 
513 132 13 16 0.032367684 
553 144 24 29 0.0321324 
326 202 13 17 0.03194939 
352 186 21 29 0.031581488 
275 240 16 22 0.031578936 
251 194 15 20 0.031501688 
40 174 49 59 0.031197315 
269 186 12 15 0.03116791 
1005 189 15 21 0.030807804 
399 179 21 24 0.03057801 
443 108 11 14 0.03054617 
902 271 41 51 0.029702697 
824 165 43 53 0.029526701 
595 385 58 73 0.02853209 
422 187 16 20 0.028409975 
212 256 29 35 0.028165149 
637 191 16 23 0.027965344 
828 183 15 22 0.027791597 
235 164 12 16 0.027787225 
405 186 22 26 0.027644169 
785 254 29 39 0.027384216 
935 62 44 44 0.027197668 
554 180 23 27 0.026614614 
347 198 22 30 0.026524277 
334 215 24 29 0.026454264 
974 203 30 44 0.026341783 
206 165 17 22 0.025970165 
781 200 43 56 0.025870977 
511 155 21 26 0.025787951 
299 211 16 23 0.025696862 
251 181 14 19 0.025547847 
219 163 23 28 0.025544768 
187 68 27 37 0.025440864 
178 160 23 29 0.025137994 
314 77 138 134 0.024981257 
792 168 17 24 0.024783969 
948 173 14 16 0.02464232 
719 289 29 37 0.024584759 
460 135 13 16 0.024522992 
46 85 16 20 0.024220217 
502 132 11 14 0.02417034 
100 187 27 34 0.0241321 
350 159 12 15 0.02408829 
-1 501 90 118 0.023815457 
199 73 25 33 0.023786351 
165 129 14 17 0.023739798 
328 230 26 32 0.023510316 
125 117 10 12 0.023483733 
889 212 50 58 0.023395943 
665 165 10 13 0.023292055 
853 156 12 15 0.023201004 
465 163 14 20 0.023123695 
790 172 25 34 0.023070503 
389 188 17 23 0.023065528 
301 170 13 17 0.022969509 
502 125 10 13 0.022948185 
378 163 16 22 0.022945734 
399 224 20 25 0.02289593 
410 180 13 16 0.022857962 
195 143 11 12 0.022841884 
572 220 22 31 0.022699874 
295 285 54 65 0.022679234 
812 218 29 36 0.022642413 
332 204 11 14 0.022327678 
305 134 9 11 0.02213607 
779 151 28 33 0.022107655 
844 236 31 42 0.02200085 
593 100 9 12 0.021907205 
260 186 15 19 0.021902803 
510 127 12 14 0.021848928 
261 203 21 31 0.021808011 
893 298 35 48 0.021795558 
205 156 13 17 0.021738993 
218 179 17 22 0.021694824 
590 68 116 122 0.021657147 
524 204 21 30 0.021598307 
282 202 24 31 0.021486593 
337 309 54 67 0.021364711 
554 204 25 33 0.02124306 
304 148 11 14 0.021207735 
556 172 15 17 0.021011075 
433 186 15 19 0.020984715 
307 171 20 28 0.020956239 
155 311 44 57 0.020920804 
286 151 15 18 0.020751392 
261 240 25 32 0.020736804 
683 183 16 20 0.020619957 
478 118 9 11 0.020593772 
315 201 13 18 0.020585882 
277 230 24 32 0.020519553 
409 223 16 22 0.020505404 
698 213 44 59 0.020463416 
601 166 19 26 0.020456653 
836 178 16 22 0.020400325 
738 340 45 61 0.020360675 
883 98 26 27 0.020037504 
