18_Concerts_Concerts_18_38
471
68 415 31 45 0.99883074 
759 393 30 43 0.99428314 
529 266 26 34 0.97923297 
294 535 39 75 0.97797763 
95 393 27 38 0.9762648 
805 275 22 30 0.9692095 
641 185 23 30 0.95541614 
279 215 30 43 0.9539232 
420 501 64 100 0.91507894 
594 301 21 30 0.85997003 
537 487 67 84 0.8537344 
561 343 23 37 0.8423372 
508 213 12 15 0.81383854 
145 324 23 32 0.7700699 
726 317 15 18 0.75170577 
876 237 11 13 0.71201223 
278 188 16 20 0.6967163 
514 414 24 35 0.67454064 
568 353 25 37 0.64645636 
364 184 14 16 0.6381469 
131 328 27 31 0.6045547 
405 441 54 66 0.59519136 
540 409 23 42 0.51481456 
455 236 12 15 0.5089638 
898 343 37 55 0.48535153 
218 288 18 23 0.43515557 
364 299 15 20 0.43192485 
532 215 10 12 0.41711822 
569 198 8 11 0.39518157 
525 415 29 39 0.3690018 
397 504 54 65 0.36501667 
733 287 12 15 0.35697177 
689 260 9 12 0.34288582 
679 270 12 15 0.3378777 
637 279 18 21 0.32129735 
410 476 62 89 0.31397045 
1012 226 12 21 0.26312435 
894 278 13 15 0.2500246 
528 218 12 15 0.23524019 
860 278 12 16 0.23412998 
431 228 11 14 0.2321962 
712 261 10 13 0.21131483 
771 211 12 14 0.19216901 
845 247 8 10 0.1734445 
768 278 11 13 0.17294767 
431 199 11 14 0.17170955 
730 216 8 10 0.16916715 
186 333 13 17 0.16588444 
745 242 9 13 0.15588748 
486 301 12 17 0.1496625 
798 235 9 12 0.14609116 
769 207 10 13 0.14330797 
968 229 9 12 0.14124785 
21 403 16 24 0.14098416 
9 396 19 30 0.13949804 
531 228 13 16 0.1377782 
824 252 9 11 0.13503923 
877 243 10 12 0.13105094 
734 215 8 10 0.13080157 
189 377 24 41 0.13009524 
927 256 8 9 0.12631887 
511 195 11 14 0.123899 
903 254 8 10 0.121680036 
808 271 12 18 0.120731644 
556 346 18 27 0.120328434 
309 451 42 47 0.11900347 
4 603 51 88 0.11867071 
737 291 13 16 0.11834622 
126 371 15 20 0.11243944 
353 494 32 47 0.10805749 
372 507 48 56 0.10547099 
665 236 10 13 0.10499383 
487 174 7 9 0.10479047 
341 269 14 18 0.10469157 
550 226 13 17 0.10377541 
308 206 13 15 0.10162836 
349 269 13 18 0.0992023 
572 198 10 13 0.092859976 
446 237 12 15 0.089468814 
814 231 8 11 0.08929254 
262 197 14 17 0.089134574 
983 268 38 54 0.08817336 
895 272 10 13 0.08808665 
961 224 8 12 0.08805681 
82 406 29 45 0.08745447 
296 209 24 33 0.085377775 
920 256 8 10 0.0851414 
867 303 13 20 0.08487078 
903 247 8 10 0.0848488 
453 220 11 14 0.07898437 
569 255 10 13 0.077676564 
650 181 13 21 0.074950986 
424 230 11 14 0.07381344 
529 208 9 12 0.07268611 
714 230 8 11 0.07219894 
855 199 7 9 0.070653625 
847 200 7 9 0.07049403 
727 245 10 12 0.06984383 
735 271 10 12 0.06954277 
743 223 7 10 0.0690112 
870 193 8 9 0.06895458 
75 381 12 16 0.06869068 
745 229 9 11 0.067722686 
747 238 10 12 0.06768388 
460 242 11 13 0.0673689 
190 325 13 15 0.06659075 
913 261 10 12 0.066284515 
728 240 10 11 0.066016875 
908 339 52 72 0.064283125 
420 529 39 65 0.06359398 
862 270 10 14 0.06356539 
984 264 27 31 0.06314736 
502 421 39 50 0.063001506 
454 193 9 11 0.06266477 
692 256 10 12 0.062431913 
823 213 7 9 0.062061764 
918 260 10 12 0.061921433 
898 280 13 17 0.061892983 
879 278 9 11 0.061410815 
541 226 12 17 0.060969744 
735 278 11 15 0.060919642 
238 563 56 73 0.06031141 
688 190 8 10 0.060081765 
418 430 36 50 0.059904434 
444 242 11 15 0.059593752 
555 221 10 13 0.05907484 
784 275 10 13 0.05802721 
629 349 23 37 0.057686947 
911 293 12 16 0.057685535 
584 238 10 16 0.057306033 
704 263 10 12 0.05711876 
573 365 29 32 0.05683688 
869 268 11 15 0.056069244 
736 209 7 9 0.05589343 
635 373 14 22 0.05575349 
949 181 8 10 0.055731155 
452 213 11 14 0.055567056 
814 223 7 10 0.05540979 
121 373 23 32 0.055141624 
504 206 12 15 0.054971516 
694 239 9 11 0.05463685 
714 175 8 10 0.054574616 
353 274 16 19 0.054470226 
905 224 7 9 0.05337079 
682 368 14 20 0.052419875 
971 233 12 14 0.05211647 
942 224 8 9 0.052041892 
889 190 7 8 0.051750124 
768 283 12 15 0.051632594 
990 175 8 11 0.051576193 
729 290 13 16 0.051501095 
716 284 10 13 0.05135559 
887 293 9 12 0.050857298 
808 235 9 12 0.050767716 
728 219 8 11 0.050681226 
712 191 8 10 0.050567735 
694 359 23 29 0.050148208 
601 296 24 32 0.049827624 
3 352 13 19 0.0493962 
536 519 62 89 0.049063448 
813 264 11 14 0.04885565 
317 271 17 23 0.048830453 
783 322 11 15 0.04875157 
553 217 10 12 0.04826869 
840 217 7 9 0.04806099 
900 271 10 13 0.047924742 
112 385 24 36 0.047007166 
788 273 11 16 0.046789378 
942 271 23 26 0.046361256 
790 330 14 18 0.045879632 
440 277 12 16 0.045681562 
729 175 6 9 0.045480393 
831 240 7 9 0.045207933 
197 338 12 16 0.04499829 
684 273 11 17 0.04495262 
670 275 12 15 0.044405445 
685 323 12 17 0.044337694 
438 236 13 16 0.043662123 
720 223 8 10 0.04315598 
556 406 24 42 0.043089505 
912 256 9 11 0.04181189 
534 210 9 12 0.04167673 
591 229 11 17 0.041450653 
476 379 14 15 0.041337907 
693 286 9 13 0.041107323 
359 515 32 46 0.040788542 
485 380 11 13 0.040746074 
761 260 12 14 0.04048189 
302 208 15 19 0.039678358 
965 224 10 13 0.0393694 
269 191 20 24 0.039055806 
389 223 9 13 0.038947523 
478 283 10 13 0.03889308 
843 200 7 10 0.03865533 
815 207 8 10 0.038626723 
524 271 21 24 0.03839063 
356 291 22 25 0.03837229 
943 192 8 10 0.03828953 
501 282 12 17 0.038091138 
736 221 8 10 0.037896123 
769 206 18 23 0.037821006 
879 286 10 13 0.03780831 
693 266 11 14 0.037727922 
475 275 12 17 0.037726484 
711 255 11 14 0.037704498 
766 251 14 17 0.0375627 
878 250 10 12 0.037541952 
897 253 10 12 0.03750231 
41 398 23 27 0.037369736 
493 222 11 14 0.036526024 
753 331 9 13 0.03647767 
567 193 9 12 0.036197655 
504 400 28 38 0.03603447 
864 216 7 9 0.035603423 
716 330 12 16 0.035508793 
802 184 7 9 0.03547468 
543 335 35 46 0.035197984 
801 188 7 10 0.034892913 
911 266 11 13 0.034815468 
731 312 12 15 0.03475412 
732 245 9 12 0.034405358 
848 205 8 10 0.03398716 
881 323 70 102 0.033939194 
484 298 21 27 0.033918653 
721 246 9 11 0.03391794 
864 198 7 9 0.033593748 
983 167 8 10 0.03344644 
528 233 15 20 0.032905504 
406 184 10 13 0.032890335 
515 192 10 11 0.032838546 
2 393 17 29 0.032817382 
581 196 12 16 0.032737292 
350 279 15 20 0.032723438 
367 439 59 68 0.03253635 
986 182 8 11 0.032475885 
334 268 13 18 0.03237265 
723 320 21 28 0.03219235 
855 222 7 9 0.032069225 
137 225 8 10 0.0319809 
761 244 10 12 0.03189609 
988 261 17 22 0.031793296 
58 393 16 21 0.03162068 
829 245 8 11 0.031594325 
436 197 11 15 0.0315551 
705 191 8 10 0.031533606 
350 262 12 16 0.031522576 
889 186 7 8 0.031509712 
664 277 10 13 0.031071955 
114 640 28 33 0.031037752 
841 250 10 12 0.030976174 
319 150 9 11 0.030825468 
701 293 10 12 0.030656876 
771 217 13 14 0.03059271 
417 483 35 60 0.030353315 
327 450 50 64 0.030334726 
236 250 14 21 0.030329285 
391 245 12 16 0.030267669 
766 246 11 14 0.030104293 
711 332 11 15 0.030056544 
728 250 10 13 0.030034255 
428 222 21 23 0.029918335 
687 339 25 31 0.029918287 
458 229 12 17 0.02991555 
879 292 10 14 0.029884612 
726 340 13 19 0.029850893 
865 193 8 9 0.029793901 
727 268 10 13 0.02974341 
138 338 29 35 0.02952003 
695 292 11 13 0.029507566 
878 271 10 13 0.029505584 
641 359 15 24 0.029488966 
32 404 21 28 0.029393794 
889 276 10 14 0.029288294 
913 191 7 9 0.029254014 
533 461 55 76 0.029209098 
941 197 8 10 0.02914748 
588 243 22 29 0.02903353 
903 259 10 13 0.029012885 
43 410 22 29 0.029005084 
260 209 15 18 0.028822206 
946 176 9 10 0.028800052 
588 234 14 21 0.028770925 
149 298 12 15 0.028736068 
977 151 8 9 0.028535362 
399 198 9 13 0.02834553 
697 331 16 18 0.028278949 
687 244 10 12 0.028273381 
440 370 11 15 0.028149558 
627 266 29 33 0.028082738 
719 321 14 19 0.028028661 
43 388 13 16 0.02794384 
422 213 10 12 0.027933016 
335 523 47 72 0.02773096 
793 175 7 8 0.027585156 
338 490 30 43 0.02752886 
348 231 13 18 0.02750859 
857 269 9 13 0.027487993 
888 271 9 12 0.027445732 
232 256 13 18 0.027383907 
467 375 26 27 0.027290981 
761 191 8 10 0.02724508 
197 318 11 15 0.027180621 
933 254 8 10 0.027038394 
370 292 14 20 0.026986053 
688 185 8 11 0.026955197 
823 190 7 9 0.02692067 
448 195 10 13 0.026868744 
967 266 34 43 0.026784653 
356 399 18 24 0.026773185 
941 228 9 11 0.026768569 
864 207 8 9 0.026739942 
968 193 8 9 0.026721172 
767 200 8 10 0.026716959 
864 264 9 11 0.02670793 
868 262 11 13 0.026648598 
308 200 12 13 0.026548041 
688 283 11 15 0.026536271 
887 285 12 15 0.026451811 
833 320 14 20 0.026246045 
907 284 13 17 0.026228884 
18 395 16 24 0.026122475 
824 278 22 28 0.026122333 
772 247 14 17 0.026088998 
974 207 10 13 0.025999472 
567 381 25 35 0.025998602 
499 382 23 33 0.025889087 
680 192 7 9 0.025867589 
615 303 17 23 0.0258405 
928 248 8 11 0.02583156 
476 288 22 30 0.025683993 
848 216 7 9 0.025641724 
509 337 38 45 0.025620164 
85 398 17 25 0.025561616 
692 335 16 19 0.02555849 
686 365 24 31 0.025553528 
488 204 10 13 0.025517352 
505 200 9 12 0.025488298 
999 205 12 15 0.025361752 
597 295 15 19 0.025337564 
892 290 11 15 0.025330778 
493 393 27 39 0.025244482 
693 298 13 15 0.02520915 
275 193 24 29 0.025047058 
429 396 13 15 0.025018914 
760 222 8 11 0.024972243 
680 246 10 12 0.024942016 
480 300 12 17 0.024755968 
610 458 14 19 0.024746556 
901 279 20 28 0.024740756 
926 239 9 11 0.024715947 
514 212 12 16 0.02470236 
903 241 8 10 0.024587229 
659 188 11 16 0.024519235 
1007 211 15 20 0.02445648 
855 192 7 9 0.024420302 
727 262 10 13 0.024380239 
469 269 14 19 0.024373934 
806 183 6 9 0.024364563 
722 216 8 10 0.02435784 
873 232 18 22 0.024336165 
765 270 13 16 0.02425161 
446 229 14 17 0.024221355 
599 413 24 37 0.02412629 
766 289 13 15 0.024112355 
863 220 8 10 0.024110248 
690 315 15 20 0.02407741 
575 173 7 9 0.02400416 
454 206 11 13 0.024001045 
849 191 8 9 0.023994567 
733 252 9 12 0.023933727 
392 421 48 66 0.023910746 
109 359 11 14 0.023892589 
316 206 10 13 0.02388416 
25 411 17 23 0.023876192 
76 392 16 22 0.023783041 
711 248 10 12 0.02375006 
352 452 52 67 0.02372399 
679 352 22 31 0.02358475 
563 197 8 11 0.023576885 
351 290 14 19 0.02355976 
685 347 12 16 0.023550067 
814 199 7 8 0.023548333 
835 276 21 29 0.023526695 
187 342 17 19 0.023510147 
855 185 7 8 0.023497436 
404 409 30 45 0.023439763 
1001 156 9 11 0.023424065 
678 375 14 20 0.023336384 
69 383 20 25 0.023292666 
481 398 27 39 0.023246806 
292 429 83 100 0.023241963 
336 275 21 26 0.02316338 
459 364 13 17 0.023158979 
849 221 7 9 0.023125349 
435 221 13 16 0.023115683 
713 225 9 11 0.02310956 
582 205 9 12 0.023096075 
779 343 15 19 0.023059018 
926 223 9 10 0.023047036 
952 216 8 10 0.023024842 
760 382 26 34 0.02294857 
894 189 7 9 0.022925349 
708 339 15 19 0.022908445 
864 245 8 10 0.022868866 
374 253 13 16 0.022810224 
739 324 11 14 0.022809753 
768 176 7 9 0.022803137 
713 181 8 10 0.022740196 
854 206 8 10 0.022730209 
566 192 17 24 0.022635208 
669 284 11 14 0.022631891 
720 238 9 12 0.02259096 
585 231 10 15 0.022570321 
868 274 12 16 0.022495126 
816 192 8 9 0.022436112 
557 232 12 15 0.02230106 
121 457 30 44 0.022276519 
711 334 21 28 0.022242786 
132 479 14 20 0.022226749 
719 197 9 11 0.022226635 
775 176 7 8 0.022216173 
117 650 14 20 0.022043295 
489 384 23 35 0.021936795 
775 314 12 14 0.021927567 
357 217 15 19 0.021907065 
330 586 28 49 0.021811478 
874 233 10 12 0.021810269 
717 279 10 13 0.021788565 
119 149 10 11 0.021752376 
902 182 8 9 0.021737263 
471 390 29 35 0.021720655 
424 196 13 17 0.0216741 
576 168 7 10 0.021628404 
245 234 14 18 0.021622427 
796 335 17 18 0.02157684 
592 376 26 29 0.021567507 
171 379 35 47 0.021555616 
127 329 15 22 0.021544082 
504 375 30 34 0.021448256 
784 168 7 8 0.021389917 
327 197 13 14 0.021360828 
427 443 58 73 0.021337101 
868 295 14 17 0.021243528 
603 451 22 33 0.021223554 
324 268 15 21 0.021189738 
500 393 14 20 0.02118947 
612 354 23 33 0.021069143 
431 507 96 131 0.021063214 
497 329 28 36 0.021047764 
953 222 7 10 0.021007959 
334 166 9 11 0.020996759 
492 434 33 42 0.020918591 
742 182 7 10 0.020878006 
502 225 13 16 0.020868251 
98 481 44 66 0.020730529 
81 380 15 19 0.020711614 
468 372 17 18 0.020672916 
36 394 17 21 0.02060675 
261 202 23 29 0.02059336 
552 413 17 31 0.020572519 
731 337 17 22 0.020508332 
765 248 24 29 0.020408733 
310 272 15 20 0.020298073 
739 340 12 17 0.020295495 
741 215 8 11 0.020278994 
671 190 8 11 0.020262338 
380 251 13 16 0.020261008 
509 192 18 23 0.020127283 
589 228 22 33 0.020124331 
406 195 12 15 0.02007799 
801 279 16 22 0.020074254 
