18_Concerts_Concerts_18_602
362
557 385 30 41 0.99856853 
309 387 24 33 0.9967002 
939 379 32 42 0.9960295 
896 484 42 55 0.99499017 
166 405 24 30 0.9936786 
453 346 16 20 0.99330175 
458 487 27 38 0.99258256 
368 392 28 39 0.9914034 
772 332 16 20 0.9912435 
480 399 27 34 0.99061066 
329 506 36 57 0.9896249 
106 256 15 19 0.9828001 
257 536 30 45 0.9802744 
141 255 15 19 0.9737727 
737 374 18 22 0.9677555 
189 262 13 17 0.95783085 
50 381 22 30 0.9380437 
407 391 20 28 0.9352519 
305 527 38 55 0.929804 
838 341 15 20 0.9272907 
78 420 22 27 0.9126771 
248 300 21 28 0.9001766 
230 297 17 22 0.8895874 
22 338 15 20 0.88403136 
345 379 18 25 0.88140905 
481 260 10 13 0.8721294 
137 404 25 30 0.87194186 
189 362 21 26 0.8379045 
261 261 14 17 0.82474357 
871 371 22 27 0.806207 
514 394 19 28 0.8053606 
473 362 19 23 0.775204 
582 260 9 13 0.76628655 
302 256 13 16 0.7613763 
438 329 13 18 0.73738366 
518 322 16 20 0.7244809 
616 267 11 15 0.7050769 
567 336 14 18 0.70176923 
131 395 16 20 0.675574 
397 325 12 15 0.6275836 
710 337 16 20 0.61610574 
40 346 16 20 0.6157481 
669 339 16 20 0.5301765 
681 354 13 20 0.4990271 
278 529 41 52 0.48060146 
167 266 14 18 0.4697904 
333 271 11 14 0.43818694 
408 288 11 13 0.411612 
281 484 30 34 0.4100904 
398 355 13 16 0.40836918 
508 303 9 12 0.3939694 
339 331 14 16 0.36655065 
871 470 27 31 0.36350042 
523 339 14 17 0.35659334 
506 375 19 22 0.34873918 
87 720 30 31 0.33593163 
875 341 12 14 0.32899624 
0 282 9 17 0.32721668 
838 428 22 29 0.31409034 
549 277 8 11 0.2865196 
676 347 13 18 0.27457023 
917 336 13 16 0.2689727 
552 306 10 12 0.26568243 
577 261 9 13 0.26485988 
244 386 24 26 0.26483384 
383 277 9 11 0.24416678 
25 462 29 35 0.23851305 
114 410 14 17 0.23845354 
901 350 10 16 0.23826848 
375 303 10 12 0.20647463 
222 268 15 19 0.20581101 
348 331 15 18 0.2014911 
291 238 11 13 0.19451529 
325 259 12 14 0.19406094 
154 404 23 29 0.18915431 
49 261 13 18 0.18653977 
35 398 15 19 0.1816727 
401 320 10 13 0.16876516 
350 278 12 16 0.16624033 
600 355 16 20 0.1572555 
406 318 10 13 0.15714063 
37 464 30 32 0.15350184 
116 412 22 29 0.1504533 
392 331 12 15 0.14953177 
392 296 10 12 0.14947821 
240 453 23 28 0.14662218 
118 425 15 21 0.14435901 
391 301 9 12 0.14364676 
367 274 11 14 0.13815345 
14 334 18 25 0.13811587 
813 426 22 28 0.13557145 
915 354 12 14 0.13203548 
873 446 33 36 0.12379511 
651 353 15 17 0.12337557 
196 433 16 21 0.11905566 
5 337 16 21 0.11890236 
434 308 9 11 0.115767725 
915 345 15 18 0.11508416 
374 276 9 13 0.11245484 
313 485 25 29 0.112100564 
924 340 11 14 0.10896203 
454 287 8 11 0.108652905 
736 355 12 16 0.10742694 
437 383 23 26 0.10540166 
606 334 12 14 0.10266188 
767 664 57 48 0.09979591 
382 308 9 12 0.09970064 
211 271 16 19 0.099241756 
164 329 13 15 0.09912658 
255 450 26 28 0.098732375 
73 357 10 13 0.0986284 
464 557 31 42 0.098258235 
413 322 9 13 0.096355975 
290 508 33 42 0.09582347 
574 267 9 11 0.09443185 
400 311 8 11 0.09290613 
346 299 13 16 0.09285937 
0 403 13 20 0.09078586 
180 310 9 12 0.09011075 
619 272 14 17 0.08520985 
390 308 10 11 0.084461555 
704 368 10 12 0.083454154 
453 304 9 11 0.083047315 
356 277 12 15 0.08274257 
823 426 21 29 0.08239725 
328 275 13 18 0.08090351 
368 300 10 13 0.08080712 
431 325 14 17 0.08014411 
439 278 9 11 0.07932402 
183 279 13 15 0.07899807 
590 279 8 10 0.076646216 
622 293 9 11 0.07566179 
437 365 12 16 0.075609185 
284 500 31 35 0.075111486 
895 353 14 20 0.07473056 
602 346 16 19 0.07381106 
583 355 12 16 0.072433345 
738 366 16 19 0.07192874 
909 347 14 19 0.07182019 
47 306 13 17 0.07086586 
854 468 28 33 0.070809424 
0 255 9 13 0.07057391 
569 268 10 11 0.06989406 
2 378 14 20 0.06970069 
660 346 15 18 0.06967179 
845 354 11 16 0.06913533 
219 485 30 33 0.06913095 
931 340 11 14 0.06724059 
912 338 14 18 0.06646466 
79 464 24 28 0.064470395 
438 302 8 11 0.064161845 
0 453 11 18 0.064057656 
496 392 25 33 0.06356772 
347 308 14 17 0.0632852 
429 363 13 16 0.059969075 
440 294 9 10 0.059894655 
320 258 12 16 0.05851439 
594 365 21 25 0.058432475 
0 409 18 27 0.058425765 
159 273 12 16 0.05806091 
675 365 16 21 0.056988873 
573 300 8 10 0.055970624 
155 297 13 16 0.054937683 
390 337 11 15 0.054384016 
568 263 9 11 0.05362284 
448 303 9 12 0.053422477 
676 334 11 14 0.053398505 
373 294 9 11 0.05280142 
709 326 21 26 0.052788384 
152 467 15 17 0.052773222 
2 276 14 19 0.052142117 
405 313 9 11 0.05157771 
449 287 9 12 0.051042423 
335 326 14 18 0.0508341 
431 316 13 15 0.05049711 
150 475 20 25 0.05038147 
373 287 8 11 0.04997946 
0 382 19 31 0.04906949 
102 440 21 28 0.04892052 
491 383 24 31 0.04853842 
182 315 9 12 0.04842583 
660 354 11 14 0.048412174 
756 369 14 19 0.048186153 
819 420 13 16 0.04813483 
540 363 22 29 0.047149956 
704 388 11 17 0.047055315 
768 660 36 34 0.046998706 
274 669 17 18 0.04695731 
932 362 13 16 0.046534244 
545 273 9 12 0.04630145 
953 377 30 37 0.046072133 
87 728 15 21 0.045586236 
844 336 10 13 0.044533957 
500 380 17 23 0.044226676 
843 466 27 33 0.043366056 
494 379 16 19 0.04320922 
431 288 8 11 0.04265167 
324 494 29 46 0.042599082 
341 521 38 54 0.04184405 
367 294 10 13 0.041821215 
611 362 13 18 0.041806906 
739 350 11 14 0.041386526 
332 279 13 17 0.04118104 
420 358 14 17 0.040725075 
232 348 15 17 0.04056086 
581 230 9 11 0.040065475 
677 403 13 15 0.039893437 
439 285 9 12 0.03887605 
480 304 8 10 0.03867222 
137 389 19 21 0.03837177 
81 378 15 22 0.037751164 
107 432 21 28 0.03756529 
448 292 8 11 0.037296187 
780 409 13 17 0.037283998 
414 357 13 16 0.037117966 
396 395 22 30 0.037090775 
751 188 10 11 0.036789887 
437 394 23 29 0.03658216 
527 493 35 36 0.036551747 
132 301 13 13 0.035946287 
713 436 15 20 0.035875164 
1001 391 14 20 0.03576464 
254 277 11 15 0.03567186 
608 337 16 20 0.035065394 
316 280 13 18 0.034498535 
342 277 10 15 0.034082197 
45 459 18 19 0.033902492 
424 286 9 12 0.033855885 
343 313 14 16 0.033808198 
728 367 23 28 0.033631124 
80 759 24 26 0.033603564 
207 269 13 17 0.03354295 
486 303 8 10 0.033335317 
998 340 11 18 0.033150654 
71 349 13 17 0.033108346 
810 363 13 16 0.032934137 
550 298 18 23 0.032441024 
926 355 12 16 0.03224924 
392 348 12 16 0.03194779 
99 277 12 15 0.0317142 
520 344 13 18 0.031608123 
561 261 8 10 0.03155745 
870 366 17 19 0.03138926 
366 372 15 18 0.031225802 
438 358 12 16 0.031198494 
548 508 35 40 0.031037062 
577 255 18 23 0.030774413 
365 313 14 19 0.03068653 
611 346 15 18 0.030507186 
297 255 12 14 0.030490227 
12 403 14 18 0.03041056 
391 272 7 10 0.030216068 
629 270 10 13 0.030186713 
267 498 42 54 0.030142833 
721 432 23 29 0.029736023 
484 257 9 13 0.029734887 
567 246 8 10 0.029291859 
400 287 9 11 0.029070979 
359 271 11 15 0.0290301 
332 263 10 13 0.029002331 
214 431 16 23 0.02890411 
222 275 21 26 0.028806794 
589 350 21 25 0.028623303 
277 473 27 33 0.028245099 
586 261 10 13 0.02794315 
550 282 9 12 0.027901564 
424 325 10 15 0.027634058 
615 285 10 12 0.02753654 
671 354 13 17 0.02752158 
358 293 10 14 0.02736452 
525 359 15 20 0.02734091 
843 357 20 27 0.027303437 
860 366 36 44 0.027224122 
878 477 42 52 0.027115826 
553 366 23 29 0.027008902 
430 263 9 10 0.026405739 
106 738 27 27 0.026322128 
74 363 13 16 0.026189612 
873 337 10 13 0.026127636 
824 364 11 14 0.02588091 
743 411 14 16 0.02574188 
328 324 11 15 0.02566316 
564 550 16 19 0.025641542 
399 272 9 10 0.025640598 
353 335 14 18 0.025592716 
638 355 12 15 0.02553983 
966 375 23 30 0.025493719 
571 328 14 17 0.025338126 
849 436 17 23 0.025290033 
163 299 10 14 0.025205508 
543 495 35 33 0.024838055 
904 343 11 15 0.024805073 
124 411 15 19 0.024794504 
612 377 14 18 0.02464017 
882 355 21 26 0.024612037 
411 380 18 21 0.02456319 
543 295 9 11 0.024371585 
619 349 12 15 0.023889966 
900 357 14 21 0.02384667 
730 441 16 19 0.023787986 
77 393 15 21 0.023786183 
562 331 13 17 0.023522 
468 349 12 16 0.023415836 
827 356 12 16 0.023410035 
356 313 15 19 0.023309622 
874 483 17 23 0.023293205 
289 479 16 18 0.02328591 
934 371 27 36 0.023267042 
108 487 18 20 0.023201467 
178 516 15 16 0.023191502 
62 267 12 15 0.023188345 
621 285 10 13 0.023161372 
617 292 9 12 0.023133185 
600 373 19 22 0.023033826 
61 434 15 19 0.022940597 
91 720 17 19 0.022753945 
532 358 20 26 0.022748638 
1012 372 11 18 0.0226914 
477 352 14 17 0.02262534 
355 324 13 18 0.022542851 
591 310 9 12 0.02248617 
133 412 18 23 0.02245055 
448 272 8 10 0.02242791 
402 351 14 16 0.022350654 
443 327 11 15 0.022346225 
392 320 10 12 0.022322768 
472 303 8 10 0.022122057 
391 359 20 25 0.022092188 
47 274 12 16 0.022087177 
675 378 16 19 0.022071576 
222 287 20 27 0.021966575 
88 325 12 15 0.02189074 
587 349 13 16 0.021830142 
415 387 18 24 0.02174756 
475 261 9 12 0.021703696 
95 729 32 30 0.021639442 
631 262 10 13 0.021594271 
560 256 8 11 0.021593025 
46 388 16 24 0.021544047 
581 311 11 13 0.021544022 
401 380 21 27 0.021488858 
401 278 8 11 0.021358032 
850 355 14 18 0.021318613 
10 275 13 17 0.021299733 
577 236 9 11 0.021293273 
663 331 16 19 0.021157164 
904 385 13 19 0.02112317 
447 338 17 22 0.02099018 
471 357 16 20 0.0209401 
509 296 9 12 0.020938091 
860 480 17 21 0.020922989 
609 269 10 14 0.020870848 
262 519 29 48 0.020853689 
473 309 9 13 0.020846354 
454 280 8 10 0.02078986 
543 373 26 34 0.020789685 
415 279 8 11 0.02067037 
766 412 13 17 0.02061724 
316 297 16 22 0.02055177 
398 292 9 13 0.02050257 
422 278 9 11 0.02025445 
70 423 18 23 0.020193307 
