18_Concerts_Concerts_18_815
33
307 23 166 224 0.97259426 
40 555 12 18 0.25296456 
809 668 28 35 0.14983869 
946 560 16 23 0.13239245 
6 634 11 18 0.08288824 
713 92 52 77 0.064776175 
674 301 29 36 0.048503693 
24 606 10 13 0.041924372 
530 611 28 35 0.04006951 
512 642 18 23 0.038928036 
488 617 17 20 0.038585786 
308 255 345 481 0.03789446 
945 558 12 15 0.03673162 
640 468 31 41 0.03554906 
1001 596 10 15 0.03342543 
42 562 12 17 0.03337579 
1001 590 9 11 0.03307195 
941 559 27 36 0.030552246 
34 546 21 29 0.029139401 
40 588 11 15 0.028602302 
503 126 11 13 0.027896237 
269 25 112 149 0.027728098 
794 570 16 19 0.027684059 
973 528 17 20 0.02754587 
339 525 12 13 0.027270036 
264 654 42 53 0.025861062 
10 588 11 14 0.024603503 
248 640 46 59 0.022513587 
5 611 13 17 0.022364913 
201 334 43 60 0.022253428 
108 652 10 13 0.021724036 
4 581 14 18 0.020109685 
999 527 13 17 0.020089317 
