18_Concerts_Concerts_18_670
19
293 178 32 35 0.9877082 
277 248 389 515 0.5841407 
783 115 15 19 0.51771396 
811 314 28 28 0.2210667 
151 176 23 31 0.21488148 
61 201 16 21 0.10240744 
692 133 12 14 0.07662099 
51 208 18 20 0.06148507 
903 316 13 15 0.055235542 
914 495 26 30 0.035627697 
824 316 19 20 0.03464004 
892 298 16 18 0.029403828 
394 415 253 296 0.027921215 
831 108 13 16 0.025170088 
834 313 14 18 0.024482992 
689 141 11 12 0.024380732 
899 309 15 18 0.024371458 
140 183 28 29 0.021762257 
297 173 21 24 0.021051586 
