18_Concerts_Concerts_18_133
78
151 1013 32 43 0.9973671 
321 415 67 69 0.99694806 
659 352 64 79 0.9959991 
640 916 38 47 0.9942374 
457 961 39 44 0.94713897 
375 1020 42 54 0.17713709 
551 610 16 19 0.110992365 
622 982 13 17 0.09148843 
281 1254 8 10 0.08102934 
576 1204 10 13 0.06271549 
978 1067 11 15 0.061709844 
816 1006 34 38 0.0614026 
999 1038 8 10 0.06032553 
111 540 46 55 0.056470517 
169 875 406 413 0.054454032 
312 1208 8 10 0.052510746 
256 377 9 10 0.05153166 
462 635 13 18 0.050393276 
534 1074 10 13 0.047206286 
345 1021 45 52 0.043148544 
196 1126 16 20 0.042481616 
270 1276 10 13 0.038709395 
574 1071 12 13 0.038045302 
207 1146 11 16 0.03688458 
252 1229 12 15 0.036492005 
945 1077 9 13 0.033668533 
61 650 139 162 0.033196665 
319 1020 49 54 0.03295148 
130 576 34 42 0.032675043 
298 987 51 60 0.030932318 
545 665 14 17 0.03031809 
553 1079 11 12 0.03008606 
951 1071 10 13 0.029696679 
957 1073 13 15 0.029593647 
910 1087 11 12 0.029093763 
261 380 9 12 0.028641298 
179 356 116 143 0.028517323 
524 1069 13 16 0.028066892 
14 446 358 424 0.027888395 
189 1129 18 21 0.027361825 
305 1038 49 56 0.02669745 
559 1018 10 12 0.026468428 
964 1071 16 18 0.026085423 
571 644 96 140 0.025744846 
286 1223 8 12 0.02566422 
280 946 27 30 0.025238613 
131 424 15 17 0.025215574 
392 950 9 10 0.025179287 
391 952 45 54 0.025048697 
603 620 23 29 0.024420936 
269 1037 40 47 0.024343908 
557 596 11 13 0.024335494 
295 1019 46 57 0.024105458 
536 615 9 12 0.023598613 
56 333 9 11 0.023204964 
40 350 12 14 0.02319173 
357 995 53 68 0.023013141 
969 1063 21 26 0.022925003 
573 989 8 12 0.022813551 
569 1072 8 11 0.022733042 
99 598 162 169 0.022558754 
593 1110 9 12 0.021915514 
249 1232 17 22 0.021841459 
413 953 41 54 0.021461353 
113 25 457 523 0.021453997 
397 410 48 63 0.021156738 
1005 1053 10 14 0.02106435 
498 940 27 39 0.020950867 
541 613 11 14 0.020918151 
816 1013 47 63 0.020816773 
436 1031 14 18 0.020737348 
616 978 21 27 0.020651856 
945 1071 10 14 0.020649046 
99 461 31 44 0.020636398 
203 1130 12 17 0.020589298 
629 975 12 17 0.020556547 
627 983 14 19 0.020225732 
371 408 56 61 0.020140868 
