18_Concerts_Concerts_18_349
30
532 74 122 162 0.9999107 
380 322 35 43 0.47515678 
451 335 17 22 0.080076426 
383 753 328 455 0.072939046 
345 740 169 293 0.072858065 
456 97 364 481 0.06198163 
-1 793 43 84 0.047349416 
529 966 94 169 0.04709968 
380 296 17 20 0.04687616 
752 386 38 34 0.044948723 
338 788 119 168 0.038485687 
524 904 181 249 0.03577459 
612 490 14 15 0.034089282 
616 508 27 29 0.032614727 
334 317 11 14 0.03234369 
572 238 211 310 0.029893324 
564 999 54 107 0.029421382 
459 1106 96 151 0.026832134 
325 329 27 34 0.026522826 
261 652 28 33 0.025445554 
442 312 16 20 0.023408137 
460 619 364 471 0.022876054 
371 331 30 37 0.022805477 
5 506 41 41 0.021972978 
441 319 26 34 0.02193972 
548 700 16 17 0.021538641 
609 496 18 20 0.021115638 
258 690 313 433 0.020336797 
375 312 30 37 0.0202256 
397 325 27 34 0.020012842 
