18_Concerts_Concerts_18_872
287
512 120 95 128 0.99959856 
238 1165 32 39 0.34088206 
563 678 16 19 0.23471749 
212 1180 45 57 0.15826438 
745 1358 54 66 0.15573289 
165 1330 22 27 0.1515236 
170 1199 25 30 0.1422272 
677 1218 22 30 0.13470028 
714 1235 17 21 0.12010055 
735 1326 24 30 0.1197192 
221 1256 34 44 0.11348994 
399 1321 22 31 0.11220668 
722 1236 18 21 0.11159278 
727 1205 26 30 0.103423744 
491 763 28 32 0.10294564 
515 643 15 18 0.0990699 
69 1369 25 30 0.09640284 
701 1168 17 20 0.095455475 
491 1363 28 37 0.093247384 
653 678 13 16 0.0896256 
422 1210 16 19 0.085613556 
413 1148 12 15 0.084919155 
661 1303 15 19 0.08478986 
275 1245 27 37 0.06696173 
580 691 13 17 0.06601672 
460 1303 21 28 0.06586766 
2 1340 17 19 0.06558802 
429 1172 15 18 0.0645568 
69 1264 16 22 0.06416777 
623 665 13 16 0.063698985 
362 1297 16 19 0.06305442 
421 1150 11 14 0.06163619 
469 213 342 526 0.060529094 
197 1284 15 18 0.05961821 
617 1268 25 33 0.0583827 
645 1152 14 18 0.0582133 
228 1144 34 39 0.058067817 
388 1187 15 19 0.058065966 
637 1214 15 21 0.057858896 
572 688 14 16 0.05628432 
568 1167 12 14 0.056251 
629 1143 13 18 0.055174027 
501 1185 11 14 0.05255392 
177 1207 27 34 0.052188788 
655 1139 12 16 0.052162632 
186 1372 16 22 0.05052577 
583 1241 14 18 0.050269164 
202 1201 48 57 0.05020452 
488 1178 12 16 0.05004258 
785 1152 29 37 0.05004114 
218 1156 48 60 0.04965122 
629 663 12 15 0.049432144 
601 1174 23 28 0.04907688 
367 1190 10 13 0.04900929 
680 1142 11 13 0.048675314 
589 691 14 17 0.048286546 
231 1247 42 54 0.04790442 
415 700 57 73 0.04783923 
429 1339 13 16 0.047210686 
468 1207 14 18 0.046939153 
462 1122 16 18 0.04691034 
710 1240 14 17 0.046815306 
635 1206 16 19 0.044092912 
631 688 11 13 0.04352981 
580 697 16 20 0.04300732 
614 688 13 17 0.042320345 
385 1035 92 114 0.0422337 
565 680 23 27 0.04221778 
559 1286 13 18 0.04214902 
490 704 16 19 0.042091362 
584 1298 11 14 0.041137032 
510 647 14 18 0.04109026 
366 1197 11 14 0.040933277 
256 1175 19 22 0.040645827 
494 1181 12 15 0.03999696 
597 665 15 18 0.039334018 
572 1271 12 15 0.03870971 
16 799 11 13 0.038672607 
540 685 25 30 0.038396005 
645 1192 13 17 0.03831681 
10 1299 17 20 0.03804344 
500 705 16 18 0.037671104 
546 698 15 18 0.03704567 
637 1195 13 14 0.03704487 
622 1286 15 20 0.036893155 
66 1235 15 19 0.036726788 
440 1158 10 12 0.036647428 
452 1181 14 19 0.036225714 
378 1243 16 24 0.035613205 
655 1291 25 33 0.035259813 
637 -38 365 470 0.035177812 
559 1362 10 12 0.03488534 
550 680 27 31 0.03477777 
619 685 13 16 0.03465811 
694 1281 13 16 0.03455706 
589 665 14 17 0.03454483 
351 1295 24 31 0.03433533 
702 1245 11 14 0.03431469 
480 1132 10 14 0.03417931 
721 1219 29 30 0.033926394 
515 722 14 18 0.033784524 
632 1261 23 28 0.033718508 
583 1141 12 14 0.033439238 
142 1272 30 39 0.033376615 
708 1227 15 19 0.03316283 
70 1364 41 52 0.032624897 
418 1197 15 17 0.032152113 
697 1153 23 30 0.03215187 
650 1146 15 19 0.032068305 
670 1163 13 16 0.031724762 
274 1130 17 22 0.031600665 
758 1327 17 23 0.031343892 
301 1188 14 17 0.031172432 
655 673 11 13 0.031151876 
383 1316 27 34 0.03088982 
525 730 16 22 0.030882018 
557 1184 14 19 0.03080845 
221 1139 27 32 0.030586632 
615 667 10 15 0.030508343 
637 1146 15 19 0.030210787 
631 1216 14 19 0.030135408 
492 1174 12 15 0.029999588 
582 667 13 16 0.029853933 
915 1166 27 32 0.029572468 
428 1103 14 17 0.029478563 
676 1156 15 19 0.029245608 
80 1219 12 17 0.029075569 
27 1314 15 21 0.029038345 
934 793 16 19 0.028806072 
694 1155 14 19 0.028685069 
649 683 11 14 0.028647376 
331 1262 25 28 0.028378285 
7 1211 12 17 0.028338466 
599 1153 13 16 0.028014407 
244 1227 18 23 0.027903492 
189 1219 17 23 0.02786721 
342 1301 23 29 0.027658625 
466 1277 13 15 0.027574196 
279 1243 43 54 0.02748589 
519 667 12 15 0.027353786 
589 1295 12 15 0.027065424 
325 1181 12 14 0.026878497 
501 713 23 28 0.026832938 
294 1203 28 35 0.026597949 
357 1132 13 18 0.026516946 
643 1262 15 18 0.026468588 
415 1189 12 14 0.026464436 
647 1291 12 16 0.026072405 
653 1298 17 21 0.026031086 
503 645 11 14 0.025980262 
613 1195 13 17 0.025886891 
699 1303 18 21 0.025833087 
543 692 14 17 0.025795165 
613 1226 16 19 0.025789129 
599 1287 9 11 0.025731636 
333 1170 15 16 0.02563085 
619 1221 13 17 0.02553092 
588 728 15 19 0.025516964 
604 1193 15 19 0.025465952 
510 725 24 31 0.025418209 
398 1171 15 17 0.025413474 
134 1211 28 33 0.025231047 
505 775 16 19 0.02517417 
271 1274 15 21 0.025084913 
352 1236 11 14 0.025082897 
592 1326 9 11 0.025064586 
322 1187 15 19 0.025050117 
655 1286 12 15 0.025035808 
485 1133 10 13 0.025026975 
135 1214 43 50 0.024994895 
454 1173 12 15 0.02498676 
477 1315 14 19 0.024980865 
409 1143 10 13 0.024946935 
678 1146 12 16 0.024945823 
625 1141 12 16 0.02492565 
117 1220 16 22 0.024716794 
668 1171 12 15 0.024716165 
94 812 12 14 0.02467642 
706 1142 23 28 0.024676077 
347 1297 15 20 0.024640862 
494 706 24 30 0.024548428 
607 1333 12 16 0.024518574 
319 1318 11 15 0.024500098 
474 1357 31 40 0.024423221 
597 729 13 18 0.024385313 
614 754 14 17 0.024365308 
715 1151 17 23 0.024361646 
653 675 23 27 0.024201607 
386 1176 22 26 0.024183618 
367 1271 12 14 0.02417823 
395 674 65 73 0.024159098 
370 1187 14 16 0.024124937 
363 1115 13 16 0.024112774 
540 704 18 20 0.023869058 
280 1261 24 34 0.023830257 
414 1126 8 11 0.023812516 
374 1164 14 16 0.023714248 
754 1204 13 16 0.023553137 
204 1144 80 103 0.023496527 
627 1258 14 18 0.023462046 
239 1232 15 21 0.023440056 
564 139 85 120 0.023429189 
609 690 12 15 0.023314975 
702 1199 16 20 0.023271864 
708 1218 27 31 0.023158384 
582 1133 13 15 0.02305661 
652 1192 15 19 0.023056248 
221 1204 32 37 0.02303256 
335 1194 15 18 0.022959558 
69 805 21 27 0.02292741 
301 1126 13 16 0.022906523 
354 1299 44 55 0.022901393 
579 673 14 18 0.022877239 
163 1181 33 40 0.02279402 
359 1195 12 15 0.022739798 
148 1375 16 20 0.022722894 
332 1133 13 16 0.022706222 
663 1173 11 13 0.022705477 
336 1221 12 16 0.022576611 
204 1304 29 37 0.022468645 
210 1229 48 59 0.022427872 
527 1134 12 15 0.022337759 
290 1191 26 34 0.022327365 
189 1145 15 19 0.022264404 
590 1309 10 12 0.022212217 
42 1274 14 18 0.022208057 
38 802 12 15 0.022152357 
501 1131 11 13 0.022067655 
324 1323 13 17 0.021998785 
500 1208 24 30 0.02195563 
684 1160 13 18 0.021878615 
234 1270 30 39 0.021854118 
642 1212 21 28 0.021830512 
271 1217 46 57 0.02177851 
621 676 12 14 0.021733006 
710 1200 26 33 0.02170918 
697 1288 26 33 0.021636788 
550 677 11 13 0.021627175 
502 1293 12 14 0.021609168 
421 1090 26 31 0.021555454 
187 1177 47 58 0.021504596 
118 1327 24 29 0.021485388 
382 1193 15 17 0.021460112 
599 1142 12 13 0.021422558 
604 1284 10 15 0.02135203 
268 1343 13 15 0.021351509 
700 1252 11 14 0.021325473 
8 804 10 13 0.021304317 
356 1172 11 14 0.02119968 
438 1229 12 13 0.020978538 
603 729 12 17 0.020978427 
661 662 9 11 0.020976871 
611 661 20 26 0.020936681 
453 1342 16 17 0.020917833 
319 1250 44 55 0.020844847 
212 1219 30 34 0.020791657 
659 1136 11 14 0.020787984 
642 1204 16 20 0.020773113 
295 1203 13 16 0.020765983 
508 635 22 30 0.020733977 
423 1100 13 16 0.020707263 
495 1132 11 14 0.02069966 
627 1251 13 16 0.02068561 
308 1171 15 18 0.02067406 
357 1304 14 19 0.020659497 
287 1204 46 56 0.020658929 
594 1218 13 16 0.020647041 
604 1162 15 16 0.020644052 
579 635 11 14 0.020521702 
615 679 11 14 0.020512713 
622 1210 12 16 0.02046854 
268 1353 14 17 0.020390945 
589 1228 14 16 0.02036507 
624 658 21 27 0.02031492 
547 685 13 15 0.020310394 
233 1138 19 23 0.020245628 
144 762 13 15 0.020238308 
344 1061 91 119 0.020214282 
436 1164 14 17 0.02019173 
478 1188 12 13 0.02018535 
695 1245 13 16 0.020172305 
565 1143 13 17 0.0201266 
420 1334 21 27 0.020109648 
13 1312 15 18 0.0200807 
273 1133 27 31 0.020067789 
367 1201 15 18 0.02002624 
404 1167 11 15 0.020017913 
