18_Concerts_Concerts_18_402
26
255 251 437 566 0.9998778 
837 772 66 69 0.52763176 
286 141 322 408 0.43391618 
531 546 454 638 0.3351686 
414 362 456 552 0.29517388 
37 1191 55 70 0.110513516 
857 515 28 34 0.09133438 
820 730 99 120 0.08942187 
321 521 161 196 0.069159925 
817 1157 47 64 0.05543641 
691 656 238 339 0.052346833 
313 386 13 17 0.049882572 
836 594 16 19 0.046007853 
844 788 38 40 0.03845657 
786 709 34 46 0.034847945 
465 744 364 472 0.033803023 
201 471 362 396 0.031279072 
856 779 40 41 0.031026877 
755 552 229 341 0.028626641 
299 441 16 21 0.026768787 
300 425 29 34 0.025358405 
172 766 26 34 0.025346939 
845 503 47 59 0.023078954 
738 334 198 261 0.022357311 
834 791 30 36 0.021398952 
286 510 481 571 0.021123003 
