18_Concerts_Concerts_18_104
18
194 55 429 512 0.8514991 
327 -35 470 535 0.1432379 
559 395 16 18 0.12451756 
545 87 238 317 0.069756284 
666 226 388 481 0.066593714 
935 451 14 19 0.047754668 
152 219 127 148 0.04440903 
215 177 226 266 0.041822355 
571 57 388 431 0.033341236 
984 149 43 76 0.028357834 
600 144 145 185 0.028236499 
290 259 406 462 0.02606239 
43 17 18 21 0.023387956 
823 218 118 135 0.022032738 
278 427 104 122 0.021495044 
573 126 42 49 0.02146736 
53 466 27 35 0.021158941 
10 12 113 131 0.021069268 
