18_Concerts_Concerts_18_486
23
284 189 201 219 0.9974451 
236 529 373 457 0.16729374 
350 663 228 246 0.13893533 
616 109 187 284 0.09851292 
440 252 418 493 0.08016191 
380 1018 86 59 0.072838925 
787 151 26 27 0.0724093 
266 170 141 165 0.06762169 
819 327 26 33 0.062231995 
336 90 218 324 0.03726407 
829 325 15 17 0.036266237 
150 79 337 399 0.035727866 
135 515 59 64 0.033920895 
790 161 26 28 0.0336425 
800 153 17 21 0.02746417 
773 195 23 29 0.024206 
805 141 12 14 0.023551436 
352 21 366 465 0.02263919 
508 766 82 70 0.021904733 
317 919 397 503 0.021224687 
823 282 16 20 0.021181202 
392 235 114 164 0.020543642 
478 658 238 267 0.02029538 
