18_Concerts_Concerts_18_27
28
400 173 405 539 0.9999579 
262 977 423 439 0.97131515 
92 901 375 437 0.73572594 
509 699 85 129 0.39771265 
445 883 322 494 0.2953038 
275 59 438 461 0.25221714 
85 696 460 422 0.16916421 
430 1117 301 339 0.12138531 
476 13 456 566 0.10787082 
356 272 265 374 0.08228184 
785 28 189 268 0.08068516 
788 1042 243 334 0.07413398 
643 807 451 519 0.05288936 
131 950 210 309 0.052390255 
488 380 392 481 0.050476857 
487 883 32 48 0.04502277 
-121 242 494 464 0.042477116 
5 559 441 445 0.030980717 
487 945 47 70 0.027317436 
522 920 36 37 0.025785286 
139 742 238 251 0.02525205 
526 998 445 455 0.024286559 
523 777 358 460 0.024242587 
673 2 340 454 0.023827031 
408 694 187 259 0.023160573 
879 509 100 129 0.022577269 
202 196 331 465 0.022004642 
520 878 44 57 0.020589393 
