3_Riot_Riot_3_542
425
172 259 19 26 0.98038566 
198 334 28 34 0.9779573 
228 255 18 23 0.96330994 
453 397 24 38 0.9623737 
102 255 18 21 0.95130473 
895 266 15 18 0.85742927 
139 256 20 23 0.84911084 
309 271 17 21 0.8406839 
767 260 13 17 0.764966 
74 267 21 25 0.718596 
398 248 8 11 0.68192035 
298 252 14 17 0.6679616 
805 273 12 16 0.6445929 
940 264 21 26 0.64126784 
788 260 13 16 0.58844984 
420 270 10 14 0.5680049 
297 215 8 10 0.5507182 
343 259 11 14 0.5214474 
438 248 10 13 0.49428222 
418 249 10 11 0.48544413 
695 273 14 18 0.47837585 
458 261 13 15 0.47524533 
628 267 14 17 0.4666775 
124 256 13 17 0.4279188 
365 260 11 15 0.42654827 
478 248 10 12 0.3998858 
359 266 13 17 0.38997597 
215 215 10 13 0.36283675 
232 290 26 28 0.34525204 
327 241 11 14 0.3391658 
827 261 13 16 0.32040733 
179 191 11 13 0.2526508 
119 281 12 16 0.2510026 
576 253 12 16 0.24665388 
562 243 13 16 0.24219786 
669 255 11 15 0.23979963 
211 247 14 19 0.23586507 
441 284 12 15 0.22987011 
372 260 10 13 0.2241064 
417 386 30 34 0.21553062 
613 258 11 14 0.2004487 
722 256 13 17 0.19988976 
399 275 11 13 0.1979032 
280 261 12 15 0.19661976 
394 246 9 12 0.19488198 
456 247 12 14 0.18851699 
743 271 10 13 0.18189058 
593 260 10 12 0.18116122 
847 244 13 16 0.17469698 
896 247 10 13 0.17086302 
346 231 8 11 0.16683501 
992 249 14 18 0.16399673 
351 238 10 12 0.16100527 
795 259 11 13 0.16100018 
760 258 13 16 0.1557902 
458 253 13 15 0.15541576 
509 252 11 13 0.15466702 
661 235 12 14 0.15401831 
267 280 12 17 0.15103087 
625 228 9 11 0.15049748 
560 250 11 13 0.14907414 
960 246 12 15 0.14156139 
416 310 13 17 0.14080316 
637 231 10 12 0.14064519 
312 245 10 14 0.14041108 
931 323 15 19 0.14014246 
684 256 13 16 0.13977948 
350 230 10 12 0.13756154 
324 231 9 11 0.13695213 
316 253 11 13 0.13422152 
252 265 15 17 0.13275808 
645 256 10 13 0.12476999 
358 224 10 12 0.12331144 
841 268 16 20 0.12259538 
863 227 10 12 0.12178263 
382 239 8 11 0.12153392 
894 251 14 17 0.120964356 
474 250 11 14 0.11566375 
860 250 14 18 0.11494218 
329 215 9 11 0.11383506 
766 293 15 20 0.11247866 
4 201 32 35 0.11190293 
615 240 11 13 0.11111765 
408 263 9 11 0.11032715 
353 243 10 13 0.10925204 
313 220 10 12 0.106838 
932 319 24 30 0.10668678 
872 245 12 17 0.1063239 
281 225 10 12 0.10606865 
326 220 11 13 0.10305829 
66 271 23 29 0.10257929 
311 240 10 12 0.101120286 
655 273 13 15 0.100563206 
264 246 10 15 0.10007212 
255 211 10 11 0.09988865 
206 243 15 19 0.098149024 
219 270 16 21 0.097976595 
722 236 15 18 0.09556463 
593 223 9 12 0.09348912 
655 244 12 14 0.09303053 
392 239 8 10 0.092028275 
393 231 8 9 0.08960787 
827 273 15 18 0.08806842 
317 245 10 13 0.0879043 
59 285 14 20 0.08649158 
316 259 12 15 0.08587969 
631 230 10 13 0.08587308 
814 295 11 15 0.082910754 
0 266 13 22 0.08283619 
853 248 14 18 0.08257191 
134 214 10 12 0.08223103 
961 142 10 13 0.082044475 
478 275 15 17 0.0820327 
593 251 13 17 0.081831835 
622 237 10 13 0.08144039 
809 236 9 11 0.08085638 
815 254 10 13 0.07922206 
279 205 9 13 0.07876824 
406 268 12 15 0.07734301 
421 293 13 16 0.076753244 
574 245 11 15 0.07655014 
318 222 10 12 0.076262556 
661 271 11 14 0.075762235 
270 234 12 16 0.07476437 
609 253 11 15 0.07403506 
284 228 9 12 0.07398311 
619 242 11 14 0.072922096 
638 260 13 16 0.072274074 
1004 264 17 20 0.07169718 
740 287 16 19 0.07168061 
574 238 9 13 0.0700416 
543 273 13 15 0.06947203 
405 379 30 33 0.069348596 
360 256 12 15 0.06903437 
248 207 11 14 0.0689718 
693 252 12 15 0.06876964 
844 298 14 18 0.06865628 
276 238 432 460 0.06785467 
701 251 13 16 0.067201 
1 259 23 35 0.067147315 
572 362 19 20 0.06710162 
377 239 9 11 0.065838516 
708 257 13 17 0.06545883 
241 188 9 12 0.065098606 
394 251 10 13 0.06435103 
935 254 12 15 0.06387308 
563 231 13 15 0.063300155 
952 315 26 32 0.061901465 
833 239 8 11 0.0612889 
478 269 13 15 0.06112459 
421 263 11 14 0.0599903 
85 304 16 20 0.05949697 
349 404 92 98 0.05915679 
308 249 14 17 0.059143238 
838 244 11 13 0.05872898 
264 228 12 15 0.058362726 
503 247 11 13 0.0581619 
337 259 12 15 0.057824172 
542 255 12 15 0.05780996 
356 487 32 29 0.057452083 
320 272 15 21 0.057021182 
112 253 19 23 0.056389004 
397 241 9 10 0.05632081 
484 267 14 15 0.0552266 
397 285 11 14 0.054855388 
621 257 19 23 0.054195367 
800 270 11 14 0.054159485 
951 142 24 28 0.053435292 
549 227 9 12 0.052947953 
15 185 12 14 0.052707113 
115 306 13 18 0.051950205 
837 240 9 12 0.05178049 
443 391 28 37 0.051764097 
287 253 12 16 0.0512756 
422 288 11 13 0.05075097 
376 245 9 11 0.050419345 
478 258 13 16 0.050316185 
290 300 17 21 0.04979268 
460 313 13 19 0.04948005 
852 241 11 14 0.049281463 
264 235 12 15 0.048970886 
670 275 12 17 0.048751205 
142 185 11 14 0.048478115 
378 281 13 18 0.048314407 
244 260 15 19 0.04819116 
320 206 8 10 0.047030978 
606 244 10 14 0.046788737 
242 233 15 19 0.046553962 
393 269 11 14 0.04630719 
548 260 12 14 0.046117485 
747 253 14 17 0.04552839 
444 247 9 12 0.045420926 
296 210 8 11 0.045402154 
393 287 10 14 0.04522562 
159 232 14 18 0.04518778 
267 243 13 17 0.04482542 
629 221 11 13 0.044735003 
596 243 13 18 0.04457181 
495 238 8 11 0.044266 
654 251 10 14 0.044230826 
656 237 13 15 0.044195287 
679 254 12 16 0.043751225 
352 225 11 12 0.043408033 
61 286 22 28 0.043399837 
940 323 31 35 0.043382615 
688 255 21 25 0.043055087 
742 300 14 17 0.0430435 
416 299 14 18 0.042987972 
596 269 10 13 0.042577673 
308 257 15 19 0.04203044 
947 255 23 29 0.041952692 
772 256 11 15 0.04170023 
746 276 12 14 0.041666906 
301 269 17 21 0.041393254 
25 306 53 56 0.04130318 
719 332 8 11 0.04129589 
399 222 8 11 0.04102416 
579 245 12 15 0.04048823 
199 187 10 12 0.040128693 
646 266 12 16 0.040125992 
665 254 10 13 0.039952032 
618 285 12 16 0.03978626 
502 260 10 12 0.039563168 
139 206 10 13 0.039537806 
744 244 11 13 0.039483514 
997 288 20 28 0.03941183 
445 251 10 15 0.0388922 
227 347 28 34 0.03883696 
496 286 12 15 0.038600966 
67 305 14 17 0.03859698 
633 264 15 18 0.03857404 
596 237 11 15 0.038523313 
835 260 15 17 0.03847657 
433 250 12 14 0.038303744 
359 289 13 17 0.038298126 
981 279 21 30 0.03800731 
405 247 9 10 0.037875663 
982 261 10 14 0.03764881 
482 245 12 13 0.037075654 
375 275 13 17 0.037050214 
841 255 20 25 0.03636831 
819 254 13 16 0.03618713 
366 222 8 10 0.03603802 
596 228 10 13 0.036011502 
453 419 32 37 0.035464935 
789 295 11 14 0.034831848 
558 234 20 24 0.034746505 
276 262 19 26 0.034736466 
486 239 11 12 0.034670133 
414 262 11 14 0.034409888 
697 256 20 25 0.034179617 
447 239 8 11 0.034100596 
430 453 44 57 0.03401352 
214 209 10 13 0.03398317 
375 222 8 10 0.033886705 
494 324 297 271 0.033873107 
72 300 22 26 0.033754695 
348 254 11 16 0.0334551 
286 206 8 11 0.03344604 
772 271 13 16 0.03338366 
252 243 14 17 0.03337901 
212 238 12 17 0.033021234 
798 283 13 16 0.032984808 
201 242 12 16 0.032704465 
707 245 12 16 0.03253634 
581 237 11 14 0.032357976 
646 235 10 13 0.03167223 
846 228 10 12 0.03140129 
405 391 33 41 0.031314828 
608 269 10 13 0.031293813 
317 215 9 11 0.03128682 
497 246 9 12 0.0311925 
44 225 12 16 0.031162538 
281 200 8 11 0.031085722 
1003 269 21 30 0.03100088 
320 199 9 11 0.030816427 
469 247 20 24 0.03074199 
533 261 11 14 0.030670032 
590 235 13 17 0.030653251 
645 228 11 13 0.030652544 
660 284 14 17 0.030567562 
660 242 11 14 0.030475078 
259 272 17 24 0.030370904 
575 284 10 12 0.0302567 
336 253 11 14 0.0302532 
867 255 15 22 0.030231876 
440 441 27 35 0.029791826 
258 212 12 14 0.029373715 
391 261 10 12 0.029297624 
327 208 8 10 0.02907223 
415 244 17 22 0.029024096 
795 293 13 16 0.029013254 
407 221 9 10 0.028821275 
112 283 12 16 0.028810142 
491 267 11 13 0.02859388 
700 282 13 16 0.028561804 
376 231 8 10 0.028537635 
960 304 22 30 0.028479224 
382 244 9 11 0.028457446 
895 241 10 12 0.02842925 
399 259 10 13 0.028347073 
392 420 85 104 0.028290534 
580 267 11 13 0.028203972 
240 230 12 17 0.028201412 
351 265 13 17 0.028095955 
849 253 20 26 0.028090576 
73 181 14 16 0.028082104 
995 283 16 21 0.027917795 
995 254 21 24 0.027886612 
285 199 8 11 0.027810007 
658 291 15 18 0.027792491 
333 220 10 12 0.02766174 
276 243 13 17 0.02762221 
636 222 11 13 0.027567562 
833 243 11 14 0.027557643 
244 268 24 27 0.027438944 
614 264 12 16 0.027398359 
245 222 11 14 0.027282132 
934 273 14 18 0.027280577 
352 216 8 9 0.027215537 
839 251 12 16 0.027047448 
998 382 25 47 0.027028479 
789 274 12 15 0.026886247 
957 239 14 16 0.026809406 
218 279 16 21 0.026742954 
258 260 12 16 0.026634207 
669 248 10 12 0.026530562 
276 665 29 36 0.026406629 
623 273 13 16 0.026246386 
397 231 8 10 0.026065338 
807 254 9 12 0.026002696 
630 215 10 13 0.02595544 
927 275 13 17 0.025835184 
415 266 18 22 0.025358757 
668 251 19 24 0.025326585 
610 253 21 26 0.025251983 
364 286 12 16 0.025174443 
372 267 12 16 0.02515209 
639 247 11 13 0.024935946 
395 242 17 23 0.024866262 
407 240 9 10 0.024638675 
499 238 12 14 0.024608957 
264 267 18 25 0.024553014 
81 261 15 20 0.02452744 
343 224 9 12 0.024483876 
295 265 13 19 0.024354957 
383 221 9 11 0.024267266 
394 433 16 19 0.024211373 
259 207 11 12 0.02415652 
737 269 11 14 0.024091486 
343 246 10 12 0.024067752 
443 444 17 20 0.02396495 
706 291 13 14 0.023905937 
742 259 13 16 0.023850942 
539 302 15 17 0.023816874 
568 241 20 24 0.023713741 
471 269 12 15 0.02366722 
249 277 22 28 0.023658646 
809 268 14 16 0.023621617 
261 221 12 16 0.023525232 
614 279 10 13 0.02352371 
447 646 31 33 0.023458675 
131 217 13 16 0.023446769 
837 239 20 26 0.023439748 
348 290 14 18 0.023401247 
554 363 47 48 0.02338909 
273 206 10 13 0.023353577 
997 273 16 21 0.023345763 
784 257 12 14 0.023326332 
569 366 27 31 0.023323633 
784 264 12 16 0.023240667 
542 248 10 13 0.02315283 
956 249 22 29 0.023017226 
647 274 13 15 0.022882674 
251 249 16 21 0.022869362 
250 291 16 21 0.022801707 
859 263 16 21 0.022710094 
5 205 43 55 0.022658188 
494 517 37 37 0.02251472 
929 253 11 15 0.022302601 
652 259 12 15 0.022285594 
888 259 13 19 0.022235377 
659 333 14 15 0.022199554 
876 207 13 16 0.022185262 
568 284 11 13 0.02213225 
581 286 10 12 0.022124385 
286 247 11 14 0.022108525 
471 258 13 16 0.02205434 
1001 407 22 38 0.022045432 
270 223 10 13 0.02203423 
454 242 20 23 0.022008853 
742 262 21 25 0.021982495 
354 289 21 28 0.021893037 
347 284 13 16 0.021844072 
576 212 10 13 0.021745251 
540 257 22 26 0.021701692 
414 240 10 11 0.02169955 
260 286 16 22 0.021620728 
684 265 15 18 0.021612035 
284 254 18 24 0.021534538 
528 261 11 14 0.021477796 
851 264 16 21 0.02145301 
1001 297 21 34 0.02137343 
812 237 9 12 0.021283759 
387 423 34 38 0.021218507 
789 252 20 24 0.021121506 
966 296 22 30 0.02106719 
933 251 23 29 0.021056294 
639 250 20 25 0.02096142 
63 276 13 18 0.02084822 
812 254 19 24 0.020841267 
731 242 13 16 0.020746082 
450 290 14 16 0.020681776 
406 255 9 11 0.02061769 
348 303 24 32 0.020565828 
300 352 22 30 0.020561172 
814 247 10 14 0.020544425 
374 290 12 15 0.020330062 
862 235 11 15 0.020322477 
951 243 11 14 0.020249806 
832 271 24 28 0.020186836 
707 265 13 16 0.02016487 
936 265 16 20 0.020131903 
625 216 10 12 0.020049036 
351 275 12 14 0.02000826 
