3_Riot_Riot_3_506
104
194 165 83 111 0.9819905 
448 261 30 36 0.9711661 
475 291 17 21 0.1942552 
663 11 13 15 0.1614503 
750 124 44 51 0.16133003 
583 427 16 22 0.14623243 
2 338 17 20 0.12292169 
468 3 24 29 0.07827483 
583 41 15 21 0.077031896 
476 296 21 31 0.07200761 
713 159 25 26 0.07049989 
684 34 13 17 0.06852181 
99 323 55 57 0.06675184 
707 163 16 18 0.06322295 
511 119 12 18 0.06300835 
486 121 10 13 0.06300505 
363 394 13 20 0.061693497 
812 296 26 33 0.050583422 
786 133 27 37 0.05052636 
583 289 48 64 0.047820836 
850 203 13 16 0.047067076 
937 312 84 148 0.046822224 
657 34 11 15 0.045203336 
1 408 26 30 0.04481556 
855 378 10 13 0.044265393 
657 7 11 14 0.044083506 
463 270 17 22 0.043884527 
838 366 11 13 0.042896975 
796 141 13 17 0.04234371 
765 357 9 11 0.04189035 
605 51 12 16 0.041236315 
422 447 38 40 0.04065578 
949 344 53 89 0.039983366 
851 420 15 18 0.0391456 
852 415 12 14 0.03809848 
77 350 16 21 0.036933366 
797 383 10 13 0.036898624 
325 206 37 55 0.034635406 
621 19 10 14 0.034136128 
387 0 21 18 0.032430835 
117 344 15 18 0.031769797 
791 157 12 14 0.03171372 
658 75 24 28 0.031489797 
790 163 13 16 0.031136952 
390 298 13 17 0.03055461 
642 28 11 16 0.029882902 
837 179 12 17 0.029613152 
408 592 11 12 0.028632065 
644 94 16 19 0.028470214 
329 209 25 32 0.028267207 
608 10 12 15 0.028181363 
549 0 14 13 0.027342532 
445 298 23 30 0.027186433 
708 192 37 44 0.02638212 
842 226 57 56 0.026245382 
787 168 26 31 0.026120745 
644 52 10 13 0.025838502 
553 229 26 34 0.025833732 
616 40 11 13 0.02552044 
816 398 9 10 0.025116283 
87 379 449 450 0.025052117 
79 325 53 61 0.025020614 
364 429 32 43 0.024858855 
333 213 15 20 0.024634091 
497 78 9 12 0.024607977 
573 212 26 33 0.024262356 
774 350 9 11 0.024154868 
731 184 14 18 0.023850678 
705 39 9 11 0.023831924 
513 78 11 13 0.023741273 
556 207 40 50 0.023740686 
481 116 13 16 0.023674043 
840 230 33 33 0.023424974 
546 358 16 21 0.022843398 
361 508 32 33 0.022841057 
834 364 11 13 0.022778805 
374 484 12 13 0.022778397 
503 109 9 12 0.022773826 
702 166 34 39 0.022764083 
470 309 23 34 0.022665964 
721 61 11 14 0.022226831 
410 462 31 36 0.022030564 
501 61 10 14 0.021738786 
450 266 41 49 0.021569995 
758 181 14 17 0.021402378 
764 150 16 20 0.021349791 
645 46 10 12 0.021336881 
692 67 18 22 0.021247907 
768 248 30 32 0.021219634 
722 22 11 14 0.021213979 
136 89 158 197 0.021186512 
222 167 100 125 0.021012941 
855 246 38 43 0.020981904 
455 301 29 38 0.020928549 
401 312 25 29 0.020813854 
800 423 9 11 0.020808078 
574 69 12 15 0.020798935 
646 85 24 27 0.020770796 
719 39 9 12 0.020764632 
109 335 31 32 0.020681782 
720 170 28 35 0.020594262 
815 366 10 12 0.02057041 
543 87 10 11 0.02040812 
814 440 12 14 0.020086875 
