3_Riot_Riot_3_415
92
842 415 26 37 0.9853336 
389 266 25 30 0.9156486 
654 244 14 24 0.8849373 
516 266 21 29 0.8783511 
798 238 16 25 0.8719325 
711 235 20 28 0.8695418 
136 207 23 27 0.84572464 
308 278 24 31 0.7526479 
291 238 23 32 0.7492534 
979 362 16 22 0.6378929 
442 226 20 29 0.56446946 
901 218 25 33 0.49627107 
747 269 15 19 0.35380834 
657 303 16 23 0.2564421 
367 291 22 27 0.23640203 
228 274 23 28 0.20802347 
276 189 16 23 0.20521852 
555 261 14 19 0.19017416 
245 327 28 37 0.17718247 
702 316 26 40 0.16773963 
894 231 24 35 0.112122156 
915 421 35 28 0.112019375 
909 214 15 21 0.110731125 
508 250 27 36 0.09724806 
708 329 15 22 0.094876796 
982 373 28 28 0.08965394 
355 272 17 21 0.085262716 
840 262 12 14 0.07673308 
1004 286 17 23 0.057079125 
263 294 24 32 0.055516567 
965 377 53 47 0.054873653 
165 319 64 55 0.05391029 
702 279 18 22 0.052971058 
361 280 20 27 0.05161345 
982 360 25 28 0.04732529 
277 233 22 31 0.0471361 
612 313 20 28 0.04665765 
609 349 8 11 0.04638836 
279 183 13 17 0.046158593 
297 251 28 33 0.046119876 
947 390 73 57 0.044734087 
901 403 119 88 0.0437201 
305 337 14 21 0.043606248 
870 393 15 19 0.04169316 
806 239 18 21 0.0396245 
374 279 24 30 0.039605897 
666 313 15 20 0.038353417 
561 282 18 20 0.03694785 
625 404 11 13 0.036784023 
553 266 26 29 0.036726844 
864 298 11 14 0.036668085 
290 264 27 32 0.035033356 
335 320 23 28 0.034704752 
758 432 17 22 0.034095135 
236 277 27 35 0.03271584 
398 254 25 33 0.032530062 
561 259 16 22 0.0321232 
748 316 40 50 0.031756558 
740 258 23 28 0.030775528 
510 264 17 27 0.030345509 
1005 278 13 17 0.02988495 
999 281 15 20 0.029774707 
351 298 26 29 0.029264607 
508 255 16 24 0.029246412 
433 278 26 39 0.028341992 
139 200 16 20 0.02805505 
888 242 23 32 0.027332194 
210 268 13 18 0.027264569 
692 324 28 38 0.026902106 
869 508 27 30 0.026083145 
306 258 28 35 0.025983872 
893 248 29 36 0.025839997 
712 321 28 40 0.025514456 
850 308 14 15 0.024979293 
753 304 27 28 0.02456882 
223 280 16 20 0.02419771 
1011 389 12 19 0.024096139 
256 340 19 25 0.023544485 
340 307 25 27 0.023260547 
149 284 14 17 0.022995565 
758 421 30 33 0.02267229 
997 385 23 30 0.022594651 
724 339 23 33 0.022486562 
703 297 24 31 0.02248571 
873 391 25 28 0.022204004 
155 253 18 19 0.022051815 
992 384 19 21 0.021809608 
389 260 16 23 0.021139406 
195 327 52 53 0.02098394 
325 359 17 20 0.020944173 
838 374 201 229 0.020806966 
884 322 13 17 0.02073936 
