3_Riot_Riot_3_123
79
588 465 70 81 0.91511434 
318 395 19 22 0.42493683 
126 151 374 370 0.2572182 
989 278 10 12 0.25308377 
893 352 46 53 0.2363921 
943 232 8 10 0.14062494 
360 242 135 162 0.118228644 
1002 315 13 18 0.106513485 
927 261 9 11 0.106298104 
892 353 26 39 0.10141423 
918 522 57 67 0.09634853 
960 264 7 9 0.075050436 
905 127 9 13 0.074155584 
914 247 8 10 0.07150028 
897 230 10 12 0.07108047 
288 205 231 251 0.063233964 
511 367 22 32 0.063085414 
943 271 9 11 0.062140964 
591 481 41 45 0.061627008 
999 301 12 16 0.06090238 
1000 308 12 16 0.060461476 
659 466 55 66 0.05985174 
997 306 21 29 0.055652164 
542 476 53 70 0.055354293 
502 61 94 122 0.0547372 
617 459 63 77 0.050671518 
944 263 7 10 0.050522678 
266 6 353 493 0.046653844 
873 33 26 32 0.04610104 
568 475 57 69 0.046027433 
128 425 17 21 0.039009646 
989 273 9 11 0.039003506 
621 481 34 36 0.037862606 
174 312 133 121 0.037199117 
895 356 14 20 0.03694702 
935 248 7 9 0.036454823 
920 264 8 10 0.036281705 
953 287 9 13 0.0355655 
634 488 18 19 0.035299703 
986 262 8 9 0.034961373 
839 595 41 45 0.034866877 
806 627 94 132 0.034145698 
262 522 65 64 0.03412564 
693 465 50 65 0.03261487 
834 641 55 87 0.032202534 
918 252 9 11 0.031682547 
983 281 11 15 0.031270582 
222 389 49 36 0.031243883 
80 203 249 297 0.031028967 
273 432 25 38 0.030522222 
954 213 8 11 0.030024188 
910 417 12 16 0.029617721 
925 229 8 11 0.02906582 
674 134 215 279 0.028446125 
816 198 95 125 0.028366543 
51 441 202 231 0.027335737 
886 367 27 36 0.027205473 
101 173 35 37 0.02664615 
911 278 10 12 0.026175197 
520 375 17 22 0.025394868 
599 449 101 123 0.02529173 
489 289 27 38 0.025066951 
902 130 13 18 0.024436297 
993 319 25 35 0.02432872 
981 355 12 18 0.024199113 
913 264 8 10 0.023678303 
980 292 39 57 0.023666268 
922 224 8 11 0.023314228 
876 338 82 97 0.023091339 
847 145 84 120 0.022727892 
103 423 51 61 0.021678895 
734 126 27 41 0.021458406 
960 110 46 72 0.021384912 
950 238 6 9 0.02129844 
886 376 16 21 0.020832365 
332 422 24 31 0.020448636 
998 294 12 16 0.020395994 
945 256 9 11 0.020122211 
781 532 16 20 0.020115213 
