3_Riot_Riot_3_666
21
527 129 149 190 0.99891436 
298 114 162 207 0.99343187 
130 31 95 124 0.33079568 
160 21 54 63 0.27312213 
171 38 98 128 0.15390992 
200 68 54 89 0.098291956 
269 537 61 60 0.07526153 
209 54 88 140 0.05866419 
222 -7 50 45 0.047815096 
358 482 64 57 0.043191817 
416 109 145 225 0.03845057 
309 539 69 58 0.033740304 
149 8 87 98 0.030474663 
15 73 352 446 0.02735828 
167 71 30 45 0.027154643 
219 36 167 269 0.025644131 
111 4 166 198 0.0234451 
866 130 35 35 0.0233009 
169 90 68 82 0.022596383 
856 122 36 35 0.021481914 
282 483 36 35 0.021019373 
