3_Riot_Riot_3_765
30
697 354 108 150 0.99950325 
75 127 226 301 0.99939954 
576 210 227 259 0.16278745 
981 1070 12 15 0.104233176 
217 612 239 325 0.09245152 
513 73 347 434 0.07434027 
940 417 14 17 0.07396551 
901 823 12 15 0.07183279 
949 1069 12 16 0.06853883 
825 791 17 21 0.059173446 
337 1012 25 42 0.056495752 
923 263 15 19 0.04625914 
1013 899 10 15 0.044210937 
964 570 14 17 0.04228882 
901 846 13 17 0.040134784 
955 892 11 15 0.03971853 
973 372 14 18 0.037907798 
859 944 14 20 0.037452392 
970 394 15 18 0.035315398 
1002 372 13 18 0.034385957 
390 105 16 24 0.0334576 
906 680 13 18 0.03177399 
987 881 13 16 0.03049605 
46 22 371 493 0.03026035 
1003 260 16 19 0.029766498 
322 109 26 34 0.024084255 
401 382 36 42 0.023405505 
40 901 527 581 0.022828933 
911 577 13 17 0.02281669 
991 792 11 13 0.022519564 
