3_Riot_Riot_3_273
35
238 320 32 38 0.99493545 
306 234 26 34 0.9919487 
97 415 44 58 0.9796969 
377 322 18 23 0.80304766 
349 337 23 29 0.8013841 
168 100 48 53 0.74355835 
466 390 48 52 0.6624439 
65 172 18 24 0.21781985 
398 101 40 49 0.11742233 
219 397 43 62 0.09486102 
388 383 16 22 0.075362265 
331 347 16 20 0.072881356 
308 139 26 31 0.044311944 
360 326 23 29 0.036849707 
398 224 97 95 0.033084802 
366 282 13 17 0.032645144 
334 343 22 30 0.032214858 
342 326 40 48 0.030328428 
343 330 15 19 0.029619943 
289 355 25 30 0.028995637 
536 183 46 65 0.027927889 
570 73 416 522 0.027014652 
295 391 27 31 0.02620189 
346 324 24 31 0.024471715 
180 112 51 56 0.023622083 
290 333 23 28 0.022921301 
371 308 14 16 0.022797972 
372 301 12 14 0.022759685 
295 401 13 20 0.022506678 
262 319 26 33 0.022253554 
342 437 30 33 0.022098018 
377 387 21 31 0.021525024 
361 346 16 20 0.021484485 
413 351 12 17 0.020679578 
274 273 23 29 0.020083861 
