3_Riot_Riot_3_137
513
921 347 58 70 0.99950373 
331 387 55 65 0.99901915 
108 410 37 46 0.9984377 
62 386 36 44 0.99211836 
924 315 27 31 0.9904253 
269 363 41 49 0.9858014 
972 322 27 34 0.98111194 
666 362 43 53 0.97665066 
402 337 28 38 0.9736509 
487 323 41 54 0.95083857 
894 324 27 31 0.8526879 
778 312 22 29 0.8173707 
790 296 12 16 0.77185756 
762 287 9 11 0.6472019 
812 294 10 13 0.49538878 
671 300 14 17 0.43567646 
751 306 10 13 0.43534887 
788 314 20 29 0.3894319 
175 295 9 11 0.38790262 
388 341 12 16 0.35968798 
350 328 16 20 0.34296343 
528 308 11 16 0.34276867 
734 314 14 16 0.3342743 
546 307 14 18 0.32731965 
338 324 10 14 0.32385096 
29 359 14 19 0.29025102 
607 292 9 11 0.244165 
150 334 9 11 0.2153484 
189 316 9 11 0.21150349 
394 334 25 34 0.20992988 
876 381 18 22 0.2056248 
231 296 7 10 0.20507346 
974 284 10 12 0.19858152 
1012 297 10 17 0.19179355 
198 351 22 27 0.18097897 
845 289 14 21 0.17862555 
22 328 11 13 0.17695768 
565 323 23 28 0.17168254 
391 327 11 14 0.17163184 
951 286 10 12 0.16913705 
728 285 8 10 0.16025315 
201 288 7 10 0.16011429 
886 329 32 42 0.15981545 
567 302 12 15 0.1585708 
741 309 10 14 0.15687454 
992 276 9 12 0.156007 
461 310 15 19 0.15422004 
806 275 9 12 0.15410033 
0 411 11 19 0.15383689 
391 332 12 17 0.1533876 
829 272 7 10 0.15161896 
628 311 17 22 0.1489208 
132 411 33 40 0.14799753 
194 354 16 20 0.14536154 
893 298 13 17 0.14111778 
20 358 15 20 0.13710405 
686 366 41 46 0.1370232 
756 354 15 22 0.13651988 
182 289 7 9 0.13585988 
262 333 12 14 0.124519035 
168 323 10 13 0.12387699 
233 302 8 10 0.12292361 
647 356 40 49 0.11988083 
757 340 22 28 0.113905154 
171 297 8 10 0.11378724 
139 296 7 10 0.11188805 
248 294 7 10 0.11091645 
64 303 7 10 0.10762409 
964 309 12 16 0.10644129 
840 290 12 16 0.10399577 
903 308 36 45 0.1036738 
341 330 13 17 0.102090284 
948 279 9 11 0.10188244 
202 364 25 27 0.100735486 
202 338 24 29 0.100663766 
333 368 25 33 0.09786165 
720 323 11 13 0.09697559 
663 293 9 11 0.09563246 
102 336 9 11 0.0953475 
181 292 9 12 0.094910614 
344 343 23 27 0.093779914 
906 272 9 11 0.09242698 
783 279 8 11 0.09018603 
663 332 14 16 0.08993602 
877 339 31 42 0.08960588 
584 293 10 12 0.08890438 
585 289 7 10 0.08784315 
812 335 15 22 0.08574336 
374 336 8 12 0.08459463 
553 279 8 10 0.08396205 
145 334 8 11 0.0828061 
186 311 9 12 0.08123186 
790 230 7 10 0.080734104 
783 298 13 16 0.080206715 
589 331 14 21 0.08013752 
268 331 13 14 0.07837239 
181 380 14 19 0.07748139 
583 300 10 13 0.07677941 
437 305 11 15 0.075169206 
152 310 9 11 0.074500464 
827 323 17 21 0.073936455 
734 285 7 10 0.073828734 
334 377 14 19 0.07293076 
109 302 7 11 0.0727664 
725 315 14 17 0.072372235 
55 297 7 9 0.07135716 
385 338 22 27 0.070898175 
133 339 9 11 0.070833586 
95 339 13 15 0.07034386 
79 304 8 10 0.07019736 
911 293 13 15 0.06996058 
885 335 14 19 0.06943787 
53 350 9 11 0.06927407 
66 309 9 11 0.06849254 
832 375 41 50 0.06833236 
705 316 11 14 0.068247415 
589 288 8 11 0.06763242 
47 309 7 9 0.0676132 
71 287 6 9 0.06689827 
773 309 16 20 0.06589175 
821 320 15 21 0.065598845 
743 302 11 14 0.06490927 
749 293 11 13 0.064792745 
8 304 8 10 0.06473193 
756 302 11 14 0.064014845 
686 178 11 14 0.063886605 
121 310 9 11 0.063747 
223 287 7 10 0.06235131 
999 271 9 12 0.06172767 
801 276 10 12 0.061656386 
5 358 11 13 0.06161525 
734 254 11 14 0.061505213 
987 362 40 61 0.061139204 
147 414 30 42 0.060737196 
374 317 9 13 0.060597267 
744 294 10 12 0.060402747 
457 301 23 32 0.060398173 
567 338 24 26 0.060328722 
233 308 9 10 0.057683 
580 338 16 20 0.05755023 
232 319 11 14 0.057174396 
792 255 7 8 0.056901064 
106 309 9 10 0.05689088 
564 301 23 27 0.056808304 
162 418 30 46 0.05676003 
771 344 17 22 0.056662492 
223 256 6 8 0.056470547 
890 272 7 9 0.05636195 
428 306 14 16 0.056199864 
623 309 13 18 0.055933874 
227 295 7 10 0.055050615 
197 347 16 21 0.055004567 
905 301 25 32 0.05499555 
821 288 9 11 0.05454856 
803 333 16 22 0.053881917 
15 311 9 10 0.05360406 
55 327 9 11 0.053373042 
41 305 7 9 0.053235184 
338 319 18 25 0.05322466 
615 301 9 12 0.053013623 
413 294 8 10 0.052813664 
201 292 7 11 0.05249325 
996 276 11 13 0.051688656 
120 303 8 10 0.051182635 
-1 400 20 31 0.051149324 
142 319 8 10 0.050919995 
397 316 15 17 0.0504361 
560 296 8 11 0.049926825 
871 272 8 10 0.049814016 
955 287 11 13 0.049618945 
750 333 22 27 0.049582094 
159 303 8 11 0.04930622 
57 301 7 10 0.049029976 
767 280 8 11 0.048502844 
340 356 24 32 0.048338816 
826 276 9 11 0.04808172 
519 306 13 17 0.047369786 
257 333 10 14 0.047344383 
644 354 27 34 0.047180545 
340 319 10 13 0.047173142 
144 327 8 10 0.046969283 
817 263 7 9 0.046672713 
141 300 8 10 0.04653873 
261 329 20 23 0.04622658 
575 295 10 12 0.046069432 
933 287 11 14 0.045862854 
207 310 10 12 0.045774817 
968 279 10 12 0.04556044 
104 317 9 11 0.04547217 
119 294 7 10 0.045388196 
777 271 8 9 0.045324214 
256 326 9 12 0.04501514 
23 312 8 10 0.044566553 
564 335 18 22 0.044523843 
50 296 8 10 0.04409272 
64 296 7 9 0.044072155 
218 279 7 9 0.044071436 
847 273 8 9 0.04404789 
158 287 8 10 0.043724325 
205 288 8 10 0.043661643 
612 340 14 18 0.043531634 
168 349 10 13 0.043447312 
120 289 6 8 0.043430798 
719 244 8 11 0.043061886 
589 300 8 11 0.04291031 
136 311 8 10 0.04273359 
804 351 17 21 0.042637818 
154 294 7 10 0.042474907 
237 351 8 11 0.04228873 
735 303 12 14 0.042194426 
817 344 16 20 0.042086713 
659 335 23 25 0.042008 
922 321 47 60 0.04182131 
110 296 8 10 0.041642617 
612 294 10 13 0.041392624 
35 358 13 16 0.041241955 
894 295 23 28 0.04106436 
351 319 11 12 0.04100106 
560 301 10 13 0.04098173 
975 290 11 14 0.040780496 
317 310 8 10 0.040602073 
653 342 28 35 0.040599853 
847 277 9 12 0.04052266 
744 271 8 10 0.04034166 
96 336 10 11 0.03970424 
725 332 12 14 0.039609082 
108 341 10 13 0.03959209 
867 365 37 52 0.039581597 
393 323 16 18 0.039557464 
751 271 8 10 0.03937454 
764 289 10 14 0.039277386 
1005 272 9 10 0.039178543 
967 320 43 57 0.03908995 
961 272 8 10 0.03907999 
571 316 17 22 0.03856317 
774 302 11 14 0.03851595 
353 336 16 19 0.038468182 
807 340 22 28 0.038410828 
288 334 12 13 0.038016073 
105 296 8 10 0.03792667 
574 278 8 9 0.03750584 
208 294 8 11 0.03744692 
925 291 14 16 0.03743654 
262 317 10 12 0.037327286 
188 321 12 15 0.03730516 
567 297 9 11 0.03709829 
915 298 15 18 0.03698676 
53 331 10 13 0.03665855 
549 303 19 27 0.03636836 
183 332 11 15 0.036337823 
281 295 8 10 0.036094625 
197 364 17 22 0.036016684 
804 394 25 38 0.035891853 
48 304 7 10 0.035841472 
819 291 9 12 0.03580254 
287 307 10 12 0.035669234 
154 303 8 11 0.035541054 
257 312 8 11 0.035428096 
80 295 7 9 0.035334535 
72 304 8 11 0.035246562 
752 352 25 37 0.035128307 
1 303 7 11 0.035053425 
850 291 23 26 0.034873113 
312 309 9 12 0.03482948 
855 275 9 11 0.034804262 
32 312 7 10 0.03450444 
801 322 16 21 0.034271028 
266 303 8 9 0.034254156 
723 285 8 11 0.034230016 
156 332 9 12 0.034177266 
1006 293 17 27 0.034142803 
287 338 16 19 0.034051865 
1 116 23 31 0.03400775 
57 319 8 10 0.033961423 
821 328 24 30 0.033918872 
63 317 10 11 0.033765927 
883 344 16 23 0.033691015 
187 366 21 28 0.033676654 
171 319 10 13 0.03363962 
157 347 12 14 0.03361259 
665 300 11 15 0.033501774 
282 301 9 12 0.033450045 
547 321 13 17 0.033297546 
719 329 13 16 0.03315946 
213 296 8 10 0.032949697 
337 312 9 10 0.032813467 
275 332 10 13 0.03268811 
646 357 15 21 0.03253937 
79 351 9 11 0.032346554 
202 301 8 10 0.032222684 
71 295 7 8 0.03219657 
558 307 11 16 0.03214938 
158 308 8 11 0.032139413 
20 351 12 15 0.03184357 
704 322 12 14 0.031775847 
149 339 12 16 0.03144407 
223 317 9 11 0.03131706 
257 317 9 12 0.031199235 
391 319 11 14 0.031147713 
101 343 12 16 0.031082967 
18 326 10 12 0.031046828 
270 303 7 10 0.031008214 
236 303 9 11 0.030977927 
660 321 22 25 0.030896572 
721 239 8 11 0.030885374 
558 353 14 18 0.03085791 
110 327 9 11 0.03081503 
46 342 12 15 0.030752687 
841 278 9 11 0.03066972 
48 334 11 12 0.030619772 
9 309 7 10 0.030427609 
367 339 11 14 0.030413004 
440 295 10 14 0.030356204 
808 288 10 12 0.030148651 
222 311 9 12 0.030127162 
759 271 8 10 0.030125627 
854 376 29 35 0.03002281 
1015 271 9 12 0.03000095 
711 267 10 12 0.029957227 
537 292 9 11 0.029895108 
4 352 21 26 0.029887358 
158 295 8 10 0.029825578 
797 286 10 13 0.029813582 
944 283 10 13 0.02968188 
217 271 8 10 0.02966133 
209 350 19 25 0.02960987 
121 316 10 12 0.02960615 
143 347 11 14 0.029582651 
910 286 13 16 0.029573675 
815 289 10 13 0.029284654 
144 341 10 13 0.029246291 
129 337 9 11 0.029232528 
262 346 12 15 0.02918906 
737 348 28 40 0.029151425 
123 356 14 17 0.029123431 
567 288 7 9 0.028928438 
0 309 7 10 0.028815096 
758 282 18 22 0.028786726 
632 355 27 34 0.02874832 
704 263 10 13 0.028747039 
751 252 9 11 0.028708262 
817 166 9 10 0.028700061 
958 301 14 17 0.02862931 
961 276 10 12 0.028613094 
852 312 14 18 0.028577928 
671 278 8 9 0.028510552 
215 261 7 10 0.028486513 
326 302 8 11 0.028485695 
760 280 9 12 0.028409226 
311 303 8 11 0.028362155 
804 464 45 50 0.028248722 
898 329 42 52 0.028226832 
774 294 9 12 0.0279117 
578 288 7 10 0.027867122 
352 312 9 10 0.027718017 
64 342 9 11 0.027675204 
773 286 9 11 0.027620487 
53 344 10 12 0.027604641 
236 334 10 13 0.027601853 
808 290 17 21 0.027503656 
527 341 23 29 0.027492952 
960 314 13 17 0.027490743 
126 304 8 10 0.02746376 
851 286 14 19 0.02744592 
558 273 7 9 0.027424779 
14 303 7 10 0.027369164 
70 349 11 12 0.027268369 
753 287 10 12 0.027254088 
208 300 9 12 0.027198086 
366 333 11 14 0.027097946 
664 324 12 15 0.027082102 
272 285 8 10 0.027065359 
581 306 11 13 0.027053712 
998 299 13 16 0.026939614 
178 280 7 9 0.02684239 
430 301 21 26 0.026734179 
82 278 8 10 0.026708787 
750 345 17 22 0.026578644 
192 288 7 9 0.026462557 
992 281 12 14 0.026420897 
749 463 47 49 0.026338426 
736 305 18 24 0.026272263 
341 331 22 25 0.026063124 
557 278 7 10 0.026018346 
718 310 12 15 0.02592182 
40 310 8 9 0.02587525 
466 312 25 34 0.025749123 
241 287 7 9 0.025715088 
887 303 14 18 0.025711885 
443 299 22 31 0.025694987 
12 426 17 20 0.025582232 
193 294 7 10 0.025546294 
936 268 9 12 0.025443869 
776 277 9 12 0.02540718 
884 298 24 30 0.025271632 
898 293 14 17 0.025245747 
709 322 12 15 0.02507843 
46 354 12 14 0.02498406 
480 286 10 12 0.024950223 
762 347 24 30 0.024842648 
863 271 8 10 0.024772909 
119 332 10 12 0.024691077 
55 310 8 10 0.024499362 
255 348 11 13 0.024471492 
883 310 27 35 0.02441222 
285 301 11 14 0.024385773 
159 327 9 11 0.024347436 
858 304 16 20 0.024343923 
247 300 8 10 0.024241637 
735 248 9 11 0.024102107 
776 247 8 10 0.024095649 
559 286 7 10 0.024037808 
198 339 17 20 0.024033604 
999 295 10 13 0.023934748 
296 296 8 11 0.023932457 
33 304 7 9 0.023843963 
103 327 10 11 0.023840446 
205 335 12 14 0.023805063 
270 279 9 11 0.023750093 
616 307 11 14 0.023738222 
877 349 17 25 0.023712598 
175 308 9 11 0.023649823 
532 304 11 16 0.023560505 
79 389 29 37 0.023533877 
232 277 7 9 0.023512365 
869 352 28 40 0.023498476 
871 276 10 12 0.023497742 
560 330 13 19 0.023466667 
544 312 22 28 0.023421591 
39 318 8 10 0.023313727 
144 426 21 26 0.023311155 
214 310 9 13 0.023120657 
791 237 7 10 0.023080805 
720 278 9 12 0.023072168 
614 342 26 29 0.02287549 
786 224 8 11 0.022828642 
247 289 8 10 0.022773108 
531 337 15 20 0.022767272 
1005 277 10 12 0.022652615 
833 326 18 22 0.02264387 
446 291 12 17 0.022615125 
88 339 11 14 0.022599647 
698 193 97 119 0.022590471 
168 343 10 13 0.022492616 
975 271 8 10 0.022430658 
816 257 8 11 0.022393832 
896 281 21 26 0.022382183 
889 231 7 10 0.022352058 
398 302 10 11 0.022325406 
16 316 9 10 0.022305341 
984 272 8 10 0.022183245 
984 276 9 12 0.022164695 
108 334 10 12 0.022158597 
310 315 12 15 0.022134695 
8 316 9 11 0.022098389 
467 302 13 18 0.022089142 
359 302 7 10 0.02204979 
752 278 9 11 0.022049079 
176 270 8 10 0.022043183 
979 285 10 13 0.022026327 
766 302 12 14 0.021935618 
812 307 15 18 0.021925023 
706 312 19 23 0.021830859 
635 308 14 20 0.021790298 
690 279 8 10 0.021717966 
218 256 7 9 0.021677691 
316 317 10 13 0.021581536 
69 342 11 13 0.02158067 
621 327 27 33 0.02155165 
131 355 12 16 0.02151887 
441 286 22 32 0.0214909 
814 316 13 18 0.021470264 
45 385 15 19 0.021457845 
85 370 15 18 0.021427637 
330 349 25 35 0.02139065 
154 287 7 10 0.021369604 
842 272 7 10 0.021338198 
69 317 8 11 0.021320658 
621 301 11 14 0.021303575 
144 312 7 10 0.021266513 
61 326 9 11 0.021230735 
443 300 12 17 0.021201152 
80 288 8 9 0.021182578 
305 316 10 14 0.021139089 
719 303 10 12 0.021131564 
702 308 13 18 0.021106694 
907 316 16 20 0.021088725 
694 279 8 10 0.021088185 
309 322 13 18 0.021061461 
341 310 9 11 0.020965433 
747 303 18 23 0.020926988 
709 310 11 15 0.02086415 
804 305 15 19 0.020847179 
966 271 8 10 0.02083185 
571 350 18 20 0.02081504 
138 324 9 12 0.020808745 
223 272 7 10 0.020676306 
981 12 28 34 0.02065277 
381 342 42 47 0.020637179 
117 360 15 20 0.020614168 
623 285 9 12 0.020601915 
675 296 22 26 0.020597462 
786 254 7 9 0.020501593 
609 298 10 13 0.020460438 
595 323 13 18 0.020404182 
358 310 9 10 0.020379802 
741 254 9 12 0.020259697 
725 239 8 10 0.020247482 
576 322 17 20 0.020237746 
743 289 9 11 0.020237722 
721 345 27 36 0.020210406 
135 288 7 10 0.020205492 
12 346 40 48 0.020079013 
