3_Riot_Riot_3_106
66
665 155 209 236 0.9972626 
453 408 15 18 0.31595924 
295 299 12 15 0.24847394 
36 192 215 309 0.20068075 
288 239 8 11 0.19797339 
780 692 25 27 0.18338136 
236 312 14 18 0.10029042 
404 333 12 16 0.08764008 
291 246 14 17 0.077592954 
354 284 12 16 0.074226096 
123 528 456 503 0.061600212 
241 66 374 502 0.058753215 
249 237 11 13 0.058444183 
131 260 184 261 0.05672635 
892 672 107 118 0.05508605 
807 116 108 108 0.053417675 
90 520 16 22 0.05000249 
978 936 25 30 0.049584955 
395 382 10 12 0.04160458 
191 510 13 16 0.04071498 
239 251 10 12 0.03860877 
768 730 39 35 0.0382833 
372 408 9 11 0.03780803 
603 533 15 17 0.03727742 
425 366 8 10 0.037173085 
585 88 400 317 0.036551096 
220 281 16 19 0.035512146 
100 528 13 21 0.034933355 
757 690 61 53 0.033279296 
50 247 396 467 0.033075377 
859 687 74 78 0.031752616 
314 248 17 18 0.030238992 
330 582 193 239 0.029821191 
84 525 18 23 0.028995348 
290 240 12 12 0.02677538 
393 396 10 12 0.026685085 
346 347 12 14 0.026610581 
256 626 36 42 0.026485274 
449 410 12 16 0.025973367 
310 260 11 14 0.025903111 
270 249 9 10 0.025692895 
446 372 8 10 0.025357485 
563 936 25 29 0.025325216 
257 505 16 19 0.025109684 
182 324 221 229 0.025006093 
602 209 15 18 0.02465471 
477 395 14 15 0.024355894 
746 715 72 58 0.023960283 
245 84 31 46 0.02384384 
298 245 13 16 0.023472892 
237 470 17 19 0.022452476 
289 422 12 15 0.022265375 
230 499 12 17 0.022165462 
336 230 9 11 0.022087546 
346 240 13 16 0.021981044 
210 275 28 30 0.021956047 
270 123 13 15 0.02113325 
234 307 22 29 0.02096929 
102 3 367 493 0.020904409 
393 386 11 15 0.020886498 
260 555 17 20 0.020879487 
403 226 14 16 0.020757468 
257 96 29 38 0.020657862 
451 461 18 21 0.020391725 
35 99 16 18 0.020381989 
822 102 74 70 0.020360092 
