3_Riot_Riot_3_26
365
294 50 26 32 0.9991831 
250 229 31 38 0.9990783 
205 209 32 37 0.9990478 
789 61 27 35 0.99900645 
231 355 37 52 0.9989334 
359 71 27 32 0.99821377 
328 356 28 44 0.9977849 
658 63 26 33 0.99762064 
277 354 27 39 0.9975305 
674 228 29 32 0.9975178 
718 392 30 44 0.9965989 
193 44 21 29 0.9965928 
846 35 25 30 0.9965403 
248 93 25 29 0.9957158 
816 9 26 33 0.9956098 
935 161 29 38 0.99556977 
854 386 27 41 0.99525464 
464 75 26 30 0.9948718 
421 369 34 44 0.99369824 
940 -3 25 29 0.99233186 
986 185 33 41 0.9908406 
357 222 32 35 0.9883295 
1001 43 22 28 0.9852009 
467 209 27 32 0.9811529 
783 213 28 36 0.98063654 
899 155 27 33 0.978844 
255 332 32 37 0.9738946 
16 99 25 29 0.97323745 
337 423 26 38 0.9725687 
645 -1 25 24 0.96661156 
760 34 25 32 0.9639083 
973 16 23 27 0.9612609 
725 356 30 39 0.95520073 
894 45 24 28 0.94984215 
415 348 30 43 0.94973195 
674 355 33 36 0.9300919 
557 234 29 35 0.9199072 
646 211 22 26 0.89338696 
281 206 26 31 0.8818008 
208 434 22 37 0.8791843 
537 99 20 23 0.8777957 
796 344 16 20 0.8609549 
52 243 26 35 0.78915405 
98 362 23 29 0.75310856 
780 397 22 27 0.67483187 
151 331 26 31 0.6576898 
940 412 23 30 0.6324108 
58 324 26 33 0.62931395 
53 192 26 33 0.62458515 
642 345 24 35 0.54056454 
61 570 20 34 0.5254536 
891 243 23 30 0.43479174 
786 367 21 30 0.4237016 
863 356 14 18 0.4228261 
620 197 15 21 0.39907736 
532 212 25 31 0.37767258 
759 439 14 23 0.36145455 
602 215 27 37 0.33806434 
973 414 14 18 0.31991512 
735 492 24 33 0.31881222 
163 526 18 24 0.31009123 
961 381 17 23 0.30590189 
329 204 31 38 0.29639965 
511 81 16 20 0.29551926 
209 494 21 36 0.28404328 
428 215 26 33 0.2806042 
523 519 23 32 0.2605369 
923 370 13 18 0.23963562 
244 571 24 30 0.23850617 
913 343 9 12 0.23782498 
917 363 14 22 0.23242782 
758 69 17 22 0.23033138 
599 50 21 29 0.21260768 
786 446 25 38 0.20452489 
830 373 15 22 0.19200897 
948 417 25 34 0.16706851 
722 371 34 52 0.13733226 
979 363 15 17 0.13377514 
966 372 13 18 0.12830031 
122 513 23 32 0.12460902 
259 499 22 34 0.122942165 
951 407 12 15 0.120750606 
43 320 36 46 0.11975492 
787 381 17 25 0.11728901 
731 340 30 36 0.115123175 
787 397 25 33 0.113195695 
964 418 22 29 0.10945997 
795 369 22 30 0.10877789 
126 424 16 21 0.10793989 
92 509 18 21 0.105446175 
888 333 17 20 0.10354233 
912 357 12 16 0.100358635 
582 550 42 53 0.09834065 
150 350 16 21 0.09792067 
307 576 33 35 0.09775354 
337 212 35 40 0.09608623 
771 372 16 23 0.09213239 
578 516 32 46 0.09056344 
425 228 29 39 0.089909285 
941 403 11 15 0.08618885 
971 370 13 17 0.08555078 
853 306 11 15 0.08487151 
132 518 25 30 0.08433216 
690 48 20 29 0.08397293 
2 557 28 55 0.083754785 
996 440 26 31 0.083182596 
995 379 13 15 0.08120175 
461 215 39 45 0.080246046 
517 231 12 16 0.07767424 
769 312 25 29 0.076996304 
19 505 17 22 0.07662666 
891 237 16 19 0.07581504 
887 244 17 21 0.07569344 
868 351 12 17 0.074016824 
131 434 12 15 0.07343343 
999 415 10 14 0.07147197 
206 504 14 21 0.07086201 
653 387 21 31 0.07059163 
779 526 41 54 0.07051033 
821 362 19 26 0.06964556 
585 499 32 36 0.069266476 
506 65 26 34 0.06857783 
132 362 16 20 0.067100964 
203 450 18 26 0.06689243 
99 357 15 22 0.06587955 
756 45 24 34 0.06559603 
454 546 23 39 0.06481323 
363 571 21 26 0.06464128 
882 477 40 53 0.06316232 
859 381 15 23 0.062454008 
376 382 25 33 0.06233455 
774 404 25 31 0.0622354 
730 490 17 28 0.062038656 
757 378 15 19 0.061584957 
877 347 11 17 0.060617633 
989 386 14 19 0.059766635 
988 360 16 18 0.05930633 
219 491 16 25 0.058559712 
56 444 12 15 0.058521587 
904 242 24 34 0.058104668 
1006 313 13 20 0.057993274 
789 355 16 19 0.057906482 
790 362 17 22 0.057555035 
492 436 41 53 0.056643713 
590 497 14 18 0.05603646 
539 220 28 38 0.054430287 
656 550 29 35 0.054199412 
341 409 25 35 0.05368003 
969 380 15 19 0.0536053 
117 520 14 20 0.053450316 
570 540 39 51 0.05319571 
581 524 45 58 0.053114317 
322 426 25 39 0.052926365 
886 433 14 19 0.052911624 
158 329 13 15 0.050735388 
920 513 58 60 0.050556336 
149 440 16 20 0.049928907 
50 539 15 17 0.049879596 
235 562 17 25 0.049628988 
62 473 21 30 0.049220085 
763 374 16 22 0.048958097 
883 359 15 21 0.04819662 
865 352 21 26 0.04788557 
40 534 26 28 0.04745699 
740 332 15 20 0.047337674 
937 399 12 15 0.047098286 
387 379 12 17 0.046943497 
772 415 17 23 0.04682479 
190 442 29 33 0.046727337 
464 544 24 35 0.045523398 
937 417 14 20 0.045242094 
408 438 22 33 0.045205124 
14 541 42 52 0.045143127 
212 489 16 25 0.044972163 
950 504 33 35 0.044965897 
375 439 15 22 0.044294555 
885 344 14 21 0.044272386 
901 488 51 54 0.043928742 
9 503 25 31 0.043868802 
794 457 27 36 0.04346535 
545 517 43 52 0.04279011 
894 306 16 21 0.041011646 
810 370 18 24 0.04094885 
472 443 12 18 0.040946245 
988 426 12 17 0.040754367 
952 387 13 16 0.040475264 
604 46 13 17 0.03960195 
299 368 23 33 0.039524216 
377 571 16 22 0.03919398 
471 433 25 34 0.039055645 
657 453 27 36 0.038942784 
974 567 26 44 0.03881544 
997 472 13 20 0.03830054 
557 511 23 36 0.038287736 
774 399 18 22 0.038046 
981 386 14 20 0.037776332 
957 430 15 23 0.037736904 
609 207 19 24 0.037494633 
340 387 29 33 0.03744741 
936 402 22 28 0.037437156 
994 356 14 18 0.03693764 
686 361 38 52 0.036804684 
72 477 23 33 0.03666459 
645 205 36 44 0.036459733 
874 485 32 37 0.036126208 
739 482 37 47 0.036117807 
521 219 23 30 0.035934888 
0 264 9 17 0.03572947 
468 552 14 22 0.03539268 
856 474 12 16 0.035254918 
71 329 13 19 0.03491757 
139 367 16 21 0.03489003 
580 457 27 34 0.034543157 
725 366 18 26 0.034152858 
742 369 28 32 0.03400956 
740 325 11 14 0.03361673 
874 359 17 21 0.033398546 
562 563 26 39 0.033391964 
872 419 23 30 0.033380788 
313 436 25 33 0.033200305 
820 356 16 19 0.03317403 
379 524 26 36 0.033126026 
51 263 30 37 0.033068817 
85 423 15 21 0.03300868 
107 510 22 30 0.03296056 
915 348 11 13 0.032959037 
245 498 27 34 0.032876752 
877 4 27 28 0.032681577 
651 348 27 38 0.03251226 
1002 417 15 20 0.032219876 
243 343 39 51 0.031976886 
27 509 15 21 0.031552438 
774 457 37 49 0.031547785 
417 563 22 30 0.031485483 
898 482 17 28 0.03144734 
92 420 13 18 0.031353474 
219 435 24 32 0.031020775 
847 301 13 18 0.030638358 
995 420 25 33 0.030537533 
593 167 18 21 0.030308375 
141 522 27 30 0.030189045 
768 377 23 30 0.029986598 
473 543 28 34 0.029979685 
345 403 18 21 0.029864525 
931 372 11 15 0.029733518 
731 402 29 31 0.029329548 
13 501 15 20 0.029317813 
684 581 22 34 0.02925487 
33 505 16 23 0.02891531 
534 484 15 17 0.02887251 
771 444 26 36 0.02886616 
990 404 10 15 0.028459044 
796 405 25 30 0.028405458 
822 14 33 45 0.02836627 
992 412 11 16 0.028268704 
35 482 23 34 0.028231885 
529 522 32 37 0.028218223 
800 393 18 25 0.028178211 
214 566 31 30 0.028155414 
991 373 12 15 0.028137852 
901 353 13 18 0.028047256 
897 235 18 22 0.027986117 
470 484 13 20 0.02783183 
85 482 27 34 0.027661214 
45 248 17 22 0.027273126 
931 499 40 36 0.027250338 
27 535 29 35 0.02692425 
997 405 22 28 0.026718855 
377 125 19 21 0.026607202 
1003 410 24 30 0.02651325 
509 228 21 28 0.026489884 
746 334 16 20 0.026296997 
940 534 49 63 0.026247442 
354 363 25 33 0.02624711 
1012 417 13 17 0.026070287 
486 584 41 44 0.026012825 
988 438 23 29 0.025988577 
757 465 37 49 0.025970405 
52 475 21 31 0.025951289 
639 464 25 37 0.025648717 
138 431 24 31 0.02558405 
163 513 18 26 0.025574077 
196 552 28 36 0.025522307 
473 478 25 31 0.025440078 
324 206 19 26 0.025029475 
933 367 22 27 0.024823315 
1004 436 16 18 0.024778917 
630 194 23 30 0.024580527 
670 564 26 36 0.024454093 
375 445 25 31 0.024343222 
264 411 24 33 0.024308875 
761 318 26 30 0.024190191 
636 478 17 22 0.024052588 
316 363 28 38 0.023897884 
196 492 26 36 0.023882035 
0 540 21 37 0.023495173 
988 351 15 19 0.02347657 
81 379 11 17 0.023197867 
49 565 37 48 0.023144664 
753 339 17 20 0.02311409 
89 364 23 31 0.023078194 
51 131 18 23 0.02300448 
659 568 26 31 0.022982758 
997 393 13 18 0.02296163 
46 303 28 40 0.022959428 
987 442 38 53 0.022901637 
114 186 38 40 0.022854572 
132 439 14 19 0.022741528 
553 538 40 49 0.022716688 
595 387 23 29 0.022597626 
907 306 101 118 0.02257708 
68 468 14 19 0.022533018 
51 330 20 24 0.022464456 
735 326 11 14 0.022405464 
211 482 28 38 0.022258867 
379 562 24 31 0.022107009 
927 556 39 51 0.022005066 
759 385 22 30 0.021952612 
954 412 13 16 0.021895196 
813 360 17 21 0.021886228 
988 434 13 18 0.021872181 
411 423 22 35 0.021867797 
484 499 26 31 0.021858212 
883 368 13 19 0.021754133 
892 352 13 18 0.021720832 
586 492 23 29 0.02171113 
91 417 23 31 0.021607468 
715 487 27 36 0.021606063 
265 490 25 36 0.021522373 
44 550 32 42 0.021482425 
559 610 46 49 0.021446045 
891 429 14 19 0.02142968 
334 373 34 35 0.021334311 
650 341 16 19 0.021308692 
731 345 19 22 0.021276714 
3 485 31 40 0.02125357 
924 358 12 17 0.02124356 
506 509 39 47 0.021227287 
955 517 32 42 0.021199 
109 348 12 15 0.021179058 
113 370 14 18 0.02095791 
762 438 24 33 0.020948322 
64 183 26 36 0.020943036 
59 339 18 24 0.020941842 
742 550 31 36 0.020924916 
369 371 23 35 0.02087823 
735 331 13 17 0.020867093 
196 329 26 33 0.02085338 
355 426 25 36 0.020834057 
885 251 18 24 0.020833574 
950 377 22 27 0.02082383 
368 519 27 38 0.020778392 
420 421 16 20 0.02074801 
890 322 18 23 0.020675696 
949 513 18 18 0.020553652 
495 506 16 20 0.020463685 
53 440 22 29 0.02026977 
846 467 26 34 0.020259587 
455 518 25 30 0.020231022 
73 404 38 52 0.020132354 
989 467 24 32 0.020115057 
725 504 46 57 0.020076655 
47 444 12 16 0.020070035 
758 534 43 54 0.020007677 
300 388 18 22 0.020007297 
