3_Riot_Riot_3_725
109
728 262 25 30 0.99756086 
816 247 28 32 0.9905668 
389 230 23 28 0.9859439 
462 243 25 28 0.98579097 
384 276 26 35 0.98424363 
262 237 22 27 0.974871 
634 214 39 48 0.974683 
296 246 21 28 0.97055095 
514 281 29 34 0.9661943 
324 239 18 25 0.82715636 
899 155 13 17 0.76991916 
941 151 12 16 0.68357265 
680 248 28 35 0.6785374 
734 233 18 20 0.6452384 
280 217 15 18 0.54824007 
227 284 12 15 0.38151544 
837 132 10 15 0.29907864 
307 223 18 21 0.29806912 
419 272 21 28 0.26950452 
452 240 25 32 0.26661533 
544 120 16 19 0.21422121 
863 146 15 20 0.19720718 
299 228 25 33 0.1935844 
959 184 14 22 0.19024727 
442 241 16 23 0.16833979 
247 253 12 16 0.13323645 
888 189 10 14 0.11401941 
692 287 21 27 0.101324104 
409 232 16 21 0.10127334 
534 115 26 30 0.099765 
833 350 17 23 0.09675189 
768 247 12 14 0.09529715 
482 301 12 16 0.091558084 
893 188 14 18 0.081236154 
867 143 12 15 0.079041295 
946 155 12 15 0.07525249 
315 230 19 27 0.07454955 
475 244 24 28 0.069486685 
950 454 11 14 0.06882039 
985 549 25 30 0.061991535 
524 127 24 30 0.06037622 
525 139 16 22 0.0593904 
314 241 22 28 0.058318194 
895 160 13 17 0.05772779 
476 105 58 59 0.055882886 
53 75 212 198 0.05462327 
780 288 14 20 0.054138288 
675 273 29 38 0.050573803 
435 351 17 23 0.048762143 
851 181 12 15 0.04742553 
691 243 16 23 0.046955563 
316 323 13 14 0.04605728 
459 223 16 18 0.04538836 
668 241 16 22 0.045197915 
783 284 21 28 0.045090742 
765 248 18 24 0.044700753 
854 155 13 17 0.044107124 
962 177 24 33 0.04277924 
831 134 21 30 0.042551626 
38 12 129 106 0.042242642 
490 239 22 27 0.04157923 
417 100 42 45 0.041037176 
533 128 14 18 0.04071497 
540 257 25 32 0.039793983 
342 273 15 20 0.039645996 
670 241 27 32 0.038848426 
426 285 17 21 0.03848198 
447 224 362 477 0.03661168 
459 92 95 97 0.036008507 
427 212 20 25 0.0355165 
-27 288 390 445 0.03494647 
439 220 14 19 0.03446212 
748 236 12 17 0.030295486 
503 105 56 55 0.030216187 
768 260 20 28 0.029523158 
513 132 25 29 0.028518096 
487 122 35 35 0.028444998 
710 314 16 20 0.028307566 
950 163 11 13 0.027729275 
353 45 103 104 0.027106008 
309 216 14 17 0.027014742 
771 269 22 28 0.026408086 
864 143 23 28 0.02640329 
395 68 83 93 0.02597297 
414 267 16 23 0.02515928 
905 154 14 18 0.025079317 
766 298 19 25 0.024934337 
863 135 12 14 0.024202423 
827 339 29 37 0.024104696 
256 232 35 46 0.023830013 
836 126 19 25 0.023665905 
620 261 28 35 0.02361433 
270 213 12 16 0.023559803 
432 245 24 29 0.023396583 
425 85 91 88 0.022727093 
919 135 20 27 0.022665784 
650 233 33 35 0.022565803 
373 242 12 16 0.022562765 
944 451 12 17 0.022547038 
438 223 19 27 0.022402141 
280 207 11 15 0.02230212 
151 129 102 158 0.021908881 
846 174 21 27 0.021522542 
251 241 25 31 0.021230897 
701 293 24 32 0.021101069 
889 165 11 14 0.021070598 
832 249 17 22 0.020874303 
341 257 16 21 0.020603405 
900 580 17 17 0.020396212 
