3_Riot_Riot_3_186
29
209 27 66 76 0.9893357 
386 50 43 51 0.9884566 
790 142 17 21 0.71588504 
544 41 39 53 0.5873249 
611 -1 38 26 0.34071243 
167 158 14 20 0.26628104 
217 321 53 62 0.14325067 
332 25 42 50 0.11313509 
355 19 31 41 0.0864559 
757 116 13 16 0.070457555 
404 0 28 24 0.06562494 
627 50 94 110 0.06052607 
315 99 43 54 0.057264745 
664 54 91 122 0.04723668 
315 40 51 60 0.0407079 
349 1 36 36 0.0397685 
393 313 90 106 0.03960176 
784 144 15 21 0.03819585 
349 46 41 51 0.037328154 
553 22 49 60 0.03712753 
758 108 23 31 0.031533323 
335 235 51 56 0.026962673 
609 -1 59 60 0.026090996 
500 190 27 35 0.024107657 
746 95 48 64 0.023111021 
657 88 31 35 0.022852544 
568 12 53 59 0.022747524 
699 101 91 114 0.022234041 
577 20 31 35 0.020935692 
