3_Riot_Riot_3_101
77
728 334 51 58 0.95090145 
776 61 59 57 0.93326867 
1 251 59 75 0.82552123 
612 2 57 62 0.4203248 
166 64 48 43 0.41716248 
500 232 61 67 0.3766242 
567 3 42 56 0.22983272 
651 129 56 62 0.20519467 
841 226 51 63 0.18713371 
968 112 55 103 0.14569677 
501 242 91 113 0.11972769 
104 179 27 33 0.102994286 
702 21 36 44 0.087787226 
173 68 57 66 0.08419487 
556 227 49 62 0.08367218 
279 121 30 34 0.06890696 
466 210 31 37 0.06662027 
746 56 59 71 0.06464783 
810 66 40 51 0.060453705 
191 207 31 38 0.05761309 
231 153 15 18 0.050555605 
386 137 448 500 0.048871122 
268 128 34 39 0.046491183 
764 80 66 71 0.046381935 
554 6 35 52 0.046322484 
158 146 16 19 0.04506057 
896 186 56 50 0.04391865 
934 118 55 74 0.043757454 
145 34 90 79 0.040354725 
672 321 35 43 0.038630266 
20 283 34 49 0.036784213 
359 333 45 62 0.03483462 
882 -1 27 31 0.03423968 
641 10 53 58 0.03415489 
221 62 14 16 0.03362894 
545 175 63 56 0.033459436 
132 43 57 61 0.033036444 
724 21 43 57 0.032073993 
191 62 37 38 0.031665243 
707 6 40 43 0.031295434 
229 -1 55 53 0.030946955 
2 287 38 54 0.030844135 
743 32 46 60 0.029184412 
867 224 52 56 0.028735988 
25 475 11 15 0.028517097 
876 0 18 21 0.0284425 
517 206 67 73 0.028066864 
675 19 48 55 0.02797038 
939 2 28 37 0.027412133 
118 446 11 13 0.027213687 
492 235 44 44 0.026591912 
199 84 49 58 0.02644 
630 139 53 59 0.026234658 
170 92 39 44 0.0260496 
624 77 89 98 0.026020665 
919 113 48 66 0.025585998 
78 221 10 12 0.025516521 
881 205 54 56 0.025179809 
466 213 48 56 0.024670644 
111 413 11 14 0.02431625 
787 0 61 50 0.024266826 
22 20 94 134 0.02346816 
436 287 45 53 0.023445824 
212 54 27 31 0.022980962 
674 132 56 73 0.022928495 
696 331 50 56 0.022602504 
720 264 58 59 0.022568269 
622 324 13 16 0.022491232 
550 148 99 101 0.022438629 
272 420 128 131 0.022155289 
696 355 30 36 0.021424208 
93 70 10 13 0.0213749 
223 94 45 53 0.021373697 
576 169 54 55 0.020667473 
770 17 64 65 0.020437388 
103 226 32 30 0.020177677 
659 58 88 111 0.02000874 
