3_Riot_Riot_3_521
31
871 177 138 177 0.9997392 
548 183 123 149 0.99950767 
268 194 64 80 0.9990766 
156 229 68 79 0.9973425 
48 229 70 82 0.9883343 
380 240 78 103 0.98809063 
484 317 52 67 0.42684552 
724 548 112 116 0.24916524 
509 332 38 45 0.19600336 
600 233 130 143 0.08434272 
714 482 114 132 0.06697624 
460 490 16 22 0.06415127 
703 442 102 128 0.062185112 
814 555 57 79 0.054441225 
780 547 83 113 0.05123285 
546 471 51 65 0.049828682 
73 258 48 51 0.048408378 
725 481 66 74 0.047255874 
469 289 51 75 0.03981082 
563 406 29 39 0.035848983 
670 394 170 256 0.03230808 
1013 46 8 12 0.031625703 
478 506 11 15 0.027029483 
467 494 16 21 0.025573649 
455 572 33 42 0.024502376 
376 603 13 17 0.023620553 
605 418 13 17 0.023154069 
100 214 54 69 0.022954542 
1011 636 14 24 0.021327388 
317 174 47 64 0.021238044 
22 597 12 16 0.020232659 
