3_Riot_Riot_3_790
108
206 275 26 32 0.9969959 
812 269 19 23 0.9853895 
785 250 17 23 0.97914267 
928 272 15 19 0.94014674 
244 253 18 23 0.93785053 
484 261 10 15 0.87235713 
986 275 16 19 0.86025286 
259 239 16 20 0.7297139 
429 272 15 17 0.68880266 
217 250 17 20 0.6719624 
325 260 15 19 0.6332 
348 418 41 40 0.57380635 
284 286 18 21 0.48530403 
515 264 14 17 0.37811455 
431 289 12 14 0.27747855 
509 281 16 21 0.20826222 
853 263 15 19 0.19188838 
984 252 22 28 0.15412652 
448 286 11 15 0.14941533 
835 264 15 20 0.14456202 
243 351 15 21 0.12703691 
400 286 10 13 0.12249901 
843 262 17 21 0.118775025 
510 300 16 20 0.10909109 
424 496 36 58 0.10770155 
406 286 9 12 0.088920094 
962 309 14 18 0.08637453 
531 282 12 16 0.08502519 
824 265 19 25 0.08223748 
310 291 12 19 0.07667965 
204 257 17 20 0.076546215 
513 253 11 13 0.06749905 
428 278 19 24 0.06745882 
1012 252 11 18 0.06512511 
984 255 13 16 0.060318906 
984 319 25 27 0.06004428 
425 275 12 15 0.05880951 
775 245 12 15 0.05805882 
434 340 12 16 0.05532782 
709 269 8 10 0.053341296 
585 264 10 12 0.05183208 
413 291 10 14 0.04895549 
616 264 10 12 0.04700091 
380 260 14 18 0.045913674 
521 278 21 26 0.04547649 
993 250 17 21 0.045441892 
764 261 15 18 0.043760397 
861 298 12 15 0.043573033 
391 285 8 12 0.043046642 
479 255 12 15 0.04297863 
451 290 11 15 0.04098243 
982 270 14 20 0.04095499 
544 270 10 12 0.040691845 
385 285 9 12 0.03989231 
518 248 10 12 0.037519086 
372 259 16 20 0.037466776 
776 253 20 26 0.036575977 
914 282 16 19 0.0365484 
1001 248 20 26 0.035558015 
246 346 24 30 0.03537555 
538 333 12 17 0.03491328 
384 279 10 12 0.034395628 
226 256 15 18 0.03401073 
536 327 12 14 0.031987287 
878 308 12 16 0.030272331 
550 269 10 13 0.029958585 
956 333 13 16 0.028920963 
569 512 24 31 0.028483432 
434 333 14 16 0.027979216 
236 272 22 30 0.027620224 
727 278 9 11 0.027388295 
368 422 37 49 0.027376344 
940 297 16 19 0.027061757 
433 347 11 13 0.027047804 
139 330 31 36 0.026789228 
512 273 17 21 0.02664359 
181 326 24 30 0.025782216 
513 287 17 21 0.02571473 
751 261 11 15 0.02570952 
502 270 11 15 0.024917083 
601 239 10 13 0.024835307 
999 281 21 28 0.024834404 
218 275 23 31 0.02450442 
793 221 10 14 0.024485884 
918 289 14 18 0.024341907 
523 267 12 14 0.024261199 
258 271 14 21 0.02423466 
126 363 11 15 0.0242061 
815 307 15 18 0.02418086 
477 277 14 18 0.024104113 
491 260 11 14 0.023107674 
947 294 13 17 0.022826381 
619 266 11 12 0.022788297 
894 270 12 15 0.022670621 
534 270 11 14 0.022567071 
402 255 15 19 0.022487069 
430 263 13 15 0.022402586 
410 616 18 19 0.022233102 
270 290 14 18 0.02221843 
502 275 14 20 0.021997314 
492 283 14 21 0.021542927 
1005 323 13 17 0.02089716 
992 281 16 17 0.020890808 
470 299 11 13 0.020749522 
407 290 11 14 0.020701734 
251 279 15 22 0.02054465 
501 261 11 14 0.020401353 
333 310 13 17 0.020301603 
