3_Riot_Riot_3_166
124
581 641 390 470 0.51691073 
37 272 86 112 0.47519156 
643 76 15 20 0.35687324 
857 158 32 41 0.2764525 
639 413 388 520 0.25659487 
477 222 352 450 0.24196927 
649 127 33 43 0.21725915 
695 456 105 138 0.1547671 
594 152 46 65 0.14919142 
643 11 29 33 0.1325779 
373 75 32 46 0.1224431 
178 133 29 31 0.1218829 
923 368 105 139 0.10273193 
435 15 382 450 0.09997596 
453 344 42 53 0.09432633 
186 112 35 38 0.08832004 
0 378 42 85 0.076088436 
750 759 118 122 0.07543628 
259 248 387 495 0.07089434 
129 70 25 31 0.070192255 
595 51 25 37 0.068156436 
662 753 241 262 0.06578962 
680 754 100 121 0.0625943 
585 121 53 74 0.060974907 
691 287 324 399 0.060582113 
880 340 113 144 0.056976195 
563 30 47 57 0.05572862 
729 762 57 78 0.05540044 
567 859 170 149 0.054156266 
-1 119 20 38 0.05145512 
126 145 399 502 0.05063571 
557 51 25 37 0.0506047 
793 827 120 144 0.048447203 
402 615 413 526 0.04643517 
628 125 48 65 0.045631345 
658 3 30 35 0.045422547 
221 245 56 52 0.045140967 
999 195 23 34 0.043524887 
21 590 104 149 0.042785488 
905 79 49 59 0.042608008 
330 63 44 55 0.042387936 
727 735 98 120 0.042152226 
62 573 87 117 0.042075895 
964 919 45 79 0.041398738 
490 21 25 32 0.0413545 
95 158 25 29 0.041278016 
579 104 48 59 0.03893321 
268 65 24 34 0.03864971 
790 197 23 29 0.03718848 
0 339 30 50 0.036985155 
647 142 93 96 0.03663851 
589 92 88 107 0.03556212 
803 229 31 34 0.03536514 
69 236 26 34 0.034944005 
386 66 17 20 0.034392513 
865 169 43 52 0.03431677 
203 220 114 115 0.034252305 
194 116 19 20 0.034125093 
373 61 115 119 0.033193905 
30 193 24 28 0.03297357 
383 387 375 455 0.03287797 
1001 129 20 36 0.03249586 
728 22 25 28 0.031948727 
308 152 45 60 0.0311333 
272 86 30 39 0.030849962 
334 54 16 22 0.030731546 
11 301 85 119 0.030479748 
634 112 15 22 0.030050192 
580 139 77 102 0.029776227 
547 116 16 21 0.028946862 
661 614 245 293 0.028328272 
613 148 50 71 0.0279741 
73 186 19 24 0.027685378 
606 110 55 65 0.027622318 
553 104 46 60 0.027610581 
456 738 38 39 0.027505798 
870 833 58 71 0.027379353 
277 195 34 39 0.027111882 
525 490 351 408 0.027048258 
674 69 31 44 0.026488822 
942 39 40 48 0.026231723 
899 617 106 161 0.026223473 
638 60 27 33 0.025939412 
594 28 109 138 0.025794394 
572 105 32 38 0.02547805 
693 29 26 30 0.025417585 
419 76 32 32 0.025396967 
167 86 60 60 0.025348948 
891 695 29 45 0.024767678 
542 126 55 68 0.024397928 
832 883 98 119 0.024340175 
620 61 46 58 0.024185183 
234 230 53 52 0.024146175 
612 108 27 36 0.024077006 
518 768 263 253 0.024000641 
158 81 99 99 0.023860632 
230 147 36 35 0.023712689 
428 83 18 19 0.023654295 
2 345 53 84 0.023619775 
768 192 42 47 0.02339961 
168 141 29 29 0.023179587 
690 -74 355 447 0.0227868 
333 54 28 41 0.02267229 
540 32 46 59 0.022586957 
757 761 61 76 0.022103202 
555 100 12 15 0.0220546 
357 76 34 48 0.021972295 
875 184 47 56 0.021939404 
796 799 70 78 0.021775432 
212 256 37 40 0.021342019 
942 61 30 36 0.021278769 
672 0 30 36 0.021227354 
568 141 57 74 0.021151138 
631 83 103 116 0.020964658 
45 139 33 36 0.02092784 
721 450 69 85 0.020805042 
600 367 42 41 0.020782 
727 786 38 63 0.020767143 
205 41 13 14 0.020732883 
927 66 51 64 0.020409279 
988 59 29 40 0.02033734 
849 821 37 52 0.020328177 
19 212 23 30 0.020183038 
71 723 200 249 0.020103447 
