3_Riot_Riot_3_199
866
980 332 27 41 0.99516135 
83 157 19 23 0.97282946 
923 194 13 18 0.9694034 
894 189 15 20 0.957477 
957 181 15 17 0.9496247 
92 91 12 15 0.9348601 
771 182 12 17 0.92903095 
331 180 17 20 0.92491 
846 175 12 17 0.9190884 
854 204 14 18 0.91357994 
196 235 20 26 0.9010738 
818 188 14 19 0.88599616 
530 186 14 18 0.85415024 
397 195 17 22 0.8342603 
115 122 12 16 0.82521904 
429 317 26 37 0.8222173 
755 173 12 16 0.8199286 
854 253 20 29 0.8190986 
1012 188 12 19 0.7730889 
875 193 11 15 0.716764 
69 291 34 59 0.693654 
390 109 10 12 0.6785266 
824 168 11 13 0.6782576 
981 159 10 11 0.6216952 
607 172 12 14 0.6181485 
536 142 9 12 0.6169271 
484 278 22 26 0.5986176 
477 147 12 15 0.5898951 
62 111 12 15 0.58068293 
780 225 17 22 0.5539272 
715 180 12 15 0.5274115 
374 109 10 13 0.5119976 
583 405 41 40 0.5106402 
364 146 11 15 0.5028996 
85 124 10 14 0.50120366 
413 158 12 16 0.4888065 
225 173 11 13 0.4831262 
715 174 11 14 0.46557963 
839 220 14 18 0.46220374 
661 172 12 17 0.44989333 
584 158 11 13 0.44072303 
277 149 9 12 0.4375509 
636 163 10 13 0.42411616 
374 158 12 15 0.40218523 
721 135 8 10 0.39848322 
970 193 18 23 0.39262918 
123 282 23 32 0.39081687 
898 221 13 16 0.38553149 
181 113 9 11 0.37695977 
612 140 10 12 0.37372607 
390 155 13 15 0.36784533 
979 193 15 19 0.36120716 
118 82 10 13 0.34911913 
957 157 8 10 0.3459808 
470 149 11 14 0.30428177 
440 178 15 19 0.30332735 
334 116 11 14 0.3014134 
909 157 9 12 0.30037078 
726 187 10 13 0.29959342 
296 83 9 11 0.290484 
557 142 8 10 0.28881836 
791 172 14 17 0.2750485 
199 141 10 13 0.27363703 
242 126 9 10 0.2736033 
310 102 8 11 0.26692343 
135 76 9 11 0.26382297 
988 196 12 16 0.25202793 
527 140 10 12 0.25085118 
677 163 10 13 0.24790005 
372 177 14 20 0.2361094 
614 155 9 12 0.23523894 
858 229 11 16 0.2305864 
449 148 9 12 0.23044957 
1000 166 9 11 0.22523747 
584 142 8 10 0.22430746 
256 150 10 13 0.22064626 
150 84 11 15 0.2175033 
633 135 9 13 0.21575883 
687 171 10 12 0.2135212 
334 111 10 13 0.21124393 
791 167 10 11 0.2050912 
425 270 21 27 0.20441745 
847 158 9 11 0.19502598 
717 168 10 12 0.1931605 
909 174 12 15 0.19236621 
276 72 8 10 0.1902406 
292 101 12 15 0.18959741 
489 117 8 11 0.18938628 
869 143 11 13 0.18860419 
278 119 9 13 0.18391085 
200 178 13 18 0.18367942 
145 85 10 12 0.18278947 
929 173 10 13 0.18261223 
239 118 9 11 0.18186904 
308 176 11 16 0.17988825 
735 129 7 9 0.17419389 
354 221 12 15 0.16942012 
263 88 9 11 0.16749704 
569 132 10 12 0.16693164 
273 142 10 13 0.16379926 
797 132 9 11 0.16099145 
32 270 28 41 0.15981928 
299 218 13 16 0.15697093 
446 134 9 10 0.15690178 
808 144 8 10 0.15322636 
390 160 16 19 0.15303904 
224 167 11 14 0.15140834 
933 175 10 12 0.14589643 
591 136 7 9 0.14418487 
797 198 13 16 0.14392954 
212 183 14 19 0.14246751 
494 112 7 9 0.14145479 
570 127 8 11 0.14094867 
429 156 13 16 0.13606867 
829 173 11 12 0.13604592 
149 110 10 12 0.13585652 
811 223 14 21 0.13562687 
668 175 11 14 0.13359134 
1000 160 9 11 0.13167305 
464 102 7 9 0.13144489 
569 416 44 40 0.13061775 
740 201 12 14 0.12956755 
138 71 8 11 0.12932087 
816 171 9 12 0.12836106 
490 112 7 9 0.12794699 
807 174 9 12 0.12688394 
982 175 10 12 0.12487831 
406 160 14 17 0.12336281 
216 102 8 11 0.12332267 
751 151 8 11 0.12072164 
158 176 14 17 0.11935065 
608 136 9 12 0.119241044 
537 211 17 22 0.11642115 
705 117 10 11 0.11639396 
793 126 9 11 0.11559407 
448 128 8 10 0.11453484 
159 108 10 12 0.11425938 
743 149 9 12 0.11409511 
735 160 9 11 0.11399968 
886 167 9 13 0.11380799 
157 102 11 14 0.11206266 
913 275 15 17 0.11067242 
127 79 8 10 0.1099289 
909 166 10 11 0.109869115 
866 147 10 12 0.109380744 
598 156 8 11 0.1073409 
113 80 11 12 0.104020484 
991 210 12 15 0.103187874 
552 314 25 41 0.102835715 
500 342 31 48 0.10250304 
271 111 8 11 0.10171649 
374 114 12 14 0.10169203 
600 173 10 13 0.10129531 
319 116 8 11 0.098771654 
577 165 10 12 0.0987047 
721 128 8 9 0.098584116 
607 340 30 35 0.09844241 
543 163 10 13 0.09837372 
446 143 10 11 0.09658952 
317 146 13 16 0.09633961 
277 76 8 10 0.095060766 
592 375 47 55 0.09469164 
296 150 10 13 0.094569795 
429 102 8 10 0.09436271 
820 220 13 18 0.094154134 
205 143 11 13 0.093756676 
272 77 8 11 0.093375556 
272 117 9 12 0.092514366 
101 197 21 28 0.092514105 
727 163 10 12 0.091266625 
725 134 8 10 0.09044744 
648 150 10 12 0.090136796 
542 315 24 38 0.08926993 
160 117 10 13 0.087241255 
902 242 13 16 0.08664604 
695 168 8 12 0.08621109 
193 101 10 12 0.08559292 
584 151 12 14 0.08554001 
405 118 10 12 0.084675215 
534 136 10 13 0.08442233 
792 161 8 11 0.08441855 
720 138 10 12 0.08430149 
59 102 13 17 0.08414723 
786 167 9 10 0.08407238 
255 128 8 11 0.0839387 
703 152 8 11 0.0836093 
654 135 9 11 0.08324293 
493 117 9 11 0.08311642 
254 71 8 11 0.08308863 
383 109 10 13 0.08293015 
303 102 10 12 0.08236513 
779 183 11 14 0.081674166 
441 136 7 10 0.08156622 
374 132 10 14 0.08136499 
709 112 8 10 0.08132564 
263 179 13 15 0.080575906 
877 222 12 15 0.080538176 
616 502 31 36 0.08034041 
254 111 8 11 0.08018502 
649 136 8 10 0.08005344 
671 158 11 14 0.07996675 
368 153 13 17 0.0799311 
727 128 7 9 0.07844339 
358 121 13 15 0.07839782 
438 140 10 12 0.07818713 
751 134 9 10 0.07798551 
394 155 16 18 0.07767356 
649 141 8 11 0.07679702 
432 140 11 13 0.07669066 
550 179 12 16 0.07650606 
573 128 9 10 0.0762473 
631 158 13 16 0.07584516 
132 110 11 13 0.07555681 
256 132 9 11 0.07549222 
894 168 9 11 0.07517522 
832 180 12 14 0.07434781 
952 151 9 11 0.07429417 
352 115 11 14 0.0739526 
483 148 10 14 0.07371276 
260 155 12 14 0.07357455 
174 260 23 32 0.07328948 
648 119 8 11 0.0730857 
296 106 11 14 0.07289547 
750 128 7 10 0.072880715 
198 128 9 11 0.07268024 
142 78 10 11 0.072585724 
934 141 9 13 0.072117455 
810 168 10 12 0.07204109 
320 111 8 11 0.07152774 
595 353 47 51 0.07142729 
652 148 12 15 0.07127232 
32 95 10 12 0.07103294 
199 134 10 13 0.07100583 
881 166 10 13 0.07088752 
204 165 12 16 0.070714206 
289 97 9 11 0.070711665 
356 111 10 13 0.07052268 
519 311 39 54 0.07048171 
398 117 10 12 0.07046359 
614 168 11 14 0.07023055 
948 204 13 16 0.06996053 
987 181 11 14 0.069699556 
649 125 8 10 0.06968344 
925 237 16 19 0.06916256 
77 126 14 18 0.068942174 
637 139 9 11 0.06839964 
279 111 8 10 0.06820679 
732 186 11 13 0.06770408 
951 171 11 13 0.06748101 
179 247 25 33 0.067473136 
202 172 13 18 0.06741865 
463 98 6 8 0.06710166 
722 112 7 10 0.06682026 
843 224 15 17 0.065522626 
846 168 9 13 0.064933136 
552 137 9 11 0.06471961 
519 208 14 20 0.063425474 
586 136 8 10 0.06314846 
46 85 8 11 0.06296178 
849 153 8 10 0.06270284 
374 124 10 14 0.06244473 
69 127 16 19 0.062143754 
826 190 12 15 0.061593298 
886 227 13 15 0.061314728 
589 163 10 13 0.06121748 
503 119 7 10 0.061183944 
395 110 10 12 0.061176762 
405 149 13 17 0.060978595 
653 142 10 12 0.06066584 
34 272 46 61 0.06061574 
619 172 10 13 0.06051115 
536 127 8 10 0.060334854 
296 215 11 15 0.06026496 
239 113 8 11 0.05973516 
576 140 8 11 0.059509095 
414 268 23 31 0.05947214 
522 139 9 12 0.05930633 
151 195 15 20 0.05924572 
929 179 11 15 0.059164125 
340 118 10 14 0.05871755 
450 103 7 9 0.058679715 
744 145 8 10 0.05862532 
504 136 9 12 0.058527555 
558 148 9 12 0.0583014 
805 195 11 14 0.058246892 
192 126 9 11 0.057395197 
211 148 10 12 0.057046536 
590 141 8 10 0.05687018 
501 149 11 13 0.0565324 
260 134 9 11 0.05641111 
127 116 10 13 0.056360535 
419 156 12 17 0.056304283 
225 68 7 10 0.055970594 
562 217 16 25 0.05567617 
128 140 12 15 0.05557704 
422 132 9 11 0.055563394 
255 116 8 10 0.05554311 
818 233 15 19 0.05546199 
539 146 11 13 0.055336844 
483 166 13 17 0.05518099 
262 200 16 22 0.055165574 
852 159 10 11 0.05515926 
916 175 9 12 0.05485867 
853 151 8 10 0.054584462 
545 288 27 33 0.05445692 
70 85 11 14 0.05439574 
983 154 10 12 0.05431765 
465 151 11 15 0.054184753 
527 112 8 9 0.05406923 
568 157 9 12 0.054006502 
535 166 11 13 0.0538975 
863 260 17 23 0.053787824 
431 150 11 15 0.05329143 
206 111 9 11 0.05279784 
235 117 8 11 0.052753884 
580 169 13 15 0.05267477 
118 194 13 19 0.05254842 
134 263 25 33 0.052507557 
152 101 10 14 0.05187379 
221 125 8 10 0.051758874 
624 118 7 9 0.051583808 
695 141 9 11 0.05134526 
250 70 7 10 0.051048376 
808 190 10 14 0.051000074 
533 171 12 15 0.05096008 
845 209 14 18 0.050898015 
558 137 8 10 0.05087244 
156 91 9 12 0.050820988 
147 145 13 15 0.050715867 
744 129 7 9 0.05070764 
559 166 11 14 0.050523948 
761 116 7 10 0.050386947 
176 127 9 12 0.050343037 
852 164 13 14 0.050145883 
841 174 11 15 0.05005625 
328 110 10 12 0.049882624 
527 117 7 10 0.04980072 
462 133 9 12 0.049694758 
752 142 8 11 0.049506262 
155 200 17 22 0.049426865 
805 180 10 13 0.04941884 
67 115 12 14 0.049190413 
656 162 11 14 0.049168877 
189 378 39 60 0.048702154 
761 111 7 11 0.048579704 
994 203 13 17 0.048461832 
907 280 18 20 0.048273664 
25 55 7 10 0.048173904 
408 110 8 11 0.048091795 
976 164 9 13 0.048075248 
485 142 10 12 0.047960214 
507 139 11 14 0.047913074 
136 65 9 11 0.04778437 
223 169 17 21 0.04766016 
943 209 14 17 0.047600087 
52 302 43 56 0.047466043 
786 125 8 10 0.047436908 
496 150 11 13 0.04724273 
464 127 8 10 0.047120553 
618 341 17 22 0.047105826 
662 151 9 13 0.0468965 
311 162 12 17 0.046886474 
686 204 11 16 0.04667035 
722 118 8 10 0.046600945 
496 134 9 11 0.04618867 
550 124 9 11 0.045921843 
678 182 10 12 0.04584684 
549 160 9 11 0.045635052 
705 124 9 11 0.04557781 
900 215 12 15 0.045575675 
929 169 8 10 0.045469638 
90 125 10 14 0.045217652 
409 103 8 11 0.045115713 
509 134 10 13 0.045085214 
725 141 10 12 0.045033842 
99 92 11 14 0.04489591 
312 107 9 12 0.044872712 
231 96 7 10 0.044857543 
816 184 11 15 0.044736747 
61 95 10 13 0.04468488 
942 173 10 13 0.044659123 
205 127 10 12 0.04464249 
293 207 9 12 0.044532057 
621 166 10 13 0.044462096 
215 96 8 10 0.04436857 
558 210 15 19 0.0442624 
609 150 9 13 0.044045225 
575 159 10 13 0.04400411 
686 151 9 11 0.04369061 
752 155 9 11 0.043679945 
58 77 8 11 0.043672126 
414 111 8 9 0.043554276 
125 84 9 11 0.043387823 
190 119 9 11 0.043174654 
464 142 10 14 0.043081127 
61 79 9 11 0.04301958 
330 324 32 44 0.042940225 
758 141 8 10 0.042738974 
429 219 11 18 0.042711943 
246 119 8 11 0.042413577 
688 142 8 11 0.04241044 
521 117 8 10 0.042372957 
992 165 10 11 0.042181857 
429 224 23 31 0.042175863 
265 116 8 10 0.04199595 
136 84 9 11 0.04172428 
758 157 10 11 0.04170948 
158 123 11 13 0.04170235 
599 134 9 11 0.04141772 
791 189 10 12 0.041216724 
249 149 10 14 0.041197386 
982 317 29 35 0.041105837 
662 135 8 10 0.041017845 
908 241 13 18 0.040909268 
958 201 14 18 0.04076788 
796 167 9 12 0.040664267 
91 200 23 27 0.04063845 
164 109 8 12 0.04012801 
225 64 7 10 0.040124584 
752 168 10 14 0.04008198 
252 332 40 57 0.039933033 
201 110 8 10 0.039911013 
943 143 9 12 0.039890792 
765 177 10 12 0.03982517 
624 113 7 9 0.039469257 
798 190 10 13 0.039440136 
271 104 8 10 0.03943748 
900 139 11 13 0.039375313 
132 145 11 15 0.03931858 
344 219 11 17 0.039170537 
864 157 9 12 0.0391618 
350 288 27 32 0.03915775 
499 155 11 13 0.039155092 
334 304 40 53 0.038866144 
133 124 11 13 0.03886454 
244 132 10 12 0.038829055 
192 95 10 12 0.038714312 
784 171 12 16 0.038666904 
711 127 7 9 0.038569808 
380 156 12 16 0.03853297 
871 220 12 16 0.038410783 
455 133 10 12 0.038369033 
883 243 13 16 0.038219936 
433 126 8 10 0.03818577 
186 263 16 22 0.038054146 
124 124 11 14 0.0379714 
433 264 23 33 0.037916206 
299 79 10 12 0.037899233 
758 152 8 10 0.037885103 
686 159 9 11 0.03786391 
737 112 7 8 0.03777275 
295 225 12 16 0.037683662 
57 96 9 11 0.03768311 
64 85 9 12 0.03764474 
791 120 9 10 0.037587408 
210 102 8 10 0.037236147 
205 189 15 20 0.037212785 
900 184 14 17 0.03720995 
545 262 22 29 0.037078526 
741 182 10 12 0.037078016 
934 167 8 10 0.037049275 
295 134 10 12 0.037014302 
958 238 11 15 0.036976453 
511 117 7 10 0.036760453 
573 213 9 13 0.036746547 
785 161 8 10 0.03674216 
495 125 9 11 0.03670613 
904 152 11 13 0.036663596 
366 123 12 14 0.036635775 
268 85 9 11 0.036394503 
582 127 8 10 0.036376283 
830 160 9 11 0.036327224 
523 204 23 29 0.03625827 
380 174 11 17 0.036207277 
988 174 11 13 0.036104046 
679 188 11 13 0.03540722 
465 120 8 9 0.03534922 
773 178 10 13 0.03512983 
216 173 12 15 0.034991946 
687 119 7 9 0.03498719 
644 156 10 15 0.034965977 
436 186 23 32 0.034914855 
421 179 13 17 0.034872252 
741 156 9 12 0.03462185 
48 62 8 9 0.034609836 
254 104 8 10 0.034609128 
567 151 9 12 0.034602866 
165 267 24 29 0.03458977 
577 188 11 15 0.03449818 
735 142 9 11 0.034476083 
945 148 8 11 0.034436896 
747 198 11 14 0.0342411 
274 123 9 12 0.034234356 
791 194 14 18 0.03416804 
797 159 8 11 0.034147605 
311 131 9 11 0.03414178 
568 400 37 41 0.034082543 
648 192 9 12 0.03404354 
598 167 9 12 0.03403936 
644 212 9 12 0.034000628 
660 164 12 17 0.03379603 
280 103 8 11 0.033732843 
906 172 11 14 0.033666458 
272 136 10 12 0.03358593 
860 246 14 20 0.03351572 
940 179 10 14 0.033501126 
886 277 12 16 0.033475183 
143 79 20 26 0.033394095 
521 112 8 10 0.033341385 
614 188 12 14 0.033282913 
448 109 8 11 0.033281215 
655 203 9 12 0.033272073 
206 117 9 10 0.03322083 
576 182 10 14 0.033212766 
435 238 16 20 0.033178374 
248 110 9 10 0.033095922 
58 114 11 14 0.033050824 
347 154 13 16 0.033031195 
386 105 19 23 0.032945074 
84 202 17 20 0.032882385 
356 215 14 17 0.032882173 
655 176 12 15 0.032779925 
317 221 24 32 0.032719575 
694 126 8 10 0.03270274 
470 126 9 11 0.032694604 
260 207 23 31 0.032592446 
379 162 12 17 0.03256014 
466 146 20 24 0.032494415 
678 170 11 15 0.03246075 
592 171 11 14 0.03232094 
624 126 7 10 0.03232025 
566 164 10 14 0.03231699 
554 474 46 47 0.032305676 
257 87 8 11 0.03219523 
877 212 12 15 0.032120783 
540 135 10 12 0.03209454 
49 101 8 13 0.032025795 
740 186 12 15 0.03201774 
366 210 13 17 0.031997766 
858 199 14 18 0.031955335 
292 234 16 20 0.03195415 
193 178 12 18 0.03160293 
24 325 46 56 0.031572342 
454 119 8 10 0.03149214 
821 164 17 21 0.031382445 
436 158 11 14 0.031360228 
302 131 10 13 0.031335503 
254 173 11 13 0.03129137 
216 120 8 11 0.031246215 
183 132 10 13 0.031234229 
968 228 11 13 0.031065945 
277 176 13 17 0.031025197 
438 324 29 37 0.031018745 
208 234 16 23 0.031010835 
57 71 8 11 0.03100395 
466 181 21 28 0.030901503 
13 72 9 12 0.030871486 
437 198 25 33 0.03083664 
110 49 8 10 0.030616088 
175 195 13 17 0.030587705 
799 143 9 11 0.030550167 
430 177 14 19 0.030479202 
788 222 20 26 0.030423509 
161 64 8 11 0.030406272 
567 120 8 10 0.03023816 
696 151 9 11 0.030175274 
777 212 22 30 0.03014295 
190 131 12 14 0.030010385 
543 127 9 10 0.029938942 
488 122 10 13 0.029765751 
828 219 14 18 0.029748915 
956 165 11 14 0.029720949 
962 176 15 17 0.029540678 
449 119 8 11 0.029380118 
248 104 8 10 0.029311502 
76 86 11 14 0.029204752 
158 149 9 12 0.02919017 
101 188 15 19 0.029147426 
611 176 13 14 0.029142221 
973 323 27 35 0.0290745 
867 203 13 17 0.02905233 
558 172 11 14 0.029041981 
404 122 12 14 0.028981045 
351 219 20 25 0.028937694 
877 234 15 17 0.02892931 
702 173 9 11 0.028868176 
560 112 8 10 0.028842065 
798 256 15 18 0.028840601 
511 174 11 15 0.028809551 
600 128 8 10 0.028736986 
592 180 11 14 0.028688936 
622 157 10 13 0.028687295 
959 189 19 24 0.028651364 
559 157 10 13 0.028647216 
394 166 16 18 0.028640265 
792 141 9 11 0.02863981 
54 125 10 14 0.028595654 
876 291 14 19 0.028594473 
482 209 22 29 0.028579254 
512 113 7 10 0.028551936 
929 199 15 17 0.028539618 
193 141 10 14 0.028524214 
526 294 42 54 0.028513877 
869 226 13 16 0.0282337 
183 104 8 11 0.02821841 
800 148 8 10 0.028188184 
865 134 9 11 0.028138973 
635 552 16 20 0.028084168 
313 148 11 15 0.028028825 
383 114 12 15 0.027986012 
264 100 10 12 0.027963504 
669 152 8 11 0.027944092 
869 156 10 12 0.027942041 
306 219 13 17 0.027901804 
483 154 12 14 0.027895581 
288 203 12 18 0.027828107 
453 142 10 12 0.027819073 
151 178 16 17 0.027812218 
786 109 9 11 0.027721262 
993 321 17 22 0.027676247 
686 112 7 8 0.02764569 
156 142 11 14 0.027564773 
901 284 15 19 0.027563738 
144 113 12 15 0.027532581 
301 243 14 16 0.027522163 
906 194 13 16 0.027499886 
296 73 9 10 0.027453218 
368 117 11 14 0.027410714 
300 213 21 28 0.02738823 
894 241 13 17 0.02730154 
494 105 7 9 0.027280726 
934 136 9 11 0.027208658 
378 181 14 21 0.027166663 
862 173 9 13 0.027165063 
841 167 9 11 0.02714097 
297 174 11 14 0.026941702 
776 220 14 20 0.026817245 
626 518 17 22 0.026754698 
540 171 12 16 0.02673452 
813 144 8 10 0.026716078 
445 183 23 29 0.026500368 
446 154 11 15 0.026471008 
307 245 12 15 0.026459461 
892 260 12 16 0.026450178 
286 165 9 12 0.026448052 
709 150 9 12 0.02638418 
190 110 9 11 0.026275901 
365 250 24 29 0.02626899 
164 185 12 17 0.026224062 
495 140 10 13 0.026124775 
743 167 9 11 0.026112542 
39 261 26 36 0.02607856 
736 104 7 9 0.026038533 
85 138 12 17 0.025992187 
388 122 13 15 0.025989272 
263 71 8 10 0.02597103 
862 189 12 14 0.0259606 
976 172 11 14 0.025922703 
965 430 17 20 0.025870807 
438 148 10 14 0.025833288 
248 86 8 10 0.02578708 
552 296 33 45 0.025762858 
508 148 10 12 0.025739893 
293 142 11 13 0.025720432 
165 102 9 14 0.025701137 
313 116 10 13 0.025683006 
268 172 13 18 0.02565243 
653 191 10 12 0.025532361 
367 133 13 16 0.025532266 
488 135 9 11 0.025531322 
871 166 9 12 0.025466988 
46 77 8 12 0.0254565 
64 130 13 16 0.025395628 
424 109 8 11 0.02536755 
632 150 9 12 0.025351403 
967 149 9 12 0.025332617 
117 194 21 30 0.025304379 
765 164 10 12 0.025289454 
265 79 9 11 0.025265891 
330 113 19 23 0.025248943 
719 160 10 12 0.025224172 
877 181 12 13 0.025220672 
433 136 8 11 0.02519583 
365 137 19 25 0.025131928 
166 64 9 11 0.025110845 
915 313 17 24 0.02505642 
267 196 22 30 0.02505108 
701 166 9 12 0.02502985 
441 127 7 10 0.025013577 
233 113 9 11 0.024988903 
253 209 16 21 0.02496782 
286 141 10 12 0.024921829 
855 144 8 10 0.02489176 
840 159 9 12 0.024886262 
641 118 8 10 0.024868403 
839 195 10 13 0.024826203 
648 103 8 11 0.0248139 
862 182 9 12 0.024746805 
822 144 9 10 0.02472732 
681 150 9 12 0.024643576 
539 180 12 18 0.024482822 
647 110 9 11 0.024469113 
261 142 11 14 0.024449404 
972 181 12 16 0.024439672 
713 134 8 10 0.024433233 
285 148 10 14 0.024320863 
9 94 9 13 0.024302531 
373 212 11 15 0.024273952 
548 192 12 16 0.02425959 
896 159 8 11 0.024230057 
257 48 8 9 0.024153234 
245 257 24 29 0.02413685 
98 156 14 18 0.024092617 
397 143 15 17 0.024053106 
155 185 16 19 0.02394598 
222 102 8 10 0.023931619 
563 320 31 36 0.023902493 
325 86 9 11 0.023880437 
743 111 7 8 0.023872858 
229 218 14 18 0.023860509 
454 127 8 10 0.023857685 
524 203 14 18 0.023830991 
277 133 11 14 0.023805391 
621 150 10 13 0.023801936 
863 165 9 12 0.023761358 
149 263 25 33 0.023751076 
315 154 14 17 0.023741042 
584 96 8 10 0.023566427 
641 111 8 10 0.023550302 
680 119 8 10 0.023542687 
200 61 8 10 0.023541655 
632 181 11 13 0.02353116 
302 95 10 13 0.023526581 
66 232 16 21 0.023526229 
527 126 8 10 0.023520796 
825 162 9 11 0.023505569 
737 118 7 9 0.023495775 
774 134 8 9 0.023440363 
640 152 8 11 0.023437941 
744 133 8 10 0.023393728 
542 209 20 28 0.023358926 
478 216 15 20 0.023294473 
428 240 26 32 0.023176707 
184 261 27 36 0.023154132 
632 171 11 12 0.023106825 
350 179 12 16 0.023096988 
606 111 7 10 0.023073558 
54 63 8 9 0.02300493 
787 211 14 19 0.022991624 
431 209 21 32 0.022988776 
365 174 15 21 0.022988152 
1004 171 10 13 0.022987522 
807 127 8 11 0.022975123 
252 179 13 17 0.022965405 
680 143 8 10 0.022963222 
317 103 10 13 0.02294625 
482 118 8 10 0.022858482 
773 230 23 30 0.022836013 
769 129 8 10 0.022799162 
724 172 11 14 0.022786837 
267 265 15 21 0.02274045 
765 111 8 10 0.022736141 
167 147 9 12 0.022720542 
144 102 10 14 0.022699071 
342 162 13 16 0.0226787 
475 271 34 44 0.022651369 
1005 209 14 17 0.022635698 
940 217 14 17 0.022615833 
960 142 8 10 0.022534972 
327 121 13 17 0.022448065 
988 240 14 18 0.022433849 
330 227 15 18 0.022433627 
262 164 13 17 0.022418939 
978 153 18 22 0.022413587 
478 135 10 12 0.022390898 
210 96 7 10 0.022370731 
560 118 8 10 0.022365497 
654 127 8 9 0.022330426 
406 131 12 14 0.022307612 
474 169 22 25 0.022284228 
452 200 14 20 0.02224607 
712 37 7 10 0.022147518 
516 193 21 27 0.02214731 
873 256 18 23 0.022112537 
427 179 24 29 0.022071118 
847 198 11 14 0.022060752 
579 322 43 54 0.02201481 
278 64 8 10 0.021982178 
529 167 11 14 0.02196342 
239 343 42 60 0.021960147 
600 412 22 26 0.021952402 
854 188 11 14 0.02191305 
929 134 8 11 0.021904435 
773 178 18 24 0.02188157 
196 156 13 16 0.021879034 
774 128 8 9 0.021866297 
676 3 12 13 0.021842143 
230 241 14 19 0.021825792 
717 129 19 24 0.021823829 
854 230 20 25 0.021815348 
968 165 11 13 0.021747036 
60 228 16 21 0.021724997 
584 100 7 10 0.021723144 
382 251 22 31 0.02171937 
751 16 9 11 0.021677103 
485 202 16 21 0.021627659 
241 63 8 10 0.021626422 
853 219 13 18 0.021604422 
531 138 18 23 0.02159601 
61 71 8 11 0.021577483 
622 140 10 13 0.021556128 
624 134 9 12 0.021537853 
175 103 9 11 0.021506913 
459 221 16 21 0.021479197 
192 148 11 14 0.0214713 
536 156 12 15 0.021452181 
414 104 7 9 0.021448448 
696 156 9 12 0.02143789 
565 225 25 36 0.021420453 
283 180 11 14 0.021405373 
876 200 13 18 0.021393621 
172 170 12 18 0.021312738 
581 153 19 22 0.021305827 
700 195 13 17 0.021299174 
109 92 10 13 0.021284755 
952 237 12 15 0.021269605 
325 91 10 13 0.02126066 
322 232 23 30 0.02125843 
919 191 13 17 0.021204133 
514 211 21 30 0.021197971 
228 211 13 18 0.021177886 
711 31 7 10 0.021166015 
883 325 17 24 0.021070419 
977 152 9 12 0.021048423 
244 185 16 19 0.021040058 
694 136 10 11 0.021019181 
547 322 40 51 0.021008221 
772 188 14 20 0.02100062 
433 121 7 10 0.020986136 
461 184 15 19 0.020976618 
291 78 20 23 0.020971458 
47 108 9 13 0.020892758 
422 210 14 20 0.020779325 
552 146 10 13 0.020773616 
369 104 10 12 0.020728683 
422 173 12 15 0.020716982 
599 141 8 11 0.020677298 
761 103 7 10 0.02067118 
117 206 15 21 0.020637747 
854 245 13 19 0.020596288 
250 77 8 10 0.020458871 
62 112 20 24 0.02043327 
538 191 15 18 0.020427193 
743 173 10 12 0.020420339 
20 213 11 13 0.020405808 
914 255 17 22 0.020371728 
444 199 15 21 0.020304922 
96 211 24 28 0.020295326 
876 143 8 11 0.02021833 
116 110 13 16 0.020180954 
931 230 15 17 0.020102179 
952 152 18 23 0.02009684 
237 252 22 31 0.020071829 
870 127 9 10 0.02007142 
150 71 9 11 0.020059 
621 190 9 11 0.020055044 
