3_Riot_Riot_3_354
137
403 160 25 30 0.97020817 
498 177 21 30 0.9316071 
619 97 14 17 0.8581752 
916 109 18 22 0.5852961 
385 250 30 47 0.46192002 
238 153 23 27 0.34749988 
429 124 12 17 0.31313124 
421 116 12 15 0.28634712 
692 61 11 15 0.249328 
346 256 40 54 0.22300224 
548 131 16 20 0.21739328 
648 98 11 13 0.18085669 
555 136 16 21 0.16709998 
734 68 13 15 0.11594613 
345 229 35 48 0.10859606 
705 77 8 11 0.10013475 
753 72 9 12 0.099056065 
766 60 12 14 0.09637253 
693 85 8 11 0.09605646 
694 103 10 12 0.0944695 
702 94 10 12 0.09421328 
785 94 9 11 0.09236 
695 58 8 11 0.0865514 
976 147 22 33 0.08124095 
286 304 58 59 0.08059011 
702 105 12 15 0.080116846 
626 70 8 11 0.07976857 
770 123 26 38 0.07849066 
689 101 9 11 0.077812634 
689 66 11 14 0.07752622 
740 76 11 14 0.07265413 
719 75 9 12 0.07196937 
629 70 11 13 0.06951926 
592 288 46 68 0.06860842 
798 78 11 12 0.06406134 
710 75 9 12 0.06287478 
757 71 10 12 0.062033027 
672 134 12 17 0.061114613 
487 116 10 12 0.058830604 
657 78 10 12 0.05726726 
703 71 9 12 0.057067707 
544 136 13 18 0.056237936 
748 91 11 14 0.053538684 
239 150 15 19 0.053282406 
655 63 9 12 0.052493494 
707 107 12 14 0.05111152 
688 94 10 13 0.05088073 
564 133 12 16 0.04965302 
748 84 12 15 0.049429268 
669 353 107 125 0.049414888 
366 256 38 51 0.04902774 
677 52 9 12 0.04586446 
471 127 9 12 0.045767546 
694 93 9 12 0.045397796 
170 246 31 48 0.04446981 
787 132 26 29 0.043141693 
514 181 14 17 0.042631593 
621 89 13 15 0.042447716 
961 139 25 36 0.040491924 
523 95 14 16 0.040050108 
573 122 14 17 0.039660763 
815 87 10 12 0.038701534 
132 191 49 69 0.03734576 
495 131 11 15 0.036505423 
563 142 12 19 0.035923574 
656 69 9 12 0.034409683 
348 199 46 56 0.03435325 
568 117 13 15 0.03281719 
756 75 13 14 0.032573167 
688 77 11 14 0.031921815 
762 62 9 12 0.031818993 
117 189 16 20 0.03169847 
1011 249 12 19 0.031301234 
694 78 9 12 0.03125741 
729 70 11 13 0.03065895 
803 129 16 26 0.030368377 
8 238 44 54 0.030318202 
449 23 17 21 0.029379772 
681 62 8 10 0.02931812 
778 114 28 36 0.029148787 
544 127 12 16 0.029144118 
631 74 11 14 0.02898763 
632 42 9 12 0.028921654 
709 93 10 12 0.028853964 
687 106 11 14 0.028827934 
392 206 33 36 0.028639255 
202 263 29 37 0.02859215 
689 56 9 12 0.028579606 
248 158 19 22 0.028238673 
465 126 10 14 0.028063271 
638 90 11 15 0.027952664 
493 117 11 11 0.027945826 
415 110 19 24 0.027762655 
485 179 23 30 0.02772798 
804 115 23 33 0.027463468 
694 318 9 11 0.02744404 
971 145 18 23 0.027375 
249 146 16 19 0.027364025 
230 143 37 45 0.02726582 
813 101 13 15 0.027003394 
985 147 15 22 0.02621284 
112 187 26 36 0.02603781 
381 333 55 59 0.025827035 
617 70 8 12 0.025552478 
564 116 22 27 0.025429104 
648 69 10 12 0.025414431 
679 93 10 14 0.024801955 
808 102 24 31 0.024781793 
727 75 10 13 0.024444962 
731 57 21 26 0.0244004 
660 84 11 13 0.024164034 
230 273 14 23 0.023910332 
539 107 11 14 0.023263574 
998 135 24 29 0.023236828 
412 150 13 16 0.02270712 
229 251 23 37 0.022690829 
311 245 45 59 0.022599174 
158 238 28 47 0.022465697 
649 62 10 12 0.022333482 
101 244 28 32 0.022067113 
680 69 10 12 0.02192724 
476 126 10 14 0.021637706 
436 118 10 14 0.021376995 
215 257 35 51 0.021243123 
699 61 9 13 0.021193378 
372 155 14 17 0.021167662 
617 103 13 16 0.020917803 
359 225 42 60 0.020808278 
762 52 21 27 0.020760885 
494 138 12 17 0.02072767 
703 85 9 12 0.020602925 
493 176 39 46 0.020397192 
534 132 25 30 0.020121126 
989 140 25 34 0.020061344 
96 263 27 28 0.020049136 
405 151 14 16 0.020024559 
694 296 9 12 0.02002203 
