44_Aerobics_Aerobics_44_329
39
325 71 16 21 0.90149796 
685 326 16 23 0.7101134 
946 257 15 23 0.35967827 
873 294 15 20 0.26849014 
68 36 124 178 0.12774388 
839 275 12 15 0.105350986 
516 286 18 22 0.100510255 
678 251 12 18 0.089342766 
502 503 34 35 0.0787196 
505 480 37 47 0.06911524 
83 406 28 31 0.064112425 
805 336 15 22 0.05963724 
821 262 10 15 0.059215978 
811 338 51 62 0.05212511 
951 263 18 22 0.052031968 
876 355 17 20 0.041030575 
332 320 18 22 0.039692458 
807 325 22 30 0.03647836 
365 101 11 13 0.03130654 
505 288 39 60 0.030757574 
513 290 24 34 0.030568874 
160 363 11 15 0.030415002 
800 331 12 20 0.030300956 
795 319 81 105 0.02818176 
83 369 27 32 0.028037159 
85 383 26 30 0.028004192 
189 393 13 16 0.026240334 
809 343 17 20 0.026104 
374 103 9 12 0.02543649 
689 328 22 26 0.024335891 
818 328 16 19 0.022506451 
318 337 14 20 0.022471366 
83 393 43 52 0.021765277 
510 287 15 22 0.021438807 
83 403 16 19 0.0210443 
518 279 13 18 0.02102296 
98 402 14 19 0.021018256 
288 151 10 13 0.02077659 
814 348 32 39 0.020520497 
