44_Aerobics_Aerobics_44_246
90
273 606 58 74 0.9994791 
660 641 59 70 0.99934965 
776 641 57 74 0.9991954 
792 1027 35 43 0.9974451 
242 1180 22 29 0.98275846 
544 174 41 51 0.90483886 
10 1203 13 17 0.7741889 
102 1204 14 19 0.7535953 
881 150 10 13 0.5810557 
380 195 12 16 0.44005382 
484 1151 34 58 0.34888393 
635 199 14 17 0.34382865 
677 177 18 22 0.30782062 
317 1219 12 15 0.2950086 
765 148 15 20 0.27686697 
323 212 15 19 0.2739593 
340 221 15 20 0.23073165 
185 1211 11 15 0.21375667 
930 224 25 30 0.1760697 
332 219 17 20 0.15600938 
830 154 12 16 0.13955857 
109 65 66 89 0.13722885 
171 1199 13 17 0.12530346 
77 36 35 47 0.12421003 
78 1211 9 13 0.11370092 
402 1207 10 14 0.105677314 
188 1218 12 15 0.09474443 
87 1211 11 14 0.07268975 
313 154 12 15 0.07013645 
386 196 12 15 0.065634474 
691 187 13 18 0.062494215 
94 1208 14 18 0.062454198 
51 1 30 29 0.058450107 
307 1190 14 16 0.053352572 
867 235 13 18 0.04841694 
74 1207 9 13 0.048077457 
184 7 122 117 0.04315765 
51 18 51 60 0.040566508 
773 1386 115 117 0.040477056 
418 1163 40 53 0.040351994 
806 195 14 17 0.039837826 
332 167 28 37 0.03951723 
774 164 14 20 0.039365947 
388 201 13 17 0.038042556 
155 680 34 47 0.03789792 
92 26 195 252 0.03303091 
341 201 13 17 0.032634083 
314 1216 11 13 0.03256695 
12 1215 13 15 0.03236889 
813 198 10 14 0.032264158 
405 212 14 18 0.031819787 
825 156 12 16 0.031786647 
405 172 30 37 0.031372864 
246 1178 14 19 0.031042399 
17 1270 9 11 0.030565292 
96 42 56 66 0.029574912 
275 1209 15 20 0.028282657 
41 1 51 52 0.027725406 
339 210 15 20 0.027426342 
450 1152 23 40 0.027253943 
683 188 17 22 0.026719294 
93 1229 10 13 0.026252054 
276 252 27 27 0.025911957 
172 1208 15 19 0.025481291 
465 1159 42 57 0.025415124 
84 64 116 152 0.02451712 
58 41 34 45 0.02439037 
436 1159 32 42 0.024381077 
803 188 14 18 0.02434089 
333 1198 16 21 0.024148343 
395 217 23 33 0.024117503 
381 1191 22 31 0.024003237 
220 1190 15 21 0.02385559 
304 166 10 13 0.02329585 
771 169 22 31 0.02304488 
93 1220 12 15 0.022803199 
113 0 19 18 0.0226851 
36 1238 11 15 0.0226127 
1 225 42 65 0.021897357 
395 203 12 18 0.021630153 
670 181 17 23 0.02154698 
61 1214 10 14 0.021511612 
377 200 12 18 0.021282742 
43 15 86 96 0.021272952 
765 154 21 29 0.021052023 
958 747 22 33 0.021003284 
63 1251 13 15 0.020575048 
100 33 18 22 0.020483859 
7 1215 11 15 0.020369915 
87 26 29 40 0.020241564 
