44_Aerobics_Aerobics_44_688
30
265 276 214 309 0.999655 
721 464 91 171 0.98835564 
549 349 75 133 0.9698342 
789 374 132 201 0.9074737 
749 416 121 199 0.63350743 
641 1113 366 399 0.21836154 
48 469 519 592 0.19054902 
719 568 381 437 0.17375773 
-7 993 426 477 0.05800729 
628 1009 141 124 0.052200943 
571 536 82 105 0.05077345 
323 131 127 123 0.04797095 
505 340 93 144 0.041483805 
74 45 378 450 0.038179327 
632 375 157 250 0.03566625 
546 600 126 123 0.035637967 
215 -11 372 467 0.03312881 
974 1271 52 73 0.033010185 
704 1085 65 72 0.032386366 
826 1129 29 36 0.02943656 
879 769 31 38 0.029249167 
882 1050 16 20 0.028602565 
848 710 34 44 0.028412752 
238 72 268 258 0.027363857 
995 1139 27 37 0.025201606 
570 -24 365 417 0.02420704 
924 1202 43 52 0.021238461 
605 860 382 403 0.02063211 
387 136 46 38 0.020467283 
532 303 133 198 0.020248625 
