44_Aerobics_Aerobics_44_443
40
378 261 102 144 0.9999001 
242 830 54 54 0.46016333 
548 1131 106 129 0.43313295 
824 1019 209 325 0.33234695 
462 1150 42 58 0.3279009 
429 205 58 68 0.32483366 
4 202 38 51 0.14694396 
841 352 196 299 0.14686596 
32 500 33 46 0.09719548 
46 384 100 114 0.06330162 
34 277 117 123 0.057091475 
-19 279 192 267 0.05282187 
761 348 382 408 0.050893456 
747 981 145 199 0.04893801 
58 307 73 71 0.046980247 
407 219 90 112 0.04686078 
0 524 25 46 0.04041129 
928 881 72 70 0.0383527 
-9 181 70 111 0.03680945 
-57 844 423 490 0.035477422 
899 850 110 126 0.033555113 
-77 107 360 520 0.03297376 
39 543 50 59 0.032370042 
4 506 40 59 0.031753924 
842 756 179 284 0.030117646 
101 543 46 57 0.027799271 
25 207 33 37 0.02753079 
13 445 56 67 0.026436342 
782 593 43 39 0.02602078 
23 514 49 61 0.025149543 
-1 457 22 35 0.024925258 
5 445 90 116 0.024111442 
17 194 48 67 0.023200879 
584 1143 63 85 0.023048634 
20 483 31 41 0.02215811 
10 259 51 63 0.02188501 
42 209 26 30 0.021756908 
0 516 9 15 0.021674035 
675 809 320 439 0.021464873 
520 1117 38 42 0.020419205 
