44_Aerobics_Aerobics_44_585
43
820 209 35 47 0.9958372 
530 185 28 39 0.98101693 
180 206 27 39 0.9751133 
594 171 24 32 0.800276 
309 151 27 32 0.64527315 
283 193 36 54 0.53134763 
243 142 29 34 0.19625324 
295 154 25 31 0.10580244 
84 395 204 296 0.10018181 
344 163 23 32 0.09550674 
285 156 22 30 0.090305924 
525 195 37 51 0.0729524 
251 150 29 42 0.050455198 
929 224 28 33 0.049697403 
323 153 29 34 0.049170755 
124 166 21 27 0.041970406 
693 239 15 18 0.038321856 
339 152 22 32 0.03753699 
342 148 16 20 0.037307616 
238 235 40 53 0.036038626 
170 197 14 20 0.03528221 
102 168 11 13 0.032532983 
330 155 39 48 0.031361174 
270 216 35 48 0.030976085 
285 185 26 39 0.029753488 
626 185 28 37 0.029728925 
271 152 28 39 0.028896892 
243 229 26 33 0.028435059 
393 362 237 332 0.028298272 
183 181 13 16 0.028017621 
315 177 29 33 0.027070956 
589 175 19 24 0.02587918 
188 179 15 19 0.02579857 
292 168 46 62 0.025310889 
253 211 30 36 0.024466023 
171 199 24 35 0.02403975 
421 180 35 53 0.022744367 
664 136 45 60 0.02266091 
42 268 12 15 0.022100192 
264 204 31 42 0.021761954 
285 167 27 36 0.02171446 
269 242 28 39 0.021610156 
269 177 39 55 0.020935088 
