44_Aerobics_Aerobics_44_343
60
590 175 30 40 0.99911827 
288 180 38 47 0.99361354 
898 200 22 29 0.9906899 
387 162 18 25 0.925984 
762 173 15 21 0.8574186 
798 180 12 15 0.7403206 
926 159 15 18 0.70036155 
944 236 12 16 0.37158096 
836 169 13 17 0.24981909 
657 185 17 21 0.18734471 
974 275 16 21 0.11240849 
664 184 22 28 0.110268384 
734 202 13 15 0.081190966 
688 171 10 13 0.074822 
676 191 17 22 0.07010993 
1001 228 16 19 0.0685249 
861 184 13 18 0.062920295 
664 165 11 13 0.058010805 
855 181 11 14 0.057123482 
732 187 14 17 0.04833682 
933 250 15 21 0.047620796 
804 187 11 13 0.039818678 
739 205 12 15 0.039766304 
527 178 21 30 0.038547933 
853 186 14 18 0.03828607 
866 245 18 22 0.037272874 
547 186 15 20 0.036915172 
815 181 9 12 0.033934336 
246 246 49 62 0.03294346 
846 195 13 16 0.03259128 
854 173 12 15 0.031109981 
701 214 10 14 0.030479489 
1004 189 13 17 0.029831056 
734 209 14 17 0.029585052 
939 238 20 26 0.029260349 
672 206 25 29 0.028381268 
565 176 21 29 0.02818672 
859 192 14 20 0.027484428 
653 191 26 30 0.0271972 
540 184 16 20 0.026799591 
658 173 23 30 0.02494924 
793 175 11 15 0.024931874 
682 190 21 27 0.024872335 
859 162 14 17 0.02467658 
822 196 12 15 0.023686275 
821 159 10 14 0.023598714 
991 224 14 20 0.023437073 
835 148 13 16 0.023386555 
958 259 12 17 0.02278513 
978 269 15 19 0.022395628 
976 259 28 35 0.022286763 
834 155 14 18 0.02160254 
800 280 10 12 0.021489505 
822 190 10 13 0.021399332 
731 192 19 24 0.021098537 
668 199 17 20 0.021026136 
831 179 11 14 0.02102161 
641 260 19 21 0.020984929 
836 142 11 13 0.020655816 
996 229 23 33 0.020442681 
