44_Aerobics_Aerobics_44_127
36
782 253 39 54 0.9023461 
92 271 32 52 0.052621473 
249 296 14 18 0.052567113 
236 370 14 19 0.05217833 
1006 366 12 17 0.041107137 
645 393 32 31 0.03998299 
665 210 17 20 0.036955655 
701 428 37 36 0.034304325 
1002 370 10 13 0.033913 
662 387 33 31 0.033866525 
718 244 31 40 0.03286013 
492 308 14 18 0.032784734 
540 305 15 19 0.032671206 
708 209 25 28 0.03133137 
667 218 18 20 0.031218132 
953 49 52 61 0.031081863 
279 316 10 14 0.030328963 
246 331 14 20 0.030068697 
681 181 23 31 0.029990375 
291 314 14 17 0.027506867 
533 307 12 18 0.026444934 
762 195 26 35 0.02552125 
612 293 24 32 0.023871716 
499 307 14 18 0.023870343 
645 392 18 22 0.023619764 
798 245 49 68 0.02281869 
477 383 32 36 0.022568354 
716 267 15 18 0.022401245 
141 169 11 15 0.021549258 
478 317 9 13 0.021443134 
318 310 11 15 0.021415222 
669 183 42 53 0.021366924 
615 293 12 16 0.020546665 
942 366 10 10 0.02035 
223 230 11 15 0.02018404 
279 310 11 14 0.020077305 
