44_Aerobics_Aerobics_44_216
64
727 64 24 35 0.9871895 
150 382 22 32 0.88456064 
794 79 15 19 0.8771419 
338 252 29 37 0.813685 
588 138 31 34 0.65273684 
235 392 13 16 0.60723877 
201 378 21 31 0.25942114 
581 135 24 34 0.25422773 
81 474 15 19 0.16143724 
753 16 101 90 0.124108076 
161 392 22 28 0.11113983 
836 18 17 21 0.105836004 
734 75 29 35 0.09277142 
827 21 27 38 0.09148443 
575 13 431 517 0.08950646 
165 398 26 30 0.07982008 
767 61 10 14 0.07683493 
388 208 474 447 0.069300406 
212 380 22 29 0.06674108 
227 411 12 17 0.060794406 
75 465 23 33 0.0577181 
325 340 14 14 0.05659361 
772 37 58 62 0.05636598 
717 54 43 54 0.055468332 
355 220 29 41 0.0475524 
333 239 25 43 0.047392428 
315 363 12 15 0.047335286 
727 60 15 24 0.04697448 
179 432 43 53 0.04599909 
232 396 23 30 0.043420844 
796 43 44 45 0.042480446 
345 243 42 43 0.037064828 
411 187 18 24 0.036706425 
759 64 23 30 0.035384525 
263 145 395 468 0.035316586 
566 165 22 31 0.031580538 
8 253 351 434 0.03155839 
218 392 15 20 0.029846184 
364 221 44 49 0.029672088 
0 337 19 28 0.028518664 
242 409 17 22 0.027435023 
792 65 26 29 0.027332872 
2 373 31 39 0.02707365 
365 242 45 47 0.026681205 
221 405 22 28 0.026520504 
195 367 23 33 0.026439447 
678 131 15 20 0.026276618 
256 358 30 34 0.026271867 
58 450 43 53 0.025713846 
241 394 12 16 0.025562381 
13 337 31 36 0.023726434 
373 204 33 38 0.023675393 
576 147 29 36 0.023341356 
400 192 29 33 0.02326544 
192 380 21 29 0.023009954 
177 427 27 37 0.022995211 
38 456 55 68 0.022922723 
170 410 28 35 0.022094788 
650 123 15 20 0.021664087 
196 363 17 22 0.021327674 
204 497 218 238 0.021150706 
323 332 25 29 0.02085158 
827 42 191 255 0.020529736 
235 415 17 21 0.020049699 
