44_Aerobics_Aerobics_44_3
42
570 132 26 38 0.83416104 
706 153 23 34 0.49603388 
396 170 22 34 0.38310164 
164 167 30 36 0.37839246 
409 169 21 28 0.18572535 
576 99 13 19 0.14470847 
325 189 27 39 0.09975401 
803 130 30 38 0.09773081 
418 165 15 20 0.080946036 
436 128 10 13 0.07245171 
583 140 28 30 0.066716865 
467 180 14 21 0.0638839 
727 154 27 34 0.059555046 
676 78 37 51 0.05000564 
382 169 29 44 0.03926197 
332 198 16 23 0.039190486 
325 184 13 18 0.038327053 
317 179 25 36 0.035580363 
327 296 28 36 0.035567574 
554 135 35 46 0.032728627 
593 144 26 32 0.030634006 
740 159 23 34 0.029006042 
485 187 20 27 0.028249653 
330 187 13 19 0.027035002 
457 168 22 33 0.026830234 
469 183 21 28 0.026689358 
454 139 12 18 0.02663412 
622 150 11 15 0.026437778 
691 152 31 39 0.025829837 
213 174 18 33 0.025760405 
475 178 15 19 0.024837097 
573 142 45 61 0.024103692 
611 288 463 403 0.024034452 
390 184 11 18 0.023395268 
686 274 44 44 0.023156712 
323 163 11 14 0.023021173 
153 164 27 37 0.022705507 
309 186 24 37 0.02225057 
744 155 18 23 0.02133851 
784 124 43 48 0.021130687 
760 369 28 39 0.021053202 
327 126 11 14 0.02021815 
