44_Aerobics_Aerobics_44_339
28
133 40 59 75 0.9997911 
514 138 32 43 0.9997626 
811 50 49 68 0.99933606 
363 138 42 52 0.9948455 
665 167 25 34 0.9926247 
255 162 26 35 0.9548019 
11 205 16 21 0.21321192 
205 145 52 63 0.095570035 
238 153 44 59 0.052366573 
456 251 18 22 0.05234044 
614 193 24 34 0.05229538 
712 300 26 28 0.04887859 
396 169 23 31 0.040292256 
67 203 14 18 0.039954588 
3 195 24 37 0.032274894 
601 186 29 37 0.026143234 
715 225 29 37 0.026114319 
679 211 47 58 0.025922779 
714 311 16 19 0.025255742 
699 227 27 38 0.025028469 
59 194 45 53 0.023501495 
700 246 18 23 0.02307462 
214 133 76 104 0.022134943 
567 204 24 28 0.021703118 
208 177 50 72 0.021507954 
946 374 13 17 0.021356229 
893 156 31 38 0.02100265 
262 160 14 18 0.020081798 
