44_Aerobics_Aerobics_44_194
156
460 138 12 15 0.84924775 
732 84 14 16 0.3878902 
603 184 405 408 0.37705573 
643 154 15 21 0.3253937 
584 136 17 21 0.31774107 
846 195 15 18 0.29144806 
695 93 10 13 0.27111095 
672 160 10 12 0.1704757 
641 97 13 18 0.15516321 
705 179 16 20 0.13734502 
580 143 17 21 0.13346009 
703 78 14 17 0.13100062 
670 82 15 17 0.12552136 
530 155 23 27 0.12270118 
192 267 38 37 0.12108941 
776 156 12 16 0.11610652 
696 159 12 14 0.11406893 
668 190 20 21 0.10874107 
604 136 13 17 0.105984695 
793 83 12 15 0.104120456 
943 144 10 12 0.10224143 
578 326 31 31 0.09737348 
637 148 16 19 0.0892521 
753 79 9 11 0.083580166 
398 158 12 15 0.0810894 
797 149 10 14 0.079523966 
573 149 15 18 0.07357173 
765 52 10 13 0.07174926 
571 244 17 19 0.06794938 
801 143 9 11 0.066373095 
677 142 12 15 0.060461286 
760 62 10 12 0.06033726 
464 139 14 19 0.058562614 
368 239 502 433 0.057715822 
421 155 13 18 0.055044036 
676 161 12 15 0.05307001 
760 148 11 13 0.052251365 
430 315 12 14 0.05116395 
806 150 10 13 0.05050761 
179 257 35 46 0.050210554 
658 250 17 21 0.048722688 
440 214 15 17 0.04857248 
594 136 16 19 0.047152903 
868 193 30 30 0.046940457 
698 89 14 17 0.04686049 
405 156 11 14 0.04594779 
415 156 11 14 0.04578892 
710 89 12 15 0.04542579 
691 237 18 23 0.045197897 
716 92 12 15 0.043318428 
667 170 13 17 0.04268719 
388 109 11 14 0.041795492 
780 151 11 13 0.041743565 
621 176 14 17 0.04141689 
650 218 16 20 0.041110996 
460 152 17 21 0.04091516 
763 143 10 13 0.038449362 
464 148 23 29 0.038262162 
640 124 12 14 0.037910875 
749 55 10 12 0.037328262 
630 148 14 17 0.03641727 
636 140 16 16 0.036243167 
577 381 38 41 0.035977155 
474 146 16 20 0.035872318 
791 153 12 15 0.03582704 
587 260 15 17 0.035505448 
626 178 15 17 0.034774046 
420 131 12 15 0.034456182 
763 59 12 14 0.033972044 
700 137 12 16 0.033471137 
759 68 12 14 0.032939132 
699 98 11 14 0.032679275 
791 144 10 12 0.03194581 
581 177 14 17 0.03166546 
575 306 13 17 0.031258665 
808 154 10 13 0.030661829 
448 154 12 16 0.030324867 
613 148 12 15 0.030285258 
773 79 10 12 0.030130401 
588 173 15 18 0.03007202 
633 155 25 32 0.03000444 
728 80 11 14 0.029834691 
756 77 12 13 0.028640904 
453 153 15 19 0.028484963 
625 266 26 29 0.028379297 
726 87 14 18 0.028312633 
766 225 18 20 0.02827293 
756 84 10 13 0.028260846 
743 175 20 21 0.028075555 
694 143 22 27 0.028021576 
759 154 14 17 0.027771477 
367 131 22 28 0.02761954 
447 141 11 15 0.027411705 
224 289 33 36 0.027228082 
769 219 16 17 0.027117709 
637 168 15 21 0.026988357 
482 155 12 16 0.02694719 
737 235 16 18 0.0267831 
780 296 164 129 0.026756546 
773 171 14 15 0.026412403 
671 138 14 18 0.02639588 
661 176 25 29 0.026299052 
600 236 26 29 0.026249142 
762 47 10 12 0.026246294 
765 77 13 15 0.02624591 
614 173 14 18 0.026195528 
686 163 12 14 0.026138196 
661 157 12 15 0.026028499 
736 173 12 15 0.025919974 
638 136 23 27 0.025901487 
814 158 10 12 0.025759114 
831 198 12 15 0.025609935 
567 149 12 17 0.025557429 
789 122 14 17 0.025493827 
848 181 10 13 0.025317658 
368 161 13 17 0.024974613 
598 126 12 15 0.024800085 
667 179 14 17 0.024663297 
855 189 23 27 0.024493648 
0 130 10 18 0.024064166 
788 178 15 17 0.023849033 
549 242 15 20 0.023827545 
368 108 10 14 0.02376687 
510 231 14 17 0.023674196 
696 133 12 15 0.023630377 
686 409 26 38 0.023500947 
667 160 20 25 0.02332661 
864 149 11 14 0.022782333 
647 160 25 28 0.02263689 
663 164 12 16 0.022312585 
440 351 49 45 0.022267135 
654 213 24 28 0.022152454 
824 181 12 14 0.022024818 
638 130 15 18 0.02201495 
622 149 13 16 0.021949207 
610 138 11 16 0.021819992 
870 190 16 19 0.021806648 
812 151 10 14 0.021799838 
652 244 19 22 0.02140424 
690 91 10 14 0.021397218 
694 181 12 16 0.021391511 
582 331 18 20 0.021385157 
691 156 22 25 0.021379199 
703 82 20 25 0.021360334 
936 147 10 13 0.021225527 
804 169 12 15 0.021203497 
716 183 15 18 0.02117111 
798 166 13 14 0.021058004 
503 309 12 14 0.020884488 
630 141 13 16 0.020642472 
852 175 10 12 0.020439582 
569 257 16 17 0.020288587 
508 185 26 33 0.020177025 
687 84 10 15 0.020154763 
783 143 9 11 0.020106753 
653 228 25 33 0.020071754 
