44_Aerobics_Aerobics_44_742
29
163 194 27 36 0.99936956 
775 256 27 36 0.9985714 
270 242 32 40 0.9981173 
461 134 37 50 0.9928946 
594 262 22 28 0.96673745 
702 241 29 34 0.9561414 
676 254 47 55 0.23237167 
706 228 24 30 0.15491271 
308 245 29 35 0.081619434 
570 242 15 18 0.07387775 
709 221 16 18 0.064107396 
700 234 20 23 0.04065567 
343 245 26 37 0.035358924 
37 199 10 13 0.033026904 
348 237 14 17 0.03263061 
369 243 19 24 0.0313651 
674 276 36 38 0.031246686 
341 225 16 21 0.026849408 
310 244 17 19 0.024456516 
343 216 19 20 0.023815224 
577 252 47 54 0.023412615 
312 256 50 66 0.023066502 
187 234 16 20 0.022831164 
235 287 42 53 0.022060918 
729 294 45 54 0.02200554 
342 241 17 20 0.021548113 
652 236 17 19 0.020988213 
722 255 16 20 0.020912902 
147 221 14 18 0.020566942 
