2_Demonstration_Political_Rally_2_204
394
765 386 12 15 0.9604289 
222 430 14 16 0.8817488 
405 390 10 13 0.85678333 
341 396 9 13 0.7878071 
57 407 9 13 0.7052107 
497 398 10 13 0.68470186 
136 434 10 12 0.60671455 
384 394 10 14 0.6021734 
204 420 10 13 0.59198946 
578 391 9 12 0.46365273 
749 404 10 12 0.45203823 
644 374 10 13 0.43652314 
800 390 9 11 0.41267282 
464 391 10 13 0.39975974 
839 391 9 12 0.37973228 
278 402 10 12 0.3203819 
673 391 8 10 0.29822022 
924 391 7 9 0.2897871 
526 400 10 13 0.28503624 
320 392 11 14 0.27551803 
101 422 8 11 0.25971246 
861 388 9 12 0.25508538 
640 379 11 12 0.216768 
481 390 10 12 0.19897468 
22 404 10 13 0.1963728 
977 412 8 11 0.1789203 
870 375 8 9 0.17747031 
119 430 9 11 0.17111094 
866 406 8 11 0.16810156 
1000 388 9 11 0.15767105 
663 391 7 10 0.15705264 
782 389 10 13 0.15625022 
425 391 9 12 0.15344706 
248 423 9 10 0.1521868 
700 379 9 12 0.14871219 
821 415 9 11 0.1418269 
223 425 11 12 0.13851717 
745 399 10 14 0.13623653 
565 405 9 11 0.13419634 
429 386 11 14 0.13174556 
727 407 10 12 0.13163939 
689 412 8 11 0.13125871 
487 398 9 12 0.1291625 
150 429 9 11 0.12900434 
903 389 9 10 0.12802695 
807 397 8 10 0.12664865 
418 299 25 29 0.12453789 
96 431 8 10 0.12435391 
169 431 9 12 0.11915317 
140 430 10 13 0.11734284 
113 422 8 10 0.11533608 
693 414 8 10 0.11286504 
284 403 11 13 0.111777276 
896 382 7 9 0.111061245 
622 399 9 12 0.10969667 
615 76 11 16 0.10969492 
191 429 9 10 0.10312286 
254 423 8 9 0.102733985 
551 385 8 10 0.102045156 
849 368 8 9 0.10041989 
89 431 8 11 0.09968182 
616 396 9 11 0.09711744 
274 399 9 13 0.09583539 
550 399 9 12 0.09422854 
116 424 9 10 0.09413916 
566 399 8 11 0.088876575 
204 428 11 13 0.08831339 
40 423 8 10 0.08761556 
401 393 12 16 0.08630898 
388 391 9 13 0.08617337 
981 408 9 11 0.08541544 
800 395 9 12 0.08474851 
805 392 9 11 0.08395278 
872 383 9 11 0.08359479 
711 416 8 10 0.08199379 
446 398 9 11 0.079539426 
468 395 9 12 0.07790299 
878 390 9 11 0.07641313 
843 388 11 12 0.07371682 
904 385 7 9 0.072762065 
567 383 8 10 0.07273523 
101 428 8 11 0.07261507 
704 421 10 11 0.07119429 
645 369 10 11 0.07066192 
1004 385 9 11 0.06987639 
400 366 11 14 0.06932047 
160 423 9 12 0.06907226 
771 384 11 14 0.06808697 
545 398 8 10 0.06642616 
822 421 9 11 0.06574853 
824 405 8 10 0.06539049 
936 438 9 11 0.06457259 
248 429 9 10 0.06447002 
848 373 9 11 0.06346589 
840 384 9 12 0.06319761 
521 399 9 11 0.06281308 
129 422 8 11 0.062399127 
938 385 7 9 0.061674733 
411 288 26 31 0.06100936 
176 403 10 12 0.06023537 
663 381 9 11 0.059564322 
313 396 9 14 0.058666673 
726 399 9 11 0.05706627 
294 405 10 12 0.056043737 
191 423 9 11 0.056023583 
622 390 10 12 0.055682868 
694 420 9 12 0.055205256 
376 395 11 15 0.05518531 
613 89 13 17 0.054934457 
241 421 10 12 0.05445696 
130 415 9 10 0.054210365 
942 384 8 9 0.053442348 
576 385 8 10 0.0528541 
482 395 10 13 0.052621856 
207 437 9 11 0.052325778 
114 429 9 11 0.052122597 
302 414 9 13 0.052074835 
734 415 9 10 0.051749203 
815 391 9 11 0.05148081 
411 389 10 13 0.050906487 
111 438 9 10 0.049725767 
417 373 9 12 0.049544286 
638 388 12 13 0.048369944 
897 378 7 9 0.04796585 
501 392 10 14 0.047841217 
134 424 10 11 0.047814596 
294 396 11 16 0.04738866 
592 383 8 10 0.04701079 
172 434 10 12 0.046731886 
532 397 11 13 0.0464852 
561 400 9 11 0.04579519 
455 388 11 14 0.045620665 
501 402 10 12 0.045332808 
336 392 18 22 0.04495985 
658 391 8 11 0.044924606 
876 384 9 10 0.04492256 
306 467 10 13 0.044905238 
583 386 8 10 0.044498328 
437 289 14 19 0.044223655 
404 369 12 15 0.044152964 
127 430 9 12 0.04396565 
704 416 9 10 0.043601494 
567 94 11 14 0.04358702 
415 367 9 11 0.04344113 
769 413 9 11 0.043394342 
736 421 8 11 0.04276673 
247 417 9 11 0.042613674 
830 414 9 11 0.042096745 
791 389 8 12 0.042067185 
910 383 8 10 0.042051 
832 397 9 11 0.041975122 
710 420 8 11 0.041703943 
407 360 10 11 0.041674927 
887 392 9 11 0.041626226 
16 410 12 14 0.04132818 
102 417 9 11 0.04127096 
895 389 9 11 0.04111065 
413 290 15 17 0.04086371 
143 425 9 11 0.040505644 
581 405 11 12 0.040434856 
590 388 10 13 0.040386405 
879 396 9 11 0.040289674 
945 399 8 9 0.040148906 
534 389 10 13 0.040141705 
992 423 9 12 0.040003385 
181 400 9 11 0.03985513 
134 382 9 12 0.039626535 
534 382 10 11 0.03958056 
223 416 8 10 0.039549015 
912 376 8 9 0.039513998 
428 292 13 16 0.039483298 
926 385 7 9 0.039396167 
639 396 9 11 0.039022215 
662 396 9 10 0.039008245 
430 376 13 15 0.03795996 
426 311 16 17 0.037805084 
369 363 10 13 0.037510782 
399 403 11 12 0.037432622 
111 366 7 9 0.037376318 
273 421 9 12 0.037277143 
705 141 9 11 0.03697258 
617 80 15 19 0.03694053 
393 365 10 13 0.03688646 
565 411 10 12 0.0368294 
792 384 8 12 0.03674821 
993 383 9 12 0.036690984 
582 414 11 14 0.0359669 
809 165 9 11 0.03594206 
641 358 8 9 0.035844907 
921 395 8 11 0.035741456 
87 423 8 11 0.035678167 
19 400 9 12 0.035675157 
81 423 8 11 0.035501108 
576 402 10 12 0.0352676 
192 437 10 11 0.035149675 
112 417 7 10 0.035127703 
829 182 8 11 0.03491889 
228 423 10 12 0.034715712 
609 396 9 11 0.03466477 
301 290 11 14 0.034508955 
246 437 9 10 0.034069438 
950 399 8 9 0.034009855 
423 366 9 11 0.033621173 
582 420 10 13 0.03339613 
729 367 7 10 0.03325876 
96 416 10 12 0.03317208 
284 411 11 14 0.033167593 
280 392 10 13 0.033124134 
641 367 10 12 0.03288264 
863 399 9 10 0.032748207 
624 382 10 12 0.032492753 
544 390 9 11 0.0322569 
921 440 7 9 0.03211483 
967 389 7 10 0.03203193 
768 406 9 12 0.031822816 
567 86 11 14 0.031730182 
993 376 7 9 0.031721994 
133 408 9 11 0.031713385 
135 388 9 11 0.03155719 
253 428 9 11 0.0315485 
509 397 9 11 0.03145799 
767 360 9 11 0.031359043 
531 404 10 12 0.031343807 
27 404 10 13 0.03124558 
184 429 8 11 0.031143699 
903 397 10 12 0.031038297 
240 437 9 11 0.030983303 
921 385 8 10 0.030970288 
840 206 9 11 0.030721119 
791 397 9 11 0.030530185 
654 128 8 11 0.030448405 
814 159 9 11 0.030448021 
176 422 9 11 0.030441422 
367 389 11 15 0.030400325 
944 389 8 9 0.030278498 
689 419 9 13 0.029983277 
999 421 11 14 0.029944966 
214 422 9 12 0.029880125 
622 355 9 11 0.029842237 
285 392 10 14 0.029793756 
297 413 9 13 0.029646734 
743 431 8 11 0.029571569 
94 436 8 10 0.02955901 
722 397 9 11 0.029353855 
399 360 10 12 0.02934559 
903 405 9 12 0.029248586 
528 391 10 12 0.029221235 
88 360 8 10 0.029149199 
926 406 8 10 0.02908692 
632 382 8 11 0.028892584 
373 359 10 12 0.028530432 
816 384 8 10 0.028473523 
910 399 9 10 0.02844698 
734 405 10 13 0.028436195 
300 403 13 16 0.028267916 
295 391 10 13 0.028240636 
381 398 14 17 0.028027155 
165 414 9 11 0.02802039 
518 481 8 10 0.027993757 
748 204 11 12 0.027989132 
640 370 17 21 0.027917102 
229 444 10 12 0.027844254 
741 382 8 11 0.02775118 
970 414 8 10 0.027691891 
609 75 10 15 0.02768669 
717 59 13 18 0.027683493 
240 416 9 11 0.027528815 
353 366 212 206 0.027406229 
511 381 10 12 0.027185168 
591 406 9 10 0.027174098 
575 386 17 22 0.027139843 
742 437 8 10 0.027030114 
433 413 10 13 0.027028356 
655 381 9 12 0.02697044 
918 375 6 9 0.02696794 
448 390 10 14 0.02650262 
429 360 11 11 0.026465936 
484 383 12 14 0.026199633 
167 406 10 12 0.026195724 
57 402 17 22 0.025956223 
729 357 8 10 0.025924549 
928 440 8 10 0.025898138 
657 397 9 11 0.02585781 
568 390 9 11 0.025837097 
113 456 9 12 0.025785068 
829 405 9 10 0.025760852 
960 385 7 9 0.025606683 
911 405 8 11 0.025463363 
857 384 10 12 0.025356933 
542 478 9 11 0.025311295 
745 395 18 23 0.025227437 
494 393 17 22 0.025221353 
482 404 10 13 0.025010506 
853 374 8 9 0.024922902 
598 397 10 11 0.024863765 
925 396 8 10 0.0248286 
518 391 9 12 0.024731517 
641 470 9 11 0.024594612 
1 712 54 63 0.024579467 
183 423 9 11 0.024382506 
701 173 10 13 0.024352295 
368 395 12 16 0.02430881 
815 396 8 12 0.02422228 
855 220 11 12 0.024210393 
318 391 18 22 0.024133135 
903 376 8 9 0.024076488 
907 54 14 17 0.024074176 
885 212 11 12 0.024056634 
1004 417 14 16 0.024055783 
81 427 9 12 0.023898695 
424 381 11 15 0.023808256 
559 383 8 10 0.023682928 
961 389 8 10 0.023641162 
390 415 11 13 0.023538118 
721 392 8 11 0.023526216 
1015 382 8 10 0.02331236 
510 376 9 11 0.02325274 
485 411 10 12 0.023240281 
609 91 10 16 0.023165224 
958 400 8 8 0.023085322 
597 383 9 11 0.023045003 
89 365 8 9 0.02303015 
632 389 8 12 0.022962773 
454 395 11 13 0.022918483 
39 427 10 13 0.02272485 
841 168 8 10 0.022703342 
432 480 8 10 0.022672916 
413 359 9 12 0.022645667 
128 436 9 11 0.022608971 
736 430 9 12 0.022523437 
734 397 11 14 0.022478405 
200 415 18 22 0.0224742 
968 368 8 9 0.0223403 
807 143 9 12 0.022338903 
654 374 9 12 0.022283398 
765 151 8 10 0.022256952 
710 38 9 11 0.022081574 
597 389 11 14 0.02203588 
870 437 8 11 0.022027513 
639 110 9 12 0.022020437 
557 477 9 10 0.021998428 
824 167 8 9 0.021985186 
510 389 12 15 0.02198433 
426 377 19 24 0.021979764 
866 368 8 10 0.021910215 
232 397 8 12 0.021848258 
297 419 9 12 0.021792203 
444 462 10 12 0.021776175 
535 377 8 11 0.0217326 
697 134 9 11 0.02170415 
743 422 7 10 0.021659767 
437 478 9 11 0.021651119 
1014 445 8 12 0.021633517 
381 420 12 13 0.021616727 
439 276 11 14 0.021587936 
240 429 10 12 0.021568371 
855 413 9 12 0.021565223 
103 438 9 10 0.021501157 
422 281 25 31 0.021495266 
463 384 10 13 0.021453151 
279 412 11 13 0.021243766 
716 45 10 13 0.021202864 
991 397 8 10 0.021192979 
559 390 8 10 0.021192675 
844 397 10 12 0.02119052 
224 455 10 12 0.021164482 
951 383 7 10 0.02113125 
452 383 13 15 0.021050392 
772 405 11 13 0.021037837 
894 454 8 9 0.020980256 
870 399 9 11 0.020956144 
771 392 13 16 0.020947533 
966 238 9 12 0.020872615 
437 389 10 14 0.02077336 
414 394 10 12 0.020682814 
415 412 9 12 0.020518098 
231 416 8 10 0.020460773 
434 380 11 16 0.020448014 
670 384 8 11 0.020417508 
152 381 9 12 0.02037215 
975 384 8 10 0.020252239 
67 406 9 12 0.020248702 
51 406 10 13 0.02022927 
793 143 8 10 0.020187248 
676 395 10 12 0.020163897 
998 443 10 14 0.020163318 
719 423 8 10 0.020104948 
853 368 9 10 0.020103429 
646 116 8 12 0.020100968 
807 414 9 11 0.02008682 
44 421 10 13 0.020065233 
719 85 9 11 0.020047072 
893 395 11 13 0.02001461 
654 405 9 10 0.02000175 
