2_Demonstration_Demonstration_Or_Protest_2_450
122
184 271 53 86 0.9872936 
577 266 40 71 0.96046555 
291 351 21 26 0.95228606 
907 325 12 18 0.7067238 
814 358 9 12 0.5996578 
723 316 22 31 0.3214144 
45 381 14 18 0.29230508 
1012 358 10 14 0.28638825 
861 359 10 13 0.26759738 
855 357 10 14 0.2661408 
430 332 37 48 0.255632 
871 350 10 13 0.20215121 
958 340 11 13 0.18878743 
715 324 27 37 0.17055619 
812 381 12 17 0.15682583 
983 342 9 13 0.14890279 
900 345 11 15 0.13754897 
396 302 21 31 0.13436085 
464 532 10 13 0.12416551 
854 351 9 12 0.110388525 
869 354 10 14 0.10842306 
813 360 13 17 0.10793696 
33 381 8 11 0.089320146 
400 318 25 39 0.08906468 
814 372 13 18 0.08803878 
956 335 11 14 0.08747991 
576 323 62 80 0.08324064 
925 324 14 17 0.07665062 
423 620 45 65 0.07499899 
39 381 12 15 0.07318198 
790 347 14 21 0.07189765 
879 373 12 15 0.07145809 
22 380 9 12 0.063914165 
964 342 9 12 0.06181744 
850 357 10 14 0.061464146 
340 336 14 16 0.06032444 
411 319 30 39 0.05763739 
688 292 27 32 0.056783695 
855 344 8 11 0.056763496 
215 903 47 57 0.05623518 
927 423 14 17 0.05558123 
729 325 25 32 0.052059732 
452 301 23 27 0.049325407 
833 358 10 12 0.049118984 
614 268 46 66 0.04898384 
876 349 9 13 0.048008617 
932 326 9 13 0.04551172 
765 328 15 21 0.04372526 
913 328 16 19 0.043497182 
977 341 9 12 0.041443 
903 319 11 17 0.040990967 
809 353 10 12 0.040770162 
807 361 12 17 0.040255662 
884 379 11 13 0.0401458 
965 347 9 12 0.04013796 
953 328 9 11 0.039927747 
491 333 28 30 0.0394183 
634 280 45 57 0.03885576 
796 354 10 15 0.03836171 
991 357 11 13 0.03744168 
756 337 16 19 0.03722507 
710 314 23 33 0.036651533 
887 418 14 16 0.03473911 
14 424 11 15 0.03431115 
1009 353 17 24 0.034211513 
832 364 9 13 0.03394919 
702 300 23 33 0.032134637 
991 351 8 11 0.032104723 
838 364 9 12 0.0318504 
413 628 37 50 0.031746168 
832 382 11 13 0.031568877 
956 486 8 11 0.031420622 
498 338 16 18 0.031175073 
988 342 9 12 0.029881101 
0 397 11 18 0.029716616 
447 284 24 31 0.02929443 
871 375 11 13 0.029217208 
369 311 24 32 0.028974015 
683 301 19 24 0.02872498 
432 321 31 36 0.028663263 
952 346 11 14 0.028336365 
31 387 13 17 0.027834471 
488 325 44 50 0.027789302 
837 380 12 14 0.027419234 
831 334 7 9 0.027283134 
749 335 27 31 0.027077155 
493 590 101 135 0.02693729 
0 563 46 72 0.02680244 
445 364 45 50 0.026594028 
447 283 13 20 0.026218815 
965 334 10 13 0.025918527 
772 320 14 23 0.025743583 
635 441 110 134 0.025666257 
868 363 12 13 0.02542042 
765 317 14 20 0.02530185 
1008 399 9 12 0.024791848 
411 321 17 23 0.024440253 
17 379 10 13 0.024313785 
465 305 17 21 0.024273952 
896 331 11 14 0.023769185 
999 351 8 11 0.023758775 
1013 405 9 12 0.02306016 
887 343 11 14 0.0228201 
418 322 18 23 0.022746563 
863 351 11 14 0.022674251 
443 314 29 36 0.0226437 
976 335 9 13 0.022633817 
288 343 36 43 0.022531714 
818 364 13 15 0.022390082 
357 892 28 44 0.022360144 
420 338 31 38 0.022059321 
495 497 13 17 0.021508927 
447 605 11 15 0.021356322 
983 335 11 14 0.02098302 
878 344 9 12 0.020844525 
797 341 9 13 0.02075077 
445 327 36 44 0.020660099 
666 389 425 499 0.02065737 
863 327 8 10 0.0204972 
930 378 13 18 0.020393036 
761 342 16 21 0.020312216 
517 359 13 17 0.020269325 
