2_Demonstration_Protesters_2_840
72
915 156 21 31 0.97212243 
678 191 19 27 0.9483953 
793 171 20 25 0.8908576 
102 188 16 21 0.8122596 
324 174 17 20 0.8062098 
258 199 13 19 0.7210139 
954 218 16 21 0.5776578 
186 186 16 20 0.44586882 
176 181 22 27 0.136605 
264 202 14 19 0.107184805 
228 215 11 14 0.097167164 
454 102 12 16 0.070875 
1004 115 12 14 0.06879627 
1011 277 9 13 0.06649538 
70 198 10 14 0.066254124 
171 141 15 18 0.06503921 
96 186 15 21 0.06497355 
388 115 14 19 0.060761314 
310 217 13 15 0.05755861 
259 193 13 16 0.054372054 
805 232 12 15 0.05266071 
377 221 11 14 0.04748116 
49 23 54 70 0.04606548 
448 213 13 17 0.04590099 
864 169 17 19 0.044778988 
962 219 13 17 0.042045552 
879 165 10 15 0.040439814 
404 219 13 16 0.039667275 
170 144 24 27 0.03303068 
1012 252 9 14 0.032157674 
890 153 24 29 0.03204135 
232 230 11 15 0.03192521 
237 214 10 14 0.031844918 
52 242 10 13 0.030570742 
321 147 10 12 0.028916016 
990 197 10 14 0.028879328 
331 167 14 19 0.028598348 
919 151 13 17 0.02858394 
320 167 12 16 0.02837832 
1008 283 11 15 0.028088884 
1012 226 10 17 0.027966866 
1000 187 11 17 0.027732672 
481 353 8 11 0.027716745 
973 373 11 13 0.02703889 
713 173 9 14 0.026810134 
1014 210 10 16 0.026511936 
488 335 8 10 0.025825039 
909 143 9 11 0.025740618 
374 216 10 11 0.025475876 
178 148 14 16 0.025318755 
718 172 13 16 0.024523942 
1014 162 10 14 0.024062768 
136 134 8 10 0.023717739 
1005 413 10 12 0.023365945 
904 143 10 12 0.02300167 
189 142 12 15 0.022915972 
880 157 11 14 0.022805994 
844 270 11 14 0.022498745 
304 77 8 10 0.022111857 
392 172 13 17 0.022085745 
307 211 20 25 0.02196047 
231 210 9 11 0.021858815 
882 155 21 28 0.021757457 
275 195 12 16 0.021722896 
886 154 13 18 0.021419095 
662 430 9 11 0.021167438 
1013 269 10 17 0.02090107 
881 151 10 13 0.020898135 
354 139 107 118 0.020835394 
972 220 10 14 0.02053321 
802 220 25 33 0.02029659 
972 378 12 16 0.020156052 
