2_Demonstration_Protesters_2_493
842
91 112 25 32 0.9996294 
771 129 33 42 0.9994517 
555 131 34 43 0.998966 
386 148 37 47 0.9977756 
718 133 37 44 0.99698985 
257 99 21 27 0.9963714 
923 158 36 49 0.9952245 
711 110 27 30 0.99489874 
375 97 25 31 0.9948856 
848 140 31 42 0.9941392 
650 176 44 52 0.99350476 
456 132 36 45 0.99077296 
941 129 30 41 0.99034727 
868 91 26 35 0.99017173 
0 421 79 162 0.98877513 
636 104 25 31 0.988461 
304 160 37 44 0.987538 
279 114 27 33 0.9865059 
523 117 24 32 0.9826475 
314 83 21 27 0.97605735 
340 90 22 26 0.9757498 
830 74 26 31 0.97563666 
409 114 25 28 0.9747346 
347 115 26 34 0.9740536 
19 100 21 26 0.96978486 
218 65 16 21 0.9693421 
161 81 21 25 0.96862197 
606 84 22 28 0.96686757 
202 79 20 27 0.9647159 
736 91 22 26 0.9592363 
434 69 18 25 0.9497784 
268 74 21 27 0.9436485 
524 89 16 20 0.93921655 
877 210 43 53 0.93703616 
802 20 13 16 0.9258626 
388 72 19 23 0.9148475 
924 46 18 24 0.91267544 
199 116 21 28 0.9109918 
292 67 19 26 0.9103133 
963 69 19 25 0.90835965 
916 71 26 34 0.9044778 
951 51 15 18 0.8786042 
31 68 22 27 0.87583476 
67 62 20 25 0.873978 
322 58 15 19 0.8733636 
481 59 19 23 0.8642723 
79 88 21 25 0.858487 
187 58 15 19 0.85669744 
544 75 19 23 0.8549981 
74 44 15 18 0.8442765 
637 52 16 21 0.8364573 
550 110 25 30 0.83477336 
567 52 14 16 0.8014264 
654 20 12 14 0.8009624 
210 116 19 24 0.8001632 
833 182 38 51 0.7909673 
664 63 17 21 0.78388095 
761 44 16 20 0.7748262 
982 148 40 63 0.77460694 
523 65 15 19 0.76639646 
-1 87 13 25 0.76375604 
229 85 20 27 0.76148784 
333 42 11 14 0.7511642 
704 51 13 16 0.73532665 
134 103 22 28 0.73088795 
784 84 21 30 0.72391915 
549 38 11 13 0.7203242 
14 60 15 17 0.71453416 
584 129 21 31 0.70679027 
703 9 11 14 0.69133395 
552 15 10 14 0.68915737 
131 83 20 26 0.67815393 
158 47 13 16 0.6750706 
666 49 16 19 0.65166724 
566 30 10 13 0.6510523 
656 89 22 28 0.6320318 
744 47 16 20 0.63074595 
817 119 23 32 0.6191573 
306 47 14 18 0.6179656 
423 141 23 35 0.58086985 
618 20 11 14 0.5666336 
693 76 22 27 0.54882693 
888 50 17 21 0.546335 
998 85 23 34 0.544685 
390 51 13 16 0.54295486 
787 58 15 18 0.5311027 
488 256 27 42 0.5310389 
585 62 17 20 0.52875215 
236 46 13 15 0.5279916 
129 65 12 18 0.4996536 
844 48 15 19 0.47084934 
295 117 22 29 0.4636943 
752 25 14 17 0.45503306 
173 38 10 14 0.44656935 
426 52 13 16 0.44578338 
2 132 27 34 0.44564888 
719 81 17 21 0.4387108 
471 36 11 13 0.43794695 
752 195 29 34 0.4346258 
144 35 10 12 0.4236867 
622 71 15 19 0.41381302 
138 49 14 16 0.40570414 
459 57 14 17 0.3989322 
468 125 29 36 0.39663246 
95 58 11 14 0.39536104 
380 32 11 13 0.38444382 
148 31 11 13 0.3819449 
618 59 14 18 0.36814713 
440 30 11 15 0.35435736 
519 39 11 12 0.34442014 
34 53 12 15 0.34301803 
708 7 13 14 0.33317903 
420 36 13 14 0.33130732 
317 31 9 12 0.3271708 
752 7 11 13 0.32682747 
706 85 21 26 0.3103252 
491 92 20 26 0.29812983 
255 46 11 13 0.2971837 
691 34 12 16 0.2961948 
248 61 13 18 0.2961062 
718 55 15 19 0.28983462 
872 15 9 12 0.2879252 
499 98 18 25 0.28501946 
181 82 15 19 0.2824804 
823 8 14 16 0.27947608 
546 54 11 13 0.27822897 
124 37 10 12 0.2755954 
0 45 10 16 0.27556127 
278 38 11 14 0.2734614 
458 83 15 18 0.25881943 
286 46 11 14 0.25825664 
628 1 11 12 0.2577276 
56 81 13 19 0.25695023 
112 62 12 15 0.25479993 
490 62 16 20 0.2539439 
885 56 17 22 0.25201088 
245 82 17 21 0.248154 
369 52 12 15 0.24796338 
222 15 8 10 0.24447802 
133 14 9 11 0.24363373 
209 36 10 12 0.23958425 
500 12 10 13 0.23778541 
233 38 9 10 0.23730299 
194 60 12 16 0.2362372 
500 8 8 10 0.23172936 
188 8 8 10 0.22974513 
281 30 9 11 0.22387964 
18 22 7 10 0.22250843 
361 36 10 13 0.22227499 
429 34 12 14 0.21896799 
500 21 10 12 0.21649516 
807 48 16 20 0.2164537 
673 21 10 13 0.21007793 
566 8 9 11 0.20820017 
108 45 11 14 0.20531169 
661 0 10 11 0.2040108 
476 13 10 13 0.20111315 
363 76 15 18 0.20076922 
453 90 21 25 0.1993281 
565 77 14 19 0.19915953 
397 22 10 13 0.19882543 
255 30 9 11 0.19538902 
370 17 9 11 0.19369397 
182 30 9 12 0.19084455 
751 76 22 29 0.19044168 
656 0 9 10 0.19024616 
584 53 14 17 0.18955417 
589 46 11 13 0.18409644 
645 92 24 29 0.18363321 
249 154 24 38 0.18217966 
227 195 42 59 0.17634334 
16 40 9 11 0.17628883 
782 6 10 13 0.17467584 
326 23 9 11 0.17294027 
495 31 9 11 0.16991226 
134 0 8 9 0.16834599 
250 89 23 28 0.16754282 
463 0 8 9 0.16623868 
207 71 20 27 0.16464819 
201 22 9 12 0.1638908 
600 1 9 10 0.16282648 
398 27 11 13 0.16127251 
353 22 10 12 0.16106375 
406 27 10 13 0.160404 
176 31 10 13 0.15993415 
236 83 22 26 0.15990664 
235 39 12 13 0.1584122 
21 43 11 13 0.15766455 
254 51 11 14 0.1573915 
584 46 10 14 0.15638341 
666 91 14 19 0.15439776 
296 36 10 13 0.15367743 
904 125 27 38 0.15344928 
342 43 11 14 0.15261886 
477 38 9 12 0.1494234 
436 51 12 14 0.14714903 
533 37 9 11 0.14371455 
272 21 9 11 0.14240351 
367 46 13 15 0.14235985 
397 15 9 11 0.14208215 
348 44 11 14 0.14148436 
688 29 13 15 0.1408776 
261 52 13 15 0.13724568 
930 71 22 31 0.13684443 
938 146 34 44 0.13207205 
258 8 8 10 0.13184403 
132 398 63 59 0.13170113 
897 25 17 20 0.13064055 
766 0 10 9 0.12775293 
3 12 10 13 0.12650107 
478 9 10 11 0.12609598 
245 21 9 12 0.12509719 
313 35 11 13 0.1250306 
177 15 8 10 0.12412604 
377 35 11 13 0.124114335 
485 44 10 13 0.12313714 
44 34 10 13 0.12279917 
105 39 10 13 0.122056164 
519 19 10 12 0.12161923 
39 15 8 10 0.1213348 
518 14 9 12 0.12132501 
897 20 13 16 0.121257335 
257 13 10 12 0.12011616 
180 109 17 19 0.118847266 
574 37 11 13 0.1187554 
570 58 14 17 0.118556246 
716 44 11 14 0.11851139 
526 21 9 10 0.11849228 
223 54 13 15 0.11843109 
230 51 11 15 0.118420556 
445 110 21 29 0.11789056 
585 115 19 26 0.11781204 
212 32 9 11 0.1176619 
846 19 10 12 0.11669093 
305 116 15 22 0.11535467 
530 70 21 25 0.11497111 
238 30 9 11 0.11469739 
1012 117 12 23 0.11436562 
755 68 16 22 0.113709785 
499 58 13 17 0.11345565 
524 146 22 28 0.1132329 
94 30 10 13 0.11320352 
733 0 9 10 0.11276711 
444 23 9 11 0.11167401 
326 28 9 12 0.111195676 
163 45 12 14 0.11097279 
572 46 11 14 0.11077201 
508 78 12 16 0.11010926 
218 17 7 9 0.11009521 
72 16 8 10 0.10923562 
246 17 8 11 0.10914291 
285 29 9 11 0.10759342 
272 43 12 15 0.10742527 
415 44 11 14 0.10670491 
247 1 8 9 0.10645221 
605 1 9 10 0.10636173 
643 47 15 19 0.10605985 
530 61 13 15 0.105485804 
54 16 8 9 0.10483937 
716 6 11 13 0.10466347 
744 82 21 29 0.10445954 
469 114 25 30 0.1042066 
35 47 11 14 0.10363234 
449 97 21 30 0.10356186 
134 22 9 11 0.103522934 
78 21 9 11 0.10285671 
945 69 19 27 0.09917353 
851 195 44 56 0.09903616 
297 31 10 12 0.09903355 
411 207 31 45 0.09793571 
707 47 13 16 0.09727352 
480 44 10 13 0.09672295 
574 20 10 13 0.096494354 
147 64 14 18 0.09602665 
289 22 9 12 0.09476867 
534 32 10 12 0.09289601 
507 54 12 15 0.092188224 
465 37 11 13 0.09217334 
837 11 13 16 0.09213177 
481 99 22 27 0.08894056 
118 45 11 13 0.088536784 
415 15 9 12 0.08816658 
410 100 18 24 0.087819465 
134 7 9 11 0.086952694 
263 123 24 32 0.086766556 
190 118 21 25 0.08629219 
205 6 8 10 0.08624648 
128 32 10 12 0.08594055 
558 106 19 22 0.08545702 
565 62 15 20 0.08495626 
473 8 9 11 0.084718026 
232 32 9 10 0.084712364 
723 93 24 29 0.08470712 
242 16 8 10 0.08452666 
143 23 8 11 0.08440449 
233 5 8 10 0.083343014 
271 16 8 11 0.0832465 
990 88 20 29 0.08318265 
701 1 10 10 0.08262821 
328 40 11 13 0.08239898 
812 29 12 15 0.0823695 
582 104 17 21 0.08188926 
223 180 31 35 0.081841275 
83 69 12 15 0.08134078 
125 44 12 14 0.08121354 
265 155 23 36 0.08098028 
555 19 11 13 0.08090003 
74 19 9 12 0.080822326 
350 39 10 13 0.080671966 
699 71 16 19 0.08054133 
999 20 13 18 0.08050576 
483 126 17 23 0.079323255 
1005 12 15 21 0.07860908 
63 39 9 12 0.07845056 
335 29 9 11 0.07842347 
822 81 29 36 0.0784092 
414 30 12 14 0.078122795 
358 30 11 14 0.07808819 
609 43 12 14 0.07795121 
321 24 9 11 0.07792402 
732 5 12 14 0.07761428 
717 35 13 17 0.07727744 
159 22 11 12 0.07721103 
456 30 9 12 0.07720087 
181 35 11 14 0.0763157 
365 28 11 14 0.0757218 
938 68 17 24 0.0753455 
709 28 14 17 0.07512897 
686 84 14 20 0.07482614 
254 39 11 13 0.07458602 
789 42 15 18 0.07452226 
256 190 39 57 0.074099876 
757 37 14 18 0.07404693 
333 1 8 8 0.0738359 
168 31 8 11 0.073772155 
914 132 32 37 0.07367325 
846 30 11 15 0.07366084 
455 107 24 30 0.073486745 
362 158 24 30 0.073030196 
623 46 10 13 0.07259633 
262 85 22 28 0.072383285 
190 11 8 11 0.072232135 
111 23 9 11 0.07214526 
183 12 9 11 0.071932144 
261 30 9 12 0.071843475 
905 120 18 24 0.071472965 
500 28 10 12 0.07081928 
238 6 9 10 0.07046487 
539 114 23 30 0.07040687 
0 172 33 54 0.06997268 
116 52 12 15 0.06952938 
447 61 11 14 0.06898001 
463 22 9 12 0.06797378 
688 5 10 15 0.06795801 
472 107 18 20 0.0677111 
522 43 12 14 0.06707118 
608 22 9 12 0.066972725 
864 31 11 15 0.06668258 
152 8 8 9 0.06656658 
50 14 7 10 0.06597987 
596 38 11 13 0.065703094 
184 25 8 10 0.065358676 
581 0 9 8 0.064983085 
487 39 9 11 0.06456244 
884 68 17 21 0.06450985 
381 44 13 15 0.06383303 
973 96 15 21 0.06312659 
553 75 15 19 0.06282646 
607 52 15 18 0.06281524 
105 23 8 10 0.06277272 
351 27 11 13 0.062510364 
342 30 9 12 0.06208968 
567 24 11 13 0.061998013 
391 29 10 12 0.061817914 
38 21 8 10 0.061482303 
807 57 16 19 0.06145764 
491 31 8 11 0.0612467 
187 80 18 24 0.061218314 
327 16 8 11 0.060889505 
512 39 10 12 0.060731202 
906 373 120 129 0.060594056 
513 31 9 11 0.060383756 
152 50 13 17 0.060150463 
978 92 19 27 0.059956335 
518 32 10 12 0.05965438 
278 24 8 10 0.059524115 
461 97 23 27 0.05917958 
61 115 23 26 0.058905866 
542 31 11 13 0.058694463 
813 68 25 31 0.05848121 
279 195 26 37 0.05824804 
1 50 12 16 0.05813462 
260 38 10 13 0.058103785 
676 52 12 17 0.057852738 
328 2 9 8 0.057614002 
525 37 10 13 0.05759514 
592 40 10 12 0.056906648 
484 249 50 61 0.056760162 
247 38 10 12 0.056703907 
705 74 14 20 0.05642384 
256 22 10 12 0.056417063 
485 8 8 10 0.0563852 
188 30 10 12 0.056150056 
152 13 9 11 0.056124136 
979 0 14 11 0.05592771 
233 166 30 37 0.055652943 
581 40 10 12 0.05564067 
761 72 17 22 0.055501364 
292 45 12 15 0.055408176 
796 35 13 17 0.055393953 
154 56 15 17 0.055281647 
35 61 14 16 0.055155687 
814 105 27 32 0.054805223 
413 20 10 13 0.054757513 
691 107 13 18 0.054510217 
693 90 22 27 0.05444707 
29 31 9 10 0.054410502 
409 140 29 41 0.054392822 
248 31 9 11 0.054373812 
289 6 7 9 0.05422279 
892 41 22 26 0.054097146 
31 57 13 17 0.05403733 
811 65 16 20 0.05403361 
551 8 10 12 0.053910926 
342 24 9 11 0.053530518 
532 55 11 14 0.05338947 
670 15 12 13 0.053254943 
274 6 8 10 0.053146847 
288 16 8 10 0.05307151 
284 39 10 13 0.05259564 
527 32 10 12 0.052441005 
429 46 12 15 0.052395083 
893 55 21 25 0.052293446 
55 21 8 10 0.05228757 
157 14 10 12 0.052255116 
786 75 14 20 0.052143943 
142 15 8 9 0.05213211 
383 11 10 12 0.05194436 
335 24 8 10 0.051886197 
224 31 8 9 0.05149029 
638 4 10 13 0.051305294 
276 160 26 33 0.050959717 
548 31 13 15 0.050771207 
727 8 13 17 0.050610334 
613 73 21 28 0.050422896 
792 47 19 24 0.05041056 
104 76 13 17 0.05039312 
99 55 12 14 0.050242774 
206 22 9 11 0.05002751 
490 87 16 20 0.04984128 
320 272 57 58 0.049656775 
560 8 9 11 0.049483627 
176 7 7 9 0.049301967 
156 67 12 16 0.04906424 
493 37 9 11 0.04902649 
691 40 13 17 0.048876077 
173 52 13 16 0.04861461 
344 7 9 11 0.048301954 
599 13 9 10 0.047871467 
421 44 13 16 0.04781681 
707 55 16 19 0.047710717 
63 15 8 10 0.047456697 
223 21 8 10 0.047389977 
517 7 9 11 0.047187224 
472 17 11 14 0.047134947 
613 38 10 12 0.047089346 
158 28 10 11 0.047003858 
558 45 11 14 0.046954375 
182 186 24 35 0.04693749 
133 29 9 12 0.04661918 
696 5 13 15 0.046091624 
344 357 62 63 0.04606633 
352 15 9 11 0.04605908 
279 71 22 29 0.046019748 
261 58 14 17 0.046006523 
63 31 8 10 0.045910865 
312 24 8 11 0.045848995 
33 22 8 10 0.045643974 
245 45 11 14 0.045463316 
271 28 10 13 0.04544268 
157 8 9 10 0.045392442 
132 76 15 18 0.045369565 
989 140 28 37 0.044960193 
532 43 11 13 0.044625588 
101 29 9 11 0.044620294 
207 15 8 11 0.04417104 
344 67 12 16 0.04390212 
687 24 11 13 0.04383241 
174 60 14 17 0.04371366 
700 6 19 22 0.043712247 
726 83 22 26 0.04367463 
180 45 10 12 0.043653473 
463 3 10 11 0.043485694 
375 7 8 9 0.043431997 
303 23 8 11 0.04341566 
504 46 10 12 0.04329158 
223 8 8 9 0.043127876 
80 29 10 11 0.04289544 
299 58 15 19 0.042715013 
217 79 20 27 0.042456694 
28 39 10 12 0.042329635 
386 95 24 31 0.042020127 
732 18 14 19 0.041878793 
470 42 12 14 0.04179433 
290 302 54 73 0.04152436 
421 21 9 12 0.041445468 
457 118 28 34 0.041254338 
535 539 50 39 0.041211125 
310 14 8 10 0.0410789 
246 52 12 15 0.041001868 
911 14 13 14 0.040630605 
200 16 9 11 0.040601667 
128 362 119 92 0.04037491 
215 20 8 11 0.040275708 
399 34 11 13 0.04024726 
24 31 9 10 0.039861664 
748 55 15 19 0.03965794 
946 245 38 47 0.039656453 
279 49 12 16 0.039638545 
906 66 16 21 0.03947406 
446 84 22 26 0.03942054 
646 4 11 13 0.03941578 
336 6 8 10 0.03937606 
31 15 8 10 0.039367832 
600 87 18 22 0.03932881 
572 57 21 25 0.039093 
600 30 9 12 0.039057147 
455 54 12 17 0.039050456 
1007 5 13 17 0.038896613 
667 5 12 13 0.038869005 
577 0 9 9 0.038624212 
319 2 8 8 0.038553834 
1006 91 20 38 0.03853318 
312 1 8 9 0.0382926 
424 214 33 39 0.038236063 
72 40 12 15 0.038233653 
703 28 12 16 0.03796462 
814 33 14 16 0.037945647 
454 64 15 18 0.037913114 
112 8 7 10 0.037876748 
317 46 11 14 0.037870735 
910 78 19 25 0.037784085 
87 93 19 24 0.03759754 
259 127 17 22 0.037510008 
189 36 9 12 0.03749577 
526 159 25 30 0.03744911 
512 23 9 11 0.037402343 
391 9 8 10 0.037339244 
674 89 13 20 0.037074838 
142 420 65 59 0.03706687 
717 66 16 19 0.036881223 
461 30 10 12 0.03671836 
685 60 13 17 0.036659684 
546 45 12 15 0.036642518 
693 60 14 16 0.03657536 
479 53 14 18 0.036560543 
477 226 43 63 0.03638037 
515 49 14 17 0.036316156 
222 48 11 13 0.03628151 
30 0 8 10 0.03619711 
765 14 12 14 0.036101796 
278 6 8 9 0.035966523 
773 0 10 9 0.03576106 
447 1 8 9 0.03571693 
23 15 8 10 0.035602193 
636 22 11 14 0.035579722 
104 16 7 9 0.03551879 
48 51 10 13 0.035490047 
216 191 27 35 0.03537289 
468 53 12 16 0.035349328 
262 19 9 13 0.035244215 
448 5 10 12 0.035213824 
543 5 10 12 0.0351638 
512 69 11 15 0.03508389 
284 165 32 37 0.035040032 
772 90 26 30 0.034865037 
349 7 9 11 0.034844533 
225 37 8 11 0.034803696 
306 123 21 28 0.034681953 
256 162 40 52 0.03463276 
116 22 9 12 0.034567967 
384 49 13 18 0.034475684 
684 53 11 15 0.034403972 
628 53 18 25 0.0343257 
415 50 12 15 0.034322813 
486 336 92 104 0.034264382 
820 30 13 15 0.034250293 
1002 122 21 31 0.03421449 
453 14 8 11 0.03392351 
16 29 8 10 0.033900883 
214 44 11 14 0.033880007 
150 24 10 12 0.033849616 
517 69 16 20 0.03377384 
135 39 10 12 0.033714067 
350 52 11 13 0.033701535 
167 15 9 11 0.033558413 
407 0 9 9 0.033525065 
658 27 12 15 0.033507872 
190 23 8 10 0.033356015 
627 138 13 18 0.03333575 
571 29 11 14 0.03324527 
274 34 19 23 0.03300404 
62 43 11 16 0.033000756 
869 6 11 13 0.032957174 
343 12 9 11 0.032909226 
688 0 9 11 0.032880314 
759 82 23 29 0.03285501 
453 6 10 11 0.032848258 
310 56 16 20 0.032751214 
1005 78 14 16 0.03274611 
613 0 11 11 0.032702684 
432 172 28 35 0.032650318 
949 1 11 10 0.032559678 
667 169 32 40 0.032447737 
7 60 13 16 0.032283306 
48 9 8 10 0.03206321 
40 9 9 10 0.03203051 
231 24 8 9 0.03183744 
338 288 55 63 0.031829994 
308 179 21 26 0.031764474 
88 31 10 12 0.03165108 
447 369 89 115 0.031523414 
820 51 14 16 0.031345755 
278 15 9 11 0.031267207 
56 45 10 14 0.031258017 
552 1 8 9 0.03124866 
476 33 9 10 0.031056305 
144 8 9 11 0.031006705 
558 36 10 14 0.030863985 
457 0 9 10 0.030460095 
955 157 16 22 0.030430503 
733 33 13 19 0.030353742 
176 56 20 24 0.030344011 
295 15 7 10 0.030295689 
399 9 9 10 0.03029396 
497 2 9 9 0.030252077 
26 6 9 11 0.03010408 
363 85 17 23 0.030043941 
312 7 8 10 0.030010868 
775 4 11 13 0.029917976 
336 15 8 10 0.029777315 
92 334 41 62 0.029759137 
483 114 15 20 0.029693734 
226 57 14 19 0.029688809 
141 32 18 22 0.029617058 
547 33 18 23 0.029609287 
395 48 11 14 0.029608091 
409 15 9 12 0.029481977 
542 1 9 10 0.029473467 
335 116 24 31 0.029410647 
210 167 27 37 0.029395655 
828 178 29 40 0.02930271 
406 89 15 18 0.029283624 
153 1 8 8 0.029219659 
70 8 8 9 0.029216565 
49 21 9 11 0.029165572 
720 339 83 113 0.029141245 
562 30 20 22 0.029126616 
538 152 16 21 0.029124595 
837 51 22 27 0.029047502 
304 14 7 10 0.029030522 
823 113 27 32 0.029007211 
514 11 10 13 0.028988171 
529 85 15 19 0.028933285 
717 116 31 37 0.028705962 
655 64 16 20 0.028693428 
62 21 8 11 0.028536893 
711 2 11 12 0.028516648 
693 68 15 17 0.028506782 
592 4 11 12 0.028505648 
894 33 17 20 0.028425284 
429 49 19 23 0.028183362 
195 110 15 20 0.028148878 
930 122 30 38 0.028054127 
157 39 13 16 0.02789623 
840 17 12 16 0.02789063 
95 15 8 10 0.027743047 
242 10 18 23 0.02770779 
511 1 9 9 0.027667454 
594 60 12 17 0.027626825 
503 52 20 25 0.027521284 
948 37 11 15 0.027497826 
445 48 10 12 0.027491458 
356 15 9 11 0.027449125 
207 43 12 14 0.027429732 
696 52 12 16 0.027381591 
628 46 13 15 0.027351482 
118 14 8 11 0.027305074 
227 74 14 17 0.027198656 
528 323 58 88 0.02714968 
518 124 33 46 0.026998192 
367 91 25 31 0.026868293 
533 23 10 11 0.026816119 
376 27 19 22 0.026813705 
287 1 8 9 0.02675559 
680 35 11 15 0.026720941 
382 59 13 17 0.026715495 
693 23 12 14 0.02669441 
717 23 11 15 0.026595633 
518 94 16 21 0.026536923 
310 319 52 65 0.026383448 
1011 40 13 22 0.026367294 
558 0 8 9 0.02626023 
286 181 42 56 0.026241992 
349 307 56 72 0.026239635 
256 41 19 23 0.026159944 
493 45 11 13 0.026108425 
594 0 9 10 0.026068216 
118 31 9 11 0.025937868 
646 40 12 14 0.02590926 
309 66 14 19 0.025891444 
368 109 25 34 0.025836026 
61 70 16 22 0.025711361 
998 202 26 42 0.025649145 
744 11 11 16 0.025641076 
0 136 43 60 0.025623523 
86 14 8 10 0.025553515 
445 53 12 16 0.025543153 
416 7 8 11 0.025438843 
313 292 55 68 0.025426384 
633 117 24 31 0.025414243 
341 61 12 16 0.025414115 
74 102 17 23 0.025353739 
504 38 10 12 0.025230603 
532 13 9 12 0.025133792 
6 39 9 12 0.025109716 
895 204 33 49 0.024995517 
653 34 12 15 0.024959331 
411 222 41 60 0.024948034 
809 20 12 15 0.024928266 
837 29 12 16 0.024925191 
337 383 57 76 0.024916926 
25 0 9 10 0.024853518 
333 49 13 17 0.024813088 
486 261 16 27 0.02460811 
56 38 10 12 0.02454911 
465 81 14 18 0.02450198 
96 24 9 10 0.024466394 
256 140 24 35 0.024334425 
65 9 8 10 0.024278233 
2 124 15 19 0.02424324 
401 129 27 37 0.024205951 
831 29 12 16 0.024203759 
749 115 22 30 0.024175366 
256 263 55 66 0.024167703 
667 0 11 11 0.024116362 
668 16 19 23 0.024087282 
677 15 9 12 0.02408484 
341 74 16 18 0.024029957 
731 52 13 17 0.023966793 
240 1 9 9 0.023940196 
455 22 10 13 0.023932131 
561 51 12 15 0.023924224 
332 118 38 48 0.02386473 
623 -4 21 22 0.023633976 
420 14 10 12 0.02359044 
346 159 27 31 0.023580765 
267 50 13 16 0.023515604 
963 77 22 32 0.023464046 
652 45 12 16 0.02344358 
454 47 11 13 0.0233969 
448 14 9 12 0.023337735 
749 31 16 20 0.023324175 
494 15 20 24 0.023248708 
180 327 103 111 0.023089936 
965 52 11 15 0.02306863 
307 109 13 18 0.02304176 
359 6 8 10 0.023019435 
313 25 18 23 0.022995178 
651 103 24 31 0.022977062 
495 2 18 23 0.022974737 
805 125 23 32 0.022933735 
19 55 13 16 0.022921322 
743 5 11 15 0.022898106 
991 16 23 29 0.022896359 
653 87 16 19 0.022843482 
773 97 15 18 0.022835843 
963 96 23 30 0.022783486 
41 30 10 13 0.0227558 
945 164 30 41 0.022725394 
463 45 11 14 0.02272305 
438 63 13 17 0.022674687 
6 31 9 11 0.022588212 
470 54 20 26 0.022548757 
204 60 13 16 0.02253021 
295 7 7 9 0.022516863 
406 50 11 15 0.022481687 
303 0 9 9 0.022396043 
647 13 13 16 0.022339456 
289 196 18 24 0.022320213 
177 22 9 11 0.022315606 
700 380 55 75 0.022274783 
321 16 8 11 0.022266105 
276 162 15 22 0.02224901 
566 109 25 30 0.022127308 
432 138 16 22 0.022126265 
312 179 33 43 0.022054745 
851 36 11 15 0.022011902 
887 19 12 17 0.021996569 
865 5 11 13 0.021955585 
415 1 8 9 0.021941409 
225 448 131 136 0.021938343 
104 8 8 9 0.021813188 
303 73 19 25 0.021799779 
591 28 10 13 0.021737553 
383 0 8 9 0.021566981 
80 0 9 9 0.021539709 
678 26 11 16 0.021496952 
470 3 19 22 0.021465924 
125 51 12 15 0.021418514 
942 58 15 20 0.021362342 
329 40 17 21 0.021348711 
365 340 42 50 0.021274736 
840 0 9 9 0.021266803 
621 38 11 14 0.021259522 
71 31 8 11 0.021253165 
573 6 10 11 0.02122767 
231 37 19 22 0.021192245 
435 139 30 37 0.02118163 
51 51 13 16 0.021160828 
201 1 8 9 0.021121698 
2 18 9 14 0.021058515 
581 20 11 14 0.021053368 
546 21 9 12 0.02103995 
184 1 17 23 0.02103479 
369 65 16 20 0.020883154 
938 86 15 22 0.020733075 
668 56 18 23 0.020701116 
208 123 25 29 0.020613156 
218 204 30 44 0.02054718 
768 48 15 19 0.020544339 
103 68 14 17 0.020518662 
649 138 15 20 0.020436246 
358 1 8 8 0.020371862 
462 437 57 59 0.020350331 
14 7 9 10 0.020346291 
167 0 9 9 0.020342814 
23 89 23 31 0.020288667 
19 34 18 23 0.020276237 
698 104 17 22 0.020137839 
581 92 15 18 0.020129288 
756 57 16 19 0.020100169 
