2_Demonstration_Demonstrators_2_188
180
373 456 94 121 0.9993937 
3 422 37 48 0.9987405 
219 347 53 58 0.99866295 
225 241 35 43 0.9982426 
188 287 36 45 0.998145 
875 364 32 42 0.99797267 
288 337 39 53 0.99178517 
483 384 39 50 0.9906097 
154 408 45 59 0.9892049 
779 1089 108 102 0.9603636 
852 224 23 26 0.82432044 
109 354 14 22 0.7354256 
957 381 14 19 0.6807752 
1007 366 15 17 0.67838264 
19 396 27 32 0.5896538 
391 339 34 41 0.4448268 
979 375 16 20 0.43752453 
79 479 80 81 0.43709528 
571 411 26 33 0.3185929 
304 273 27 44 0.30443874 
931 371 14 19 0.29521015 
941 405 23 28 0.28708366 
966 407 21 27 0.27582777 
922 519 22 27 0.21582527 
542 406 22 35 0.14769839 
890 332 14 17 0.12593982 
658 368 16 22 0.121439435 
917 370 16 19 0.10720628 
119 1152 393 488 0.106682666 
516 331 20 23 0.10566794 
96 203 40 56 0.10326916 
505 537 54 63 0.100955464 
47 382 23 27 0.0979494 
949 335 9 11 0.096037 
909 396 23 27 0.092427984 
952 408 23 27 0.092388704 
0 399 19 30 0.08424322 
382 355 32 37 0.07993781 
990 343 10 12 0.07405301 
911 327 10 13 0.072843924 
200 627 41 46 0.072829925 
751 348 41 54 0.07179421 
986 520 16 20 0.07109064 
137 261 39 52 0.06960888 
1012 334 9 11 0.06842323 
921 378 23 29 0.065657295 
12 348 17 22 0.062391873 
925 366 16 20 0.062035777 
731 338 42 56 0.05756315 
983 342 9 11 0.057162818 
965 332 10 12 0.057140198 
554 409 30 36 0.05445166 
924 389 24 29 0.054349594 
42 911 38 49 0.051913846 
357 356 22 26 0.05145078 
137 956 42 62 0.051257044 
961 328 9 11 0.050974652 
666 371 15 19 0.04908897 
1003 406 19 24 0.048229035 
947 389 25 29 0.046004035 
978 341 9 11 0.045488782 
0 396 15 18 0.044718925 
679 342 49 61 0.044653714 
630 372 10 13 0.04464548 
1002 472 21 30 0.042254787 
1010 373 14 20 0.041767906 
821 242 12 14 0.041318372 
773 354 31 33 0.041167337 
164 291 28 38 0.040894095 
956 349 11 14 0.040350452 
901 332 11 15 0.039988026 
987 381 16 20 0.038991522 
637 372 15 17 0.038763426 
926 335 9 10 0.038557846 
944 338 10 14 0.03763997 
817 272 41 53 0.037376918 
978 710 49 78 0.036864188 
91 136 26 34 0.035947587 
361 364 23 28 0.03526918 
913 450 26 32 0.03484211 
750 301 11 15 0.034711502 
774 360 44 53 0.034675527 
475 531 52 69 0.03451554 
658 355 47 60 0.03410681 
942 326 8 10 0.0335061 
935 392 25 30 0.033430863 
917 332 10 11 0.03339682 
30 405 18 23 0.033330385 
986 373 12 17 0.03214972 
457 504 91 105 0.03193671 
1004 432 18 23 0.031522125 
1014 346 10 13 0.031174662 
38 425 26 37 0.031089371 
982 335 8 12 0.031063516 
266 336 44 56 0.030497521 
679 334 30 48 0.030381355 
417 257 15 21 0.03020619 
75 951 12 16 0.030179845 
1002 496 18 23 0.029743314 
1001 371 11 15 0.029697815 
112 348 23 31 0.029610727 
706 342 51 60 0.0295954 
806 1065 72 83 0.029594509 
902 399 18 24 0.029499551 
1010 360 13 17 0.029217595 
507 334 31 33 0.028867012 
936 324 9 11 0.028836887 
13 408 39 51 0.028529072 
58 922 16 20 0.028510759 
108 202 13 18 0.028361814 
866 1138 112 123 0.028293464 
1012 339 10 15 0.028109094 
611 400 19 23 0.028044932 
106 144 15 19 0.027767096 
523 326 15 19 0.02766483 
757 301 11 15 0.027663656 
0 366 11 16 0.027608559 
999 503 15 20 0.02760075 
815 1112 112 127 0.027594008 
936 416 23 30 0.027474627 
107 150 24 36 0.027431577 
0 926 10 14 0.027356852 
892 327 21 25 0.027347717 
975 334 10 12 0.027312899 
624 369 25 29 0.027046632 
957 384 23 28 0.026957477 
909 321 10 11 0.026946397 
974 315 11 13 0.02684564 
407 344 20 25 0.026702391 
499 505 59 61 0.026437705 
609 367 45 52 0.026405452 
138 345 24 34 0.026371889 
987 577 24 32 0.02631715 
667 345 30 44 0.026289698 
321 1197 107 129 0.02606402 
36 390 26 33 0.026050176 
86 386 14 18 0.025990749 
349 184 13 16 0.025831861 
932 432 18 23 0.02572663 
927 327 8 10 0.025596485 
807 1109 37 39 0.025325915 
932 372 22 27 0.02531404 
361 359 44 51 0.025259797 
68 951 23 31 0.02519845 
291 280 31 41 0.025190823 
950 340 10 12 0.025170136 
317 184 11 13 0.025062002 
141 244 40 49 0.02471542 
619 394 16 19 0.024390504 
36 922 27 38 0.024132472 
17 373 24 30 0.023861129 
961 372 15 19 0.023838835 
722 272 14 18 0.023715023 
109 317 41 53 0.023663042 
738 360 224 219 0.023592956 
848 226 15 20 0.023545286 
947 721 56 66 0.022892175 
192 278 27 33 0.022667177 
950 328 9 12 0.022655802 
641 374 15 20 0.02205813 
53 371 23 31 0.021996347 
952 355 12 15 0.021706449 
834 354 14 17 0.02150942 
929 481 17 21 0.021505026 
156 275 27 39 0.02119295 
957 344 9 10 0.021189794 
574 419 40 49 0.021053547 
87 330 38 50 0.021018067 
640 368 11 13 0.021011455 
996 379 12 16 0.020853652 
906 325 10 13 0.020836156 
990 584 14 19 0.020777866 
118 195 30 43 0.020701021 
956 365 13 16 0.020544915 
111 966 25 38 0.020491885 
110 342 41 53 0.020490564 
998 1101 24 62 0.020281704 
402 339 18 22 0.020266304 
603 381 58 67 0.020208227 
126 295 42 52 0.020182028 
