2_Demonstration_Demonstration_Or_Protest_2_665
87
471 438 220 306 0.9998512 
387 560 104 149 0.99525934 
795 563 67 106 0.9852572 
769 468 16 21 0.93884206 
846 492 48 100 0.9135897 
712 585 55 78 0.7462806 
165 385 29 60 0.73926854 
329 575 39 52 0.7248732 
157 426 59 88 0.47454026 
158 394 46 75 0.40780184 
664 995 13 20 0.2889512 
700 1080 24 32 0.24790423 
796 514 17 23 0.15869486 
180 457 35 55 0.14442816 
686 993 15 21 0.114066385 
408 500 172 241 0.10818339 
517 1277 19 19 0.10018507 
678 560 85 123 0.089422174 
656 1101 13 15 0.088208415 
667 999 20 25 0.087007575 
260 417 24 32 0.0860123 
564 1116 17 21 0.08232481 
818 538 57 102 0.07295669 
677 1278 15 16 0.05798947 
628 1192 41 52 0.05739567 
881 498 86 119 0.055610616 
546 1128 16 18 0.055474564 
296 604 31 48 0.05487094 
275 427 13 18 0.0496266 
919 490 79 115 0.04871848 
185 396 45 66 0.047663335 
692 991 11 16 0.046926804 
104 135 120 124 0.04521451 
339 628 38 46 0.045062028 
831 485 9 13 0.04496569 
589 1108 15 21 0.04296383 
738 984 15 20 0.040031616 
795 497 21 29 0.03687897 
674 1005 18 21 0.03628588 
772 536 22 28 0.03617898 
497 369 24 33 0.035079457 
333 604 35 50 0.03493678 
316 588 39 52 0.033654314 
719 514 13 16 0.033119496 
716 976 14 19 0.032062385 
669 1102 13 14 0.03205456 
526 1141 16 17 0.031926155 
352 572 87 108 0.031387314 
739 1022 16 21 0.031103812 
783 496 35 48 0.030280478 
840 503 35 61 0.030221015 
708 1278 16 18 0.02985405 
780 532 15 17 0.029732289 
716 523 12 17 0.029403413 
684 1073 23 29 0.029091874 
93 39 185 227 0.028896175 
710 1241 11 14 0.028887969 
669 1073 14 16 0.028419942 
619 1093 13 18 0.027985299 
319 571 76 95 0.027953804 
130 156 73 69 0.027741248 
896 1102 34 46 0.027205026 
598 1009 14 23 0.026154425 
850 608 31 48 0.026017506 
924 798 102 162 0.02549117 
727 1013 9 12 0.02491828 
784 518 25 31 0.024554148 
709 527 15 18 0.024505572 
908 540 70 87 0.024366694 
972 846 49 105 0.024298115 
682 1071 39 49 0.02424354 
978 1108 26 37 0.023822386 
497 986 35 47 0.023231952 
800 521 21 32 0.022885785 
730 514 15 17 0.02244227 
678 998 20 24 0.022439567 
505 1234 17 20 0.022334872 
789 526 15 19 0.022203594 
186 446 57 75 0.022193935 
655 1097 21 24 0.021854118 
667 1066 23 27 0.02176676 
507 1159 25 29 0.021251114 
460 1268 27 29 0.021201024 
733 474 13 18 0.02059982 
742 509 11 14 0.02041342 
267 430 15 21 0.020268647 
724 511 12 14 0.020100402 
