2_Demonstration_Demonstrators_2_290
125
728 503 55 68 0.99896705 
508 563 89 106 0.9989641 
697 167 68 89 0.99653566 
174 365 77 89 0.99198043 
862 465 49 67 0.99023587 
411 152 79 98 0.98490477 
380 506 16 21 0.9653283 
456 502 27 37 0.9604077 
633 473 48 57 0.95765895 
411 506 16 21 0.8222739 
16 488 27 34 0.80438423 
935 444 22 28 0.73214924 
360 508 13 15 0.6103026 
481 493 17 21 0.5076821 
19 444 11 13 0.34634167 
998 477 25 47 0.22340333 
285 452 33 36 0.2049962 
4 468 41 60 0.17266151 
293 393 11 14 0.15512861 
273 384 14 18 0.13898957 
406 500 14 20 0.1198184 
514 501 10 13 0.11954242 
406 495 10 13 0.10960868 
924 449 24 32 0.10652674 
291 410 17 21 0.09148599 
887 462 24 40 0.08972105 
288 388 13 16 0.08257155 
892 462 16 23 0.078207076 
570 505 14 18 0.06689154 
32 632 12 17 0.0648882 
843 451 27 37 0.06014425 
926 427 39 47 0.05898472 
380 558 15 18 0.05892661 
408 581 35 44 0.05892634 
542 503 9 12 0.058614556 
470 490 26 32 0.058312666 
499 510 12 15 0.055534728 
943 530 35 41 0.05536134 
538 501 10 12 0.05504206 
841 448 49 62 0.053485535 
466 511 28 34 0.052661754 
973 450 13 18 0.051554285 
330 497 21 30 0.049701285 
452 509 20 27 0.048343908 
656 549 43 55 0.047805104 
689 492 43 58 0.047513574 
984 444 10 14 0.046840128 
1003 456 21 36 0.046555124 
424 493 10 13 0.04601621 
578 359 31 36 0.042276107 
431 584 22 32 0.041220084 
994 353 25 38 0.04107495 
538 495 9 11 0.040669825 
1010 450 14 24 0.040441018 
952 443 24 29 0.040389013 
516 506 11 13 0.04009248 
57 530 17 23 0.040036727 
352 507 11 15 0.039153982 
13 439 18 23 0.0384333 
375 503 16 19 0.038425792 
490 494 11 14 0.038312864 
663 172 41 68 0.03733248 
963 447 16 20 0.037253637 
374 374 12 15 0.03699741 
357 505 20 25 0.03677136 
376 169 41 62 0.035938207 
53 498 16 21 0.035641354 
851 476 40 49 0.035347007 
611 513 15 20 0.035269056 
915 455 27 37 0.03496815 
494 507 12 16 0.034765754 
714 673 48 53 0.03475882 
379 559 23 32 0.034743935 
481 522 16 20 0.034322623 
400 498 14 18 0.034210913 
257 376 15 20 0.033927146 
925 445 13 18 0.033836704 
360 492 11 13 0.033791516 
364 494 10 13 0.033368405 
40 679 9 12 0.033231907 
55 524 13 17 0.033199415 
339 505 13 19 0.03141523 
660 377 15 17 0.030922232 
754 488 29 37 0.030916274 
404 602 32 39 0.03006614 
676 506 47 58 0.029984856 
331 379 11 16 0.029790523 
467 573 12 14 0.029581906 
469 149 46 72 0.029434146 
916 456 43 56 0.029180454 
288 422 24 31 0.027482798 
446 586 25 28 0.026989622 
271 391 13 17 0.026571691 
983 436 12 16 0.0265484 
419 502 13 19 0.026104776 
406 556 12 16 0.026030675 
685 158 53 77 0.025965462 
813 488 39 54 0.02593116 
277 454 25 39 0.025784485 
440 596 25 33 0.025134336 
275 411 11 16 0.025131214 
393 157 51 74 0.02484025 
604 502 24 35 0.02478548 
811 597 23 30 0.024748659 
118 313 14 21 0.024548994 
836 483 32 48 0.024339803 
562 140 24 29 0.024235934 
904 456 22 36 0.024045384 
459 587 17 20 0.023341868 
31 623 21 30 0.023284556 
563 509 18 20 0.02324147 
79 701 11 12 0.02299281 
360 502 41 50 0.022736471 
550 502 12 14 0.022544315 
980 451 12 17 0.022221766 
778 498 31 45 0.022008026 
470 492 15 20 0.021848287 
501 521 13 19 0.021695375 
451 501 17 22 0.021038216 
331 710 29 38 0.020882636 
999 439 21 33 0.02087384 
938 454 27 34 0.020861724 
395 116 58 78 0.020701975 
247 371 27 35 0.020501181 
412 493 13 15 0.020266393 
