2_Demonstration_Protesters_2_738
74
241 869 126 154 0.9998945 
731 1016 115 153 0.99987435 
464 99 107 125 0.99918586 
776 181 59 90 0.99864167 
308 57 57 68 0.99794143 
928 1028 93 195 0.99708945 
217 24 81 107 0.99560624 
0 1214 114 215 0.993256 
814 78 39 49 0.9755241 
678 687 31 41 0.8596238 
494 1028 102 97 0.5518295 
577 690 29 29 0.367812 
29 729 34 40 0.267542 
689 1 25 29 0.20692256 
270 402 26 33 0.1451549 
988 6 33 43 0.122232325 
805 832 93 121 0.11119111 
1005 738 11 14 0.102370545 
152 119 16 21 0.09809345 
596 900 17 21 0.0739705 
947 725 14 19 0.07243302 
683 552 25 31 0.061526515 
0 726 21 39 0.060512524 
948 805 89 129 0.059960764 
804 76 18 22 0.057640474 
165 103 21 28 0.054861385 
4 720 38 50 0.05190126 
807 74 28 34 0.04376671 
320 657 105 140 0.0422193 
0 734 12 25 0.04177796 
724 702 16 21 0.041582987 
730 58 23 33 0.03998324 
867 159 55 78 0.038727198 
121 717 36 59 0.034132227 
568 111 23 42 0.034002 
122 131 22 29 0.03371094 
763 162 55 83 0.032878388 
942 728 22 27 0.03254717 
391 399 22 30 0.031632226 
124 113 15 20 0.031368807 
691 690 29 37 0.030579548 
96 147 14 18 0.030113025 
156 106 23 31 0.029538905 
50 734 16 27 0.029063456 
264 25 85 96 0.028997678 
287 703 44 69 0.028501067 
446 702 384 487 0.028332613 
611 529 394 454 0.028094683 
317 716 12 17 0.02765572 
999 736 21 29 0.027535118 
379 241 39 47 0.026888926 
134 127 21 30 0.026634155 
95 117 14 17 0.026192848 
118 117 24 31 0.02562234 
92 139 23 30 0.025594072 
1011 739 11 17 0.025575798 
986 777 32 39 0.024554744 
670 704 15 21 0.024229405 
951 379 76 151 0.024225077 
633 757 11 13 0.024204986 
320 15 25 30 0.024106761 
171 805 67 81 0.023964914 
708 697 26 31 0.023705006 
583 701 21 23 0.022672974 
572 699 31 38 0.022615245 
686 736 15 18 0.022341883 
957 732 12 16 0.022329427 
942 719 13 16 0.022305308 
281 592 193 260 0.021692956 
302 707 25 45 0.021665387 
166 468 332 435 0.021617962 
840 180 52 79 0.021215271 
998 748 26 34 0.021195037 
41 162 18 25 0.020745317 
