2_Demonstration_Demonstration_Or_Protest_2_76
32
160 316 116 148 0.99978596 
20 362 115 139 0.9997836 
571 236 103 141 0.9985468 
702 215 107 148 0.9971535 
330 387 77 107 0.9264996 
548 353 26 35 0.3746637 
616 213 115 167 0.30157918 
521 198 61 76 0.27406603 
582 161 30 38 0.19631979 
532 332 50 76 0.155519 
530 268 104 137 0.10864087 
593 149 17 19 0.08663848 
544 212 92 125 0.07129529 
536 219 61 88 0.063328795 
0 207 46 76 0.062320948 
302 442 36 48 0.06009904 
427 87 17 20 0.059558883 
446 341 40 63 0.039535854 
228 177 16 19 0.037918434 
495 281 93 126 0.034135513 
2 235 31 45 0.030398702 
147 81 55 68 0.029147567 
426 155 18 21 0.028002087 
562 363 34 50 0.027879283 
276 198 15 19 0.027081775 
572 167 32 48 0.026636723 
122 61 58 76 0.0247867 
129 57 34 48 0.024561387 
-8 159 68 129 0.023635045 
277 188 14 19 0.02093806 
286 541 35 30 0.020686064 
48 120 102 149 0.020424856 
