2_Demonstration_Demonstration_Or_Protest_2_200
288
276 217 38 47 0.9975435 
808 489 59 61 0.9961278 
85 129 31 42 0.9946918 
71 265 40 50 0.9935992 
285 169 24 31 0.98583835 
388 224 22 31 0.9833429 
851 323 40 49 0.9808383 
176 220 34 44 0.9798585 
792 383 42 53 0.9773812 
226 190 26 34 0.96874946 
13 364 39 52 0.96416193 
883 164 27 34 0.9333589 
356 156 21 28 0.9194448 
22 71 14 18 0.86885434 
942 303 39 46 0.86487603 
275 67 12 15 0.86253184 
399 47 14 19 0.83229154 
365 113 14 16 0.8196281 
895 299 33 40 0.74451655 
310 97 14 17 0.72935003 
315 371 42 50 0.71806806 
461 10 14 17 0.69739735 
395 167 22 28 0.65917873 
905 117 18 23 0.6170012 
357 27 10 13 0.6046012 
949 180 34 37 0.5545821 
351 123 13 17 0.54931647 
526 165 31 40 0.53753823 
407 140 15 18 0.53346634 
118 258 23 32 0.5173172 
842 135 21 23 0.4926166 
903 0 16 17 0.4853647 
666 381 46 67 0.39652774 
91 29 12 17 0.3947536 
999 79 22 35 0.3923966 
681 36 17 21 0.36878106 
0 315 23 40 0.30463412 
306 362 36 43 0.29758802 
36 138 13 17 0.25789195 
288 82 14 18 0.21520834 
674 373 29 48 0.20296338 
672 58 35 38 0.20203903 
884 191 16 18 0.17938319 
16 128 17 21 0.17531331 
931 77 15 18 0.17287675 
508 164 35 38 0.16530135 
548 352 21 30 0.1535362 
909 152 14 20 0.15257631 
902 289 30 34 0.14154853 
356 115 17 22 0.14010678 
883 303 32 42 0.14003305 
362 146 16 23 0.13769343 
945 10 10 13 0.13718225 
501 5 11 15 0.12839043 
345 178 25 32 0.125608 
44 114 21 32 0.121473216 
316 322 17 21 0.12024945 
529 86 10 14 0.11726176 
353 1 10 11 0.11395861 
407 486 54 51 0.10983589 
2 90 14 20 0.10886436 
977 28 10 13 0.10881881 
956 325 33 42 0.10194692 
844 192 24 30 0.09814811 
303 360 25 29 0.096442506 
349 168 24 30 0.086996466 
394 147 21 30 0.086085595 
54 256 25 34 0.08478368 
545 176 15 22 0.08273151 
341 311 18 23 0.07832287 
363 184 23 32 0.07805757 
1 86 10 16 0.076483846 
316 171 15 19 0.07611892 
300 171 24 30 0.07448015 
760 72 8 10 0.073767506 
525 115 12 16 0.07348623 
758 84 10 14 0.07167827 
312 172 23 30 0.071346 
488 39 11 13 0.07125379 
405 390 11 13 0.070748694 
799 12 15 18 0.07065101 
864 309 40 51 0.07062615 
77 91 14 19 0.07026058 
14 23 8 10 0.06935395 
813 0 9 10 0.06691916 
460 342 13 17 0.06678768 
35 145 14 20 0.06588322 
70 36 9 12 0.064861365 
681 374 18 25 0.062355116 
29 39 8 11 0.06142557 
210 188 14 19 0.060660448 
477 28 11 13 0.05993543 
692 3 16 19 0.056684136 
938 76 14 16 0.056074165 
357 173 24 31 0.05601027 
768 332 40 46 0.055980857 
92 1 15 12 0.055834927 
341 199 31 39 0.055497143 
63 53 11 15 0.054144785 
724 480 44 62 0.05326444 
197 185 14 18 0.052481174 
31 45 9 11 0.051659 
24 127 21 29 0.050411172 
919 391 40 53 0.049333565 
379 150 25 36 0.048710503 
875 27 12 15 0.048019763 
99 1 15 15 0.04777408 
1 208 12 23 0.04651808 
898 144 24 30 0.046144743 
65 260 32 39 0.045410104 
855 35 13 16 0.04511525 
849 65 16 20 0.045064654 
912 115 22 29 0.044665363 
339 186 26 37 0.04445948 
713 20 10 12 0.044358388 
766 0 12 12 0.044011146 
11 248 26 40 0.043871563 
154 204 12 16 0.043543685 
84 391 14 19 0.042189293 
803 321 40 48 0.041966435 
758 76 10 14 0.0412808 
367 131 12 17 0.041099355 
517 98 26 38 0.040782444 
989 251 12 14 0.040479355 
85 20 15 19 0.03984018 
366 158 24 34 0.039649498 
157 246 11 15 0.039535083 
11 93 13 18 0.0386548 
366 145 20 33 0.038430937 
32 380 37 39 0.03831665 
386 209 25 33 0.038163535 
63 254 15 18 0.03765143 
803 4 12 14 0.037617724 
892 148 16 19 0.03715314 
524 86 22 31 0.03665257 
347 207 16 22 0.036391824 
22 23 9 11 0.03628368 
875 6 15 16 0.035989374 
372 273 25 31 0.035964422 
2 327 15 23 0.03557606 
399 139 15 20 0.035169106 
60 249 24 29 0.035119455 
80 29 11 14 0.034792986 
83 11 16 17 0.034711845 
48 127 23 37 0.034643542 
295 356 73 90 0.034549203 
262 76 8 12 0.0344931 
356 184 16 22 0.033877403 
911 48 10 12 0.033862438 
652 43 49 63 0.03377639 
40 126 21 32 0.03356158 
123 253 18 22 0.03349851 
392 501 101 101 0.032944784 
214 236 10 15 0.032815896 
886 156 15 17 0.032661486 
788 332 40 48 0.032313466 
319 79 10 12 0.032238163 
318 85 10 12 0.032179765 
127 255 26 34 0.031628318 
67 125 37 51 0.031608447 
62 1 9 9 0.03096192 
6 127 23 31 0.03075304 
691 42 13 17 0.030705262 
573 60 11 14 0.03065482 
544 11 44 59 0.030596787 
53 139 26 37 0.030574562 
140 0 13 10 0.0301708 
432 13 10 14 0.03015179 
392 21 9 12 0.030019296 
48 13 9 11 0.0299296 
911 290 19 21 0.029917533 
1 15 8 12 0.029739613 
567 55 11 12 0.029602617 
715 14 11 13 0.029386917 
680 354 45 59 0.029252946 
106 1 14 14 0.029196393 
373 193 25 32 0.02902952 
353 23 12 14 0.028827854 
189 184 15 19 0.02876902 
540 70 14 17 0.028537313 
314 355 18 23 0.028512964 
451 226 13 18 0.028286366 
359 111 13 16 0.028209457 
0 91 21 32 0.027998073 
236 142 15 19 0.02786684 
453 342 23 29 0.027798938 
907 7 14 17 0.027796108 
788 9 15 17 0.027622798 
862 187 12 17 0.027275579 
868 58 13 17 0.027150512 
1005 284 16 19 0.026955033 
539 343 43 53 0.026745504 
657 335 48 61 0.026675044 
892 299 18 23 0.026655855 
568 60 11 13 0.026377583 
447 356 10 14 0.026307272 
94 200 27 38 0.026256312 
816 11 11 15 0.02621494 
974 304 26 38 0.02619062 
467 339 16 19 0.026122278 
561 0 15 14 0.026117103 
665 366 29 41 0.026071496 
863 58 12 17 0.026043689 
806 0 13 11 0.02601965 
73 96 13 17 0.025992638 
902 128 27 33 0.025921917 
300 87 18 24 0.025921082 
789 83 14 18 0.025896939 
1007 24 15 22 0.025893861 
388 146 15 23 0.025880707 
325 172 24 32 0.025839165 
923 77 10 14 0.025756042 
585 329 47 60 0.025644947 
915 306 27 33 0.025358897 
77 383 23 32 0.025268644 
789 76 13 17 0.025165949 
617 387 51 65 0.024942284 
850 186 17 22 0.024931384 
41 31 9 12 0.02484092 
988 177 15 18 0.02473652 
371 177 17 21 0.024680411 
928 237 39 46 0.024647608 
584 54 9 12 0.02454364 
713 37 11 17 0.024459884 
309 170 15 20 0.024422467 
946 166 54 63 0.024347298 
6 16 9 11 0.024319552 
198 177 22 29 0.024253383 
884 6 14 15 0.02422126 
56 7 9 12 0.024195263 
392 28 10 14 0.024075273 
901 291 18 20 0.023985082 
359 139 14 19 0.023958042 
392 84 11 15 0.023955112 
364 130 21 27 0.023829453 
319 55 8 10 0.023664042 
753 84 11 16 0.02339228 
682 45 28 37 0.023149926 
858 3 12 15 0.022968618 
698 352 43 55 0.022876 
543 341 12 15 0.022813827 
173 135 31 42 0.022740657 
576 18 12 14 0.022668092 
45 259 23 34 0.022638539 
477 34 11 14 0.022522004 
743 367 37 48 0.021980064 
210 199 26 35 0.021936765 
471 21 20 25 0.02193575 
901 110 16 22 0.021882387 
150 247 15 21 0.021851024 
398 125 9 13 0.021611454 
261 207 26 34 0.021598373 
846 61 13 16 0.021577137 
23 28 9 11 0.021575969 
1008 84 15 25 0.021457678 
397 464 50 51 0.021450678 
351 206 31 37 0.02126839 
318 8 9 11 0.021255642 
26 357 39 47 0.021248974 
400 40 12 17 0.021242706 
666 308 47 61 0.021230219 
169 189 17 19 0.02099464 
974 11 12 17 0.02098779 
59 49 21 29 0.020838292 
1 80 9 14 0.020830385 
820 7 11 14 0.020821711 
389 132 11 15 0.020776799 
-1 32 7 10 0.020767037 
114 273 20 30 0.020688321 
506 4 13 16 0.020668117 
894 201 15 20 0.020617096 
795 352 46 55 0.020616755 
356 349 24 36 0.02059548 
381 145 15 22 0.020576157 
878 50 14 16 0.020548787 
395 205 16 20 0.020450976 
392 340 11 14 0.020358793 
444 11 13 17 0.020352518 
474 338 15 17 0.020317875 
46 74 13 17 0.02030183 
815 4 11 14 0.020280035 
921 70 22 29 0.02021647 
-1 45 7 13 0.020195201 
754 348 41 49 0.020194793 
913 109 16 21 0.0200864 
250 247 27 32 0.020071227 
38 47 9 12 0.020035844 
926 313 13 19 0.020012576 
