2_Demonstration_Protesters_2_54
257
21 211 22 27 0.99020326 
418 101 16 22 0.987219 
333 66 16 18 0.9861649 
521 68 16 21 0.9846811 
314 144 17 20 0.97919744 
296 86 13 18 0.9621332 
172 162 17 22 0.95905614 
150 208 21 24 0.9399981 
16 162 20 23 0.92698365 
808 106 17 20 0.9221754 
392 74 14 19 0.91135496 
679 126 17 21 0.91035616 
601 143 16 19 0.90710855 
440 135 16 22 0.8497282 
526 139 17 20 0.84964395 
548 58 15 17 0.81610096 
227 166 18 20 0.7916059 
873 139 13 18 0.78199565 
411 269 22 27 0.70393175 
364 78 13 16 0.61825424 
86 59 9 12 0.61657953 
279 54 9 11 0.52802175 
687 163 16 18 0.4829994 
73 99 12 15 0.4659337 
173 51 8 11 0.46038926 
328 108 12 15 0.3426098 
781 142 10 13 0.24099402 
103 86 10 12 0.22687256 
457 164 18 21 0.21734509 
207 105 14 18 0.21171212 
405 271 18 21 0.20679137 
372 149 11 14 0.19146797 
948 53 11 15 0.18920746 
348 106 11 14 0.16341962 
146 55 9 11 0.1562624 
347 226 23 30 0.154685 
823 139 12 17 0.14736278 
524 146 20 25 0.14697373 
278 77 12 15 0.13767974 
632 182 11 16 0.13130574 
145 60 9 10 0.10568785 
590 106 12 15 0.10470046 
94 78 11 14 0.10324482 
144 168 17 21 0.10273617 
48 73 11 15 0.09939369 
250 143 17 20 0.09927661 
132 124 11 14 0.08997126 
429 224 14 18 0.08901255 
646 138 13 17 0.088868 
459 316 17 20 0.08626967 
432 141 21 26 0.08191966 
159 65 8 9 0.079598345 
2 395 10 17 0.079137005 
620 163 15 19 0.06890445 
327 30 10 11 0.06870607 
287 29 9 11 0.06677443 
269 189 12 15 0.066519074 
312 30 10 11 0.06644781 
264 28 11 13 0.06512533 
784 137 9 12 0.06459024 
426 267 14 19 0.06394667 
107 87 11 13 0.063820146 
15 293 12 14 0.061166782 
279 28 10 11 0.06111991 
818 99 16 21 0.059046075 
80 83 12 14 0.05829124 
671 14 13 17 0.05814196 
798 117 12 16 0.05714776 
300 61 10 11 0.057026546 
100 79 10 14 0.05627976 
418 259 18 24 0.056269966 
502 111 12 15 0.055522017 
32 133 11 15 0.054744825 
221 156 17 22 0.054641172 
712 184 10 12 0.052702192 
540 141 12 16 0.051060878 
604 113 13 16 0.05054075 
381 56 14 17 0.05035722 
397 268 17 22 0.049814373 
828 97 15 19 0.049686886 
61 227 11 14 0.049008187 
150 61 9 10 0.048857268 
543 90 11 14 0.047957562 
331 101 14 18 0.047232177 
83 55 9 12 0.04706506 
350 44 13 14 0.04706136 
230 117 10 13 0.046921406 
301 56 9 10 0.04653165 
87 67 11 13 0.04440757 
538 120 14 17 0.04386776 
96 189 9 13 0.043799195 
59 91 13 17 0.04358692 
79 77 10 14 0.043209676 
284 258 11 14 0.043205388 
274 77 9 13 0.04318349 
317 30 10 11 0.043150775 
543 146 13 20 0.04291525 
292 30 10 11 0.04290156 
153 160 22 29 0.04259276 
262 85 10 13 0.042584088 
75 104 13 17 0.042211533 
191 125 10 13 0.04178439 
84 81 15 18 0.041609477 
403 125 22 28 0.0414328 
854 107 11 13 0.04107292 
457 302 9 12 0.040647 
369 76 16 18 0.039960254 
269 34 12 15 0.039614376 
316 23 9 11 0.03957077 
206 95 10 13 0.03948576 
273 61 9 12 0.03907527 
1001 71 8 9 0.038688675 
806 183 11 13 0.038518187 
59 300 11 16 0.038450245 
272 132 12 16 0.038412735 
303 35 11 13 0.038407594 
783 173 12 14 0.038388316 
186 189 18 22 0.038254194 
651 143 15 18 0.03824129 
277 36 12 13 0.038226962 
754 184 15 17 0.038040206 
134 130 11 13 0.037966795 
492 122 11 16 0.037920214 
90 59 11 14 0.037810225 
145 69 8 11 0.03772084 
326 34 10 12 0.037408706 
270 84 10 14 0.037378494 
283 77 12 15 0.037270676 
788 133 10 14 0.03705471 
71 87 20 26 0.03691861 
182 69 8 11 0.036273662 
262 53 9 12 0.036081903 
444 334 14 16 0.035782564 
547 141 10 14 0.035699893 
272 123 10 14 0.03555301 
597 133 16 21 0.035316516 
319 35 10 12 0.035206173 
820 166 9 11 0.034860924 
488 174 12 14 0.03482071 
322 176 16 19 0.033745717 
150 69 9 11 0.03324521 
92 90 13 16 0.03323893 
840 211 11 15 0.03316856 
309 242 15 16 0.03309202 
329 22 9 11 0.033033844 
262 108 13 15 0.032987013 
56 86 9 13 0.03287214 
554 98 16 20 0.032272328 
563 178 13 17 0.031779855 
363 85 15 19 0.031763274 
268 24 12 12 0.031691257 
262 180 14 17 0.03152089 
269 92 10 13 0.031431504 
549 91 11 15 0.031418484 
286 122 15 18 0.031338993 
459 329 14 16 0.03047716 
201 87 10 11 0.03046768 
854 224 13 16 0.030264374 
850 218 24 31 0.030044874 
339 238 16 20 0.029850775 
293 181 20 25 0.029759185 
946 82 15 19 0.029751394 
941 48 20 25 0.029688032 
667 115 24 29 0.029559214 
284 54 9 11 0.029530719 
660 108 15 19 0.029327137 
597 110 12 14 0.029274814 
609 138 15 20 0.029248688 
467 308 15 18 0.029237933 
430 343 10 12 0.029172363 
143 210 19 21 0.029053086 
275 73 19 24 0.0289425 
614 123 14 18 0.028771779 
448 137 14 20 0.028716113 
246 122 13 17 0.028621513 
343 123 12 15 0.028490704 
128 118 12 16 0.028244868 
396 170 14 18 0.028242381 
655 112 13 17 0.028212724 
716 188 11 12 0.028055472 
320 61 10 13 0.027975203 
82 56 19 23 0.027840229 
174 59 9 11 0.027792808 
629 172 11 17 0.027384797 
88 74 20 23 0.027286384 
343 101 12 18 0.027252084 
321 106 12 16 0.027249796 
854 233 26 33 0.0271282 
73 76 11 13 0.027046205 
420 252 13 17 0.026868496 
330 145 15 19 0.026539955 
423 223 24 30 0.026339183 
297 55 9 11 0.026313905 
287 36 11 13 0.026273767 
414 176 15 19 0.026222833 
287 69 9 12 0.02612805 
47 103 10 12 0.026099348 
93 71 10 13 0.026050257 
874 125 16 18 0.026019253 
271 48 9 11 0.025710069 
270 116 11 16 0.025698606 
183 133 8 11 0.025623245 
318 89 12 15 0.02535646 
182 65 8 9 0.02501703 
269 146 13 18 0.024801126 
262 193 15 18 0.024801003 
941 88 15 19 0.02459672 
46 55 9 11 0.024397472 
429 360 13 16 0.024366943 
341 330 13 17 0.024263836 
293 23 9 11 0.024155775 
305 23 8 10 0.02405015 
60 86 11 14 0.023888506 
177 71 9 11 0.02379087 
231 124 13 15 0.023640532 
334 37 10 12 0.0235442 
246 49 12 15 0.023471799 
168 60 9 11 0.02336086 
294 36 9 12 0.023037672 
748 239 11 13 0.022945257 
599 125 13 16 0.022760313 
153 268 14 16 0.02271746 
257 138 17 21 0.022556681 
560 131 11 15 0.022470877 
70 84 13 16 0.022237396 
991 55 9 11 0.022095865 
262 33 13 15 0.021924807 
213 70 11 12 0.02171415 
176 77 9 11 0.021606663 
813 96 13 16 0.02157916 
146 50 9 11 0.021498483 
342 38 12 14 0.021458432 
546 86 21 26 0.021425366 
452 332 16 17 0.021389341 
882 132 13 17 0.021256091 
470 299 12 14 0.021203203 
286 62 9 12 0.021186633 
751 174 11 13 0.02117272 
941 77 15 18 0.021143917 
190 109 9 14 0.021097867 
235 60 12 13 0.020972572 
840 151 9 12 0.020925198 
264 62 8 11 0.02092256 
866 139 13 16 0.020892369 
404 177 13 17 0.020864056 
10 149 25 31 0.020846719 
860 101 10 13 0.020805025 
261 234 14 17 0.020725798 
678 301 9 13 0.020572398 
860 94 10 13 0.020452097 
275 187 13 18 0.020441765 
359 71 11 16 0.020407146 
343 116 11 15 0.020127885 
574 117 13 14 0.020090245 
256 81 8 10 0.020087995 
780 153 14 17 0.020054352 
454 308 14 16 0.020001587 
