2_Demonstration_Protesters_2_646
82
653 218 76 91 0.9978017 
334 183 23 32 0.9977162 
342 256 108 133 0.9976555 
474 213 78 100 0.9853799 
592 178 21 29 0.9851127 
226 190 52 67 0.9814587 
979 222 40 55 0.96511966 
389 179 18 24 0.92644733 
815 344 68 86 0.8200082 
568 218 36 55 0.8183974 
283 175 15 19 0.753116 
452 164 50 64 0.51409334 
88 187 23 29 0.48288843 
118 173 33 38 0.3816018 
190 186 18 22 0.3696339 
511 124 33 38 0.2525572 
90 198 24 32 0.21997774 
313 361 27 34 0.18836397 
19 79 42 57 0.18029584 
4 198 28 37 0.16563219 
743 194 14 18 0.102919154 
374 184 13 18 0.08837158 
545 195 46 63 0.08824942 
2 72 30 44 0.070656046 
103 179 25 31 0.060295563 
781 312 108 136 0.05771195 
456 134 51 62 0.055957634 
94 138 22 29 0.05306161 
358 195 14 21 0.052789636 
454 188 57 78 0.04527612 
740 192 24 30 0.04434666 
388 203 17 21 0.044294883 
248 170 28 31 0.044283435 
41 85 34 48 0.04393474 
517 214 59 76 0.0426636 
481 126 49 56 0.042218745 
566 1 43 50 0.041126054 
232 279 31 32 0.04095641 
438 182 11 15 0.040007267 
269 171 23 29 0.039535973 
180 444 16 22 0.038047098 
463 147 31 38 0.038001735 
240 183 34 40 0.036068793 
216 369 16 20 0.03360823 
585 169 36 47 0.032593835 
326 299 25 36 0.032447845 
433 169 48 62 0.03236923 
132 189 26 32 0.031413477 
472 333 42 62 0.030721033 
879 2 20 17 0.030718734 
572 122 33 36 0.03030972 
563 200 27 35 0.030121518 
441 18 12 15 0.0299751 
14 92 27 40 0.029857576 
544 16 9 12 0.027917728 
426 132 27 34 0.027507536 
95 181 18 23 0.027400486 
379 206 30 33 0.027323684 
438 137 84 101 0.027107053 
414 179 13 18 0.026960459 
414 176 22 32 0.026890736 
540 193 26 32 0.02642327 
427 136 17 21 0.026351022 
384 174 37 46 0.0258037 
78 181 25 32 0.025110276 
545 195 16 20 0.023959614 
399 239 108 132 0.023358667 
143 192 26 30 0.023169637 
396 125 23 26 0.023113357 
381 63 15 18 0.022991236 
447 150 30 37 0.022578597 
23 166 26 33 0.022533255 
423 183 26 38 0.022116806 
444 161 16 21 0.021775067 
264 349 25 33 0.021606876 
366 185 23 29 0.021572607 
900 5 15 15 0.021300346 
434 132 35 42 0.021155685 
480 152 37 44 0.021102926 
104 136 22 29 0.021075655 
724 182 46 63 0.020288732 
-11 200 77 128 0.020265598 
