2_Demonstration_Protesters_2_213
139
960 587 51 75 0.9979971 
590 550 65 79 0.9975539 
362 311 77 96 0.98737586 
851 706 62 68 0.98368305 
754 541 37 51 0.98261654 
524 470 20 27 0.85807097 
116 459 22 28 0.80652094 
69 393 8 10 0.53764445 
273 293 41 54 0.5305111 
48 399 12 15 0.4942157 
0 422 9 14 0.4244601 
773 611 40 56 0.35854274 
18 401 13 15 0.31784198 
6 471 16 23 0.31113008 
950 383 10 14 0.23605056 
100 404 11 14 0.21742195 
97 397 10 14 0.18501414 
0 398 7 12 0.18198091 
118 453 16 19 0.16381223 
887 380 13 17 0.12681903 
712 376 8 9 0.11874129 
31 439 9 12 0.10708598 
913 649 16 25 0.09609791 
69 426 13 15 0.095233604 
120 448 25 29 0.09387157 
22 419 12 14 0.09126375 
67 469 20 22 0.08735518 
817 391 7 9 0.08213146 
814 717 62 51 0.080429345 
496 476 13 21 0.08011908 
808 384 7 10 0.0746066 
165 468 16 18 0.073797405 
3 414 14 16 0.072847925 
82 442 14 18 0.07120645 
800 543 22 34 0.06568005 
664 71 17 19 0.061650254 
727 492 22 27 0.061199296 
96 490 14 17 0.060238577 
687 560 35 40 0.05963707 
809 389 7 10 0.059565503 
93 414 10 13 0.05864511 
1 401 9 14 0.05637504 
640 46 10 12 0.05598446 
30 414 11 14 0.053100627 
956 388 11 13 0.052946042 
860 701 35 54 0.051437937 
23 389 10 12 0.051095948 
822 391 7 9 0.050171528 
44 443 15 17 0.050129242 
25 384 9 10 0.049263887 
903 634 35 55 0.046948798 
52 572 24 33 0.046022836 
5 406 10 12 0.04511989 
965 398 13 16 0.044005536 
878 387 11 14 0.04380264 
37 414 12 14 0.04366163 
64 404 12 15 0.042784654 
23 437 10 13 0.040483076 
0 434 11 17 0.039633345 
841 391 9 11 0.0386087 
68 433 12 14 0.038012423 
61 27 40 42 0.036900178 
901 381 11 16 0.035459384 
40 418 12 16 0.03481813 
117 472 23 29 0.03459198 
88 397 10 13 0.03453868 
1 424 15 19 0.034168195 
789 399 8 9 0.03329929 
134 483 15 20 0.032681003 
698 557 41 52 0.03246779 
499 470 25 33 0.03217249 
3 399 11 13 0.03184724 
995 377 12 15 0.031672288 
245 285 35 45 0.030996803 
131 436 16 18 0.030913819 
888 376 11 14 0.030058477 
106 436 15 18 0.0296104 
92 263 38 46 0.029402904 
910 395 11 13 0.029278772 
491 175 12 13 0.029223226 
14 420 12 16 0.029030818 
106 440 22 28 0.028944563 
142 477 20 27 0.028926147 
969 384 9 11 0.02879433 
829 735 34 33 0.028601436 
121 433 26 31 0.028571596 
122 464 25 30 0.028456941 
949 376 11 13 0.028268771 
844 629 14 20 0.028089521 
53 451 13 17 0.0279835 
8 473 24 32 0.027501926 
708 374 9 11 0.027191509 
63 466 16 20 0.02697668 
99 392 12 15 0.026777832 
739 503 15 21 0.0264576 
68 461 17 20 0.026411925 
945 387 13 16 0.026315494 
846 388 10 13 0.025950354 
68 412 13 16 0.025803443 
73 421 13 15 0.025617648 
88 418 13 15 0.025354045 
107 405 11 14 0.02525912 
101 422 12 13 0.02486898 
15 434 11 15 0.024694094 
0 476 20 35 0.024609897 
1007 659 16 21 0.024595529 
73 468 23 29 0.024193037 
652 60 26 29 0.024139805 
0 487 12 20 0.024043214 
475 350 24 30 0.024035657 
64 398 21 25 0.023644974 
873 390 11 13 0.023506323 
119 489 14 19 0.02340103 
772 374 9 12 0.022927187 
172 475 14 18 0.022654569 
65 416 19 24 0.022328261 
46 495 14 19 0.022231175 
783 602 35 43 0.022157382 
84 467 12 16 0.022123737 
441 354 27 42 0.021861937 
599 381 9 11 0.021780055 
181 479 10 14 0.021665102 
37 438 11 14 0.021654287 
834 616 23 34 0.021629315 
636 214 30 41 0.021543551 
153 475 22 26 0.021300081 
22 513 30 37 0.021261832 
762 622 35 50 0.021259122 
795 728 43 32 0.02121893 
966 389 12 15 0.02119221 
615 380 10 14 0.021074953 
0 532 17 19 0.020931315 
949 381 19 25 0.020789893 
811 733 40 32 0.020687982 
108 428 13 14 0.020478329 
807 574 26 30 0.020455817 
981 380 11 13 0.020413283 
455 135 207 285 0.020150572 
117 405 12 16 0.020095112 
