2_Demonstration_Demonstration_Or_Protest_2_304
97
192 280 49 65 0.9992704 
762 285 107 130 0.99925643 
528 348 45 65 0.9970848 
303 387 36 44 0.9969959 
372 363 35 44 0.99692935 
681 403 45 55 0.9932429 
430 376 44 56 0.9930387 
79 382 34 47 0.98334575 
548 348 43 61 0.98296976 
261 382 40 54 0.9626125 
916 379 34 49 0.90904105 
726 394 33 47 0.8677591 
38 409 22 30 0.6180267 
699 399 41 50 0.60255927 
863 652 56 63 0.4581219 
610 373 26 32 0.24165931 
26 405 14 19 0.14972074 
774 571 70 75 0.14665323 
292 333 18 25 0.13725695 
972 441 41 56 0.121661246 
640 367 13 17 0.107689135 
27 402 23 30 0.09783758 
36 359 17 20 0.074858695 
924 372 14 18 0.07483295 
1001 720 24 38 0.06274478 
218 669 47 62 0.055660505 
927 376 49 62 0.054842174 
147 266 17 22 0.051362585 
0 557 10 17 0.048727453 
29 454 17 22 0.048061013 
563 296 15 20 0.046184372 
572 360 33 47 0.04595889 
51 367 16 24 0.04451958 
19 714 15 18 0.04407612 
0 405 7 14 0.04386024 
35 393 23 35 0.04314502 
86 456 23 33 0.041074567 
526 264 12 14 0.040337708 
623 376 15 22 0.03882477 
280 391 34 44 0.037677005 
272 823 11 13 0.036890954 
578 259 17 21 0.03660751 
237 301 26 36 0.035828814 
134 734 165 235 0.03517105 
421 280 26 32 0.034160174 
97 663 44 52 0.034068417 
851 101 12 15 0.034051873 
207 347 39 51 0.033355676 
15 724 13 17 0.032836035 
170 638 46 53 0.032257684 
45 393 13 19 0.031562064 
6 454 12 16 0.031396724 
48 563 44 52 0.030811222 
863 102 10 13 0.028614553 
551 289 24 32 0.02837106 
908 100 11 14 0.028269084 
715 349 17 21 0.028034952 
589 368 30 38 0.027501205 
614 323 13 16 0.026883915 
316 259 51 66 0.025910947 
999 4 13 15 0.02579292 
452 257 33 43 0.025501166 
665 356 10 14 0.025469137 
284 304 40 54 0.024948 
12 398 22 28 0.024351977 
927 401 28 43 0.02433054 
597 263 14 18 0.024234055 
339 -9 100 105 0.024026029 
322 381 29 38 0.023995716 
686 208 62 68 0.023859084 
579 252 14 18 0.02368086 
500 823 28 40 0.023516849 
518 260 11 15 0.023448104 
821 626 86 90 0.023357918 
429 291 29 35 0.023087202 
582 248 9 12 0.02270074 
510 252 13 15 0.02258545 
33 358 12 16 0.022574656 
211 242 12 16 0.022525666 
170 301 31 33 0.022484018 
606 309 22 35 0.022406487 
21 465 13 18 0.022397108 
324 276 31 43 0.02237428 
604 357 28 36 0.021830456 
765 585 95 104 0.021596014 
986 399 39 65 0.021165293 
863 94 10 12 0.021143254 
14 719 29 33 0.02111152 
225 361 18 24 0.021096632 
291 780 13 15 0.02083555 
979 462 21 26 0.020803174 
619 381 25 33 0.020585677 
956 391 48 69 0.02012432 
503 240 12 13 0.0201113 
254 710 10 13 0.020040158 
618 362 16 21 0.020006483 
24 365 12 15 0.02000383 
