2_Demonstration_Political_Rally_2_5
2567
320 234 25 37 0.99117976 
748 411 28 34 0.9871581 
692 391 32 44 0.97340685 
133 463 26 38 0.9569514 
673 335 18 21 0.91973764 
931 359 15 21 0.9030405 
865 449 30 36 0.8918261 
594 394 27 34 0.8710089 
724 380 22 30 0.8592458 
823 384 28 34 0.85207987 
652 310 18 23 0.8471289 
437 121 30 43 0.8291134 
787 382 24 28 0.81915385 
678 296 15 18 0.81802815 
715 423 16 21 0.78132766 
932 440 14 18 0.7390233 
973 341 12 15 0.73556006 
185 234 27 33 0.7217804 
866 421 28 33 0.712403 
867 283 13 17 0.6927841 
477 274 17 22 0.6542296 
950 171 9 12 0.65138894 
844 423 21 26 0.636196 
35 274 17 21 0.60962754 
788 308 13 17 0.60467297 
34 259 14 18 0.60267663 
694 270 10 14 0.57328486 
850 347 13 17 0.5443596 
720 267 13 15 0.5435127 
352 223 11 14 0.54048634 
30 193 13 18 0.53120315 
30 480 31 40 0.51492214 
641 218 10 13 0.512769 
815 268 8 11 0.50861686 
184 181 9 12 0.50759053 
876 365 17 19 0.5073825 
654 332 14 17 0.50387836 
928 232 9 12 0.4997145 
718 332 13 17 0.4996487 
868 433 31 40 0.49887714 
371 301 14 20 0.4958707 
57 297 18 21 0.47530693 
346 300 16 20 0.46531248 
694 228 13 16 0.44881627 
886 329 15 19 0.41603643 
852 223 9 12 0.4040998 
712 385 23 32 0.39784163 
789 239 11 13 0.3970965 
797 461 34 41 0.39636636 
654 232 11 12 0.3958926 
627 294 11 13 0.38490373 
624 230 9 12 0.37966192 
769 253 10 13 0.3692643 
749 245 13 15 0.36285603 
928 246 10 13 0.35971755 
882 82 7 9 0.35777006 
62 141 9 11 0.35437834 
901 109 9 12 0.35332045 
565 239 10 11 0.3485697 
628 309 12 16 0.34646103 
749 380 16 20 0.34268254 
868 351 12 14 0.34078985 
906 142 7 10 0.33922413 
860 316 11 13 0.33835512 
664 198 12 15 0.3333412 
838 240 9 12 0.33267513 
165 180 8 11 0.33027083 
992 166 10 12 0.32909247 
702 128 8 11 0.32838538 
829 378 18 22 0.31841156 
629 352 21 26 0.31699067 
900 248 10 12 0.31677106 
649 237 9 12 0.31457606 
1000 117 8 10 0.313294 
90 196 10 12 0.31071225 
582 343 15 23 0.3081088 
717 351 17 21 0.30542272 
983 125 8 11 0.3035646 
574 302 9 12 0.30133414 
945 255 9 11 0.29556075 
554 220 9 11 0.29555663 
759 164 7 10 0.2926002 
869 246 9 12 0.2892673 
585 284 12 15 0.28827924 
797 137 8 10 0.28816956 
93 92 8 10 0.2863668 
927 176 8 11 0.2859527 
571 274 11 14 0.28530052 
985 101 8 11 0.28142586 
992 439 26 40 0.28023413 
958 160 8 12 0.27946508 
668 246 11 14 0.27864814 
556 355 21 26 0.27863577 
796 159 9 10 0.27583072 
736 225 9 11 0.274746 
631 118 8 9 0.2731344 
679 95 8 12 0.27222618 
815 240 8 10 0.27145788 
947 384 16 21 0.26774 
783 86 7 9 0.2666452 
118 238 7 11 0.26533544 
56 207 10 12 0.26304728 
748 264 16 18 0.26077023 
634 316 10 14 0.26074934 
838 300 10 13 0.26073807 
566 198 8 10 0.2599197 
69 188 9 11 0.25924605 
881 301 10 13 0.25892648 
951 86 9 11 0.2580626 
16 117 10 13 0.25538042 
621 324 15 19 0.25349703 
679 150 7 10 0.24856375 
88 243 12 14 0.24723338 
989 102 7 10 0.24327344 
952 235 10 12 0.24113193 
504 262 11 14 0.24054918 
874 402 18 21 0.2399024 
751 92 9 10 0.23907562 
78 49 8 9 0.23730181 
545 401 16 20 0.23303244 
233 196 9 11 0.23297615 
572 306 13 18 0.23274277 
89 191 10 12 0.23192732 
646 369 16 22 0.23178394 
557 128 8 9 0.22564982 
879 181 9 11 0.2237403 
937 263 8 10 0.22208272 
648 246 10 12 0.2218112 
51 244 11 13 0.21966164 
834 245 9 12 0.21880159 
145 135 8 10 0.21734916 
609 246 9 11 0.21708547 
861 182 9 11 0.21349429 
911 295 10 13 0.21330816 
671 79 7 10 0.2131554 
942 285 11 13 0.21072562 
789 284 9 11 0.20914596 
756 263 13 15 0.20859767 
177 165 8 10 0.20579748 
752 88 9 10 0.20484377 
880 232 9 10 0.20422405 
703 406 24 34 0.20369408 
713 112 7 10 0.20299932 
513 362 17 18 0.20291798 
775 48 8 10 0.20229205 
663 160 8 10 0.20180802 
111 92 9 11 0.2012413 
318 109 7 10 0.20065664 
813 166 9 11 0.19777101 
673 95 8 11 0.19577904 
698 236 12 13 0.1951676 
962 102 9 11 0.19368432 
753 165 8 10 0.19286871 
869 410 23 27 0.19224012 
32 81 8 11 0.19119512 
648 251 11 14 0.19116089 
599 88 7 9 0.19067663 
152 493 24 29 0.19062915 
121 29 8 10 0.19014347 
105 188 10 12 0.18932016 
864 281 11 13 0.18814255 
974 41 7 9 0.18777704 
647 63 8 11 0.1868382 
685 214 11 13 0.18482153 
105 148 8 10 0.1847697 
720 135 7 10 0.18456402 
801 96 7 9 0.18429363 
673 102 7 10 0.18405086 
949 373 17 21 0.18150812 
991 354 15 19 0.18013015 
135 185 7 9 0.17907296 
688 78 8 9 0.17879619 
21 111 9 11 0.17684072 
20 115 9 12 0.17539775 
598 377 26 29 0.1744536 
556 215 9 12 0.17282663 
174 112 8 10 0.17132917 
150 223 9 12 0.17067744 
30 140 8 11 0.17061764 
885 80 8 10 0.17051359 
641 133 7 10 0.17023547 
53 228 10 12 0.16979481 
590 17 7 10 0.16953431 
105 184 9 11 0.1693282 
320 80 7 9 0.16929583 
871 369 15 17 0.16927142 
774 102 7 9 0.16899672 
713 86 8 10 0.16808017 
255 61 8 9 0.16780663 
600 175 8 11 0.1671031 
873 64 7 9 0.16651195 
24 135 9 12 0.16619015 
630 56 9 10 0.16471593 
936 292 10 12 0.16457652 
108 214 9 11 0.16440904 
15 229 12 14 0.16439196 
812 141 9 12 0.16402195 
600 135 7 9 0.163732 
91 237 13 15 0.16348651 
536 152 8 11 0.16178967 
889 206 8 10 0.16173248 
672 86 8 10 0.1615883 
806 118 8 11 0.1608871 
750 221 9 10 0.16045167 
512 239 9 11 0.16037038 
718 247 9 11 0.15996774 
594 112 6 9 0.15973733 
912 224 9 12 0.15960526 
0 276 12 19 0.1592076 
951 80 7 8 0.15889205 
626 237 9 11 0.15864125 
735 65 7 9 0.15784523 
670 223 11 13 0.15783904 
837 254 9 13 0.15780522 
500 229 10 11 0.15770972 
120 246 9 11 0.15760641 
1005 33 7 9 0.15655535 
710 143 7 9 0.15602872 
625 54 7 10 0.15536422 
801 117 9 11 0.15490761 
917 71 7 10 0.15447494 
609 128 8 9 0.15406859 
832 100 8 10 0.15264022 
786 111 8 10 0.15219983 
934 80 7 9 0.1521212 
154 183 8 11 0.15203635 
911 55 7 9 0.15189758 
833 7 7 9 0.1509622 
566 14 8 10 0.1504476 
793 264 8 10 0.14997299 
716 274 15 18 0.14915276 
678 55 7 9 0.14840141 
561 245 9 11 0.14777137 
665 142 7 9 0.14686318 
159 127 7 9 0.14630221 
7 187 12 15 0.14602932 
706 142 8 10 0.14594404 
1009 87 7 9 0.14568156 
1006 70 7 9 0.14514835 
832 145 8 11 0.1450657 
807 49 7 9 0.14494455 
902 104 8 11 0.14489011 
702 88 8 11 0.14461237 
742 222 10 12 0.1445419 
959 120 7 8 0.1444538 
656 109 8 10 0.14327838 
317 142 10 11 0.14240591 
671 110 8 10 0.14228432 
984 96 8 11 0.1422765 
679 216 9 11 0.14185047 
722 128 7 9 0.14171411 
879 294 10 12 0.1400877 
984 79 7 9 0.13995898 
915 409 14 18 0.13978823 
540 284 10 13 0.13966872 
957 150 8 11 0.13916032 
928 157 8 11 0.13903962 
31 134 10 14 0.13853335 
775 167 9 10 0.13818379 
38 132 8 12 0.13803436 
721 160 8 10 0.13786788 
560 152 7 9 0.13779317 
991 184 9 11 0.1368759 
615 145 7 9 0.13556454 
1008 298 11 14 0.13543054 
536 230 8 10 0.1328675 
626 298 14 18 0.13237542 
111 191 8 10 0.13189 
56 224 9 13 0.1313404 
95 254 10 12 0.13112774 
791 103 8 9 0.13100417 
881 333 12 14 0.13083312 
513 86 8 10 0.13072664 
798 175 8 10 0.13060312 
470 368 23 28 0.1304664 
812 331 15 18 0.13028719 
896 172 9 12 0.13014582 
718 308 13 18 0.1300256 
657 174 8 10 0.13001677 
64 182 10 13 0.12907815 
65 157 10 13 0.12887117 
983 121 7 10 0.12856853 
698 93 8 10 0.1284345 
919 253 8 11 0.12827681 
628 230 9 13 0.12723039 
829 269 8 11 0.12713999 
110 145 7 9 0.12691477 
558 94 8 9 0.12641388 
994 171 10 12 0.12515442 
793 55 6 8 0.12489206 
1006 94 7 10 0.124789715 
717 86 8 11 0.12456841 
581 247 8 11 0.12454579 
577 246 9 10 0.124435104 
806 338 16 20 0.1243592 
243 166 8 11 0.124313295 
615 48 7 10 0.1242726 
886 277 9 13 0.12354695 
570 49 7 9 0.12353774 
903 174 8 11 0.12288894 
726 158 8 10 0.122672856 
665 250 11 14 0.12196158 
638 79 7 10 0.1217565 
917 295 11 13 0.12157524 
640 56 7 9 0.12139976 
776 174 7 10 0.12123756 
670 135 7 9 0.12116158 
713 207 10 12 0.120540984 
103 145 8 9 0.12002326 
120 80 8 9 0.119095646 
120 182 7 9 0.11884856 
632 152 8 9 0.118219465 
949 144 9 11 0.11814882 
570 135 7 9 0.11787633 
3 481 15 22 0.11764065 
945 135 8 10 0.11678548 
81 143 8 9 0.11652748 
0 109 8 11 0.116410926 
541 230 8 10 0.11636145 
357 87 8 10 0.11593786 
913 96 7 9 0.11549432 
822 14 7 9 0.11546115 
61 223 9 12 0.11544905 
513 208 8 10 0.11530176 
128 94 9 11 0.11509705 
889 47 8 10 0.11456006 
96 24 7 10 0.11449577 
893 47 9 11 0.11443123 
967 181 9 12 0.11434554 
518 149 8 10 0.114003755 
236 215 14 20 0.11390448 
711 151 7 9 0.11378254 
950 149 9 11 0.11325316 
979 347 11 16 0.11305295 
343 133 9 10 0.11289962 
542 262 9 11 0.11266487 
640 112 7 9 0.112617396 
625 95 8 11 0.1124878 
713 80 7 9 0.111726396 
751 239 13 16 0.111482576 
150 161 8 10 0.11141477 
952 407 28 33 0.111185245 
721 39 7 9 0.110914685 
368 270 11 13 0.11060622 
767 121 9 10 0.10984925 
616 166 8 10 0.109724596 
897 168 7 10 0.10911522 
908 325 10 14 0.1090334 
900 310 11 12 0.10847433 
729 93 8 9 0.10801199 
81 174 9 11 0.1080064 
495 104 9 10 0.107987985 
944 300 12 15 0.10780682 
579 153 7 9 0.10777306 
103 296 16 19 0.10719601 
585 39 7 9 0.107038625 
859 418 23 30 0.10701117 
160 134 7 10 0.10621009 
1006 175 9 11 0.10581719 
494 222 10 12 0.10576261 
620 373 21 27 0.10568631 
526 260 8 11 0.10562744 
822 247 8 10 0.10551404 
146 141 9 11 0.10551141 
102 256 10 11 0.10549574 
112 196 9 12 0.10537505 
793 166 9 12 0.10525373 
584 167 8 10 0.10522497 
584 158 8 10 0.104967214 
601 360 22 27 0.10489312 
97 144 8 10 0.10482212 
535 132 8 10 0.10482081 
159 181 8 11 0.10477995 
981 173 8 11 0.10471268 
135 94 7 9 0.104244225 
534 128 8 10 0.10407857 
934 432 21 28 0.10397144 
898 251 9 11 0.103810266 
263 118 8 10 0.10348882 
958 38 8 10 0.10338533 
583 291 12 15 0.103357285 
834 167 8 10 0.10326677 
712 189 9 11 0.10289277 
200 142 7 9 0.10287948 
567 8 8 10 0.102831595 
312 111 8 10 0.10251412 
832 175 8 10 0.101571456 
511 309 11 14 0.10150349 
634 79 8 11 0.10144238 
112 166 8 11 0.10090566 
664 128 7 9 0.10068585 
655 104 7 10 0.1005165 
975 175 10 11 0.100085534 
201 119 8 10 0.099970944 
519 144 8 10 0.099950746 
712 250 11 14 0.09991267 
624 87 8 10 0.09976956 
62 96 8 11 0.09925007 
938 348 14 18 0.098985106 
610 78 7 9 0.098941356 
190 183 8 11 0.09888035 
54 126 11 13 0.09872504 
716 251 12 14 0.0985998 
863 221 8 11 0.09859853 
697 181 9 11 0.09835558 
47 236 14 16 0.098029606 
948 282 11 14 0.09801457 
362 337 27 31 0.097428806 
678 287 14 19 0.09741308 
950 56 7 9 0.09722766 
103 128 9 11 0.09692149 
681 121 7 10 0.09678567 
742 261 15 19 0.09649856 
318 105 8 9 0.09645284 
94 278 10 13 0.09636994 
599 111 8 9 0.09634431 
657 32 7 9 0.09623919 
50 85 8 11 0.096208826 
158 103 7 10 0.09584921 
606 65 8 9 0.095712915 
121 253 10 13 0.095629565 
121 103 9 11 0.095296934 
183 186 11 13 0.09521878 
645 132 9 11 0.09521039 
944 103 8 10 0.095071614 
869 15 8 11 0.095051974 
863 262 10 12 0.095014036 
989 96 7 10 0.094930075 
849 341 12 15 0.094906785 
768 215 9 11 0.09478864 
870 264 9 11 0.094269544 
918 0 7 8 0.09426075 
0 188 10 15 0.094100505 
602 64 7 10 0.09405884 
72 68 9 11 0.09398183 
673 151 8 10 0.09352259 
94 229 11 14 0.093513906 
139 158 7 10 0.093297936 
895 293 10 13 0.0930438 
214 190 8 11 0.092916526 
698 128 8 11 0.09283056 
915 442 21 26 0.09264049 
973 402 18 21 0.09250677 
920 176 8 10 0.09230668 
795 353 14 16 0.092123464 
722 166 8 10 0.092001244 
745 215 8 10 0.09177187 
940 290 13 15 0.09170008 
386 97 7 9 0.091672964 
143 177 7 9 0.09162617 
682 6 8 10 0.091553606 
862 161 8 11 0.091461815 
937 355 15 19 0.09135613 
593 96 7 9 0.0912456 
129 184 8 10 0.09119449 
963 379 15 19 0.09099703 
0 91 9 14 0.0908964 
741 159 8 10 0.09088854 
239 41 8 9 0.09084558 
813 160 9 11 0.09078731 
128 70 8 10 0.09073271 
584 97 7 9 0.09056376 
728 104 8 9 0.09018774 
586 15 7 9 0.090106405 
823 57 8 10 0.09005403 
618 23 7 10 0.09005329 
681 126 7 9 0.09002809 
65 102 8 10 0.08973846 
537 247 7 10 0.089657746 
491 268 12 14 0.089625664 
864 253 10 12 0.089589745 
156 243 13 18 0.08944101 
87 143 6 9 0.089411594 
272 80 7 8 0.089265734 
663 182 8 10 0.089036755 
734 151 9 11 0.08902798 
720 141 8 9 0.08899033 
653 94 7 10 0.08893725 
912 175 7 10 0.0889237 
191 78 7 9 0.08850707 
153 104 8 10 0.088465974 
689 73 8 10 0.08832099 
594 87 7 8 0.08821892 
213 259 14 18 0.08804798 
815 172 9 11 0.08794613 
960 133 9 10 0.08781604 
272 87 7 10 0.08772764 
47 184 10 13 0.087659076 
609 149 8 10 0.087438315 
305 120 8 10 0.08705732 
864 240 8 10 0.08705081 
215 15 7 9 0.08684163 
665 136 7 10 0.08683489 
625 112 7 10 0.086815745 
755 161 8 10 0.08665263 
64 149 9 12 0.086597204 
488 104 8 11 0.08657413 
736 165 8 11 0.08656731 
678 275 13 15 0.08656545 
1001 102 8 9 0.08635396 
664 110 7 10 0.08619348 
592 251 10 13 0.0860458 
70 198 10 13 0.08595259 
657 38 8 11 0.085941166 
662 282 11 16 0.08577402 
550 104 7 9 0.08561876 
184 177 8 11 0.08558711 
608 71 8 10 0.08551571 
739 227 11 14 0.085493945 
839 260 9 10 0.08518001 
651 366 23 26 0.084939174 
200 166 8 10 0.08483307 
970 388 15 19 0.08478637 
92 111 9 11 0.0846892 
687 120 7 9 0.08444568 
777 392 21 29 0.084400825 
862 188 8 10 0.08430421 
744 103 8 9 0.084169485 
204 250 13 18 0.08415914 
977 80 7 10 0.08403033 
943 259 9 12 0.08399978 
857 70 8 10 0.08398586 
745 78 8 10 0.08395336 
904 318 11 15 0.08387 
135 88 7 9 0.08385078 
481 109 9 12 0.08384371 
823 291 10 13 0.0836881 
12 223 12 14 0.08342976 
934 55 7 9 0.08338239 
55 132 11 14 0.083246455 
880 407 17 21 0.083223864 
232 32 7 8 0.08318189 
39 313 17 19 0.08276776 
184 22 7 9 0.0827244 
142 160 8 10 0.08267843 
745 57 7 9 0.08252349 
609 53 7 9 0.08250767 
784 243 10 12 0.0823331 
576 174 8 11 0.0822857 
903 71 8 10 0.08209424 
615 207 7 10 0.08205417 
916 371 15 21 0.08196158 
757 47 7 10 0.08163358 
229 173 7 9 0.081609234 
181 89 8 10 0.081177846 
959 232 9 11 0.081153534 
578 308 15 19 0.08109133 
120 259 11 15 0.08108696 
895 285 9 13 0.08099458 
175 117 7 9 0.0809578 
622 224 10 12 0.08075168 
818 15 8 9 0.080447316 
577 156 7 9 0.08024787 
634 157 7 10 0.08022958 
726 350 19 26 0.08018303 
311 71 7 9 0.08014703 
738 377 22 29 0.08012165 
537 278 11 13 0.08001656 
224 167 8 11 0.079908825 
527 240 8 11 0.07990256 
181 166 7 10 0.07970991 
829 286 10 12 0.07956555 
370 352 16 19 0.07949165 
574 134 7 10 0.079411976 
93 224 9 11 0.07939332 
896 71 6 9 0.07917858 
761 323 16 18 0.078674585 
809 278 8 11 0.07864165 
176 143 7 9 0.07830849 
614 127 7 10 0.078169964 
824 421 23 28 0.07808953 
356 313 46 65 0.07808699 
562 79 8 9 0.07784995 
384 101 7 10 0.07766837 
663 45 7 9 0.07759649 
945 148 10 12 0.07758339 
251 324 13 16 0.077555545 
668 354 16 19 0.07733135 
586 135 8 10 0.07729454 
172 227 25 31 0.07712864 
215 176 7 9 0.07711106 
64 108 10 12 0.07702565 
519 136 8 9 0.07693336 
943 280 10 13 0.07665396 
1005 111 8 11 0.0766465 
95 259 12 14 0.07661013 
918 95 8 10 0.07649922 
815 105 7 9 0.07644962 
781 370 24 27 0.076132715 
770 95 8 10 0.075892165 
656 281 12 17 0.07588672 
1013 88 7 10 0.07583381 
800 55 8 9 0.07583147 
888 119 8 10 0.07580461 
125 208 9 12 0.07573105 
729 152 8 10 0.07555045 
607 105 7 9 0.075397424 
607 110 8 9 0.07535738 
718 300 12 17 0.07534457 
517 85 9 11 0.07526689 
126 100 8 12 0.075261645 
743 248 14 16 0.075101584 
718 211 9 11 0.07507555 
952 47 8 11 0.07497258 
78 87 7 10 0.07495731 
-1 229 8 13 0.074846245 
624 71 7 8 0.074795574 
591 137 7 10 0.07477148 
929 46 8 9 0.074704416 
806 95 7 9 0.07455439 
609 48 9 10 0.074418165 
246 109 8 11 0.07434151 
855 46 7 9 0.07434063 
792 79 8 10 0.07432993 
830 262 10 12 0.07430261 
600 231 8 10 0.07420842 
710 353 16 19 0.07413116 
937 86 7 9 0.07403072 
610 120 7 8 0.07394066 
231 103 8 10 0.07393003 
249 62 8 9 0.07382135 
903 160 8 10 0.07380748 
32 264 19 24 0.073749065 
47 94 8 10 0.073747426 
907 198 12 15 0.07371268 
618 328 22 27 0.07349279 
544 168 8 10 0.07321193 
281 118 9 11 0.07320728 
825 111 7 9 0.07320088 
661 175 9 10 0.07308392 
745 134 8 10 0.073039964 
78 181 10 12 0.07283771 
549 6 8 10 0.07279835 
575 221 8 11 0.07264306 
856 32 7 8 0.07260508 
105 7 8 9 0.07259964 
390 96 6 9 0.07255462 
248 261 23 28 0.07250043 
56 94 9 11 0.072426885 
717 197 9 11 0.072355226 
130 64 7 9 0.072250865 
129 136 7 9 0.07223567 
117 190 8 11 0.07220977 
483 244 11 13 0.072174154 
672 215 9 11 0.07202218 
373 262 12 16 0.071884155 
887 174 9 10 0.07180205 
152 188 9 10 0.07169282 
344 128 9 10 0.071515776 
793 173 8 11 0.07149439 
576 86 7 9 0.07139656 
968 255 10 11 0.07132698 
713 269 11 14 0.071294025 
623 48 7 9 0.07110264 
775 159 8 11 0.07088543 
475 363 17 20 0.070782095 
577 217 7 9 0.07077526 
687 85 8 10 0.07075242 
577 82 7 9 0.070748456 
744 61 7 10 0.07070873 
798 263 7 10 0.07063028 
649 15 8 10 0.070592515 
42 260 13 16 0.070533454 
583 81 7 9 0.07049573 
87 228 14 16 0.07045704 
633 136 7 9 0.070363946 
47 134 9 11 0.07027032 
41 157 10 13 0.07025157 
304 56 6 9 0.07018106 
654 8 7 9 0.07011312 
631 246 8 10 0.070080616 
665 70 8 10 0.070011385 
861 301 9 11 0.069956526 
623 134 7 9 0.069932036 
119 175 8 10 0.06989703 
286 125 9 11 0.069895394 
1016 44 7 10 0.069621794 
689 47 7 8 0.069556884 
880 277 10 13 0.06941603 
670 258 13 14 0.06926978 
857 64 6 8 0.0692638 
100 469 25 33 0.069047764 
214 182 7 10 0.06896637 
8 119 9 12 0.06891402 
72 80 8 11 0.068847574 
700 243 11 15 0.06864381 
833 87 8 9 0.06856146 
102 24 7 10 0.06852326 
650 420 26 35 0.06848562 
70 136 9 10 0.06842771 
1014 174 8 11 0.0682314 
718 63 7 9 0.0682156 
778 86 8 9 0.0681347 
238 151 7 9 0.068112224 
700 225 10 12 0.068034254 
48 71 7 10 0.068033196 
615 223 10 13 0.06802243 
382 39 7 9 0.067991875 
111 254 7 10 0.067970365 
208 103 7 9 0.06781209 
211 95 7 9 0.06777523 
944 235 11 12 0.06770839 
880 102 8 10 0.06766626 
601 104 7 9 0.06754028 
720 338 14 19 0.067538254 
625 62 8 10 0.06753138 
990 78 7 9 0.067406714 
783 263 8 9 0.06736337 
687 191 8 10 0.06736151 
588 279 12 15 0.06732026 
824 80 7 9 0.06723283 
718 110 8 11 0.06712749 
601 129 7 9 0.067110255 
612 304 14 18 0.067106 
1003 37 8 11 0.06706524 
933 63 8 9 0.067023575 
753 71 7 9 0.066919886 
966 95 8 10 0.06679972 
773 97 8 9 0.06668101 
656 168 8 9 0.066663615 
271 39 8 10 0.066614956 
390 68 7 11 0.06660816 
101 132 10 11 0.06656532 
855 215 8 11 0.06637352 
192 158 8 9 0.06635969 
806 354 14 16 0.06635449 
621 24 7 10 0.066346265 
775 22 6 8 0.06627043 
890 246 7 11 0.06613875 
503 159 8 10 0.06601234 
774 260 8 11 0.06599198 
943 219 9 10 0.065970875 
543 254 9 12 0.06594531 
873 48 8 10 0.06593017 
950 92 8 11 0.06581258 
881 177 9 11 0.06574406 
287 72 8 10 0.06566669 
926 140 7 9 0.065657385 
210 15 7 9 0.065620124 
838 427 16 21 0.06553177 
769 7 8 10 0.06551072 
697 62 7 9 0.065497905 
129 141 8 9 0.06547222 
669 286 12 16 0.065213285 
950 387 22 25 0.06519105 
696 176 8 10 0.06509487 
580 300 11 14 0.06508013 
807 125 8 10 0.06507957 
0 300 8 15 0.06477465 
121 212 9 11 0.064690396 
688 268 11 15 0.06465734 
831 181 8 10 0.0645976 
856 239 9 11 0.06459157 
607 176 10 11 0.06444985 
639 151 8 10 0.06431036 
640 71 7 9 0.06425373 
527 159 8 10 0.06421192 
30 61 8 10 0.063898794 
14 122 10 13 0.06363181 
756 307 15 18 0.06346125 
822 253 8 11 0.06341882 
935 268 9 12 0.06339556 
118 55 8 11 0.063175015 
775 182 7 9 0.06315557 
887 103 8 9 0.063067 
647 258 11 13 0.063051045 
136 102 8 10 0.06299344 
118 61 8 10 0.06294574 
117 198 8 11 0.06290408 
974 350 12 18 0.062883586 
190 154 8 9 0.06279552 
71 31 7 9 0.062790796 
824 183 8 9 0.062784776 
930 153 8 10 0.06265247 
124 247 9 12 0.062627666 
120 110 8 10 0.062465765 
110 184 8 10 0.062447052 
647 87 9 11 0.062422942 
895 239 8 10 0.062311195 
897 103 8 10 0.062115006 
648 68 7 10 0.06198643 
824 268 9 11 0.06195593 
448 141 18 24 0.06188448 
543 329 13 16 0.06186417 
649 232 9 11 0.06181125 
885 309 9 12 0.061791454 
848 119 7 9 0.06178692 
870 240 9 10 0.061715238 
886 261 8 10 0.061682183 
55 101 10 11 0.061653018 
637 346 21 25 0.061641958 
198 182 8 10 0.061625853 
223 146 8 9 0.06161379 
608 213 8 10 0.06158632 
869 396 17 20 0.06153984 
934 253 8 11 0.061503123 
131 188 8 11 0.06139525 
857 253 9 12 0.061365087 
223 120 8 10 0.061349194 
961 401 23 26 0.061334305 
729 110 9 11 0.06127974 
550 296 10 13 0.061211288 
903 87 7 9 0.061077103 
928 276 9 13 0.061045364 
229 55 8 10 0.06104028 
930 40 7 10 0.06099211 
855 311 11 14 0.060974833 
546 14 7 10 0.06092042 
817 79 7 8 0.06087171 
584 118 7 9 0.060870804 
1014 94 7 10 0.06086418 
158 237 11 15 0.060709193 
585 31 8 9 0.060516622 
386 63 8 12 0.060415175 
566 351 19 28 0.06017843 
49 205 10 13 0.060096238 
230 218 14 20 0.060041614 
182 160 8 10 0.060035806 
670 159 8 10 0.059997797 
736 145 7 8 0.059942722 
959 64 7 9 0.05990031 
582 204 8 10 0.059767492 
591 346 18 21 0.059699565 
825 87 6 9 0.059571676 
689 143 8 10 0.05949587 
597 251 10 13 0.059474263 
978 125 8 11 0.059471708 
660 228 10 13 0.059434693 
590 165 8 10 0.059430175 
503 165 7 9 0.059304696 
37 307 16 17 0.05925673 
554 119 8 10 0.059206937 
704 71 8 9 0.059185687 
904 230 10 11 0.059139237 
231 87 8 12 0.05912595 
87 183 9 11 0.05909264 
949 134 8 10 0.05908723 
176 7 7 9 0.05896557 
498 326 14 17 0.058943894 
662 38 8 12 0.058940854 
639 158 8 9 0.058892854 
840 41 7 9 0.058880437 
874 54 7 10 0.058746878 
639 85 8 11 0.058728773 
182 143 6 8 0.058602773 
575 296 11 15 0.05856329 
295 104 8 10 0.058538597 
392 47 8 9 0.05848567 
360 23 8 10 0.058470182 
967 408 24 28 0.058359172 
990 128 8 10 0.058348432 
313 23 7 10 0.058296558 
937 339 14 17 0.058277372 
631 207 8 11 0.058196373 
679 61 7 10 0.05788409 
202 48 7 9 0.05774949 
233 14 7 9 0.05774578 
360 39 7 8 0.05771945 
678 49 8 9 0.057661355 
972 180 10 12 0.057645544 
625 80 7 9 0.057633966 
648 110 7 10 0.057609245 
933 175 9 11 0.057605263 
712 116 7 10 0.05758872 
297 63 7 8 0.057498746 
484 268 15 19 0.057370074 
114 455 46 55 0.057319604 
604 355 16 20 0.057295285 
97 127 8 10 0.05719062 
934 151 8 11 0.057185348 
609 144 8 10 0.05715822 
849 40 6 9 0.05699121 
863 102 7 10 0.05693483 
658 394 15 21 0.0568415 
239 31 7 9 0.056783937 
933 46 7 10 0.056756962 
951 61 7 9 0.05674268 
921 247 8 11 0.056723185 
828 315 11 14 0.05670334 
296 109 8 10 0.05666516 
744 166 7 10 0.056581497 
630 366 20 26 0.056548595 
23 79 9 11 0.05648734 
551 111 7 9 0.05643509 
584 112 7 9 0.0563909 
30 296 16 20 0.056344848 
40 172 9 12 0.0562338 
896 300 10 13 0.05621671 
945 416 37 43 0.056179293 
768 102 9 10 0.05616555 
886 317 10 13 0.056123134 
559 209 8 10 0.056107543 
15 135 10 11 0.056066927 
846 413 23 28 0.05603761 
54 180 10 13 0.056027282 
811 346 15 18 0.055965006 
338 39 7 8 0.055904932 
798 79 7 9 0.05586241 
159 121 7 9 0.05582819 
11 183 12 15 0.05582271 
121 151 7 9 0.055695605 
348 222 19 24 0.055660203 
686 199 10 11 0.05564795 
908 331 12 17 0.055594224 
823 263 9 12 0.055564214 
573 48 8 10 0.055520687 
511 176 9 11 0.055438593 
730 64 7 10 0.05534446 
234 185 8 11 0.055115454 
63 15 6 9 0.055110026 
714 63 8 10 0.05510526 
246 25 7 9 0.05509344 
29 182 11 14 0.05509286 
125 266 11 14 0.05503655 
567 232 9 11 0.054974835 
872 97 8 9 0.054947052 
52 259 10 13 0.054921992 
310 118 8 10 0.054903988 
838 198 7 9 0.05489888 
100 229 10 13 0.054889545 
885 232 8 11 0.054814056 
872 32 7 9 0.054790415 
968 87 8 10 0.05472805 
632 253 10 12 0.054659437 
837 101 7 9 0.054603886 
819 324 13 17 0.05453619 
526 57 8 9 0.05444189 
1004 117 8 10 0.054428376 
247 7 8 9 0.054320607 
646 56 7 9 0.054318894 
986 187 11 14 0.054264642 
627 117 8 10 0.054238893 
657 135 7 9 0.05409055 
259 118 8 10 0.05407128 
740 352 19 22 0.054066572 
248 104 7 9 0.05402045 
578 205 8 10 0.053902913 
601 152 6 8 0.053821724 
717 190 10 11 0.053781632 
719 104 8 10 0.053760942 
142 182 8 10 0.053689186 
849 206 8 10 0.05366408 
960 71 7 9 0.053633746 
811 270 9 11 0.053633746 
736 158 9 11 0.05353032 
38 80 8 11 0.0534693 
897 151 7 9 0.053334404 
761 111 7 8 0.05332401 
969 347 12 15 0.053202294 
997 181 10 11 0.053168938 
608 193 7 9 0.053080402 
777 39 8 9 0.05305891 
687 159 8 10 0.05301771 
773 7 8 10 0.053003628 
945 168 10 12 0.052992027 
865 290 10 14 0.05298973 
885 295 9 12 0.05296369 
889 71 7 9 0.0529224 
104 221 9 11 0.0529099 
686 219 10 13 0.05281855 
817 61 8 9 0.052730456 
168 40 7 10 0.05271932 
733 111 8 10 0.05269212 
233 203 10 12 0.05264003 
329 56 8 9 0.05260296 
791 31 7 9 0.052598897 
641 176 8 10 0.05256635 
967 393 21 25 0.052491855 
665 190 10 12 0.052482508 
778 137 7 10 0.05246943 
145 57 7 9 0.052366324 
735 15 8 10 0.052354638 
383 47 8 10 0.052303348 
781 385 19 23 0.052298278 
598 93 8 10 0.052286282 
55 64 8 10 0.05220374 
718 80 7 10 0.05210685 
79 167 8 11 0.05208762 
240 145 7 9 0.052037187 
569 64 8 10 0.05202705 
58 174 8 12 0.05202248 
190 120 8 9 0.051997148 
617 161 8 9 0.05198899 
633 143 7 9 0.051985256 
558 132 7 10 0.051937923 
823 301 10 14 0.051922146 
902 375 14 19 0.05192116 
991 87 7 9 0.051888112 
610 369 14 21 0.05183183 
225 55 8 11 0.05171878 
991 109 9 11 0.05170578 
208 175 7 10 0.051671352 
837 346 12 16 0.051660273 
927 96 7 9 0.051656574 
664 360 24 29 0.051644437 
566 262 9 11 0.051629145 
793 50 6 8 0.051582403 
659 44 7 10 0.05154611 
659 159 8 10 0.051534228 
135 63 6 8 0.051498156 
62 46 7 9 0.051476777 
335 56 7 8 0.05147573 
293 8 8 9 0.05139692 
136 111 8 9 0.051393233 
550 14 7 10 0.051375758 
494 216 9 11 0.05133336 
871 231 9 10 0.05130588 
904 295 10 12 0.05124577 
7 135 10 11 0.051176105 
25 180 10 14 0.051115114 
207 54 7 9 0.05111225 
235 189 9 13 0.05108579 
227 88 7 9 0.051008858 
507 254 13 16 0.05080077 
929 88 6 8 0.050781462 
614 72 8 10 0.050781302 
839 78 7 10 0.05077804 
685 102 8 9 0.05076496 
833 215 8 11 0.05063928 
88 32 8 10 0.05059817 
873 68 7 10 0.050528534 
975 56 8 9 0.0505184 
809 160 9 11 0.050488472 
144 61 7 9 0.050461225 
320 85 7 9 0.050375573 
268 227 12 16 0.050371002 
2 486 21 29 0.0503709 
129 88 8 11 0.050330427 
567 80 7 9 0.050281838 
232 9 8 9 0.050153017 
767 32 6 9 0.05011361 
200 63 7 9 0.050085045 
654 79 8 9 0.050038252 
920 47 7 10 0.050025318 
1007 79 8 10 0.050006017 
933 71 8 9 0.050002225 
191 176 8 10 0.049997102 
87 216 10 12 0.049951013 
782 37 7 9 0.049948297 
769 88 7 9 0.04989004 
814 136 8 11 0.04985627 
698 56 7 9 0.049835123 
48 79 7 11 0.04982322 
931 79 7 9 0.049819805 
778 80 8 10 0.049801968 
646 152 7 9 0.049785737 
944 128 9 11 0.0497381 
70 163 10 13 0.049728476 
694 72 8 10 0.049724482 
854 7 7 8 0.049721465 
580 251 12 13 0.049694445 
240 8 8 9 0.04957518 
794 140 8 10 0.049550988 
933 181 9 11 0.049542557 
382 79 7 10 0.04951277 
713 158 7 9 0.049411897 
167 23 7 9 0.04940361 
215 129 7 9 0.049362823 
312 136 10 11 0.049351223 
608 240 10 12 0.049337454 
544 173 8 10 0.04929723 
583 189 7 10 0.049269825 
353 302 16 20 0.04915862 
784 33 7 10 0.049066536 
609 209 7 9 0.048979595 
881 432 17 22 0.04884474 
837 96 7 9 0.048804983 
947 62 8 10 0.048804447 
151 249 13 17 0.04879792 
622 314 15 20 0.048773404 
878 63 8 10 0.04868481 
217 39 7 9 0.048518676 
69 151 9 11 0.048445113 
855 136 8 10 0.048397526 
817 252 9 12 0.048384693 
649 169 7 8 0.048383195 
528 166 7 8 0.048363563 
834 71 7 8 0.048334997 
239 270 11 14 0.04832992 
957 349 11 13 0.04823797 
69 141 8 11 0.048236456 
286 55 7 9 0.04817202 
379 134 10 12 0.048165392 
720 172 9 11 0.04813769 
783 301 13 18 0.04813732 
944 87 7 10 0.048054434 
89 276 10 13 0.048013717 
62 41 7 9 0.047960207 
65 80 8 10 0.047936045 
273 93 7 10 0.0479131 
768 142 7 9 0.047827996 
208 128 7 10 0.047784925 
880 256 9 11 0.047774624 
228 168 9 11 0.0477448 
920 32 8 9 0.04770467 
17 79 8 11 0.047691144 
150 136 7 9 0.04766989 
74 38 8 9 0.04766366 
189 16 8 9 0.04761593 
940 431 28 35 0.047611427 
259 234 15 19 0.04759185 
63 55 7 9 0.04758917 
151 31 8 10 0.047548037 
791 116 8 10 0.047498047 
831 277 8 12 0.0474938 
587 413 30 34 0.047487594 
832 46 7 9 0.047464717 
824 126 9 11 0.047438346 
51 250 12 16 0.047377408 
847 23 7 8 0.047351558 
66 23 7 9 0.04734415 
592 38 7 9 0.047317024 
331 231 21 32 0.0472859 
306 72 7 9 0.0472605 
944 378 15 21 0.04719937 
641 47 7 9 0.04716793 
622 359 22 27 0.047106527 
904 47 7 9 0.047051754 
664 224 9 11 0.04704894 
264 112 8 11 0.047026455 
839 72 6 8 0.047007967 
219 167 6 9 0.046995874 
528 150 8 11 0.046995737 
881 261 8 10 0.046973135 
639 247 8 11 0.04696724 
281 56 7 9 0.04693333 
135 134 8 9 0.04688383 
732 87 9 12 0.046827156 
312 14 7 9 0.04681931 
624 183 7 9 0.046783786 
581 221 8 11 0.04670928 
862 77 8 10 0.046682093 
285 120 8 9 0.04664 
513 7 8 10 0.046638295 
712 55 7 9 0.04660309 
984 46 7 10 0.046466373 
903 39 7 10 0.046460755 
254 237 13 16 0.0464271 
945 110 8 10 0.046420053 
368 219 11 14 0.046418097 
768 159 7 10 0.04641367 
69 103 8 10 0.046405204 
1002 64 7 10 0.046398263 
474 258 23 29 0.046391413 
729 80 7 9 0.04638485 
219 120 7 9 0.046289217 
343 292 13 18 0.04628143 
670 72 8 10 0.046240922 
975 112 8 10 0.046239667 
878 54 8 9 0.046216246 
129 119 8 9 0.046146043 
837 87 8 10 0.04606972 
319 63 8 9 0.045997147 
534 119 8 10 0.045972917 
566 270 18 23 0.045963738 
185 16 7 10 0.045949776 
975 45 7 9 0.045896977 
812 387 25 31 0.045872115 
687 125 7 10 0.04580689 
919 38 7 9 0.045791417 
129 57 6 9 0.0457343 
203 54 7 9 0.045669496 
661 238 10 13 0.045658592 
960 109 9 11 0.04559642 
575 64 7 9 0.045588993 
864 40 7 9 0.045555748 
607 230 9 10 0.0455264 
14 140 10 11 0.045457017 
887 111 8 9 0.045406505 
995 434 17 25 0.045387443 
585 128 8 10 0.045326646 
798 232 8 10 0.045299366 
567 128 7 9 0.045284584 
566 401 21 29 0.045212172 
353 121 7 10 0.04519276 
570 87 7 8 0.04517378 
653 87 8 10 0.04510605 
602 69 8 10 0.04501126 
79 262 10 15 0.044931315 
727 207 9 12 0.044918437 
575 344 15 21 0.04491376 
191 32 8 10 0.04488197 
560 156 8 9 0.044718735 
856 245 9 11 0.04468602 
94 203 9 11 0.044675127 
845 315 13 16 0.04461743 
504 152 8 9 0.044549488 
906 369 18 25 0.044486348 
971 382 13 16 0.044373307 
839 277 10 13 0.04434923 
353 218 9 12 0.044329274 
872 183 8 10 0.0443047 
869 166 10 12 0.04426864 
320 23 6 9 0.04424058 
695 149 6 8 0.044238552 
904 96 8 9 0.044217486 
171 111 7 10 0.044189874 
53 69 8 11 0.044171926 
961 96 8 10 0.044144936 
905 64 7 9 0.04411513 
716 292 13 17 0.044109076 
93 118 8 10 0.044073578 
240 88 8 9 0.044053562 
75 53 8 10 0.044024684 
793 97 7 9 0.04396206 
191 64 8 9 0.04395653 
109 127 8 11 0.043953724 
902 167 8 10 0.043919794 
112 111 8 10 0.04391011 
59 211 10 13 0.043836575 
903 115 9 11 0.043807704 
958 144 9 11 0.043786503 
24 104 8 10 0.043783247 
642 62 8 11 0.043735392 
70 24 7 9 0.043689985 
778 71 7 9 0.043669168 
200 174 8 10 0.043638375 
401 86 8 10 0.043598052 
541 268 10 13 0.043553755 
971 56 7 8 0.043540966 
512 212 8 10 0.04353257 
553 131 8 11 0.043527264 
127 168 7 10 0.04352711 
314 105 8 9 0.043453597 
703 56 7 9 0.043452628 
930 56 7 8 0.04342352 
702 102 7 9 0.043409005 
79 93 8 10 0.04340637 
519 244 9 11 0.04338321 
153 120 7 9 0.04329359 
312 64 7 8 0.04325998 
87 269 9 11 0.04320554 
552 248 7 10 0.043168515 
694 145 7 8 0.04306946 
497 96 8 9 0.04306395 
342 143 9 11 0.042990226 
359 110 7 9 0.042983565 
689 166 8 10 0.042943887 
280 22 7 9 0.04294081 
943 95 8 10 0.04289129 
734 117 8 10 0.042858437 
44 150 10 12 0.042855818 
8 227 12 16 0.042836435 
1000 47 7 10 0.042823974 
823 72 7 9 0.04282018 
646 335 16 20 0.042798612 
706 149 7 10 0.04278983 
520 80 8 10 0.042765602 
1016 108 7 11 0.042751558 
855 40 7 8 0.042540215 
774 248 9 12 0.042445574 
857 78 7 10 0.042434074 
960 262 10 11 0.042418897 
758 53 7 9 0.04241334 
295 13 8 10 0.042410996 
979 413 16 23 0.042405415 
193 136 7 9 0.04232677 
513 144 8 10 0.042302467 
887 238 8 10 0.042286582 
677 174 8 10 0.04228629 
751 230 10 12 0.042262483 
858 111 8 9 0.042262133 
248 143 7 9 0.04223531 
981 451 26 39 0.04222202 
934 331 15 19 0.042201184 
221 207 9 11 0.04216314 
1015 101 9 12 0.042158157 
662 64 9 10 0.042155657 
162 15 7 10 0.042134993 
136 152 8 10 0.042110045 
589 161 8 10 0.042092457 
125 28 7 10 0.042087074 
563 253 10 13 0.042032965 
690 229 11 14 0.042017136 
360 30 7 10 0.04196271 
651 104 7 9 0.041960493 
264 46 7 8 0.0419525 
777 32 7 9 0.041952405 
558 175 8 10 0.041929852 
272 5 7 9 0.041899204 
680 145 7 10 0.04183412 
910 404 16 19 0.041779418 
624 288 10 14 0.04173189 
824 119 8 10 0.041730825 
849 45 8 10 0.041630596 
544 110 7 8 0.04161526 
113 246 9 12 0.041600112 
607 197 8 9 0.04158959 
616 64 7 9 0.04156633 
384 53 8 9 0.04152924 
460 116 11 16 0.041496377 
183 62 7 9 0.041438933 
886 254 9 11 0.041415073 
345 71 8 9 0.041375533 
773 15 8 10 0.04137093 
613 293 12 14 0.041341584 
312 212 10 12 0.041233853 
541 248 9 10 0.04122275 
880 450 27 32 0.04116446 
735 234 11 14 0.041158542 
914 39 7 9 0.04113013 
888 40 7 9 0.04108397 
280 190 13 14 0.04105795 
929 119 8 9 0.040995102 
653 14 8 10 0.0409837 
43 72 7 9 0.040976986 
9 124 9 12 0.040961016 
262 228 13 16 0.040947873 
687 150 8 10 0.040939204 
701 252 12 14 0.040928964 
856 321 12 17 0.040921837 
768 23 8 9 0.040902816 
536 239 9 11 0.040888872 
693 77 8 9 0.04088116 
598 40 7 10 0.040867787 
161 176 8 11 0.040843345 
821 316 12 16 0.040830746 
90 88 8 10 0.04080183 
71 247 9 11 0.04072662 
846 286 10 12 0.040718965 
700 259 12 16 0.040695235 
217 150 7 9 0.040615514 
249 57 7 9 0.040587038 
535 253 9 11 0.040586054 
629 376 23 30 0.04055322 
901 237 11 12 0.040509682 
304 171 9 13 0.04049123 
702 63 7 9 0.040441655 
704 119 7 9 0.04041993 
977 7 8 9 0.040391948 
242 24 7 10 0.04034869 
158 234 21 28 0.04031393 
0 290 10 18 0.040291253 
960 182 9 11 0.04028258 
629 100 8 10 0.04024739 
567 69 8 10 0.040223584 
606 86 8 10 0.04021447 
56 110 9 11 0.04021419 
45 166 9 11 0.040196713 
910 448 17 23 0.04018003 
773 290 13 16 0.040179692 
712 296 12 17 0.040102907 
878 48 7 9 0.040060997 
807 181 9 11 0.040045932 
781 135 8 10 0.039974976 
808 174 9 11 0.039964512 
1001 78 8 10 0.039940894 
802 48 7 10 0.03993042 
117 86 9 11 0.039929785 
664 151 7 9 0.03991825 
1004 246 10 13 0.039857585 
1005 102 8 10 0.039846167 
965 259 12 14 0.039827555 
875 284 11 14 0.039824985 
148 476 26 37 0.039800975 
264 71 8 9 0.039793186 
701 176 8 10 0.03974899 
93 269 11 14 0.039686736 
216 46 7 10 0.039656296 
862 71 7 10 0.039633837 
729 47 7 8 0.039625175 
585 23 7 9 0.03959379 
680 134 7 9 0.039585616 
536 224 8 11 0.039580014 
838 148 7 11 0.039554305 
136 79 7 11 0.039527267 
566 110 7 9 0.03945394 
762 119 9 12 0.039368212 
937 102 7 10 0.039347965 
542 49 7 9 0.039327946 
607 133 7 9 0.039322983 
367 289 22 27 0.03930239 
327 80 7 9 0.039298568 
209 71 7 9 0.039213974 
349 71 8 9 0.039209627 
866 21 8 9 0.039164327 
922 136 8 11 0.039142516 
209 182 8 10 0.039116804 
898 158 8 10 0.039073348 
566 105 7 9 0.039059583 
63 161 10 14 0.039023463 
512 54 7 9 0.039013166 
890 333 16 20 0.03899881 
222 213 10 12 0.038992103 
751 53 8 10 0.038985867 
554 209 8 9 0.03898525 
890 97 7 9 0.03898459 
538 112 7 8 0.038975775 
280 17 7 9 0.03896691 
703 112 7 9 0.038925678 
551 183 8 10 0.038925357 
767 197 8 11 0.038908303 
886 181 8 11 0.038852494 
566 204 9 11 0.038784914 
977 95 8 9 0.038720183 
337 103 8 10 0.038702205 
559 89 7 9 0.038693946 
111 232 10 13 0.038638882 
555 95 7 9 0.038596764 
959 34 8 9 0.03855639 
144 164 8 10 0.038546804 
809 102 7 10 0.03853702 
989 447 15 23 0.038532205 
782 71 7 10 0.038525477 
224 124 8 10 0.038510386 
491 338 26 30 0.03849144 
934 277 10 13 0.038480207 
609 22 7 9 0.03847688 
120 48 7 9 0.038463667 
335 72 7 8 0.038409043 
568 31 7 10 0.038396675 
371 274 14 18 0.038393814 
344 284 11 15 0.038382716 
904 78 7 9 0.038356535 
858 165 10 11 0.038288563 
614 174 8 10 0.038269233 
593 103 6 9 0.03826159 
614 240 8 10 0.038258232 
826 104 7 9 0.038252477 
319 72 7 9 0.038160577 
343 57 8 9 0.03808904 
812 274 11 14 0.038063813 
166 232 14 19 0.038056664 
956 342 10 13 0.03799969 
423 8 8 9 0.037984226 
997 378 15 20 0.037945274 
296 32 7 9 0.037928604 
624 38 8 10 0.03792785 
31 284 23 27 0.037911467 
360 14 9 11 0.03786518 
226 104 7 9 0.037794262 
337 87 7 8 0.03779386 
830 292 11 14 0.03778736 
660 385 23 31 0.037693065 
830 308 10 14 0.037658736 
686 205 12 13 0.037653774 
857 175 10 12 0.03759398 
977 119 9 10 0.037593678 
938 95 7 10 0.03759038 
341 111 7 9 0.037549257 
779 363 18 21 0.037516266 
841 335 9 12 0.03748901 
625 244 10 11 0.0374648 
929 62 8 10 0.03746258 
87 104 8 10 0.03740973 
803 391 16 21 0.037401587 
701 199 9 12 0.03738399 
144 22 7 9 0.037339665 
581 172 8 11 0.03731996 
973 189 10 13 0.037287652 
525 144 8 9 0.03728149 
990 73 7 9 0.037277058 
558 168 8 10 0.037276257 
96 78 8 10 0.03727561 
855 271 9 12 0.03723772 
574 282 11 14 0.03723629 
520 260 9 13 0.03717793 
207 151 7 9 0.037172593 
909 136 8 10 0.037109304 
574 240 9 11 0.03708312 
56 25 7 8 0.037064947 
782 291 12 15 0.03704147 
208 49 7 9 0.03699532 
684 275 12 15 0.036973827 
415 40 8 10 0.03697151 
799 8 7 9 0.036959477 
215 160 7 9 0.036952987 
58 40 7 9 0.036934827 
518 212 8 10 0.03692028 
583 102 7 9 0.036916524 
914 1 8 9 0.03689212 
710 423 26 34 0.03687604 
621 29 9 11 0.03685778 
756 310 22 26 0.03680971 
970 80 8 9 0.036780465 
802 87 7 9 0.036779057 
925 295 10 12 0.03673788 
320 47 7 8 0.03668842 
176 46 7 8 0.03665102 
796 237 9 12 0.03664985 
771 54 7 9 0.036604587 
145 15 8 10 0.036586907 
767 64 8 9 0.036574367 
121 71 7 9 0.036573578 
582 239 8 10 0.03655999 
305 31 8 9 0.03655966 
697 111 8 10 0.036528587 
19 234 12 14 0.03651852 
0 101 8 14 0.036518227 
806 283 9 13 0.036517095 
839 316 11 16 0.036472034 
856 141 8 11 0.036366638 
639 143 7 9 0.036330123 
337 24 6 8 0.036261488 
906 55 8 10 0.036253255 
16 85 9 11 0.036245562 
97 72 7 10 0.03623844 
941 370 14 19 0.036225937 
728 117 8 10 0.03621819 
162 23 7 9 0.036185518 
278 93 8 10 0.036113344 
297 118 8 10 0.036110256 
223 190 9 11 0.036104165 
578 120 6 8 0.03609683 
954 404 19 22 0.036061347 
222 40 6 9 0.036027163 
90 14 8 11 0.03600609 
724 245 10 12 0.03595586 
37 181 12 15 0.03594933 
234 39 7 9 0.035942737 
121 117 8 10 0.035941035 
847 175 8 10 0.03592346 
743 209 8 10 0.035921555 
149 14 7 10 0.035843257 
858 189 8 10 0.035835627 
351 289 44 66 0.03580692 
244 171 9 12 0.035804097 
393 40 7 9 0.035801202 
363 233 25 36 0.035787724 
837 145 7 10 0.035786808 
949 260 10 11 0.035724334 
711 280 15 18 0.03569895 
667 78 8 10 0.035685997 
278 78 7 10 0.035646867 
545 104 8 10 0.03556894 
750 7 8 9 0.03554587 
625 4 9 11 0.035522733 
799 14 7 8 0.03551376 
622 160 7 9 0.035488293 
598 237 10 11 0.03548096 
127 151 7 10 0.035447665 
502 314 13 16 0.0354456 
110 207 9 11 0.035435196 
246 46 8 10 0.035430394 
559 259 11 15 0.035411835 
727 144 7 8 0.035410315 
592 63 7 9 0.035374604 
312 87 8 9 0.035335768 
150 216 9 12 0.035322625 
78 68 8 11 0.035322055 
647 174 7 10 0.035317287 
208 63 7 8 0.035267506 
775 152 8 10 0.035263695 
305 24 7 9 0.03526159 
97 133 10 12 0.035242192 
920 311 10 13 0.03517744 
343 64 8 9 0.035162326 
784 63 8 10 0.03514653 
751 79 8 10 0.035137225 
367 260 20 26 0.035119794 
600 200 7 10 0.03508771 
917 167 8 10 0.035082556 
805 324 15 17 0.03501732 
849 94 7 9 0.035009794 
56 119 10 12 0.035004828 
928 102 7 9 0.03499908 
871 189 8 10 0.034996178 
238 158 9 11 0.034975637 
336 32 6 8 0.03497063 
757 86 8 10 0.03495807 
912 166 7 10 0.03492356 
223 60 8 10 0.034863755 
159 198 9 11 0.034858935 
893 190 9 12 0.034843683 
207 111 7 9 0.034827422 
792 233 10 12 0.03480722 
103 195 11 13 0.034807056 
910 192 9 11 0.034792293 
297 88 8 10 0.03478952 
874 357 17 19 0.034788802 
703 40 7 10 0.03477099 
872 38 7 9 0.034716565 
353 39 7 9 0.03470075 
513 149 9 11 0.034667194 
485 199 9 12 0.034659006 
947 71 7 8 0.034645047 
650 343 17 21 0.034619708 
858 55 8 10 0.034615956 
970 39 7 10 0.03461518 
952 180 9 11 0.034592 
21 126 10 12 0.03456068 
832 80 8 10 0.0345563 
979 245 13 15 0.03453788 
377 32 8 10 0.034512248 
904 137 9 11 0.034492895 
48 102 9 11 0.03447269 
206 145 7 8 0.03445134 
648 40 8 9 0.03442456 
94 165 9 11 0.03441551 
895 180 9 11 0.03441285 
342 41 8 9 0.03441106 
327 14 8 10 0.034356497 
787 292 13 15 0.034294154 
358 56 7 8 0.034273874 
665 257 11 15 0.03426099 
607 250 10 13 0.034244288 
814 319 13 15 0.0342442 
642 15 7 9 0.034239464 
103 208 10 11 0.034215778 
343 119 9 11 0.034175962 
610 223 8 11 0.034138076 
337 64 7 9 0.034137487 
573 403 25 34 0.034117643 
967 110 8 10 0.034109686 
152 177 8 9 0.03410316 
90 23 8 10 0.034092784 
167 63 6 9 0.03408677 
206 256 14 18 0.034074802 
57 165 8 11 0.034065463 
901 328 13 19 0.034056656 
757 72 7 9 0.03403714 
79 39 7 9 0.034018435 
945 49 8 10 0.033994082 
246 285 13 15 0.033982567 
919 54 7 9 0.03397021 
494 263 12 15 0.03395762 
864 368 14 18 0.033935923 
810 31 8 10 0.03390906 
862 57 7 8 0.03386321 
353 80 7 9 0.033861626 
190 37 7 9 0.033859193 
48 222 13 16 0.033849195 
144 190 8 10 0.03383109 
989 372 15 19 0.033808757 
298 94 7 9 0.033807743 
614 77 7 10 0.033797417 
911 126 8 10 0.0337933 
529 134 8 10 0.03378683 
402 80 8 9 0.03378106 
46 141 8 11 0.033773072 
33 46 6 8 0.033773053 
984 85 7 9 0.033688042 
359 103 7 10 0.033686582 
808 136 9 10 0.033632275 
93 56 8 10 0.033594493 
126 77 9 11 0.033574678 
206 119 7 10 0.03355192 
722 298 15 20 0.033542868 
743 141 8 10 0.03347978 
138 23 7 9 0.033474393 
807 89 8 9 0.033437204 
119 168 8 11 0.033429496 
656 153 7 8 0.03341929 
544 300 12 17 0.033412848 
1012 191 10 13 0.03339482 
278 88 7 9 0.03338257 
945 80 7 9 0.03334026 
60 244 11 15 0.03330859 
648 79 7 9 0.03329571 
880 216 8 9 0.033277057 
951 72 7 9 0.033274062 
0 115 9 13 0.033248227 
662 32 7 9 0.03322695 
967 128 7 10 0.033143274 
166 15 7 9 0.033136953 
17 94 8 10 0.033129357 
261 62 7 10 0.033105727 
712 260 13 17 0.033105653 
217 62 6 9 0.033053502 
720 56 7 8 0.0330011 
987 411 13 19 0.032998607 
1 487 11 19 0.032960225 
153 48 6 9 0.032932162 
675 245 11 14 0.032930583 
929 111 7 9 0.032917526 
919 113 7 9 0.03288103 
860 349 18 24 0.032867696 
782 167 8 10 0.03283826 
874 348 14 17 0.032835398 
159 142 8 10 0.032824118 
95 214 8 11 0.032790605 
969 247 10 11 0.032758832 
584 86 6 8 0.032743435 
712 250 21 24 0.032718074 
782 174 8 10 0.032706734 
861 396 17 19 0.03270669 
689 32 8 10 0.032699466 
336 95 8 9 0.032676104 
177 40 6 9 0.032665797 
191 112 8 9 0.032636095 
126 175 7 8 0.032624733 
744 8 8 10 0.032624446 
958 174 8 11 0.03258935 
295 72 7 9 0.032586765 
215 273 13 19 0.032581203 
233 93 8 11 0.032578003 
23 173 11 14 0.03257464 
0 235 8 13 0.032565504 
994 55 7 8 0.032553386 
537 169 7 9 0.032536075 
993 133 8 11 0.03252035 
378 84 8 11 0.03251233 
352 143 10 12 0.032482285 
39 140 9 11 0.032474864 
77 198 9 12 0.032473624 
543 136 7 10 0.03244997 
490 221 10 12 0.032446988 
560 111 7 9 0.03244167 
919 360 19 27 0.03243452 
296 127 7 9 0.032415036 
379 103 7 10 0.032396473 
17 102 8 10 0.032394633 
155 127 7 9 0.03236825 
725 134 7 10 0.03236383 
415 65 7 9 0.032348197 
710 240 10 11 0.032315705 
554 151 8 10 0.032282937 
640 180 8 10 0.032273833 
766 109 8 9 0.03227013 
53 79 8 11 0.03226808 
202 104 7 9 0.032256454 
999 53 6 9 0.032256424 
77 127 9 10 0.032229513 
774 119 7 10 0.03218351 
313 46 6 8 0.03217906 
902 31 8 10 0.03216071 
751 111 7 10 0.032149322 
953 119 7 10 0.032111898 
761 125 10 12 0.03206838 
134 7 8 9 0.032063764 
530 120 8 10 0.03203498 
957 283 12 14 0.032029033 
777 189 8 11 0.032027952 
674 252 13 15 0.0320191 
127 112 8 9 0.032012656 
183 103 8 10 0.0319988 
541 238 9 11 0.031984556 
570 223 9 10 0.031945862 
746 96 7 9 0.03194072 
231 125 8 10 0.031936094 
649 22 7 9 0.031933587 
216 205 9 12 0.031894527 
682 2 8 9 0.03189326 
541 151 7 11 0.031889092 
176 199 9 10 0.03187935 
853 207 9 11 0.03187304 
578 103 8 9 0.03185004 
549 252 10 13 0.031836934 
761 104 9 10 0.03183163 
550 393 22 31 0.03182764 
520 157 9 11 0.03175281 
584 184 7 10 0.03174693 
724 252 11 15 0.03170727 
632 84 8 10 0.031681873 
44 195 12 14 0.03165281 
215 33 7 8 0.0316108 
991 5 9 9 0.031608187 
289 88 6 9 0.0315934 
944 248 11 13 0.03155819 
949 103 8 10 0.0315496 
888 169 9 10 0.03153405 
321 39 7 9 0.031516436 
217 145 7 9 0.031496517 
162 63 8 10 0.03148992 
582 229 8 10 0.031487256 
22 187 14 20 0.031461097 
799 72 8 10 0.031460136 
391 16 7 8 0.03141565 
247 79 7 10 0.031393122 
224 23 7 9 0.031385478 
741 152 9 11 0.03138346 
847 183 7 10 0.03136991 
798 268 7 10 0.031354256 
276 226 12 16 0.03131975 
771 47 8 11 0.03131502 
260 285 12 16 0.03128669 
336 46 8 10 0.031282626 
808 263 10 12 0.031270493 
675 261 15 16 0.031229906 
382 32 8 10 0.031203251 
551 3 8 8 0.031180715 
398 40 7 8 0.031157821 
705 47 7 8 0.03114117 
879 33 7 9 0.031132279 
1015 39 8 11 0.031091506 
720 119 8 10 0.031078884 
689 39 8 9 0.031051349 
912 119 7 9 0.031039784 
386 69 8 11 0.031034008 
910 160 7 10 0.031033542 
134 70 7 10 0.031021938 
327 119 8 9 0.031015048 
871 175 8 10 0.031013466 
246 41 8 10 0.031004654 
343 221 11 16 0.030981429 
142 128 8 9 0.030980645 
671 275 13 17 0.030892394 
968 186 9 13 0.03089211 
522 55 7 10 0.030864628 
32 128 11 14 0.03082364 
566 158 8 9 0.030795183 
152 149 7 9 0.03078797 
679 168 8 8 0.030742824 
894 97 7 9 0.030738236 
844 275 11 14 0.030736102 
966 71 8 8 0.030724585 
501 198 9 12 0.030717991 
879 38 7 9 0.030680032 
307 245 31 34 0.030650849 
735 21 7 10 0.030644866 
22 251 13 18 0.030635849 
145 119 8 10 0.030591438 
380 277 13 17 0.030580843 
209 30 7 9 0.030575946 
865 230 9 11 0.030565318 
950 127 8 11 0.030539917 
794 15 6 9 0.03052159 
735 78 8 10 0.030519143 
78 135 9 11 0.030501645 
114 80 8 10 0.03050149 
889 200 9 12 0.030464556 
600 206 8 9 0.030450711 
378 139 9 12 0.030401181 
840 56 8 9 0.030376656 
177 63 7 8 0.03036966 
360 275 10 14 0.030327708 
520 72 8 10 0.030319393 
94 9 9 10 0.030305348 
207 158 8 10 0.030294854 
892 198 10 12 0.030293034 
583 45 9 10 0.030268237 
771 220 12 13 0.03026592 
167 56 7 9 0.030255228 
823 40 8 9 0.030253936 
792 61 7 9 0.030233152 
133 278 12 15 0.030186782 
358 217 9 12 0.03016307 
928 125 8 10 0.030056365 
879 271 10 12 0.030051393 
745 127 8 10 0.030047469 
919 5 7 9 0.030033423 
673 175 8 10 0.03002022 
176 105 8 9 0.030002879 
271 45 7 9 0.029998576 
552 361 15 19 0.02997185 
693 167 8 10 0.029960914 
736 8 9 10 0.029901767 
441 38 7 9 0.02989532 
985 73 8 10 0.029894616 
337 144 9 11 0.029880157 
270 112 8 10 0.029864216 
321 126 9 10 0.029862328 
607 404 18 22 0.029828861 
847 16 8 10 0.029819548 
154 95 7 9 0.029787311 
186 152 7 9 0.029736364 
840 192 7 10 0.029701443 
182 194 10 12 0.029686056 
563 15 7 9 0.029685643 
600 46 7 10 0.029657528 
814 32 8 10 0.029615467 
190 126 7 9 0.02960944 
687 111 7 9 0.029605571 
511 80 9 11 0.029599933 
934 119 7 10 0.029553186 
505 214 9 10 0.02953468 
624 214 8 9 0.029515501 
894 127 8 10 0.029504655 
607 392 18 25 0.029494159 
670 143 7 9 0.029439768 
756 251 13 16 0.02942994 
214 196 9 11 0.029429557 
727 182 8 10 0.02941643 
593 200 7 9 0.029399976 
184 56 7 9 0.029390562 
297 79 7 8 0.029365953 
695 263 12 16 0.029327953 
151 55 7 9 0.029317679 
846 334 10 14 0.029310824 
761 132 9 13 0.029278245 
781 190 8 11 0.029263252 
887 282 10 14 0.029250167 
303 88 8 10 0.029230675 
658 117 7 9 0.029192744 
729 223 8 11 0.029165165 
844 321 13 18 0.029164296 
817 354 14 17 0.029159214 
880 7 7 10 0.02914299 
122 133 8 11 0.029141035 
1001 416 23 26 0.029121656 
950 111 8 10 0.029081216 
862 174 11 13 0.029074477 
352 56 8 9 0.029070942 
833 199 9 11 0.029020336 
785 116 7 10 0.029014627 
764 266 11 14 0.029011628 
327 63 8 9 0.02901124 
552 167 8 10 0.02900687 
888 213 9 12 0.028997006 
450 120 18 25 0.028989393 
615 103 8 10 0.028957164 
711 49 6 8 0.028936248 
57 160 10 12 0.028927969 
583 9 7 8 0.028903391 
415 79 7 9 0.02889662 
806 72 7 9 0.028890407 
371 278 21 28 0.028881561 
243 275 28 31 0.028880175 
440 32 7 9 0.028868191 
57 46 7 9 0.028861107 
561 104 7 8 0.028860226 
898 31 8 10 0.028836394 
823 22 7 9 0.028820626 
642 379 21 29 0.0288139 
270 220 12 17 0.028803129 
864 96 8 10 0.028796785 
674 47 7 9 0.028781166 
142 251 13 16 0.028762816 
558 46 8 10 0.028712172 
741 270 15 19 0.028710043 
864 268 9 11 0.028682437 
733 47 7 9 0.02867204 
680 80 7 9 0.028622415 
658 181 9 11 0.028619662 
881 110 7 9 0.028603282 
199 31 8 9 0.028545698 
654 63 8 11 0.028538372 
734 104 8 9 0.028527299 
838 214 8 12 0.028476756 
841 323 10 14 0.028475767 
557 268 10 13 0.0284262 
542 292 10 13 0.028356258 
767 403 24 29 0.028336044 
576 24 8 9 0.028320162 
263 16 7 10 0.028311452 
0 134 8 12 0.028295934 
177 174 8 11 0.028266964 
671 40 7 9 0.028257169 
829 110 8 10 0.028184878 
24 39 8 10 0.028159682 
240 290 27 31 0.028154302 
624 129 8 10 0.028151838 
920 89 7 8 0.028144745 
297 47 7 10 0.028143791 
734 259 12 17 0.02813643 
911 419 22 29 0.0281346 
362 269 24 30 0.028122952 
328 97 8 9 0.028098296 
696 119 7 9 0.028079968 
722 282 13 16 0.028025316 
282 71 7 10 0.028010415 
911 48 8 9 0.027992375 
958 266 13 16 0.027985126 
592 117 7 9 0.027972106 
929 167 9 11 0.027922932 
581 216 8 10 0.027904015 
144 215 9 12 0.027858373 
242 62 7 9 0.02785379 
834 13 7 9 0.027844513 
717 184 9 11 0.027828312 
158 108 8 11 0.027825637 
576 14 7 10 0.027809065 
537 174 7 8 0.02780556 
888 190 9 11 0.027804002 
908 413 19 23 0.02779896 
103 177 9 11 0.027761497 
9 21 7 9 0.027748037 
601 159 8 9 0.027743446 
237 275 11 15 0.027728854 
657 129 7 9 0.027725376 
1006 65 7 10 0.027719337 
838 159 8 11 0.027717602 
273 16 7 9 0.027703665 
953 32 8 9 0.027661387 
904 148 8 10 0.027646594 
137 176 7 9 0.027645092 
113 174 9 10 0.027638184 
23 72 8 9 0.02758917 
313 80 7 9 0.027573531 
183 137 8 9 0.027549729 
621 166 8 10 0.027546654 
166 135 8 9 0.027541596 
950 347 12 15 0.027529046 
5 235 12 15 0.027520966 
837 343 20 24 0.027518647 
112 260 10 13 0.027500758 
288 62 7 9 0.027454669 
190 22 8 10 0.027445218 
889 51 8 10 0.027442196 
499 394 15 16 0.027422171 
382 55 19 26 0.027403763 
290 104 7 9 0.027401704 
337 119 7 10 0.027363515 
672 268 13 16 0.027310073 
837 7 8 9 0.027309174 
136 128 8 9 0.027256848 
735 253 11 15 0.027226876 
352 23 7 9 0.027216062 
758 79 7 10 0.027215462 
984 169 8 11 0.027201774 
850 31 6 8 0.027182292 
904 127 8 10 0.027169598 
327 48 8 10 0.027137976 
95 159 9 11 0.02711446 
935 168 8 10 0.027105324 
859 341 12 15 0.027102035 
745 120 7 9 0.027070835 
95 183 9 11 0.027052855 
265 40 8 10 0.02702287 
407 78 7 10 0.0270133 
629 258 12 14 0.02698788 
303 93 8 10 0.026980933 
821 240 8 10 0.026980352 
331 219 38 50 0.02697476 
582 283 20 24 0.02697199 
647 351 23 27 0.026935758 
824 307 11 15 0.026925992 
552 175 8 10 0.026895452 
824 9 7 9 0.026859926 
170 167 8 9 0.02684361 
751 32 8 10 0.026838949 
552 227 10 12 0.02680319 
56 29 7 9 0.026770275 
716 401 25 34 0.026746381 
233 73 8 8 0.026734978 
110 132 8 11 0.02673257 
77 189 9 11 0.026728434 
567 23 8 9 0.026721131 
111 14 8 10 0.026687896 
992 219 12 17 0.026677368 
832 363 24 29 0.026664482 
157 227 11 16 0.026646903 
185 227 20 24 0.026635394 
65 29 7 9 0.026631176 
920 229 10 13 0.026617078 
201 15 8 9 0.026560444 
335 80 8 9 0.026541136 
575 128 7 10 0.026539348 
863 63 6 8 0.026531707 
89 149 7 9 0.026510619 
924 211 11 13 0.02650932 
936 298 9 13 0.026500419 
384 14 7 10 0.026487146 
975 85 8 9 0.026479859 
14 22 8 9 0.026477525 
-1 224 7 12 0.026436048 
928 261 10 12 0.026426563 
182 178 19 24 0.026424158 
855 86 8 10 0.026398947 
143 247 10 12 0.0263797 
847 191 7 10 0.026374916 
799 152 8 10 0.026373843 
912 276 9 11 0.026352443 
799 61 9 10 0.026340742 
872 111 7 10 0.026329694 
945 118 8 9 0.026245767 
191 48 6 9 0.026222304 
882 384 17 19 0.026221054 
975 169 10 11 0.026202105 
856 276 10 12 0.026175182 
509 303 21 26 0.026171785 
392 32 8 9 0.02616939 
153 87 7 9 0.026166752 
631 213 8 11 0.026162872 
617 134 7 9 0.026158784 
768 38 7 9 0.02614903 
735 196 10 12 0.02611895 
956 44 9 11 0.026105188 
993 48 7 10 0.02609205 
665 242 18 23 0.026062077 
770 152 7 10 0.02605328 
578 95 6 9 0.02604154 
781 253 10 13 0.02603901 
685 95 8 11 0.026022594 
353 31 7 9 0.026005035 
676 239 11 12 0.025983905 
651 400 25 34 0.025976816 
889 124 8 10 0.025963858 
104 158 9 11 0.025961468 
560 40 7 10 0.02595913 
607 40 8 10 0.025954861 
256 199 9 11 0.025950829 
702 205 9 12 0.025934966 
913 5 8 10 0.025907885 
973 251 12 14 0.025895929 
549 261 11 15 0.025893077 
577 200 8 10 0.025857102 
670 342 16 20 0.02584358 
879 167 9 12 0.025841702 
325 141 7 11 0.025838414 
200 160 7 9 0.025826167 
384 23 7 8 0.02580757 
617 6 9 10 0.025800081 
638 212 17 22 0.025779558 
646 46 8 10 0.02577822 
816 120 7 9 0.025774127 
409 24 6 9 0.02576202 
497 337 16 19 0.025756316 
811 427 26 28 0.025749614 
975 61 7 10 0.025715664 
792 151 9 11 0.025678007 
697 102 8 10 0.025669498 
205 167 7 9 0.025647873 
304 61 7 9 0.02559338 
769 175 8 10 0.025580652 
225 31 7 9 0.02556222 
150 8 7 9 0.025521168 
422 14 8 9 0.025501408 
158 96 7 9 0.025488647 
578 190 7 9 0.02548535 
825 149 9 10 0.025469659 
881 120 8 9 0.025445372 
799 99 7 10 0.0254349 
1002 441 16 24 0.025420858 
735 39 8 10 0.025420208 
864 47 7 9 0.025408179 
482 252 12 16 0.025399754 
777 109 7 10 0.025399087 
415 45 8 9 0.025385872 
825 47 8 9 0.025345044 
827 322 12 16 0.02534239 
960 255 9 11 0.025339741 
348 288 25 31 0.025317147 
185 119 9 10 0.025316495 
312 10 7 8 0.025311371 
554 87 8 10 0.025269015 
600 142 8 9 0.025263917 
793 73 8 10 0.025255822 
805 302 10 13 0.02525553 
536 261 9 10 0.025232185 
569 176 7 9 0.025228709 
726 188 9 11 0.025217645 
968 63 8 9 0.025202103 
934 111 8 9 0.025195219 
826 143 9 12 0.025192235 
888 409 15 20 0.025182778 
681 31 7 9 0.02515199 
915 223 10 12 0.025137194 
713 92 8 9 0.025134277 
894 223 8 10 0.025115445 
567 194 7 9 0.025100807 
589 32 9 10 0.025081126 
127 127 8 9 0.025070142 
795 314 12 15 0.025069261 
191 72 8 10 0.02504987 
833 65 6 8 0.025048545 
592 238 8 11 0.025026955 
893 279 9 13 0.025022496 
233 145 6 8 0.02501047 
58 15 8 9 0.024990015 
515 321 16 18 0.024984175 
76 80 8 10 0.024959933 
424 30 7 9 0.024953073 
350 124 8 10 0.024951454 
344 23 8 9 0.024930403 
694 47 7 8 0.024904553 
553 158 7 9 0.024899404 
48 127 11 13 0.024879385 
754 38 7 9 0.02487128 
718 240 9 12 0.024830699 
895 40 8 9 0.024826117 
184 38 7 9 0.024820691 
581 269 10 13 0.024809984 
714 314 11 17 0.024807584 
354 104 7 9 0.024804136 
615 53 7 10 0.024781667 
833 41 7 9 0.024777332 
408 72 8 10 0.024764735 
201 25 7 8 0.024686622 
703 352 15 21 0.024674566 
872 8 8 10 0.024663666 
401 55 8 10 0.024633633 
119 8 8 9 0.024630494 
608 300 14 17 0.024587192 
681 157 7 10 0.024571871 
712 175 9 11 0.02457094 
810 334 21 26 0.024563061 
689 173 9 10 0.024562728 
761 140 8 11 0.02455153 
648 230 19 23 0.024525262 
726 174 7 9 0.024523076 
346 15 7 9 0.024512129 
591 81 7 9 0.024506224 
782 128 9 10 0.02449461 
759 39 7 9 0.024482964 
664 104 7 10 0.024480633 
693 230 19 23 0.024479225 
878 295 18 23 0.02446579 
548 277 12 16 0.024442298 
614 111 8 10 0.02443592 
341 224 19 29 0.024420343 
671 165 7 10 0.024387136 
81 32 8 10 0.024386873 
776 63 7 10 0.02438154 
960 127 10 12 0.024371687 
22 292 13 18 0.024359899 
145 221 10 14 0.024352578 
895 314 11 15 0.024344321 
222 217 14 20 0.024320018 
327 31 7 9 0.024318105 
766 229 12 14 0.024231356 
118 233 9 12 0.024218867 
512 72 7 10 0.02421633 
209 133 8 10 0.024166094 
944 156 9 11 0.024165455 
238 263 22 28 0.024130847 
905 331 19 27 0.024119092 
810 243 10 12 0.024118047 
711 70 7 9 0.02411633 
79 253 10 13 0.02411313 
530 231 8 10 0.024104297 
321 31 6 9 0.024089538 
596 175 7 10 0.02407984 
985 130 9 12 0.024073204 
145 31 8 11 0.02405745 
518 182 8 9 0.024054447 
947 231 20 23 0.024050297 
561 234 18 23 0.024042865 
275 22 7 9 0.024040539 
506 80 7 10 0.02403715 
992 30 8 9 0.024026135 
984 2 8 8 0.024017133 
514 136 8 10 0.024010072 
515 13 8 9 0.023982933 
577 39 7 9 0.023979926 
152 80 8 9 0.023965443 
101 78 8 10 0.023961093 
179 93 8 10 0.02390803 
762 302 16 18 0.02387109 
785 105 8 9 0.02386176 
194 167 8 9 0.023844616 
997 134 8 11 0.023840256 
87 136 8 11 0.02382926 
762 7 8 9 0.023826987 
295 133 8 10 0.023799332 
422 40 8 10 0.023780063 
551 267 10 14 0.023743814 
886 40 19 25 0.023712488 
169 143 7 9 0.023667172 
378 126 8 10 0.023664735 
850 214 9 11 0.02365975 
995 223 14 20 0.023654591 
854 333 13 17 0.023652542 
920 407 17 22 0.023648787 
824 31 8 9 0.023643691 
194 141 8 10 0.023642216 
241 80 7 10 0.023614362 
120 144 6 8 0.023578264 
312 56 7 10 0.023555493 
765 235 11 13 0.02355037 
630 223 8 11 0.02354002 
306 39 8 9 0.023521516 
251 283 16 17 0.023518248 
983 6 9 10 0.023511823 
110 159 8 11 0.023510285 
654 23 7 9 0.023507165 
96 175 8 10 0.023502734 
918 76 7 10 0.023497174 
607 93 7 9 0.023482956 
601 56 6 8 0.023469642 
522 61 7 10 0.023467783 
678 393 29 36 0.023451053 
112 103 8 10 0.023438448 
666 86 8 10 0.023437733 
775 197 9 13 0.023436202 
666 95 8 10 0.023434933 
575 415 29 36 0.023432784 
169 150 8 9 0.023424724 
750 319 24 29 0.023418216 
895 232 9 11 0.02341723 
104 111 9 10 0.023414847 
800 23 7 8 0.023407124 
327 23 7 9 0.023387717 
144 109 8 10 0.023384245 
79 147 9 11 0.02338003 
4 110 9 12 0.02337427 
312 30 6 9 0.023370385 
758 221 8 11 0.023367785 
997 141 8 12 0.023340339 
232 79 8 10 0.023299767 
622 175 8 10 0.023293173 
937 134 8 11 0.023285808 
856 295 11 13 0.023282986 
767 80 8 9 0.023282321 
105 13 9 10 0.023274671 
359 8 9 10 0.023264935 
719 222 9 11 0.023261435 
613 252 10 12 0.0232463 
913 252 9 11 0.023242796 
934 413 27 33 0.023231423 
558 180 9 11 0.023229197 
85 261 12 16 0.02319528 
897 65 6 8 0.023186073 
39 295 21 24 0.023169119 
42 96 8 9 0.023167571 
503 317 23 27 0.02316411 
81 103 8 9 0.023149151 
328 214 10 13 0.023142725 
119 94 9 12 0.023139125 
850 8 7 8 0.023124443 
545 79 7 9 0.023110332 
799 179 8 11 0.023085501 
8 476 16 21 0.02308547 
775 267 10 13 0.02307649 
117 282 49 60 0.023073291 
200 137 6 9 0.023072317 
400 104 8 9 0.023065325 
828 333 12 15 0.023057627 
686 55 8 9 0.023054136 
806 449 27 33 0.023045113 
631 183 8 10 0.023041217 
955 365 15 17 0.023029113 
104 104 7 8 0.023024593 
64 198 10 12 0.022990968 
25 180 21 27 0.02297994 
32 41 6 9 0.022972137 
4 185 19 27 0.022960816 
177 23 7 9 0.022951275 
328 127 7 9 0.022943405 
611 285 14 16 0.02294034 
24 85 8 11 0.022924902 
423 23 8 10 0.02291933 
86 186 18 23 0.022885585 
901 195 21 25 0.022881076 
542 223 8 10 0.022847129 
964 264 14 16 0.022831129 
845 292 10 13 0.022823285 
372 218 15 19 0.022815634 
470 109 10 14 0.022799116 
920 160 9 11 0.022798935 
638 118 7 9 0.022787884 
721 152 7 9 0.02276392 
896 133 8 10 0.022750502 
818 9 7 9 0.022740874 
713 104 9 10 0.022735845 
558 1 8 8 0.022734934 
23 95 7 10 0.022733558 
655 69 8 11 0.022725033 
700 273 12 16 0.02269065 
712 325 14 19 0.022687268 
992 25 8 10 0.022686273 
572 415 14 19 0.02267117 
857 103 8 10 0.022661198 
13 291 13 18 0.022646071 
174 204 11 11 0.022629349 
670 240 10 12 0.02262007 
924 226 20 23 0.022610003 
986 424 22 33 0.022585062 
617 40 7 9 0.02258026 
782 268 9 11 0.022565905 
919 287 9 11 0.022555612 
844 359 16 21 0.022540098 
1011 435 14 21 0.022530014 
889 434 16 21 0.022525348 
781 159 8 11 0.022518482 
192 94 8 10 0.022511883 
51 187 11 14 0.022509174 
136 57 7 9 0.022477968 
341 103 8 10 0.022456644 
614 213 8 10 0.02245423 
695 199 9 12 0.022452753 
126 47 7 9 0.022449946 
935 127 8 10 0.022406498 
832 296 20 24 0.02236321 
599 168 8 9 0.022352926 
895 52 7 10 0.022347413 
257 111 8 10 0.022346865 
276 264 13 19 0.022343464 
313 95 7 8 0.022327619 
1011 415 14 19 0.022305109 
272 32 8 10 0.02229963 
31 57 8 9 0.022295758 
825 131 9 12 0.022293111 
923 404 25 33 0.022286948 
591 55 7 9 0.022283504 
244 289 17 19 0.022262245 
376 14 9 10 0.022260305 
880 74 17 23 0.022256028 
864 32 7 9 0.022250326 
641 41 7 9 0.022239255 
179 189 9 12 0.022210589 
937 446 17 21 0.022197137 
133 118 8 10 0.02219519 
583 54 10 10 0.022154272 
831 204 8 10 0.022153595 
857 307 18 23 0.022144621 
832 340 12 16 0.022132833 
310 172 9 12 0.02213206 
832 219 10 13 0.022121154 
965 238 9 11 0.022093913 
574 53 7 10 0.022069344 
848 200 7 8 0.022057278 
102 208 19 24 0.022054628 
1015 168 9 11 0.022043597 
591 127 7 9 0.022041535 
1016 31 7 11 0.022010041 
497 89 8 9 0.02200655 
312 40 6 8 0.021998938 
543 53 7 9 0.02199861 
722 46 7 9 0.021955451 
470 117 10 15 0.021944676 
749 387 24 27 0.021931728 
870 223 9 12 0.021925092 
703 166 9 10 0.021875318 
816 94 7 8 0.021872923 
996 211 13 18 0.021857694 
625 338 16 20 0.021843 
661 358 17 22 0.021841573 
799 221 7 10 0.021837903 
973 155 12 13 0.021824831 
663 119 7 9 0.021823643 
727 265 96 114 0.021822166 
768 166 7 10 0.021813476 
591 400 18 22 0.021811033 
25 45 8 10 0.021810839 
583 63 8 10 0.021731656 
537 270 10 12 0.021730551 
128 276 12 15 0.021703165 
940 395 24 30 0.02166415 
149 222 19 25 0.021658773 
145 37 8 10 0.021653373 
305 15 7 9 0.021638881 
272 198 10 12 0.021621238 
9 72 7 9 0.021617405 
450 110 49 59 0.021616422 
838 175 8 9 0.021612287 
813 149 8 10 0.021609908 
489 273 14 17 0.021566639 
231 109 7 9 0.021559075 
288 30 7 9 0.021556942 
287 48 7 9 0.021545446 
935 224 7 9 0.021543097 
340 295 74 105 0.021541122 
784 104 18 24 0.021517195 
958 88 8 10 0.02150424 
23 32 8 8 0.021492759 
736 1 8 9 0.02148974 
816 38 7 10 0.02145095 
998 5 8 9 0.021433726 
202 125 8 10 0.021418614 
596 370 18 21 0.021399872 
236 205 12 15 0.021382973 
304 48 7 9 0.021357063 
4 313 23 29 0.021356974 
630 38 9 11 0.021355698 
224 15 7 9 0.02135493 
271 73 8 9 0.021351699 
911 62 7 9 0.021343213 
252 291 15 18 0.021332042 
979 210 11 13 0.021325383 
207 8 8 9 0.021313822 
328 72 7 9 0.021308633 
766 135 9 11 0.021289466 
351 274 25 32 0.021267707 
871 387 23 27 0.021264737 
705 79 8 9 0.021251725 
582 260 10 13 0.02124982 
360 62 6 9 0.021240976 
970 46 7 9 0.021225145 
599 118 8 9 0.021212615 
550 71 8 10 0.021211296 
669 182 9 11 0.021204067 
103 247 10 12 0.021185042 
327 135 7 11 0.021183556 
134 221 11 14 0.02117976 
488 227 11 14 0.021175718 
445 105 28 38 0.02117141 
535 278 19 24 0.021149823 
567 119 7 9 0.021144463 
920 64 7 9 0.021125203 
109 469 29 36 0.02112507 
260 222 20 28 0.021119228 
89 275 21 27 0.021109298 
731 362 13 19 0.021097412 
946 166 18 23 0.021094302 
304 79 8 8 0.021087056 
320 118 8 10 0.02106823 
840 15 7 10 0.02106325 
754 154 19 24 0.02105233 
792 23 6 8 0.021048829 
896 242 18 23 0.021038368 
989 426 12 20 0.021038111 
965 133 8 10 0.0210078 
81 246 10 12 0.021004867 
744 31 7 10 0.020988118 
200 112 7 8 0.020960614 
201 151 7 9 0.020922888 
629 311 17 23 0.02092005 
377 23 8 9 0.020919878 
104 119 9 10 0.02091628 
767 277 11 13 0.020913312 
719 93 7 9 0.020901239 
693 204 11 13 0.020897467 
877 332 20 24 0.020895643 
169 118 8 9 0.020892438 
663 55 8 9 0.020888673 
792 128 19 24 0.020888347 
816 109 8 10 0.020875903 
280 62 6 9 0.02087013 
966 166 9 11 0.020869974 
698 82 19 24 0.020772947 
235 234 12 15 0.020771181 
761 0 8 9 0.020763533 
780 477 29 30 0.020759696 
983 56 6 8 0.020735845 
839 283 10 14 0.020716082 
616 17 7 10 0.02071032 
984 109 8 11 0.02069689 
749 80 19 24 0.02069685 
656 206 8 11 0.020690115 
256 127 9 11 0.020681918 
809 466 19 24 0.02067617 
840 270 10 12 0.020673303 
550 189 8 11 0.020672197 
957 311 10 12 0.020667674 
175 149 7 9 0.02063635 
138 164 7 10 0.02062513 
738 406 28 35 0.020624058 
501 103 8 10 0.020619746 
401 61 8 11 0.020611068 
398 47 7 9 0.020594474 
991 259 11 15 0.020592835 
999 125 9 10 0.02057679 
197 255 14 17 0.02056288 
29 103 8 10 0.02054396 
561 73 8 10 0.020540468 
592 182 8 10 0.02052522 
623 252 10 12 0.020511135 
695 32 7 9 0.02051067 
160 39 8 10 0.020497091 
932 234 10 14 0.020497017 
25 56 7 9 0.020485561 
72 94 8 11 0.02047676 
490 258 20 25 0.020450147 
511 232 9 11 0.020442553 
621 393 13 19 0.020436566 
734 206 9 12 0.020434985 
918 117 8 10 0.020433469 
254 102 8 10 0.020429803 
586 142 8 9 0.020429175 
663 23 8 9 0.020425018 
802 355 22 25 0.020422691 
13 486 29 34 0.020410413 
238 93 8 9 0.020403108 
145 249 24 27 0.020392839 
486 237 11 15 0.02038742 
490 216 8 11 0.020357186 
825 95 7 9 0.020355808 
733 283 13 17 0.020328924 
607 159 8 9 0.020321442 
382 109 8 10 0.020291172 
243 211 13 19 0.020290643 
674 8 7 9 0.020288602 
761 172 9 11 0.02027895 
560 6 21 26 0.020247882 
709 228 11 13 0.020245334 
951 315 11 13 0.020229863 
-1 205 7 13 0.020218102 
185 31 7 10 0.02020218 
423 46 7 8 0.02020055 
923 237 9 12 0.02019689 
591 272 10 12 0.020194149 
169 46 7 9 0.02016259 
313 147 10 13 0.02014994 
359 301 27 34 0.02014147 
860 331 12 16 0.020131007 
107 94 8 10 0.020111533 
752 152 8 10 0.020111261 
672 129 8 9 0.020098142 
847 417 38 48 0.020091267 
376 65 7 9 0.020078814 
239 14 7 9 0.020078242 
551 120 18 25 0.020071628 
559 23 7 9 0.02006588 
214 133 8 9 0.020032696 
964 231 10 12 0.020010693 
966 351 14 18 0.020005232 
