2_Demonstration_Political_Rally_2_637
138
725 404 33 43 0.99849236 
1 387 34 46 0.9934731 
733 99 50 75 0.9857247 
277 354 38 46 0.9781633 
157 392 38 60 0.9315737 
364 404 33 43 0.81223595 
896 402 24 27 0.79882526 
454 361 31 59 0.75093997 
901 779 41 46 0.6379355 
784 382 25 33 0.596716 
907 400 22 29 0.3397056 
662 401 24 31 0.30056483 
701 300 20 27 0.2547824 
859 580 27 37 0.20081577 
619 288 17 21 0.18223964 
946 738 33 35 0.17587678 
884 551 19 23 0.15901498 
781 383 17 23 0.155301 
841 368 27 38 0.13877994 
618 352 23 29 0.13211222 
951 492 14 18 0.12161944 
636 362 15 22 0.117247805 
752 516 33 36 0.109485075 
678 398 25 35 0.109052345 
343 385 53 72 0.09931235 
847 442 29 36 0.093330964 
555 370 18 22 0.09229211 
116 752 15 18 0.089604095 
683 361 21 31 0.07965564 
827 619 27 35 0.07563747 
809 409 35 35 0.074174516 
675 405 17 25 0.073378906 
753 397 23 31 0.06890339 
861 616 32 42 0.0627503 
912 682 31 41 0.061219063 
793 377 18 25 0.06029875 
30 379 29 42 0.06014913 
833 349 15 17 0.055578265 
646 347 16 20 0.054821275 
836 354 16 20 0.054779086 
748 460 27 35 0.051998388 
77 665 21 28 0.051207002 
858 449 16 20 0.051032927 
944 677 12 15 0.05021058 
609 277 26 34 0.049741346 
595 340 29 33 0.04863499 
933 653 12 15 0.048104994 
941 653 11 13 0.048099283 
737 303 11 15 0.047733966 
883 598 12 15 0.046983503 
525 496 10 14 0.046928745 
682 339 13 17 0.046702888 
695 348 11 16 0.04636609 
806 423 50 50 0.044264104 
834 436 15 19 0.04373745 
614 341 39 47 0.043613996 
948 684 14 18 0.043338895 
806 468 49 48 0.043179616 
839 358 22 32 0.042048793 
517 677 15 19 0.041267205 
853 443 17 20 0.041057505 
827 348 43 52 0.03976774 
956 732 19 21 0.03925031 
977 316 24 30 0.03911297 
195 404 32 44 0.037555825 
689 405 17 23 0.036200177 
811 485 13 14 0.03612015 
13 241 10 12 0.03581647 
172 397 36 49 0.035132702 
821 375 43 50 0.03431813 
950 696 18 24 0.03394128 
806 520 15 20 0.033860035 
774 388 22 32 0.033182003 
714 303 14 20 0.03294236 
740 401 26 37 0.032921564 
329 417 35 48 0.03271708 
351 352 54 79 0.032435235 
833 595 41 50 0.03181018 
632 346 21 31 0.031528533 
256 353 47 57 0.031311613 
825 582 30 33 0.030710578 
915 398 14 20 0.030440105 
814 447 50 51 0.030274922 
941 659 12 15 0.030223558 
859 385 13 18 0.030107575 
691 393 26 31 0.029077819 
369 403 20 24 0.029037848 
872 656 28 32 0.028825335 
383 356 43 68 0.02847272 
826 434 28 32 0.028461866 
844 383 16 21 0.028355671 
948 659 13 16 0.0277724 
774 327 12 15 0.027652347 
859 394 14 18 0.027651664 
950 689 15 20 0.027550424 
431 455 88 127 0.027439313 
940 673 22 27 0.027081437 
887 401 16 21 0.027046245 
766 393 23 33 0.026825577 
849 589 41 52 0.026701862 
0 813 33 59 0.02666618 
44 372 30 45 0.026414199 
871 589 25 30 0.02631206 
621 349 16 21 0.026281454 
892 671 28 33 0.026256453 
842 616 31 42 0.025550976 
677 395 15 20 0.02530186 
751 321 15 18 0.02480982 
609 346 17 22 0.024379898 
852 392 15 19 0.024231479 
837 431 31 36 0.023733638 
935 675 12 15 0.023662115 
853 355 13 20 0.023385718 
660 382 39 54 0.023385616 
810 388 43 47 0.023327654 
646 335 24 28 0.023240088 
647 353 22 30 0.023107737 
854 466 12 14 0.022931732 
874 666 33 39 0.022908233 
629 364 15 21 0.022834606 
805 477 25 28 0.02256583 
367 389 51 66 0.022434374 
776 385 14 19 0.022383776 
910 658 15 20 0.022314565 
637 272 11 14 0.02219176 
223 672 24 35 0.022110555 
836 390 17 21 0.022045717 
791 394 32 40 0.021945465 
695 303 16 23 0.021621376 
949 654 10 14 0.021466171 
673 329 24 30 0.021441793 
896 661 44 59 0.021166675 
737 361 14 16 0.021108987 
879 402 13 18 0.021037022 
668 396 14 18 0.020967906 
699 386 17 21 0.0208104 
856 432 26 30 0.020180633 
900 662 24 33 0.020169245 
