2_Demonstration_Demonstration_Or_Protest_2_512
504
402 238 27 33 0.9969902 
963 375 54 85 0.9935959 
143 284 51 63 0.98315585 
935 279 26 31 0.82646954 
921 258 17 21 0.7049033 
469 229 12 14 0.60375786 
421 313 62 68 0.5810767 
992 207 11 13 0.5757324 
918 197 10 12 0.56823915 
242 210 18 20 0.56673026 
954 313 33 38 0.5489889 
735 258 13 16 0.54573727 
598 289 31 32 0.54470724 
989 272 14 17 0.5302674 
97 294 26 35 0.5249792 
674 278 32 52 0.51301837 
639 244 12 15 0.4495106 
902 266 15 20 0.44408065 
156 191 17 22 0.44082806 
114 348 43 55 0.4105591 
647 207 11 14 0.34569275 
732 310 45 53 0.3336742 
199 228 25 34 0.30957338 
569 343 41 49 0.30684227 
685 303 42 53 0.29576695 
295 207 11 13 0.2723272 
621 244 15 18 0.26685366 
1012 275 10 16 0.26506656 
172 212 24 30 0.25942892 
625 221 10 13 0.25516412 
243 391 50 82 0.2496458 
685 289 32 47 0.2398996 
1005 315 15 20 0.22729078 
910 260 14 18 0.22700001 
128 191 26 33 0.22439386 
679 189 13 16 0.21522518 
718 199 8 10 0.19419906 
596 238 11 15 0.19326738 
813 213 10 11 0.18158625 
658 249 15 18 0.16429675 
838 274 17 24 0.15971437 
666 205 9 13 0.15568113 
231 292 26 32 0.15166214 
49 202 16 20 0.14940923 
713 222 9 10 0.1445164 
705 307 45 54 0.1406413 
964 269 13 17 0.13953461 
829 245 10 12 0.13727614 
598 213 11 17 0.13692039 
704 207 8 10 0.13598323 
976 208 9 10 0.13377884 
735 225 7 9 0.13365519 
631 260 23 27 0.12383884 
805 229 9 11 0.12263694 
958 265 13 16 0.11776458 
608 184 9 13 0.11201248 
680 181 12 14 0.10986347 
590 213 11 16 0.10776055 
584 287 28 33 0.10698353 
667 297 44 53 0.106961295 
663 199 10 13 0.106611885 
1007 259 12 14 0.10417874 
798 206 8 9 0.103450075 
645 228 11 13 0.10123118 
751 244 12 14 0.09976329 
736 230 9 12 0.098873965 
429 201 14 16 0.098446995 
719 246 11 13 0.09827894 
604 214 12 15 0.09707878 
719 205 9 10 0.09651109 
181 219 26 35 0.09499877 
714 198 8 10 0.09435469 
944 382 51 83 0.09383532 
865 219 22 29 0.09292979 
768 248 10 12 0.0908993 
23 190 12 16 0.08929212 
969 274 14 16 0.088912316 
837 204 14 16 0.08781034 
442 223 25 31 0.08746643 
51 193 16 19 0.08510685 
606 206 9 12 0.082641914 
858 227 15 19 0.08237228 
742 235 10 13 0.08217281 
829 239 10 12 0.08197554 
451 211 16 19 0.08139413 
1 206 24 36 0.08122786 
928 262 17 19 0.08018256 
951 264 12 15 0.079714306 
331 182 24 30 0.07958882 
653 222 10 13 0.07924312 
771 245 14 16 0.078636944 
647 200 9 11 0.07849363 
615 247 13 17 0.07824137 
825 237 10 12 0.07771106 
825 231 10 12 0.07739316 
969 248 9 12 0.07738222 
574 211 13 14 0.07718684 
289 206 10 14 0.07619424 
302 319 56 73 0.07537797 
776 283 37 50 0.07518426 
792 289 25 30 0.07389622 
653 212 10 11 0.07358005 
623 184 11 14 0.07157968 
623 216 10 13 0.06975982 
433 195 16 19 0.06962893 
859 284 14 17 0.06887899 
977 212 10 12 0.06817255 
775 234 14 14 0.0681493 
927 314 22 28 0.067733765 
808 208 9 10 0.06753351 
533 408 51 66 0.0666069 
581 209 14 17 0.06642057 
593 252 10 14 0.06637981 
628 214 12 15 0.06580725 
549 327 53 60 0.065528356 
271 243 14 18 0.06550429 
857 260 15 17 0.06469687 
445 213 23 28 0.06435291 
202 228 39 56 0.063649595 
88 325 60 64 0.06348678 
534 238 17 22 0.06318795 
120 188 45 56 0.063132726 
210 238 14 19 0.063088015 
785 222 9 10 0.062235616 
35 201 14 20 0.06212736 
757 240 10 13 0.061826646 
655 239 11 13 0.06144888 
806 223 9 11 0.06133868 
637 249 15 19 0.061232824 
0 224 22 36 0.060916357 
310 147 11 13 0.06010448 
930 298 26 33 0.059614856 
210 229 15 18 0.05946333 
698 205 8 11 0.05933731 
1008 206 10 13 0.059304047 
638 212 11 14 0.05911242 
144 347 36 57 0.058833245 
317 201 12 15 0.058826353 
1008 196 9 13 0.058435813 
949 215 9 12 0.057921104 
872 323 45 54 0.057645887 
670 198 11 15 0.05693499 
464 194 14 17 0.05639912 
697 200 8 10 0.05636755 
823 198 9 11 0.055884466 
791 220 8 10 0.055518813 
627 228 11 13 0.055393603 
752 293 39 52 0.05529557 
778 323 27 38 0.05490627 
223 416 67 92 0.054842684 
295 197 12 14 0.054641455 
663 211 10 12 0.054247487 
822 207 8 10 0.053525243 
835 197 22 27 0.053384364 
429 189 15 17 0.053256772 
951 203 10 13 0.053024642 
1008 189 9 12 0.051642474 
461 224 20 26 0.051248647 
853 286 18 22 0.050816067 
600 207 10 14 0.050774332 
681 176 10 11 0.05034789 
639 222 10 13 0.05029548 
790 238 11 13 0.050203156 
692 231 10 13 0.049930014 
448 304 53 68 0.049653877 
805 325 48 53 0.04880031 
702 189 8 10 0.04876752 
974 222 10 13 0.048431154 
750 238 10 13 0.04755422 
623 207 8 10 0.047298726 
971 249 13 16 0.046777327 
180 206 13 17 0.046775024 
629 206 10 12 0.046738125 
615 205 9 11 0.04669366 
1004 300 12 16 0.04609972 
1013 186 9 14 0.045161296 
197 228 16 25 0.04512274 
991 262 12 16 0.045076948 
829 250 13 16 0.04482316 
606 242 15 20 0.044443212 
1002 190 8 11 0.044428688 
1000 304 20 27 0.04432484 
477 315 44 62 0.043887485 
347 195 15 17 0.04375935 
753 214 9 10 0.043692175 
736 207 9 10 0.043472692 
801 225 8 10 0.043414984 
838 244 11 14 0.043276634 
639 310 32 40 0.04266543 
80 300 52 54 0.04256753 
628 237 12 15 0.042370055 
300 172 26 34 0.04211928 
711 207 7 10 0.041722946 
647 191 8 10 0.04168161 
833 211 11 13 0.04139507 
312 204 12 14 0.041363575 
782 242 12 15 0.040966302 
668 222 12 17 0.04027624 
261 374 42 73 0.040033977 
843 244 12 15 0.039966825 
347 231 22 26 0.03993552 
553 199 11 15 0.03991617 
668 422 77 115 0.039797388 
584 218 12 15 0.03975575 
728 231 9 11 0.039755587 
1006 267 17 24 0.03965008 
285 338 51 74 0.03946278 
861 205 11 13 0.0390714 
776 207 8 10 0.038969178 
712 216 8 10 0.038923346 
49 182 25 33 0.0388107 
655 198 10 12 0.038635723 
613 214 11 13 0.038375746 
348 134 15 17 0.038145594 
1013 210 8 13 0.038093667 
613 238 13 17 0.03808647 
587 211 19 25 0.038053367 
312 172 28 36 0.03796723 
663 220 11 15 0.037709713 
588 206 11 16 0.037683137 
648 224 11 13 0.037339836 
993 278 16 19 0.03733717 
807 246 11 15 0.03730195 
661 191 9 12 0.03695271 
854 266 14 19 0.036913916 
660 241 23 30 0.03690181 
517 198 12 15 0.036703758 
435 225 16 21 0.03617805 
511 202 13 16 0.036102306 
983 274 21 25 0.03584196 
866 263 43 57 0.03576784 
287 191 8 11 0.03563266 
605 197 12 14 0.035623927 
394 180 12 16 0.035457276 
634 303 24 38 0.035403714 
961 306 20 23 0.03535903 
542 226 15 18 0.03507288 
855 222 14 16 0.03506419 
837 207 47 54 0.034979913 
413 174 10 12 0.034562413 
300 185 15 19 0.034476906 
354 195 14 16 0.034324184 
315 148 11 14 0.034268618 
744 213 8 10 0.03390035 
846 277 22 27 0.033890825 
696 183 10 12 0.033864025 
685 214 8 11 0.03382441 
640 188 9 11 0.03380175 
660 238 12 16 0.033707343 
835 251 13 17 0.033433568 
618 249 22 28 0.033152934 
274 355 45 77 0.03298239 
686 168 8 10 0.032959137 
570 212 11 15 0.03282901 
186 213 12 16 0.032793753 
641 235 15 18 0.032643575 
953 270 22 26 0.032530684 
658 281 32 39 0.032431357 
601 199 10 12 0.03241035 
717 238 11 14 0.032289762 
372 195 14 17 0.032277733 
0 157 11 20 0.032225914 
471 201 12 15 0.03222187 
23 190 20 27 0.031970948 
292 200 21 23 0.031965032 
935 267 23 28 0.031891815 
224 194 24 29 0.031813942 
627 248 14 18 0.031750746 
626 350 27 37 0.031629186 
752 230 9 12 0.03139652 
343 187 17 20 0.031352732 
791 198 9 11 0.03134986 
594 237 19 26 0.03130136 
343 128 25 27 0.03129287 
347 188 24 27 0.031109706 
630 182 9 13 0.030786298 
632 201 9 10 0.030752124 
990 203 17 21 0.0307442 
639 184 9 11 0.030714732 
272 237 42 52 0.030685984 
938 319 15 20 0.030447133 
752 287 27 36 0.030428907 
894 270 17 23 0.030388381 
515 268 26 43 0.03031629 
186 444 100 119 0.030247344 
803 284 14 18 0.030157492 
860 210 12 15 0.030154398 
427 209 14 15 0.030140784 
219 226 13 18 0.030137904 
349 240 23 29 0.030014133 
575 281 25 38 0.030003699 
790 280 46 54 0.02997874 
622 211 19 24 0.029881952 
279 191 10 12 0.02981312 
494 222 8 11 0.029801924 
13 200 28 36 0.029778289 
316 299 51 58 0.029632566 
608 291 41 51 0.029568085 
472 292 25 42 0.029475119 
859 281 23 32 0.029392384 
198 222 12 18 0.029323922 
798 201 9 11 0.029228583 
171 252 29 34 0.029101575 
743 184 8 10 0.028924273 
30 184 24 31 0.028924258 
212 223 13 16 0.028906627 
295 189 13 15 0.02882204 
640 250 22 26 0.028798096 
878 188 8 9 0.028750487 
625 249 42 47 0.028662255 
668 218 22 30 0.028662233 
656 191 9 12 0.028658742 
956 199 10 13 0.028634263 
917 230 15 18 0.028522907 
391 211 24 34 0.028453784 
982 207 9 11 0.028435903 
944 276 18 22 0.02836339 
814 267 14 20 0.028307607 
44 204 26 30 0.028266171 
192 215 40 52 0.028227512 
713 193 9 11 0.028071443 
832 197 11 14 0.027982892 
477 594 154 120 0.027968071 
825 225 8 11 0.027783416 
590 228 10 12 0.027639957 
505 317 44 57 0.027625762 
969 222 10 12 0.027611002 
26 200 25 32 0.027581336 
856 280 44 54 0.027533475 
36 187 40 51 0.02748309 
876 330 15 20 0.027403653 
214 212 42 57 0.027349053 
768 205 8 10 0.027272446 
688 235 12 16 0.027157376 
517 210 15 19 0.027142862 
227 202 12 15 0.027134484 
488 222 9 10 0.026991872 
999 197 10 12 0.026897848 
493 202 11 13 0.026844107 
613 185 12 15 0.02672071 
838 217 12 13 0.02661352 
389 149 12 14 0.026603503 
579 323 398 430 0.026567865 
969 191 8 11 0.026506178 
214 251 30 43 0.02646016 
172 252 49 65 0.026391389 
396 222 27 36 0.026351709 
58 319 56 67 0.026255824 
817 199 8 10 0.026164832 
784 265 29 35 0.02612734 
945 265 22 26 0.02608467 
494 229 10 13 0.026078423 
842 211 13 15 0.026040396 
726 236 11 14 0.026024073 
891 320 45 51 0.025794402 
793 206 9 10 0.025758633 
806 235 10 12 0.025662122 
646 323 38 39 0.025626853 
948 295 29 33 0.025624296 
279 396 26 49 0.025555357 
12 185 25 33 0.025544023 
830 221 11 12 0.025443247 
145 251 27 34 0.025369432 
798 270 25 31 0.025364496 
220 189 11 14 0.025294065 
940 261 14 17 0.02523191 
718 193 9 11 0.025221804 
921 265 25 30 0.024992269 
333 115 43 48 0.024918092 
839 260 23 30 0.024655325 
141 197 45 54 0.024611058 
92 143 45 66 0.024585709 
477 222 11 13 0.024578378 
736 213 8 10 0.024564002 
914 314 28 36 0.024515174 
790 261 13 16 0.024375305 
585 291 44 53 0.02430599 
653 254 18 22 0.024291353 
426 227 22 30 0.024245642 
755 249 12 16 0.024162978 
416 188 12 15 0.024155999 
476 197 13 15 0.024134494 
280 204 9 12 0.024081105 
1012 255 11 16 0.024036845 
932 293 19 23 0.023919748 
718 215 9 11 0.023713382 
687 221 9 13 0.023703167 
358 182 23 27 0.023625525 
469 220 21 25 0.023624819 
783 250 12 14 0.023566408 
782 208 8 9 0.023563206 
695 174 9 10 0.023556933 
712 236 10 13 0.023527082 
48 189 13 17 0.023483524 
868 203 12 14 0.023464352 
618 268 25 34 0.023423566 
486 197 12 14 0.023378463 
307 195 23 27 0.02336618 
499 198 12 14 0.023360325 
896 190 9 11 0.023351414 
480 192 10 12 0.023327842 
720 246 21 23 0.023322156 
318 185 15 19 0.023284243 
830 256 24 30 0.023279412 
243 353 53 72 0.023237422 
199 206 27 31 0.023191566 
326 208 24 33 0.023128847 
983 290 17 20 0.023057709 
394 311 59 76 0.023003638 
198 190 13 15 0.02297965 
790 193 8 10 0.022963362 
997 259 13 17 0.022908555 
422 189 12 15 0.02282934 
742 207 8 11 0.022805698 
461 202 13 19 0.022796016 
823 187 46 55 0.022713598 
851 234 48 61 0.022666248 
465 232 22 29 0.022589715 
757 273 24 29 0.022572426 
516 219 16 18 0.022545781 
268 236 23 29 0.02248481 
846 219 10 12 0.022484623 
173 180 12 15 0.02247338 
487 216 10 12 0.02236215 
479 215 10 12 0.022359949 
607 209 19 24 0.022339048 
430 205 24 29 0.022328546 
620 223 21 24 0.022302592 
813 260 13 16 0.022301365 
777 236 22 25 0.022272496 
797 215 8 9 0.022254512 
843 220 23 27 0.022253081 
236 173 10 14 0.022184612 
222 273 31 44 0.022159051 
237 285 15 20 0.022124857 
766 201 9 10 0.021930933 
245 242 13 17 0.0219209 
444 194 14 18 0.0219195 
668 213 11 13 0.02188485 
995 295 21 27 0.02183262 
974 199 8 11 0.021808783 
253 271 40 53 0.021799702 
488 203 11 13 0.021794531 
335 161 30 37 0.021770578 
640 198 9 11 0.021739362 
752 223 10 13 0.02157916 
963 261 14 18 0.021550713 
903 191 8 11 0.021542275 
605 273 29 38 0.021530064 
837 209 26 28 0.021524085 
811 250 12 17 0.021510174 
498 243 14 20 0.021505088 
716 319 57 79 0.021491837 
454 191 10 15 0.0214617 
926 205 10 13 0.021431092 
418 301 32 49 0.021336488 
518 201 25 28 0.021304633 
866 318 28 37 0.02127032 
763 275 29 36 0.02125214 
37 189 10 13 0.021210326 
701 237 10 12 0.021195944 
500 204 12 14 0.02119297 
996 219 11 13 0.021165311 
832 182 28 33 0.021090139 
105 277 29 45 0.021087416 
78 228 44 58 0.021014674 
508 197 23 28 0.021011777 
443 203 22 25 0.021007996 
968 216 9 11 0.020985406 
279 197 9 12 0.020944618 
854 294 28 35 0.020890955 
804 275 15 19 0.020881416 
622 256 13 18 0.020869283 
623 265 16 20 0.020817656 
501 213 11 14 0.020810328 
983 269 15 18 0.020777484 
165 181 12 14 0.020717999 
711 228 11 14 0.02071692 
714 245 11 13 0.020714656 
780 185 94 105 0.020626824 
209 225 25 32 0.020618243 
510 223 22 29 0.020568172 
863 199 9 11 0.020505661 
226 293 41 56 0.020440714 
183 233 29 41 0.020419877 
474 304 30 48 0.020392392 
723 259 26 29 0.020391328 
796 244 12 14 0.02039121 
264 202 11 13 0.020372743 
991 202 10 11 0.020288235 
520 230 23 30 0.020267295 
422 191 22 25 0.020264424 
19 184 41 55 0.020237466 
28 184 13 17 0.02016858 
291 243 29 37 0.020156767 
572 208 23 27 0.020136602 
733 229 20 25 0.020108981 
198 195 24 28 0.020098215 
596 229 13 18 0.020063125 
576 197 10 13 0.020062918 
613 197 12 15 0.020043558 
662 198 19 25 0.020042062 
776 224 9 11 0.02003234 
997 254 12 14 0.02000554 
