2_Demonstration_Demonstration_Or_Protest_2_114
39
359 127 87 140 0.99909973 
119 294 88 132 0.9975604 
499 326 34 53 0.9942694 
585 276 73 105 0.9903543 
768 370 50 67 0.9777019 
822 120 27 30 0.95973986 
904 121 29 41 0.4708306 
473 638 12 15 0.37690425 
770 353 17 24 0.25343892 
937 131 31 42 0.20205066 
493 644 17 23 0.18823498 
512 344 43 51 0.1144779 
763 359 32 46 0.104183905 
741 292 16 19 0.096532606 
814 226 25 33 0.093577206 
550 424 41 56 0.07747311 
934 108 49 73 0.077084206 
736 292 29 32 0.058720186 
749 329 12 16 0.04381653 
914 236 31 35 0.041450653 
469 631 20 25 0.03848167 
527 345 46 64 0.03655577 
850 156 14 17 0.034696482 
955 100 58 87 0.033534437 
747 285 15 19 0.033252724 
757 355 26 37 0.033110928 
915 124 32 45 0.031770274 
18 466 22 30 0.031318787 
462 597 10 12 0.030057527 
494 639 12 15 0.027298633 
452 603 13 16 0.025935424 
461 614 28 37 0.023771465 
562 411 48 67 0.02313223 
761 183 9 10 0.022688523 
447 605 11 13 0.022495525 
759 356 14 19 0.022187041 
811 104 44 49 0.021843214 
553 356 48 67 0.02141665 
440 644 12 16 0.021271026 
