2_Demonstration_Demonstrators_2_546
156
943 168 26 37 0.9950104 
802 202 27 33 0.9500017 
986 154 13 18 0.49973446 
148 187 16 20 0.48103806 
888 152 16 19 0.45196936 
320 202 27 35 0.44877788 
200 198 13 15 0.43409404 
357 134 14 18 0.41474262 
218 157 26 30 0.4014266 
302 228 12 15 0.39243168 
479 170 14 20 0.38031435 
326 134 10 12 0.27167 
678 127 19 26 0.24866907 
1000 181 11 14 0.24142504 
174 210 13 19 0.23454066 
243 136 24 29 0.20598646 
948 149 10 15 0.18679911 
154 180 16 20 0.17655155 
818 156 20 28 0.1707472 
676 127 12 16 0.16996916 
943 152 12 17 0.15641136 
689 128 15 19 0.13971575 
841 176 15 18 0.12596664 
164 202 11 15 0.11147939 
421 133 12 14 0.09925558 
983 158 20 28 0.095078126 
259 141 13 19 0.093685836 
610 151 25 30 0.09252658 
156 194 15 18 0.09030181 
331 133 10 13 0.08731516 
434 184 15 22 0.08243875 
663 167 11 15 0.07752713 
773 166 11 14 0.076529235 
390 127 11 15 0.06599274 
942 153 21 30 0.06303257 
282 172 15 21 0.059584305 
997 157 12 16 0.057317592 
213 152 16 21 0.05727184 
184 188 11 16 0.057248633 
276 163 12 16 0.055671576 
168 207 14 21 0.054244395 
897 217 13 18 0.053901564 
607 290 21 29 0.053315878 
223 197 11 15 0.05324071 
887 139 12 15 0.0507516 
816 157 13 18 0.050448027 
203 191 20 25 0.049398415 
381 188 14 18 0.049118005 
707 160 15 18 0.048748184 
141 175 11 14 0.047217354 
132 205 11 18 0.047057837 
376 180 26 33 0.046507314 
324 137 15 17 0.04560071 
355 128 14 16 0.04448675 
446 223 38 55 0.04412301 
431 239 10 13 0.044009257 
415 142 10 14 0.04322817 
396 131 11 16 0.04309376 
142 179 14 17 0.042677328 
669 172 13 16 0.04252894 
284 257 14 17 0.041297562 
799 201 17 25 0.040592 
755 146 15 19 0.040481873 
912 252 12 15 0.039969124 
160 197 20 26 0.039794218 
477 297 12 15 0.03965589 
311 215 23 31 0.03960062 
106 274 16 20 0.03934153 
352 127 10 12 0.039086062 
569 110 10 13 0.0381844 
621 154 26 31 0.037849937 
449 223 11 14 0.03743645 
333 188 36 46 0.03734118 
291 244 16 18 0.037252616 
145 188 26 32 0.036476575 
416 133 11 15 0.036394 
346 135 26 30 0.03538666 
1004 172 13 17 0.035086263 
343 140 13 16 0.034351774 
149 176 15 17 0.032663636 
529 158 10 14 0.032451987 
225 148 18 22 0.03233739 
463 222 10 14 0.03224967 
442 150 10 13 0.03151396 
1003 162 12 16 0.03146849 
294 222 22 27 0.031159142 
764 155 12 18 0.031063108 
769 168 22 32 0.030912777 
823 152 11 16 0.030753305 
808 163 11 16 0.030633237 
997 173 20 27 0.030334719 
263 122 11 15 0.030168276 
564 484 35 35 0.029759979 
974 161 15 20 0.029318541 
107 273 26 31 0.029076068 
606 154 16 23 0.02890633 
814 202 22 27 0.028358595 
329 196 17 23 0.027902579 
446 151 11 13 0.027483867 
271 298 28 42 0.027461328 
494 174 11 15 0.027431363 
884 138 20 24 0.026727896 
709 147 14 17 0.026632141 
717 150 12 14 0.026534012 
317 225 11 16 0.026468528 
837 182 17 22 0.025955897 
822 166 25 31 0.025866028 
271 157 11 16 0.025853205 
357 163 43 54 0.025484841 
407 133 12 16 0.025229799 
486 227 14 19 0.025080714 
387 133 16 20 0.024796192 
307 221 14 21 0.024745548 
669 164 12 16 0.024571786 
281 249 26 30 0.024533546 
180 184 20 27 0.024484962 
976 227 26 37 0.024418758 
233 154 15 20 0.024325533 
344 133 11 14 0.024181444 
133 198 11 15 0.024080826 
163 229 12 15 0.02404738 
697 163 11 16 0.023781978 
767 162 11 17 0.023594493 
743 148 13 17 0.023316978 
237 137 18 22 0.023285877 
949 182 28 33 0.023109246 
268 277 12 17 0.023073029 
1001 248 24 38 0.022943733 
338 202 16 23 0.022931075 
106 271 10 14 0.022758422 
139 171 23 30 0.02262144 
752 144 12 14 0.022459682 
807 159 22 28 0.022355156 
349 145 14 16 0.022279583 
707 155 27 29 0.022017619 
676 145 24 30 0.021999795 
768 169 13 19 0.02188366 
683 163 12 15 0.02187396 
260 132 13 16 0.02185436 
408 139 13 16 0.02180912 
570 309 13 17 0.021511488 
333 128 10 12 0.021406183 
130 188 37 49 0.021246389 
717 142 13 15 0.02089097 
298 239 14 19 0.020858122 
772 143 11 13 0.020719433 
335 162 46 60 0.02055118 
993 163 18 27 0.020384291 
677 141 16 20 0.020283727 
472 170 24 32 0.020243734 
138 179 11 15 0.020225586 
387 181 15 18 0.020217612 
332 145 12 16 0.020179674 
465 222 24 39 0.020095484 
258 135 22 31 0.020058202 
535 288 13 19 0.020016091 
