2_Demonstration_Protesters_2_826
222
893 239 61 75 0.9995334 
627 72 32 45 0.99937004 
706 203 49 70 0.9988524 
604 140 36 43 0.9981889 
544 168 43 54 0.996903 
580 76 26 32 0.97967416 
56 86 29 40 0.96411294 
498 148 28 39 0.95741653 
517 68 13 18 0.9278238 
227 101 18 22 0.89458686 
179 114 15 21 0.8800064 
545 104 17 24 0.8398136 
424 83 17 24 0.7582637 
210 81 17 20 0.6634473 
519 124 20 24 0.57504445 
91 82 12 16 0.52864 
256 68 10 12 0.49774206 
562 55 21 27 0.47731876 
686 68 13 16 0.41423234 
386 82 15 19 0.40933362 
617 67 13 16 0.36891264 
141 102 13 16 0.31041086 
536 75 12 14 0.30177402 
181 86 8 11 0.28299457 
200 108 11 17 0.27647537 
552 66 11 15 0.2682469 
509 132 27 36 0.24734569 
26 98 31 37 0.24085096 
359 88 21 26 0.23165686 
400 56 7 10 0.22627053 
545 32 8 10 0.22012429 
415 105 12 17 0.188204 
405 89 10 14 0.1693744 
685 72 16 24 0.16383412 
435 136 27 34 0.14755468 
401 184 35 54 0.13539834 
99 85 12 14 0.12906894 
780 87 12 16 0.124756165 
399 86 10 12 0.12361581 
315 100 15 19 0.12306046 
488 77 11 14 0.12257329 
376 364 52 80 0.122214295 
131 99 15 18 0.11343397 
412 62 9 12 0.111880854 
372 189 51 58 0.11143418 
450 136 26 32 0.10565469 
369 89 15 19 0.105007835 
334 136 28 38 0.09703709 
504 65 11 14 0.095800884 
234 74 10 14 0.09246386 
576 67 24 30 0.09078015 
252 70 23 32 0.088696636 
869 62 14 16 0.0838885 
676 55 10 13 0.08293864 
423 77 15 20 0.082814835 
40 92 32 39 0.08014996 
254 44 8 11 0.07892152 
455 56 8 11 0.07848248 
0 128 10 18 0.07623952 
455 147 26 35 0.071405016 
148 106 11 15 0.07117167 
86 79 19 25 0.07068965 
431 90 16 19 0.068706326 
152 84 10 12 0.06786283 
255 73 14 19 0.066354185 
137 132 12 15 0.062419694 
311 94 11 15 0.061732233 
353 64 7 8 0.060573414 
684 80 21 29 0.060544685 
213 89 21 25 0.06021761 
465 154 25 30 0.059649363 
529 110 22 25 0.058368128 
618 68 28 37 0.05792633 
1002 167 8 12 0.057780396 
324 100 14 19 0.05633485 
121 99 12 16 0.054549247 
279 39 10 12 0.05444862 
852 92 23 34 0.053789087 
551 61 21 27 0.053263936 
200 78 21 27 0.053222906 
491 83 10 13 0.052278206 
993 159 7 9 0.052213248 
677 82 13 19 0.051693387 
455 60 10 13 0.0501252 
349 134 12 16 0.04967115 
540 70 12 16 0.0486709 
449 54 9 11 0.04850431 
883 80 13 16 0.048266575 
442 93 13 17 0.048250556 
466 97 16 22 0.047816753 
416 193 32 44 0.046591945 
487 72 8 11 0.04521108 
175 98 23 33 0.045154337 
175 110 13 18 0.04513069 
552 100 23 28 0.044938404 
27 104 19 22 0.044175476 
332 100 12 17 0.04413246 
157 80 8 10 0.04345566 
459 84 21 28 0.04262822 
670 83 13 19 0.042462982 
199 81 13 17 0.042296495 
321 37 9 12 0.042033646 
887 51 11 14 0.04189068 
68 82 24 33 0.04127449 
1014 182 7 10 0.040770754 
392 62 9 11 0.03840219 
562 99 16 21 0.03811736 
361 336 86 128 0.03773823 
412 68 10 12 0.037426684 
624 32 11 14 0.037313707 
59 14 13 17 0.037281595 
376 30 7 9 0.03714061 
215 101 22 27 0.036698464 
262 43 9 11 0.03666072 
193 106 19 26 0.03603605 
365 125 14 17 0.03559524 
522 61 13 16 0.035414215 
413 56 9 11 0.035364613 
503 170 31 40 0.03527829 
1006 172 8 10 0.03516477 
406 99 13 20 0.03489805 
734 62 11 15 0.03453018 
21 11 27 31 0.034468908 
203 110 14 20 0.034024857 
949 80 10 13 0.033892777 
126 95 15 18 0.033823717 
442 103 16 19 0.03380545 
334 93 11 16 0.033665456 
481 62 9 11 0.032996815 
1002 183 8 10 0.032909375 
218 80 12 14 0.032746103 
526 54 10 12 0.032331128 
519 110 12 16 0.03221306 
353 89 11 17 0.032206602 
193 77 10 12 0.032107256 
406 55 9 12 0.031826235 
211 157 25 29 0.0315769 
207 70 10 13 0.031297848 
476 99 16 22 0.031185765 
455 72 22 26 0.030778278 
529 46 8 11 0.03060057 
861 84 14 17 0.030499643 
285 40 8 10 0.030010303 
458 132 17 21 0.02970452 
454 69 12 17 0.029703422 
273 39 9 11 0.029456716 
340 137 17 23 0.029331537 
186 107 17 24 0.029302696 
529 31 7 10 0.029241236 
424 54 8 11 0.029105831 
597 60 15 18 0.028682161 
667 220 37 59 0.028084796 
419 93 16 23 0.027356626 
47 3 12 15 0.02713091 
693 83 21 31 0.027077053 
316 109 17 20 0.026804348 
545 139 30 34 0.026586086 
485 99 14 23 0.026482029 
384 5 97 121 0.026441779 
327 94 11 16 0.026338156 
589 69 24 30 0.026155401 
913 75 14 17 0.026148522 
249 81 10 17 0.026043905 
517 117 16 21 0.025804551 
501 74 13 17 0.02566261 
480 69 11 15 0.025538921 
729 132 10 13 0.025496816 
53 5 11 13 0.025494654 
167 107 12 15 0.025458865 
506 148 39 53 0.025222292 
405 325 96 137 0.02505969 
333 145 17 24 0.024913957 
550 54 11 13 0.024842339 
155 108 13 16 0.024789888 
46 10 25 32 0.024719937 
466 138 15 21 0.024636608 
271 61 10 13 0.024577277 
397 67 12 14 0.024367906 
173 130 14 18 0.024273667 
692 104 13 18 0.024271887 
1011 89 11 18 0.024077497 
485 111 13 20 0.023786847 
333 61 8 10 0.023697404 
701 105 12 17 0.023677424 
449 70 11 14 0.023329737 
395 55 8 10 0.023222154 
920 60 13 15 0.023178693 
355 130 13 16 0.022949457 
0 125 18 31 0.022768011 
690 62 12 15 0.022649687 
825 414 29 34 0.02250626 
358 63 7 9 0.02247594 
687 97 14 20 0.022334395 
529 37 8 10 0.022306902 
559 53 16 20 0.022275478 
495 54 8 11 0.022199454 
390 69 11 14 0.022036793 
452 125 15 18 0.022019824 
438 122 27 32 0.021865964 
866 73 15 19 0.021830726 
996 289 28 48 0.021640942 
858 82 22 30 0.021571703 
450 59 9 13 0.021376748 
663 160 39 53 0.021257441 
512 122 16 22 0.021185612 
421 138 27 35 0.021104716 
407 47 8 10 0.02100768 
259 64 11 13 0.020949433 
596 67 15 19 0.02091814 
357 185 35 37 0.020894537 
400 86 20 27 0.02086433 
384 86 23 30 0.020840408 
131 112 17 19 0.020686146 
284 74 12 18 0.020618765 
191 82 11 15 0.020608272 
329 61 8 11 0.020527942 
175 89 12 16 0.020477325 
140 111 16 18 0.02042316 
176 80 18 23 0.020365467 
134 128 21 24 0.020247765 
1007 184 8 10 0.02010692 
1003 189 8 11 0.020081507 
