2_Demonstration_Political_Rally_2_659
62
34 241 103 119 0.9998914 
509 194 127 143 0.9994666 
161 289 28 32 0.9988955 
731 238 51 59 0.99885225 
960 243 64 81 0.9981989 
194 275 33 48 0.9913523 
-2 323 34 44 0.98861516 
232 284 23 40 0.9784225 
367 272 20 27 0.9754174 
406 276 17 24 0.8474652 
1 291 25 29 0.45122507 
258 248 29 35 0.3341852 
451 266 47 56 0.25510845 
166 276 36 50 0.24814941 
897 216 29 38 0.14037237 
208 278 35 48 0.12592517 
835 259 50 62 0.08872354 
766 213 41 49 0.08563621 
341 274 15 19 0.08512463 
451 261 25 31 0.08125929 
435 277 12 14 0.07979728 
139 288 26 34 0.07860305 
867 252 38 60 0.07558609 
-1 656 21 52 0.06447641 
476 221 103 112 0.06350255 
275 241 27 33 0.054612793 
895 201 13 17 0.04944246 
434 281 15 20 0.0453741 
341 278 21 26 0.04449788 
442 253 79 96 0.042493314 
894 227 14 20 0.04041242 
353 381 10 15 0.038129695 
404 271 15 18 0.03712599 
236 297 33 44 0.03349485 
448 266 13 18 0.032867335 
886 219 25 35 0.032667212 
901 197 13 16 0.032616366 
867 227 40 59 0.03217971 
894 196 24 32 0.031482786 
906 220 16 23 0.03063747 
782 496 63 74 0.029977882 
800 254 57 68 0.029213782 
736 205 10 13 0.029102987 
266 257 30 39 0.028641032 
255 250 15 19 0.027902618 
750 227 55 67 0.027355332 
887 253 45 63 0.027257683 
363 345 12 15 0.027101988 
941 255 49 67 0.02709153 
886 187 14 17 0.026640238 
397 279 16 22 0.026521593 
443 290 13 16 0.02643101 
17 297 15 20 0.02594331 
193 301 31 40 0.025661359 
717 244 15 23 0.024540024 
138 271 46 58 0.023189886 
904 262 44 62 0.022512684 
209 240 28 33 0.021674294 
390 282 15 19 0.021342473 
206 222 13 17 0.021018518 
871 210 12 16 0.020305883 
289 241 19 26 0.020055227 
