2_Demonstration_Political_Rally_2_286
26
807 663 86 104 0.9987834 
142 362 195 259 0.9963037 
432 727 82 103 0.9946997 
804 224 17 23 0.057883855 
758 71 9 11 0.043196604 
996 182 14 17 0.04311444 
506 114 13 16 0.036103662 
882 179 11 15 0.034273047 
808 173 9 12 0.033494595 
990 178 25 28 0.033249974 
82 317 364 402 0.03257803 
900 189 14 19 0.030089092 
741 161 12 15 0.029229937 
112 525 352 512 0.029179843 
616 118 12 16 0.027868047 
423 432 9 11 0.027706414 
389 430 8 11 0.026571305 
415 423 8 10 0.025925547 
699 781 32 36 0.025731351 
775 165 13 18 0.024584955 
422 437 10 11 0.023978474 
732 82 10 12 0.023941379 
438 445 10 12 0.022987623 
406 414 10 12 0.02215767 
833 82 14 17 0.021602832 
825 171 12 17 0.020657409 
