2_Demonstration_Demonstration_Or_Protest_2_368
191
736 219 30 37 0.993852 
643 230 17 24 0.978564 
374 224 17 24 0.9587669 
609 239 22 27 0.9492999 
877 240 22 33 0.9392741 
5 216 15 19 0.91332084 
35 248 16 20 0.90493256 
979 260 23 28 0.8247726 
519 219 15 19 0.75739497 
564 243 14 19 0.7210027 
300 234 16 20 0.66762036 
174 237 13 15 0.5270438 
426 228 13 16 0.48061895 
460 238 12 16 0.42105147 
151 236 11 14 0.41983104 
954 276 15 20 0.37178493 
93 229 13 17 0.32956648 
574 222 14 18 0.27928105 
724 235 14 19 0.2523966 
968 256 15 19 0.21543781 
444 283 12 15 0.20842929 
722 225 24 32 0.20547432 
828 206 10 13 0.20440643 
971 255 22 27 0.18979959 
1006 233 17 23 0.17775615 
879 238 14 21 0.16840808 
70 232 10 13 0.16191034 
151 220 11 14 0.15694322 
1008 255 14 20 0.1536345 
98 225 17 20 0.13708042 
156 227 13 18 0.1351987 
207 245 13 15 0.1205722 
962 260 22 28 0.118395396 
950 259 12 17 0.10889157 
455 229 12 16 0.10889029 
403 208 13 17 0.10583744 
950 253 20 28 0.09375586 
53 208 9 12 0.08977808 
874 241 37 47 0.087243885 
890 253 29 34 0.0853749 
828 241 12 13 0.084385924 
853 231 9 11 0.08200513 
804 276 13 14 0.08012187 
86 215 10 14 0.07677169 
849 230 9 11 0.07194426 
211 238 13 15 0.070269555 
466 237 14 17 0.070055075 
127 211 12 15 0.06402744 
965 212 26 31 0.06020852 
3 267 14 21 0.060184047 
971 298 23 32 0.058816228 
869 249 16 22 0.05859062 
69 211 12 14 0.05815046 
293 290 12 16 0.057885885 
476 237 12 15 0.05771211 
566 232 20 25 0.05567987 
5 166 9 12 0.05296631 
507 245 15 18 0.049163938 
872 231 9 12 0.049098946 
76 228 11 14 0.049039554 
788 204 16 19 0.048126116 
162 225 15 19 0.047882598 
172 246 16 19 0.047028616 
438 276 21 26 0.046751343 
63 229 11 15 0.046267003 
958 275 22 34 0.046092886 
44 236 15 18 0.045454767 
256 398 10 12 0.0447031 
867 284 13 16 0.044601902 
40 227 13 16 0.043675296 
105 190 11 14 0.042282015 
824 209 11 14 0.042199798 
903 206 10 12 0.041975103 
879 231 10 15 0.041807733 
325 251 12 15 0.041477017 
514 223 23 27 0.041475676 
447 243 11 14 0.039674632 
207 249 17 18 0.039503288 
48 206 11 14 0.03944814 
860 205 12 16 0.039377555 
553 223 9 12 0.038970158 
50 234 14 17 0.03774347 
88 232 14 17 0.037713103 
18 172 8 11 0.036694515 
965 226 31 37 0.036655355 
80 222 10 13 0.036521435 
174 221 10 13 0.036265943 
794 210 12 16 0.036182314 
690 264 15 17 0.035870574 
896 264 27 37 0.035783138 
808 220 12 16 0.035267 
144 236 13 16 0.035239335 
904 294 26 34 0.035174597 
466 248 16 17 0.035156056 
47 183 9 10 0.035051003 
1 171 9 13 0.034935474 
149 216 19 24 0.034544475 
0 195 10 14 0.034084003 
47 190 9 11 0.033999503 
493 235 13 16 0.03312003 
877 281 14 16 0.03231649 
285 395 25 30 0.03198249 
963 286 25 35 0.031934243 
125 236 12 15 0.031788543 
149 230 18 24 0.031725626 
223 229 11 15 0.031599443 
3 189 11 13 0.031322073 
437 286 15 18 0.031086862 
44 222 13 15 0.030990275 
437 245 11 14 0.030542815 
293 237 18 21 0.030346973 
894 205 11 13 0.030243406 
167 233 14 18 0.030200828 
884 125 17 22 0.029787604 
31 182 9 10 0.029755328 
105 221 15 19 0.029404897 
888 206 10 12 0.029283617 
421 235 23 27 0.02923083 
287 298 11 14 0.029065758 
775 246 11 14 0.028971575 
70 311 10 12 0.02896338 
667 271 16 21 0.028897725 
106 165 10 13 0.028766796 
73 233 13 16 0.028493885 
895 199 10 12 0.02842414 
824 200 18 24 0.028413633 
200 244 13 14 0.028219763 
501 234 13 17 0.027835198 
384 225 15 20 0.027600417 
862 251 14 20 0.027512418 
229 394 14 15 0.027130902 
943 274 24 30 0.02690794 
655 317 14 20 0.026779061 
505 229 22 28 0.026627513 
840 222 10 13 0.026416551 
650 157 25 32 0.026401695 
328 301 10 12 0.026388803 
125 217 13 16 0.026302584 
428 283 13 16 0.026221992 
916 198 10 14 0.025723094 
1001 233 14 19 0.025713284 
836 258 16 21 0.025633642 
567 225 15 18 0.025595019 
802 269 22 25 0.025565011 
575 217 11 12 0.025307916 
477 230 12 15 0.025185907 
845 223 11 14 0.024913995 
142 222 21 26 0.02490948 
156 216 12 14 0.024909418 
214 227 12 15 0.024777666 
549 236 13 16 0.024668947 
342 350 8 11 0.024628868 
836 244 11 13 0.024588248 
460 222 13 16 0.024447098 
147 82 16 19 0.024183305 
288 292 12 14 0.024082638 
475 250 14 17 0.02376027 
873 236 10 14 0.023696275 
114 12 16 19 0.023647085 
373 203 12 14 0.02361488 
64 190 11 13 0.023171715 
47 318 8 11 0.02307275 
874 152 16 19 0.02292397 
53 180 9 12 0.022923118 
823 238 21 27 0.022683013 
130 205 12 14 0.022670748 
108 194 11 14 0.022624888 
435 227 12 16 0.022531543 
398 293 12 15 0.022526823 
68 180 10 12 0.0224604 
827 256 14 22 0.022303056 
222 243 11 14 0.022278057 
301 404 12 14 0.022270959 
287 244 11 15 0.022219144 
531 226 13 16 0.02213734 
83 276 14 16 0.022033243 
625 241 16 20 0.021900808 
901 284 25 30 0.021740584 
467 228 14 18 0.021573288 
467 220 12 16 0.02153564 
596 249 15 20 0.021359826 
491 72 30 36 0.021327108 
856 208 12 16 0.021313783 
119 195 11 15 0.021218773 
55 176 7 9 0.021147711 
963 242 26 32 0.020811545 
1 276 17 24 0.020806074 
292 402 13 16 0.020555064 
556 227 10 14 0.020319376 
470 233 20 24 0.020198489 
16 168 9 11 0.020083701 
