2_Demonstration_Demonstration_Or_Protest_2_795
127
453 439 134 150 0.99987984 
621 148 10 14 0.56426924 
408 144 10 12 0.44921964 
262 136 8 11 0.38561732 
677 150 9 11 0.32233536 
751 144 14 16 0.3159925 
445 139 11 13 0.161573 
462 130 13 16 0.13835756 
617 144 10 12 0.118521 
223 136 9 11 0.11059682 
258 135 9 12 0.09093849 
135 141 7 10 0.0896644 
574 135 10 12 0.08901837 
47 190 11 14 0.08092149 
589 139 11 13 0.077982746 
237 141 9 12 0.07098464 
747 141 10 13 0.07051929 
720 141 7 11 0.06971472 
553 137 9 12 0.06094458 
368 140 9 11 0.0606985 
93 144 7 9 0.059334554 
679 144 8 11 0.05853617 
657 141 9 10 0.05795849 
679 135 7 9 0.056755923 
656 150 10 12 0.053653363 
656 134 9 11 0.050532334 
106 143 7 9 0.049722858 
656 128 7 9 0.04925196 
617 155 9 11 0.048831407 
662 142 7 10 0.04851186 
688 141 9 11 0.0480476 
765 274 18 19 0.04772261 
165 151 9 12 0.046494894 
584 136 10 13 0.046334352 
233 141 8 11 0.044936948 
678 155 9 11 0.04490011 
480 178 17 19 0.04362409 
286 171 9 11 0.04330898 
206 457 29 34 0.043086298 
629 150 8 11 0.041722573 
87 170 10 14 0.039048314 
693 157 10 12 0.03838762 
630 157 7 9 0.038245495 
694 143 10 11 0.03814012 
527 139 10 12 0.03735763 
334 140 8 11 0.036415868 
673 145 8 9 0.035935853 
334 128 8 11 0.03483757 
384 134 10 12 0.034796156 
628 143 8 10 0.03473366 
516 184 20 20 0.03460057 
569 141 9 11 0.034443285 
106 148 8 10 0.03389058 
638 152 8 10 0.03353858 
346 151 8 10 0.033398617 
570 136 8 11 0.03325505 
492 212 50 61 0.0327937 
422 143 8 10 0.032791756 
281 168 9 11 0.032646064 
151 143 8 10 0.032394007 
333 133 9 12 0.032374553 
728 141 9 11 0.032146443 
256 139 10 13 0.031876173 
32 190 10 12 0.03114486 
226 562 23 31 0.030873127 
89 149 8 10 0.030678693 
303 142 9 11 0.030621728 
262 168 8 10 0.030560164 
765 142 10 13 0.02951148 
847 91 42 58 0.02930123 
747 142 23 27 0.02894041 
674 134 7 10 0.02838424 
20 173 11 13 0.027605103 
131 141 8 10 0.027553968 
304 136 7 9 0.027547507 
648 142 8 10 0.027250359 
534 137 8 10 0.02703829 
732 142 9 12 0.026781073 
690 157 8 10 0.026767952 
72 143 7 9 0.026683513 
444 144 14 16 0.02651463 
345 134 9 11 0.02649685 
499 215 29 34 0.025920682 
606 142 9 11 0.025676487 
825 108 49 71 0.025498008 
710 134 8 10 0.024924895 
249 148 8 11 0.02467194 
374 142 8 10 0.024575181 
402 142 8 12 0.02450254 
471 186 12 15 0.024482595 
674 129 7 10 0.024356954 
649 157 8 11 0.024326436 
345 119 8 10 0.024108784 
755 135 13 17 0.023848819 
309 142 8 11 0.023771085 
231 137 9 11 0.023770645 
727 164 8 11 0.02372259 
649 191 8 10 0.023642747 
614 166 9 11 0.023483928 
176 167 9 12 0.023419792 
687 137 8 10 0.02339067 
295 169 8 11 0.023260022 
688 151 9 11 0.02320137 
146 151 7 10 0.022853982 
598 136 8 10 0.022419311 
60 179 12 15 0.022392394 
708 157 9 12 0.022253372 
232 150 9 11 0.022220459 
160 154 11 14 0.022065824 
23 159 11 13 0.02171966 
93 165 11 14 0.02166999 
102 166 12 15 0.021395978 
23 166 10 12 0.021277776 
298 143 8 11 0.021179691 
592 187 10 13 0.021123808 
687 197 8 11 0.020918468 
728 159 9 11 0.020797119 
671 168 8 10 0.020754995 
688 191 8 11 0.02054432 
145 143 7 9 0.020536227 
661 157 9 10 0.020515777 
256 167 9 11 0.020298893 
483 141 15 18 0.020280821 
294 184 8 10 0.02022558 
93 148 9 10 0.020168472 
731 148 11 14 0.02016388 
48 184 10 13 0.020137563 
