2_Demonstration_Demonstration_Or_Protest_2_476
2431
623 560 28 32 0.99161035 
137 496 19 24 0.99098295 
991 592 24 33 0.99046284 
274 502 21 26 0.98786575 
692 599 35 39 0.98786235 
193 502 19 23 0.98504317 
428 366 17 22 0.9849519 
781 504 25 28 0.9845584 
192 553 22 27 0.9838133 
126 293 14 18 0.9825905 
81 343 17 21 0.98122555 
577 328 19 22 0.9798636 
333 222 13 16 0.97922254 
786 443 25 28 0.9772175 
604 333 17 23 0.9770996 
823 588 26 30 0.97260123 
749 469 24 29 0.9722758 
515 399 21 25 0.97205883 
121 359 18 22 0.9713098 
678 464 24 28 0.9703344 
947 445 26 30 0.96839404 
132 406 16 20 0.96711296 
754 578 30 32 0.96472967 
217 480 17 23 0.9627316 
627 455 24 29 0.9615455 
389 605 19 25 0.96075267 
474 283 16 19 0.9595543 
996 520 24 30 0.95886356 
875 532 27 35 0.9562435 
35 419 23 27 0.9525347 
28 223 15 17 0.94973916 
327 618 23 28 0.94916004 
740 373 24 28 0.94880146 
385 276 16 20 0.9472472 
524 467 17 22 0.94708294 
100 304 18 21 0.9440349 
235 163 16 20 0.9434418 
50 253 17 19 0.94273025 
691 377 21 25 0.9403591 
274 294 19 22 0.94027036 
318 200 15 17 0.93608546 
589 386 22 26 0.9356684 
901 389 24 26 0.93443346 
267 227 14 19 0.9274657 
847 324 22 25 0.9272528 
767 403 24 27 0.92646617 
539 362 22 26 0.92524135 
643 324 21 26 0.92484146 
493 293 18 22 0.92449033 
12 251 16 20 0.9237302 
247 483 22 26 0.92341477 
801 413 23 28 0.9208429 
524 570 22 26 0.92049944 
460 427 22 28 0.9201561 
944 289 23 28 0.9175485 
173 304 18 22 0.91393566 
579 255 18 21 0.9138437 
989 373 26 29 0.9130194 
196 260 15 18 0.9102737 
439 344 19 24 0.9099421 
226 426 20 25 0.9078383 
7 330 18 22 0.90780526 
827 432 24 28 0.90595305 
91 481 19 22 0.90580916 
983 319 23 28 0.9048303 
928 402 26 29 0.9043241 
320 252 17 20 0.9036111 
530 249 17 21 0.9026909 
237 310 19 22 0.9009552 
303 610 22 27 0.90076506 
579 437 23 26 0.89666474 
730 508 24 28 0.89560854 
500 494 23 27 0.8953942 
812 289 19 22 0.8947117 
880 473 22 28 0.89409983 
781 182 15 18 0.8935259 
752 263 20 23 0.8931706 
905 291 20 24 0.8912425 
620 174 14 18 0.88733333 
281 359 17 21 0.8872657 
804 221 17 20 0.88657594 
179 159 14 16 0.88076794 
63 439 20 25 0.87913114 
808 246 20 22 0.876465 
46 380 15 18 0.87632686 
920 257 20 23 0.8744612 
469 543 20 24 0.8744411 
108 427 22 24 0.873425 
516 608 20 24 0.8724612 
553 465 23 29 0.86910135 
622 300 21 25 0.86714005 
435 212 17 20 0.866428 
443 462 19 23 0.8661924 
418 406 21 23 0.8656792 
283 405 19 23 0.8623279 
337 268 19 22 0.85980636 
425 491 23 27 0.85947937 
138 381 17 22 0.85832936 
639 429 21 25 0.85755646 
879 209 14 18 0.85499585 
46 233 14 16 0.8496133 
302 279 16 19 0.84853643 
401 170 14 18 0.848311 
499 352 17 20 0.84811956 
468 375 15 19 0.84503436 
421 340 17 20 0.8410831 
293 246 14 17 0.8362432 
922 627 21 28 0.8330524 
111 131 14 16 0.8250291 
638 371 21 26 0.82367045 
520 299 18 21 0.81860113 
509 215 16 19 0.81707585 
912 319 23 24 0.8168725 
169 119 16 19 0.816681 
328 334 18 20 0.81353015 
908 190 14 16 0.8062514 
992 150 19 21 0.8018594 
878 415 25 31 0.8010518 
258 74 14 17 0.8004425 
885 175 14 18 0.8002092 
262 204 13 17 0.7988783 
80 419 19 23 0.79760164 
489 650 28 31 0.7971038 
372 295 15 19 0.79574805 
701 245 14 17 0.79144555 
456 263 15 20 0.790313 
27 356 17 21 0.7887851 
213 646 27 30 0.7886076 
887 357 22 27 0.7871397 
207 377 15 18 0.78395385 
661 215 17 21 0.7760421 
200 444 21 26 0.7731131 
213 281 13 17 0.7728817 
221 405 17 22 0.76621914 
646 74 13 16 0.7644736 
191 327 16 19 0.7644552 
733 104 13 17 0.7638508 
87 261 13 17 0.7553877 
722 147 16 19 0.75530475 
138 233 17 19 0.7534317 
562 554 22 29 0.75261694 
425 50 13 17 0.74804074 
789 101 14 16 0.747342 
80 380 16 19 0.7468276 
575 364 19 21 0.745859 
403 455 22 25 0.7421304 
572 501 23 25 0.73259383 
45 324 19 22 0.7314384 
825 181 15 17 0.7308545 
587 623 27 32 0.73032576 
360 247 19 22 0.72756016 
631 235 16 19 0.7272113 
733 281 19 21 0.72449327 
613 224 15 19 0.72025937 
181 404 16 20 0.7192674 
516 104 14 18 0.71649873 
366 323 17 19 0.71433616 
402 225 17 19 0.7021483 
239 386 19 22 0.7011017 
732 419 25 30 0.6984349 
314 371 18 22 0.6972437 
252 344 19 20 0.6971792 
165 348 17 21 0.6954904 
503 179 13 16 0.69391376 
185 428 17 22 0.6917226 
262 431 17 22 0.69103366 
360 441 21 25 0.6870989 
670 430 24 27 0.6850996 
133 155 12 16 0.6843233 
431 299 18 21 0.6835248 
927 164 14 18 0.6830435 
555 314 19 21 0.6816016 
701 145 14 17 0.68016654 
741 235 16 18 0.6767556 
112 178 13 17 0.67379427 
363 402 22 24 0.6717499 
383 188 18 20 0.6702264 
416 265 17 21 0.6640966 
143 210 14 17 0.66336465 
244 588 22 25 0.6581039 
714 96 13 17 0.65537375 
447 151 14 17 0.6444329 
94 232 15 17 0.6434819 
252 189 15 17 0.6429343 
651 531 29 33 0.64125025 
382 223 17 19 0.64109015 
314 169 14 18 0.6368125 
506 332 18 20 0.6362043 
331 111 14 15 0.6347556 
275 555 25 28 0.63284993 
868 298 18 20 0.63179505 
650 496 21 24 0.63161504 
376 376 17 20 0.62759507 
661 242 20 23 0.62466407 
215 221 14 18 0.622759 
170 69 12 15 0.62269855 
629 123 13 15 0.62052625 
338 353 17 22 0.6193763 
517 196 16 19 0.61773485 
900 76 13 15 0.610545 
690 214 16 19 0.60578114 
692 202 14 16 0.6028068 
557 227 16 19 0.60239345 
332 495 22 25 0.59914863 
169 273 14 17 0.59752446 
150 164 15 18 0.59391963 
209 139 12 15 0.59352684 
527 162 13 17 0.5924462 
540 206 17 20 0.59080064 
243 234 13 17 0.58898795 
601 82 14 17 0.58421296 
292 208 16 19 0.58051836 
229 199 14 17 0.57696354 
90 70 14 16 0.5728851 
334 178 16 19 0.57138443 
827 74 12 15 0.56558114 
140 104 13 16 0.56348556 
324 292 19 23 0.56297755 
865 237 20 23 0.56122047 
131 187 14 16 0.5610893 
799 319 21 24 0.55790794 
303 341 20 22 0.5567778 
863 389 23 27 0.55437297 
675 181 12 15 0.55203646 
258 264 17 20 0.55175805 
734 206 16 19 0.55119956 
589 291 16 20 0.5502174 
591 109 12 14 0.54514205 
1003 218 17 20 0.5407281 
756 150 14 15 0.5374902 
427 124 14 16 0.5365476 
905 238 18 21 0.53577775 
607 195 13 15 0.5333498 
623 52 12 15 0.53279895 
322 133 13 15 0.52950895 
398 255 16 19 0.5287767 
645 15 11 15 0.5287216 
625 198 12 14 0.52386177 
795 133 12 15 0.51405245 
552 297 17 19 0.5120381 
569 53 11 13 0.5106543 
458 235 17 21 0.50602204 
301 86 14 17 0.5054627 
112 153 14 16 0.5047907 
13 220 12 16 0.5025359 
285 95 13 15 0.50087595 
972 225 15 18 0.49938795 
20 271 17 19 0.49808934 
395 114 14 15 0.49789053 
846 131 13 15 0.4937053 
414 83 13 15 0.49308458 
171 185 15 18 0.4888371 
752 291 20 24 0.48510873 
440 49 12 15 0.48298004 
953 101 14 17 0.47985107 
259 195 15 18 0.47966373 
439 102 13 16 0.47905818 
137 468 21 24 0.4785366 
662 93 12 15 0.47626698 
680 156 14 16 0.47619542 
86 193 15 18 0.4708761 
188 283 17 18 0.46918568 
63 66 11 13 0.4666868 
973 89 15 19 0.46577963 
445 86 11 13 0.46343058 
431 73 12 16 0.46266428 
153 187 13 16 0.45624423 
941 190 16 20 0.4552601 
551 100 12 14 0.45263872 
482 101 13 16 0.45170394 
471 332 19 21 0.44788262 
536 116 13 15 0.447581 
409 35 13 16 0.44743574 
454 304 16 21 0.44713384 
488 35 11 13 0.43742728 
705 551 27 32 0.43723774 
180 220 13 15 0.43700966 
565 77 12 14 0.43546572 
993 242 21 27 0.43472776 
68 300 13 17 0.43470696 
671 274 15 19 0.4340241 
933 227 16 18 0.43132195 
402 433 19 22 0.4292048 
318 96 12 14 0.42842 
270 111 12 14 0.42831 
150 309 20 24 0.4257584 
146 429 20 22 0.4218251 
293 157 16 18 0.42177692 
89 130 12 16 0.42078894 
682 93 12 14 0.41723815 
190 234 15 17 0.41529864 
491 472 23 26 0.41496655 
99 402 19 22 0.41462022 
404 60 13 16 0.40801552 
772 153 14 16 0.40120196 
501 68 13 15 0.39979762 
940 357 28 32 0.3987325 
59 214 13 16 0.39605135 
770 92 14 16 0.39280072 
44 282 17 20 0.38899857 
1002 265 17 19 0.38443238 
523 45 11 14 0.38164398 
364 174 12 14 0.38073894 
478 216 16 18 0.3806791 
73 125 12 15 0.37819424 
254 245 14 16 0.37652844 
520 285 17 18 0.3738282 
848 234 15 17 0.3737415 
254 166 13 15 0.37357464 
423 148 13 17 0.37275192 
189 78 11 12 0.36781535 
90 219 14 16 0.3673312 
835 49 14 18 0.36708847 
286 127 12 14 0.36607388 
278 571 24 28 0.3654021 
856 178 17 21 0.3653401 
90 456 18 22 0.36094534 
692 259 16 19 0.3583639 
602 161 14 17 0.35710615 
206 79 12 14 0.3551536 
366 122 13 16 0.35337275 
332 435 18 22 0.3514321 
312 236 13 16 0.3467921 
333 63 15 18 0.34500703 
386 344 18 22 0.3425777 
477 181 13 16 0.34208277 
610 66 13 15 0.34147465 
812 268 17 20 0.34067214 
222 261 13 16 0.34038433 
40 203 13 15 0.33954227 
19 162 13 15 0.3393699 
402 126 12 15 0.3356038 
504 43 11 14 0.33505332 
683 164 13 15 0.32755587 
480 83 11 14 0.3243392 
716 128 13 16 0.32353956 
798 66 16 17 0.32333362 
204 101 14 17 0.3225346 
560 150 13 16 0.32244447 
503 236 16 20 0.32112768 
956 179 15 18 0.32002783 
482 227 16 20 0.31948724 
606 420 20 25 0.31838882 
376 35 13 17 0.31782568 
841 265 17 20 0.3167524 
677 119 11 14 0.31578913 
388 304 17 20 0.3156794 
748 67 11 13 0.31536913 
292 30 11 14 0.31511432 
696 122 13 16 0.31507495 
770 110 14 16 0.31413242 
351 101 13 15 0.31363657 
830 235 15 17 0.31329253 
341 400 18 22 0.31317648 
248 109 12 15 0.31251988 
651 42 11 14 0.31221437 
191 132 14 16 0.31101593 
944 243 18 22 0.30986163 
206 61 12 13 0.3065742 
583 140 12 14 0.30483803 
188 92 13 16 0.30214417 
641 166 11 14 0.2977318 
297 59 11 15 0.29756337 
1 488 16 21 0.29434744 
992 114 13 15 0.29245126 
899 197 14 17 0.29114342 
621 265 16 18 0.28552055 
645 60 11 14 0.28451827 
600 132 12 15 0.28183442 
361 367 18 21 0.28118265 
662 197 15 17 0.28088424 
863 219 15 18 0.27845943 
943 149 14 18 0.27716932 
231 116 14 16 0.27420834 
126 85 11 14 0.27172476 
210 242 14 16 0.27106613 
98 109 11 14 0.27106425 
368 69 11 13 0.27070335 
477 125 11 13 0.2695563 
803 157 12 15 0.26900718 
574 202 16 18 0.2688581 
688 171 13 16 0.26881218 
684 337 19 21 0.2677002 
780 250 17 20 0.26688212 
438 233 13 17 0.26654428 
945 383 27 29 0.2664793 
188 84 14 16 0.26555195 
415 91 13 18 0.26338702 
562 173 12 14 0.2616071 
908 296 24 28 0.25882235 
228 60 11 14 0.25864416 
181 25 15 17 0.2571769 
579 125 12 14 0.25616288 
779 45 13 15 0.25320596 
536 186 15 16 0.25224337 
654 189 12 13 0.25106394 
683 86 13 15 0.25062186 
664 303 17 22 0.2486494 
726 33 12 16 0.24797262 
927 122 14 17 0.2477325 
139 599 17 20 0.2471227 
374 9 12 15 0.24657743 
459 75 12 14 0.24634878 
519 146 12 15 0.24626411 
695 67 11 15 0.24585791 
551 260 14 18 0.24558517 
672 115 12 15 0.24316494 
676 55 10 12 0.24185999 
57 110 12 15 0.23992035 
573 12 12 13 0.23845017 
642 213 15 17 0.23819245 
260 134 14 16 0.237709 
596 535 25 31 0.23764805 
863 414 25 31 0.23746896 
646 141 12 15 0.23640572 
516 67 12 13 0.23619461 
651 273 16 18 0.23520023 
663 362 20 25 0.23518783 
141 72 10 12 0.23482485 
608 12 10 12 0.23466733 
455 172 15 17 0.2339741 
558 69 12 13 0.233803 
839 201 15 18 0.23354745 
774 35 13 15 0.23249218 
746 117 13 15 0.23148175 
526 233 15 17 0.23142453 
470 126 11 14 0.2297747 
774 218 15 17 0.22803667 
958 153 14 18 0.22772148 
581 149 13 16 0.2264347 
225 69 13 15 0.22424956 
735 435 24 29 0.22348289 
130 332 14 17 0.22244161 
985 415 24 27 0.22052774 
620 22 11 13 0.2200106 
635 98 12 14 0.21954724 
181 227 14 18 0.2191274 
800 162 13 17 0.2184709 
743 458 25 32 0.21493246 
365 206 13 15 0.2146701 
195 185 15 18 0.21254314 
593 53 9 11 0.2119106 
671 111 10 13 0.21086788 
687 11 10 13 0.21059436 
583 63 12 13 0.21012367 
480 69 10 14 0.20899878 
878 142 14 16 0.20898874 
95 169 14 17 0.20821902 
595 258 16 20 0.20790567 
486 60 11 13 0.20478548 
76 83 10 13 0.20418534 
737 44 11 14 0.20393386 
73 85 9 12 0.20318377 
103 61 8 10 0.20256306 
503 165 12 14 0.20187525 
694 44 12 14 0.20174885 
868 141 12 15 0.2009574 
676 77 11 13 0.19981268 
0 523 40 55 0.1997619 
687 62 11 14 0.19938537 
520 368 18 21 0.19917385 
582 99 13 15 0.19909191 
234 282 15 17 0.19896305 
487 145 14 16 0.19733387 
991 123 13 17 0.19701214 
703 54 10 12 0.19607638 
916 267 21 27 0.19565508 
299 190 13 16 0.19552019 
120 100 11 13 0.19514494 
742 165 12 14 0.19511726 
629 5 11 12 0.19505754 
465 130 11 15 0.1941988 
660 157 12 15 0.19336767 
700 46 11 12 0.19320971 
331 86 11 13 0.1931264 
607 209 13 16 0.19288506 
622 92 13 16 0.19267854 
69 305 15 19 0.19163872 
350 130 11 14 0.19143349 
6 286 15 21 0.1913798 
387 61 10 12 0.19134618 
894 123 14 17 0.19111958 
522 82 12 15 0.1895318 
65 194 14 15 0.18935123 
277 82 14 15 0.18793716 
629 30 9 13 0.18763939 
242 14 12 15 0.18761282 
56 86 10 13 0.18577099 
890 109 12 15 0.183332 
270 153 15 16 0.1831603 
462 213 11 15 0.18301983 
203 169 16 19 0.18233523 
135 64 9 11 0.17895864 
279 45 10 12 0.1784354 
629 94 13 16 0.17808594 
844 138 14 16 0.17723356 
552 12 10 12 0.17663838 
907 414 22 29 0.17660773 
953 171 16 19 0.17515384 
343 27 13 14 0.17473564 
968 208 18 21 0.17456275 
132 263 15 18 0.17446853 
578 169 14 17 0.17435382 
485 454 25 27 0.17151904 
186 69 12 15 0.1706842 
865 227 17 20 0.17049517 
526 51 11 13 0.16896519 
168 100 11 14 0.16870123 
774 66 12 15 0.16786467 
840 147 12 16 0.16769981 
565 133 12 13 0.16755672 
975 173 13 17 0.16754968 
150 93 10 12 0.16669115 
436 70 11 14 0.16662335 
600 180 11 15 0.16651534 
968 115 13 16 0.16633251 
445 5 13 14 0.16528948 
865 467 24 30 0.16499849 
762 178 13 16 0.16473247 
535 94 12 14 0.16423143 
125 79 11 13 0.16407059 
405 519 22 26 0.16288404 
863 35 11 13 0.1618007 
137 69 9 11 0.16066274 
235 91 12 14 0.16014645 
700 118 13 15 0.15949465 
236 290 16 17 0.15936649 
95 101 13 15 0.15859407 
341 157 11 13 0.158323 
239 140 13 14 0.15824242 
172 1 11 11 0.15816587 
10 181 12 14 0.15812045 
414 196 15 18 0.15768053 
928 76 11 13 0.15759628 
737 449 24 28 0.15646687 
762 193 14 17 0.1564619 
401 288 15 18 0.15579748 
803 641 33 36 0.15525919 
385 69 11 15 0.15519756 
693 101 12 14 0.15460822 
360 47 11 14 0.1542205 
28 181 12 14 0.15370682 
77 101 9 13 0.15351707 
560 114 13 15 0.15348193 
863 265 16 18 0.15283588 
371 203 12 15 0.15222064 
533 60 10 13 0.15184921 
345 46 11 13 0.15168558 
977 278 19 21 0.1511887 
951 67 10 14 0.15108208 
239 44 11 12 0.15031712 
309 111 12 15 0.14984114 
562 281 14 18 0.14886272 
283 78 13 15 0.14864238 
508 69 11 13 0.1482142 
16 101 9 11 0.14783564 
499 90 12 15 0.14732364 
203 158 13 15 0.14704879 
813 172 14 17 0.14692833 
345 36 12 13 0.1464848 
486 391 16 19 0.1464843 
541 147 13 16 0.14643016 
275 433 19 24 0.14599825 
780 69 11 14 0.1459149 
616 148 11 14 0.14576022 
720 52 11 14 0.145508 
744 90 12 14 0.14545459 
74 227 13 16 0.14490937 
599 138 12 15 0.14386229 
669 188 13 15 0.14377762 
132 86 9 13 0.14362992 
591 11 10 12 0.1436223 
687 54 11 13 0.14301409 
324 68 14 16 0.1425871 
398 243 15 18 0.1418458 
1005 447 17 24 0.14139953 
181 45 11 12 0.1407433 
69 328 16 18 0.14002156 
40 164 12 15 0.13971849 
82 292 16 17 0.13938391 
894 157 13 15 0.13918552 
62 91 10 12 0.13884749 
252 39 10 11 0.13866335 
908 79 11 14 0.13796787 
75 299 15 17 0.13788961 
347 244 13 17 0.13774373 
763 155 13 16 0.13763689 
326 156 11 14 0.13745095 
702 60 11 14 0.13735804 
694 11 9 12 0.13617131 
647 55 11 13 0.136048 
947 141 14 16 0.1358333 
399 198 13 16 0.1356459 
400 92 12 15 0.1355701 
787 232 15 19 0.13520649 
401 84 10 13 0.13458599 
612 14 11 12 0.13413985 
150 268 14 17 0.13401592 
327 77 12 15 0.13337697 
708 186 13 16 0.13337672 
273 466 23 26 0.132996 
648 107 11 14 0.13233015 
718 171 11 15 0.13153215 
152 86 10 12 0.13149282 
158 24 12 14 0.13149236 
375 149 12 15 0.13109079 
563 71 13 14 0.13084881 
256 45 9 12 0.13051817 
844 155 12 15 0.1302049 
764 15 13 15 0.12950876 
568 6 10 12 0.12940495 
526 130 13 15 0.12893651 
805 212 16 20 0.1286269 
486 157 13 15 0.12848713 
510 125 12 16 0.1283451 
256 54 10 12 0.12795283 
859 117 11 14 0.12734905 
624 27 11 13 0.12663537 
854 172 15 19 0.12645812 
366 370 22 25 0.1263525 
767 131 12 15 0.12627672 
739 189 13 14 0.12609008 
564 142 12 13 0.12587407 
600 150 12 14 0.12546551 
805 29 12 15 0.12516947 
709 171 13 15 0.12486211 
303 114 12 14 0.1247931 
398 99 13 15 0.12462458 
303 432 16 20 0.124621145 
911 218 13 16 0.12396989 
204 187 15 19 0.12312118 
133 249 14 17 0.12224088 
316 158 13 16 0.12221428 
334 90 11 13 0.12203106 
559 219 18 20 0.12124098 
358 163 13 16 0.12046104 
494 487 22 27 0.11995101 
657 161 12 15 0.11959777 
365 131 13 16 0.119468264 
916 83 11 13 0.11847042 
134 240 16 18 0.11808727 
150 71 10 12 0.11789408 
259 92 11 14 0.117852755 
953 501 24 27 0.11750906 
660 190 13 15 0.11748905 
694 129 13 16 0.11666352 
310 126 11 13 0.11661663 
360 425 24 28 0.11626487 
816 136 10 12 0.11602797 
791 125 13 16 0.1159096 
768 543 32 35 0.115873784 
17 74 10 14 0.11536579 
126 63 9 11 0.115250915 
552 129 12 16 0.115241095 
492 197 14 17 0.114722855 
917 133 17 19 0.114633314 
272 102 12 14 0.11426463 
94 93 11 14 0.11404329 
254 59 11 13 0.11391316 
372 557 20 25 0.11385199 
533 131 12 15 0.11355462 
595 220 12 15 0.11304959 
542 76 12 14 0.112863794 
700 6 11 12 0.11238514 
866 77 14 16 0.11226829 
226 28 12 14 0.11223295 
559 179 13 15 0.11222315 
725 101 12 16 0.1122137 
685 100 12 13 0.111444175 
837 85 11 14 0.11127496 
577 355 19 22 0.111115724 
671 70 11 13 0.110779524 
877 164 11 15 0.10974566 
24 179 11 14 0.10961187 
787 19 14 17 0.109262444 
445 196 14 17 0.10915213 
779 38 12 16 0.1090491 
878 57 13 15 0.1089418 
232 277 13 15 0.108876556 
816 140 12 15 0.10845066 
278 93 13 16 0.10834853 
646 268 16 19 0.10817373 
628 150 11 14 0.107644565 
158 293 14 16 0.10747571 
877 197 14 16 0.10729569 
641 205 14 16 0.10713414 
433 313 16 20 0.10678003 
738 221 15 17 0.10522037 
239 51 11 14 0.10473801 
557 187 13 17 0.104719326 
302 135 11 14 0.104346804 
660 88 11 14 0.10422824 
450 117 14 16 0.10421777 
471 152 13 16 0.10413274 
293 149 14 15 0.10393593 
577 209 15 18 0.103810064 
229 54 11 13 0.10368562 
835 36 13 15 0.10318269 
231 101 11 13 0.10303387 
261 47 9 10 0.10301002 
614 157 13 16 0.10293105 
577 196 14 16 0.10273924 
619 165 14 16 0.1021607 
427 35 13 15 0.10195499 
871 289 20 24 0.10167983 
398 79 12 14 0.10148081 
112 108 11 14 0.10143244 
125 91 12 14 0.10134421 
799 33 13 16 0.10122355 
341 132 12 15 0.100974984 
210 170 15 19 0.1005269 
185 640 23 27 0.10035457 
595 376 23 26 0.10032918 
78 150 11 14 0.10008238 
712 125 12 15 0.09997756 
415 180 13 16 0.0996996 
757 143 13 15 0.09953763 
71 276 14 17 0.099529855 
12 175 12 14 0.09949873 
599 89 13 16 0.099360965 
997 254 21 25 0.099219196 
680 555 25 32 0.09905986 
67 64 11 13 0.09899702 
891 226 16 19 0.09868116 
202 111 15 17 0.09844056 
247 103 11 14 0.09839768 
585 75 11 13 0.098212145 
773 18 14 17 0.09820543 
273 172 13 16 0.09791107 
317 67 13 16 0.09782982 
446 123 13 15 0.097377695 
815 43 13 16 0.097292654 
315 60 13 16 0.096991435 
751 43 14 17 0.0968062 
190 371 14 18 0.09659897 
193 124 14 16 0.09655026 
147 100 12 15 0.09643048 
678 11 11 15 0.09627626 
141 0 13 17 0.09626446 
644 94 11 13 0.09625834 
200 44 11 14 0.09615318 
587 69 12 14 0.095817424 
853 167 12 14 0.09527731 
702 171 12 15 0.0951942 
269 139 13 14 0.095169075 
172 63 13 16 0.095048934 
69 146 12 15 0.094785675 
740 180 13 14 0.09475182 
427 28 12 15 0.09474272 
21 173 13 15 0.09469143 
541 85 11 13 0.09398693 
582 37 12 15 0.09374408 
588 135 12 15 0.09368031 
833 241 15 18 0.09310181 
364 229 12 15 0.09300458 
154 159 15 18 0.09294482 
323 100 12 14 0.092596546 
366 62 11 14 0.09252321 
412 234 14 17 0.092477575 
640 18 11 14 0.09187715 
701 12 10 12 0.09182809 
954 162 15 20 0.091259874 
264 38 10 11 0.09123894 
831 30 12 15 0.09095404 
493 422 22 26 0.090839066 
891 411 25 32 0.09072962 
919 100 13 15 0.09050662 
614 143 11 13 0.09045604 
580 178 14 17 0.09011727 
1003 98 12 16 0.08996748 
480 130 12 13 0.08976619 
898 56 14 17 0.08969928 
362 414 19 21 0.08969429 
915 59 13 15 0.08957286 
286 71 10 12 0.08939313 
504 249 16 18 0.089114346 
148 576 22 26 0.08892917 
871 91 12 14 0.08878703 
413 187 15 16 0.08869487 
190 117 11 14 0.08858256 
290 132 13 15 0.088495456 
622 139 13 15 0.088430874 
336 138 11 14 0.088399105 
645 101 12 15 0.088299565 
503 51 11 13 0.08828224 
596 117 11 14 0.0875671 
417 251 15 19 0.08745715 
238 59 11 13 0.08745089 
733 12 11 12 0.08728309 
654 194 13 15 0.087156095 
102 77 10 12 0.08700887 
709 86 12 14 0.08676035 
579 187 14 16 0.086737126 
22 117 13 15 0.08673373 
337 471 21 26 0.08665497 
853 461 24 31 0.08663007 
242 146 14 16 0.08647859 
183 62 12 14 0.08641246 
447 142 12 14 0.08634867 
597 101 11 13 0.086222515 
916 108 13 15 0.08614962 
572 391 17 21 0.086130366 
612 115 13 16 0.08601584 
864 146 12 15 0.08585652 
597 246 16 20 0.08549585 
39 142 13 14 0.085114695 
417 243 16 19 0.08507871 
872 396 18 23 0.08465722 
394 342 16 20 0.08462729 
403 467 18 23 0.0846024 
914 41 15 17 0.08441015 
589 204 12 16 0.084292345 
482 76 13 15 0.08401316 
869 157 13 16 0.08396924 
205 66 11 14 0.08369409 
284 433 20 24 0.08368465 
975 267 18 19 0.08338505 
887 90 12 14 0.08331271 
636 442 24 31 0.083222955 
317 45 12 13 0.0830458 
739 196 14 15 0.08285349 
617 280 17 19 0.0827821 
459 82 14 16 0.08272998 
61 204 13 17 0.08262353 
247 37 11 13 0.08247469 
292 92 12 16 0.082439914 
296 84 13 17 0.082362704 
870 84 13 15 0.081963174 
205 54 12 15 0.0819476 
603 127 13 15 0.08187423 
338 115 13 16 0.08153074 
360 178 13 16 0.081482574 
660 37 12 15 0.08133058 
222 346 14 17 0.081305556 
117 70 11 13 0.08090614 
831 82 12 15 0.080713 
249 115 13 15 0.08060691 
232 87 11 13 0.080593795 
534 431 21 26 0.08054157 
689 46 11 12 0.08053281 
472 119 11 13 0.080404505 
692 167 12 16 0.07944626 
233 110 13 15 0.07932441 
485 441 21 28 0.07921163 
155 613 14 20 0.07918993 
561 29 10 13 0.07900745 
314 108 12 14 0.07849677 
471 68 11 14 0.07848891 
895 319 23 26 0.07844973 
891 115 14 16 0.07844887 
262 323 15 20 0.07841868 
357 186 13 16 0.07832844 
230 37 11 13 0.078327745 
563 165 13 17 0.0781775 
399 234 15 18 0.0781398 
688 108 12 13 0.07802479 
705 249 15 18 0.07798957 
484 286 19 24 0.077959456 
250 237 14 17 0.077876225 
396 150 12 15 0.07743231 
907 274 16 18 0.077342436 
699 196 13 16 0.077096775 
484 125 11 13 0.077084124 
174 319 14 19 0.07708365 
73 322 16 19 0.07701823 
314 230 14 17 0.07700375 
278 441 22 25 0.07691336 
310 132 10 13 0.07690714 
150 77 11 14 0.07667179 
894 83 13 17 0.07666928 
470 51 11 14 0.07655078 
88 92 10 13 0.07651129 
383 86 12 15 0.07609365 
758 160 15 16 0.0760477 
26 91 11 15 0.07602056 
695 251 15 19 0.075996995 
311 337 20 25 0.075832896 
586 236 14 17 0.07507733 
673 60 11 13 0.07503212 
815 28 11 13 0.074932426 
568 101 11 13 0.074861065 
144 85 9 12 0.07480538 
360 211 13 16 0.074770145 
372 107 13 15 0.07473469 
533 67 12 14 0.074705616 
267 119 14 17 0.07442362 
556 7 10 12 0.07440181 
525 556 25 29 0.074264765 
228 337 15 18 0.07420174 
411 172 13 15 0.074129164 
490 30 12 14 0.07412854 
201 68 10 13 0.07373724 
133 13 14 17 0.07364994 
868 305 22 27 0.07360238 
805 206 15 17 0.07347334 
661 149 13 15 0.07323229 
572 48 11 12 0.07307807 
884 315 24 28 0.0730664 
93 64 11 13 0.07304911 
457 70 11 15 0.07280673 
714 259 14 18 0.072775446 
85 633 26 31 0.07262164 
676 444 28 36 0.07249218 
332 29 11 13 0.0724406 
627 129 13 16 0.072399534 
678 424 26 29 0.07230167 
157 220 14 18 0.07228985 
137 129 12 16 0.072205715 
411 69 11 13 0.07216024 
228 267 14 16 0.07213275 
742 173 11 14 0.07205241 
223 47 11 12 0.07192912 
86 213 14 17 0.07179462 
177 13 10 13 0.07119576 
642 171 13 15 0.071004406 
198 84 10 13 0.07050611 
895 397 28 35 0.070387825 
219 315 14 18 0.07016567 
802 75 13 17 0.069957875 
205 304 15 18 0.06992324 
181 149 15 18 0.069811165 
640 76 12 15 0.06976851 
102 85 11 13 0.069768384 
325 414 16 19 0.069720335 
150 63 10 11 0.069699995 
168 107 12 16 0.069600075 
73 313 16 18 0.06945264 
488 43 12 14 0.06944881 
120 62 10 12 0.06937128 
867 438 22 28 0.06927326 
769 60 11 14 0.069187775 
79 205 12 15 0.06908486 
567 58 11 13 0.06902695 
46 62 10 11 0.0688595 
836 250 15 17 0.068714164 
832 227 16 19 0.068633795 
265 30 10 11 0.06853055 
363 219 13 16 0.068484366 
98 221 13 15 0.0683357 
600 368 23 26 0.06830128 
453 29 11 14 0.06829524 
224 53 11 13 0.06814854 
441 93 12 15 0.06806691 
318 128 13 16 0.06796235 
139 123 14 17 0.06794654 
719 13 10 12 0.06791855 
698 264 16 20 0.06783248 
529 14 9 11 0.06776667 
118 21 9 11 0.06774021 
584 23 9 12 0.06770635 
308 91 14 16 0.06767571 
287 249 14 18 0.067520306 
564 126 11 13 0.06737004 
224 3 11 12 0.06727635 
341 150 13 15 0.0671738 
83 199 16 18 0.06704455 
910 52 14 16 0.06693569 
445 67 11 14 0.06679077 
271 55 10 11 0.066783585 
371 116 13 16 0.06661887 
585 106 12 15 0.06659631 
773 144 12 14 0.06653843 
68 220 12 16 0.06649303 
396 436 18 22 0.06627177 
820 12 14 16 0.066173546 
181 37 13 15 0.066093974 
131 324 15 18 0.06602846 
820 155 13 14 0.065830864 
854 27 13 15 0.0657883 
116 106 12 15 0.06572297 
279 584 23 27 0.06569247 
27 164 11 13 0.06566012 
507 222 16 20 0.0656463 
146 218 14 17 0.06560432 
555 95 12 14 0.065342315 
931 71 13 16 0.0652659 
93 48 10 12 0.06522656 
668 157 11 14 0.065157056 
371 211 13 16 0.06512905 
272 84 11 14 0.065013684 
183 87 11 14 0.06495479 
327 55 10 12 0.064548686 
941 84 13 17 0.06452452 
263 124 14 16 0.06444443 
718 179 12 16 0.06431312 
559 23 9 11 0.064054 
774 50 12 16 0.06391458 
914 212 13 15 0.06391063 
312 99 12 15 0.0639059 
349 78 11 13 0.06388135 
844 277 17 21 0.063871466 
392 110 12 15 0.06386533 
199 165 14 16 0.06365604 
198 298 13 18 0.063635334 
475 148 13 17 0.063321 
911 403 23 29 0.06310949 
258 542 17 21 0.06300068 
275 141 12 14 0.06286372 
510 113 13 17 0.06283973 
174 95 10 14 0.06275698 
350 188 13 16 0.06256368 
706 141 13 17 0.062406797 
200 51 11 15 0.062236253 
331 35 11 14 0.06215308 
931 210 16 18 0.062071327 
558 132 12 13 0.06204549 
822 360 21 29 0.062011555 
205 390 16 21 0.061966754 
122 84 10 14 0.06160887 
437 170 13 15 0.061554722 
672 13 11 13 0.06155376 
612 7 10 12 0.061510514 
141 114 14 17 0.06146379 
94 177 14 17 0.061410155 
158 211 14 17 0.06126531 
98 242 15 17 0.061183326 
356 92 12 15 0.061172433 
143 292 13 15 0.061000586 
291 99 12 14 0.06097069 
316 616 22 29 0.060968243 
192 180 13 17 0.060938362 
453 163 15 17 0.06092682 
679 142 12 14 0.060905322 
875 400 25 33 0.060903903 
99 70 11 13 0.06079578 
326 37 11 12 0.060701586 
349 93 13 16 0.060667444 
744 64 12 14 0.060629457 
778 227 17 18 0.060470935 
837 78 12 14 0.060462747 
668 415 24 28 0.06036306 
189 334 17 22 0.060330644 
145 92 10 13 0.060244583 
295 109 11 13 0.060096778 
308 363 19 22 0.059993815 
796 421 26 32 0.05996241 
44 427 24 28 0.05969166 
485 473 17 22 0.05967758 
520 52 11 12 0.05967178 
779 259 20 26 0.0596597 
691 179 12 14 0.059562515 
485 3 10 13 0.059513517 
581 12 10 13 0.059468053 
120 77 10 12 0.05945436 
453 83 13 17 0.059427425 
746 84 13 16 0.05940309 
567 22 9 11 0.059391856 
660 29 11 13 0.059154328 
640 199 10 13 0.059048854 
651 51 12 16 0.05895032 
630 60 10 13 0.058819596 
803 84 13 15 0.058731575 
147 230 14 18 0.058692306 
773 173 13 16 0.058661602 
855 77 12 15 0.058341183 
808 92 11 14 0.05828784 
212 55 11 13 0.058219664 
37 208 14 17 0.058189057 
733 60 10 14 0.05798272 
176 28 11 14 0.05795638 
921 280 17 23 0.057901386 
204 95 13 15 0.05778886 
451 4 11 13 0.05775118 
129 354 17 22 0.05765685 
80 62 9 12 0.057602674 
956 118 12 15 0.057523604 
452 183 15 18 0.05750709 
185 162 14 16 0.057440955 
227 22 11 13 0.057344317 
239 77 12 14 0.057310306 
141 63 10 11 0.057270683 
68 203 13 16 0.05722954 
502 125 12 16 0.057131767 
815 422 23 26 0.056999233 
479 92 13 16 0.056939874 
261 420 15 19 0.05687168 
818 164 14 16 0.056816254 
285 120 13 14 0.05679239 
406 20 12 14 0.056782715 
442 302 19 24 0.056721374 
607 220 14 18 0.056645013 
827 116 14 17 0.05663193 
445 37 10 13 0.056605835 
525 318 14 19 0.056593 
624 133 12 15 0.056523286 
342 126 12 15 0.056477122 
333 479 22 26 0.05643207 
881 216 16 19 0.056413718 
293 141 13 15 0.05640106 
600 170 13 17 0.056185335 
629 212 12 14 0.055971637 
531 158 13 16 0.055926748 
760 18 11 15 0.055872157 
421 172 11 13 0.055847574 
460 91 11 14 0.055506095 
261 220 14 17 0.055505555 
222 34 12 15 0.05536048 
948 276 16 18 0.055352587 
614 37 11 14 0.055281296 
83 150 13 15 0.054977767 
446 188 15 17 0.05496661 
76 178 11 14 0.054955024 
915 610 23 28 0.054818902 
572 492 20 22 0.054757435 
304 125 11 13 0.054706667 
550 105 13 16 0.05469064 
313 68 10 14 0.054651905 
721 228 13 17 0.05456746 
695 140 13 16 0.054471206 
589 211 13 17 0.054360744 
754 51 14 16 0.054357037 
934 82 13 17 0.054155644 
346 19 13 16 0.054112043 
726 59 12 14 0.05406659 
357 138 12 15 0.054041225 
707 60 11 13 0.054020353 
159 309 20 25 0.053999342 
423 129 14 16 0.053982813 
666 101 12 14 0.053942565 
630 35 11 13 0.053923793 
218 170 15 19 0.053820428 
390 256 16 20 0.053726822 
982 129 13 16 0.05371981 
231 234 13 17 0.053580917 
363 185 14 16 0.053521544 
764 138 12 15 0.05346314 
848 162 11 15 0.053406656 
93 155 13 16 0.053295106 
310 141 11 13 0.053279135 
576 142 10 13 0.053145543 
192 291 16 17 0.05279263 
731 38 13 14 0.052763548 
405 261 19 24 0.052760176 
519 93 11 14 0.05274843 
37 156 14 16 0.052565284 
477 639 26 31 0.05251216 
55 80 9 12 0.05244828 
469 37 11 13 0.05222551 
334 122 13 17 0.05211807 
568 91 10 14 0.052101914 
805 170 14 16 0.05207546 
511 63 11 13 0.051961713 
619 329 15 19 0.05193789 
320 37 10 12 0.051933087 
564 109 13 15 0.051837005 
882 429 27 31 0.051743414 
725 5 12 14 0.051722 
323 93 12 15 0.051697385 
703 181 12 16 0.05167633 
278 51 10 13 0.0515904 
494 14 11 13 0.0515551 
175 52 11 14 0.051542412 
523 141 12 15 0.051433634 
6 410 22 30 0.05141907 
805 189 13 15 0.051399454 
799 82 12 14 0.05139876 
827 193 14 17 0.05132505 
824 106 13 17 0.051287357 
782 74 12 15 0.051250912 
184 140 14 16 0.051233605 
750 155 14 16 0.051113583 
937 233 16 19 0.051112432 
725 165 12 15 0.05108156 
820 29 12 14 0.051067144 
201 59 12 15 0.051040545 
560 34 10 14 0.050998334 
311 147 12 14 0.050990317 
566 1 9 9 0.050982628 
181 52 11 13 0.050936867 
273 92 11 14 0.050931185 
651 14 11 14 0.050902035 
445 131 13 15 0.05084741 
770 124 14 17 0.050832674 
748 12 11 14 0.050825767 
675 111 12 14 0.05053604 
88 64 9 11 0.050443232 
819 35 13 16 0.05036399 
257 250 15 17 0.05031939 
526 67 12 14 0.050275266 
343 13 11 16 0.050120138 
575 340 21 25 0.050108355 
392 154 12 15 0.050099336 
579 268 16 21 0.05003564 
591 47 11 13 0.04999373 
151 141 12 14 0.049940296 
812 186 13 15 0.0499272 
377 291 16 19 0.04984148 
211 313 16 20 0.04982839 
422 164 12 15 0.049800467 
135 4 14 16 0.049733203 
813 91 11 14 0.049724847 
573 59 11 14 0.0495622 
645 198 11 14 0.04952141 
531 171 14 16 0.0494681 
156 77 11 14 0.04939313 
832 90 11 14 0.049330413 
116 260 14 19 0.04929449 
957 226 14 18 0.049280412 
127 69 10 12 0.049276344 
693 52 11 13 0.04923326 
926 211 13 15 0.049123306 
819 211 14 16 0.04903873 
652 20 11 12 0.049022283 
724 235 13 18 0.04901377 
708 118 11 12 0.048953846 
672 121 12 16 0.04886869 
125 46 9 11 0.048796393 
824 233 13 18 0.04875157 
277 550 16 21 0.048703227 
141 315 15 19 0.04858406 
329 277 22 25 0.048548263 
414 166 11 14 0.0485135 
549 197 14 17 0.048430122 
619 223 12 16 0.04841554 
469 13 11 13 0.048375677 
582 28 11 14 0.048247788 
348 84 12 15 0.04824068 
301 270 15 19 0.04822943 
722 132 14 16 0.048210476 
818 173 16 18 0.048159055 
198 77 11 15 0.0481527 
634 118 13 16 0.048141547 
426 139 14 16 0.048107 
544 8 9 11 0.04802481 
631 68 12 14 0.047993027 
548 148 12 16 0.047979183 
302 101 10 14 0.047975633 
242 134 13 16 0.04795255 
228 140 14 16 0.047929417 
229 190 14 17 0.047867384 
245 44 11 13 0.047840934 
237 299 16 19 0.04777586 
425 118 12 16 0.04774784 
374 165 11 13 0.047707725 
184 417 20 25 0.04767917 
913 283 20 27 0.04763315 
630 10 10 13 0.047628842 
727 12 10 13 0.047381997 
108 85 10 13 0.047365397 
44 464 20 27 0.047351114 
477 203 15 17 0.04733705 
471 100 12 15 0.047318734 
188 110 13 16 0.0472911 
270 47 10 10 0.0472862 
269 61 11 13 0.04720845 
444 390 16 20 0.04718982 
240 69 10 12 0.047175486 
202 178 16 19 0.047156807 
231 46 10 12 0.047103215 
468 76 12 15 0.047082793 
596 205 12 15 0.04707488 
723 170 12 15 0.046969693 
659 268 14 20 0.04690524 
818 19 14 16 0.046827056 
576 148 12 15 0.046691876 
411 312 16 21 0.04666902 
139 150 12 15 0.046660155 
383 232 15 19 0.046626452 
891 241 15 19 0.046491884 
844 190 14 17 0.046478253 
958 64 10 12 0.046420764 
168 2 11 14 0.04640014 
638 68 12 15 0.046399027 
276 187 14 17 0.04637304 
677 175 13 15 0.046360336 
476 46 12 14 0.046334617 
93 86 12 14 0.04632429 
43 293 17 20 0.04625124 
886 124 13 16 0.046171613 
655 86 11 13 0.046164874 
288 4 10 12 0.046159644 
820 53 13 16 0.046131153 
55 126 13 16 0.045991696 
932 284 23 30 0.045922607 
179 249 14 17 0.045909535 
652 299 16 20 0.045803647 
653 148 12 15 0.04570333 
78 106 11 14 0.045650117 
20 72 9 12 0.045582116 
459 166 13 17 0.04552351 
701 26 13 15 0.04550232 
333 157 11 14 0.045437116 
857 493 23 30 0.045313884 
54 104 10 12 0.045305233 
112 70 10 13 0.04527882 
573 216 13 18 0.045231503 
330 507 21 27 0.04520097 
256 5 10 13 0.04515934 
138 260 15 19 0.045135275 
551 19 11 13 0.04513102 
260 62 13 14 0.04501486 
440 3 12 15 0.045009628 
522 102 13 16 0.04499835 
570 84 12 15 0.04496986 
265 273 15 18 0.044957887 
425 22 11 14 0.044919364 
14 274 14 18 0.04490817 
326 60 14 17 0.04484494 
7 115 10 14 0.04477289 
655 202 13 16 0.044745352 
903 99 11 14 0.04472883 
100 362 15 19 0.0446556 
128 183 13 16 0.044587165 
167 141 13 16 0.04455153 
734 124 12 15 0.044535525 
220 155 14 17 0.044427242 
950 135 13 15 0.044220354 
846 27 12 16 0.044150632 
278 0 9 11 0.044146 
931 157 16 20 0.044066392 
894 150 14 15 0.044010766 
266 76 13 16 0.04398662 
516 126 11 14 0.043980263 
314 116 13 14 0.043860935 
13 86 10 12 0.043782048 
157 203 14 17 0.043743126 
193 137 14 17 0.043738417 
694 27 11 14 0.043566987 
504 1 10 10 0.043554395 
902 90 12 15 0.043481145 
494 125 10 13 0.04347969 
13 93 10 14 0.0434621 
176 45 10 13 0.04344232 
343 79 11 14 0.043377858 
604 100 11 13 0.043365367 
484 201 14 17 0.043339893 
511 76 10 14 0.043301377 
302 305 16 19 0.043252178 
822 204 13 16 0.043198854 
686 347 23 26 0.04319544 
518 170 12 16 0.04314317 
493 53 9 13 0.043128792 
247 32 11 12 0.0431214 
670 176 12 14 0.043099295 
139 346 16 21 0.04309851 
815 85 11 14 0.043089584 
329 406 21 24 0.042987436 
464 3 10 13 0.042972293 
167 50 11 14 0.042966258 
135 76 10 13 0.0429581 
259 99 13 15 0.042956516 
889 260 16 18 0.042925023 
862 454 23 28 0.04287319 
807 99 12 15 0.042817924 
580 118 14 15 0.042806815 
252 101 13 15 0.042804122 
807 140 10 13 0.042802442 
384 242 12 15 0.04275373 
444 242 14 17 0.042731974 
490 431 18 22 0.04272175 
317 149 12 15 0.04258774 
371 172 12 14 0.04258316 
923 95 14 16 0.04252436 
719 69 11 14 0.04245884 
977 96 15 18 0.04239372 
598 62 10 12 0.04239005 
54 180 11 15 0.042365253 
90 289 15 18 0.042357083 
286 139 13 16 0.0422925 
268 38 10 11 0.04226425 
7 278 12 16 0.042184882 
182 116 12 16 0.042181626 
132 347 16 20 0.042162944 
168 180 14 18 0.042159013 
256 138 13 15 0.04215722 
612 492 24 29 0.04214153 
90 138 14 16 0.042115185 
723 181 12 15 0.04211098 
400 67 12 14 0.04208915 
742 12 12 13 0.042069048 
247 61 10 13 0.041993935 
28 194 12 15 0.0419324 
323 383 15 20 0.041916795 
260 0 10 10 0.041782837 
391 280 19 24 0.041628487 
818 148 13 15 0.041596744 
522 41 10 12 0.041596137 
603 141 12 14 0.041560825 
478 258 14 17 0.04154407 
534 75 11 14 0.04152332 
123 576 15 19 0.04151448 
575 155 13 16 0.041510493 
725 188 13 16 0.041482404 
880 171 13 16 0.041442655 
75 119 13 15 0.041360825 
955 131 12 16 0.041288745 
563 548 17 22 0.041259293 
486 117 11 13 0.041243404 
67 211 12 15 0.041231666 
70 179 12 14 0.04110831 
70 92 9 12 0.04109026 
941 272 16 19 0.04102296 
382 350 17 22 0.04101563 
480 139 12 16 0.04101553 
117 15 9 12 0.040937297 
669 141 12 14 0.04087743 
110 114 14 17 0.040868606 
49 104 9 11 0.040865436 
216 36 11 14 0.040837217 
245 78 10 14 0.040817138 
649 133 14 16 0.040764935 
6 354 14 20 0.04071798 
442 201 15 19 0.040699992 
694 189 12 15 0.0406944 
372 74 12 14 0.04066504 
877 439 23 30 0.040619507 
718 235 13 17 0.040583156 
111 160 15 17 0.04056083 
94 302 16 19 0.040467355 
405 139 13 15 0.040427625 
24 187 13 18 0.04039901 
499 141 11 15 0.040359855 
277 454 24 28 0.040320408 
1002 188 16 18 0.040292412 
858 506 25 30 0.040251095 
877 65 14 17 0.040208004 
279 133 12 14 0.04019251 
612 123 12 14 0.04017251 
294 116 11 14 0.040171847 
381 166 11 13 0.04008769 
520 164 13 16 0.040071663 
126 202 13 16 0.040032107 
119 45 11 12 0.04002902 
468 212 13 17 0.03998927 
101 260 12 15 0.03998709 
639 146 12 16 0.03997835 
324 162 12 16 0.039955635 
597 213 12 14 0.03994141 
443 291 14 18 0.03989424 
29 88 11 13 0.039872117 
377 5 13 15 0.039857607 
179 240 15 19 0.03982608 
221 397 15 18 0.039794862 
702 111 12 14 0.03973057 
980 305 38 52 0.039707597 
910 103 11 14 0.03968214 
381 101 12 16 0.039669875 
229 15 10 12 0.039667007 
478 164 13 17 0.039602388 
885 156 12 15 0.039601315 
88 55 9 10 0.039520603 
655 276 21 24 0.039435927 
670 133 12 15 0.039355643 
42 170 13 15 0.03935239 
484 495 16 21 0.039350487 
508 534 22 29 0.039344937 
882 456 29 35 0.039334465 
781 84 12 14 0.039271243 
955 140 11 15 0.03925403 
707 193 13 17 0.039250627 
256 13 9 13 0.03923883 
469 140 13 15 0.039187305 
509 1 10 10 0.039170668 
649 503 27 31 0.03915154 
752 29 11 13 0.0391487 
183 97 12 16 0.039147574 
373 180 12 16 0.039141 
582 6 11 13 0.039059766 
637 5 10 11 0.03904024 
856 111 11 14 0.03903822 
622 231 18 22 0.03899325 
648 283 22 26 0.038962506 
517 278 15 19 0.03883787 
623 36 11 14 0.03883724 
822 316 15 19 0.038816746 
536 140 11 14 0.03857458 
493 286 16 19 0.038508013 
512 85 10 13 0.038442463 
124 53 10 12 0.038439766 
227 394 15 19 0.038429476 
517 130 13 16 0.038402937 
573 18 11 13 0.03839166 
294 227 12 15 0.038308807 
503 213 15 18 0.03823114 
444 60 13 16 0.03814511 
447 30 11 13 0.038140453 
176 38 11 13 0.03814035 
261 5 11 13 0.038132794 
535 31 9 12 0.038008362 
908 225 15 18 0.03796861 
326 188 13 16 0.03795163 
735 50 12 15 0.037867542 
315 245 16 19 0.037867308 
898 9 14 16 0.037865054 
334 393 21 25 0.037793323 
274 115 13 16 0.037775 
83 304 15 19 0.037749738 
259 170 11 14 0.03774475 
664 13 8 12 0.037640296 
198 376 14 19 0.0376102 
367 437 18 21 0.037586663 
197 149 13 14 0.037517905 
323 172 12 15 0.037495125 
830 220 15 17 0.03744791 
191 173 14 16 0.03740254 
511 203 19 23 0.037333332 
664 69 10 13 0.037328742 
780 26 13 16 0.037323616 
91 250 15 18 0.037304588 
762 202 14 17 0.037290774 
587 244 15 18 0.037288975 
517 180 13 16 0.03725483 
398 20 11 14 0.03721569 
973 305 16 21 0.037214983 
937 250 21 25 0.037212238 
165 451 14 19 0.037206978 
435 129 13 16 0.037164435 
759 556 32 37 0.03708858 
293 196 19 23 0.037057124 
583 540 22 29 0.037006535 
103 140 11 15 0.036992222 
462 62 11 14 0.036989033 
689 197 13 16 0.036987897 
59 225 14 17 0.036984034 
390 164 12 15 0.03694822 
319 31 10 12 0.036948007 
88 512 22 27 0.0368861 
724 66 13 16 0.03687445 
538 175 13 16 0.03683565 
863 247 16 20 0.036832366 
60 124 13 15 0.03675834 
964 63 10 11 0.03672536 
157 70 10 12 0.036706187 
988 179 13 15 0.036664683 
587 263 15 19 0.036627293 
300 596 25 30 0.03650212 
187 145 14 17 0.036464907 
72 108 9 12 0.036392752 
783 123 11 15 0.03631984 
470 82 11 15 0.036297873 
830 56 15 19 0.03626947 
574 69 10 13 0.03624133 
853 201 14 19 0.036232274 
253 31 11 12 0.036199294 
749 75 12 15 0.036109027 
198 12 11 14 0.036103517 
245 68 10 13 0.036080413 
279 13 10 13 0.036071606 
550 188 13 16 0.03606143 
582 84 12 15 0.035993338 
623 105 12 15 0.035936903 
101 148 10 14 0.035933256 
938 208 16 19 0.03591526 
141 56 11 12 0.035883926 
823 122 13 16 0.035877276 
848 451 24 29 0.035866223 
121 536 22 26 0.035819516 
264 109 12 15 0.03567722 
876 85 12 15 0.035656348 
621 15 11 12 0.03564828 
666 148 13 15 0.03564527 
869 212 14 18 0.035639886 
859 408 18 22 0.035630915 
630 221 12 15 0.035599183 
367 30 12 14 0.03550354 
842 207 15 18 0.035498407 
588 228 14 16 0.03538601 
510 53 10 12 0.035372395 
94 149 12 15 0.035365395 
223 84 11 14 0.03531247 
622 117 12 15 0.03530927 
309 77 11 13 0.035280645 
75 282 15 17 0.03522053 
935 90 12 16 0.035196204 
251 228 12 16 0.035150476 
503 358 17 19 0.035136536 
89 234 13 16 0.035115916 
352 139 11 15 0.03508952 
598 12 9 12 0.035074044 
806 150 11 15 0.03505369 
869 59 15 17 0.035029784 
685 117 12 15 0.035020594 
286 207 14 18 0.035018325 
261 317 13 16 0.03496198 
749 449 26 32 0.034928314 
132 316 14 17 0.034898598 
748 172 13 16 0.03488825 
72 53 10 11 0.03488113 
127 260 13 19 0.034866974 
46 182 12 15 0.03485659 
740 49 13 15 0.03483519 
727 22 11 14 0.034784134 
349 149 12 14 0.034776065 
62 293 15 19 0.034738697 
270 165 14 16 0.034735903 
101 204 12 15 0.034719363 
534 14 9 11 0.034714945 
557 214 14 17 0.03469657 
901 267 15 20 0.03469035 
769 86 12 15 0.034614395 
126 39 10 12 0.03460422 
455 245 21 25 0.034593813 
164 16 11 12 0.034586124 
439 36 11 14 0.034577142 
406 440 18 22 0.0345168 
875 100 12 15 0.034471586 
684 325 17 18 0.03444389 
278 206 12 14 0.034435067 
844 76 13 16 0.03442957 
920 460 23 29 0.0343966 
100 212 12 15 0.034392785 
858 427 23 29 0.034391847 
97 462 18 21 0.034369644 
794 20 14 17 0.034333695 
389 565 13 19 0.034311652 
887 248 15 19 0.03431115 
639 218 13 16 0.0343006 
246 54 9 12 0.034300063 
337 212 14 17 0.03428414 
358 69 11 14 0.03412723 
76 45 11 13 0.034125075 
6 313 14 17 0.034123816 
976 64 10 12 0.034123212 
540 196 15 17 0.034112267 
806 21 13 17 0.034062076 
223 16 11 12 0.03402908 
215 16 10 12 0.033970106 
591 441 17 21 0.033959903 
789 317 21 26 0.033950858 
784 243 16 19 0.03388594 
372 18 15 18 0.033823725 
494 131 12 15 0.033823706 
18 244 14 18 0.03376312 
432 107 14 16 0.033762053 
797 13 12 14 0.0337607 
772 160 13 17 0.033760004 
472 107 11 14 0.033747163 
301 258 14 17 0.033743937 
450 12 10 13 0.03374352 
209 298 16 20 0.0337434 
548 115 12 15 0.033733524 
79 196 13 16 0.03368189 
916 604 17 22 0.03365892 
374 142 12 14 0.03364858 
573 100 12 14 0.033624753 
628 87 12 14 0.033620816 
849 266 16 19 0.033587575 
892 198 18 22 0.033584587 
627 242 22 25 0.033571705 
191 12 12 13 0.033557672 
61 103 10 13 0.033552717 
136 54 10 12 0.033552222 
464 54 10 12 0.033522308 
735 211 19 23 0.033493638 
798 41 14 17 0.033442028 
329 22 10 12 0.033425167 
28 330 13 18 0.033378273 
756 58 12 16 0.033349734 
237 237 15 18 0.033328652 
356 149 12 14 0.033306375 
128 194 13 17 0.033275016 
405 1 12 15 0.033271667 
315 393 16 21 0.033229444 
261 282 15 18 0.033212394 
766 53 12 16 0.033202555 
356 18 12 16 0.03319937 
337 429 17 21 0.033182062 
673 20 10 14 0.0331758 
920 414 24 31 0.03316091 
571 407 18 22 0.03315787 
221 132 12 15 0.033151858 
573 271 15 20 0.033116944 
431 186 12 16 0.033075314 
495 275 14 18 0.03299031 
148 132 13 16 0.0329268 
808 180 13 15 0.032925785 
830 149 11 14 0.032904897 
290 396 17 21 0.03289726 
355 290 14 17 0.032880113 
344 6 10 13 0.03287117 
286 107 12 14 0.032867033 
99 376 16 19 0.03286065 
377 402 16 19 0.03285121 
553 70 10 12 0.032827087 
469 203 13 17 0.03278171 
210 190 14 18 0.032764193 
147 123 12 15 0.032690454 
397 27 12 14 0.03266963 
363 264 15 19 0.0326696 
781 118 11 14 0.032668065 
780 93 14 16 0.032667242 
708 54 11 13 0.032664236 
263 231 14 18 0.03265528 
127 150 12 15 0.032654963 
25 279 16 18 0.032635324 
140 10 13 16 0.032613356 
268 377 16 20 0.03255969 
380 214 15 18 0.032554463 
229 206 15 19 0.032549463 
617 93 10 14 0.032548115 
899 118 13 17 0.032518227 
465 241 14 18 0.03251197 
662 434 22 27 0.032503996 
636 29 12 15 0.03248276 
708 264 15 20 0.032459144 
890 209 16 17 0.032457948 
405 97 12 16 0.032445166 
454 229 15 19 0.03238346 
906 55 21 24 0.032354552 
267 69 12 15 0.03232202 
722 125 14 15 0.03231797 
249 314 14 17 0.032303195 
708 67 11 14 0.032301743 
519 154 13 15 0.03227508 
949 218 12 15 0.032263633 
73 139 14 16 0.032241426 
131 579 15 18 0.03219575 
331 102 14 16 0.032194104 
779 17 19 23 0.03211492 
505 172 14 18 0.032081094 
124 349 16 19 0.032071803 
313 54 11 15 0.032059945 
553 253 15 18 0.0320422 
291 253 16 20 0.032030407 
294 238 13 16 0.032021612 
308 350 22 26 0.032012954 
209 277 12 16 0.032012574 
805 41 13 17 0.031997498 
453 293 13 17 0.031988706 
61 46 9 11 0.031923562 
180 277 13 16 0.031916868 
105 396 18 22 0.031885043 
372 197 14 16 0.03183639 
441 226 14 18 0.031827148 
684 78 13 15 0.031822443 
79 93 9 13 0.031798758 
482 171 15 17 0.031789456 
548 85 12 13 0.03177294 
440 17 11 15 0.031771924 
924 265 23 26 0.031751268 
887 104 12 14 0.03174756 
170 377 16 19 0.03173305 
749 197 11 15 0.03171762 
846 20 12 15 0.0317036 
448 180 13 16 0.031688705 
147 301 16 18 0.03165086 
391 121 13 18 0.031637978 
302 370 14 18 0.031586576 
193 432 16 21 0.03155575 
501 257 16 19 0.031524923 
1000 197 21 28 0.03151045 
476 195 15 18 0.031452484 
88 226 14 17 0.03144 
287 156 14 18 0.031430736 
676 218 13 18 0.03137833 
228 251 15 17 0.031358965 
158 108 11 15 0.03135241 
511 20 10 14 0.03133345 
718 141 14 17 0.031332105 
878 269 13 16 0.031218432 
668 409 19 22 0.03118168 
755 37 13 16 0.031163191 
287 53 9 12 0.031157583 
773 233 16 19 0.031062396 
734 240 15 18 0.031049883 
876 156 14 17 0.031039532 
227 363 16 20 0.03099132 
175 234 14 18 0.030971969 
537 256 15 18 0.030903053 
590 84 11 14 0.030892463 
222 147 14 17 0.030878674 
967 85 15 19 0.030857539 
624 2 10 11 0.030856097 
233 121 14 16 0.030835424 
475 362 16 20 0.030824702 
493 62 10 13 0.030814458 
621 69 11 14 0.030801427 
675 28 11 15 0.03075838 
382 258 14 18 0.030744584 
78 53 10 11 0.030743439 
168 193 13 17 0.030739754 
369 12 11 15 0.030704292 
388 28 11 14 0.030687034 
785 192 15 17 0.030683089 
977 232 16 19 0.030671366 
590 164 11 14 0.030628424 
630 107 11 14 0.030595323 
699 502 24 31 0.030584976 
608 110 11 12 0.030578084 
711 13 9 12 0.03056714 
863 154 12 16 0.030563869 
180 314 18 23 0.030501476 
542 100 11 14 0.030493256 
344 100 12 15 0.030492866 
926 49 13 19 0.03044932 
471 44 12 15 0.030437019 
574 132 11 13 0.030415986 
718 104 12 15 0.030392567 
497 147 13 15 0.030391598 
176 86 10 12 0.030359205 
903 171 11 14 0.030348925 
874 278 21 26 0.030344492 
614 28 12 13 0.030297602 
853 94 12 14 0.030286705 
922 108 13 15 0.030254867 
747 203 13 17 0.03021941 
643 156 14 16 0.030208593 
300 67 12 13 0.030206863 
535 86 11 14 0.030175455 
34 275 20 23 0.030173855 
944 68 10 13 0.030133715 
469 342 17 21 0.03005877 
998 224 23 32 0.030035505 
746 250 22 27 0.030007167 
6 394 14 20 0.029977564 
280 70 11 13 0.029964754 
343 93 11 13 0.029802328 
797 149 13 16 0.029780615 
229 157 15 19 0.02975846 
972 197 14 17 0.029745758 
374 225 14 17 0.029716725 
14 324 21 25 0.02971274 
491 233 14 19 0.029673735 
155 272 14 18 0.02966841 
790 85 11 13 0.02966586 
278 61 10 12 0.029661182 
523 92 13 15 0.029654069 
171 174 16 18 0.029645523 
100 411 21 26 0.029598089 
111 44 11 13 0.029535802 
564 214 14 17 0.029481728 
180 290 16 19 0.029475788 
176 179 15 18 0.029471135 
319 13 10 13 0.029460108 
786 266 21 26 0.029449806 
805 134 11 13 0.029438425 
600 390 19 22 0.02939905 
44 409 22 26 0.02939384 
608 30 10 12 0.029392352 
87 30 8 10 0.029392181 
14 118 11 14 0.02935079 
446 173 11 15 0.029337352 
293 25 10 13 0.029326074 
644 278 16 21 0.029322354 
287 23 10 13 0.029313337 
164 297 19 23 0.029297255 
430 93 10 14 0.029254006 
388 55 11 14 0.029240722 
279 252 12 16 0.029227108 
188 46 10 11 0.02919554 
204 253 12 16 0.029189005 
571 546 24 28 0.02916001 
301 458 16 21 0.029147187 
285 227 13 16 0.029130278 
492 117 11 15 0.029120965 
93 370 16 19 0.029061714 
266 314 17 19 0.029061008 
248 391 19 21 0.028970363 
101 31 9 11 0.028932268 
261 13 10 13 0.028874315 
511 28 11 13 0.02886873 
143 299 13 16 0.028865987 
917 145 14 17 0.028851595 
386 357 17 21 0.028842058 
654 171 12 15 0.028823938 
550 28 11 13 0.028812647 
308 258 14 18 0.02880853 
153 28 11 13 0.028796265 
588 180 11 15 0.028789487 
42 543 18 25 0.02877066 
702 74 11 15 0.028755693 
101 46 10 12 0.028744895 
351 70 11 13 0.028540187 
109 53 10 13 0.028525421 
773 256 16 21 0.028504446 
139 586 23 26 0.028494716 
572 373 18 22 0.02849086 
224 101 11 14 0.028467119 
193 274 15 17 0.028449206 
478 473 16 21 0.028442724 
198 93 11 14 0.028404446 
424 69 10 14 0.028377889 
110 76 9 12 0.028367689 
670 47 11 13 0.028327743 
735 172 12 14 0.02827439 
636 106 13 16 0.028255353 
726 114 12 15 0.028234133 
87 162 14 18 0.028216945 
505 184 14 17 0.02818806 
279 21 10 12 0.02816231 
639 158 12 16 0.028130852 
27 400 14 18 0.028115256 
406 187 13 16 0.028092286 
180 5 10 12 0.028091742 
475 408 16 19 0.028083976 
879 36 14 16 0.028027805 
356 315 14 19 0.028017128 
469 4 11 13 0.027994724 
125 300 16 20 0.02796461 
518 249 13 17 0.027942952 
470 420 22 28 0.027932392 
641 421 17 20 0.027906116 
967 219 15 19 0.027865978 
533 45 10 12 0.027862202 
517 234 14 18 0.027842363 
8 314 21 25 0.027817 
219 214 14 17 0.027783347 
65 143 10 13 0.027747756 
867 187 14 17 0.027747136 
403 107 13 16 0.027738582 
194 591 17 21 0.02773289 
641 55 9 12 0.027732316 
91 329 15 19 0.027696615 
10 92 8 12 0.027690068 
308 462 17 22 0.027682547 
726 287 16 21 0.02766033 
524 356 14 17 0.027647007 
53 156 11 14 0.027632585 
577 391 23 28 0.027592486 
6 386 12 17 0.027571335 
101 124 13 15 0.027527604 
392 350 17 20 0.027526323 
295 42 10 14 0.027503565 
287 568 19 22 0.02745774 
482 186 14 16 0.02737602 
72 428 21 26 0.027361993 
841 125 12 16 0.027286444 
300 37 11 13 0.027248524 
206 291 14 18 0.027236765 
912 138 13 17 0.02723524 
32 147 12 15 0.027195737 
396 2 15 16 0.02718871 
514 146 11 14 0.027188282 
531 320 14 20 0.027186839 
244 371 16 19 0.027148092 
163 35 13 14 0.027136104 
749 180 11 15 0.027129278 
719 21 11 14 0.02712854 
185 397 16 20 0.027127504 
925 58 12 16 0.02712207 
61 384 15 20 0.027073411 
512 62 19 23 0.02706545 
128 14 11 14 0.02704499 
311 175 14 17 0.02704411 
53 164 11 13 0.027043587 
214 127 11 14 0.027035385 
367 149 11 14 0.027024139 
212 143 13 17 0.027012423 
900 164 13 16 0.0269931 
13 453 22 28 0.026969712 
654 216 16 21 0.026956456 
933 139 11 16 0.026947485 
788 61 12 15 0.026917512 
747 221 12 16 0.026863305 
688 38 12 14 0.026841946 
758 77 11 14 0.026836542 
632 75 11 13 0.026832338 
455 62 11 14 0.026818788 
575 94 11 14 0.026798118 
118 28 10 11 0.026787361 
661 171 13 15 0.02678489 
415 157 12 14 0.026773836 
632 304 15 20 0.026750809 
589 37 10 14 0.026747487 
53 151 11 13 0.026741864 
646 179 11 14 0.02672565 
245 0 10 10 0.026696665 
413 14 10 13 0.02669355 
335 207 11 15 0.026684094 
177 214 12 16 0.02666217 
552 231 14 19 0.026632845 
554 324 18 22 0.02661052 
937 220 16 19 0.026586344 
876 189 14 16 0.02657043 
617 44 11 13 0.026531061 
609 161 18 23 0.026514053 
279 31 9 11 0.026484806 
876 75 13 15 0.026442902 
301 349 16 20 0.026441552 
268 327 21 24 0.026434122 
366 198 13 16 0.026418123 
502 35 18 21 0.026412843 
810 253 22 25 0.026369685 
790 35 11 15 0.026347654 
436 284 15 18 0.02634289 
389 102 12 15 0.026342804 
705 92 11 15 0.026311608 
293 78 11 14 0.026311204 
420 302 20 25 0.026274791 
106 275 14 17 0.026261892 
501 20 11 13 0.026235363 
8 166 9 12 0.026224291 
560 1 10 10 0.026194206 
286 147 12 16 0.026188334 
244 579 18 22 0.026150433 
112 14 10 12 0.026142359 
78 389 16 21 0.026130063 
255 219 12 15 0.026117219 
629 23 10 12 0.026081419 
49 276 15 19 0.02607335 
806 12 12 15 0.02606756 
952 123 12 15 0.026028184 
220 187 13 16 0.025997955 
99 505 16 21 0.025978345 
482 423 21 27 0.025975205 
471 377 20 25 0.025975129 
464 34 11 14 0.02596341 
954 286 23 30 0.025951957 
301 44 11 14 0.025933364 
382 55 12 14 0.02590251 
108 266 15 18 0.02588557 
133 201 14 17 0.02587284 
742 131 13 16 0.02586801 
861 302 17 20 0.025867203 
5 157 11 14 0.025866816 
360 234 19 24 0.025780816 
405 147 11 14 0.025769142 
317 191 14 18 0.02575489 
716 186 13 16 0.025721176 
748 188 12 14 0.02572033 
627 46 13 15 0.025720317 
332 44 11 13 0.025712388 
691 222 15 19 0.025711803 
836 189 14 17 0.025674738 
884 17 14 15 0.025641002 
224 93 11 13 0.025618177 
521 188 15 18 0.02559834 
539 314 14 19 0.025594274 
335 163 11 14 0.025582338 
27 231 14 18 0.025574768 
452 109 13 16 0.025572425 
910 67 12 14 0.025556264 
139 19 11 14 0.025516864 
590 22 10 12 0.025502486 
220 179 13 17 0.02546917 
155 261 14 17 0.025446417 
20 316 16 19 0.02543674 
724 42 13 16 0.025432436 
407 77 12 14 0.025409972 
862 42 13 16 0.02539579 
151 300 21 24 0.025284497 
26 112 12 13 0.025269672 
954 233 16 18 0.02526795 
516 223 15 19 0.025262319 
709 211 13 16 0.02523809 
960 184 15 19 0.025234988 
709 45 11 14 0.025166417 
204 123 13 16 0.02516517 
101 282 12 16 0.02514559 
31 203 12 15 0.025133902 
847 170 12 16 0.025128854 
884 267 14 17 0.025122259 
175 294 13 16 0.025073254 
545 346 22 27 0.025072014 
117 250 13 18 0.02506731 
332 22 12 14 0.025037646 
19 149 13 15 0.025032636 
221 140 14 16 0.025029548 
733 165 12 15 0.025020761 
473 185 13 17 0.025010733 
8 225 12 18 0.025004642 
245 180 13 16 0.02498985 
779 141 12 15 0.0249898 
541 536 16 21 0.024977857 
100 155 11 15 0.024975318 
452 130 13 16 0.02496306 
558 45 11 14 0.024958158 
358 124 13 16 0.024937946 
11 192 13 17 0.024937354 
821 82 13 15 0.024853062 
852 157 11 14 0.02483154 
400 505 24 30 0.024829233 
170 563 16 20 0.024820311 
502 99 10 14 0.024815349 
46 69 10 12 0.024812348 
216 259 12 16 0.02476977 
404 214 14 16 0.024726363 
36 180 12 15 0.024719913 
820 497 24 28 0.024705335 
59 552 26 28 0.024701638 
866 269 22 24 0.024673019 
629 187 12 15 0.024661915 
469 94 12 14 0.024646735 
254 298 13 18 0.02462809 
442 332 21 24 0.024624772 
105 458 16 19 0.024622124 
412 509 24 30 0.02461903 
885 235 14 20 0.024605112 
643 289 16 19 0.024601843 
495 268 13 16 0.024596311 
516 28 11 12 0.024595832 
154 92 12 14 0.024591975 
331 54 13 15 0.024590142 
259 290 14 17 0.024576036 
1001 148 15 19 0.02456743 
583 231 13 15 0.024561249 
732 111 13 17 0.024559425 
852 122 14 17 0.024551952 
471 217 13 17 0.024533242 
697 340 15 19 0.02451863 
645 304 16 20 0.02449108 
148 410 16 18 0.024473825 
613 0 10 11 0.024469068 
106 385 17 19 0.024455743 
70 154 13 15 0.024446761 
843 316 19 23 0.024446687 
157 99 11 16 0.024441186 
882 41 15 17 0.024409465 
300 228 12 16 0.024398675 
14 235 13 16 0.024392985 
415 458 17 20 0.024387445 
710 156 12 15 0.024381332 
963 69 12 13 0.024379045 
526 116 12 14 0.024371631 
365 86 11 13 0.024350636 
588 156 12 14 0.0243374 
278 211 13 17 0.024335343 
92 406 18 22 0.02430369 
285 188 12 16 0.024300665 
436 113 12 16 0.024292694 
478 21 10 13 0.024282727 
686 188 11 14 0.024258219 
922 41 14 19 0.02423798 
108 242 13 18 0.0242353 
453 367 14 18 0.0242174 
438 395 14 18 0.024211023 
933 351 26 29 0.024200987 
829 211 13 16 0.024188206 
842 56 15 20 0.024168747 
479 1 11 10 0.02416768 
509 159 10 13 0.024152264 
171 498 17 22 0.024115881 
378 309 20 24 0.024115145 
788 68 13 16 0.024079535 
60 180 13 15 0.02407514 
841 236 19 22 0.02406773 
312 46 10 13 0.024038121 
506 293 14 19 0.024031768 
893 141 12 15 0.024031287 
444 16 13 16 0.024022443 
948 94 14 17 0.024018079 
228 132 14 16 0.024006628 
973 165 14 17 0.023993973 
894 297 15 21 0.02399323 
649 443 23 29 0.02397386 
720 27 11 15 0.023960907 
863 317 21 27 0.023949102 
381 200 13 17 0.0239179 
806 271 15 20 0.023909586 
102 35 10 13 0.023879252 
889 331 25 29 0.02386623 
501 425 22 29 0.023860341 
438 30 11 14 0.023850055 
118 202 12 17 0.023849856 
391 130 12 14 0.023849422 
707 407 21 27 0.023795247 
563 187 13 17 0.02375586 
789 464 24 30 0.023755489 
799 188 12 16 0.02371452 
669 37 11 13 0.02371344 
177 21 11 14 0.023709038 
499 366 17 22 0.023693398 
813 385 24 28 0.023685332 
199 20 11 13 0.023648271 
932 57 13 16 0.023647109 
494 5 10 13 0.02362163 
177 346 14 18 0.02361387 
331 384 15 19 0.023608405 
789 219 13 18 0.023601273 
96 31 9 10 0.023596305 
45 222 12 15 0.023549955 
496 1 9 10 0.023546373 
555 202 14 17 0.023525676 
508 266 15 18 0.02352131 
46 56 10 11 0.023517674 
286 216 14 19 0.02351474 
193 343 15 19 0.02345783 
842 252 16 18 0.023455476 
647 8 10 12 0.023439113 
274 230 15 19 0.023424368 
844 35 12 14 0.023409372 
660 182 12 14 0.0233691 
608 19 10 12 0.023359101 
429 171 12 14 0.023344556 
715 291 17 21 0.023339475 
143 162 13 17 0.023334876 
749 21 12 15 0.023333775 
769 28 13 16 0.023326615 
765 75 12 15 0.023315797 
337 331 15 20 0.023310449 
318 88 12 15 0.023306066 
85 109 11 14 0.023295874 
377 187 12 16 0.023284843 
379 23 14 17 0.0232639 
162 225 14 18 0.023237627 
719 58 11 14 0.023223747 
212 249 14 17 0.02321466 
723 221 13 16 0.023198243 
255 272 14 18 0.02319177 
235 332 15 18 0.023191491 
677 132 12 15 0.023186639 
739 38 14 16 0.023184406 
468 401 16 21 0.023165343 
358 38 10 13 0.023150958 
454 220 12 16 0.02313071 
469 172 14 17 0.023117537 
253 400 15 19 0.023105623 
165 126 17 19 0.023089131 
828 203 13 17 0.023075832 
910 112 14 17 0.023066184 
828 11 14 16 0.023058776 
708 26 13 16 0.023055285 
691 270 17 21 0.023037167 
702 269 21 25 0.023008402 
231 313 15 19 0.02300014 
375 2 11 12 0.022997055 
872 194 13 17 0.022994734 
560 83 12 14 0.022967162 
549 76 10 13 0.02296025 
15 123 12 15 0.022958206 
481 408 21 26 0.02294066 
107 236 13 14 0.022914596 
127 252 12 15 0.022912439 
814 77 11 14 0.022911226 
360 59 11 14 0.02290432 
213 156 12 15 0.022901041 
385 379 14 18 0.022882687 
414 492 24 28 0.022878278 
575 31 11 12 0.022870842 
582 55 11 12 0.022854427 
708 237 15 18 0.022838715 
511 324 21 23 0.02283812 
479 37 10 13 0.022822969 
86 86 10 14 0.022820588 
229 398 21 25 0.022796176 
645 126 11 14 0.022792513 
481 329 17 21 0.022786068 
659 542 31 34 0.02278509 
550 181 12 15 0.022772653 
260 448 17 21 0.022769127 
862 80 13 16 0.022768036 
831 142 10 13 0.022742353 
740 241 20 25 0.022737013 
186 73 19 21 0.022716843 
964 120 15 17 0.02269121 
74 487 16 22 0.022652194 
335 14 11 13 0.022602718 
835 66 14 18 0.022602376 
180 450 15 20 0.022601543 
470 1 10 10 0.022580942 
481 29 10 13 0.02256931 
774 74 12 16 0.022564998 
637 178 12 16 0.02255117 
823 327 20 25 0.02253922 
345 358 16 21 0.022522481 
324 14 11 13 0.02252002 
468 363 16 21 0.022504373 
385 496 22 27 0.022498166 
244 94 11 14 0.022487955 
417 228 14 18 0.022467362 
364 91 12 15 0.022465073 
718 433 23 31 0.022462081 
717 203 13 16 0.022437327 
404 273 16 20 0.022412304 
700 100 12 15 0.02239404 
895 67 19 23 0.022333765 
91 376 15 20 0.022329386 
853 51 13 16 0.022313476 
4 473 14 20 0.022304252 
797 247 21 26 0.02229894 
8 213 13 18 0.022294365 
412 140 12 16 0.022270165 
114 20 9 11 0.022260735 
477 456 17 20 0.022252526 
126 315 13 17 0.022251114 
87 39 9 10 0.022229355 
148 10 11 13 0.022181373 
50 85 10 12 0.022176659 
777 147 14 18 0.022169245 
275 479 18 20 0.022158343 
397 521 22 30 0.022147572 
598 22 9 12 0.022142034 
653 6 11 12 0.022136573 
645 332 24 29 0.02212646 
789 76 12 14 0.022112278 
687 27 12 15 0.022105347 
366 101 12 15 0.0221012 
536 148 12 14 0.022099208 
30 157 11 15 0.02209308 
539 59 11 14 0.02207236 
709 204 13 16 0.022064911 
182 556 24 29 0.022050088 
853 308 15 18 0.022013042 
399 54 13 16 0.02200144 
654 249 15 19 0.021993903 
277 287 14 18 0.02198855 
125 19 11 14 0.021987334 
806 293 17 21 0.021978673 
633 384 21 28 0.021968858 
974 187 14 16 0.021960948 
233 269 15 17 0.021957643 
51 186 13 15 0.021942051 
322 365 15 20 0.021937454 
498 195 14 18 0.021935679 
731 19 13 16 0.021922711 
270 22 10 13 0.021922663 
205 320 14 19 0.02188726 
198 30 10 12 0.021878114 
118 347 14 18 0.021868952 
155 63 12 13 0.021810845 
625 271 16 19 0.021790298 
891 304 16 22 0.021788256 
862 133 12 15 0.021785313 
532 214 16 20 0.021783182 
576 35 12 14 0.02177602 
311 5 10 13 0.021749355 
820 92 12 15 0.021731742 
688 19 10 13 0.0216898 
908 256 15 20 0.021678237 
170 455 20 25 0.021671327 
246 121 13 16 0.021649314 
455 210 12 17 0.021648575 
723 94 12 15 0.02164275 
866 66 17 19 0.021633381 
389 385 15 18 0.021615263 
716 509 25 31 0.021597391 
113 539 21 27 0.021594392 
728 208 14 18 0.021537611 
723 75 13 16 0.021533277 
22 99 10 12 0.021531943 
159 116 10 14 0.021526156 
781 106 13 17 0.021522667 
799 205 13 17 0.021508371 
284 257 15 19 0.021501185 
187 297 14 19 0.0214901 
845 99 13 16 0.021489238 
709 440 23 30 0.021484967 
150 540 13 17 0.021469153 
435 179 14 17 0.021466399 
637 290 13 18 0.02145419 
548 139 12 17 0.021444395 
858 192 15 19 0.021427516 
583 504 18 21 0.021404685 
946 422 25 28 0.021398874 
372 60 12 15 0.021361075 
483 398 21 24 0.021360204 
934 98 11 15 0.021345258 
253 410 16 20 0.021326162 
230 242 14 18 0.021318235 
942 282 18 24 0.021269288 
671 82 12 15 0.021237325 
261 22 11 13 0.021232016 
556 285 21 24 0.021223722 
860 165 13 16 0.021218436 
402 116 13 16 0.021214543 
36 188 13 16 0.021202952 
691 364 18 20 0.021197865 
208 106 14 16 0.021189408 
451 22 12 14 0.021167722 
284 462 22 26 0.021158418 
189 53 11 13 0.021142228 
484 239 15 19 0.021141991 
143 307 15 19 0.021138065 
459 361 15 20 0.021110237 
518 5 10 11 0.021105437 
261 156 12 15 0.021102741 
218 278 13 16 0.021097213 
837 174 11 14 0.021094548 
512 14 9 12 0.02108614 
942 98 13 16 0.021080306 
848 309 24 30 0.021079613 
748 282 19 25 0.021059813 
109 292 14 18 0.021049174 
493 241 15 20 0.021032838 
330 527 18 22 0.021023542 
602 296 16 21 0.02098478 
662 22 10 13 0.020977642 
369 330 22 25 0.020959878 
829 247 15 19 0.020955116 
404 157 12 15 0.020915432 
878 133 13 16 0.020915065 
769 443 25 30 0.020906193 
689 430 23 29 0.020903092 
613 135 10 12 0.020862762 
618 316 20 26 0.020854367 
304 22 9 12 0.020850457 
349 59 12 15 0.020840092 
293 4 11 13 0.020825127 
464 46 10 12 0.020785382 
235 188 12 16 0.02078281 
938 160 16 19 0.020778254 
696 1 12 12 0.020710433 
266 544 16 20 0.020708105 
650 261 16 19 0.020684846 
647 30 9 12 0.020637901 
732 67 12 15 0.020612221 
-1 395 21 33 0.020609323 
487 13 10 13 0.020607328 
98 194 12 16 0.020592997 
273 0 10 11 0.020585123 
958 386 16 20 0.02055013 
717 196 13 15 0.02054988 
195 317 14 19 0.020548167 
391 13 12 15 0.020541301 
183 131 13 16 0.020537743 
465 387 20 27 0.020531418 
589 124 11 14 0.020512007 
326 441 22 27 0.020505883 
636 187 12 14 0.020503426 
32 347 17 22 0.020498393 
836 18 15 18 0.020487733 
215 44 11 13 0.020481952 
217 468 22 27 0.020455886 
654 101 12 14 0.020435665 
804 125 11 13 0.020408697 
221 124 13 15 0.020397192 
111 92 9 12 0.020382155 
781 202 13 16 0.020381479 
29 215 15 18 0.020366056 
867 31 12 14 0.020332014 
226 354 16 19 0.020330643 
637 35 12 15 0.020284288 
51 402 15 19 0.020264234 
590 296 22 25 0.02026206 
716 119 13 15 0.02025365 
588 171 11 16 0.020240124 
983 152 15 19 0.02022252 
863 93 10 13 0.020220712 
13 109 11 13 0.020219011 
517 385 24 29 0.020209191 
708 292 16 21 0.020172635 
644 379 22 27 0.020093892 
348 312 15 19 0.020093743 
861 70 15 17 0.020089468 
359 467 14 21 0.020070484 
524 638 22 30 0.020063078 
987 90 12 18 0.02005975 
731 154 12 15 0.020056942 
677 270 20 25 0.020041184 
382 56 18 23 0.020040398 
470 196 13 16 0.020026933 
