2_Demonstration_Demonstrators_2_268
283
268 256 26 31 0.99921286 
78 283 32 42 0.9988801 
362 263 23 29 0.9904861 
976 260 39 47 0.98779374 
30 265 16 19 0.981351 
574 281 25 28 0.9719875 
682 246 19 24 0.97065824 
840 278 22 24 0.95921123 
721 360 22 28 0.9160729 
538 248 13 17 0.89801264 
452 261 11 14 0.8869814 
949 262 15 21 0.8704288 
238 261 16 18 0.82623154 
616 277 12 15 0.8071481 
75 251 14 18 0.80111676 
878 255 17 19 0.75137323 
601 258 10 13 0.73339397 
217 252 13 17 0.6065137 
164 285 22 25 0.5682011 
292 300 21 28 0.5482526 
504 266 11 14 0.54274845 
103 265 9 12 0.3792213 
727 255 9 11 0.3672954 
154 265 21 22 0.359967 
409 247 10 12 0.31202438 
442 276 10 12 0.3029571 
135 271 13 16 0.26657957 
204 317 12 17 0.24273576 
852 326 12 15 0.23710445 
912 246 11 13 0.23500419 
156 271 24 28 0.23364577 
471 291 12 14 0.23186615 
214 265 13 15 0.22804207 
640 291 10 12 0.21786825 
487 263 12 14 0.21265328 
0 281 11 19 0.19758423 
525 254 9 13 0.19406599 
782 256 8 9 0.18602386 
929 255 9 11 0.18015935 
502 284 11 14 0.17977034 
665 251 10 12 0.17392677 
492 262 11 14 0.16837199 
341 276 14 18 0.1584416 
768 262 9 10 0.14720145 
625 254 8 11 0.14312916 
642 247 9 11 0.14077573 
581 264 14 15 0.13685739 
204 269 12 15 0.126083 
367 244 12 14 0.123350315 
82 260 11 15 0.12134131 
613 290 11 14 0.11755935 
671 252 9 14 0.11539333 
413 251 10 13 0.10252792 
818 256 7 10 0.09917494 
429 278 8 12 0.09916306 
423 303 10 14 0.09902705 
459 260 11 14 0.09846537 
447 257 12 15 0.09520361 
726 248 9 12 0.094511285 
623 260 10 11 0.09445359 
761 256 7 9 0.09396787 
310 262 9 11 0.091231704 
849 253 9 11 0.088670924 
834 254 9 13 0.08739784 
388 268 12 16 0.08686711 
437 186 15 17 0.084528886 
202 273 10 14 0.08179042 
640 251 10 13 0.08098543 
469 255 10 12 0.07866927 
785 271 9 12 0.078352265 
855 253 10 12 0.07469661 
774 310 8 10 0.07399902 
12 276 11 15 0.07213493 
301 272 18 21 0.07102936 
638 311 9 12 0.07082479 
507 262 11 15 0.07065438 
918 251 9 12 0.07039492 
712 129 11 14 0.069083594 
441 260 11 13 0.06783102 
62 261 12 16 0.0676185 
717 311 11 12 0.06666645 
176 289 13 18 0.06659524 
93 281 25 34 0.06503777 
594 282 14 20 0.062451206 
766 257 8 10 0.06041712 
656 261 8 11 0.06000387 
12 330 11 15 0.0600024 
607 240 10 12 0.059880875 
631 285 11 14 0.059873156 
162 295 26 31 0.05972056 
406 234 16 20 0.058854103 
862 248 9 12 0.05596702 
446 267 13 16 0.055075314 
784 262 9 10 0.054965854 
389 254 11 14 0.053363428 
933 259 11 13 0.053150903 
775 271 8 10 0.053050097 
777 278 9 10 0.052455794 
824 277 11 14 0.052194938 
629 254 9 11 0.05200955 
519 257 13 17 0.05126188 
612 299 11 13 0.051221646 
773 263 8 10 0.050972737 
443 302 11 14 0.050662734 
621 246 10 12 0.05002257 
643 293 10 12 0.050022293 
621 331 11 12 0.049791712 
1005 235 16 21 0.049603924 
583 248 10 11 0.04864456 
806 262 8 9 0.04839557 
782 276 9 11 0.04807504 
537 231 10 13 0.04656865 
847 320 20 26 0.046468288 
821 256 9 11 0.045715664 
761 261 9 11 0.045403685 
462 255 11 14 0.04508316 
390 273 12 18 0.044758398 
720 270 8 11 0.044701546 
424 284 11 15 0.044667155 
733 254 8 11 0.044484586 
486 291 9 13 0.043953244 
535 236 12 16 0.043834776 
759 268 10 12 0.043359537 
904 246 10 12 0.04326615 
429 301 12 14 0.043180175 
742 288 7 10 0.04313146 
62 251 14 18 0.042575754 
791 263 7 10 0.04253506 
721 247 9 12 0.04231297 
452 219 12 14 0.04190398 
960 365 32 35 0.04133422 
728 276 9 11 0.040688418 
800 263 8 10 0.040616643 
777 255 9 10 0.040310413 
605 298 13 16 0.04024973 
852 385 13 15 0.04022268 
870 266 12 17 0.040185835 
419 236 10 14 0.040009357 
762 278 8 11 0.039176892 
722 253 9 12 0.039076768 
448 239 8 11 0.0385672 
616 244 10 12 0.038495332 
754 257 6 8 0.03847361 
668 246 11 16 0.03835019 
476 287 11 14 0.038210887 
416 260 11 13 0.03786601 
503 274 13 18 0.037730552 
514 314 14 17 0.03648976 
501 263 17 23 0.03647707 
24 316 11 13 0.035956096 
55 245 12 16 0.034789216 
322 271 17 21 0.034771986 
919 278 10 13 0.034510132 
232 259 15 18 0.03435089 
300 293 13 16 0.034174018 
642 241 8 11 0.034158412 
343 268 22 28 0.033639073 
570 336 9 10 0.03351373 
454 237 10 12 0.033365607 
179 233 22 28 0.03323621 
505 282 15 18 0.032920074 
342 255 11 14 0.032612875 
483 260 20 25 0.032423567 
85 234 12 15 0.032414213 
106 285 15 24 0.032402948 
644 252 10 12 0.03237303 
5 276 13 20 0.032054167 
935 247 10 12 0.031953134 
881 263 15 18 0.031932388 
582 252 12 13 0.031684507 
898 349 13 15 0.03144722 
872 258 14 18 0.030434076 
451 273 13 16 0.030274067 
734 271 8 11 0.029906444 
481 261 10 13 0.029740073 
109 278 12 15 0.02918245 
780 308 10 12 0.02915534 
330 270 19 25 0.029079596 
286 243 12 16 0.029031906 
905 251 10 13 0.02896226 
327 311 11 15 0.028917694 
775 294 9 12 0.028848294 
752 261 8 10 0.028528528 
616 255 8 10 0.028513255 
480 267 11 14 0.028343055 
408 318 11 14 0.028240101 
872 254 11 14 0.028168784 
508 239 11 13 0.027946075 
477 275 11 14 0.027886217 
206 285 10 12 0.027623007 
14 272 10 13 0.027506294 
505 244 10 12 0.027371146 
646 270 8 11 0.02730692 
276 226 14 15 0.027269708 
6 329 13 20 0.026905136 
629 262 10 13 0.026658952 
799 268 9 10 0.026594158 
101 272 15 21 0.0263521 
658 245 9 13 0.026260532 
437 243 11 14 0.0262473 
130 246 8 10 0.02618532 
801 279 8 10 0.026124805 
734 276 7 10 0.026112814 
397 282 11 15 0.02599932 
150 270 16 22 0.025945917 
129 274 13 15 0.025844276 
588 247 10 13 0.025816817 
599 238 10 12 0.0257194 
494 257 11 13 0.02558772 
742 272 8 11 0.025472593 
721 276 9 11 0.025451805 
766 284 8 11 0.025073843 
460 277 10 13 0.025055265 
597 255 18 21 0.024808023 
833 248 9 11 0.02468849 
836 259 10 12 0.024682727 
671 256 12 16 0.024590395 
575 262 14 16 0.02441648 
769 303 8 11 0.024409018 
18 326 21 27 0.024404805 
589 261 11 13 0.024340652 
631 267 11 14 0.023991397 
732 260 9 11 0.023980243 
198 307 22 27 0.023700988 
463 248 10 12 0.02366792 
106 260 12 17 0.023663975 
431 272 9 12 0.023648689 
587 278 15 19 0.023646755 
477 221 406 493 0.023645476 
567 254 9 11 0.02363634 
380 266 14 19 0.023592494 
285 260 24 29 0.023573827 
190 287 11 14 0.023550503 
616 262 8 10 0.023470888 
622 240 8 11 0.023410503 
591 254 10 12 0.023394471 
752 309 8 11 0.023250693 
55 259 13 19 0.023169724 
118 306 15 19 0.023137512 
33 339 12 15 0.02293364 
547 252 12 15 0.022930585 
1 348 26 42 0.022593046 
152 282 25 31 0.022578979 
191 269 9 13 0.022571068 
657 255 8 12 0.022524329 
388 261 20 28 0.02246033 
592 231 10 11 0.02235647 
586 266 14 17 0.022265218 
774 304 9 11 0.02225245 
182 248 12 16 0.022132255 
800 256 8 10 0.022086589 
751 278 9 12 0.021946054 
830 271 10 14 0.021928763 
645 277 10 12 0.021861142 
814 270 11 13 0.02185824 
195 292 11 13 0.02180049 
417 302 10 13 0.02166772 
97 261 11 14 0.021604033 
824 311 9 11 0.021439271 
3 287 13 18 0.02143878 
275 287 16 19 0.021385163 
71 270 31 39 0.021258919 
575 253 11 12 0.021100743 
454 246 10 12 0.021100437 
398 308 11 14 0.021083493 
526 245 12 16 0.021047011 
95 252 11 14 0.021045813 
198 285 10 12 0.02095426 
910 269 10 13 0.020921774 
439 306 12 13 0.02085634 
639 300 12 15 0.020680092 
807 292 11 15 0.020670189 
422 270 10 14 0.020610953 
440 255 19 25 0.02055794 
69 295 18 21 0.02036852 
419 243 11 15 0.020288859 
407 302 9 13 0.02028307 
708 262 13 15 0.0202548 
873 281 16 19 0.020194823 
178 305 15 18 0.020160852 
419 253 11 14 0.020142373 
645 299 11 15 0.02010368 
180 205 12 14 0.020031082 
