2_Demonstration_Political_Rally_2_410
265
633 446 93 113 0.99960274 
468 456 35 40 0.99937963 
4 526 59 74 0.9993411 
727 471 53 65 0.9986883 
250 499 73 85 0.99837315 
558 516 44 64 0.998126 
932 445 31 39 0.99781346 
353 429 39 45 0.99766636 
178 485 56 68 0.99481994 
504 490 39 50 0.99395174 
855 417 40 50 0.9893846 
117 428 17 20 0.96836877 
150 412 16 20 0.86741877 
508 427 19 24 0.84034544 
953 429 23 27 0.79052776 
943 441 27 34 0.6328707 
804 448 24 28 0.6056212 
32 409 27 34 0.57578945 
565 426 14 22 0.56723094 
832 427 17 22 0.5450754 
213 412 15 20 0.5446737 
100 403 10 13 0.51071715 
9 411 32 38 0.41220313 
328 419 10 11 0.4087447 
68 413 15 18 0.40429208 
205 415 18 20 0.34188524 
123 398 10 13 0.33992422 
695 97 15 18 0.3390276 
175 409 12 16 0.25136575 
609 437 17 22 0.2416222 
679 450 82 97 0.24131016 
437 406 9 13 0.2364344 
404 422 11 14 0.19187696 
0 389 31 38 0.18606178 
286 425 14 17 0.18577728 
461 420 13 16 0.15865476 
398 420 12 16 0.15796171 
403 466 26 31 0.1555238 
608 425 23 30 0.14589329 
76 413 14 18 0.14353532 
558 385 15 19 0.14132428 
320 430 9 12 0.12848468 
265 435 17 21 0.12667617 
179 407 11 14 0.12471636 
411 445 22 27 0.12314843 
388 412 13 17 0.12094134 
292 428 13 18 0.119468525 
47 380 15 18 0.11941086 
118 458 15 18 0.11902446 
632 100 10 13 0.114090696 
997 427 14 17 0.113273114 
389 405 11 16 0.1112943 
980 418 14 17 0.1080958 
795 451 27 37 0.10645557 
52 409 15 22 0.10603703 
434 412 9 13 0.10265324 
122 453 18 20 0.10224532 
608 418 17 18 0.10185946 
405 448 15 19 0.08990428 
134 525 32 39 0.08742214 
558 415 18 27 0.08520968 
253 419 13 15 0.08458352 
540 438 16 19 0.0844154 
383 371 9 12 0.08293404 
255 399 7 9 0.07936044 
287 416 10 11 0.078861766 
555 412 13 19 0.07869219 
197 411 17 21 0.07832112 
318 441 13 18 0.07763952 
736 412 28 32 0.073637635 
171 374 8 11 0.07319039 
993 428 21 27 0.07274951 
331 414 11 14 0.07141427 
543 413 14 18 0.0711776 
301 420 9 12 0.070627235 
274 422 23 28 0.07002246 
82 412 13 17 0.06862721 
466 421 14 16 0.067341134 
406 452 25 33 0.060212776 
395 414 12 14 0.058895458 
288 441 13 17 0.058431804 
144 390 11 13 0.057469845 
260 419 15 17 0.05628692 
352 384 8 10 0.056263965 
62 413 15 20 0.05447096 
305 395 11 14 0.054254062 
252 430 24 28 0.053824406 
128 498 26 32 0.053190753 
978 465 27 32 0.052938797 
507 407 16 19 0.052927252 
834 428 24 33 0.05275666 
988 423 20 24 0.05250495 
196 406 13 16 0.052501433 
179 416 15 22 0.052395735 
591 427 41 51 0.0508696 
960 443 17 25 0.050712824 
977 414 11 15 0.04989318 
176 390 10 12 0.049565654 
208 388 8 11 0.047948208 
1003 424 14 18 0.046351124 
954 489 30 36 0.04623334 
83 427 16 20 0.04590615 
318 458 14 17 0.045860592 
416 438 11 14 0.043239236 
255 441 14 18 0.043005828 
432 420 9 11 0.04262945 
148 395 12 15 0.04234106 
921 430 17 20 0.04199475 
967 421 21 27 0.041484185 
284 433 22 27 0.04117636 
250 413 9 12 0.040732406 
541 410 22 29 0.040451497 
439 402 7 9 0.039746083 
818 429 21 27 0.039499883 
843 402 13 17 0.03910747 
400 449 12 18 0.038890038 
124 391 10 13 0.03880426 
294 415 8 11 0.038079277 
608 374 13 15 0.037723657 
266 413 14 16 0.03731339 
352 311 10 12 0.037018873 
261 428 16 19 0.037017412 
180 396 10 13 0.036861155 
321 425 9 10 0.03671704 
219 408 13 16 0.036687054 
986 551 37 60 0.036431447 
90 433 16 19 0.036061123 
280 421 13 17 0.03604801 
143 383 10 12 0.036036238 
584 462 39 48 0.03587728 
388 467 14 22 0.03521114 
384 416 13 16 0.035150804 
336 376 9 11 0.034956478 
712 106 11 15 0.034870416 
213 389 9 11 0.03485924 
158 396 14 16 0.03479807 
993 614 30 37 0.034655947 
275 440 15 18 0.0345343 
313 360 8 10 0.034436412 
498 335 22 29 0.034042284 
537 445 24 27 0.033896092 
576 425 23 30 0.033540472 
326 410 19 24 0.033368096 
456 415 21 26 0.0333442 
294 422 11 15 0.03320453 
610 401 13 15 0.03313316 
166 391 10 12 0.03304609 
1006 414 12 14 0.0329729 
160 392 10 12 0.032686274 
561 431 13 20 0.032669984 
404 105 13 16 0.032669187 
249 407 8 11 0.032498717 
227 411 11 15 0.032318395 
968 289 11 15 0.031995613 
708 101 12 15 0.031902265 
83 394 13 17 0.031860653 
424 400 8 9 0.03183862 
487 499 35 41 0.031817496 
432 393 7 8 0.03180974 
185 414 21 27 0.031670135 
384 399 9 12 0.031252936 
595 450 35 45 0.03100964 
537 426 22 29 0.030725202 
413 106 13 16 0.030622378 
416 400 7 10 0.030571377 
550 403 13 18 0.030260034 
808 434 19 21 0.029946974 
425 405 8 10 0.029915575 
345 366 8 9 0.02973591 
265 406 10 12 0.029653318 
115 500 27 36 0.029645137 
770 128 13 15 0.029566621 
409 404 7 10 0.029193264 
890 452 24 30 0.02893456 
294 432 22 29 0.028637081 
313 445 20 28 0.028567532 
315 458 24 29 0.028514178 
206 397 9 12 0.02848429 
98 443 16 20 0.028314693 
496 387 9 12 0.028134637 
154 423 16 20 0.02794388 
95 400 18 21 0.027477138 
1005 557 20 45 0.02728806 
969 433 14 21 0.027243791 
957 425 16 19 0.02718543 
110 492 26 32 0.027183207 
311 414 8 10 0.026951574 
328 409 9 11 0.026634477 
245 431 15 22 0.026633685 
542 430 14 17 0.026541568 
744 298 13 16 0.026526218 
830 436 17 22 0.026423983 
987 420 15 17 0.02632945 
350 368 7 8 0.026303327 
114 414 23 27 0.026100026 
249 399 9 10 0.02560387 
394 473 35 50 0.02544381 
396 439 21 30 0.025418477 
165 424 14 19 0.025358533 
125 511 31 42 0.025290744 
423 111 12 15 0.025123075 
229 429 13 16 0.025087813 
534 415 11 14 0.025078773 
503 334 13 17 0.024990585 
203 449 26 32 0.024933975 
391 31 8 10 0.02479794 
490 335 36 50 0.024776956 
803 469 16 24 0.024714893 
544 529 34 47 0.024586717 
896 435 12 18 0.024461363 
404 436 11 15 0.024431804 
953 621 52 52 0.024168693 
908 313 13 16 0.024131576 
586 434 28 32 0.024083178 
767 99 9 11 0.02406321 
153 462 31 42 0.024020636 
811 423 15 17 0.023929937 
313 437 12 17 0.023917934 
988 415 11 13 0.02386076 
470 404 12 12 0.02383595 
1010 368 14 24 0.02380444 
930 586 30 35 0.023777561 
191 410 13 18 0.023544824 
380 412 23 27 0.023387935 
326 463 25 33 0.023344163 
917 450 27 31 0.022864237 
172 421 16 22 0.022804609 
237 433 14 19 0.022705207 
295 398 9 12 0.022551522 
398 435 12 16 0.022490324 
93 408 14 18 0.022441847 
112 451 14 19 0.022296485 
729 72 8 11 0.02224618 
256 411 41 49 0.022090236 
568 420 17 22 0.021987734 
318 406 8 11 0.021932907 
335 392 7 9 0.021845995 
1007 304 14 22 0.021802608 
157 381 11 13 0.021699201 
763 293 13 16 0.02165102 
561 428 23 32 0.021569075 
397 421 20 25 0.021537691 
60 564 27 35 0.021480607 
321 415 8 10 0.021470467 
299 434 13 18 0.021342497 
76 417 21 27 0.021266116 
85 403 14 18 0.021236435 
455 414 13 16 0.021200214 
529 529 30 39 0.021166334 
263 400 9 9 0.021156069 
229 389 10 12 0.021144845 
919 456 15 19 0.021103483 
892 448 16 21 0.021023976 
36 379 23 29 0.020995812 
457 425 13 17 0.020898802 
41 546 38 43 0.02088744 
838 405 15 20 0.020651054 
528 397 12 16 0.020579683 
342 445 11 17 0.020553777 
169 378 11 14 0.020436615 
311 404 9 11 0.020249525 
445 407 10 13 0.020210406 
783 455 32 47 0.020177979 
480 520 29 37 0.020088682 
396 456 23 34 0.020000694 
