2_Demonstration_Demonstrators_2_654
81
451 157 37 41 0.9959686 
585 167 36 40 0.9958812 
294 141 37 50 0.96001375 
711 130 23 26 0.9307081 
717 188 31 40 0.8430776 
826 126 25 29 0.6319897 
242 117 26 33 0.6106897 
152 133 46 71 0.5861927 
357 142 26 34 0.4560933 
955 186 29 36 0.41907007 
595 112 24 31 0.3881553 
368 138 24 37 0.24128243 
492 314 125 204 0.13834313 
351 150 21 25 0.111643314 
401 273 18 22 0.10450097 
964 98 53 70 0.10115823 
993 109 32 43 0.08779406 
706 141 27 31 0.081971794 
155 113 33 47 0.077756844 
462 115 33 38 0.07651723 
29 223 50 76 0.059298422 
256 111 25 35 0.05421494 
1010 290 13 22 0.052737147 
234 103 42 56 0.048788864 
822 92 12 16 0.048682287 
456 130 43 52 0.04791849 
855 74 10 13 0.04219732 
196 107 14 19 0.040365163 
953 163 45 58 0.03878029 
219 162 27 34 0.037642322 
53 413 163 237 0.03749964 
269 114 14 21 0.037494015 
147 109 30 35 0.03667079 
953 123 55 67 0.034885153 
46 557 117 93 0.034630712 
142 101 11 15 0.033942387 
619 64 28 35 0.03279464 
803 89 38 51 0.032755356 
162 101 16 20 0.032134082 
145 143 32 46 0.03212584 
872 95 42 56 0.03208992 
589 117 19 23 0.030973654 
577 617 30 30 0.030631112 
892 85 10 14 0.030584184 
235 87 14 17 0.028826386 
144 118 81 110 0.028623514 
928 139 43 57 0.027497215 
74 123 15 19 0.027465245 
610 63 24 31 0.027406063 
600 47 29 37 0.026739186 
175 133 53 69 0.026600083 
237 121 21 24 0.026061084 
607 72 15 19 0.025933146 
930 94 15 21 0.025745234 
121 106 14 18 0.024953892 
320 59 11 14 0.02490109 
963 91 28 32 0.024781194 
227 99 28 36 0.024416422 
1004 293 20 31 0.024331471 
911 92 28 32 0.024291486 
477 128 29 40 0.023350906 
823 129 45 59 0.023338664 
342 48 10 12 0.0231365 
141 96 25 29 0.022963982 
259 24 15 19 0.022746947 
968 101 33 41 0.022408174 
170 110 25 34 0.022393169 
970 164 28 33 0.022219734 
936 161 42 54 0.02201768 
939 193 34 42 0.021902917 
229 87 24 32 0.021473764 
66 115 26 34 0.021444695 
815 61 9 11 0.02142845 
708 88 14 18 0.021401415 
178 122 13 19 0.021137467 
250 118 39 52 0.020926697 
171 68 12 14 0.020694919 
347 127 32 39 0.020353887 
915 90 14 18 0.020352256 
135 106 11 16 0.02030517 
456 297 53 81 0.02006951 
