2_Demonstration_Demonstration_Or_Protest_2_30
40
597 77 20 26 0.8723078 
771 76 49 66 0.84506994 
436 62 18 21 0.38711447 
168 418 48 50 0.28714177 
148 410 27 38 0.17757604 
435 210 45 64 0.15461515 
153 405 47 55 0.08755003 
153 158 51 65 0.06144909 
514 332 29 30 0.059363034 
422 195 75 106 0.04409776 
237 568 14 20 0.043770246 
378 172 43 50 0.041047204 
645 272 37 36 0.038245358 
380 305 62 70 0.030352462 
441 73 14 18 0.030161273 
182 118 36 36 0.029203845 
123 588 13 14 0.028651513 
223 182 33 39 0.026426194 
184 558 9 13 0.025901932 
229 474 14 19 0.025397195 
452 221 48 69 0.025303401 
162 411 19 25 0.025169423 
82 220 16 17 0.025098016 
228 22 42 58 0.024716092 
655 435 42 61 0.024561249 
184 163 52 60 0.024237376 
443 53 14 20 0.024199575 
195 285 16 20 0.024145773 
198 125 52 60 0.024010003 
608 81 15 19 0.02399981 
259 447 17 20 0.02324279 
202 435 82 103 0.023197843 
118 261 25 32 0.022559782 
205 148 50 60 0.021708574 
433 26 97 121 0.021310013 
438 196 33 45 0.021208301 
194 87 45 52 0.021006895 
436 78 16 18 0.020955218 
451 200 30 52 0.02080739 
431 72 26 30 0.020385608 
