2_Demonstration_Political_Rally_2_791
164
402 134 62 83 0.99756324 
395 346 65 83 0.99740535 
778 365 67 85 0.9968917 
649 271 70 92 0.99678814 
205 408 76 94 0.99630946 
994 518 26 34 0.9938724 
588 32 77 93 0.9914362 
542 296 73 90 0.9905873 
321 468 30 35 0.9893617 
956 510 28 33 0.98730695 
21 543 37 46 0.98704404 
923 493 22 28 0.97333467 
42 468 22 28 0.95893455 
961 428 22 30 0.9527358 
333 540 37 43 0.9514045 
487 538 40 43 0.89974684 
860 521 25 32 0.89476776 
58 439 19 25 0.7991483 
971 390 23 29 0.6933354 
1003 410 18 24 0.62056947 
682 518 28 40 0.5893269 
13 509 22 32 0.58541197 
16 33 99 184 0.4750891 
626 466 47 62 0.4681603 
695 516 26 40 0.42414036 
130 525 23 28 0.40421048 
45 515 25 26 0.3720247 
1001 497 22 32 0.3614915 
397 526 30 37 0.3579491 
939 349 15 21 0.32431507 
584 479 24 32 0.23813358 
961 336 15 21 0.22715564 
84 473 17 22 0.21283975 
104 448 19 29 0.20651285 
644 479 35 42 0.18802473 
84 516 26 28 0.17146176 
862 499 13 16 0.16746809 
307 428 47 66 0.15360954 
618 481 30 42 0.14869487 
945 325 13 18 0.14268012 
-1 498 17 22 0.13993257 
377 530 33 36 0.13503236 
37 396 14 16 0.13027135 
946 255 25 31 0.12364413 
27 456 25 33 0.12156111 
729 526 43 46 0.11650647 
67 566 19 22 0.1143262 
689 480 17 23 0.10804936 
33 401 26 34 0.09928495 
309 429 30 38 0.09819524 
80 394 18 24 0.09669499 
86 479 21 28 0.095191315 
475 518 28 30 0.09139268 
1004 444 16 21 0.08958946 
1006 491 17 24 0.0844274 
825 545 31 34 0.08285578 
293 398 79 102 0.08252137 
647 488 49 56 0.079194464 
999 397 21 29 0.078581266 
98 485 22 30 0.07858069 
995 338 23 34 0.07589012 
994 443 20 27 0.07303641 
1012 463 13 23 0.06969387 
51 520 27 29 0.06330673 
335 371 12 15 0.0625353 
984 391 16 24 0.06237959 
694 463 25 35 0.060997788 
34 420 24 30 0.060712244 
991 344 15 19 0.058085214 
25 454 19 23 0.057161827 
971 382 18 21 0.055176314 
1010 478 14 25 0.05203085 
484 527 31 35 0.050383355 
984 446 19 27 0.05018897 
942 551 28 32 0.0490139 
966 393 18 22 0.048735827 
350 371 13 16 0.04845483 
888 221 29 32 0.048381925 
639 464 31 38 0.047478624 
957 365 15 18 0.047408126 
331 401 18 21 0.045268122 
56 532 27 31 0.044148494 
403 533 19 23 0.043879785 
614 470 25 39 0.042861167 
985 199 23 33 0.042298358 
684 513 18 22 0.041343633 
975 360 13 17 0.04125802 
614 470 13 19 0.040632073 
642 500 33 38 0.039912436 
1003 435 16 20 0.039570443 
982 302 12 16 0.03956733 
642 472 18 23 0.037753835 
1005 450 19 28 0.037615813 
74 531 15 19 0.03725629 
679 457 44 54 0.036696695 
37 520 26 30 0.03643275 
26 479 16 21 0.036213633 
669 429 15 20 0.03617383 
86 501 28 33 0.035960145 
62 442 25 33 0.033524733 
877 307 23 30 0.033374555 
652 425 15 16 0.032833446 
353 533 39 45 0.03255122 
946 334 20 26 0.031800423 
92 453 22 30 0.03146506 
309 468 29 39 0.03145635 
29 317 11 13 0.031446066 
978 436 19 27 0.031423867 
96 447 36 49 0.031044474 
929 253 42 55 0.030991413 
675 474 27 35 0.030538091 
12 330 14 19 0.030481488 
1013 339 11 18 0.030063359 
113 520 23 31 0.02959499 
117 483 14 21 0.02935546 
340 418 14 17 0.028721422 
938 340 17 21 0.028598538 
893 494 14 20 0.02855104 
997 49 27 40 0.028323757 
71 523 25 29 0.02824619 
278 418 55 71 0.027769456 
319 375 52 74 0.027711987 
376 538 20 23 0.027665451 
631 517 22 31 0.027567178 
914 535 28 31 0.027508782 
738 129 75 118 0.027495202 
734 361 44 55 0.027405288 
604 467 25 35 0.027121322 
706 464 16 21 0.027105559 
957 368 21 29 0.026599398 
28 444 17 21 0.026296329 
0 294 22 40 0.026276631 
976 298 24 30 0.026181463 
346 504 26 27 0.025856217 
978 485 21 28 0.025496615 
657 494 20 25 0.025381055 
320 435 17 21 0.025321955 
321 394 29 36 0.025269862 
304 50 47 64 0.024940683 
964 354 13 18 0.024683807 
40 433 24 30 0.02326066 
70 361 15 19 0.022784242 
754 175 29 47 0.022710238 
1005 312 13 19 0.022503223 
30 25 171 223 0.022478 
330 109 49 69 0.022322714 
669 524 31 37 0.022104912 
637 478 17 25 0.022075353 
976 352 21 27 0.02197632 
705 520 31 41 0.021799965 
671 532 42 49 0.021640243 
628 464 78 89 0.021515302 
880 213 47 50 0.021486722 
705 447 9 13 0.021387631 
871 515 24 30 0.02117023 
110 521 15 21 0.021092482 
624 496 19 25 0.02107276 
283 508 30 35 0.020784775 
39 551 32 34 0.020705508 
62 548 25 28 0.020507887 
957 419 14 18 0.020458346 
619 472 14 18 0.020407991 
855 491 21 27 0.020251634 
116 515 15 20 0.020175599 
