2_Demonstration_Political_Rally_2_690
82
814 394 64 91 0.991793 
645 392 25 41 0.98863655 
521 388 101 141 0.9860087 
752 370 10 14 0.6832138 
948 372 11 15 0.29237413 
78 367 10 13 0.2020532 
62 364 9 10 0.20143202 
180 350 8 11 0.15686777 
93 411 9 12 0.11656485 
68 347 11 13 0.10154319 
943 377 13 17 0.1003265 
78 358 8 10 0.09957473 
117 358 8 10 0.09868955 
777 408 52 64 0.08753304 
82 440 7 9 0.079992674 
109 393 8 10 0.07659961 
65 342 12 14 0.06756682 
84 372 10 13 0.06442276 
117 365 9 12 0.06336708 
86 440 7 9 0.059140038 
217 382 10 13 0.052820206 
935 379 12 14 0.051901877 
11 443 12 14 0.051206756 
1014 421 9 13 0.050445423 
905 356 12 15 0.05019354 
177 345 8 10 0.049047187 
48 375 9 12 0.048952755 
72 374 9 12 0.048343662 
87 351 9 12 0.047208067 
89 408 8 11 0.047174748 
114 352 9 11 0.04624567 
96 390 7 10 0.04593256 
58 358 9 12 0.044062573 
194 359 8 10 0.044013895 
71 358 10 12 0.041166063 
65 373 9 11 0.039967965 
749 367 18 23 0.03954952 
695 366 9 10 0.038648654 
475 340 167 216 0.036898077 
0 497 21 39 0.03509487 
3 391 7 12 0.03496959 
649 375 10 12 0.03460337 
72 365 10 12 0.034142353 
56 351 9 11 0.034073103 
104 407 8 10 0.03367843 
46 360 8 11 0.032049056 
1002 415 9 11 0.031672023 
65 336 9 10 0.030717826 
45 366 8 10 0.03039004 
705 405 12 15 0.03014567 
746 371 12 15 0.029469175 
701 592 32 33 0.028813876 
95 383 8 10 0.027830059 
106 398 8 10 0.02781925 
79 350 9 13 0.026430126 
942 366 14 19 0.025562445 
181 344 8 11 0.025408758 
929 380 11 13 0.025322568 
81 398 9 10 0.0251495 
733 428 9 13 0.025046192 
749 363 43 53 0.024766125 
64 381 10 13 0.023043307 
169 343 7 9 0.0230336 
102 439 8 9 0.022939038 
751 371 23 30 0.02292859 
932 387 14 17 0.022661777 
96 439 8 9 0.022341121 
687 359 8 11 0.022333493 
69 379 11 13 0.022225205 
908 352 11 14 0.022184813 
74 363 19 24 0.022022568 
939 383 15 20 0.021894827 
111 421 8 9 0.021802334 
53 374 9 12 0.02158492 
78 342 10 12 0.021382498 
41 361 9 11 0.02094141 
756 379 48 60 0.020498673 
902 352 19 25 0.020442126 
109 406 8 10 0.020438155 
1007 419 11 13 0.020419557 
182 336 7 10 0.02035306 
222 376 9 12 0.020190766 
