2_Demonstration_Demonstration_Or_Protest_2_586
378
471 144 25 35 0.99916434 
690 145 30 38 0.9978656 
838 201 27 35 0.99776363 
638 168 23 31 0.9898601 
384 186 27 36 0.986777 
141 145 21 30 0.95037526 
761 116 22 27 0.94374853 
133 120 11 14 0.8689392 
524 119 15 19 0.83121604 
173 126 16 20 0.80572504 
29 104 12 16 0.7836906 
997 147 17 24 0.6967103 
399 166 12 15 0.6554807 
12 87 11 13 0.5836883 
409 103 16 20 0.5666524 
95 87 9 10 0.56225485 
71 139 13 17 0.5583079 
387 134 14 20 0.5468988 
431 98 11 15 0.533396 
108 130 12 15 0.52991253 
793 223 23 34 0.4603019 
787 113 13 17 0.45570886 
598 116 12 17 0.43302 
129 101 9 13 0.42257297 
438 124 15 18 0.3817781 
70 92 9 11 0.37330666 
515 37 14 16 0.36433527 
959 107 14 18 0.3424422 
209 110 17 20 0.33260325 
1 96 8 12 0.33195183 
132 100 10 12 0.30497187 
287 159 15 23 0.30356064 
222 167 10 12 0.28282836 
69 64 9 11 0.2685466 
582 161 12 18 0.21360824 
11 3 11 14 0.1765847 
30 131 13 15 0.16977848 
64 94 9 11 0.16445675 
150 102 9 12 0.16014121 
573 172 14 17 0.1592499 
169 102 9 11 0.15881261 
54 83 9 11 0.15842344 
942 107 13 17 0.15821955 
0 72 9 12 0.15815762 
102 108 9 12 0.15762742 
48 115 11 13 0.1529095 
249 118 12 15 0.15155806 
117 148 15 19 0.14259264 
541 102 10 13 0.13681823 
86 54 10 12 0.13544698 
282 121 12 15 0.13503817 
16 68 9 11 0.13278486 
419 107 14 17 0.13220523 
573 133 9 12 0.13066739 
539 95 9 11 0.12949917 
383 103 8 10 0.12772998 
84 103 10 12 0.12747586 
52 112 9 11 0.12722233 
744 370 17 19 0.12546308 
65 66 10 13 0.122369066 
804 218 19 32 0.12108388 
759 105 41 46 0.120622836 
345 94 10 13 0.11225845 
777 111 20 24 0.11072023 
579 167 14 19 0.10920046 
777 232 30 33 0.10796544 
55 95 11 13 0.10708666 
149 95 9 11 0.105982594 
144 94 9 11 0.10513048 
85 108 11 14 0.10506334 
574 120 10 13 0.10370259 
567 170 14 18 0.10185409 
136 68 10 13 0.10073378 
65 109 9 11 0.10050657 
126 106 11 13 0.09935499 
400 97 8 12 0.09654754 
76 134 10 15 0.09362341 
444 118 21 26 0.093024485 
137 53 9 11 0.09027418 
36 127 9 12 0.08706973 
96 109 10 14 0.08481165 
324 143 14 17 0.08235212 
326 152 14 18 0.0819707 
533 106 12 16 0.08134381 
47 64 10 12 0.08016693 
988 153 24 28 0.08000922 
1 109 11 16 0.07921564 
313 122 51 57 0.07880818 
293 109 14 18 0.07876879 
359 88 8 11 0.078319825 
189 125 10 14 0.07707446 
949 106 15 18 0.07614796 
223 142 13 16 0.07493921 
129 96 9 12 0.07424992 
493 36 11 14 0.0722592 
136 44 10 13 0.069943585 
434 178 15 19 0.069156475 
873 155 8 12 0.06894353 
964 102 12 17 0.06785565 
7 93 10 12 0.0676203 
256 153 20 27 0.06644672 
695 93 10 12 0.06309779 
526 109 15 19 0.06300674 
87 93 9 11 0.06277981 
946 121 16 20 0.062389135 
165 173 13 16 0.06160633 
623 136 9 12 0.06127801 
113 78 10 13 0.06034254 
267 189 13 16 0.059244286 
179 200 14 18 0.058999598 
94 81 10 11 0.05845661 
708 148 24 36 0.057343908 
40 69 9 10 0.05725537 
21 64 9 11 0.05625553 
188 77 10 12 0.055825718 
139 62 9 12 0.05529643 
23 124 10 13 0.05509066 
431 73 12 16 0.054671533 
963 118 15 20 0.05418467 
184 102 11 13 0.05407301 
49 85 8 11 0.05364765 
140 38 10 13 0.05348006 
173 140 15 20 0.052625727 
435 93 13 16 0.05236396 
618 315 14 20 0.052322756 
127 63 8 10 0.051463954 
990 115 12 15 0.051390458 
917 116 12 16 0.051345807 
7 78 9 11 0.05096734 
64 88 10 12 0.049949702 
100 87 9 11 0.04915726 
21 69 9 11 0.048807755 
338 319 86 108 0.048485972 
175 53 8 11 0.04809996 
119 86 9 11 0.047741897 
570 125 10 13 0.047028296 
787 120 14 19 0.046456825 
86 48 10 12 0.04642745 
78 88 8 10 0.046285674 
522 36 12 15 0.046279576 
452 90 14 18 0.04608582 
90 86 9 11 0.045580264 
514 126 9 13 0.045205075 
239 92 11 13 0.044973183 
22 116 11 15 0.044766456 
112 84 10 11 0.044754103 
110 109 9 11 0.044715323 
318 141 23 27 0.044700693 
3 125 11 13 0.044201326 
736 379 25 30 0.044189304 
211 102 16 19 0.044114374 
88 115 10 12 0.044052996 
199 118 11 14 0.044047877 
40 88 8 10 0.043210186 
245 61 11 13 0.042943705 
103 54 8 11 0.04288251 
944 129 12 16 0.04229713 
71 75 10 12 0.042251818 
470 67 10 16 0.04205609 
297 134 10 13 0.04182556 
412 93 12 15 0.041370217 
137 124 12 14 0.041332584 
993 99 9 13 0.041155428 
101 91 9 11 0.041015718 
62 101 10 12 0.040920883 
184 72 9 12 0.040883694 
38 93 9 10 0.04080756 
586 158 12 16 0.040450063 
407 95 11 14 0.04044072 
1009 147 14 20 0.040369894 
177 78 8 11 0.04036557 
12 79 11 12 0.039950665 
502 36 11 14 0.03983547 
3 99 11 14 0.039464243 
103 72 8 11 0.039182354 
872 74 11 16 0.039154265 
125 38 8 10 0.03829323 
560 173 13 16 0.03809164 
516 140 24 33 0.038039543 
471 58 11 18 0.0380093 
79 71 8 10 0.03782221 
168 96 9 12 0.03781108 
135 76 10 12 0.03721713 
584 107 11 13 0.03717295 
423 101 11 17 0.036911678 
401 96 20 25 0.036561817 
347 99 11 14 0.036324847 
136 87 9 11 0.03579813 
255 144 12 16 0.035770636 
151 124 13 15 0.03573183 
247 47 9 11 0.035639904 
400 106 13 15 0.035529085 
394 165 12 15 0.03533683 
459 91 12 16 0.035277966 
55 63 7 10 0.035158217 
214 189 9 11 0.03501949 
721 128 10 13 0.034953278 
548 102 10 13 0.034791972 
189 86 11 12 0.03468929 
120 108 10 12 0.03455261 
998 99 9 12 0.034406792 
872 91 12 17 0.03436101 
433 67 16 20 0.034123875 
270 54 13 15 0.03386337 
527 103 11 14 0.03376323 
5 72 9 11 0.03369681 
441 87 22 26 0.033628378 
121 93 9 11 0.03359223 
186 197 12 15 0.03344886 
287 101 11 14 0.033280138 
157 119 10 14 0.03316256 
159 218 11 15 0.03309159 
427 95 19 23 0.032984808 
189 92 10 13 0.032948915 
789 129 13 17 0.032900497 
15 101 10 13 0.032846216 
464 48 10 13 0.032573044 
535 97 19 24 0.03226384 
487 44 11 15 0.032167844 
93 156 14 18 0.03206978 
598 133 9 13 0.031978425 
189 72 10 11 0.03186058 
291 87 11 12 0.031584665 
205 145 12 15 0.031312913 
648 170 23 32 0.031000085 
680 374 11 14 0.0309426 
269 236 11 14 0.030730676 
159 64 8 9 0.03048859 
445 155 15 19 0.030311607 
442 177 14 19 0.030198714 
86 70 9 11 0.029963082 
828 210 28 33 0.029927734 
478 52 12 17 0.02913545 
334 137 24 31 0.029060442 
49 93 9 12 0.029042589 
394 74 11 15 0.028993756 
31 94 9 12 0.028899854 
998 115 10 14 0.028883588 
244 67 12 14 0.028742837 
63 183 12 14 0.028485846 
342 133 14 17 0.028319834 
126 54 8 11 0.028148526 
130 69 8 11 0.028090732 
207 189 11 12 0.02805758 
177 84 9 11 0.02800741 
655 157 21 29 0.02794181 
334 238 27 29 0.027930519 
593 134 8 11 0.027868442 
956 119 15 19 0.027834564 
782 124 23 29 0.027767545 
579 257 12 16 0.027759347 
346 205 14 16 0.027719904 
265 55 11 13 0.027667174 
579 119 11 13 0.027585417 
544 182 12 15 0.027567087 
78 93 8 10 0.027481422 
319 174 11 15 0.027367633 
238 74 24 29 0.027315244 
918 108 13 18 0.027200416 
80 78 9 11 0.02692061 
248 165 10 14 0.026724515 
82 52 10 13 0.026615573 
694 349 13 18 0.026537862 
180 121 19 25 0.026504356 
236 54 25 29 0.02620113 
565 77 11 14 0.026044702 
597 138 10 14 0.025966207 
83 132 12 15 0.025774892 
364 141 12 17 0.025772762 
694 109 11 15 0.02569844 
73 39 9 12 0.025652763 
515 49 14 16 0.025639204 
366 93 9 10 0.02554323 
560 127 9 12 0.02551204 
627 361 17 19 0.025503874 
434 101 20 26 0.025408905 
144 100 10 12 0.025406975 
432 76 23 28 0.025329398 
31 88 8 11 0.025318202 
62 145 14 17 0.02529328 
265 231 11 13 0.025285834 
252 58 12 14 0.025227612 
813 172 25 30 0.025188452 
385 180 19 22 0.025039297 
191 166 11 13 0.024969293 
109 104 9 11 0.024942793 
814 178 14 18 0.024583355 
150 39 8 10 0.02451865 
469 48 9 13 0.024461074 
517 127 13 19 0.02440485 
96 127 10 13 0.024360975 
412 86 12 15 0.0242298 
258 147 15 20 0.024218516 
1002 154 16 25 0.024174 
737 346 23 27 0.024032945 
705 152 17 24 0.02399532 
233 56 41 48 0.023984551 
149 132 14 17 0.023737438 
359 138 11 16 0.023688044 
183 85 10 11 0.023629384 
119 32 10 11 0.023521148 
445 109 15 20 0.02351138 
9 85 18 23 0.023474768 
21 38 10 13 0.023402993 
70 56 8 10 0.023267638 
151 45 9 12 0.023265503 
352 88 9 12 0.023232218 
84 126 11 13 0.023183154 
327 136 11 13 0.023015764 
199 64 8 10 0.023009634 
64 58 19 24 0.022968868 
301 106 83 94 0.022879397 
79 63 8 11 0.022855226 
205 101 16 18 0.022853438 
80 47 8 10 0.022816963 
374 139 15 19 0.022772787 
626 141 12 12 0.022636266 
265 154 17 22 0.02262953 
767 229 24 34 0.022583034 
429 170 17 21 0.022538858 
931 99 23 29 0.022519892 
205 96 12 14 0.022489864 
172 108 11 13 0.022481717 
918 104 22 29 0.022476083 
396 174 15 20 0.022360412 
249 147 9 13 0.022327451 
88 268 12 15 0.022316856 
199 110 21 27 0.02215545 
478 231 12 15 0.022150518 
423 84 10 14 0.022068132 
143 88 8 12 0.022065891 
114 131 13 16 0.02205344 
143 108 10 13 0.022042783 
331 140 13 17 0.021956418 
588 108 12 15 0.02190513 
125 16 13 14 0.021870831 
483 51 13 16 0.021844903 
573 250 16 22 0.021734273 
988 121 13 17 0.021731932 
111 72 9 11 0.0217128 
289 93 10 12 0.021663811 
430 81 12 17 0.021636844 
560 108 12 14 0.02162192 
77 39 9 11 0.021613235 
382 95 9 12 0.021569986 
126 45 10 12 0.02153559 
982 115 13 15 0.0214219 
772 121 24 28 0.02136974 
382 363 10 12 0.021291664 
818 213 26 32 0.021275526 
246 51 11 13 0.021200102 
600 354 46 55 0.02113478 
617 358 28 33 0.021114001 
111 152 16 20 0.021068797 
276 155 17 22 0.021010112 
215 145 13 16 0.020993682 
46 122 11 14 0.020822326 
381 165 12 15 0.020807996 
240 166 9 12 0.020800667 
122 103 8 12 0.020761427 
31 76 8 11 0.020655764 
62 129 20 25 0.020649696 
406 110 14 17 0.020603633 
892 178 16 22 0.020570813 
158 69 10 13 0.020550124 
229 172 9 12 0.020520484 
334 133 11 13 0.020498386 
432 161 22 27 0.020488184 
437 83 14 17 0.020462936 
16 124 10 12 0.020454753 
22 87 9 12 0.02034634 
266 163 26 27 0.020331722 
390 402 17 19 0.020249268 
238 98 11 14 0.02023771 
131 108 13 16 0.020210832 
192 118 11 15 0.020142868 
364 115 12 15 0.020094011 
134 152 17 23 0.020040508 
