2_Demonstration_Political_Rally_2_264
951
649 465 16 20 0.91735584 
902 402 15 19 0.8706176 
388 548 19 23 0.8213392 
1005 398 11 14 0.78831923 
581 462 14 18 0.7282124 
958 382 12 16 0.7067721 
612 470 14 17 0.6598541 
55 346 11 13 0.6336553 
335 417 15 19 0.5687909 
964 450 16 19 0.555585 
601 514 15 18 0.52668005 
988 523 13 17 0.5108594 
93 356 12 14 0.4888356 
684 458 21 27 0.47824904 
280 347 11 12 0.4738535 
730 435 14 17 0.4632471 
446 349 10 13 0.4501863 
453 428 10 13 0.4332642 
790 366 12 15 0.41371807 
599 366 11 13 0.412251 
382 261 13 18 0.39172482 
337 453 15 19 0.3800496 
395 426 13 16 0.33946952 
109 506 12 17 0.3262314 
679 591 17 21 0.3258526 
531 506 17 20 0.3252064 
28 458 15 18 0.31682715 
419 398 12 16 0.31464896 
155 364 13 15 0.30310872 
557 324 10 15 0.30299523 
440 500 16 21 0.30201823 
534 498 16 20 0.29859957 
805 348 11 14 0.29695672 
512 489 16 18 0.29059654 
3 283 16 19 0.27800432 
862 410 15 18 0.26490584 
192 366 10 13 0.26376566 
475 483 15 21 0.2569174 
544 334 10 11 0.24984722 
312 511 17 18 0.24154569 
1009 179 12 18 0.23771945 
455 457 13 16 0.2318787 
739 416 14 17 0.23154782 
221 544 20 27 0.22673632 
668 405 14 18 0.22284171 
796 407 14 17 0.21963988 
43 372 13 16 0.2192978 
369 428 12 15 0.21459061 
361 526 11 14 0.20274408 
810 423 16 23 0.19098622 
340 361 12 15 0.1839446 
418 390 9 13 0.18126406 
140 480 16 20 0.18009357 
737 607 17 19 0.1770341 
871 357 11 13 0.17242691 
98 413 14 18 0.17187478 
528 513 15 18 0.17062433 
1009 402 14 19 0.16884673 
620 364 10 12 0.16717568 
544 302 10 13 0.16473052 
496 328 9 11 0.15832423 
489 407 10 13 0.15785363 
327 535 13 19 0.15704824 
126 325 9 10 0.15668985 
708 503 16 20 0.15477821 
276 320 16 19 0.15048766 
620 562 20 26 0.14774115 
956 417 13 16 0.14745459 
646 304 8 11 0.14535461 
785 326 9 11 0.14324692 
513 411 12 14 0.14274663 
622 300 10 13 0.14200938 
142 451 14 18 0.14080644 
69 467 15 20 0.13960996 
111 348 10 13 0.13917664 
726 439 13 17 0.13286884 
840 419 12 16 0.129987 
752 358 11 13 0.12898098 
416 341 11 13 0.12864855 
24 300 10 12 0.12553576 
616 420 11 14 0.12452702 
235 545 16 22 0.122692466 
463 414 10 13 0.11995365 
153 359 11 13 0.11724468 
582 295 10 13 0.116777085 
417 334 10 13 0.113946766 
162 549 16 23 0.11025552 
32 323 10 13 0.10974085 
43 365 12 13 0.10967412 
566 408 12 16 0.10931763 
177 512 22 30 0.1092909 
605 421 11 13 0.10909196 
101 499 16 22 0.1088331 
610 262 9 12 0.108277865 
809 363 11 14 0.107496075 
965 421 12 14 0.10730563 
587 597 17 21 0.10482022 
898 313 8 10 0.10372484 
645 358 9 12 0.10327132 
596 490 13 17 0.10267622 
141 419 13 17 0.100403614 
956 576 37 50 0.10015101 
311 484 11 15 0.09977357 
278 451 12 17 0.099325985 
928 371 13 16 0.09913288 
501 512 14 18 0.09842282 
245 279 15 20 0.09756563 
913 315 10 12 0.09689118 
468 380 10 13 0.096364416 
0 365 10 14 0.095114395 
283 410 14 18 0.09501853 
446 435 11 15 0.09452393 
640 352 8 11 0.09387104 
148 418 16 19 0.09334228 
814 403 12 16 0.09290053 
381 279 12 16 0.09237506 
942 350 9 12 0.091955274 
468 348 10 13 0.089467265 
397 382 10 12 0.08918327 
669 364 11 13 0.086470366 
811 536 15 17 0.08568582 
58 293 8 11 0.08539205 
246 299 15 18 0.08503665 
236 576 17 22 0.084976345 
720 341 9 12 0.0849108 
511 448 15 19 0.08427123 
764 500 13 18 0.08290129 
918 388 12 16 0.08286912 
481 359 9 11 0.08279662 
214 366 10 12 0.08243604 
754 439 17 22 0.08184317 
647 365 10 13 0.0815944 
806 356 12 14 0.08159023 
604 415 10 12 0.08018294 
165 350 10 12 0.080052145 
308 324 12 16 0.079734795 
929 359 9 11 0.07905986 
803 410 13 18 0.07751563 
393 434 16 19 0.07745066 
641 356 9 12 0.077229716 
588 490 15 19 0.07719277 
363 404 11 13 0.07628215 
411 498 13 16 0.07618587 
786 457 13 16 0.07601814 
464 374 10 12 0.07589746 
62 471 15 20 0.07461624 
272 460 10 15 0.0742029 
101 347 12 15 0.073765635 
109 382 9 14 0.07358333 
85 473 15 21 0.07341273 
496 363 11 14 0.07252393 
548 331 12 16 0.07138889 
720 335 9 12 0.068711855 
928 364 12 14 0.06838733 
39 357 11 14 0.068373784 
109 300 10 13 0.068232626 
822 348 10 11 0.0676724 
721 311 8 10 0.067182586 
641 308 10 12 0.066899784 
117 366 11 14 0.066715 
606 373 8 10 0.06621879 
309 451 11 16 0.06597072 
911 358 10 14 0.06591904 
35 441 14 20 0.065792546 
633 327 8 11 0.06508053 
350 538 13 15 0.06486495 
504 302 10 12 0.06428099 
198 382 9 12 0.0640326 
935 320 9 11 0.06341939 
335 396 12 14 0.06338939 
696 412 12 13 0.063161045 
720 441 13 17 0.062947564 
477 302 8 10 0.06154866 
845 424 15 20 0.06135903 
303 450 11 14 0.060979057 
624 307 10 13 0.060225368 
620 416 10 12 0.05959938 
477 284 9 11 0.05937036 
763 441 17 23 0.05918865 
526 332 9 12 0.058789268 
196 371 10 12 0.058518674 
527 302 9 12 0.058317177 
910 271 8 10 0.058136813 
598 358 12 16 0.058060635 
621 296 10 11 0.058005016 
217 547 13 20 0.057377838 
865 355 11 14 0.057142682 
801 287 7 9 0.057114262 
814 359 9 12 0.056264937 
1014 352 11 16 0.056238167 
456 302 9 10 0.05567165 
156 510 17 22 0.055397462 
554 319 9 13 0.05525275 
863 343 8 11 0.055104442 
301 523 12 15 0.05497864 
896 318 9 10 0.0549521 
714 320 8 10 0.054875467 
871 426 13 17 0.054804802 
813 342 9 12 0.05469609 
73 460 16 21 0.0546504 
721 422 10 13 0.05442423 
743 342 9 11 0.05441607 
239 386 12 16 0.053844422 
728 303 8 10 0.05356594 
864 349 10 13 0.053459484 
94 198 8 10 0.05326891 
152 335 10 13 0.05312088 
702 342 9 11 0.05231235 
328 417 14 19 0.05167227 
652 156 11 13 0.051670436 
330 310 10 13 0.051530894 
272 452 12 17 0.051408682 
831 364 9 11 0.051356822 
735 342 9 11 0.05132073 
141 444 13 18 0.051290676 
206 307 9 11 0.051000528 
448 423 12 15 0.05074806 
840 309 8 11 0.05069616 
873 303 7 10 0.050535582 
34 390 13 15 0.050265104 
520 222 9 12 0.050264053 
355 535 15 17 0.04977421 
532 284 9 11 0.049369857 
878 311 8 11 0.04913023 
74 472 16 20 0.048967 
504 297 8 10 0.048764683 
695 407 10 13 0.04831467 
65 214 9 10 0.048170414 
940 378 11 16 0.048061963 
725 395 13 18 0.048051175 
814 335 8 10 0.04801848 
813 348 9 11 0.047951475 
919 325 9 10 0.047902662 
823 286 7 9 0.047777437 
469 343 10 11 0.047643602 
17 238 8 10 0.04762671 
743 374 10 14 0.047556523 
669 400 12 15 0.047537047 
917 358 9 12 0.047206804 
831 319 7 9 0.047138806 
877 423 12 16 0.047040585 
791 361 10 12 0.0469632 
528 307 9 12 0.046950288 
664 309 8 10 0.046907276 
775 309 9 10 0.04690178 
164 355 10 14 0.046895124 
932 356 10 13 0.046838634 
89 351 10 13 0.04668545 
571 405 12 14 0.046673596 
183 397 10 12 0.04653814 
533 342 9 11 0.04650685 
271 604 13 16 0.04647358 
767 334 9 11 0.046334445 
641 288 8 11 0.045902837 
678 356 11 14 0.04589976 
155 412 14 18 0.04573969 
655 404 11 14 0.045662478 
908 425 16 20 0.045505535 
38 350 10 13 0.04526077 
715 451 38 48 0.045243926 
703 335 8 10 0.045207966 
657 295 8 10 0.04503122 
502 328 9 11 0.04498609 
714 325 9 12 0.044959705 
964 413 13 15 0.04494692 
876 358 9 12 0.04490266 
895 324 9 11 0.044738427 
718 318 9 11 0.0446895 
862 375 10 12 0.04467884 
1003 425 14 17 0.044646498 
936 350 9 12 0.04461286 
543 296 11 13 0.044426467 
576 299 11 14 0.04430255 
644 578 12 16 0.044295955 
141 438 12 15 0.044126872 
485 364 9 13 0.044121634 
923 389 14 19 0.043933712 
481 335 8 12 0.04391883 
459 447 13 16 0.04371913 
757 363 10 13 0.04371627 
761 375 9 12 0.043675363 
100 407 12 16 0.04361931 
932 375 15 19 0.04355667 
917 382 11 15 0.043533005 
35 428 13 17 0.04349555 
711 302 8 11 0.043399837 
766 324 9 11 0.043349206 
222 367 9 12 0.043330003 
39 378 12 14 0.04331246 
695 374 8 11 0.043208916 
624 247 8 10 0.0430311 
839 327 9 11 0.042905454 
761 381 10 12 0.042714316 
944 355 10 12 0.042479232 
796 415 16 21 0.042283688 
380 269 21 27 0.04220471 
236 514 15 19 0.041979227 
283 570 13 17 0.04181641 
103 294 10 13 0.041636135 
69 215 7 9 0.04160551 
832 311 8 10 0.041541122 
94 503 16 21 0.041455906 
761 324 9 11 0.04141812 
697 303 8 10 0.04141076 
886 302 8 10 0.041114625 
423 364 11 14 0.041052196 
855 319 8 9 0.040958907 
824 319 8 11 0.040713903 
855 326 9 10 0.04060812 
914 400 15 21 0.040561255 
488 272 8 10 0.040524606 
728 379 10 13 0.040497936 
697 318 8 10 0.040489305 
137 466 23 32 0.040436726 
685 379 12 15 0.040350445 
142 396 11 13 0.040330525 
697 341 9 12 0.04016654 
911 387 12 16 0.040061746 
251 290 13 18 0.03990037 
674 408 13 17 0.03979095 
862 380 11 13 0.039776042 
728 325 9 10 0.039725162 
843 414 11 15 0.039723903 
980 477 39 52 0.039586104 
798 476 13 16 0.03956699 
991 370 10 14 0.039518785 
617 294 10 12 0.03946348 
160 510 23 30 0.039331097 
583 366 10 15 0.03930037 
161 191 9 10 0.039264362 
823 324 8 11 0.038985323 
608 267 10 11 0.03895836 
293 323 11 16 0.038947623 
141 340 11 14 0.038908828 
591 336 10 12 0.038861357 
452 344 9 11 0.038835164 
544 374 11 13 0.03883401 
167 326 9 11 0.038826086 
465 344 9 11 0.038572073 
113 354 11 14 0.038503427 
7 232 8 11 0.03846483 
766 319 9 11 0.03834427 
820 403 14 18 0.03824242 
959 217 14 20 0.03783128 
823 359 9 11 0.03775861 
631 364 8 11 0.0375679 
65 208 8 9 0.037504014 
164 365 10 13 0.037444264 
816 328 8 10 0.037415337 
743 328 8 10 0.03741286 
687 317 8 10 0.037254564 
216 371 10 12 0.037241634 
277 413 16 21 0.03716698 
148 444 12 16 0.03712032 
976 317 9 12 0.037106667 
919 335 9 11 0.037044197 
121 326 9 11 0.036861595 
512 332 8 11 0.03665626 
553 239 8 9 0.036576986 
678 334 9 10 0.036546387 
785 371 11 14 0.036501024 
760 335 10 11 0.036378387 
789 416 15 19 0.036303513 
520 332 9 12 0.036270123 
734 301 8 10 0.03624925 
565 298 10 13 0.036210768 
310 518 13 17 0.036207628 
207 208 9 11 0.036193103 
766 373 10 13 0.03618519 
328 460 13 17 0.03617592 
322 512 13 17 0.03617213 
439 269 10 13 0.036168907 
364 519 11 13 0.036121003 
621 371 9 12 0.036039066 
961 474 37 49 0.03597454 
421 329 9 11 0.03593547 
863 388 11 15 0.035903484 
247 271 10 14 0.03577623 
727 319 9 10 0.035761744 
617 286 8 11 0.03572744 
520 485 20 26 0.03568564 
666 349 9 12 0.035650782 
391 389 10 12 0.035633508 
768 302 8 11 0.03562825 
732 349 11 13 0.03559635 
516 417 12 15 0.03554859 
840 304 9 10 0.035457198 
328 396 10 13 0.035434797 
734 319 8 10 0.035396613 
697 311 8 10 0.035380296 
752 351 9 12 0.03531382 
173 518 16 22 0.035300806 
792 340 10 12 0.035155643 
7 237 9 11 0.035082195 
855 381 10 12 0.035044376 
592 365 11 14 0.034930766 
725 311 9 10 0.034690287 
172 529 14 20 0.03468137 
840 350 9 10 0.034664705 
461 296 8 11 0.034611285 
40 190 7 9 0.034608234 
712 332 9 11 0.034568183 
173 326 9 11 0.034568112 
79 398 10 13 0.034490306 
608 381 10 13 0.034410544 
744 365 10 14 0.03432961 
542 210 11 14 0.034263026 
743 335 9 10 0.034148894 
665 280 9 10 0.034140434 
494 310 10 12 0.034123737 
775 303 9 11 0.0341148 
903 326 9 11 0.03404054 
880 237 11 13 0.033948015 
904 335 9 11 0.033900272 
374 274 16 22 0.03381662 
960 445 14 18 0.033769753 
773 342 10 12 0.03364659 
714 482 27 33 0.03358597 
735 296 8 11 0.03357428 
533 364 11 15 0.033551663 
790 334 10 12 0.033547435 
980 390 12 15 0.03340994 
529 342 9 11 0.03337669 
124 387 11 14 0.033295635 
160 351 11 13 0.033262126 
639 374 11 14 0.03322432 
906 271 7 9 0.03320835 
441 356 10 12 0.033193234 
1011 436 13 19 0.033150505 
509 428 11 13 0.033109095 
839 319 8 9 0.033100594 
862 365 10 12 0.03309584 
862 395 14 17 0.03307943 
629 307 9 12 0.03304762 
329 455 20 26 0.033029545 
644 503 14 18 0.033019774 
769 444 20 27 0.03294257 
631 357 9 12 0.03292915 
440 436 12 16 0.032911945 
623 278 8 10 0.032885358 
416 385 10 12 0.03284965 
926 377 13 18 0.03284616 
798 420 22 29 0.032793075 
816 303 7 10 0.032732684 
874 310 8 10 0.032700967 
61 482 15 20 0.03263018 
473 280 9 11 0.032572296 
222 372 9 13 0.03253457 
378 252 22 29 0.032496683 
468 365 10 12 0.032476373 
672 343 9 11 0.032470044 
641 466 13 19 0.032407116 
863 294 8 10 0.03239744 
737 434 14 18 0.032350536 
867 417 14 18 0.03231545 
759 342 11 12 0.032286435 
542 318 10 13 0.032268785 
597 349 11 13 0.03226299 
648 254 8 10 0.032249775 
491 575 13 16 0.03223286 
856 366 8 11 0.03213992 
550 308 9 12 0.032120164 
852 419 14 18 0.032112565 
701 310 8 10 0.0320553 
802 308 8 11 0.031939775 
689 263 8 9 0.031922635 
710 349 10 12 0.031916678 
27 314 19 24 0.031911504 
520 318 8 11 0.031911172 
25 317 11 15 0.031899754 
766 491 21 29 0.03189245 
758 349 11 15 0.031861875 
488 311 9 13 0.031845577 
4 310 11 15 0.031839862 
340 406 11 14 0.031724904 
703 383 10 14 0.031658664 
1000 420 13 17 0.031524085 
415 436 10 13 0.031518325 
420 346 10 13 0.031508896 
167 343 9 13 0.031482074 
466 388 9 12 0.031435292 
511 419 12 14 0.031417903 
734 326 8 10 0.03140737 
77 444 13 17 0.031402517 
950 414 15 18 0.031345468 
400 301 9 12 0.03129562 
5 297 12 15 0.031219082 
109 395 10 14 0.031208908 
704 357 9 12 0.03104704 
445 441 11 16 0.03100656 
948 366 12 15 0.030991662 
373 321 15 18 0.03096809 
993 292 10 13 0.030946298 
916 310 10 13 0.030939939 
279 406 14 18 0.030933864 
679 348 11 14 0.030751286 
873 318 7 9 0.030735975 
702 304 8 10 0.03072755 
729 355 10 13 0.030694954 
791 320 9 11 0.030672574 
645 287 8 10 0.030622711 
90 197 8 10 0.030617941 
101 286 9 11 0.030617438 
529 280 9 12 0.030551339 
748 396 12 16 0.030541562 
327 391 10 12 0.030462272 
527 327 9 13 0.030431375 
561 295 9 12 0.030426184 
605 407 10 13 0.030405289 
167 531 24 34 0.030364396 
889 326 8 10 0.030315476 
90 479 14 21 0.030311774 
790 278 8 10 0.030264635 
212 330 10 14 0.03021488 
527 296 10 11 0.030205552 
663 303 8 11 0.030189894 
486 335 8 11 0.030151183 
905 255 8 10 0.030130645 
558 310 10 13 0.030108672 
667 370 12 16 0.030084861 
91 468 16 21 0.030084345 
895 352 10 13 0.030077253 
175 356 9 13 0.030061152 
479 388 10 12 0.029989073 
958 206 13 17 0.029964503 
206 212 10 13 0.029947171 
173 349 10 13 0.02990914 
1005 433 15 19 0.02985799 
350 406 11 14 0.029835267 
943 269 8 10 0.029827068 
78 322 12 15 0.029817168 
27 388 21 26 0.02973558 
630 278 8 10 0.029718982 
966 406 11 13 0.029584885 
778 448 21 26 0.029496549 
725 343 9 11 0.029474678 
805 310 8 10 0.029439475 
144 486 16 19 0.029422242 
726 430 14 17 0.029410122 
752 302 9 10 0.029343355 
646 315 10 12 0.029336277 
222 380 10 13 0.02933577 
839 333 9 12 0.02931611 
640 364 10 13 0.029287292 
568 400 10 13 0.029235337 
591 372 9 13 0.029209739 
587 473 14 17 0.02920635 
493 399 9 13 0.029103022 
89 183 9 10 0.029072488 
464 367 9 11 0.02904726 
617 279 8 11 0.028944269 
326 329 14 17 0.02890934 
349 413 12 15 0.028903197 
51 341 19 24 0.028866455 
656 303 8 10 0.028833443 
165 483 15 19 0.028821 
332 490 14 18 0.028819488 
779 396 13 16 0.028785255 
213 544 42 49 0.028757755 
718 450 13 16 0.02861344 
895 294 9 11 0.028611334 
743 396 11 15 0.028515097 
703 349 10 12 0.028488524 
698 420 14 17 0.02844461 
97 287 9 11 0.02839205 
527 318 9 11 0.028384702 
774 318 9 11 0.028242351 
85 397 11 14 0.028225038 
877 364 10 12 0.028167214 
613 416 19 24 0.028128061 
312 207 10 12 0.02810402 
501 358 10 14 0.028044963 
487 351 9 11 0.028037326 
191 397 10 13 0.0280293 
950 373 11 14 0.027996436 
743 311 8 10 0.027972337 
94 374 10 12 0.027961373 
817 318 8 10 0.027932381 
976 333 11 14 0.02768397 
582 289 9 11 0.0276809 
358 429 10 14 0.02758683 
811 410 15 20 0.027569244 
404 299 10 13 0.027549434 
703 500 15 19 0.027522163 
918 372 11 14 0.027504617 
486 341 7 10 0.027499797 
998 367 10 12 0.027492987 
695 262 9 10 0.027452093 
356 412 12 15 0.027406069 
104 381 11 14 0.027364302 
321 389 10 13 0.027254764 
512 240 7 8 0.02722423 
772 458 13 17 0.027183881 
938 302 9 10 0.027096022 
664 378 13 17 0.027084125 
295 450 11 13 0.027074818 
303 514 13 18 0.027058637 
197 396 11 14 0.027052404 
681 296 9 9 0.027051892 
702 394 11 14 0.026990108 
748 380 10 13 0.026923943 
520 301 9 12 0.026920917 
292 317 11 14 0.026807735 
678 342 10 12 0.026694745 
993 303 9 12 0.026656121 
106 498 20 26 0.026647776 
598 284 10 12 0.02660138 
328 562 12 15 0.026585853 
488 400 9 12 0.026585814 
120 196 8 10 0.026573464 
224 533 24 30 0.026548363 
410 348 9 12 0.026513955 
720 304 8 10 0.026506588 
633 256 8 9 0.026488747 
630 285 9 12 0.02648083 
94 387 10 14 0.026465727 
980 316 11 13 0.026446296 
494 419 10 13 0.026432574 
331 315 11 14 0.02640124 
440 366 9 11 0.02639238 
918 351 10 12 0.026380468 
420 436 10 13 0.02635511 
412 405 15 20 0.026305696 
101 318 12 15 0.026290517 
800 318 8 11 0.026284918 
703 373 9 12 0.026283866 
274 309 17 19 0.02626975 
645 483 14 16 0.02626875 
1000 317 9 11 0.02624945 
1000 391 11 16 0.02621648 
275 338 20 24 0.026209844 
135 396 10 13 0.026199855 
347 459 10 14 0.026199734 
558 238 7 10 0.026147518 
639 255 8 9 0.026110651 
772 334 10 11 0.0260143 
183 421 13 16 0.026008015 
901 317 8 11 0.026007524 
988 507 23 32 0.025935926 
456 326 10 14 0.025877342 
904 341 9 10 0.02585247 
918 286 9 11 0.025846623 
430 360 9 10 0.02584486 
773 372 10 13 0.025831547 
670 284 8 11 0.025766596 
879 316 8 10 0.025762042 
623 254 7 10 0.025750216 
633 351 8 11 0.025696626 
31 349 12 15 0.025683867 
808 327 8 10 0.025673779 
615 269 8 10 0.025623448 
880 302 8 11 0.025611907 
711 343 9 12 0.025606371 
271 412 14 19 0.025596997 
149 397 11 13 0.025573779 
481 412 10 14 0.025542168 
110 372 11 14 0.025482973 
656 309 8 11 0.025452549 
845 402 12 16 0.025448315 
355 420 12 14 0.025443107 
614 256 9 11 0.025368845 
150 406 13 16 0.025241604 
886 342 8 10 0.0252329 
121 192 8 10 0.025224295 
408 318 10 12 0.02519339 
54 520 14 17 0.0251857 
560 420 12 16 0.02518467 
879 374 10 12 0.025175476 
1000 485 25 35 0.025166258 
957 207 26 31 0.025166215 
136 444 12 17 0.025149425 
284 446 12 16 0.025147812 
766 341 10 12 0.025127549 
609 256 9 11 0.025117312 
1012 417 12 16 0.025107335 
375 530 12 16 0.025068685 
927 323 8 10 0.025043173 
349 475 10 14 0.025012022 
760 311 8 9 0.025008228 
136 436 11 15 0.024997162 
102 373 10 14 0.024996696 
174 460 12 16 0.024965098 
8 443 11 15 0.024963886 
487 401 17 23 0.024953384 
664 327 7 9 0.024950843 
392 301 10 14 0.024889978 
509 317 10 12 0.024883231 
846 396 12 16 0.024861049 
240 524 23 29 0.024848472 
512 244 98 129 0.024812343 
210 553 23 30 0.024793386 
766 366 10 14 0.024723973 
384 234 97 125 0.024688646 
456 367 8 10 0.02466983 
40 240 9 11 0.02464848 
661 295 10 11 0.024601676 
761 319 9 11 0.02457605 
224 335 9 12 0.02455065 
767 427 13 16 0.02455021 
169 545 17 25 0.024516737 
524 429 13 16 0.024503982 
536 246 7 9 0.024503427 
767 295 8 10 0.024473518 
801 303 8 11 0.024404092 
265 463 10 14 0.024343822 
480 328 8 10 0.024338806 
789 425 14 19 0.02430223 
174 365 9 12 0.024287453 
794 369 12 16 0.024281034 
21 239 7 10 0.02425362 
969 252 11 14 0.024244895 
44 418 14 17 0.02423352 
596 361 19 23 0.024221292 
165 520 13 18 0.024219777 
341 340 10 12 0.02417685 
686 303 8 10 0.024160968 
37 332 9 13 0.024143592 
286 426 13 16 0.024128735 
911 352 9 12 0.024125734 
342 537 12 16 0.024058491 
448 457 13 19 0.024036665 
685 355 10 14 0.02396184 
331 544 13 18 0.023960251 
856 295 7 9 0.023949642 
507 306 11 14 0.023902578 
685 295 8 9 0.023873601 
958 415 20 24 0.023863958 
537 207 10 12 0.023853179 
764 354 11 15 0.02383908 
848 296 7 9 0.023829859 
479 351 10 12 0.023819491 
16 183 8 10 0.023816757 
405 436 11 16 0.023790712 
110 207 8 9 0.023768282 
1000 381 9 13 0.023761882 
36 412 13 15 0.023759127 
847 319 8 10 0.02375822 
125 330 12 14 0.023737058 
901 424 14 18 0.023733255 
991 218 12 14 0.02373294 
418 397 21 26 0.023724413 
56 215 7 10 0.023714686 
89 189 9 11 0.02371421 
750 342 8 12 0.023689944 
372 442 12 15 0.023687905 
493 351 10 11 0.023666918 
925 339 10 14 0.02364576 
738 424 15 20 0.02364083 
390 395 10 14 0.023610251 
598 323 9 11 0.023557272 
563 485 12 17 0.023543488 
119 382 12 16 0.023532802 
846 303 8 10 0.02351671 
759 303 8 10 0.023511963 
482 517 14 16 0.023504538 
68 441 16 20 0.023461848 
157 333 10 12 0.023461424 
984 366 10 13 0.0234387 
614 431 14 18 0.02342903 
88 389 10 11 0.023428723 
173 344 10 12 0.023413397 
341 350 11 14 0.023412297 
257 156 8 10 0.023393184 
990 483 11 14 0.02334067 
958 318 8 11 0.023323262 
749 437 15 20 0.02332199 
736 335 8 10 0.023309201 
238 374 11 14 0.023305427 
713 497 23 30 0.023298716 
801 270 8 10 0.023287753 
517 436 13 16 0.02328369 
299 532 12 16 0.023272153 
70 358 11 14 0.02324789 
656 326 8 10 0.023235008 
79 222 8 10 0.023228489 
784 321 9 11 0.023223178 
495 232 8 10 0.023212353 
969 444 15 21 0.023200717 
743 284 9 11 0.023187084 
655 319 8 11 0.023174118 
118 332 11 13 0.023172336 
749 373 10 14 0.023170743 
255 324 10 13 0.023147205 
469 356 11 13 0.023132151 
286 143 10 13 0.02311341 
99 422 15 19 0.023090942 
164 370 11 15 0.023065533 
861 333 9 11 0.023042738 
832 295 7 10 0.02303924 
207 200 8 11 0.023031635 
592 248 9 9 0.0230277 
696 334 9 11 0.02302139 
747 419 12 15 0.02301588 
336 356 18 24 0.02300982 
598 254 8 11 0.023007546 
700 327 10 11 0.022988208 
862 312 7 10 0.02298375 
488 276 9 11 0.022968572 
688 405 9 13 0.022924688 
789 434 14 18 0.022907251 
718 444 25 30 0.022759447 
688 272 9 10 0.022738177 
135 415 12 16 0.022712963 
84 486 15 20 0.022711506 
632 331 10 14 0.022668207 
391 499 12 14 0.022663299 
37 341 10 13 0.022645963 
215 294 10 12 0.022616154 
190 360 17 23 0.02259601 
493 272 9 11 0.02258417 
710 372 10 12 0.02255203 
340 333 12 14 0.022550458 
911 303 9 10 0.02255028 
806 318 8 10 0.02246974 
366 343 9 11 0.022450253 
494 295 9 11 0.02234036 
776 325 8 11 0.022340175 
799 357 10 11 0.022330169 
784 287 8 10 0.022320103 
241 335 9 11 0.022319803 
672 334 8 10 0.02231674 
871 326 9 11 0.022315703 
725 334 9 11 0.0222656 
319 522 21 29 0.022259545 
1014 324 9 13 0.022251353 
644 353 9 11 0.02221117 
799 342 10 13 0.02218349 
216 380 10 13 0.022149097 
150 534 39 51 0.022138359 
930 277 8 10 0.022134779 
719 427 13 16 0.022131931 
592 346 12 15 0.022124235 
120 184 7 9 0.022109047 
100 509 17 22 0.02209623 
115 350 10 12 0.022081254 
832 325 8 10 0.022043096 
622 262 8 11 0.022040289 
879 381 11 14 0.022028364 
413 358 10 12 0.02200952 
385 344 9 11 0.021989482 
845 429 20 26 0.021973394 
776 271 7 10 0.021968644 
750 327 9 10 0.021901064 
165 470 22 27 0.021897767 
624 326 8 11 0.021868123 
974 380 11 14 0.021864424 
2 370 14 20 0.021855656 
143 348 9 12 0.021853715 
357 435 11 16 0.021828344 
666 358 9 12 0.021826303 
180 459 13 17 0.021768598 
592 340 11 14 0.021762444 
479 309 9 13 0.02173371 
846 380 10 13 0.02172952 
23 463 15 19 0.021704394 
607 335 9 11 0.021699453 
824 364 9 12 0.021694787 
109 181 8 11 0.021687755 
56 299 9 13 0.021670396 
549 378 11 14 0.021641048 
479 294 9 11 0.021600928 
452 444 20 26 0.021537771 
45 316 13 16 0.02152452 
29 310 12 15 0.021521298 
202 302 9 13 0.02149048 
777 398 20 25 0.021439252 
543 198 9 11 0.021416329 
36 373 21 25 0.021371074 
1006 319 9 12 0.021367293 
313 318 20 26 0.021313157 
87 373 11 14 0.021281973 
697 349 9 13 0.02127946 
89 363 10 13 0.021236872 
536 333 10 13 0.021233188 
664 318 8 11 0.02120421 
918 364 10 13 0.021201117 
487 293 8 12 0.0211891 
1012 487 12 16 0.0211798 
134 424 14 18 0.021167021 
48 303 9 11 0.021154596 
359 531 20 26 0.021148132 
305 447 19 27 0.021146124 
445 514 13 16 0.021138962 
464 356 10 12 0.021118272 
704 366 9 11 0.021095177 
594 459 14 19 0.021088198 
283 310 14 17 0.021084575 
886 310 9 11 0.021059306 
870 343 9 11 0.021045353 
64 363 11 13 0.021037815 
508 436 22 27 0.020977516 
481 254 8 10 0.020953408 
320 396 11 13 0.020875135 
70 208 7 8 0.020855658 
519 427 12 16 0.020829257 
444 429 19 24 0.020818254 
554 319 17 24 0.020818148 
251 305 12 15 0.020778209 
348 484 12 15 0.020745676 
909 335 9 11 0.020741498 
104 190 8 10 0.020733433 
454 518 10 13 0.0207132 
270 374 10 12 0.020710744 
911 326 9 11 0.020707631 
402 279 14 18 0.02067615 
550 356 11 15 0.020676024 
30 383 12 15 0.020659503 
531 484 15 19 0.020630348 
687 333 8 10 0.020628309 
880 342 9 10 0.020614086 
457 465 16 18 0.02058399 
631 342 10 12 0.020577187 
290 404 12 16 0.020556994 
93 397 11 15 0.020537512 
770 435 14 19 0.020519363 
465 395 10 14 0.020490808 
1006 490 14 18 0.0204838 
292 434 12 15 0.02046821 
159 327 9 11 0.020458309 
920 339 10 13 0.020458223 
673 270 8 9 0.020445459 
837 366 9 10 0.020440934 
998 309 9 10 0.020421255 
45 397 12 13 0.020407181 
970 259 10 13 0.020383095 
806 303 8 10 0.020362701 
233 380 21 26 0.020358594 
553 246 8 10 0.020347709 
702 262 8 10 0.02032935 
415 388 18 23 0.02031186 
616 307 10 14 0.020296102 
830 349 9 11 0.020286243 
305 237 96 123 0.02027058 
197 387 11 14 0.020260299 
847 359 9 11 0.02023291 
863 318 7 9 0.020218188 
249 520 25 30 0.020214288 
990 477 10 14 0.020209963 
681 302 8 10 0.020177303 
503 349 10 12 0.020172006 
220 558 15 19 0.02015991 
592 358 11 13 0.020106332 
954 317 8 10 0.02009846 
270 358 10 12 0.02009199 
183 435 12 15 0.020086743 
61 289 9 11 0.02007552 
679 328 8 10 0.02006952 
482 207 8 10 0.020067584 
672 263 8 9 0.02005626 
138 432 20 27 0.02001497 
998 432 15 19 0.020010972 
