2_Demonstration_Demonstrators_2_28
475
171 379 27 36 0.9989405 
657 606 55 64 0.9986926 
456 396 23 32 0.99864024 
40 389 32 43 0.99705887 
603 385 22 27 0.9967817 
516 445 27 35 0.9955273 
755 430 22 31 0.9947648 
594 503 36 47 0.993666 
385 429 27 34 0.9929 
251 395 23 30 0.9909875 
328 443 26 35 0.9883873 
891 437 26 42 0.9868721 
179 515 39 49 0.98549116 
333 514 32 40 0.9834584 
86 477 36 46 0.9804364 
546 361 15 21 0.9747244 
263 452 22 28 0.9741115 
491 388 19 27 0.9688793 
647 368 14 21 0.96505284 
368 381 17 24 0.9601095 
586 363 17 21 0.9557944 
297 425 23 31 0.954564 
35 361 27 35 0.9404784 
673 378 15 23 0.93940324 
66 356 16 20 0.93700075 
421 353 15 19 0.92013454 
980 479 25 35 0.9167299 
843 514 41 51 0.9138905 
621 365 12 15 0.8949456 
38 548 42 55 0.8522412 
454 346 12 15 0.8519679 
870 398 22 30 0.8493503 
264 363 19 23 0.84887636 
442 370 19 27 0.84483683 
481 364 15 19 0.8027526 
715 402 14 18 0.80150783 
285 369 17 22 0.77958053 
764 350 14 21 0.7761868 
757 352 15 21 0.77122045 
684 449 22 27 0.7580112 
192 353 13 17 0.7544522 
463 370 14 18 0.7186504 
1004 444 20 30 0.66457677 
240 340 12 16 0.5987008 
219 371 13 18 0.5371272 
619 319 11 13 0.5207274 
215 335 11 14 0.49248698 
526 343 9 13 0.46079 
569 341 11 15 0.387755 
339 371 16 22 0.38453054 
809 331 8 10 0.3835095 
996 342 9 12 0.37942776 
64 340 12 14 0.36954224 
670 351 9 11 0.34250596 
141 422 17 25 0.3335909 
805 391 14 20 0.32963097 
498 367 14 19 0.309369 
548 512 23 26 0.30671433 
156 369 17 23 0.30484876 
183 599 50 72 0.28014565 
662 332 9 11 0.276743 
0 364 11 19 0.27581182 
649 342 9 12 0.27228746 
172 342 9 13 0.26537567 
639 347 10 13 0.25247487 
137 370 15 20 0.24618474 
163 363 14 18 0.23621689 
680 412 16 19 0.23471074 
998 446 16 23 0.23329835 
563 370 14 19 0.23028962 
491 556 37 57 0.22549728 
277 346 11 15 0.22085534 
1003 357 11 15 0.21870089 
794 332 9 11 0.21432476 
966 366 12 16 0.21295829 
999 348 10 14 0.21055773 
817 364 10 12 0.20026517 
804 359 10 14 0.19641984 
833 366 9 13 0.19584909 
407 378 11 16 0.19484204 
701 357 12 15 0.18176474 
564 323 10 13 0.17841503 
89 333 9 11 0.16899431 
46 330 11 14 0.16616262 
723 391 19 26 0.16382207 
711 370 11 16 0.16057758 
694 360 14 17 0.15771414 
709 355 13 16 0.15260236 
473 320 9 10 0.15148956 
346 295 17 20 0.14979386 
897 358 10 13 0.14828569 
706 581 28 49 0.14633498 
568 335 9 13 0.1435318 
510 353 11 15 0.14325105 
904 423 22 33 0.14011696 
853 333 10 11 0.1371917 
830 332 8 11 0.13561288 
502 350 11 14 0.1318158 
638 356 11 14 0.13072956 
838 391 13 18 0.12441723 
861 454 28 36 0.12391852 
756 404 16 21 0.12233477 
308 229 19 22 0.120039135 
445 366 13 18 0.11950485 
520 348 10 14 0.119487144 
561 321 10 12 0.118255414 
848 334 9 11 0.11542922 
732 372 14 16 0.11406583 
478 369 21 26 0.113490425 
438 489 29 37 0.11255146 
952 365 10 12 0.11194052 
704 334 9 11 0.10971898 
913 422 16 23 0.10764115 
477 350 11 13 0.106555596 
324 312 8 11 0.10309275 
589 323 9 12 0.102258 
389 367 11 14 0.10097374 
862 325 9 12 0.10043212 
783 370 12 17 0.099209204 
140 384 17 23 0.09625087 
173 334 10 14 0.09617597 
925 331 15 18 0.0950133 
749 296 9 12 0.09461237 
553 364 17 25 0.094605625 
585 319 9 12 0.09418901 
533 369 12 16 0.094169244 
642 324 9 11 0.0938483 
160 373 26 32 0.09215642 
886 367 8 11 0.09097206 
149 372 19 27 0.09015654 
710 397 14 19 0.08894175 
729 386 17 21 0.08647666 
101 362 14 18 0.08509212 
256 387 20 27 0.08505803 
626 369 12 16 0.08434064 
958 365 12 15 0.08297771 
986 399 18 20 0.08071028 
-1 375 13 26 0.080220126 
436 470 26 34 0.079541825 
837 371 11 15 0.07725982 
845 341 10 12 0.07689146 
225 371 17 20 0.07680449 
604 349 12 14 0.07649545 
195 386 14 21 0.074316256 
798 329 7 9 0.07392614 
281 395 14 17 0.073322356 
326 316 9 13 0.07287218 
811 328 9 11 0.07279648 
840 328 8 11 0.07261259 
143 355 13 16 0.07144014 
879 400 16 22 0.07142723 
872 444 25 37 0.06879748 
595 358 12 16 0.06804266 
1006 378 11 15 0.06762917 
518 377 19 24 0.066995315 
613 347 12 14 0.06688592 
280 408 14 19 0.066099554 
367 335 10 13 0.06475101 
718 339 9 12 0.06446028 
826 329 9 11 0.064159244 
437 299 10 12 0.06405513 
432 378 13 19 0.0635833 
638 363 11 17 0.06354504 
821 359 9 12 0.063072056 
815 370 13 16 0.06204407 
683 379 11 17 0.062030785 
710 337 9 11 0.06197449 
97 358 24 29 0.061645538 
527 371 13 18 0.060740985 
572 337 10 13 0.06065093 
677 418 21 27 0.06008638 
19 342 11 12 0.059391566 
752 415 25 34 0.0580282 
231 363 13 18 0.057876993 
63 346 15 19 0.057331026 
125 363 13 20 0.056624092 
849 442 32 41 0.056480706 
901 352 10 15 0.056016248 
284 346 14 17 0.05536602 
258 371 23 30 0.05536028 
935 407 26 35 0.05497005 
864 321 7 10 0.054704584 
425 311 8 10 0.053862777 
725 324 9 12 0.053785592 
659 327 9 12 0.053665087 
429 310 10 11 0.053353578 
219 396 19 30 0.053319048 
860 403 18 25 0.052975435 
856 329 9 11 0.052610222 
117 363 13 18 0.052425347 
704 338 11 14 0.05158155 
108 363 14 17 0.051536355 
875 389 16 21 0.051481064 
330 344 10 13 0.05140493 
47 369 18 22 0.051336013 
716 364 11 15 0.051293146 
157 21 53 72 0.050671082 
688 364 13 15 0.05061345 
229 322 10 14 0.050559424 
680 428 23 29 0.05052031 
292 350 10 12 0.04990812 
623 312 9 12 0.049743712 
239 330 20 25 0.049483985 
550 351 11 14 0.049014483 
644 319 10 13 0.048837222 
853 470 32 33 0.048630375 
182 333 11 14 0.047834974 
276 369 14 19 0.047746282 
128 363 21 29 0.04773626 
333 323 11 13 0.047419645 
950 359 10 13 0.046781037 
648 337 9 12 0.046663873 
78 285 9 12 0.04559173 
439 364 13 18 0.04558543 
841 342 9 13 0.045434985 
186 383 21 30 0.045428716 
703 369 13 17 0.045126036 
702 328 8 10 0.04499273 
64 286 9 12 0.044906702 
468 371 18 23 0.044658102 
524 393 16 22 0.044425316 
32 341 9 12 0.044008467 
980 405 23 32 0.04369279 
926 385 15 19 0.04335423 
715 357 11 15 0.043176033 
855 409 15 19 0.043024726 
470 163 12 14 0.042870656 
836 360 10 13 0.042732067 
902 364 12 15 0.042621482 
371 374 15 21 0.04252658 
15 346 12 15 0.042183515 
1012 378 11 16 0.042047743 
96 358 10 12 0.04196867 
683 405 14 18 0.0418977 
516 351 12 17 0.041198783 
477 323 9 11 0.040611435 
540 550 58 68 0.04061053 
846 328 9 11 0.03970402 
923 292 43 51 0.039567925 
844 373 11 14 0.03942686 
389 269 17 21 0.039291378 
359 338 10 14 0.039247926 
363 514 23 34 0.03918635 
570 369 13 18 0.038650334 
173 326 11 16 0.03769169 
1001 380 11 13 0.03765945 
704 388 12 16 0.037570413 
227 320 9 12 0.037235413 
118 357 10 15 0.037213877 
665 384 13 18 0.036922112 
937 305 16 17 0.03690359 
762 407 15 21 0.03687328 
573 363 13 18 0.036743805 
697 327 8 10 0.036594454 
971 369 12 15 0.03597403 
920 408 26 32 0.035625104 
277 333 13 16 0.03558527 
992 337 10 13 0.035204366 
707 361 18 24 0.035192844 
236 356 13 16 0.034323458 
904 336 8 11 0.034290425 
572 396 12 19 0.034217756 
674 348 12 15 0.034084607 
433 293 11 15 0.034072 
427 369 15 21 0.03400871 
615 369 14 17 0.03379844 
632 359 11 14 0.033780064 
968 351 10 13 0.03373623 
409 257 23 28 0.033647314 
530 342 12 15 0.03361301 
582 397 14 19 0.03348785 
560 347 10 14 0.033325255 
311 359 12 14 0.0331464 
194 343 16 17 0.03312647 
446 356 13 18 0.03286812 
146 391 21 31 0.032857407 
743 326 9 12 0.032781 
627 450 13 18 0.032744918 
622 293 10 11 0.032632858 
814 351 10 12 0.032587282 
743 363 13 16 0.03244053 
158 359 12 16 0.032374673 
966 355 13 17 0.032335885 
972 357 9 13 0.03226413 
641 368 13 19 0.031822756 
750 358 15 19 0.031503644 
441 467 17 23 0.03144676 
697 332 10 12 0.031335156 
111 358 23 29 0.031216022 
945 441 16 21 0.031176543 
54 372 23 31 0.031173818 
489 370 17 22 0.031102292 
665 355 11 15 0.03102974 
726 380 16 19 0.030950276 
143 417 27 38 0.030926984 
616 357 12 16 0.030921813 
383 371 12 17 0.030910438 
320 348 9 13 0.03087681 
52 353 25 30 0.030804528 
497 350 11 14 0.030803809 
797 388 18 22 0.030748963 
811 365 20 26 0.030682415 
702 350 12 16 0.030567987 
599 350 11 15 0.030499246 
188 335 11 13 0.030450845 
581 342 11 15 0.030288953 
1006 357 21 29 0.030207923 
613 331 13 15 0.030187674 
169 336 16 23 0.030136712 
628 377 12 16 0.030120961 
560 330 11 14 0.029947223 
334 333 12 15 0.029926674 
806 381 11 15 0.029843334 
686 372 12 17 0.029807936 
664 340 10 13 0.029671773 
823 301 8 11 0.029581392 
615 315 17 21 0.029534506 
988 409 28 36 0.029413164 
183 338 11 16 0.029390922 
171 356 12 15 0.0293384 
432 269 10 15 0.029245988 
897 350 17 23 0.02913681 
997 349 19 26 0.028974963 
425 357 16 21 0.028887186 
903 369 13 17 0.028688828 
655 333 10 12 0.028546453 
671 344 9 12 0.028416805 
654 295 9 11 0.028391184 
691 378 13 18 0.028355455 
263 397 17 23 0.02824402 
984 350 9 11 0.028213913 
688 347 11 14 0.028188352 
722 317 10 14 0.028154425 
150 363 14 21 0.028103078 
157 393 14 20 0.028087387 
550 343 11 13 0.028021816 
931 297 25 29 0.027800364 
646 346 10 12 0.02763826 
925 391 25 30 0.02752777 
780 375 13 18 0.02747705 
846 413 22 28 0.027466277 
831 392 14 18 0.027448177 
279 380 21 26 0.027412316 
126 417 26 37 0.02731306 
667 345 19 24 0.027302552 
71 285 9 14 0.027272087 
607 343 11 14 0.027261274 
23 215 10 14 0.026979106 
590 351 13 16 0.026969833 
396 382 15 21 0.026665956 
941 426 23 33 0.026628494 
139 356 21 28 0.026456244 
815 342 9 11 0.02643819 
81 332 10 13 0.026382528 
440 25 10 13 0.026315052 
641 334 10 13 0.026226643 
227 293 16 20 0.026217645 
917 300 11 13 0.026139747 
659 370 14 20 0.026128072 
893 509 38 55 0.026085345 
531 376 15 21 0.026077114 
291 355 13 16 0.025779042 
839 468 33 32 0.025669254 
661 364 12 16 0.02564602 
295 405 11 17 0.025404513 
37 360 16 19 0.025391258 
391 359 10 14 0.025256226 
51 333 13 15 0.025248697 
36 348 11 13 0.025226416 
460 520 24 28 0.025131416 
119 350 10 12 0.025119 
428 342 13 16 0.025059748 
919 357 11 13 0.025056144 
724 334 10 11 0.02494367 
496 356 12 17 0.02493084 
944 364 12 14 0.024750788 
973 351 8 11 0.024729038 
920 336 15 17 0.024705179 
731 455 16 19 0.024658525 
275 352 14 20 0.024605397 
125 357 12 17 0.024599949 
693 349 13 15 0.02444414 
4 359 12 17 0.024424544 
233 339 11 16 0.024396237 
950 445 23 31 0.024324877 
298 61 9 13 0.02421108 
830 371 20 27 0.024207084 
68 335 8 12 0.024169939 
1004 383 14 19 0.024131473 
588 396 12 17 0.024082718 
745 298 10 14 0.023992673 
283 332 14 18 0.023949208 
881 370 10 13 0.023868363 
941 450 22 29 0.023639493 
691 434 15 19 0.02346629 
589 343 10 13 0.02329513 
867 469 28 33 0.023242947 
316 358 11 16 0.023237877 
667 334 10 11 0.023235198 
47 338 11 15 0.023211341 
500 384 20 27 0.023116712 
894 334 10 13 0.023107115 
799 359 19 23 0.023105208 
56 339 11 15 0.023098048 
812 378 12 15 0.023096148 
333 421 12 17 0.023050595 
448 364 19 27 0.023047108 
369 245 9 11 0.02298191 
46 348 10 12 0.02287986 
567 342 19 22 0.022875303 
889 317 9 12 0.022804001 
659 416 17 21 0.022802716 
422 344 14 16 0.022749433 
616 312 11 13 0.022607833 
992 337 17 24 0.022478947 
975 420 26 36 0.022466734 
78 309 10 12 0.022412525 
94 350 38 47 0.022362962 
507 362 13 18 0.02227022 
472 186 11 16 0.022264797 
125 349 10 12 0.022264197 
850 371 14 16 0.022259157 
990 356 12 15 0.02224762 
34 375 31 44 0.022190435 
55 5 50 68 0.022127274 
845 398 22 27 0.02212251 
385 367 20 25 0.021843752 
736 394 24 30 0.021712946 
493 379 15 22 0.021639768 
730 375 22 26 0.021603122 
1006 372 19 27 0.021549376 
396 373 12 17 0.021534901 
444 145 13 17 0.021485157 
328 341 20 26 0.021480732 
42 326 12 15 0.021475205 
625 198 46 51 0.021343406 
615 212 14 16 0.021232622 
970 409 25 36 0.021222001 
483 351 11 13 0.02120809 
709 325 9 12 0.021158636 
523 339 17 22 0.021147963 
917 393 15 18 0.02114026 
617 293 10 12 0.021115612 
433 373 21 27 0.021053845 
607 318 12 14 0.021022838 
944 357 12 14 0.021005588 
984 358 9 12 0.020994293 
709 603 34 47 0.020938635 
1 378 24 34 0.020845363 
806 350 12 14 0.020793088 
805 369 14 17 0.020753765 
878 349 9 12 0.020734461 
948 412 23 32 0.020724965 
750 371 11 15 0.020678574 
853 381 13 15 0.020574426 
246 300 10 13 0.020565644 
927 560 30 34 0.020549083 
501 459 14 18 0.020543277 
667 417 16 22 0.020516327 
833 348 8 11 0.020508584 
668 361 15 19 0.020491704 
565 355 13 18 0.020483384 
348 358 13 16 0.02042559 
608 196 40 47 0.020412082 
8 524 36 48 0.020376014 
290 342 12 15 0.020349955 
927 420 27 40 0.020266807 
816 310 8 11 0.020237934 
772 404 13 19 0.020170728 
329 372 20 29 0.020145461 
502 453 25 30 0.020134611 
67 366 15 20 0.02012172 
527 449 25 34 0.020111308 
502 344 10 13 0.020013113 
233 333 10 14 0.020002274 
