2_Demonstration_Demonstration_Or_Protest_2_367
80
390 244 68 93 0.9978934 
120 260 27 33 0.9974407 
261 276 27 38 0.99508804 
40 274 25 32 0.99291927 
306 303 24 31 0.99007773 
782 350 47 53 0.98190075 
92 260 15 21 0.9797477 
201 272 18 23 0.96395123 
507 248 43 50 0.93296516 
181 306 30 37 0.8661937 
294 281 17 22 0.7736169 
52 252 16 20 0.68126553 
654 246 29 41 0.17170267 
171 292 16 20 0.16068932 
972 370 49 81 0.15748689 
283 278 24 30 0.15301032 
235 277 13 17 0.1240627 
177 299 23 30 0.11818209 
188 301 17 22 0.11290368 
853 351 44 54 0.09940258 
559 45 9 12 0.090009764 
103 239 12 14 0.08776083 
344 283 14 17 0.07927308 
856 223 24 28 0.07363656 
756 210 19 22 0.071796805 
189 313 34 37 0.062573865 
333 306 16 21 0.05290515 
245 197 9 12 0.049354102 
631 298 23 31 0.047622763 
343 283 25 28 0.04755307 
861 233 43 55 0.04721272 
508 217 57 72 0.04615396 
269 271 15 18 0.046125058 
44 270 18 21 0.04507192 
731 364 14 17 0.038983777 
582 37 10 13 0.038815055 
70 250 13 19 0.038029607 
796 217 16 19 0.037588038 
421 672 11 12 0.035859358 
22 256 15 18 0.03577903 
417 661 9 10 0.03558599 
94 252 19 25 0.03508363 
125 122 14 17 0.033624746 
855 403 48 65 0.03287775 
745 378 15 20 0.031536866 
85 251 19 25 0.031520195 
551 266 13 17 0.031496227 
560 37 11 15 0.031165361 
640 269 46 62 0.03114262 
564 31 9 11 0.031130305 
341 165 10 13 0.030798627 
613 243 43 56 0.030578194 
254 283 14 22 0.030376088 
209 319 18 21 0.03033481 
291 268 27 33 0.028773379 
634 250 35 39 0.028753217 
235 278 22 31 0.027535006 
498 181 88 122 0.026700009 
271 292 26 34 0.025839733 
99 242 19 23 0.025503919 
771 154 14 19 0.02489853 
37 251 12 16 0.024455333 
855 373 49 60 0.023969855 
0 570 39 74 0.023860607 
-1 0 20 20 0.023534939 
669 532 16 21 0.022814464 
242 274 16 22 0.02264338 
28 281 25 32 0.02259335 
327 285 12 15 0.022299137 
445 660 12 16 0.022090813 
857 232 30 36 0.02203043 
548 626 34 40 0.021805268 
417 675 12 14 0.02141365 
764 383 17 23 0.021236444 
298 294 23 32 0.020988118 
621 281 31 45 0.020724434 
337 291 24 29 0.020464359 
210 230 9 12 0.02034744 
875 255 32 39 0.020039363 
232 272 12 15 0.020013442 
