2_Demonstration_Protesters_2_525
1341
660 484 31 40 0.9989367 
994 458 31 36 0.9978077 
416 515 28 37 0.99714017 
880 518 35 44 0.99701774 
554 484 30 40 0.99681646 
760 458 26 32 0.99621946 
578 402 23 29 0.9961326 
484 436 27 33 0.99606377 
848 426 23 29 0.9948856 
849 368 16 19 0.9936562 
763 400 23 30 0.9935935 
765 302 15 20 0.99077153 
297 487 31 36 0.9899725 
232 486 25 28 0.9897956 
468 331 14 17 0.9880518 
325 416 23 27 0.9874857 
389 437 20 27 0.9872695 
203 381 20 28 0.9870003 
999 397 21 28 0.98562384 
480 399 17 21 0.9799652 
920 477 31 37 0.9781131 
595 211 14 18 0.9771896 
337 346 19 23 0.9739248 
712 307 16 20 0.9734614 
501 318 13 16 0.97339195 
317 326 15 18 0.97215617 
657 427 26 31 0.9698683 
592 344 16 20 0.9679905 
310 384 20 25 0.96574605 
809 228 15 19 0.96560884 
54 433 23 30 0.9610886 
718 330 14 19 0.96088535 
919 376 20 24 0.96035 
453 267 13 16 0.95935524 
781 344 16 18 0.9576441 
615 210 14 18 0.9568248 
455 308 12 16 0.9560126 
715 361 21 26 0.95490885 
250 368 20 26 0.9473896 
61 344 15 17 0.94427747 
362 307 14 17 0.9400003 
884 330 12 16 0.9397176 
2 372 20 27 0.93614 
951 351 20 23 0.9326999 
79 316 13 16 0.9287968 
527 277 11 14 0.9251148 
145 341 12 16 0.9234541 
671 321 16 20 0.9129178 
500 283 13 15 0.9125885 
835 341 12 16 0.91181415 
639 295 14 18 0.91146827 
1005 238 17 21 0.9086239 
725 206 13 15 0.907317 
990 380 16 19 0.9068664 
248 311 13 15 0.9061386 
685 220 15 19 0.90590435 
862 331 12 16 0.9017657 
783 317 16 19 0.9005037 
845 397 17 22 0.8943744 
79 380 20 23 0.8931154 
414 314 12 15 0.8903811 
722 225 14 17 0.88592166 
866 228 12 16 0.88240707 
525 395 17 21 0.88184166 
775 231 14 18 0.8755154 
185 339 12 16 0.86696416 
441 292 11 15 0.8583259 
475 294 12 15 0.85282046 
960 236 10 14 0.83481354 
408 205 9 11 0.8339932 
541 287 12 15 0.8215134 
167 288 10 13 0.8165778 
385 280 9 13 0.80786884 
968 249 13 16 0.80445176 
147 450 17 22 0.7673074 
436 355 12 17 0.75218046 
797 364 17 19 0.7422852 
566 279 12 16 0.73464996 
133 285 10 13 0.73403025 
26 414 18 21 0.73244786 
123 300 11 15 0.7245952 
996 223 12 16 0.70990163 
53 298 11 14 0.70824915 
385 348 13 16 0.7060716 
973 218 12 15 0.7046741 
20 296 12 15 0.69682074 
243 293 10 13 0.68403083 
560 208 9 12 0.6779223 
447 210 9 12 0.6501975 
255 347 15 18 0.64695215 
831 364 14 18 0.64051545 
644 217 13 17 0.63756603 
274 358 15 19 0.63357335 
31 319 12 15 0.62254155 
948 433 22 25 0.6161727 
56 410 20 22 0.59489936 
806 435 14 19 0.591584 
115 358 14 18 0.58832556 
828 218 14 19 0.5815106 
532 335 16 19 0.5781243 
835 255 15 18 0.57231677 
967 544 37 32 0.571052 
225 312 11 15 0.5635555 
297 310 11 15 0.562199 
86 409 17 21 0.5414719 
416 274 11 14 0.5336435 
327 276 8 12 0.53062546 
519 237 11 14 0.5184637 
222 284 9 11 0.5180776 
90 464 17 22 0.51776886 
767 217 14 17 0.51537037 
358 275 9 12 0.5141754 
265 287 10 13 0.5134319 
298 314 14 17 0.50366884 
310 284 9 12 0.5028451 
0 346 11 15 0.4989654 
109 354 16 18 0.49775144 
500 215 10 12 0.49521127 
209 353 19 21 0.4938488 
632 228 10 13 0.49230933 
915 237 12 14 0.4765629 
753 204 10 13 0.4706011 
343 264 10 13 0.4670673 
588 268 12 15 0.4647849 
392 213 8 11 0.46388364 
373 292 10 13 0.4607277 
213 298 10 14 0.45617294 
319 294 10 13 0.45586753 
368 328 14 18 0.45167726 
466 373 16 16 0.44923076 
22 335 12 16 0.44919616 
383 523 28 39 0.44844642 
478 212 9 11 0.43855384 
825 181 9 12 0.43822503 
87 511 22 26 0.42050466 
532 555 26 25 0.41817838 
891 236 12 15 0.4081104 
558 329 13 16 0.4053158 
873 373 12 16 0.38224745 
406 407 15 21 0.378752 
662 372 13 17 0.37776473 
876 406 13 18 0.37133127 
424 216 9 11 0.36710057 
334 303 10 12 0.36641833 
168 256 9 10 0.36149538 
157 279 9 11 0.3600436 
422 333 13 17 0.35523772 
532 310 12 14 0.34864345 
368 267 10 12 0.34734938 
822 402 15 20 0.3439376 
909 324 13 16 0.34336188 
618 267 12 17 0.3310942 
415 366 13 16 0.3261391 
926 263 10 12 0.32432124 
941 293 10 12 0.32287055 
75 261 8 11 0.32150903 
375 236 9 10 0.31860262 
99 513 17 22 0.31681457 
524 207 9 12 0.3159608 
726 293 15 17 0.31510976 
636 337 15 17 0.3124987 
578 299 12 14 0.30886295 
156 310 11 14 0.30857286 
274 270 8 12 0.30700517 
262 447 23 32 0.30081633 
112 270 9 11 0.2912368 
471 231 9 11 0.28960875 
664 307 13 17 0.28868777 
124 320 11 14 0.28733876 
309 264 9 11 0.28072017 
293 294 9 10 0.2786793 
678 258 15 19 0.26885626 
885 218 12 17 0.26883098 
293 347 14 19 0.26277936 
430 378 14 18 0.25635082 
104 280 8 11 0.25490358 
437 408 15 19 0.2524184 
192 324 11 14 0.25231078 
115 403 16 21 0.25088754 
541 207 9 11 0.24928343 
863 251 10 13 0.24765247 
765 515 21 29 0.24623089 
73 279 9 12 0.24486174 
471 250 12 15 0.24361528 
941 236 11 14 0.23988958 
503 365 12 16 0.23843934 
406 254 10 12 0.23741041 
948 279 11 12 0.23695944 
563 302 11 14 0.23564622 
498 253 14 16 0.23518516 
593 322 13 16 0.23263045 
351 292 10 13 0.23077701 
375 214 8 10 0.22918254 
902 350 12 14 0.22758423 
163 475 16 23 0.22641978 
392 298 11 14 0.2228138 
932 341 10 14 0.2217865 
165 480 23 31 0.22177003 
592 311 12 14 0.22155575 
780 359 15 18 0.2204908 
88 348 11 14 0.21952358 
563 325 12 15 0.21803884 
288 293 8 11 0.21381803 
428 221 9 12 0.2127896 
-1 423 10 20 0.21089298 
39 280 9 11 0.2086617 
574 211 9 12 0.20588882 
432 200 7 9 0.20546688 
370 383 18 20 0.20539062 
966 379 15 19 0.20463732 
278 326 11 14 0.20229554 
487 238 10 12 0.20139639 
534 324 13 16 0.19890918 
252 444 23 31 0.19861597 
258 351 16 20 0.19820471 
876 206 10 13 0.19808154 
428 308 10 13 0.19718792 
191 275 10 12 0.19609927 
438 322 12 17 0.19497561 
442 386 13 16 0.19285208 
348 237 10 12 0.19113295 
30 401 15 21 0.19006383 
111 409 16 21 0.18972972 
550 395 16 21 0.18554136 
240 288 10 12 0.18474229 
169 260 8 11 0.18329203 
613 517 17 22 0.18293278 
383 238 8 11 0.18122259 
97 301 11 14 0.18035495 
520 211 9 11 0.17784107 
470 207 9 11 0.17715028 
826 513 17 21 0.17701162 
74 300 10 14 0.176055 
117 270 9 11 0.17379734 
565 307 11 14 0.17360987 
301 320 14 18 0.17052004 
621 385 15 20 0.17025597 
471 212 10 12 0.16976319 
503 354 12 15 0.16907737 
36 393 19 23 0.16889551 
984 292 11 14 0.16741426 
465 388 16 18 0.1671252 
894 190 11 14 0.16680607 
631 254 10 13 0.16424462 
452 208 8 11 0.16180849 
986 277 12 15 0.16168383 
335 317 12 16 0.1604846 
156 303 10 11 0.15950362 
936 237 10 14 0.15936875 
350 233 8 10 0.158461 
157 358 9 12 0.1577103 
645 224 15 20 0.15745826 
422 310 12 15 0.1569857 
698 250 14 18 0.15637973 
573 318 12 16 0.15574573 
285 431 13 18 0.15515716 
416 284 10 13 0.15402445 
110 278 9 11 0.15264748 
144 268 9 13 0.15222335 
437 273 11 14 0.15185364 
890 183 9 11 0.15132003 
718 260 15 19 0.14856473 
175 311 11 14 0.14849377 
343 309 10 13 0.14722537 
477 231 8 10 0.1467648 
886 229 13 16 0.14663668 
919 400 14 19 0.14521167 
429 206 9 11 0.14453435 
770 277 16 18 0.14375994 
301 352 14 20 0.14365044 
741 264 13 17 0.14326784 
526 337 14 17 0.14089783 
901 425 17 21 0.14033462 
73 296 9 12 0.13949215 
611 367 15 19 0.13842143 
436 381 14 16 0.13799985 
811 449 21 28 0.13575292 
394 531 18 23 0.13573201 
464 232 9 12 0.13559534 
631 369 15 18 0.13547312 
271 452 24 30 0.13457471 
147 370 18 20 0.13301854 
141 397 15 19 0.1327297 
969 372 14 18 0.13212836 
772 531 26 37 0.13207988 
788 219 12 15 0.13181134 
380 555 15 19 0.13097204 
124 449 17 19 0.13058506 
564 206 10 13 0.1298783 
267 311 11 13 0.12970258 
31 269 8 10 0.12937503 
420 272 10 12 0.12906756 
932 347 10 15 0.12877804 
130 435 17 19 0.12422016 
934 220 10 14 0.12358086 
517 338 11 15 0.12326273 
407 228 9 12 0.12282743 
63 546 15 20 0.12262603 
141 357 13 17 0.12244272 
287 332 11 15 0.12208494 
466 212 8 11 0.12197865 
342 303 10 12 0.1211097 
836 245 14 18 0.120243125 
551 388 14 17 0.11844897 
197 329 11 15 0.11763874 
693 412 19 27 0.11687559 
334 254 9 11 0.116602205 
357 406 16 21 0.116105385 
540 456 23 28 0.1147253 
390 270 10 12 0.11470041 
953 255 10 14 0.11461099 
209 262 9 11 0.11386175 
888 420 18 21 0.1124503 
321 272 8 11 0.11213445 
797 279 12 16 0.112089284 
96 294 10 11 0.111748375 
356 284 11 14 0.11106045 
889 188 10 13 0.110902786 
877 212 13 15 0.11074261 
158 330 11 14 0.11028208 
286 205 8 9 0.11018865 
127 474 14 18 0.1101628 
367 205 8 11 0.11011986 
889 430 23 29 0.10975994 
943 215 10 13 0.10940002 
533 223 10 13 0.1093201 
334 307 12 14 0.109174185 
249 207 7 9 0.10878402 
264 256 9 11 0.10835893 
96 306 11 15 0.10710399 
76 283 9 11 0.106959134 
493 335 12 14 0.10632245 
883 442 23 27 0.10549962 
111 264 9 11 0.104673654 
313 292 10 13 0.10353331 
172 286 10 13 0.10342774 
497 278 12 16 0.10278319 
103 322 12 14 0.10258196 
437 246 10 12 0.10073715 
5 309 10 12 0.09977864 
458 491 17 23 0.099677555 
886 252 12 15 0.09850851 
254 207 7 9 0.0984844 
6 457 15 21 0.09840811 
270 263 8 10 0.097547024 
304 330 12 16 0.09739572 
272 276 9 11 0.09718356 
970 330 13 17 0.09614986 
192 261 8 10 0.09568744 
192 309 9 12 0.09563798 
652 353 14 18 0.09417251 
543 371 14 18 0.09369473 
97 286 10 11 0.09367258 
296 272 8 10 0.09334856 
278 431 22 29 0.09235508 
941 328 13 18 0.09230206 
8 324 9 12 0.09227856 
327 301 9 12 0.09212962 
153 315 10 14 0.091870934 
503 230 9 12 0.09169169 
277 275 9 11 0.09164776 
846 226 13 16 0.09133175 
269 256 9 10 0.09112998 
605 181 8 11 0.09104232 
904 343 11 14 0.091011636 
245 300 12 15 0.09099756 
187 333 13 17 0.09085551 
799 211 11 15 0.09080226 
677 246 12 15 0.09078294 
129 459 15 17 0.09068191 
300 340 12 16 0.09066513 
870 283 12 16 0.09036276 
910 251 13 15 0.09020043 
969 214 12 14 0.09000391 
801 358 16 19 0.08965847 
345 214 6 8 0.08931235 
911 242 13 16 0.088838816 
453 329 11 16 0.08875574 
573 307 13 14 0.088636 
153 301 9 11 0.08862472 
348 310 10 13 0.088029265 
887 243 12 14 0.08801588 
43 380 14 17 0.08752233 
472 326 14 17 0.08734281 
485 472 15 21 0.08730782 
288 337 13 17 0.08729472 
17 545 26 30 0.08638956 
790 203 14 16 0.086228825 
816 371 12 18 0.08599936 
329 255 9 11 0.08598354 
151 411 15 20 0.08574126 
303 269 9 11 0.08557347 
372 265 10 13 0.08498937 
944 286 10 13 0.08479307 
371 508 30 39 0.08477591 
209 295 11 13 0.08417234 
897 354 12 15 0.08367315 
392 245 8 10 0.083584584 
669 207 10 14 0.083493374 
933 229 10 12 0.08338721 
185 207 7 10 0.083193704 
463 285 12 15 0.08280501 
156 417 14 17 0.08171487 
804 210 10 13 0.08141276 
125 296 11 14 0.08133724 
259 341 14 17 0.08124612 
305 222 6 9 0.081176914 
231 255 7 10 0.081055135 
35 330 12 15 0.08099257 
369 286 9 13 0.080721244 
544 261 10 14 0.08035587 
58 264 6 8 0.080318965 
622 407 19 26 0.08006419 
806 440 20 24 0.08004812 
715 559 16 18 0.07958021 
189 239 8 10 0.079467684 
463 377 14 16 0.07878701 
30 495 14 20 0.078541994 
256 272 7 9 0.07837983 
229 353 13 17 0.07806506 
565 317 14 17 0.07802505 
373 499 23 26 0.07786415 
805 476 15 20 0.07784656 
168 268 9 11 0.07769175 
725 239 14 18 0.0776818 
635 227 13 17 0.077669635 
865 327 13 15 0.07762357 
995 542 25 34 0.077339314 
1 308 9 12 0.07719713 
397 215 8 9 0.077149875 
149 270 8 11 0.07698824 
349 263 9 11 0.07667143 
304 254 7 10 0.07612762 
148 360 15 17 0.075940154 
597 252 12 13 0.074681684 
340 316 12 14 0.07465891 
80 518 23 28 0.074372254 
303 248 7 9 0.074221835 
148 402 14 17 0.07401941 
31 371 12 17 0.07321225 
872 209 12 15 0.073108375 
441 206 9 12 0.07310531 
590 183 9 11 0.07248246 
264 332 12 15 0.072258145 
585 182 7 10 0.07206796 
445 326 12 16 0.07188394 
497 221 9 11 0.07185938 
362 207 7 10 0.07179621 
288 271 8 10 0.071549915 
422 244 8 11 0.071544394 
459 423 16 23 0.07139184 
748 234 11 14 0.07130083 
171 355 13 15 0.07108216 
33 279 8 11 0.07105534 
342 392 16 19 0.070917524 
50 296 10 12 0.070597835 
440 239 9 11 0.07059651 
73 257 9 11 0.069959894 
743 354 15 20 0.06977488 
431 360 14 18 0.06948616 
417 245 9 11 0.06933552 
100 451 15 19 0.069186926 
180 309 10 14 0.06909069 
138 443 21 25 0.06904994 
634 377 16 19 0.068998344 
421 285 10 13 0.068952546 
682 251 13 17 0.068924844 
390 239 8 10 0.068712085 
304 278 9 12 0.068700925 
528 315 12 15 0.06826981 
351 270 10 12 0.06824443 
527 200 8 10 0.06818318 
6 280 8 10 0.068022184 
796 373 16 19 0.06797063 
207 362 15 19 0.06795674 
111 325 10 12 0.06792042 
142 322 11 14 0.06764007 
942 434 18 21 0.066683955 
969 255 16 19 0.06667577 
549 267 12 14 0.066578135 
984 284 13 15 0.065940894 
580 306 13 16 0.06560483 
392 254 9 11 0.06558178 
329 240 8 10 0.06530298 
963 232 11 13 0.06519888 
708 199 10 13 0.065185346 
32 264 8 10 0.065148 
893 255 10 13 0.065008365 
887 390 11 14 0.06497387 
945 271 9 11 0.06491431 
66 236 8 11 0.064911924 
754 379 20 23 0.064874776 
152 212 7 10 0.06450043 
360 214 8 10 0.064067595 
121 297 10 13 0.06389878 
6 304 10 12 0.06380784 
486 268 10 14 0.06354194 
159 284 10 13 0.063202165 
504 237 9 11 0.06300831 
934 334 11 15 0.06299742 
949 214 9 13 0.062944986 
794 401 15 18 0.062532574 
385 208 8 9 0.062427003 
117 458 12 18 0.062400427 
881 404 15 18 0.06233853 
400 221 9 12 0.06206675 
231 339 12 15 0.061850317 
636 273 14 17 0.06184188 
429 253 12 15 0.061812248 
433 246 9 10 0.06177288 
110 340 13 15 0.061762847 
47 340 11 16 0.061706435 
543 181 9 11 0.061632566 
28 331 12 17 0.061627127 
574 339 12 16 0.06133068 
222 302 8 12 0.061301358 
247 455 24 32 0.061236307 
479 236 9 12 0.06112201 
537 211 9 11 0.061012074 
967 265 13 15 0.060907945 
549 378 14 18 0.06075781 
163 469 15 18 0.060472637 
909 278 10 12 0.05993547 
20 356 13 17 0.05969296 
396 307 12 15 0.059655316 
441 392 16 19 0.059504244 
487 379 13 15 0.059478506 
423 240 9 11 0.05918649 
892 317 12 15 0.058893107 
151 254 8 10 0.058776457 
328 209 7 9 0.05871096 
755 521 24 28 0.058256794 
423 303 11 13 0.058221933 
456 247 8 11 0.058118593 
525 250 14 16 0.05805314 
957 252 11 15 0.057870816 
294 288 9 11 0.05784375 
936 215 10 12 0.057835218 
271 246 8 9 0.057634003 
283 206 7 9 0.057492256 
596 491 20 25 0.057490654 
911 231 12 15 0.057482984 
3 367 16 20 0.05741586 
461 276 10 12 0.05740141 
610 450 17 21 0.05736747 
527 222 11 13 0.0572639 
573 222 9 11 0.05711604 
885 396 13 17 0.057065666 
383 199 8 10 0.05697024 
699 352 16 22 0.056910504 
569 222 8 11 0.05684653 
95 457 19 25 0.056810874 
898 361 15 18 0.056676414 
382 232 8 11 0.05658137 
866 246 11 14 0.05639331 
787 377 15 19 0.05635201 
264 207 7 8 0.056081995 
503 209 8 11 0.05599517 
487 207 9 10 0.05589791 
921 261 10 13 0.055755522 
396 364 14 18 0.055523667 
558 319 12 16 0.05551024 
556 268 11 14 0.055507712 
195 407 16 20 0.055073615 
600 182 10 11 0.054938577 
507 391 14 20 0.054922983 
742 218 12 16 0.054828685 
370 232 8 10 0.054727644 
921 267 10 13 0.05470543 
320 225 7 9 0.054698516 
281 293 9 11 0.05449871 
6 286 9 11 0.054332867 
883 364 14 18 0.054164175 
26 337 13 17 0.05415221 
398 316 11 15 0.054128155 
156 387 15 19 0.053788453 
69 381 14 18 0.053700157 
377 543 26 29 0.05366024 
272 324 11 15 0.053576257 
762 372 16 19 0.053448275 
110 424 15 20 0.053441644 
431 271 11 15 0.053236075 
905 330 12 16 0.052979883 
392 263 10 12 0.052949 
743 228 13 18 0.05290001 
442 354 12 17 0.05283325 
719 297 19 22 0.052822012 
761 524 29 39 0.05277368 
427 200 7 9 0.05277302 
501 246 10 13 0.052461863 
516 499 25 28 0.052377153 
560 276 12 16 0.05234728 
446 252 9 13 0.052331597 
437 200 8 9 0.052301977 
998 235 15 20 0.05225182 
710 354 20 26 0.052204557 
728 209 14 17 0.05217195 
948 272 10 12 0.052058354 
523 243 13 15 0.05198413 
336 247 7 10 0.05186699 
97 279 10 12 0.051548507 
24 287 9 12 0.051292602 
397 271 9 11 0.051207066 
960 549 25 29 0.051070396 
78 268 9 10 0.05105583 
370 238 8 10 0.05082166 
166 208 7 9 0.050640974 
250 238 8 10 0.05038082 
32 312 9 12 0.050260343 
838 238 12 15 0.049993783 
103 350 14 17 0.04994875 
787 362 16 18 0.049705047 
365 277 9 11 0.049556997 
430 403 16 19 0.049420968 
424 255 10 12 0.049292512 
278 231 7 9 0.049284358 
207 319 10 13 0.04905735 
877 199 9 12 0.04888642 
975 237 11 14 0.048869744 
345 294 10 12 0.048822116 
236 339 13 17 0.04871039 
672 242 12 16 0.048405144 
736 266 12 15 0.048073277 
595 268 11 14 0.04801591 
337 261 10 14 0.04796997 
950 219 10 13 0.04787217 
468 287 12 16 0.047273587 
512 208 9 12 0.047195796 
218 286 8 11 0.047160145 
815 224 18 23 0.04712789 
631 343 14 17 0.046893846 
384 215 8 10 0.046890914 
559 246 11 13 0.046828248 
479 268 10 13 0.046818674 
197 309 10 12 0.04665633 
824 214 13 16 0.046643257 
208 269 8 11 0.046589218 
377 220 8 10 0.04655009 
48 271 7 8 0.04645272 
703 203 12 16 0.04631976 
888 308 10 13 0.04626982 
1 340 14 17 0.046237975 
83 311 13 16 0.04623751 
649 232 16 18 0.046194054 
543 255 10 12 0.04606914 
525 228 11 13 0.04596556 
784 214 11 15 0.045914527 
566 182 9 11 0.045846455 
335 240 7 9 0.04582726 
668 364 13 17 0.045697372 
372 369 17 19 0.04551106 
902 271 9 11 0.045509618 
8 292 9 11 0.045295678 
257 254 9 11 0.045268938 
304 475 31 38 0.045236304 
229 303 10 12 0.04522477 
711 220 10 14 0.045078073 
747 361 14 19 0.04507602 
488 199 8 10 0.04494589 
815 402 14 21 0.044884212 
959 213 10 12 0.044870287 
423 328 11 14 0.044846553 
904 277 10 12 0.044813998 
550 252 11 13 0.04480114 
214 270 8 10 0.044636812 
96 404 21 27 0.044539917 
183 427 14 16 0.044495318 
927 236 10 14 0.044474382 
437 416 22 26 0.0444101 
345 208 7 10 0.044349812 
74 309 11 14 0.044241566 
594 332 14 17 0.044229712 
585 265 10 12 0.044185244 
256 434 18 24 0.044102382 
827 414 17 21 0.044054545 
438 252 11 13 0.043936085 
439 230 9 10 0.043702792 
830 245 13 15 0.043685205 
863 355 11 15 0.04344113 
164 332 10 13 0.043435622 
533 344 14 17 0.04322535 
879 337 11 14 0.0431746 
856 244 11 15 0.04305604 
123 396 15 20 0.04300842 
464 200 8 10 0.042961337 
900 377 15 17 0.042953074 
430 315 12 15 0.042911097 
274 231 7 9 0.04270343 
680 266 13 16 0.04262002 
283 325 12 18 0.042381566 
911 271 9 11 0.04217808 
495 323 12 14 0.042120345 
244 322 14 17 0.042042762 
226 230 7 9 0.041851137 
932 431 17 22 0.041584753 
1001 228 16 18 0.041576624 
852 222 12 17 0.041537173 
477 247 9 11 0.041464027 
919 291 9 12 0.04142251 
15 351 11 14 0.041364294 
519 292 11 13 0.041303482 
488 222 10 11 0.0412979 
207 208 8 10 0.041247185 
343 244 10 11 0.04124315 
206 368 23 28 0.041165214 
63 271 8 10 0.04115082 
360 200 7 10 0.041129168 
151 296 9 12 0.041103344 
952 415 24 27 0.041014593 
311 325 13 16 0.040979855 
191 284 10 13 0.040949542 
699 487 18 22 0.04092453 
1006 214 11 12 0.04077326 
929 222 10 14 0.040697087 
306 215 6 8 0.04058002 
105 217 7 9 0.04057542 
537 286 10 13 0.04047567 
249 232 8 10 0.04036059 
196 319 11 13 0.04035592 
68 373 13 15 0.04026579 
165 370 13 16 0.040206425 
453 424 16 23 0.040153302 
950 395 16 19 0.040119793 
1001 221 14 16 0.040062282 
892 310 11 13 0.03997126 
329 246 8 10 0.039873373 
374 208 8 10 0.039798487 
533 392 18 24 0.039787833 
813 277 11 13 0.03976586 
423 375 14 19 0.039756376 
261 431 23 30 0.039617065 
30 284 9 11 0.039509255 
404 396 15 19 0.03942818 
47 285 8 10 0.039415956 
495 230 9 11 0.03936281 
185 271 8 10 0.03932533 
272 239 8 10 0.03931283 
134 395 13 19 0.03929165 
453 378 12 16 0.039105088 
154 404 14 17 0.039093874 
581 386 14 18 0.038952537 
928 214 10 12 0.038948946 
407 247 9 11 0.038773816 
523 276 10 13 0.038755186 
4 334 12 15 0.038638752 
843 508 23 28 0.038475808 
524 272 18 22 0.038457077 
30 430 15 20 0.038406793 
558 261 12 14 0.03839807 
281 288 8 11 0.038393464 
189 207 8 9 0.038295083 
632 296 14 18 0.03825893 
347 301 11 13 0.038244937 
795 219 13 16 0.038206577 
876 447 17 22 0.03809037 
415 291 10 12 0.038013093 
220 339 13 16 0.038009044 
646 347 14 19 0.03798108 
551 318 12 15 0.037940208 
603 211 13 17 0.03792782 
351 256 9 11 0.03786488 
79 514 15 20 0.03779851 
372 334 14 19 0.037609827 
957 408 17 20 0.037595112 
512 242 11 14 0.037542194 
867 306 13 15 0.03743874 
895 290 12 15 0.037437405 
907 466 15 20 0.03728102 
881 225 10 15 0.037254144 
788 449 16 20 0.03724168 
360 239 7 10 0.0371808 
57 269 7 10 0.03714066 
238 330 13 16 0.036966264 
880 250 12 15 0.03694395 
106 261 8 11 0.03692073 
340 323 11 14 0.03690654 
446 247 9 12 0.036883228 
66 278 8 10 0.036793515 
643 274 16 18 0.036659054 
662 403 15 17 0.036544587 
152 324 10 13 0.036459126 
477 222 9 12 0.03639852 
630 269 12 16 0.036372434 
733 554 19 21 0.03631527 
373 419 15 20 0.03631025 
560 236 10 12 0.036147732 
444 425 17 23 0.036133077 
111 334 12 14 0.036124896 
183 354 13 16 0.036053505 
61 294 10 13 0.03603051 
110 256 9 10 0.035988316 
780 367 16 21 0.03595656 
295 320 13 18 0.03575251 
374 244 9 11 0.035745952 
713 266 11 15 0.035675105 
28 458 12 16 0.035635315 
519 223 9 12 0.035547454 
527 323 12 15 0.03553633 
165 283 17 22 0.03551783 
889 195 10 12 0.035507638 
35 554 16 20 0.03547633 
144 377 14 17 0.035426084 
69 531 25 28 0.035390973 
287 224 8 9 0.035378773 
795 199 11 13 0.035280976 
107 517 20 28 0.03523249 
686 299 14 17 0.035222236 
489 332 11 14 0.035190966 
837 225 12 17 0.03514049 
799 339 12 16 0.035140254 
191 304 9 12 0.03512818 
901 192 9 11 0.035095952 
662 210 14 18 0.03493003 
408 237 9 11 0.034907214 
455 200 8 9 0.034849264 
385 243 8 11 0.0348264 
288 230 7 10 0.034765527 
359 261 8 11 0.034757692 
841 252 14 18 0.034714863 
405 517 26 35 0.03471144 
791 410 15 20 0.034692507 
271 207 7 9 0.03465148 
1011 214 11 13 0.034529373 
175 324 11 14 0.034464404 
526 290 10 13 0.034442604 
950 448 27 31 0.034378264 
620 364 14 17 0.03436495 
105 256 8 11 0.034338146 
43 556 14 19 0.03430372 
875 382 15 18 0.03429391 
444 212 8 10 0.034261145 
453 338 12 15 0.03421364 
994 336 16 21 0.034193534 
677 361 14 18 0.034175314 
116 339 11 14 0.034103215 
615 384 14 20 0.034059286 
483 549 18 23 0.03405269 
504 192 7 9 0.033922855 
509 311 12 14 0.0339071 
648 190 8 11 0.033891715 
469 318 13 16 0.033886362 
567 229 9 11 0.033837736 
829 236 12 15 0.033805326 
889 412 15 19 0.033731837 
264 280 8 10 0.033730462 
756 392 23 29 0.033715986 
533 302 13 15 0.033708602 
862 351 10 12 0.033580452 
273 224 7 8 0.03355473 
622 252 11 15 0.033417504 
493 237 10 13 0.033389762 
13 323 12 15 0.03336182 
651 219 14 17 0.03335418 
904 252 10 13 0.033338558 
262 325 13 16 0.033335675 
960 554 15 19 0.03331255 
351 223 8 9 0.033296157 
885 208 10 12 0.033245616 
821 235 13 16 0.033222083 
705 344 16 21 0.03318482 
405 200 18 23 0.033153675 
367 201 7 10 0.03310527 
164 433 14 16 0.033077694 
369 245 8 11 0.03295377 
154 378 15 18 0.03283847 
259 365 20 26 0.03275732 
910 294 9 12 0.032680795 
46 280 7 10 0.032579478 
445 228 9 12 0.03256019 
417 332 13 15 0.032534994 
659 219 14 17 0.03252615 
41 405 20 27 0.032487553 
770 222 17 22 0.032458954 
28 300 10 13 0.03245773 
16 333 13 16 0.03243008 
549 365 13 18 0.032365926 
55 341 13 17 0.032347858 
201 214 8 9 0.032238837 
54 287 9 10 0.032234136 
37 338 13 18 0.032191414 
794 266 15 18 0.03211053 
690 213 13 16 0.032079615 
414 494 23 26 0.031966195 
240 280 9 11 0.031925615 
952 299 10 13 0.031904347 
650 284 14 17 0.031902224 
562 182 8 10 0.03190183 
255 276 9 11 0.031870406 
422 292 10 13 0.031723242 
278 318 12 16 0.031685222 
598 261 12 14 0.031577658 
956 221 12 14 0.031562254 
465 420 16 20 0.031486697 
473 223 8 11 0.031480916 
23 280 8 10 0.031471036 
64 287 9 11 0.031467836 
77 257 9 12 0.0314661 
566 212 9 11 0.03138406 
401 207 8 10 0.031383492 
148 335 12 15 0.031362634 
338 199 6 8 0.031297315 
461 491 27 35 0.031280283 
319 230 7 9 0.031245384 
160 221 8 10 0.031217365 
880 356 12 15 0.03121736 
139 286 10 13 0.031157706 
507 348 13 16 0.031117052 
242 207 7 9 0.031105187 
215 359 17 21 0.031075114 
387 418 16 19 0.03095451 
97 232 7 9 0.030949283 
220 294 10 13 0.03094377 
152 236 8 11 0.030915739 
903 245 10 13 0.030900506 
159 215 8 10 0.030825164 
186 419 20 25 0.03082266 
305 210 7 8 0.030751536 
138 270 10 11 0.030724812 
647 548 27 25 0.030678267 
712 336 18 22 0.030624138 
374 297 11 14 0.030556839 
812 365 13 17 0.030338697 
904 215 10 13 0.030299123 
376 377 18 22 0.03029671 
254 233 7 9 0.030262183 
300 304 11 13 0.030257428 
758 211 12 16 0.030247606 
263 270 8 10 0.030209597 
584 272 12 15 0.03016589 
644 323 12 14 0.030156532 
958 232 17 23 0.030133275 
53 304 12 15 0.030036936 
130 478 16 19 0.030010039 
910 284 10 12 0.029963268 
34 371 19 24 0.029914584 
294 432 23 30 0.029863536 
349 400 19 23 0.029854948 
622 245 10 14 0.029756647 
607 199 10 12 0.029743012 
64 255 8 10 0.029728353 
81 221 8 10 0.029703904 
782 205 11 14 0.02970351 
281 301 9 12 0.029689886 
102 341 13 15 0.02968684 
820 277 10 13 0.029620238 
295 303 11 14 0.029614182 
855 349 10 13 0.02960875 
161 421 15 17 0.029587422 
199 302 10 13 0.029571088 
488 327 10 13 0.029461237 
431 351 13 16 0.029394273 
217 347 17 20 0.02929195 
225 239 7 10 0.029212724 
129 279 9 12 0.029180251 
1014 190 8 12 0.029168105 
3 355 15 18 0.029154422 
356 347 12 16 0.029120611 
545 290 13 16 0.02910536 
792 447 22 26 0.029092776 
53 404 16 21 0.029065546 
148 263 10 12 0.029013643 
722 250 15 18 0.029006457 
365 502 23 31 0.028902007 
182 286 8 11 0.028894907 
166 350 12 15 0.028793104 
208 288 9 11 0.028752252 
471 258 12 14 0.028731553 
108 457 15 20 0.028728092 
118 544 14 19 0.028689878 
383 275 16 21 0.028631875 
855 534 25 30 0.028606946 
117 332 12 16 0.028601058 
65 232 8 10 0.028599953 
774 353 16 21 0.0285682 
750 384 15 20 0.028469238 
362 388 21 26 0.02846274 
448 201 8 10 0.028462168 
825 489 16 19 0.028458385 
62 263 7 9 0.028427888 
440 223 9 10 0.028396813 
653 360 16 20 0.02836526 
513 199 7 9 0.028355705 
851 360 13 16 0.028296852 
583 176 8 10 0.028291428 
63 385 14 18 0.028268777 
153 284 9 12 0.028262014 
516 386 14 21 0.028224139 
533 253 10 14 0.028216673 
459 303 12 15 0.028172918 
751 198 18 23 0.028163638 
148 386 17 20 0.028107993 
115 412 20 26 0.028099319 
1 284 9 13 0.028056575 
102 239 8 9 0.028037537 
757 361 14 19 0.028032929 
564 260 11 13 0.028015682 
416 215 8 10 0.028013319 
880 349 10 14 0.027984113 
655 377 15 19 0.027975863 
409 310 13 16 0.027938725 
526 345 13 17 0.027849806 
160 208 7 9 0.027820824 
140 511 15 20 0.027789684 
999 217 10 13 0.027769325 
382 294 10 13 0.027768664 
496 207 9 11 0.027762964 
447 221 9 11 0.027762828 
286 301 10 13 0.02773488 
764 438 18 22 0.027729616 
487 232 9 10 0.027720137 
368 401 23 27 0.02768913 
430 229 9 11 0.02767296 
539 346 14 17 0.027631253 
81 216 7 8 0.027586153 
125 329 13 16 0.027586058 
37 312 11 13 0.027573511 
239 270 9 10 0.027521884 
404 368 13 19 0.027511714 
304 238 7 9 0.027504873 
121 475 12 17 0.027480386 
558 203 17 22 0.027439553 
720 211 13 16 0.027429942 
267 339 13 16 0.027424823 
542 279 12 15 0.02742186 
478 261 11 14 0.027415296 
899 386 16 20 0.027399654 
6 262 8 10 0.027372554 
416 338 12 16 0.027366627 
108 398 16 21 0.027282186 
183 303 9 11 0.027275376 
43 387 21 25 0.027257936 
327 284 9 12 0.02724177 
897 279 9 12 0.027235156 
1001 290 11 14 0.02723451 
105 496 16 21 0.027207358 
693 254 15 18 0.027125545 
917 221 11 14 0.027123451 
666 378 13 17 0.027120506 
262 282 17 22 0.027033115 
413 253 11 13 0.027011368 
472 270 10 12 0.02698032 
151 248 8 10 0.026975956 
173 261 8 11 0.026944214 
2 279 8 11 0.02689137 
379 363 15 19 0.026866881 
266 247 8 10 0.026843224 
495 199 8 9 0.02676513 
63 325 11 13 0.02675588 
361 245 7 10 0.026715102 
876 260 12 15 0.026713524 
92 341 13 16 0.02661807 
367 255 9 11 0.026610013 
502 299 11 13 0.026536709 
319 289 10 11 0.026500823 
948 292 11 15 0.026498565 
549 274 13 16 0.026466317 
59 300 10 14 0.026452025 
413 321 14 16 0.026436502 
352 215 6 9 0.026413947 
636 487 21 27 0.026399242 
481 199 7 9 0.026394058 
804 281 13 16 0.026365886 
251 323 13 16 0.026339665 
477 317 13 15 0.026327692 
639 284 19 22 0.026249608 
79 414 16 22 0.026248684 
226 255 7 10 0.026217889 
458 230 8 12 0.026203526 
444 299 12 14 0.02619388 
210 237 7 10 0.026120957 
872 261 10 12 0.026044194 
203 505 25 31 0.026030585 
834 215 11 15 0.02599816 
580 316 12 16 0.025976555 
373 470 26 30 0.025974724 
333 286 9 11 0.025959479 
977 213 14 17 0.025938706 
379 333 13 18 0.025912931 
409 285 10 13 0.025874082 
247 279 9 11 0.025784098 
230 239 8 10 0.025781695 
494 298 12 14 0.025743272 
397 394 14 18 0.025667625 
301 383 18 24 0.025638632 
60 334 14 16 0.025603052 
535 200 7 10 0.025579818 
815 349 11 14 0.025567733 
234 346 14 18 0.025510238 
871 367 12 16 0.025500048 
845 474 22 27 0.025487311 
631 332 15 17 0.025443247 
626 390 16 21 0.025438502 
805 455 16 22 0.025420208 
214 342 13 16 0.025414215 
949 409 16 19 0.02540659 
24 271 8 10 0.025392627 
184 277 9 11 0.025371667 
123 422 20 25 0.025345363 
412 469 19 23 0.025338672 
279 225 7 8 0.02530273 
416 240 9 11 0.02526297 
748 210 12 16 0.025227355 
895 206 9 11 0.025177047 
584 214 10 12 0.025172886 
891 389 14 16 0.025168292 
564 253 11 13 0.025136515 
517 317 11 14 0.025112145 
369 315 13 17 0.025076052 
312 224 6 8 0.025075326 
823 494 24 30 0.025052631 
223 272 8 10 0.025005024 
1004 297 16 20 0.024999253 
478 498 14 17 0.024961205 
550 476 26 32 0.024931422 
694 474 15 18 0.024929956 
398 240 8 10 0.02492698 
937 232 18 22 0.024885014 
133 333 12 15 0.024847863 
866 412 22 24 0.024828754 
76 527 17 21 0.024819594 
106 439 15 20 0.024771387 
338 562 16 16 0.024727767 
678 380 14 18 0.02470815 
310 256 8 10 0.024666915 
676 369 15 18 0.024642557 
462 246 9 12 0.02461613 
374 488 18 21 0.024614118 
408 276 11 12 0.024613418 
418 356 18 23 0.02461248 
642 333 12 16 0.02460795 
151 231 9 12 0.024593726 
13 417 13 18 0.024574528 
313 174 9 11 0.024471452 
167 309 10 14 0.024431022 
214 257 8 10 0.024396755 
191 430 22 26 0.024378156 
178 198 7 9 0.024365474 
638 324 14 17 0.024333179 
307 318 12 15 0.024325956 
209 230 8 10 0.0243101 
296 239 6 8 0.024305312 
823 356 12 15 0.024176342 
975 209 10 14 0.024145074 
926 172 8 10 0.024106713 
495 310 11 14 0.024058804 
224 321 11 15 0.024043089 
776 217 18 22 0.024034545 
279 308 11 15 0.023999378 
656 174 10 12 0.023979371 
655 261 11 14 0.023959817 
163 450 14 18 0.023949536 
884 400 22 24 0.023898229 
939 335 15 20 0.023885615 
918 198 8 10 0.023871716 
790 260 13 17 0.023854977 
133 322 11 16 0.023846047 
239 263 7 9 0.023836544 
424 192 7 9 0.023820743 
431 239 8 11 0.023816269 
287 308 11 16 0.023756865 
405 386 14 18 0.023755126 
503 492 24 27 0.023731815 
617 367 19 24 0.023716899 
0 551 9 14 0.023714436 
231 333 11 15 0.023703614 
763 353 15 20 0.023653954 
892 214 10 14 0.023630189 
446 203 16 22 0.023624813 
149 391 21 25 0.02360371 
393 218 8 11 0.023546996 
966 531 29 35 0.023538522 
334 294 10 13 0.023531718 
266 239 8 9 0.023519428 
232 260 8 10 0.02351749 
73 315 13 15 0.023502251 
565 235 10 12 0.023501964 
320 247 7 9 0.023482192 
240 231 6 8 0.023477629 
965 462 16 22 0.02346117 
105 221 8 10 0.023453232 
622 511 22 28 0.02345066 
224 225 8 9 0.023426646 
100 295 10 11 0.02341514 
96 499 23 29 0.023399923 
489 493 24 29 0.023392707 
903 230 10 14 0.023386333 
902 292 11 14 0.023377687 
416 221 8 11 0.023349166 
344 222 7 10 0.02331674 
359 256 8 11 0.023276787 
829 207 12 15 0.023248807 
399 246 8 10 0.02320489 
929 465 29 40 0.023098052 
877 365 13 18 0.023064079 
670 189 8 11 0.023054373 
389 395 13 17 0.023042427 
949 208 11 13 0.022999743 
1 483 11 16 0.022997819 
444 287 12 15 0.02297781 
747 365 20 25 0.022962201 
69 246 9 10 0.022941755 
902 261 10 12 0.022915736 
191 200 8 9 0.022903569 
241 469 26 35 0.022755824 
449 263 10 13 0.02274551 
2 419 15 21 0.022742325 
133 458 24 28 0.022696715 
983 399 14 18 0.022692343 
510 192 7 8 0.022638362 
90 525 17 20 0.022606464 
488 193 7 9 0.022592107 
820 348 13 16 0.02258842 
160 492 28 34 0.022550533 
491 335 18 23 0.022487687 
263 302 11 14 0.02247052 
956 385 16 20 0.02247051 
177 428 23 25 0.022461567 
193 415 17 22 0.02237921 
230 230 8 10 0.022351686 
644 393 13 17 0.022301048 
27 364 14 19 0.022293305 
352 208 6 9 0.022281416 
129 280 18 22 0.0222672 
475 390 14 18 0.022240616 
937 326 11 15 0.022238385 
491 546 27 30 0.022233427 
349 243 10 12 0.02214729 
320 239 6 9 0.022138108 
64 319 9 11 0.022129172 
575 182 9 10 0.022120787 
313 299 10 13 0.022074409 
52 554 17 19 0.02206279 
233 247 7 9 0.022061324 
745 205 10 13 0.022039974 
215 224 8 9 0.022039898 
314 198 8 9 0.022021633 
497 437 25 30 0.022009643 
664 510 27 32 0.02198374 
320 254 9 11 0.021977141 
573 228 9 11 0.021974301 
782 293 13 17 0.021947987 
306 278 19 24 0.021917865 
615 201 10 13 0.021814644 
711 282 14 18 0.02173547 
72 269 9 10 0.021732854 
93 540 14 18 0.021722881 
777 544 30 31 0.02169359 
413 200 8 11 0.021679886 
101 396 14 19 0.021677488 
366 259 18 23 0.021643233 
201 190 8 10 0.021642586 
0 532 11 17 0.02151901 
471 201 7 9 0.021517787 
112 246 8 10 0.021499548 
125 271 8 10 0.021496143 
383 221 7 10 0.021495305 
519 394 16 20 0.021483658 
903 284 11 14 0.021481127 
510 480 24 26 0.021478789 
253 304 11 13 0.021452721 
24 318 12 14 0.021450678 
400 253 9 12 0.021447847 
453 482 17 23 0.021442542 
198 256 7 9 0.021424562 
317 289 18 23 0.021411989 
428 430 24 30 0.021384796 
574 253 10 12 0.02137724 
910 206 10 12 0.02136735 
37 366 13 16 0.021322727 
159 272 9 10 0.021278702 
43 316 11 14 0.02127448 
450 433 23 31 0.021273907 
357 338 13 18 0.021261357 
175 304 9 11 0.021220902 
365 334 15 19 0.021204116 
671 265 15 19 0.021201435 
906 471 23 29 0.021193549 
184 263 8 10 0.02119032 
343 287 10 12 0.021177871 
433 194 6 8 0.021157123 
534 258 11 15 0.021101069 
869 356 10 15 0.021100447 
520 201 8 10 0.021083986 
448 411 14 19 0.021062301 
559 294 11 14 0.021015787 
670 199 9 12 0.020996861 
864 284 12 15 0.020996653 
963 337 16 19 0.020995945 
258 261 8 10 0.020975038 
545 464 24 32 0.020961171 
389 296 18 24 0.02093731 
762 218 11 16 0.020911964 
343 275 11 12 0.020892544 
248 271 9 10 0.02088935 
425 228 10 12 0.02088915 
862 195 10 13 0.020873372 
640 206 11 14 0.020832 
199 232 7 9 0.020821506 
369 213 8 10 0.02081261 
352 272 19 25 0.020795919 
518 510 25 31 0.020784315 
567 201 8 10 0.020776318 
191 291 9 11 0.020740014 
431 323 12 17 0.020706894 
731 285 14 19 0.020695034 
337 224 8 9 0.020664657 
106 271 8 10 0.020660486 
401 200 7 9 0.020613894 
476 493 24 32 0.020598931 
209 257 8 10 0.020574609 
518 201 18 23 0.020535575 
428 193 19 25 0.020535259 
121 362 12 17 0.020530364 
118 443 14 18 0.020508766 
336 232 7 9 0.02049154 
267 351 15 19 0.02049089 
98 237 8 11 0.020442715 
499 338 12 15 0.020429656 
226 214 7 9 0.020425018 
158 351 10 14 0.02040838 
741 531 24 28 0.020402005 
77 363 13 16 0.020330822 
185 244 9 11 0.020325972 
538 182 8 10 0.020316867 
424 210 16 22 0.020308157 
783 453 23 28 0.020295339 
999 300 13 17 0.020268632 
290 238 7 9 0.020261534 
522 546 27 32 0.02025989 
101 332 12 14 0.020250272 
28 356 12 16 0.02024944 
91 531 25 30 0.020219997 
99 318 20 23 0.020199165 
63 415 18 21 0.020156907 
600 177 10 11 0.020151824 
158 237 8 10 0.020150354 
715 439 23 28 0.02008314 
617 508 17 21 0.020058658 
636 355 16 19 0.020031977 
628 473 17 21 0.020026585 
0 413 10 17 0.020000894 
