2_Demonstration_Demonstration_Or_Protest_2_600
628
150 308 35 41 0.9991222 
46 238 73 91 0.9963966 
891 280 46 75 0.9931124 
868 223 25 29 0.98428476 
479 301 27 32 0.9775335 
678 351 32 45 0.97074395 
221 389 36 50 0.9646005 
817 304 33 50 0.94818705 
833 117 11 15 0.9218417 
379 148 17 19 0.9215183 
946 402 36 49 0.9155912 
852 138 13 19 0.9010558 
637 149 19 23 0.8853834 
254 109 11 14 0.87469167 
733 151 11 14 0.85985637 
285 149 13 15 0.81787336 
124 111 12 16 0.7517917 
958 124 13 16 0.75026715 
660 120 10 13 0.74393725 
598 109 10 13 0.7267438 
55 151 19 22 0.7173137 
951 269 29 35 0.71199584 
732 110 11 14 0.69941276 
435 107 11 14 0.6790496 
190 144 19 22 0.6765623 
240 164 14 17 0.67578095 
77 102 12 15 0.67182344 
687 103 11 13 0.650024 
458 429 108 113 0.6462204 
703 129 11 14 0.62954897 
111 35 10 12 0.6241597 
24 104 14 18 0.60841554 
227 102 11 14 0.6041141 
540 112 10 13 0.5788364 
0 156 11 17 0.57608736 
507 146 15 19 0.5611695 
500 108 11 14 0.5424273 
899 125 10 14 0.5287113 
341 312 23 27 0.51022696 
941 147 13 17 0.50822765 
564 126 12 15 0.50198877 
799 150 11 14 0.49998006 
84 46 11 13 0.4704059 
30 152 17 21 0.4689466 
615 95 12 13 0.4489075 
400 106 13 15 0.41880217 
372 110 11 14 0.4045284 
152 55 8 10 0.40243724 
541 216 12 14 0.40227494 
918 147 13 16 0.39693213 
310 105 14 16 0.369434 
709 157 10 12 0.36895916 
397 183 14 16 0.36021483 
773 119 10 12 0.34204113 
196 279 23 27 0.32545194 
78 170 15 18 0.32393074 
793 117 11 13 0.31502995 
479 108 11 12 0.30241412 
301 222 15 17 0.30174154 
267 229 18 22 0.30035695 
792 111 10 12 0.2951996 
221 48 9 12 0.28451052 
407 125 12 15 0.2793525 
848 135 12 17 0.26211238 
756 179 11 13 0.25638646 
759 118 10 12 0.25552833 
635 111 8 9 0.2500009 
5 31 10 13 0.24729273 
241 56 9 11 0.24350613 
819 112 8 11 0.24047087 
69 47 8 10 0.23748061 
462 128 12 16 0.23632176 
273 59 10 12 0.2355251 
102 156 12 16 0.22259541 
168 101 12 16 0.22065024 
182 120 11 14 0.20196502 
505 191 10 14 0.20012581 
30 46 8 11 0.19819085 
545 167 10 14 0.1961966 
827 137 13 15 0.18953891 
741 190 12 14 0.1886776 
919 113 9 11 0.18749355 
965 265 22 27 0.1873284 
139 147 15 19 0.18442468 
433 104 10 12 0.18036914 
406 118 11 13 0.17436866 
729 153 12 15 0.17351045 
911 112 9 11 0.17016311 
639 358 24 37 0.16995724 
433 171 10 13 0.16869232 
629 122 11 15 0.16809984 
798 142 12 15 0.16333893 
604 110 9 13 0.15626965 
288 155 15 17 0.1555109 
848 112 9 10 0.1522515 
925 165 14 19 0.15052086 
753 117 9 11 0.14696589 
725 142 9 12 0.14505474 
999 86 11 14 0.13945141 
637 118 9 11 0.13484219 
886 148 13 16 0.13256593 
432 87 9 12 0.13254416 
813 125 9 12 0.1319326 
884 111 9 11 0.1317584 
620 98 9 12 0.13039663 
221 125 12 16 0.12896422 
696 172 11 12 0.12713978 
539 189 11 13 0.12652373 
740 151 10 13 0.12395876 
984 142 8 11 0.12335919 
774 188 9 12 0.12111832 
762 198 9 13 0.1173042 
262 187 11 14 0.11653461 
148 167 18 22 0.11591335 
850 290 46 65 0.11372331 
637 144 13 16 0.11352901 
240 75 9 12 0.11142905 
430 154 12 14 0.111307815 
988 387 32 40 0.11107895 
339 102 11 14 0.10999502 
511 317 17 19 0.10991289 
562 109 9 12 0.10971453 
764 203 10 12 0.10956545 
709 109 8 11 0.10943148 
133 151 15 19 0.107877925 
215 125 12 15 0.107176654 
767 118 10 12 0.10715907 
664 364 38 44 0.10554917 
561 118 10 13 0.10534002 
156 127 15 18 0.10526747 
954 265 20 23 0.10466176 
672 166 8 11 0.103759006 
470 159 10 13 0.10345273 
512 133 10 12 0.10306709 
28 142 15 18 0.10254103 
895 128 11 15 0.10076332 
887 141 12 13 0.09963118 
390 119 9 12 0.09807043 
467 125 11 14 0.097416855 
897 269 31 51 0.09707183 
537 183 9 12 0.09666989 
912 387 33 36 0.0963436 
1006 117 10 16 0.09505289 
889 134 10 13 0.094397865 
632 118 11 15 0.093924426 
422 119 10 12 0.09313291 
695 168 9 12 0.09295399 
913 135 12 14 0.09201713 
795 303 42 55 0.091773756 
537 66 10 13 0.09151498 
181 442 105 101 0.09094015 
497 105 11 12 0.090393186 
976 116 9 12 0.08961751 
454 113 9 11 0.088988654 
423 184 12 14 0.08885673 
813 133 9 12 0.088671 
137 172 24 26 0.08711423 
582 111 8 10 0.086300306 
423 141 10 12 0.08597023 
823 116 10 13 0.08340922 
21 145 17 22 0.082746826 
915 136 19 24 0.082161844 
814 151 10 12 0.081761286 
766 158 8 11 0.080982536 
57 61 8 9 0.08058466 
110 128 10 13 0.07982867 
928 111 9 12 0.07877409 
631 624 31 32 0.07863863 
786 308 27 43 0.07836831 
609 158 11 13 0.07771439 
932 108 10 12 0.077676125 
304 108 12 14 0.07728376 
721 150 9 12 0.0771405 
232 63 8 10 0.07696886 
132 141 14 19 0.07696043 
881 115 9 11 0.07681067 
856 143 16 19 0.075959675 
303 129 11 15 0.07572202 
758 167 11 12 0.07440384 
962 329 28 44 0.07439564 
946 141 12 17 0.07397681 
904 148 9 12 0.073618166 
436 167 12 14 0.073173 
834 180 11 14 0.07234074 
831 289 40 62 0.072235145 
816 115 10 13 0.07209119 
316 125 15 18 0.07191347 
680 199 12 15 0.07170409 
803 153 12 15 0.07126167 
127 147 13 17 0.07104188 
63 142 12 15 0.07050076 
464 110 9 12 0.07043566 
480 165 10 13 0.07005072 
469 118 9 11 0.069814414 
717 190 11 13 0.06974798 
970 226 20 22 0.06919323 
679 108 10 11 0.06899624 
983 119 8 11 0.068793304 
980 307 33 38 0.06822115 
153 127 11 14 0.06683161 
986 124 9 13 0.06670514 
907 111 8 11 0.06547975 
963 130 11 14 0.0650212 
477 159 11 13 0.06476832 
940 350 25 30 0.06462108 
829 154 11 15 0.06449751 
463 176 10 12 0.06319416 
86 41 9 12 0.06317363 
83 106 10 13 0.063001804 
783 111 9 10 0.0629885 
759 113 9 12 0.06199518 
987 131 11 15 0.061990928 
815 179 12 14 0.0616418 
1013 117 9 15 0.061585665 
549 132 10 13 0.06100871 
655 134 9 12 0.060590647 
750 150 9 11 0.060281165 
418 325 16 20 0.059962753 
589 133 10 13 0.0597803 
901 118 11 14 0.059565045 
935 142 12 15 0.059031714 
929 168 16 20 0.058972757 
564 104 9 11 0.058812182 
922 156 13 17 0.058687665 
515 339 16 20 0.058179546 
107 36 10 12 0.05812893 
61 61 8 9 0.058073927 
334 95 10 12 0.058066644 
424 168 9 12 0.05735378 
661 142 10 14 0.057220433 
983 400 26 38 0.057076246 
833 102 9 11 0.056955263 
324 226 14 16 0.056383613 
345 156 16 19 0.056079343 
656 140 11 14 0.055753756 
136 185 25 28 0.054686278 
950 340 25 37 0.054560028 
261 127 11 14 0.054462563 
232 68 8 12 0.054377533 
510 181 9 12 0.05432617 
647 131 11 13 0.05414018 
13 126 10 13 0.054138336 
839 157 12 15 0.054090988 
844 156 11 15 0.05373945 
114 30 11 14 0.05276301 
432 80 8 10 0.052615568 
594 106 8 11 0.05257184 
868 255 17 23 0.05251641 
480 171 11 13 0.052239425 
823 155 11 14 0.052207053 
246 72 9 11 0.051828146 
127 131 13 16 0.051636472 
519 139 11 14 0.05146112 
471 111 8 12 0.05125305 
795 122 10 13 0.050773688 
435 93 10 12 0.050512042 
437 112 11 14 0.05043823 
222 120 10 12 0.049730245 
830 148 12 15 0.04972212 
767 188 12 15 0.04949627 
994 86 9 13 0.049304314 
704 120 10 13 0.048816934 
632 104 9 11 0.048707936 
975 142 10 12 0.04850131 
414 119 9 13 0.04845914 
630 164 12 16 0.048009917 
972 221 15 17 0.047982637 
767 182 11 14 0.04764522 
769 151 8 10 0.0476016 
590 127 9 12 0.046960127 
464 157 12 15 0.04694711 
405 224 12 16 0.046657357 
535 193 13 16 0.046609554 
224 59 9 12 0.04620182 
865 235 28 37 0.04617136 
968 314 33 48 0.04606462 
0 155 18 26 0.045907106 
85 97 10 12 0.045862682 
138 386 44 44 0.045749996 
96 133 10 13 0.04565297 
242 218 21 25 0.045629714 
912 147 11 15 0.045406535 
752 272 18 20 0.04535356 
227 128 13 16 0.04525776 
765 165 9 11 0.045239862 
838 134 10 13 0.045173865 
180 402 51 56 0.045053296 
662 130 10 13 0.045046497 
637 122 11 14 0.045011513 
372 124 13 16 0.04495591 
430 62 8 9 0.044697665 
943 133 13 14 0.04454105 
687 126 9 12 0.044430118 
252 137 14 18 0.04429272 
242 30 8 12 0.044048257 
608 99 9 12 0.04369321 
127 176 40 47 0.04364574 
425 148 11 13 0.04288766 
966 141 11 14 0.042570073 
232 163 12 18 0.042449873 
360 181 11 14 0.042135894 
151 48 10 13 0.041848306 
626 121 9 12 0.041712448 
688 130 11 15 0.041255526 
257 184 12 17 0.04123248 
610 95 10 13 0.04110768 
749 188 10 13 0.0409437 
211 189 13 16 0.04067343 
935 154 12 15 0.04058778 
375 105 9 12 0.040338196 
776 112 9 11 0.040309474 
329 172 15 18 0.04025505 
622 147 12 14 0.040254556 
448 109 9 12 0.040086735 
62 156 20 27 0.039839562 
837 101 8 11 0.039524056 
301 182 13 16 0.03950616 
691 106 10 13 0.039505526 
759 312 39 55 0.039423566 
138 161 23 25 0.039182816 
538 216 22 25 0.039119165 
599 130 9 13 0.039118454 
681 119 9 11 0.038897164 
500 374 31 41 0.038837288 
70 162 20 27 0.038631734 
785 134 8 11 0.038606685 
588 137 12 16 0.038486227 
836 112 10 13 0.038352024 
8 147 22 28 0.038351998 
705 151 11 13 0.038321994 
973 134 11 12 0.038174175 
759 190 9 13 0.03810503 
356 110 10 11 0.038046908 
134 178 14 18 0.037799466 
792 216 10 11 0.03748997 
127 263 28 33 0.03741268 
163 131 13 16 0.037275568 
853 111 9 11 0.036816835 
185 64 7 10 0.036528457 
933 102 9 13 0.036476184 
106 162 14 17 0.036410168 
70 51 9 11 0.036379855 
405 96 9 11 0.0360504 
1 193 11 18 0.035973553 
989 118 11 13 0.03597262 
380 156 15 20 0.035933156 
96 127 9 13 0.035928663 
767 172 10 13 0.03591002 
823 150 10 13 0.035719376 
855 117 9 11 0.035600718 
710 178 12 15 0.03556465 
325 232 18 21 0.03546594 
190 65 8 10 0.035403043 
291 168 13 16 0.035193946 
126 163 13 17 0.03503687 
23 96 11 15 0.034973953 
773 150 9 11 0.034673635 
297 94 8 10 0.034570493 
695 179 14 18 0.034495294 
127 170 13 17 0.034267347 
301 95 9 11 0.03420466 
962 398 31 45 0.034200944 
512 128 9 11 0.034191445 
483 167 13 14 0.03412317 
800 165 10 13 0.034051094 
243 172 15 22 0.033921923 
45 152 18 25 0.03390433 
855 126 12 14 0.033847366 
188 414 68 71 0.033724494 
69 135 11 14 0.033664566 
185 69 8 11 0.03365764 
871 116 9 11 0.033505116 
51 157 23 32 0.03348484 
814 141 9 12 0.03340665 
399 113 13 16 0.033394482 
277 176 14 18 0.03337354 
736 95 9 11 0.033264842 
863 118 8 11 0.033045348 
205 402 40 43 0.033036318 
877 174 16 23 0.03302567 
414 147 9 13 0.033000275 
65 146 15 20 0.03296789 
425 426 45 63 0.032909073 
144 48 8 11 0.03290707 
708 118 10 13 0.032840755 
448 78 8 10 0.032564677 
835 149 12 15 0.03246954 
1002 313 16 23 0.0323965 
656 114 9 11 0.03235451 
73 95 10 12 0.032313224 
944 261 24 32 0.032123692 
485 103 10 12 0.03207735 
62 55 9 10 0.031887513 
129 453 68 73 0.03183654 
432 103 17 21 0.031826567 
501 422 131 125 0.03171994 
325 115 12 15 0.03171463 
411 130 11 15 0.031702843 
137 48 9 10 0.03166762 
598 180 11 13 0.031521354 
791 220 12 14 0.031398427 
413 103 8 11 0.031276822 
972 122 11 14 0.031090353 
416 172 10 12 0.03101649 
695 129 12 17 0.031002892 
189 69 8 11 0.030905588 
1005 92 9 11 0.030845659 
126 153 13 18 0.030761173 
896 122 11 13 0.030530632 
949 131 12 14 0.030514136 
535 158 10 12 0.030505339 
975 158 10 12 0.030485716 
969 147 10 13 0.030419713 
851 218 30 34 0.030354222 
215 120 11 13 0.030335056 
455 77 9 11 0.030315336 
170 138 13 16 0.030311694 
425 86 10 13 0.0302475 
867 147 13 17 0.030154884 
933 138 19 24 0.03006696 
246 36 9 11 0.029949345 
33 191 22 27 0.029867165 
258 114 11 14 0.02983227 
506 326 24 26 0.029799499 
144 61 10 12 0.029768812 
782 117 9 12 0.029711151 
793 142 9 12 0.029697087 
263 21 9 11 0.029657857 
705 104 10 13 0.02952748 
537 107 17 21 0.029518655 
921 414 31 37 0.029322816 
157 61 9 10 0.029211309 
72 86 9 11 0.02921063 
34 161 20 29 0.029148486 
315 197 11 14 0.02912603 
315 114 15 19 0.029052464 
766 113 9 10 0.028971575 
391 319 12 17 0.02890154 
525 172 10 12 0.028782213 
971 268 26 34 0.028737914 
453 163 10 13 0.028564138 
14 98 13 18 0.028358387 
231 55 8 10 0.028353354 
112 109 9 13 0.028316999 
710 161 11 14 0.02831128 
909 173 11 16 0.0280786 
414 140 10 14 0.027958104 
438 78 8 11 0.027907584 
463 79 8 10 0.02784254 
638 629 16 19 0.027833315 
147 154 15 19 0.027794186 
309 127 15 18 0.027748888 
236 119 11 13 0.02772208 
672 78 9 12 0.027660592 
666 125 10 13 0.027584316 
927 175 13 18 0.02744669 
230 48 8 10 0.027445937 
96 38 9 10 0.027407613 
593 114 10 13 0.027301734 
116 169 14 19 0.027230993 
1015 109 10 15 0.027218945 
735 315 42 55 0.02711143 
517 68 11 12 0.027095186 
707 138 13 16 0.027086463 
811 253 13 14 0.027055744 
632 147 13 19 0.02704662 
462 85 9 11 0.02700191 
172 95 11 15 0.026799304 
872 111 9 11 0.026773809 
381 110 9 12 0.026698917 
434 157 12 15 0.026682714 
406 138 13 16 0.026669862 
277 162 15 18 0.026595725 
804 166 12 14 0.02658329 
112 239 46 59 0.026440378 
932 149 22 25 0.026364729 
664 166 11 15 0.026245857 
966 180 10 13 0.026210535 
69 41 10 13 0.026128473 
592 179 12 13 0.026053248 
31 50 8 11 0.025928052 
209 276 17 24 0.025698742 
429 180 10 14 0.025553482 
217 40 8 11 0.02540292 
270 164 12 16 0.025400003 
0 308 20 45 0.025397263 
176 116 12 16 0.025372408 
983 146 9 12 0.025328333 
661 113 9 11 0.025304671 
25 40 9 12 0.025279285 
17 93 19 27 0.025230411 
651 352 40 49 0.025149763 
243 60 9 11 0.025115333 
990 308 16 19 0.025079703 
959 136 13 17 0.025074122 
861 124 11 14 0.025035635 
984 125 18 25 0.024966534 
674 108 9 11 0.02492893 
805 141 10 12 0.024846891 
131 161 16 20 0.02483362 
794 149 10 13 0.024657464 
910 125 11 13 0.024617461 
608 152 10 11 0.024614062 
677 85 8 11 0.02444624 
929 94 8 10 0.024423517 
145 54 9 11 0.024362488 
156 47 11 13 0.024310356 
422 135 10 12 0.024309136 
1006 226 14 22 0.024305832 
221 177 14 20 0.02413001 
780 188 9 13 0.024121324 
502 144 14 17 0.02407032 
772 173 10 12 0.024013642 
1005 79 9 11 0.023984635 
265 55 8 11 0.023933839 
858 133 14 18 0.023911946 
980 260 15 18 0.023781653 
175 55 8 10 0.023717942 
496 103 18 22 0.023717647 
383 116 10 13 0.023700535 
234 125 12 15 0.023644308 
106 28 20 25 0.02360056 
71 126 11 14 0.023597602 
359 173 12 15 0.023586364 
118 163 12 16 0.023579078 
789 134 9 12 0.02352453 
518 174 12 13 0.023404779 
937 163 15 18 0.023356395 
792 105 10 12 0.02324801 
819 172 12 16 0.023151217 
293 276 111 125 0.023114463 
504 55 9 11 0.023113761 
81 50 10 12 0.023108145 
103 131 11 15 0.023062252 
130 115 13 15 0.023046004 
967 174 10 14 0.022889338 
456 86 9 11 0.022885377 
36 174 15 21 0.022815943 
357 118 10 12 0.022812212 
726 137 10 12 0.022804348 
446 164 10 13 0.02279825 
774 167 9 11 0.02272959 
177 118 19 22 0.022617528 
131 167 21 25 0.02258375 
964 119 11 14 0.022583282 
232 374 44 65 0.022512704 
317 79 9 12 0.022503048 
269 54 19 23 0.022495968 
6 25 9 12 0.022471212 
643 143 12 15 0.022344423 
495 311 27 31 0.022325832 
351 102 10 13 0.022167953 
296 131 11 15 0.022118919 
969 290 36 48 0.022111386 
264 79 9 11 0.022105768 
573 157 10 12 0.02207204 
205 156 11 15 0.021984713 
996 314 26 36 0.021916904 
614 150 10 13 0.021897031 
824 105 8 11 0.02188297 
284 168 14 18 0.021874191 
595 104 17 23 0.021790154 
252 165 10 14 0.021759147 
640 132 11 15 0.021755707 
13 118 11 14 0.021741059 
79 69 11 14 0.02173309 
712 186 12 15 0.021710176 
395 189 17 20 0.021703748 
699 185 12 17 0.021688519 
677 79 8 11 0.021663917 
183 130 12 16 0.021657951 
1005 268 12 16 0.021571567 
973 261 15 20 0.021526258 
93 157 20 25 0.021509487 
0 184 19 30 0.021482317 
148 47 20 25 0.021468813 
813 166 11 15 0.021458073 
205 187 22 27 0.021455804 
585 127 9 11 0.021440597 
622 154 11 15 0.021423161 
585 165 9 11 0.021376707 
224 95 12 15 0.021335613 
947 152 15 16 0.021318687 
891 152 12 15 0.02130522 
215 68 8 11 0.02126135 
496 141 9 14 0.021245657 
752 169 17 22 0.021221774 
728 411 124 140 0.021174518 
119 102 11 15 0.021169938 
870 124 10 12 0.021120027 
637 104 9 11 0.021086251 
956 163 13 17 0.021074805 
785 140 9 11 0.021045627 
878 153 12 15 0.021032855 
768 113 19 23 0.02099793 
260 136 15 20 0.020951996 
568 159 9 12 0.020905571 
799 136 10 12 0.020894945 
352 118 10 12 0.020889087 
400 125 12 15 0.020856254 
999 120 15 19 0.020833412 
134 26 12 14 0.020826627 
423 78 9 11 0.02080995 
38 130 12 16 0.020802818 
105 44 9 11 0.020790182 
833 97 9 11 0.02073882 
613 91 18 22 0.020718893 
1000 80 11 14 0.0206876 
263 176 19 25 0.020677289 
565 134 12 17 0.020654373 
583 139 11 15 0.020650558 
446 70 9 10 0.020574292 
210 177 15 19 0.020515172 
838 96 9 11 0.020508202 
505 59 10 12 0.020501161 
673 103 9 11 0.020480061 
172 172 12 15 0.020443376 
547 190 12 14 0.020435356 
221 41 9 11 0.020420859 
240 49 8 10 0.020388221 
255 125 10 13 0.020377224 
589 160 10 12 0.020303508 
508 351 27 33 0.020115444 
97 30 8 10 0.020111676 
63 15 8 10 0.020080635 
463 103 9 12 0.020055346 
696 158 9 12 0.020052576 
702 165 10 13 0.020034973 
