2_Demonstration_Political_Rally_2_329
390
931 283 61 76 0.9994522 
139 343 62 72 0.9992735 
131 177 27 36 0.99914527 
615 208 27 34 0.99892944 
924 211 32 39 0.99887556 
880 162 28 35 0.9988691 
745 399 88 114 0.99878794 
770 178 25 30 0.9986229 
124 232 49 59 0.99857545 
803 205 39 49 0.99801195 
832 181 27 35 0.99784863 
307 312 69 84 0.9977512 
269 199 40 47 0.9971011 
648 233 38 49 0.99645495 
476 311 86 102 0.995462 
867 336 64 72 0.9952636 
851 223 26 36 0.9940003 
196 194 39 45 0.99385977 
465 240 37 43 0.9929253 
689 326 50 53 0.9817067 
0 189 34 49 0.9759 
973 227 27 32 0.94819283 
59 169 18 23 0.94427377 
956 191 21 25 0.94197166 
479 136 16 20 0.93448955 
302 184 24 30 0.90088075 
967 147 13 16 0.87061995 
53 199 29 51 0.84817684 
947 142 13 16 0.8338651 
500 144 17 19 0.8237166 
844 129 14 18 0.81803733 
330 178 28 32 0.8110891 
567 147 12 17 0.77460635 
669 191 24 28 0.75930655 
997 138 11 14 0.74315006 
28 148 14 16 0.7027787 
781 117 10 13 0.67558384 
901 143 14 17 0.65759975 
71 152 10 14 0.655694 
69 131 10 13 0.65430087 
767 130 12 15 0.6516924 
50 134 12 14 0.6220428 
8 118 8 11 0.5764248 
862 136 14 18 0.5566468 
558 126 9 12 0.52211326 
999 173 13 18 0.47693083 
782 141 10 12 0.4735006 
111 155 10 12 0.4680258 
747 123 11 14 0.4595311 
1002 240 24 45 0.38608882 
613 158 10 12 0.3252966 
9 200 46 47 0.3240866 
804 135 9 11 0.31810734 
420 187 26 32 0.29681346 
1012 150 10 15 0.2846275 
542 149 15 18 0.26583537 
12 136 10 12 0.22920568 
42 111 9 11 0.21895021 
919 148 10 13 0.18602513 
974 243 36 46 0.18374044 
363 181 14 17 0.18162343 
112 131 10 13 0.18083179 
605 125 8 11 0.17599206 
987 126 10 12 0.17439574 
893 79 11 14 0.15783489 
513 118 7 10 0.15773606 
975 133 10 12 0.15754642 
521 150 9 11 0.15701115 
971 143 11 14 0.15646124 
734 148 12 17 0.15575834 
1 82 8 12 0.15523265 
464 136 9 12 0.15462235 
554 126 8 12 0.14854103 
790 136 9 12 0.14424022 
91 149 13 17 0.1434453 
985 223 22 31 0.14061959 
10 140 10 14 0.1399638 
25 118 8 10 0.13623615 
559 172 9 11 0.13177286 
450 183 10 13 0.13012967 
533 126 8 11 0.12885328 
487 163 10 12 0.12815943 
560 121 8 10 0.12083641 
800 140 12 15 0.12070081 
936 136 9 13 0.11479707 
590 127 7 9 0.11271614 
66 128 10 12 0.10950874 
582 245 24 30 0.10240118 
894 113 14 19 0.10105842 
516 118 9 11 0.10066396 
534 119 7 9 0.10042903 
29 111 9 11 0.10030585 
345 183 16 21 0.09977979 
940 177 15 19 0.09840125 
545 126 8 11 0.09808605 
586 127 8 10 0.09798469 
742 129 12 16 0.097709455 
567 120 8 10 0.09668052 
40 115 9 12 0.096245624 
607 120 9 11 0.09545506 
522 168 8 10 0.09422642 
585 112 7 10 0.093482286 
138 95 8 10 0.09330137 
361 184 22 26 0.08978648 
933 163 14 17 0.088674456 
799 146 14 16 0.08384919 
538 192 10 12 0.083205484 
67 207 35 46 0.08156304 
683 196 13 16 0.080618404 
998 183 14 20 0.07880935 
426 202 18 24 0.07848075 
613 119 10 12 0.078135796 
134 111 10 13 0.07476763 
-1 211 25 44 0.073467225 
782 235 20 29 0.07325149 
30 118 8 10 0.07275653 
464 144 12 16 0.07173351 
326 186 18 21 0.07055915 
982 130 11 14 0.07049977 
991 133 12 15 0.06982507 
496 126 9 11 0.06870312 
37 197 34 47 0.0680028 
816 123 9 12 0.066417284 
19 270 28 39 0.065489344 
549 143 11 13 0.065001935 
851 131 12 17 0.06451116 
657 196 11 13 0.064443104 
574 126 8 9 0.06387103 
740 152 14 18 0.063833475 
692 197 12 14 0.06370879 
771 126 11 14 0.06341549 
48 128 10 12 0.06320242 
502 116 8 12 0.06218094 
585 117 7 10 0.061375458 
481 120 8 10 0.060749047 
552 227 25 29 0.06070002 
732 164 12 16 0.05856643 
492 164 10 12 0.058114283 
702 205 12 14 0.058082476 
662 195 14 16 0.058014754 
570 236 15 19 0.05732803 
994 221 14 20 0.05703848 
897 146 22 26 0.05697621 
503 135 10 12 0.056711446 
781 147 12 15 0.054980557 
8 113 7 10 0.054922137 
817 170 11 17 0.0540388 
176 230 23 34 0.053573243 
658 203 24 27 0.05270195 
470 88 8 10 0.05249174 
710 197 12 14 0.051200565 
81 126 9 12 0.050799023 
541 164 11 13 0.050675947 
540 173 10 11 0.05020443 
863 154 13 17 0.04965532 
487 119 8 11 0.04953222 
92 161 12 15 0.04929069 
917 244 23 30 0.048687734 
439 148 12 15 0.048009884 
585 234 24 29 0.04793712 
516 253 26 32 0.047748666 
908 124 10 13 0.047460545 
913 79 9 11 0.04745005 
1001 116 9 11 0.04714652 
93 119 9 11 0.046767864 
537 155 10 13 0.04560802 
69 138 11 14 0.04558377 
741 136 12 16 0.045274097 
133 146 13 16 0.044964634 
553 111 7 9 0.044368207 
654 209 15 19 0.044358954 
738 270 35 48 0.044195667 
601 121 8 10 0.04337245 
944 259 49 64 0.043111984 
469 156 14 18 0.04291467 
566 173 8 11 0.042588465 
45 116 8 11 0.042364713 
521 156 9 13 0.04129838 
25 123 9 11 0.04117472 
513 114 7 10 0.040992502 
863 129 10 13 0.040819906 
24 151 14 17 0.040595695 
487 126 9 11 0.04031578 
782 156 11 14 0.040017284 
537 167 9 11 0.039804753 
65 163 15 21 0.039517198 
590 176 9 11 0.039359394 
583 199 11 12 0.039355353 
477 159 11 13 0.039270464 
32 103 8 11 0.039173108 
862 162 15 20 0.03908329 
39 105 9 11 0.038900897 
104 154 12 16 0.038671866 
989 155 10 13 0.038596783 
62 120 9 11 0.037921023 
1004 166 11 15 0.037843972 
561 155 10 13 0.03778006 
518 112 9 10 0.03776221 
562 148 11 14 0.037649408 
742 118 19 24 0.037528254 
371 192 17 20 0.037499864 
696 201 12 15 0.037236817 
718 192 11 15 0.037228823 
610 110 9 10 0.036959045 
66 149 10 14 0.036865305 
543 144 11 13 0.036836624 
821 126 9 11 0.0363518 
79 140 10 12 0.035801522 
943 171 22 27 0.03578923 
63 139 12 14 0.035767216 
492 138 17 23 0.035666715 
778 150 10 13 0.035662252 
141 118 8 12 0.035651926 
559 111 7 9 0.035571724 
613 104 9 10 0.035448633 
86 125 9 11 0.03538747 
469 131 20 24 0.034957413 
79 119 9 11 0.03473494 
923 148 12 15 0.034677215 
905 155 20 28 0.034582954 
544 230 23 30 0.03447833 
86 143 10 13 0.03435482 
88 111 8 10 0.03426986 
401 224 28 36 0.034239918 
693 133 9 11 0.034065828 
574 121 7 9 0.034025002 
826 133 9 12 0.034023568 
135 102 10 11 0.033799473 
1004 133 11 14 0.03378968 
609 164 12 14 0.03369529 
555 171 8 12 0.033607963 
78 133 9 13 0.03318209 
530 249 25 33 0.03314259 
889 81 12 16 0.0329911 
101 149 12 16 0.032913227 
1004 141 11 14 0.032585535 
538 246 16 22 0.03230658 
730 149 10 14 0.032016587 
535 211 14 17 0.031833835 
769 196 23 29 0.031488806 
413 181 24 31 0.031419646 
496 118 10 12 0.031296335 
85 134 10 12 0.031259473 
861 139 19 26 0.03125715 
1009 145 17 24 0.031230038 
689 134 8 11 0.031167451 
33 96 7 10 0.030945236 
509 134 10 12 0.03090406 
97 95 7 10 0.030808223 
961 235 35 39 0.030763276 
469 140 13 17 0.030672885 
898 326 51 63 0.030504454 
867 170 14 19 0.030440029 
540 180 11 14 0.030222062 
662 316 27 37 0.030171521 
520 102 8 10 0.030143324 
107 153 20 25 0.029964807 
584 175 10 12 0.029925056 
95 110 8 10 0.029765038 
39 126 9 11 0.02963874 
534 113 7 8 0.02956985 
603 236 13 17 0.029511182 
589 112 8 10 0.029199265 
80 111 8 11 0.02914654 
481 126 10 13 0.02909297 
110 169 14 20 0.02906721 
938 81 8 10 0.029037997 
746 156 13 16 0.028907346 
799 130 18 23 0.02873794 
94 86 7 10 0.028659524 
519 143 10 13 0.028601494 
524 172 9 10 0.028487667 
69 148 17 22 0.028458562 
981 140 11 14 0.028176205 
777 112 18 23 0.028146321 
550 164 11 13 0.02814553 
102 140 12 16 0.028064264 
97 103 8 9 0.028023325 
116 128 9 12 0.02786084 
79 194 38 48 0.027727019 
312 187 18 21 0.027567087 
405 182 13 19 0.027558165 
841 235 27 35 0.027546994 
992 135 19 22 0.027532306 
581 240 17 22 0.027491951 
729 170 10 13 0.027450047 
967 127 10 12 0.027328357 
576 173 9 12 0.027310088 
26 157 18 21 0.027153848 
513 97 7 9 0.027149528 
790 221 27 37 0.027147103 
936 136 18 23 0.027118891 
577 198 9 11 0.027112855 
380 204 16 24 0.027100831 
594 256 15 20 0.027047029 
102 111 8 11 0.026989015 
583 131 10 12 0.026902337 
955 180 16 19 0.026733484 
784 135 18 22 0.02666449 
1013 182 12 16 0.026633305 
661 215 15 19 0.026581645 
502 164 11 13 0.02654217 
853 131 18 24 0.026294116 
512 124 8 10 0.026231525 
634 160 9 11 0.025966719 
609 152 9 12 0.025962826 
612 256 25 33 0.025889724 
706 201 14 17 0.025862098 
606 141 8 11 0.025827035 
64 127 18 22 0.025763959 
34 141 11 14 0.02563963 
561 94 7 9 0.02554868 
66 194 17 25 0.025515907 
609 102 9 11 0.025507357 
901 120 14 17 0.02542094 
128 127 9 12 0.025365233 
868 164 23 30 0.025319524 
287 190 33 40 0.025311016 
72 119 9 12 0.025066517 
101 102 8 9 0.025035243 
782 162 13 17 0.024928411 
960 147 12 17 0.024857283 
31 124 8 10 0.024684135 
833 222 29 37 0.024640806 
528 111 8 9 0.024599563 
413 144 13 16 0.024575014 
686 192 20 25 0.024447793 
519 96 8 9 0.024375094 
829 134 10 12 0.024353486 
135 125 10 13 0.024331847 
371 291 24 34 0.024167959 
2 100 8 13 0.024103673 
12 124 10 13 0.024100658 
546 132 9 11 0.023946527 
54 148 12 15 0.023911022 
982 121 19 24 0.023779199 
113 89 8 9 0.023706583 
983 148 10 14 0.02370459 
46 165 25 31 0.02351656 
543 121 7 9 0.023435421 
118 88 8 9 0.023421101 
383 161 41 49 0.023354325 
838 225 15 23 0.023337876 
787 155 13 16 0.02316411 
537 148 13 16 0.023094835 
942 79 8 11 0.022950826 
736 119 9 12 0.022874633 
606 132 9 12 0.022850595 
5 94 8 12 0.022843001 
129 109 10 14 0.022811705 
787 145 15 18 0.022804208 
846 121 12 14 0.02273858 
527 104 7 9 0.022673631 
547 270 24 32 0.022630453 
920 192 21 24 0.022600245 
516 212 11 13 0.022355644 
134 164 15 17 0.022303179 
7 134 18 23 0.022285558 
496 96 9 10 0.022275163 
186 369 35 49 0.022269411 
369 158 38 46 0.022248559 
537 96 8 10 0.022240039 
554 120 18 23 0.022047395 
507 263 30 35 0.021910751 
502 126 9 11 0.021874156 
1006 116 9 12 0.021851273 
137 89 8 10 0.021721954 
681 158 9 10 0.02165396 
762 132 12 14 0.021592671 
968 132 12 15 0.02151478 
538 263 16 22 0.021290343 
674 207 15 18 0.021222921 
12 144 13 18 0.021171222 
510 192 11 12 0.020975998 
590 120 8 9 0.02095142 
641 128 9 11 0.02094405 
25 102 8 11 0.020846965 
94 190 40 48 0.020843063 
563 286 25 30 0.020749677 
93 133 11 12 0.020671839 
566 199 9 11 0.020667804 
141 144 11 13 0.020654108 
965 170 12 15 0.02061631 
62 110 8 11 0.020607835 
24 142 13 16 0.020539649 
523 259 31 38 0.020395955 
511 61 9 10 0.020333199 
38 95 8 10 0.020323336 
102 97 8 10 0.020293772 
732 332 33 40 0.020032626 
