2_Demonstration_Demonstration_Or_Protest_2_771
61
468 127 100 134 0.9999429 
672 471 28 35 0.9991296 
134 454 21 26 0.91342247 
691 164 13 17 0.4981186 
160 64 53 68 0.44141728 
732 172 13 17 0.36399448 
802 498 20 23 0.2933952 
760 166 11 14 0.26971447 
51 484 16 21 0.23936032 
760 170 14 19 0.20793363 
2 480 17 20 0.17409202 
731 179 16 23 0.16216598 
970 323 9 13 0.13516323 
99 484 16 19 0.11794597 
631 432 9 12 0.10847585 
953 325 9 11 0.097487085 
892 330 10 14 0.083054595 
218 376 16 21 0.07970415 
1014 348 9 13 0.058404792 
728 166 14 17 0.05607863 
234 244 11 13 0.05584384 
954 320 8 10 0.050394032 
868 476 51 59 0.047280442 
670 393 9 10 0.046871345 
257 277 9 11 0.040583104 
150 31 86 108 0.037578028 
966 398 9 10 0.035041943 
191 409 10 15 0.030390752 
317 359 14 18 0.030297132 
693 365 9 11 0.029325582 
208 365 28 34 0.028710496 
197 406 10 13 0.02845574 
667 177 13 15 0.028388632 
648 393 10 11 0.027697032 
301 291 12 16 0.027621971 
1011 492 11 17 0.027483063 
196 277 13 17 0.027279122 
735 315 12 16 0.026750159 
108 451 10 14 0.025783196 
700 485 14 18 0.025747815 
293 286 13 15 0.025652906 
701 190 10 13 0.024771145 
379 359 16 20 0.024416165 
375 312 13 17 0.023665229 
692 173 15 18 0.023663452 
767 198 10 12 0.02333785 
309 299 11 15 0.023240762 
698 170 12 16 0.022970757 
963 398 8 10 0.022471378 
58 475 17 24 0.022342473 
269 337 13 16 0.022300415 
42 482 28 32 0.022194767 
81 145 15 19 0.022090055 
968 344 8 10 0.022010831 
950 398 7 10 0.021457927 
315 105 109 129 0.021159086 
710 268 11 12 0.02112384 
921 318 9 11 0.020789236 
1014 268 9 15 0.020502761 
938 318 8 10 0.02036733 
197 54 49 67 0.020158831 
