2_Demonstration_Protesters_2_486
41
816 116 112 124 0.99991095 
43 382 134 178 0.9989825 
26 536 37 47 0.9968605 
450 110 148 182 0.99528545 
232 427 56 61 0.9777614 
619 239 54 75 0.62572485 
814 316 16 20 0.11963874 
420 501 36 35 0.0908128 
838 310 12 14 0.07631651 
0 617 15 20 0.057091855 
815 317 23 33 0.04975716 
816 313 11 14 0.046297733 
731 611 52 54 0.04439369 
50 223 29 34 0.041320637 
891 572 64 61 0.04037279 
421 516 33 36 0.03966259 
404 107 13 17 0.03929873 
351 501 48 54 0.03776679 
402 99 14 17 0.03533883 
0 430 27 45 0.035019815 
41 232 53 62 0.031265568 
969 6 47 51 0.03038902 
195 421 60 76 0.030279612 
808 321 12 17 0.03019544 
403 114 15 19 0.029419903 
322 479 17 21 0.02902376 
577 233 95 117 0.028740007 
603 300 132 150 0.027573466 
0 510 25 36 0.026847688 
335 473 12 16 0.026348501 
773 319 15 20 0.025107559 
3 256 56 80 0.024807308 
826 310 22 29 0.024125835 
593 279 216 238 0.023712715 
27 263 18 23 0.02244766 
46 452 15 20 0.022057831 
778 315 15 20 0.02189738 
832 314 12 15 0.020937346 
393 538 19 20 0.020400008 
390 530 53 53 0.02018802 
0 508 13 23 0.02009356 
