2_Demonstration_Protesters_2_822
80
719 384 85 109 0.99813014 
300 343 49 70 0.99630094 
937 383 37 39 0.99575484 
207 384 44 56 0.99244714 
28 362 40 56 0.9864573 
675 361 42 50 0.98057693 
1001 368 18 24 0.9583736 
599 435 45 67 0.9414059 
104 428 44 59 0.9356028 
975 360 20 27 0.5662389 
138 369 24 28 0.39430007 
-3 364 30 46 0.31244308 
718 331 14 18 0.2358654 
477 355 14 16 0.23410875 
675 317 13 16 0.23376559 
80 390 26 33 0.22126552 
8 354 41 60 0.17173989 
497 326 19 22 0.1435468 
600 426 29 41 0.11885605 
193 372 12 16 0.109156206 
688 343 10 12 0.10785372 
354 606 9 12 0.1074603 
255 714 27 43 0.096682265 
985 364 20 26 0.09315517 
188 368 22 28 0.08417176 
266 380 38 50 0.07422354 
1011 467 11 18 0.07384122 
845 474 50 56 0.06571487 
120 444 47 61 0.06012682 
600 661 43 51 0.058935694 
450 574 30 40 0.05752718 
84 290 25 38 0.05464946 
86 401 43 58 0.052557644 
431 337 14 20 0.052544225 
85 396 31 38 0.04535535 
669 342 9 13 0.041570485 
563 282 15 19 0.037456352 
951 440 40 52 0.03713882 
124 365 28 37 0.03682127 
434 402 44 56 0.035975367 
3 404 29 48 0.033749126 
949 372 28 34 0.033745326 
387 571 59 82 0.03253855 
96 386 43 54 0.031426117 
819 475 46 58 0.030942809 
709 419 25 43 0.029929042 
671 313 21 26 0.029919656 
926 380 27 32 0.02889105 
559 289 11 16 0.02862786 
141 452 42 57 0.02837656 
493 334 18 20 0.02832849 
1009 364 14 21 0.027563563 
132 382 30 35 0.027445186 
95 429 31 44 0.027437322 
366 585 57 84 0.026618697 
691 340 12 14 0.026582003 
958 365 12 16 0.02581107 
151 375 17 21 0.025437295 
687 336 11 13 0.025356093 
998 399 22 31 0.025029814 
284 555 11 15 0.024919443 
491 363 13 16 0.02454931 
482 358 16 18 0.024215192 
940 399 28 34 0.024158346 
938 424 17 21 0.023943085 
1014 235 9 15 0.023343518 
492 315 44 55 0.023112722 
992 261 10 13 0.02301904 
776 315 16 20 0.02287193 
471 360 13 17 0.022433575 
454 405 47 55 0.022291653 
555 274 21 30 0.022076383 
716 317 14 17 0.022035856 
482 350 14 18 0.021933038 
1006 461 18 30 0.021471307 
471 350 14 17 0.0210369 
257 390 33 44 0.02079102 
372 388 34 47 0.020537505 
238 369 46 60 0.020216394 
974 261 10 13 0.020101188 
