2_Demonstration_Demonstration_Or_Protest_2_58
327
786 442 63 80 0.9995926 
451 312 55 75 0.99936146 
149 158 29 36 0.99910945 
514 230 46 62 0.99900323 
314 124 26 33 0.9989655 
652 312 54 74 0.9988833 
590 175 33 37 0.99888223 
86 148 38 43 0.9988427 
284 386 58 79 0.9985734 
44 241 57 66 0.99843353 
162 296 56 76 0.99837035 
300 300 51 63 0.99829346 
29 509 99 106 0.9975038 
767 272 45 54 0.9973834 
836 169 36 42 0.9957445 
869 241 38 49 0.9955266 
963 286 48 54 0.9953987 
159 232 47 56 0.99517727 
334 177 34 44 0.9947848 
697 246 40 53 0.99441826 
-4 165 30 52 0.9942417 
247 245 46 52 0.9929011 
941 193 37 43 0.9919689 
982 148 28 29 0.98520327 
154 111 27 33 0.9839341 
863 116 26 34 0.9833334 
184 88 21 27 0.98309547 
775 193 32 36 0.9747697 
623 267 37 53 0.96157444 
582 567 45 84 0.96072215 
374 294 45 51 0.9562507 
211 68 19 26 0.9435442 
318 222 38 47 0.93331033 
162 50 15 19 0.9262816 
125 48 18 24 0.92201656 
113 86 17 21 0.9176633 
105 54 16 19 0.8994829 
691 51 13 17 0.89902854 
695 78 16 20 0.89207476 
77 80 18 24 0.8837308 
825 143 24 32 0.8703762 
190 448 34 40 0.8562326 
46 43 16 21 0.8350957 
250 74 14 18 0.8264564 
904 329 33 54 0.78470325 
385 130 23 27 0.7656864 
768 30 15 20 0.760392 
543 97 15 20 0.7532614 
635 104 20 27 0.7489931 
351 63 14 18 0.71946836 
779 149 20 27 0.6514064 
743 13 11 14 0.6136264 
474 121 14 20 0.60981685 
502 124 15 19 0.5690323 
15 82 14 18 0.5443206 
705 167 24 30 0.5026096 
171 32 15 20 0.45930034 
449 262 25 31 0.4584475 
946 116 22 35 0.45315465 
512 81 12 17 0.442631 
363 157 26 34 0.4205631 
596 245 36 45 0.41305885 
262 91 12 19 0.39049897 
0 53 10 16 0.3775091 
603 253 41 55 0.35216007 
759 199 15 21 0.3506304 
352 38 10 13 0.3096404 
13 60 12 15 0.30864123 
768 157 28 30 0.26708007 
437 186 21 30 0.25113982 
240 5 11 13 0.24194618 
714 46 9 12 0.22536969 
852 93 10 15 0.22051632 
689 3 12 13 0.21841301 
454 59 11 15 0.21659581 
471 173 23 33 0.20814776 
716 15 10 13 0.20529662 
546 198 35 41 0.19729485 
273 125 26 33 0.19724032 
783 1 11 10 0.18923433 
819 3 13 15 0.18722506 
111 51 20 26 0.18186656 
36 123 22 34 0.18041593 
167 29 13 18 0.17981236 
689 132 12 17 0.17070918 
926 113 12 15 0.16942233 
458 3 10 13 0.16544574 
973 87 10 14 0.16086519 
522 178 15 19 0.15245925 
428 236 26 39 0.14351493 
482 185 13 18 0.14009883 
568 130 22 28 0.13307036 
10 180 27 36 0.1244364 
253 29 23 35 0.12429213 
324 1 12 12 0.123915 
882 155 24 31 0.11890204 
683 185 30 37 0.117084585 
147 80 16 20 0.11683768 
26 186 15 22 0.11484536 
1 81 16 21 0.10603228 
85 58 14 18 0.09908303 
840 92 11 14 0.089934826 
916 321 28 49 0.08794414 
471 76 8 10 0.08616625 
745 52 10 14 0.0845316 
694 164 24 32 0.08382749 
254 40 13 21 0.08322782 
180 215 31 39 0.07716245 
4 51 11 16 0.07500374 
930 114 13 18 0.07448106 
104 253 38 54 0.07396457 
847 54 11 13 0.07390235 
6 18 25 28 0.073685884 
515 174 26 33 0.07235941 
358 135 12 15 0.07169194 
803 181 23 33 0.0710168 
498 48 8 9 0.07019854 
449 99 10 14 0.06833763 
998 225 19 28 0.066935256 
158 258 52 70 0.06650919 
7 58 13 17 0.06549035 
253 82 19 26 0.06419275 
558 135 12 15 0.06393697 
564 137 16 21 0.06369139 
493 77 9 10 0.06346737 
460 170 26 38 0.06298994 
377 134 24 30 0.06269101 
296 1 11 12 0.06267212 
709 117 11 13 0.061594483 
526 214 47 61 0.060277466 
787 140 15 24 0.060070224 
24 190 22 30 0.059533488 
437 243 27 38 0.05945925 
759 184 24 32 0.05904001 
3 21 18 21 0.05823235 
172 96 17 22 0.057495758 
454 258 17 22 0.05630451 
460 153 16 18 0.05569513 
764 161 20 21 0.055158753 
506 119 16 19 0.053877126 
693 175 36 43 0.05370215 
466 126 22 30 0.053627964 
204 2 14 15 0.053450778 
359 98 12 17 0.05340761 
262 22 25 38 0.05321668 
356 4 10 12 0.052300584 
551 135 11 15 0.051787294 
628 290 38 53 0.0516055 
703 28 8 10 0.05125724 
573 178 37 45 0.051022142 
942 116 14 23 0.050719272 
86 220 29 44 0.049483985 
247 41 12 18 0.049361195 
840 315 34 54 0.049092267 
161 28 12 16 0.047997054 
546 313 27 38 0.04602969 
426 165 11 14 0.04540677 
820 129 26 34 0.044910386 
577 238 38 54 0.044675723 
818 7 16 20 0.044486534 
338 223 26 36 0.043852665 
147 70 14 16 0.043788046 
541 139 12 14 0.04342833 
282 5 13 15 0.042972535 
685 204 30 35 0.042438712 
893 79 10 12 0.04182402 
78 73 15 20 0.041140486 
576 133 25 32 0.040874746 
261 129 22 30 0.040313106 
464 124 15 18 0.040257525 
844 89 19 25 0.039950497 
676 80 14 19 0.039491877 
511 186 30 37 0.03923527 
211 249 11 14 0.039094675 
400 297 37 47 0.039038442 
523 167 25 32 0.038821656 
968 89 12 15 0.03868784 
820 16 15 20 0.038514867 
742 58 11 15 0.038416035 
94 58 12 17 0.03838762 
128 263 28 41 0.0378308 
888 80 10 13 0.037778985 
82 68 16 21 0.037342492 
93 248 37 46 0.03637314 
538 122 14 19 0.036051054 
701 3 11 13 0.035985082 
726 53 12 15 0.035969324 
495 128 13 18 0.0358128 
594 139 16 18 0.03562499 
715 174 26 36 0.03527774 
317 37 39 49 0.035077464 
978 129 27 39 0.034978952 
149 105 18 22 0.034867182 
736 193 12 18 0.03404887 
9 58 19 24 0.033874672 
23 33 12 16 0.033870395 
402 136 14 20 0.03352845 
370 148 18 21 0.033316452 
872 161 27 35 0.03320488 
777 0 12 12 0.03311159 
845 125 34 37 0.03295606 
512 73 10 14 0.03285828 
476 123 20 27 0.032643776 
276 23 16 23 0.032531764 
671 4 10 11 0.032417256 
548 74 11 14 0.03226207 
460 137 23 30 0.031815294 
238 39 15 18 0.031739667 
365 299 31 39 0.031703327 
740 8 19 23 0.03158016 
175 35 20 25 0.031414904 
913 130 12 17 0.030711018 
782 235 30 37 0.030645104 
645 78 10 14 0.030357251 
585 275 46 59 0.02989575 
892 150 15 18 0.029685717 
452 96 8 12 0.029674027 
861 94 12 15 0.029580642 
270 6 11 13 0.029521681 
310 52 13 18 0.029407345 
768 8 11 11 0.029355431 
711 5 11 13 0.029147403 
512 413 43 58 0.029127143 
333 60 12 17 0.029093249 
893 98 13 17 0.02890922 
724 21 11 14 0.028817652 
736 20 12 15 0.028514588 
449 185 15 23 0.028403992 
838 95 15 20 0.02835479 
345 43 12 15 0.028278016 
1014 93 9 14 0.027925778 
149 84 21 25 0.027919827 
126 40 13 15 0.02740021 
716 49 13 16 0.027371854 
178 30 13 17 0.027171968 
513 88 14 18 0.027154855 
701 45 11 15 0.026546564 
18 62 15 18 0.026482042 
696 23 10 12 0.026428245 
242 128 20 30 0.026147252 
823 25 12 17 0.026105952 
717 26 11 15 0.026048785 
276 145 25 30 0.026017958 
377 154 16 21 0.025929913 
741 278 23 31 0.025764653 
254 136 15 19 0.025573814 
583 145 26 29 0.02532709 
540 112 14 20 0.025314987 
394 228 21 35 0.02521634 
694 68 22 25 0.025066938 
534 191 33 36 0.025005715 
866 110 18 20 0.024965517 
512 97 11 14 0.024889562 
315 49 25 33 0.024759797 
193 83 17 22 0.024687 
796 191 27 33 0.024682032 
516 118 13 16 0.024558818 
843 149 41 53 0.024538167 
452 174 22 33 0.024492957 
304 214 38 49 0.024459075 
294 60 13 18 0.024408005 
761 165 27 32 0.024282819 
-1 46 16 27 0.024142165 
813 -3 22 24 0.02401207 
713 10 17 22 0.023908652 
348 32 18 26 0.023886055 
736 59 11 14 0.023855418 
732 186 22 30 0.02375553 
726 130 16 21 0.023754042 
16 26 22 28 0.023697766 
316 53 16 20 0.023688622 
774 4 11 13 0.023672119 
942 109 11 15 0.023544552 
351 134 21 25 0.023543436 
498 200 31 41 0.023543159 
557 141 16 22 0.023512978 
198 8 15 18 0.023354642 
0 80 10 16 0.023243634 
742 24 14 17 0.023228744 
683 158 24 32 0.023223681 
858 477 44 60 0.023179881 
901 101 10 14 0.0231243 
320 218 19 21 0.022976052 
706 187 30 38 0.022947054 
844 103 15 18 0.022941291 
821 598 49 47 0.022768335 
564 193 29 36 0.02260998 
363 390 35 52 0.022591665 
50 126 24 33 0.022391688 
687 0 19 20 0.022303881 
207 62 15 17 0.02222493 
149 228 14 19 0.022189347 
771 163 32 40 0.02213 
833 127 30 35 0.021956 
81 54 13 16 0.021862824 
502 111 11 13 0.021749312 
94 270 36 40 0.021741027 
437 266 34 40 0.021734683 
1 14 18 19 0.02157197 
772 198 20 25 0.021565298 
778 211 30 35 0.021455634 
534 138 13 16 0.021295529 
640 72 8 11 0.021253452 
245 119 16 22 0.021142758 
453 54 17 24 0.02108805 
433 218 26 40 0.021081464 
326 65 14 18 0.021048574 
466 77 9 11 0.020974109 
724 14 11 13 0.020929663 
724 185 14 19 0.020814512 
749 140 21 34 0.020769633 
748 190 21 29 0.02071162 
831 91 12 16 0.02070843 
382 28 8 11 0.020687692 
524 163 15 20 0.020613167 
394 138 16 22 0.020605545 
694 158 15 20 0.020485677 
95 54 20 26 0.020418642 
843 48 22 26 0.020409519 
486 48 7 9 0.02031736 
353 142 25 30 0.020193044 
352 1 12 12 0.02015221 
712 28 11 14 0.020149574 
187 218 19 23 0.02007306 
478 77 8 11 0.020043025 
762 244 41 53 0.020007396 
373 160 28 36 0.020006321 
