2_Demonstration_Protesters_2_589
21
586 330 35 42 0.14387648 
558 287 25 36 0.06486223 
615 329 40 43 0.06435309 
409 51 25 29 0.05954531 
674 146 403 492 0.05027068 
476 267 28 42 0.04438208 
570 291 16 25 0.034229614 
297 381 27 31 0.031596087 
504 103 8 11 0.030726813 
581 79 12 17 0.030134533 
663 359 47 51 0.029469 
545 83 8 12 0.029122384 
628 332 54 55 0.028773244 
589 313 60 61 0.026561307 
101 41 39 51 0.025368147 
14 503 27 35 0.024770353 
772 271 42 70 0.023400355 
541 285 39 57 0.023355637 
414 63 37 52 0.021362556 
14 481 27 33 0.02098674 
71 126 199 298 0.020684445 
