2_Demonstration_Protesters_2_179
63
515 197 34 39 0.9981493 
643 155 32 43 0.9966537 
154 185 37 50 0.9884871 
3 317 12 15 0.7828223 
54 317 12 15 0.7646966 
966 191 21 25 0.7200817 
978 191 16 20 0.65293854 
846 152 29 42 0.64934796 
101 317 12 17 0.30075172 
80 325 13 16 0.21326847 
865 141 39 42 0.21032044 
63 347 10 13 0.19080286 
3 255 14 19 0.18039332 
79 338 11 14 0.15539156 
854 130 30 37 0.1518875 
80 331 12 16 0.15000929 
47 368 11 14 0.14804482 
799 157 13 17 0.12947887 
93 321 14 19 0.10016582 
96 418 9 12 0.08342786 
671 456 13 14 0.0801487 
40 383 10 14 0.062459156 
688 140 25 37 0.05360799 
3 273 13 16 0.044734348 
84 320 14 17 0.04120316 
802 176 14 18 0.039651275 
749 158 11 14 0.037437905 
423 133 12 14 0.037389394 
869 130 30 35 0.03556482 
43 379 13 16 0.03394672 
91 396 10 14 0.03339524 
79 358 9 12 0.033313364 
700 133 13 15 0.031981155 
791 165 25 31 0.031719048 
6 282 13 17 0.031454153 
10 315 11 16 0.031352438 
716 160 15 17 0.030961536 
244 398 13 17 0.03093695 
13 307 12 16 0.03061399 
853 124 16 23 0.02991578 
923 236 44 51 0.029798208 
696 134 10 13 0.029795567 
70 359 11 13 0.029274646 
766 153 52 68 0.028685015 
701 138 25 31 0.028612949 
93 353 10 14 0.027314194 
106 232 24 32 0.027312899 
47 360 10 13 0.027100718 
21 308 12 17 0.026579041 
40 337 11 16 0.026380496 
70 342 10 13 0.026146779 
57 320 13 16 0.02605234 
13 285 11 14 0.026008513 
629 444 9 12 0.025846446 
42 365 11 14 0.024643257 
9 258 13 17 0.022709712 
10 266 12 16 0.022252465 
744 164 11 15 0.021863064 
38 310 11 14 0.021696672 
550 214 25 29 0.021652292 
963 190 37 44 0.021392504 
826 147 42 55 0.020861715 
87 356 10 13 0.02076822 
