2_Demonstration_Protesters_2_92
166
244 300 30 37 0.99785477 
259 430 57 74 0.9918264 
735 347 64 76 0.98505336 
345 331 22 30 0.9264021 
197 326 25 35 0.9256464 
88 513 72 140 0.9117955 
687 340 34 44 0.8860911 
428 301 15 21 0.8842139 
316 319 24 36 0.85643053 
381 312 23 30 0.81839824 
826 329 35 47 0.80829495 
497 322 27 31 0.7329886 
590 327 13 21 0.67671424 
116 310 19 23 0.67522407 
649 299 25 32 0.54006964 
938 314 24 34 0.5121646 
91 295 11 15 0.46296465 
61 340 42 54 0.45804256 
790 469 48 62 0.3639103 
97 325 18 20 0.3390207 
720 495 28 37 0.33612588 
5 387 49 77 0.30841526 
467 301 18 24 0.2995161 
923 727 47 38 0.25902155 
926 365 22 37 0.2562307 
189 295 16 19 0.25586307 
854 423 48 67 0.2548973 
1 312 33 47 0.25486165 
166 306 13 15 0.2511974 
70 419 56 73 0.23705016 
328 326 23 33 0.21096356 
422 458 10 14 0.14503638 
656 302 33 36 0.12529898 
295 379 40 50 0.12238668 
276 332 33 37 0.118297115 
196 526 53 61 0.10683645 
648 306 15 21 0.09849185 
146 374 24 40 0.09322654 
493 322 17 25 0.09182461 
725 484 33 40 0.09124706 
173 303 11 15 0.09121891 
666 437 50 67 0.09116354 
123 390 24 35 0.087647885 
129 376 36 49 0.08507663 
99 437 37 47 0.08483816 
7 324 49 66 0.08456201 
584 323 14 21 0.08383162 
21 397 56 74 0.082379304 
66 452 90 125 0.08169026 
140 316 13 17 0.08124338 
947 307 36 47 0.080596566 
377 314 39 48 0.07882569 
219 289 13 17 0.077279374 
132 314 12 17 0.074951574 
596 321 23 30 0.07228917 
980 390 33 46 0.07099091 
983 295 32 40 0.06772109 
185 292 13 17 0.06459138 
110 377 40 57 0.06223198 
119 439 31 47 0.061845314 
609 427 18 22 0.05943856 
487 330 12 17 0.059196576 
142 307 13 17 0.057395067 
392 320 18 23 0.056312863 
181 320 15 21 0.055103373 
473 299 23 29 0.050996717 
757 571 53 69 0.050210595 
38 356 51 64 0.050205905 
1001 436 23 35 0.048759397 
971 302 30 38 0.048757065 
585 317 24 32 0.047430493 
939 453 23 33 0.046262365 
289 320 35 38 0.04616113 
158 321 14 20 0.045545258 
980 357 50 69 0.0449404 
163 313 14 20 0.043508917 
118 304 16 18 0.04341987 
198 416 42 65 0.043385465 
375 313 15 21 0.042983565 
89 330 25 35 0.042206213 
496 296 30 37 0.04192536 
148 327 15 19 0.041163508 
148 303 11 14 0.04104887 
34 283 14 16 0.040636428 
15 425 99 104 0.04054484 
953 325 17 25 0.04046121 
832 336 52 61 0.040391564 
182 284 12 15 0.04033935 
48 392 55 76 0.040227722 
277 303 28 37 0.039678037 
363 554 14 18 0.03927717 
-1 338 36 55 0.038526107 
-2 492 62 86 0.03839079 
146 316 13 17 0.038387943 
727 462 43 50 0.038142186 
588 155 14 16 0.03775592 
91 295 20 25 0.037411734 
911 717 40 48 0.036959864 
564 346 10 13 0.036734458 
731 404 55 66 0.03654229 
165 294 9 12 0.034163885 
486 322 14 19 0.034150172 
366 302 10 14 0.03399662 
265 342 44 51 0.03347162 
633 482 16 19 0.0334239 
129 354 22 29 0.032913473 
957 329 27 36 0.03260511 
88 350 29 41 0.032146905 
672 311 20 23 0.032050844 
261 308 26 34 0.03177858 
280 329 21 26 0.03161262 
711 440 50 62 0.031364147 
820 367 26 37 0.031234453 
456 700 20 22 0.03098833 
13 307 30 36 0.030934637 
193 317 24 30 0.030735102 
306 399 18 24 0.030340996 
480 303 37 46 0.030286111 
532 459 13 18 0.030210068 
80 342 26 41 0.030067772 
99 389 44 66 0.029606694 
842 371 56 71 0.029235268 
49 346 38 40 0.028891303 
105 322 16 21 0.028406098 
401 313 17 22 0.028257279 
397 349 31 33 0.027954105 
973 395 26 35 0.026691748 
189 316 15 20 0.02638843 
604 329 26 30 0.026348194 
-1 391 31 53 0.026306082 
28 306 15 20 0.025773332 
31 491 102 125 0.025348363 
173 320 15 21 0.025122311 
266 313 15 21 0.025015207 
149 291 11 13 0.024794588 
99 295 11 13 0.024691569 
373 367 21 28 0.024363834 
740 440 49 57 0.024347607 
508 328 23 24 0.024339305 
544 430 10 13 0.024149638 
257 355 31 38 0.024081675 
908 357 37 52 0.023941813 
156 339 13 17 0.02389607 
33 279 11 13 0.02344926 
497 314 21 27 0.02312584 
989 410 31 46 0.023118006 
1010 442 14 23 0.022751518 
971 330 30 34 0.022709977 
750 544 44 59 0.022689328 
908 351 24 32 0.022406327 
683 540 27 40 0.022367246 
322 306 24 39 0.022195097 
74 371 51 77 0.02178237 
457 536 17 24 0.021639474 
163 321 21 29 0.02144122 
161 293 9 12 0.021427719 
608 540 22 29 0.021354323 
1 409 34 63 0.021313068 
111 318 24 28 0.021026578 
895 352 26 36 0.020990422 
112 351 27 33 0.020429889 
14 531 102 140 0.020185485 
166 408 46 65 0.02017502 
488 572 15 18 0.020140627 
827 370 32 43 0.02007926 
90 351 14 23 0.020030728 
