2_Demonstration_Demonstration_Or_Protest_2_430
114
109 238 52 70 0.9991279 
489 127 59 98 0.99796677 
285 206 51 71 0.996986 
349 181 45 61 0.99487174 
677 117 60 90 0.9934181 
607 129 46 62 0.9934141 
760 147 46 62 0.9704633 
859 222 44 55 0.9142664 
660 108 51 73 0.9076766 
363 504 61 70 0.64065045 
18 362 56 76 0.54529643 
813 125 25 37 0.4900613 
858 171 43 53 0.48805878 
236 220 31 33 0.42912763 
759 112 44 61 0.3001494 
23 261 32 38 0.28194636 
0 140 27 55 0.20037016 
62 217 14 16 0.1553319 
655 105 37 45 0.15473007 
858 161 30 42 0.11445003 
407 188 42 55 0.106291324 
135 370 47 50 0.101558946 
724 76 12 14 0.09390281 
434 471 82 98 0.0934517 
428 219 42 60 0.08346317 
829 467 31 37 0.08326611 
970 525 36 48 0.07856222 
779 123 26 40 0.06304285 
539 42 17 24 0.06280751 
995 353 14 19 0.062324297 
514 98 19 21 0.062303174 
26 337 56 73 0.061698418 
419 469 57 80 0.060833313 
33 315 51 60 0.060743984 
56 306 28 39 0.06029494 
382 481 79 91 0.05908291 
18 268 20 23 0.05734264 
802 124 25 34 0.05672779 
192 417 47 58 0.053682014 
421 409 44 61 0.052954603 
234 428 36 51 0.0496266 
777 127 42 59 0.048537776 
615 115 36 45 0.0418167 
835 550 29 29 0.040894706 
117 215 14 17 0.040218476 
180 187 26 36 0.039905313 
469 109 49 66 0.038465414 
434 -4 102 131 0.036810253 
480 495 64 68 0.03541617 
325 507 73 65 0.03395338 
28 276 19 24 0.032682087 
187 414 31 44 0.032430854 
356 427 44 55 0.032329574 
491 101 51 68 0.032222323 
770 100 45 55 0.03213842 
725 127 72 92 0.031450998 
112 216 30 32 0.030205857 
962 510 31 50 0.029589154 
7 270 28 36 0.02914888 
370 422 29 33 0.028769081 
184 202 41 49 0.028277861 
3 369 95 122 0.028082037 
194 395 54 54 0.027650055 
647 116 37 50 0.027363662 
193 216 17 20 0.027135074 
333 434 13 16 0.02711284 
31 272 33 37 0.027057214 
806 142 16 22 0.026940603 
478 79 28 31 0.026735432 
8 254 32 36 0.02629737 
859 165 19 27 0.026049195 
366 395 12 15 0.025350945 
799 525 42 50 0.025323303 
185 430 34 55 0.025306506 
55 217 25 28 0.025139628 
474 93 28 32 0.024533253 
684 103 34 49 0.024226615 
380 411 28 35 0.023940895 
322 441 16 18 0.023891553 
42 302 31 38 0.023856323 
996 343 12 18 0.023799159 
199 220 40 47 0.023692328 
468 187 35 47 0.023564752 
793 462 28 34 0.023445943 
185 202 23 32 0.02325546 
823 127 28 38 0.02314139 
822 485 31 38 0.023085931 
86 203 45 55 0.022966648 
861 550 26 28 0.02281293 
180 201 14 20 0.022725394 
0 281 20 33 0.022625703 
535 36 12 18 0.022340741 
352 141 10 14 0.022291906 
801 475 26 32 0.02216993 
722 71 11 14 0.022087038 
446 522 69 52 0.022060713 
221 226 13 18 0.022037752 
625 101 47 60 0.02183486 
424 475 33 54 0.021662649 
239 407 35 51 0.021580063 
410 441 47 76 0.021499628 
101 211 47 61 0.021361986 
382 179 49 60 0.021336226 
919 228 30 38 0.021170184 
281 502 53 65 0.021048069 
349 531 55 47 0.020959899 
5 152 44 64 0.020903116 
720 72 20 24 0.020876275 
761 108 28 40 0.020840963 
798 488 22 29 0.020781852 
186 238 40 50 0.02074304 
817 114 28 35 0.020300005 
380 430 17 21 0.020139588 
525 45 41 57 0.020138416 
