2_Demonstration_Demonstration_Or_Protest_2_158
238
988 217 31 38 0.9893763 
516 186 43 54 0.9870581 
184 217 28 41 0.9704179 
473 232 26 34 0.9662538 
855 238 21 25 0.939345 
9 192 25 39 0.8183853 
61 263 15 20 0.7521039 
694 259 10 12 0.74001193 
675 258 12 15 0.6898549 
173 248 32 46 0.5614842 
371 241 16 20 0.5482976 
522 135 16 19 0.47611398 
100 257 16 19 0.45050538 
279 252 13 16 0.41748524 
881 131 17 22 0.36793327 
302 253 10 14 0.36362156 
818 116 26 33 0.3199317 
760 260 39 40 0.28321764 
398 255 12 16 0.26998726 
814 426 187 209 0.26485446 
29 161 20 34 0.23734131 
851 122 17 24 0.21516635 
499 236 15 20 0.20427321 
749 269 43 48 0.18207301 
353 233 8 11 0.15526444 
630 243 14 16 0.15430348 
636 252 8 11 0.14352569 
293 252 12 15 0.13469309 
615 252 11 13 0.121648625 
284 248 14 17 0.11867683 
868 208 40 53 0.11231605 
887 132 21 26 0.103314154 
862 145 11 14 0.1018808 
31 246 11 16 0.10134282 
308 254 9 13 0.10133066 
648 247 9 12 0.09956871 
252 259 12 15 0.09931952 
18 165 25 39 0.093017854 
283 254 16 19 0.08835169 
270 257 11 15 0.08767862 
665 252 11 14 0.08711768 
810 230 23 29 0.08595562 
321 237 9 12 0.08294869 
858 222 38 50 0.08050655 
264 253 10 14 0.07915952 
869 22 9 10 0.077972464 
365 245 17 22 0.077387296 
729 244 15 19 0.07429903 
376 213 9 12 0.07327374 
822 84 14 19 0.07302248 
370 250 21 27 0.07266541 
805 238 21 28 0.06884088 
689 258 10 14 0.066838935 
361 221 7 9 0.06674894 
621 253 9 11 0.06513585 
668 245 16 20 0.06292804 
418 222 8 11 0.062069077 
814 18 10 14 0.061011136 
335 238 8 10 0.060428433 
356 127 12 15 0.059399083 
446 216 14 18 0.05888293 
320 224 8 10 0.0581183 
820 239 14 17 0.05637422 
61 255 12 15 0.05405091 
119 240 12 13 0.053639892 
308 149 9 12 0.053360973 
738 254 82 93 0.05331569 
252 267 12 14 0.052915756 
43 267 10 15 0.052046012 
320 229 9 11 0.051617194 
769 273 35 41 0.051431052 
140 246 13 18 0.05017878 
328 258 10 15 0.04998535 
342 341 36 37 0.049776223 
677 264 12 14 0.04847575 
116 248 21 27 0.04818742 
670 281 13 16 0.047203902 
468 238 20 24 0.046892323 
845 86 12 16 0.0466131 
523 145 14 17 0.046487212 
653 248 8 11 0.045535132 
397 223 8 10 0.04550073 
877 243 13 16 0.04523645 
654 280 15 19 0.04412499 
554 199 18 23 0.043977305 
391 252 13 18 0.043742653 
367 216 8 10 0.043527264 
94 264 14 17 0.043339536 
301 172 8 11 0.043100204 
377 209 9 11 0.042892754 
186 260 17 26 0.042617746 
98 255 13 14 0.042558715 
749 75 12 15 0.04237078 
382 208 8 11 0.04228642 
122 245 13 16 0.04211467 
431 191 9 12 0.041276705 
804 209 37 46 0.03998095 
767 74 13 15 0.039570715 
742 118 15 19 0.03939715 
896 134 17 21 0.03869242 
326 238 9 11 0.038387913 
543 152 10 12 0.0383004 
787 284 13 15 0.038221125 
127 247 25 31 0.037912615 
878 39 9 12 0.03723818 
357 231 9 13 0.0371543 
624 245 10 14 0.037079673 
229 97 216 253 0.036791094 
669 235 15 16 0.03672057 
379 239 10 13 0.035891797 
883 98 15 19 0.03530449 
521 154 16 19 0.035141353 
156 220 25 28 0.034366347 
533 189 34 40 0.034321006 
429 234 15 19 0.034174275 
877 16 9 11 0.03397989 
344 221 7 10 0.033733226 
5 197 39 54 0.03356217 
336 233 8 10 0.033010446 
631 257 12 14 0.0328098 
417 207 7 9 0.032779142 
845 156 22 30 0.03276288 
42 168 13 19 0.032589756 
620 238 20 26 0.032442518 
359 121 9 10 0.031725846 
701 256 9 12 0.03160872 
623 237 13 16 0.031077469 
718 230 10 11 0.030380651 
872 16 9 12 0.030234182 
881 71 9 11 0.030002495 
240 267 11 14 0.029986277 
654 252 9 12 0.029770782 
655 372 27 32 0.029739406 
775 263 23 24 0.028994381 
90 262 10 14 0.028629785 
417 228 10 13 0.028558211 
518 148 13 16 0.02842588 
754 68 14 18 0.02840446 
606 194 12 15 0.027889557 
667 289 17 20 0.027882438 
637 239 11 15 0.027435724 
264 240 10 12 0.027372176 
822 20 10 13 0.027137794 
269 246 12 16 0.02712016 
391 216 9 11 0.027102578 
378 260 17 22 0.027075067 
493 236 27 31 0.026894514 
607 251 16 17 0.0266391 
774 255 48 63 0.026602628 
383 221 8 11 0.026445081 
818 228 17 21 0.026297407 
334 243 9 13 0.026085496 
751 6 10 13 0.02600646 
187 212 18 27 0.025875984 
541 288 397 457 0.025860423 
288 237 11 13 0.025790818 
69 253 9 13 0.025536833 
325 230 9 11 0.02537486 
660 290 15 19 0.025302699 
436 218 16 19 0.0251271 
358 255 13 19 0.02499476 
690 254 19 24 0.024886094 
410 163 9 12 0.024859507 
424 235 10 14 0.02480087 
95 260 26 33 0.024761735 
286 191 8 12 0.024757124 
710 253 9 12 0.024673853 
803 84 13 18 0.024608184 
389 264 15 21 0.024547843 
796 244 25 31 0.024518713 
345 208 8 11 0.024223115 
837 83 13 19 0.02415314 
691 313 12 15 0.024078147 
815 83 14 19 0.02397474 
664 238 11 12 0.023925548 
664 304 13 17 0.023848047 
460 236 18 21 0.023801733 
813 71 12 14 0.023658149 
693 439 14 17 0.023647439 
260 277 11 15 0.023642758 
752 9 24 29 0.023562659 
646 238 9 12 0.023558315 
875 231 25 33 0.02355571 
862 46 9 11 0.023507932 
407 237 10 13 0.023471596 
868 76 11 13 0.023462167 
24 244 21 25 0.0234247 
744 25 10 14 0.023222005 
344 213 9 12 0.023181548 
261 267 12 15 0.023099467 
349 125 20 29 0.023058511 
89 255 8 11 0.023035815 
806 230 13 18 0.022798631 
660 384 15 18 0.0227457 
748 55 13 17 0.022709496 
370 271 17 20 0.02261191 
819 14 12 14 0.022546025 
309 156 9 11 0.022514971 
162 261 34 37 0.022408523 
794 229 22 30 0.022378862 
518 177 29 39 0.02232843 
245 266 12 14 0.022325847 
567 110 10 13 0.022257114 
124 262 17 24 0.02208094 
820 3 11 13 0.02197846 
621 231 11 14 0.02182535 
395 132 12 15 0.021816993 
336 222 7 9 0.021662602 
808 20 11 14 0.021661153 
675 230 13 17 0.021568522 
728 222 9 11 0.021565123 
727 239 13 16 0.021510782 
700 246 12 13 0.02142852 
512 148 11 16 0.021364272 
845 80 12 14 0.021346962 
614 245 20 25 0.021309707 
837 52 11 14 0.02104323 
342 236 9 12 0.02096265 
18 186 17 28 0.020957563 
343 232 8 10 0.020881973 
877 260 14 17 0.02083547 
382 229 9 12 0.020804452 
196 410 57 68 0.02079743 
431 224 21 26 0.020604225 
359 243 13 18 0.020530473 
740 6 11 13 0.020518577 
783 531 12 15 0.020395413 
1000 499 25 41 0.020378122 
174 227 15 18 0.02036143 
742 274 32 34 0.020323198 
288 230 9 12 0.020319197 
269 264 13 17 0.020266684 
36 260 14 18 0.020227222 
391 237 10 12 0.020213094 
312 229 8 11 0.020177202 
55 207 8 10 0.020081464 
163 225 51 55 0.020056315 
327 265 11 16 0.020009007 
