2_Demonstration_Demonstration_Or_Protest_2_471
45
173 169 89 122 0.99963236 
586 284 61 78 0.9991731 
750 222 71 90 0.9977024 
652 333 41 50 0.82658756 
398 219 43 52 0.75389624 
86 153 58 95 0.6823169 
220 414 33 42 0.67052984 
431 455 29 38 0.6210474 
438 271 38 51 0.6103495 
817 447 26 32 0.37873158 
618 450 23 32 0.3584369 
573 354 34 40 0.35510087 
449 510 27 37 0.29886246 
414 515 30 37 0.26766494 
591 495 23 29 0.18312241 
347 173 26 31 0.15815026 
648 354 39 45 0.079855576 
500 188 23 32 0.073152244 
472 411 23 32 0.072527446 
515 152 16 22 0.06947525 
707 171 24 32 0.0626537 
481 274 39 49 0.055860072 
514 152 27 38 0.048813082 
578 322 53 62 0.04704285 
14 632 15 20 0.04411246 
111 14 61 67 0.04363398 
861 146 46 37 0.04067806 
1007 643 10 15 0.040573712 
457 237 12 14 0.038937002 
135 153 96 123 0.035546325 
1010 656 13 20 0.032959733 
202 479 29 41 0.032222543 
453 504 15 19 0.031303912 
374 521 24 32 0.03068086 
490 195 24 33 0.029392818 
474 244 14 15 0.02876773 
501 173 26 36 0.026707398 
237 309 39 46 0.02646985 
494 156 44 69 0.025394574 
476 133 73 111 0.024289565 
504 317 42 57 0.022453072 
486 531 14 19 0.022221444 
337 166 41 50 0.021883076 
16 623 12 15 0.021711748 
466 238 23 26 0.021169513 
