2_Demonstration_Demonstrators_2_517
168
802 109 35 43 0.99892235 
463 359 66 78 0.99890435 
704 129 51 62 0.9986964 
884 98 34 37 0.9979298 
137 289 79 93 0.99750865 
778 293 77 96 0.9973099 
656 147 28 41 0.9963607 
168 126 43 53 0.9954645 
504 111 40 49 0.9945456 
109 92 30 35 0.99420434 
988 86 24 27 0.993765 
788 89 26 30 0.9781925 
258 122 42 60 0.9774279 
426 74 17 22 0.9648659 
919 104 24 28 0.8842656 
216 105 25 31 0.82277524 
612 67 17 20 0.74646366 
698 77 13 17 0.6578282 
485 97 15 20 0.6098846 
471 113 27 35 0.5625079 
767 65 15 18 0.5055239 
625 0 28 30 0.49841827 
636 59 12 16 0.3863502 
240 86 17 21 0.35088745 
588 118 22 29 0.332863 
897 306 32 41 0.31536812 
618 359 36 40 0.24176034 
569 90 16 21 0.19222452 
529 69 8 10 0.17166203 
551 66 9 12 0.16645773 
859 86 13 19 0.16511925 
546 123 16 21 0.15956701 
671 46 9 12 0.14574775 
559 70 9 11 0.12553732 
515 84 12 15 0.11452483 
147 97 12 16 0.11332363 
220 101 15 18 0.110147335 
1012 90 13 21 0.10005945 
477 106 18 20 0.08540966 
283 108 15 20 0.082596846 
700 72 11 14 0.07670455 
687 146 14 19 0.076424524 
181 77 9 12 0.07582055 
221 98 10 12 0.07457704 
533 69 8 10 0.072065614 
680 54 9 11 0.07160595 
545 68 9 11 0.06549525 
445 63 8 11 0.06377649 
630 52 16 21 0.06245391 
719 78 8 11 0.059325397 
711 61 8 10 0.05852972 
456 35 11 15 0.056775868 
720 57 8 10 0.056055415 
509 69 8 11 0.055739988 
655 62 10 13 0.054303907 
719 85 10 12 0.054138303 
262 117 29 34 0.053695485 
541 77 11 13 0.052893437 
710 79 10 12 0.051548846 
781 91 17 21 0.051381323 
303 43 14 18 0.050634056 
513 79 10 13 0.05058415 
537 48 9 11 0.05047419 
719 92 15 17 0.049625725 
619 62 16 22 0.049553256 
196 67 11 13 0.048876487 
628 64 13 17 0.04794415 
455 44 10 13 0.047718275 
744 77 10 15 0.04759048 
557 64 9 12 0.04749052 
729 46 9 12 0.04714929 
462 54 9 10 0.047037262 
875 92 13 19 0.04612099 
181 84 10 15 0.045842327 
921 119 24 32 0.045222055 
568 95 24 34 0.0450319 
482 108 26 37 0.044006072 
400 4 11 13 0.04345411 
495 30 10 13 0.042614847 
679 139 28 36 0.042361792 
550 29 8 11 0.041984867 
690 35 9 12 0.04143025 
578 106 27 36 0.04129316 
644 61 10 14 0.040214755 
175 75 11 15 0.039603245 
602 54 41 50 0.038948048 
273 107 26 33 0.038521085 
245 80 13 16 0.038407303 
537 78 9 11 0.03802667 
560 75 9 12 0.03772707 
677 48 10 12 0.03661837 
606 61 16 21 0.036371533 
519 62 8 11 0.036233757 
889 85 28 34 0.03473888 
444 68 12 14 0.033512767 
175 82 12 17 0.033494044 
748 84 13 17 0.033140983 
720 72 8 11 0.033105694 
894 30 10 13 0.03259798 
11 493 59 72 0.032443233 
141 92 21 26 0.0321476 
421 368 29 39 0.031972993 
866 89 19 27 0.030933507 
487 45 8 10 0.03079029 
662 61 9 12 0.030432727 
565 71 9 11 0.03040646 
670 60 9 13 0.030320875 
926 133 16 21 0.030185048 
496 15 9 11 0.029866293 
634 12 16 19 0.029704995 
735 56 8 10 0.029654192 
724 78 9 12 0.02900517 
676 109 18 22 0.028901674 
271 102 42 61 0.028886367 
646 53 10 14 0.028884461 
688 84 10 14 0.028783502 
455 75 11 14 0.028531335 
639 6 17 21 0.028501203 
646 65 11 15 0.028333608 
226 100 25 31 0.028269473 
641 0 14 13 0.028209273 
445 83 12 15 0.028206086 
366 0 9 10 0.02819879 
81 58 29 34 0.027773641 
526 75 10 12 0.027362678 
486 36 11 14 0.027290655 
468 108 15 17 0.027216343 
251 88 13 19 0.026928538 
653 54 10 14 0.02678914 
719 61 8 9 0.026273942 
749 89 15 20 0.025966616 
456 51 9 11 0.025937643 
598 68 11 15 0.025792973 
469 115 18 23 0.025665157 
182 72 9 13 0.025586832 
518 39 7 10 0.025017342 
690 5 9 11 0.024940696 
449 44 11 14 0.024930034 
456 92 10 14 0.024745181 
873 89 23 32 0.024579505 
695 85 14 18 0.024541743 
736 61 10 12 0.024415502 
519 56 8 10 0.024380285 
559 92 11 14 0.024111504 
967 114 25 31 0.0240533 
551 86 10 13 0.023919003 
412 21 12 16 0.023914149 
648 329 15 18 0.023906825 
539 51 10 13 0.023457425 
449 5 9 12 0.023296181 
493 96 23 29 0.02314727 
512 90 13 17 0.022958752 
723 86 11 13 0.022651391 
677 113 28 36 0.02250732 
-3 464 55 86 0.022453368 
460 45 10 13 0.022371763 
904 34 11 13 0.02230989 
926 47 10 12 0.022296796 
85 62 17 20 0.022205409 
211 313 27 43 0.021510018 
261 89 13 18 0.02147295 
737 76 11 16 0.02137133 
741 339 35 51 0.021164147 
257 41 15 18 0.020605024 
584 58 46 55 0.020580212 
468 91 12 13 0.020420853 
462 87 10 12 0.020185152 
476 5 10 11 0.020114498 
