2_Demonstration_Demonstrators_2_329
97
252 96 61 77 0.9996307 
203 46 49 65 0.99905986 
376 97 25 32 0.9981483 
931 182 33 38 0.99811614 
709 164 25 35 0.9971066 
859 165 40 49 0.9950198 
113 31 38 50 0.9849052 
792 189 21 28 0.9688845 
131 89 50 55 0.9530287 
664 150 24 32 0.9241188 
961 192 22 30 0.92080295 
729 168 23 29 0.919793 
980 221 25 31 0.91208726 
683 228 28 38 0.8718336 
28 1 47 52 0.8592063 
605 174 11 14 0.8266163 
620 156 10 12 0.6460774 
808 211 21 30 0.33394635 
769 210 24 35 0.229562 
646 161 14 21 0.19750218 
905 168 23 34 0.18441129 
1005 220 16 22 0.16082302 
591 158 11 14 0.15144458 
789 255 16 22 0.114459984 
600 198 8 11 0.11248836 
551 210 13 16 0.11218927 
909 165 15 18 0.10386329 
715 157 35 46 0.09583777 
955 208 26 34 0.094714336 
598 165 10 12 0.088789806 
755 211 29 36 0.07542863 
802 192 22 28 0.07530059 
654 152 21 29 0.07164519 
585 144 7 10 0.070789896 
777 204 34 48 0.05981743 
950 184 27 34 0.051674526 
991 221 21 25 0.051480852 
987 213 15 18 0.049739044 
640 161 14 18 0.047963995 
741 214 29 35 0.047934208 
586 158 9 12 0.04679346 
6 222 24 39 0.045123253 
779 209 15 23 0.044408377 
978 202 15 19 0.04335745 
380 125 25 32 0.0425651 
58 501 16 20 0.04175863 
793 316 38 56 0.041501194 
957 204 18 24 0.041227806 
972 214 25 34 0.040763743 
666 163 16 24 0.04015251 
585 148 8 11 0.039382253 
794 203 38 49 0.03883064 
967 189 17 20 0.03809519 
71 51 31 36 0.036897305 
948 294 13 17 0.036735553 
882 406 55 73 0.036683854 
605 150 9 12 0.034821525 
585 164 9 12 0.034564093 
813 202 16 21 0.03392932 
646 177 12 16 0.033908155 
602 144 8 10 0.033219557 
602 179 10 14 0.033215355 
623 181 10 12 0.033099543 
372 93 41 52 0.032305654 
606 156 11 13 0.032044176 
49 10 39 43 0.031260297 
615 151 19 22 0.03125035 
600 189 10 13 0.030537467 
760 185 25 29 0.028679954 
738 220 18 25 0.027840288 
599 149 10 12 0.026905812 
631 157 10 13 0.026687743 
786 198 23 33 0.026470399 
592 182 8 11 0.026183482 
575 150 8 11 0.026178643 
10 0 43 39 0.026150525 
467 65 15 18 0.025659531 
562 206 14 19 0.025130337 
604 197 9 13 0.02446636 
-5 213 47 68 0.024460224 
994 212 16 20 0.024450056 
416 110 57 71 0.024421804 
373 145 13 19 0.024256272 
568 182 9 12 0.023173846 
565 166 9 11 0.02308007 
721 217 25 34 0.022653174 
115 59 48 57 0.022367809 
684 177 25 31 0.022248853 
91 2 20 20 0.022181436 
980 209 17 21 0.021965785 
376 135 27 39 0.021731546 
590 152 9 11 0.021474501 
704 178 29 37 0.021122916 
759 216 40 46 0.02110552 
-1 1 36 44 0.02088549 
1002 281 24 46 0.020163268 
963 183 16 20 0.02000727 
