2_Demonstration_Protesters_2_796
54
404 236 154 194 0.996743 
676 77 47 56 0.98291427 
608 134 34 40 0.98166156 
489 126 34 47 0.951228 
601 58 25 31 0.95065886 
524 99 23 27 0.8813632 
353 71 35 43 0.85575294 
353 126 28 32 0.8515722 
568 97 21 25 0.6289815 
581 140 22 31 0.35743654 
483 74 18 22 0.21112032 
340 75 31 40 0.1584391 
555 78 17 24 0.14738686 
388 19 26 33 0.14234221 
532 81 16 18 0.1412829 
476 185 36 49 0.12735358 
281 68 26 33 0.09983481 
312 161 24 30 0.08786363 
263 160 24 27 0.054516684 
525 83 23 29 0.05195314 
357 183 22 27 0.047905795 
572 83 15 20 0.045944076 
427 77 16 18 0.044486735 
82 386 30 38 0.04401175 
393 17 38 51 0.041625034 
802 362 16 22 0.041157614 
412 43 25 31 0.04069861 
394 5 30 30 0.039602205 
575 91 18 23 0.038850944 
253 111 24 32 0.03830697 
330 131 15 21 0.03390128 
-81 31 369 526 0.032471694 
604 53 17 23 0.030627545 
268 42 25 30 0.030214455 
225 275 33 36 0.027921962 
456 85 27 32 0.027173607 
566 104 29 37 0.02600893 
424 122 47 56 0.025902947 
506 77 20 28 0.02546701 
366 84 21 25 0.024807423 
617 156 387 457 0.0245697 
408 0 23 23 0.023936471 
492 70 21 30 0.023922041 
418 167 16 22 0.023077264 
564 89 19 26 0.022425406 
562 77 17 22 0.022376586 
118 383 28 37 0.021835914 
343 163 38 46 0.021106243 
1 139 15 21 0.020991825 
433 73 17 21 0.020970928 
516 87 24 32 0.020856407 
-4 0 176 236 0.02049161 
281 125 27 35 0.020384029 
535 98 17 22 0.020017534 
