2_Demonstration_Demonstration_Or_Protest_2_615
68
759 256 28 33 0.999348 
2 266 34 42 0.99910444 
37 248 33 43 0.99863106 
429 249 32 38 0.9980812 
287 220 34 41 0.99799025 
895 243 32 36 0.99760026 
118 250 34 43 0.99731785 
826 251 29 33 0.9966673 
942 243 32 37 0.99585044 
506 268 24 34 0.9952192 
559 243 25 31 0.99520457 
610 259 24 30 0.98221797 
675 255 20 27 0.9145883 
181 250 29 31 0.8765904 
718 269 20 25 0.48735085 
652 271 23 26 0.3762268 
532 249 22 26 0.18816797 
375 207 43 57 0.16494414 
548 245 23 30 0.13063055 
358 273 23 30 0.11977152 
336 214 31 40 0.113983676 
661 264 22 28 0.098029606 
710 266 20 31 0.09332926 
535 282 25 27 0.08912888 
525 233 24 28 0.083145276 
590 292 16 19 0.07714095 
323 217 28 37 0.055177122 
538 243 15 19 0.05350528 
357 192 39 44 0.039460875 
308 219 29 37 0.038835276 
728 269 18 22 0.038170878 
618 253 16 20 0.038003523 
191 255 27 32 0.037936457 
614 267 25 32 0.03774156 
794 226 29 37 0.037189253 
1011 243 12 17 0.03698005 
624 261 18 25 0.036033366 
165 265 12 17 0.035797503 
405 226 46 57 0.035702117 
700 270 18 26 0.03546997 
629 265 24 31 0.035130706 
494 244 23 26 0.033175968 
758 203 14 17 0.03278433 
653 261 18 22 0.03176509 
674 266 18 24 0.027979288 
796 208 45 57 0.027193392 
339 223 18 22 0.026914865 
807 230 40 50 0.026388817 
636 246 15 18 0.02599448 
420 213 16 17 0.025701728 
809 253 27 34 0.025462965 
393 229 18 25 0.025141826 
579 248 15 21 0.025080098 
166 246 23 33 0.024624597 
523 227 16 19 0.023861403 
808 284 13 16 0.02374355 
628 251 13 18 0.023460178 
684 258 21 30 0.02283317 
3 223 21 29 0.02276455 
359 256 36 53 0.022712138 
162 258 23 29 0.02260821 
335 193 53 65 0.022482716 
378 262 30 38 0.020710923 
674 279 16 20 0.020585002 
505 239 21 27 0.020519746 
669 259 18 25 0.020383764 
552 467 27 32 0.02035285 
511 234 13 19 0.020198137 
