2_Demonstration_Demonstration_Or_Protest_2_1
252
225 1 32 41 0.9993538 
481 31 35 43 0.99930453 
346 8 38 44 0.99493545 
517 472 37 43 0.9932335 
301 265 34 40 0.99008614 
566 234 36 46 0.98953664 
896 113 40 46 0.98840386 
481 283 40 52 0.9880256 
608 248 42 56 0.9879808 
408 246 38 50 0.9858344 
205 245 43 50 0.98522955 
309 516 40 59 0.9835126 
845 88 34 45 0.976833 
355 258 40 50 0.9765189 
210 129 39 47 0.9701064 
321 474 42 53 0.9684549 
814 529 36 45 0.96790487 
958 276 42 54 0.9423553 
109 301 42 43 0.9376366 
530 266 33 46 0.93741393 
172 165 36 47 0.9224726 
480 247 38 41 0.92053014 
116 487 36 58 0.9028707 
314 405 22 28 0.89963925 
962 169 38 43 0.8987597 
226 549 16 21 0.8885657 
925 268 37 50 0.8357578 
610 521 43 60 0.82293355 
544 155 14 17 0.8076173 
889 251 40 46 0.7992709 
802 231 45 68 0.7463886 
246 272 23 31 0.72368425 
1005 116 19 38 0.6258021 
779 406 28 34 0.5281342 
147 238 31 44 0.5063298 
158 493 27 38 0.48483118 
301 2 25 26 0.46626478 
707 247 24 29 0.36139184 
517 577 37 51 0.31767878 
627 586 33 41 0.31745738 
743 576 38 57 0.30608478 
785 264 30 43 0.29544485 
371 546 28 46 0.2935052 
199 608 34 53 0.28972602 
757 290 16 21 0.268385 
214 462 12 16 0.2584825 
909 262 39 50 0.25002888 
612 546 49 58 0.23221388 
812 247 51 67 0.22862306 
490 551 33 37 0.21172944 
36 62 11 17 0.19489835 
989 159 28 43 0.19120097 
734 553 41 58 0.15402357 
57 564 60 68 0.1474781 
123 136 38 58 0.14332414 
35 276 42 74 0.14248654 
793 253 45 62 0.1417832 
346 239 25 29 0.14097768 
667 124 16 22 0.14045645 
207 504 18 18 0.12457758 
842 575 109 111 0.11778443 
717 182 8 10 0.11386964 
412 540 37 51 0.107754104 
292 459 17 26 0.10450699 
302 178 25 34 0.10084887 
632 530 42 56 0.10068176 
129 477 28 45 0.10028852 
58 248 14 20 0.0957569 
728 191 9 10 0.094684325 
656 536 32 46 0.090702444 
209 464 19 26 0.090544514 
995 552 26 33 0.08813875 
713 255 26 33 0.08393888 
553 246 40 53 0.082068644 
970 601 17 21 0.0817842 
856 558 56 64 0.08150856 
488 233 37 44 0.07894026 
60 19 36 53 0.07691342 
395 544 36 50 0.07410952 
387 23 16 18 0.07290188 
657 194 19 30 0.06899951 
116 275 48 57 0.06719301 
156 312 13 17 0.06579936 
710 16 25 33 0.06573194 
873 566 27 33 0.06543611 
711 196 9 11 0.06353906 
754 563 28 42 0.061949544 
80 579 55 69 0.060308665 
479 259 45 54 0.060268242 
795 280 25 39 0.057879962 
619 609 40 47 0.057013366 
574 634 32 44 0.056896467 
234 536 21 28 0.055653453 
727 211 13 16 0.05478941 
246 525 13 18 0.052931532 
184 155 43 52 0.052529182 
64 276 44 67 0.049030367 
146 91 34 49 0.04902537 
153 222 32 41 0.048627507 
142 479 34 43 0.04813773 
1004 629 20 37 0.04804893 
10 242 76 118 0.047479976 
343 530 30 48 0.04728639 
29 59 21 32 0.04692154 
307 305 15 19 0.046647627 
758 277 14 20 0.04662176 
147 499 42 49 0.046242002 
593 531 46 60 0.04596118 
667 197 14 23 0.045315538 
171 499 22 31 0.04524299 
712 534 45 63 0.04490372 
977 158 25 36 0.043570865 
670 528 38 61 0.042893514 
350 239 14 18 0.042271044 
122 226 47 58 0.04203828 
54 246 23 35 0.042031493 
761 285 13 17 0.040734258 
800 233 29 42 0.040411994 
989 618 33 59 0.03941638 
719 196 9 11 0.038562667 
982 548 40 57 0.0377802 
397 409 15 19 0.037338316 
229 334 18 21 0.036870778 
932 148 24 28 0.036767863 
359 77 15 17 0.036571514 
361 361 14 17 0.036535725 
102 286 35 49 0.03651509 
134 463 28 40 0.036259156 
729 595 52 63 0.03610004 
485 172 15 19 0.03565068 
242 544 17 23 0.035646558 
844 534 52 63 0.0344677 
729 184 8 11 0.03444887 
981 20 25 35 0.0342625 
52 266 29 44 0.033988256 
383 611 37 41 0.033961315 
501 560 41 55 0.03374022 
156 79 11 15 0.033654235 
265 326 19 22 0.03363144 
727 196 9 11 0.033445943 
699 517 45 69 0.033103343 
247 514 22 34 0.032856103 
242 527 21 28 0.032855082 
460 385 28 37 0.032751247 
299 419 12 15 0.032673497 
208 441 13 18 0.03247739 
252 390 17 22 0.032288168 
226 260 32 37 0.031797964 
758 585 41 53 0.031746652 
212 545 36 46 0.03168624 
104 638 40 51 0.031593256 
354 528 35 56 0.03152948 
173 292 15 18 0.03136386 
719 190 8 12 0.03127247 
589 246 31 45 0.031082282 
59 20 12 17 0.031053096 
165 520 23 32 0.030801903 
661 181 11 15 0.030753056 
295 445 23 34 0.030602042 
757 404 44 55 0.03038217 
558 159 40 50 0.030322379 
293 -2 40 40 0.03011917 
739 266 14 18 0.029992992 
501 250 32 39 0.029673984 
400 559 45 56 0.029604454 
967 584 26 41 0.029160064 
790 195 10 13 0.029044677 
800 295 17 23 0.028743558 
36 55 22 29 0.028679196 
593 154 25 28 0.028630715 
988 289 26 35 0.028393427 
254 507 26 44 0.028170241 
175 516 22 35 0.02804348 
533 257 15 20 0.027829885 
916 95 16 19 0.027817318 
1003 166 18 26 0.027815023 
738 29 13 16 0.027689544 
132 251 37 46 0.02749173 
138 479 18 26 0.027414076 
532 479 36 43 0.027200999 
485 201 31 37 0.0271281 
768 273 25 34 0.026774617 
988 157 14 21 0.02664347 
742 263 24 32 0.02643417 
945 269 41 51 0.02642613 
473 447 30 41 0.026351131 
716 13 16 21 0.026271014 
979 29 15 21 0.026046408 
719 210 13 17 0.025672 
720 50 10 12 0.025460865 
732 33 14 17 0.02545534 
232 547 18 22 0.025242789 
1006 285 13 19 0.025211891 
860 96 30 39 0.025136515 
765 562 26 33 0.025114516 
720 250 17 21 0.025055451 
476 530 43 54 0.02493651 
1009 561 13 18 0.024770403 
528 461 32 42 0.024706336 
826 520 29 41 0.024609597 
708 259 19 26 0.024600944 
640 553 36 45 0.02446156 
346 247 31 40 0.024410367 
72 541 53 62 0.024382886 
405 378 12 14 0.02434611 
375 263 29 40 0.024291543 
659 187 14 19 0.024130523 
237 391 16 18 0.024066346 
209 434 15 19 0.024015144 
675 195 11 16 0.023995584 
189 617 28 44 0.023951845 
760 281 24 33 0.02389275 
1008 626 14 21 0.023814559 
48 186 28 43 0.023565717 
1005 109 16 21 0.02346489 
642 584 18 25 0.023407372 
739 407 30 44 0.02340649 
993 133 28 42 0.023301855 
974 590 45 61 0.023262491 
700 232 26 31 0.023255477 
56 167 28 46 0.023088574 
388 10 26 30 0.022926465 
380 554 36 40 0.022809112 
319 272 19 24 0.022738341 
190 539 40 49 0.022733398 
631 182 40 53 0.022537945 
95 505 38 40 0.022346247 
423 527 38 53 0.022202238 
242 383 22 27 0.022194687 
321 234 27 35 0.022120917 
151 355 28 35 0.022086874 
420 634 54 49 0.022016726 
81 194 14 16 0.021872513 
826 273 56 71 0.021532245 
581 575 39 54 0.021501783 
176 476 12 16 0.021462804 
608 512 31 47 0.021366058 
138 148 33 44 0.021343525 
688 537 47 65 0.021296628 
146 300 25 33 0.02122884 
72 409 40 48 0.021103209 
644 272 24 32 0.021054046 
784 78 10 12 0.021015247 
301 441 16 22 0.020984823 
679 31 10 11 0.02090559 
392 592 46 57 0.020897018 
252 381 14 18 0.020752534 
26 232 54 80 0.020739887 
517 498 44 54 0.02068093 
751 47 10 10 0.02067415 
732 259 24 31 0.020362884 
160 246 19 26 0.02012877 
