2_Demonstration_Demonstration_Or_Protest_2_140
926
952 637 28 34 0.9980246 
331 519 15 19 0.9959559 
764 624 15 20 0.99539244 
843 628 24 33 0.9910409 
493 476 13 17 0.99030465 
202 539 16 21 0.98979175 
806 569 14 20 0.98487246 
742 548 15 19 0.98326683 
382 476 12 15 0.982576 
413 561 17 21 0.97857636 
956 590 15 21 0.9764237 
785 561 15 19 0.9764058 
769 541 16 20 0.97396505 
138 585 18 22 0.9737129 
802 644 17 21 0.97353697 
531 490 15 20 0.97040445 
756 577 15 19 0.96646154 
637 383 13 16 0.96610904 
332 606 20 23 0.9646073 
616 526 18 22 0.9644335 
637 487 14 18 0.9593163 
430 619 18 21 0.9577893 
451 486 13 15 0.956899 
763 597 13 16 0.9561972 
302 606 15 21 0.95290637 
558 501 14 19 0.9522701 
157 544 14 18 0.9496762 
548 475 14 17 0.9454369 
180 616 17 19 0.9406143 
455 397 11 14 0.94053805 
521 574 18 23 0.9397731 
245 607 15 20 0.9294502 
375 630 19 24 0.92719615 
834 543 13 16 0.9257527 
702 462 13 17 0.924871 
779 522 13 16 0.91774845 
860 601 15 17 0.91441876 
547 526 15 19 0.90566176 
559 355 10 12 0.89509547 
511 501 14 19 0.8911134 
564 468 14 16 0.88129747 
512 386 11 15 0.87376153 
624 623 20 26 0.8719578 
365 604 17 20 0.86822647 
413 478 15 18 0.8642469 
915 602 16 19 0.8615777 
713 572 12 17 0.86095107 
630 470 13 16 0.85511655 
299 517 16 19 0.8534824 
523 527 13 17 0.85263747 
601 380 11 15 0.8491303 
685 504 15 17 0.8468269 
591 458 14 17 0.84427685 
740 395 11 14 0.83655 
545 397 10 13 0.8292333 
682 477 13 16 0.8141056 
725 476 12 15 0.8009649 
572 537 15 19 0.78791475 
304 557 16 20 0.7854618 
711 389 9 12 0.780943 
375 509 14 20 0.75505346 
280 526 13 17 0.75441104 
379 573 13 17 0.74809414 
183 651 21 20 0.7439355 
686 415 12 16 0.7249273 
412 652 19 21 0.7194404 
623 378 10 13 0.7162587 
231 463 16 20 0.71332955 
644 461 13 16 0.7024111 
823 272 9 12 0.6969079 
903 641 28 28 0.69653517 
575 328 13 17 0.69617164 
721 627 17 21 0.6771762 
611 434 12 15 0.67711186 
527 621 21 27 0.65446377 
854 265 8 10 0.63038343 
249 563 15 21 0.62616754 
721 311 10 13 0.61348915 
453 643 15 20 0.598831 
694 357 11 14 0.5708019 
388 615 15 19 0.56229115 
552 419 10 12 0.56193143 
557 387 11 14 0.5554045 
671 318 11 15 0.54315287 
743 240 8 10 0.53147715 
721 255 8 11 0.53104365 
670 540 15 21 0.5305983 
692 269 10 13 0.5078335 
609 653 20 20 0.5059782 
232 485 13 17 0.50418466 
759 256 9 12 0.5016374 
698 591 15 19 0.47071123 
668 248 9 12 0.4682676 
221 621 15 19 0.45944846 
460 556 14 18 0.43309978 
362 548 15 18 0.41051674 
803 301 10 14 0.4104425 
160 592 15 19 0.40801907 
656 333 10 12 0.39717746 
459 533 13 16 0.39650238 
923 639 23 27 0.3801081 
702 216 6 9 0.37969685 
784 263 10 12 0.36456308 
661 638 22 24 0.36176524 
857 288 10 13 0.3603721 
652 556 14 19 0.35235086 
654 270 8 12 0.34402296 
673 367 12 15 0.3412359 
485 634 16 18 0.33918336 
838 97 11 12 0.3370499 
653 598 16 21 0.33236185 
751 287 9 11 0.32884315 
769 235 8 11 0.32693565 
490 629 17 20 0.31181043 
860 324 12 13 0.31033614 
910 581 16 20 0.3058046 
872 237 7 10 0.30477437 
798 238 8 10 0.28641236 
490 531 17 21 0.27940848 
686 196 8 11 0.27940547 
794 237 7 10 0.27374217 
695 651 15 18 0.26668707 
304 581 12 16 0.26606053 
751 293 8 10 0.25226897 
648 530 14 17 0.23360848 
562 245 11 13 0.22696172 
876 578 13 16 0.22365022 
468 389 13 16 0.22119729 
571 445 12 15 0.21685793 
736 271 8 9 0.21297888 
522 275 11 13 0.21001337 
629 281 11 15 0.20919192 
676 299 10 13 0.20912348 
999 220 8 10 0.20875555 
630 463 12 15 0.2063482 
744 175 8 10 0.2059991 
671 390 10 14 0.20458478 
693 448 10 12 0.20362213 
655 204 10 12 0.20344307 
692 543 16 18 0.2009939 
697 239 8 10 0.19287851 
781 214 9 11 0.18919772 
687 287 9 13 0.18494456 
896 279 10 12 0.18317051 
358 553 16 20 0.18243007 
888 229 7 9 0.1788629 
571 436 11 13 0.17664698 
604 311 10 12 0.17509538 
746 651 18 21 0.17103857 
540 255 10 12 0.17051013 
788 318 10 12 0.1644228 
469 583 11 15 0.16356935 
879 284 8 10 0.16328578 
432 589 13 17 0.16274995 
774 188 8 11 0.16197275 
527 374 10 13 0.16115023 
673 295 11 13 0.15934268 
804 296 10 12 0.15749209 
447 604 14 19 0.15401581 
678 389 12 15 0.15247662 
550 391 12 15 0.15233248 
854 215 8 11 0.15219584 
758 207 7 9 0.15140344 
800 262 9 12 0.14958853 
985 263 7 10 0.14731249 
571 430 12 13 0.14566799 
494 430 9 12 0.14348769 
871 189 10 12 0.1428147 
534 259 10 13 0.14097393 
792 233 8 10 0.13768773 
419 503 16 20 0.13760874 
822 174 7 9 0.13638173 
799 214 7 9 0.12997074 
783 255 9 11 0.12834305 
140 611 12 16 0.12606491 
832 223 8 9 0.12603576 
582 313 10 15 0.12556344 
686 254 8 11 0.12503926 
592 346 10 12 0.12158974 
969 264 7 9 0.1204488 
842 238 8 11 0.1191474 
937 224 8 10 0.118751526 
597 548 16 18 0.117978856 
675 446 13 15 0.117103554 
934 279 8 10 0.116595075 
842 142 9 11 0.11426473 
834 185 7 9 0.113552265 
742 601 14 17 0.112170175 
764 256 9 11 0.111968815 
74 344 10 13 0.111106165 
912 178 9 12 0.11098492 
721 248 8 11 0.11003603 
700 237 9 11 0.109258026 
761 174 7 9 0.107179254 
145 648 23 26 0.105976366 
767 174 8 9 0.1051867 
689 452 11 13 0.10327709 
816 199 7 9 0.103274226 
768 168 8 10 0.10223832 
665 453 10 14 0.10171567 
743 212 8 10 0.10057024 
828 277 10 12 0.09991823 
615 280 11 13 0.099177666 
281 414 19 20 0.09831613 
166 513 13 16 0.0972302 
688 274 11 14 0.09719625 
725 253 8 11 0.09655561 
749 300 8 10 0.09561716 
976 248 6 8 0.095340535 
941 225 8 10 0.095172144 
685 349 11 13 0.094132304 
284 594 16 21 0.09349647 
595 565 17 19 0.09262365 
792 190 8 10 0.09259844 
681 383 10 12 0.09167202 
767 216 7 9 0.091376066 
569 287 9 12 0.091104105 
809 625 15 18 0.090416 
701 483 13 16 0.09018005 
998 642 12 17 0.09016272 
686 522 16 18 0.089348935 
750 175 8 10 0.08909622 
770 149 8 11 0.088466816 
754 207 8 9 0.08675949 
962 232 7 10 0.08661604 
833 247 8 10 0.08563904 
669 450 12 15 0.08535937 
838 613 12 16 0.084853396 
807 611 11 14 0.084755965 
477 524 12 16 0.08453887 
777 214 9 11 0.08302787 
718 240 7 9 0.08277878 
413 537 15 20 0.08254584 
702 232 8 10 0.08232171 
927 311 10 12 0.082168356 
264 428 12 14 0.08128879 
606 406 12 14 0.081003025 
738 238 8 10 0.08077628 
739 206 8 11 0.08038609 
765 655 13 15 0.08002389 
730 232 7 9 0.07871888 
805 278 9 11 0.078243874 
634 476 14 17 0.07765707 
725 249 9 10 0.07759829 
791 197 8 10 0.07635201 
809 159 8 10 0.075816296 
403 535 20 24 0.07539003 
597 245 9 11 0.07526035 
683 387 11 14 0.0750559 
749 310 9 11 0.074636586 
461 545 22 28 0.07434588 
889 272 8 9 0.07404651 
697 167 7 9 0.07380051 
589 386 10 13 0.07376672 
587 521 15 17 0.073679075 
786 175 7 9 0.07359048 
849 216 8 10 0.073446795 
793 184 7 9 0.07331776 
874 284 9 11 0.07311164 
887 277 9 12 0.07287112 
839 217 8 9 0.072316065 
562 351 13 16 0.07194948 
724 341 9 12 0.07189517 
592 326 10 13 0.07137006 
789 311 10 11 0.07123868 
783 287 8 10 0.07106826 
655 213 8 10 0.07089532 
735 231 7 10 0.07083569 
688 356 12 15 0.0706043 
741 200 8 9 0.07058795 
510 575 16 21 0.070492394 
820 319 9 12 0.07032714 
660 541 19 26 0.07030977 
781 209 8 9 0.07014792 
509 412 12 13 0.070036195 
533 299 9 12 0.0699872 
508 261 9 14 0.069690056 
791 173 7 9 0.069646515 
683 593 16 19 0.06948718 
683 343 12 13 0.06945913 
790 548 13 16 0.069304965 
638 214 9 11 0.06922743 
988 641 14 18 0.069113486 
805 317 10 11 0.06895743 
829 578 15 17 0.06755879 
749 241 8 10 0.06684132 
882 605 12 16 0.06646998 
678 306 11 15 0.06641454 
735 276 10 12 0.06634899 
916 91 10 13 0.06617133 
734 265 8 9 0.06493234 
526 256 10 12 0.0646419 
634 183 7 10 0.06434801 
596 279 10 13 0.0642521 
928 318 10 13 0.06414346 
968 216 8 9 0.06395371 
839 245 8 11 0.063928045 
426 500 14 19 0.06366893 
281 544 12 17 0.06348541 
680 144 7 9 0.063010596 
622 278 13 15 0.062909216 
297 641 22 26 0.06246391 
435 114 13 16 0.062188126 
669 276 11 13 0.062049262 
816 206 8 10 0.06182707 
308 456 15 21 0.061044186 
691 293 10 13 0.06102931 
701 647 20 25 0.060772035 
877 189 7 10 0.060152084 
798 190 7 9 0.06014578 
460 388 18 22 0.05989415 
822 169 7 9 0.059879415 
642 207 7 10 0.059858777 
303 649 23 24 0.05982656 
744 181 9 11 0.059695706 
626 375 12 15 0.059547044 
822 214 8 10 0.059378855 
840 296 8 10 0.059234336 
520 627 12 17 0.059161242 
571 505 13 16 0.05901776 
751 535 13 14 0.05872076 
910 606 16 20 0.058564294 
648 207 8 11 0.058536917 
593 212 10 15 0.058495138 
180 475 10 13 0.058448162 
356 616 14 20 0.05791046 
954 215 6 9 0.057279706 
838 221 8 10 0.056528065 
785 240 8 9 0.05627803 
213 577 13 15 0.055660784 
663 647 23 25 0.055553805 
894 573 12 15 0.055283725 
397 546 15 19 0.05495883 
832 190 7 9 0.05494536 
687 238 8 11 0.054647196 
748 501 10 13 0.05441661 
825 245 8 11 0.054285716 
709 271 9 11 0.053901028 
782 246 9 10 0.053844653 
239 571 13 17 0.053715818 
838 183 7 8 0.053651985 
555 475 13 17 0.053635195 
624 384 10 14 0.053564727 
447 581 12 16 0.05345279 
896 216 8 9 0.051740747 
1001 247 7 9 0.051632013 
622 223 9 13 0.0511518 
762 574 13 16 0.05105527 
718 621 13 17 0.050947215 
623 612 14 16 0.050698243 
974 215 7 9 0.05017892 
934 292 11 14 0.05014775 
381 623 19 24 0.05014407 
359 608 15 20 0.04979206 
204 588 12 16 0.049677975 
929 292 9 13 0.04961184 
806 215 7 10 0.049457632 
704 199 7 8 0.049140524 
582 460 13 15 0.049090408 
799 145 7 8 0.049066663 
720 293 10 12 0.048777375 
850 221 8 10 0.048739877 
518 351 13 14 0.04859866 
916 177 9 11 0.04851986 
814 294 11 13 0.048490733 
632 381 12 15 0.0481094 
702 220 8 11 0.04787815 
793 216 7 9 0.047853112 
817 192 7 9 0.047786925 
282 611 16 20 0.04751134 
862 280 9 11 0.04741596 
299 444 25 32 0.04730878 
520 373 10 13 0.047181115 
682 254 8 10 0.04707588 
974 549 10 13 0.04702219 
378 600 16 20 0.046938047 
791 543 11 14 0.04670069 
773 233 8 10 0.046383552 
788 577 13 15 0.04619352 
776 247 9 10 0.045929488 
742 643 17 21 0.045906 
682 239 8 11 0.045696143 
798 232 8 10 0.045682427 
750 181 8 10 0.045562994 
711 284 9 11 0.04541811 
475 581 11 15 0.04511414 
737 183 8 10 0.045063037 
937 200 7 9 0.04483373 
544 431 11 14 0.0448274 
680 208 7 9 0.0447511 
799 209 7 8 0.044579618 
754 256 9 11 0.04432371 
761 214 7 9 0.044193234 
629 456 12 14 0.044132322 
688 263 11 14 0.04398865 
685 527 21 24 0.043981384 
928 240 8 9 0.043968953 
688 231 8 9 0.043930568 
179 145 13 17 0.043877225 
463 527 20 25 0.043868642 
915 574 14 17 0.04376438 
636 219 10 13 0.043691747 
370 462 13 17 0.043615296 
862 177 7 9 0.043607272 
778 208 8 9 0.043596983 
487 585 15 18 0.043584615 
743 223 6 9 0.04355048 
798 184 8 10 0.043250542 
782 220 9 11 0.04321238 
801 319 8 11 0.043031834 
824 239 8 10 0.04300233 
800 243 8 11 0.042963613 
697 208 7 10 0.042896956 
114 609 18 22 0.042842533 
769 190 9 10 0.04281295 
545 358 10 12 0.042431157 
821 295 10 12 0.04225939 
718 183 7 10 0.042164728 
738 224 6 8 0.042135105 
679 500 14 19 0.04170938 
684 310 10 12 0.041688703 
725 294 9 10 0.041593023 
285 653 14 18 0.04154101 
752 224 7 9 0.04115082 
714 247 8 10 0.04091333 
725 391 10 11 0.04078299 
820 270 9 11 0.040707614 
680 214 7 10 0.040562768 
768 295 8 10 0.04050338 
715 633 22 29 0.04041397 
634 277 13 15 0.04038019 
805 285 10 12 0.040268507 
678 472 13 17 0.040178575 
777 253 8 11 0.040000033 
669 285 11 13 0.03994726 
728 271 8 10 0.039921958 
582 444 12 15 0.039778795 
205 579 14 18 0.03976058 
177 625 25 31 0.039668564 
268 422 11 13 0.039608672 
646 544 21 27 0.039357137 
146 611 16 20 0.039198257 
761 223 7 10 0.03897698 
688 537 15 19 0.03894153 
752 280 8 11 0.038924754 
773 534 13 17 0.03889696 
865 191 9 11 0.038820002 
759 296 8 9 0.03881771 
747 296 8 10 0.038781375 
634 188 9 12 0.03868568 
204 639 15 19 0.03868529 
676 585 18 22 0.038669612 
711 303 10 12 0.038653992 
695 172 10 12 0.03863649 
797 109 10 12 0.0386021 
662 269 11 14 0.038500175 
517 364 11 13 0.03849356 
515 495 13 17 0.03840671 
611 421 13 15 0.03832101 
793 169 7 9 0.03826398 
933 285 11 14 0.038240958 
773 237 8 11 0.0381625 
646 253 9 11 0.0381286 
371 502 17 21 0.038108665 
709 278 10 13 0.03810395 
232 494 14 17 0.03808019 
678 277 9 12 0.038070753 
617 632 23 28 0.03803728 
686 215 7 9 0.038009595 
896 241 8 10 0.03797324 
208 572 13 15 0.037903342 
513 363 10 13 0.037855286 
697 160 8 9 0.037689596 
827 270 9 13 0.037653267 
735 283 10 12 0.03756184 
749 316 9 12 0.037508268 
832 283 10 13 0.037393745 
202 650 16 18 0.03704524 
633 216 8 9 0.036889747 
866 652 17 19 0.036648486 
91 126 15 23 0.03663743 
858 320 10 13 0.03660295 
817 167 8 9 0.036398854 
682 393 14 16 0.036378503 
889 191 6 9 0.036163464 
469 537 23 27 0.036128998 
760 248 9 11 0.036128156 
800 285 9 12 0.036041226 
855 231 7 9 0.0359303 
784 183 7 9 0.035899144 
817 145 7 8 0.035863 
834 100 9 12 0.03582388 
594 571 24 27 0.035755217 
559 240 19 25 0.035716295 
880 215 7 9 0.035548024 
885 283 9 12 0.035387594 
738 213 8 10 0.03534364 
728 262 8 10 0.035303146 
760 200 8 10 0.03528174 
832 252 9 11 0.035173398 
248 612 17 22 0.0351171 
934 272 9 10 0.035078675 
712 650 17 20 0.034992263 
791 278 8 11 0.03480764 
607 248 10 12 0.03473547 
339 491 12 15 0.034734774 
824 231 8 10 0.03465942 
816 151 8 10 0.03455472 
687 363 9 12 0.034538023 
519 269 18 23 0.034380198 
902 601 13 18 0.03434153 
511 562 14 18 0.03421894 
789 268 8 10 0.034188487 
455 571 11 16 0.034170024 
928 231 7 9 0.034163233 
828 482 15 19 0.03415397 
610 412 12 14 0.03398221 
976 269 7 9 0.033973627 
881 206 8 10 0.033927795 
420 530 12 15 0.03387643 
761 300 8 10 0.033790145 
629 246 8 10 0.033641957 
583 230 8 10 0.03361714 
927 199 6 9 0.033485923 
882 223 7 9 0.033212807 
691 560 16 19 0.03316305 
760 169 7 10 0.03313657 
844 622 17 22 0.033106793 
680 222 7 9 0.03304808 
718 394 10 12 0.032993842 
816 312 8 10 0.03297197 
761 192 8 9 0.032940514 
977 143 7 9 0.032904617 
725 336 8 11 0.032902654 
622 505 14 17 0.032897554 
552 357 9 12 0.032891184 
333 629 16 21 0.03282335 
989 263 8 9 0.032813758 
554 383 11 14 0.032779697 
912 651 20 22 0.0327554 
817 185 7 8 0.032744516 
677 269 10 13 0.032669835 
366 499 15 19 0.0325866 
87 605 11 16 0.032581415 
983 643 13 17 0.032559764 
292 641 16 22 0.032508105 
853 642 24 26 0.032330263 
1001 253 7 10 0.03222371 
215 624 13 18 0.032202497 
745 317 9 12 0.03218504 
596 651 24 25 0.031995818 
680 263 9 12 0.0319117 
897 199 8 10 0.03189314 
913 215 8 10 0.031869683 
847 280 10 11 0.031786546 
822 266 17 23 0.03173323 
854 141 7 10 0.031711 
793 223 8 9 0.031708162 
766 245 10 11 0.031672806 
770 183 9 10 0.031663954 
514 565 21 27 0.03165219 
593 284 11 14 0.0316161 
456 533 21 24 0.031556353 
750 496 9 11 0.031530656 
898 206 7 9 0.031497452 
671 328 11 13 0.031435717 
651 516 15 18 0.031115528 
685 459 13 14 0.031104418 
975 264 7 10 0.031075645 
280 426 12 14 0.03104475 
757 250 18 23 0.030980663 
588 529 15 20 0.030967284 
670 499 13 18 0.03095685 
449 109 9 13 0.03093458 
792 152 7 9 0.030918892 
385 571 14 18 0.03077925 
966 236 8 9 0.030778665 
665 586 24 30 0.030739428 
752 326 10 12 0.030712163 
718 231 7 9 0.030568216 
684 316 10 13 0.03056505 
784 324 10 12 0.030560825 
624 277 20 24 0.03053605 
805 261 8 11 0.030498216 
840 191 8 10 0.030484375 
398 577 15 20 0.030471688 
912 231 6 8 0.030451966 
674 213 7 10 0.030392285 
709 384 18 23 0.030346131 
798 509 11 11 0.030221488 
866 232 7 9 0.029998306 
625 213 7 10 0.029964246 
693 396 10 12 0.029939383 
470 492 11 15 0.029916802 
776 302 7 10 0.029911272 
967 554 14 16 0.029904878 
817 213 9 11 0.029900078 
824 192 7 8 0.029890303 
282 518 16 20 0.029842207 
846 244 8 10 0.029744271 
822 208 8 10 0.02969732 
685 602 13 16 0.029691564 
192 633 23 30 0.02956969 
847 137 9 11 0.029551942 
671 241 8 11 0.02953699 
849 284 9 12 0.029483235 
725 394 12 15 0.029337224 
838 317 8 11 0.029136045 
807 222 8 9 0.029108252 
917 214 9 11 0.029089646 
836 606 13 16 0.029074702 
685 512 16 19 0.029041087 
767 566 11 14 0.028957222 
681 246 9 11 0.028889788 
567 406 11 13 0.028774124 
549 427 11 14 0.028755993 
381 584 14 18 0.028740749 
909 595 18 22 0.028739737 
752 332 10 12 0.028664632 
971 642 24 28 0.02864086 
666 389 11 14 0.028552298 
741 271 8 10 0.028499937 
719 223 6 9 0.028464675 
548 415 19 22 0.02837686 
830 602 14 16 0.028291728 
969 248 7 8 0.02826847 
752 271 7 9 0.02824676 
767 301 7 10 0.028165946 
856 209 8 10 0.028151607 
792 158 8 9 0.028131211 
831 159 7 9 0.028093861 
727 276 8 11 0.027977543 
718 306 17 23 0.027906647 
864 182 7 10 0.027887722 
452 619 11 14 0.027865715 
688 264 17 22 0.027822629 
635 459 18 22 0.027815977 
192 648 24 26 0.027714549 
840 233 9 9 0.02766248 
830 230 8 10 0.027662195 
841 137 8 10 0.027590923 
734 652 17 20 0.027533041 
220 578 13 15 0.027521847 
878 240 7 9 0.027473945 
792 245 8 10 0.027460743 
492 611 14 17 0.02742519 
789 254 9 11 0.027418546 
583 364 10 11 0.027384602 
335 484 11 15 0.027377086 
478 492 12 15 0.027358694 
927 192 7 9 0.027356783 
776 544 15 19 0.027352676 
903 610 15 18 0.027287992 
774 168 7 9 0.027234158 
715 254 8 11 0.027224116 
712 189 8 11 0.027191447 
664 243 18 22 0.02708145 
574 461 12 16 0.027072545 
833 217 8 9 0.026985787 
936 205 7 9 0.026981056 
645 572 83 100 0.026907668 
687 223 7 10 0.026900394 
782 304 7 9 0.026888961 
693 299 10 13 0.026869915 
589 309 11 14 0.026861684 
900 283 8 11 0.026858728 
925 570 14 16 0.026849115 
832 294 9 11 0.026846087 
716 384 11 13 0.026803568 
703 276 10 14 0.026781993 
722 470 12 16 0.026774295 
822 150 7 10 0.026742611 
619 380 9 13 0.026706276 
895 191 7 9 0.026601601 
777 328 9 11 0.026577597 
581 438 12 14 0.026545133 
916 501 9 12 0.026476257 
983 268 8 9 0.026456451 
774 294 8 10 0.026454952 
581 454 12 15 0.026388118 
766 270 9 11 0.026348472 
586 383 10 13 0.026278168 
821 311 10 12 0.026262874 
810 199 7 9 0.026179556 
886 199 8 10 0.026159469 
835 612 20 25 0.02608383 
678 357 13 16 0.02606423 
691 285 11 15 0.026016701 
352 604 11 16 0.026002347 
470 525 15 18 0.025936868 
729 168 7 10 0.02591558 
1004 586 16 17 0.025906203 
647 306 13 17 0.025892165 
800 257 9 10 0.025879133 
805 240 9 10 0.025870515 
857 320 18 23 0.02586435 
772 658 12 13 0.025844438 
607 283 12 15 0.025825717 
768 288 9 10 0.025803328 
558 293 11 14 0.025752397 
449 104 9 11 0.025679087 
740 609 15 18 0.025649132 
655 220 8 11 0.02561807 
769 144 7 10 0.025608215 
721 346 10 13 0.025603404 
832 317 9 12 0.025593359 
686 247 8 11 0.02553657 
816 223 8 9 0.025503635 
694 325 12 15 0.025429059 
960 215 7 10 0.025373682 
513 357 11 13 0.025357299 
277 653 13 17 0.025339177 
960 236 9 11 0.02532518 
929 223 7 9 0.025295114 
777 220 9 11 0.025262663 
782 258 18 23 0.025251944 
315 643 17 20 0.025251046 
760 134 10 13 0.025163285 
705 395 9 12 0.025158849 
694 141 7 9 0.025134884 
472 526 22 26 0.025104912 
808 164 8 10 0.02508728 
758 584 20 24 0.025070367 
571 303 21 29 0.024962492 
747 540 15 18 0.024928829 
703 284 9 13 0.02484703 
823 183 7 9 0.024829093 
405 552 19 24 0.024732988 
784 311 8 11 0.024685001 
773 564 13 16 0.024655405 
575 398 9 11 0.024655066 
1006 254 8 9 0.024654172 
720 287 8 10 0.02465328 
625 238 10 11 0.024612507 
929 651 17 20 0.024606066 
584 358 10 11 0.024596682 
840 176 7 9 0.02450319 
219 629 17 21 0.024501672 
855 152 7 9 0.024428172 
895 222 7 10 0.024426911 
990 199 8 9 0.024412436 
588 315 11 15 0.02438745 
229 581 11 15 0.024379183 
984 136 7 8 0.024368206 
799 610 12 17 0.024296734 
368 512 15 19 0.024283148 
914 583 23 27 0.024210257 
520 517 20 24 0.024198016 
669 291 18 22 0.024174253 
387 471 11 15 0.024081308 
400 389 15 17 0.024078574 
213 592 14 19 0.02407723 
757 539 13 16 0.024047695 
640 197 7 11 0.024046447 
759 278 8 10 0.024035657 
685 406 14 18 0.024024135 
569 525 21 27 0.024012294 
558 257 14 16 0.024004411 
999 239 8 11 0.024000037 
952 158 7 9 0.02397995 
595 588 22 27 0.023943624 
436 599 15 20 0.023894513 
815 287 10 12 0.02385201 
793 563 14 18 0.023834053 
714 184 7 10 0.0238125 
382 602 20 26 0.023810128 
838 325 8 11 0.023807667 
352 562 14 18 0.02380449 
984 166 7 9 0.023794511 
485 525 13 17 0.023753494 
967 220 8 11 0.02374773 
872 244 8 10 0.023714498 
524 367 11 14 0.023711398 
976 209 6 9 0.023686936 
702 269 10 13 0.023682972 
656 183 8 11 0.023667062 
952 208 7 9 0.023649875 
753 201 7 9 0.023641974 
579 621 16 21 0.023614505 
840 197 8 10 0.023601292 
871 215 7 9 0.023581848 
324 585 13 17 0.02354488 
985 257 7 9 0.023538535 
701 157 9 11 0.023528125 
622 585 20 28 0.023505125 
940 293 10 13 0.023497853 
712 293 9 12 0.02343745 
741 232 8 10 0.023413505 
300 459 17 21 0.023356909 
704 152 9 10 0.023329617 
696 232 8 10 0.02332901 
473 554 14 17 0.023252275 
661 341 10 11 0.023189843 
858 177 7 8 0.023154376 
590 654 16 18 0.023144815 
609 577 14 20 0.023142247 
892 271 10 11 0.022971608 
858 191 7 10 0.022965716 
992 149 8 11 0.02290546 
500 436 13 16 0.022893852 
829 593 15 17 0.02288413 
970 167 6 8 0.022879431 
713 308 11 13 0.022874132 
600 403 11 15 0.02281898 
634 622 14 20 0.022746285 
750 214 8 9 0.02270145 
508 253 9 13 0.022670753 
308 439 15 18 0.022633556 
690 352 18 22 0.022562213 
599 314 12 14 0.022484329 
436 582 12 16 0.02247319 
744 159 8 10 0.022446798 
799 222 8 10 0.022405608 
943 199 7 10 0.022382587 
910 539 11 12 0.022382496 
334 478 11 14 0.022330267 
888 239 8 10 0.022313392 
690 609 17 20 0.022304878 
719 305 10 13 0.022296557 
854 606 17 20 0.02227827 
684 323 12 15 0.02223982 
694 136 7 10 0.02221501 
980 543 9 11 0.022195412 
654 583 24 32 0.022163173 
728 215 7 10 0.022137115 
285 644 14 17 0.022096764 
621 610 22 26 0.022092372 
985 119 7 10 0.022089265 
867 238 8 10 0.02208238 
707 476 12 16 0.022079028 
806 270 7 10 0.022070076 
136 565 11 15 0.022040177 
760 269 9 11 0.022034675 
799 325 9 10 0.021987205 
729 236 8 10 0.0219872 
286 500 12 15 0.021942671 
87 600 20 28 0.021898277 
660 593 52 57 0.021887133 
676 534 12 17 0.021843905 
569 471 15 18 0.021803344 
593 341 12 14 0.021746736 
210 628 20 25 0.02174452 
648 412 11 14 0.021735322 
489 422 11 14 0.021700209 
936 193 8 9 0.021668782 
864 214 7 9 0.021666853 
656 247 9 11 0.021644201 
617 223 10 13 0.02152935 
932 633 24 31 0.021526389 
864 209 7 9 0.021481784 
872 573 14 17 0.021473816 
693 598 17 22 0.02140107 
139 643 19 24 0.021364937 
885 572 14 16 0.021338819 
652 589 14 19 0.02133862 
546 434 13 15 0.021284401 
664 325 10 14 0.021280667 
617 576 20 29 0.021279898 
741 385 11 13 0.021279788 
962 224 7 8 0.02126646 
443 594 16 21 0.021251746 
647 248 9 10 0.021238 
713 231 7 9 0.021201864 
766 199 8 10 0.021172203 
579 428 12 15 0.021165852 
728 173 8 10 0.02114568 
800 291 18 23 0.021143036 
846 193 8 10 0.021129157 
769 158 8 9 0.021105021 
632 301 10 14 0.021007504 
668 458 13 15 0.02099795 
814 560 11 14 0.02098548 
920 597 16 20 0.020932458 
824 223 8 10 0.020898022 
622 271 11 13 0.020893285 
992 256 7 10 0.020860357 
710 617 15 20 0.020842394 
599 506 13 16 0.02083225 
219 592 15 19 0.020824336 
766 535 14 18 0.020804217 
902 240 8 10 0.020768413 
905 324 9 11 0.020751199 
766 221 8 10 0.020697298 
742 507 12 16 0.020683292 
176 635 40 40 0.02067756 
712 137 8 9 0.02066895 
937 382 38 50 0.020658942 
761 238 8 10 0.02061856 
976 149 7 10 0.020609595 
563 496 13 16 0.020600896 
752 230 7 10 0.020591566 
573 279 23 26 0.020589173 
372 517 15 20 0.020582639 
568 299 12 16 0.02057661 
508 417 13 17 0.020552393 
109 604 16 20 0.020533534 
900 626 26 32 0.020523833 
521 259 12 15 0.020500505 
612 247 10 12 0.020494048 
630 271 11 13 0.020475093 
499 427 13 16 0.020473924 
928 206 7 9 0.02047067 
164 478 10 12 0.020470275 
832 198 8 10 0.020426692 
822 282 11 14 0.020410612 
975 254 7 9 0.020401144 
740 513 13 15 0.020390272 
414 485 22 24 0.02035421 
928 244 8 10 0.020340124 
491 620 15 18 0.020280255 
269 654 15 19 0.020270769 
108 615 18 20 0.020229986 
374 565 15 19 0.020214338 
392 85 8 11 0.020201545 
673 208 7 9 0.020200891 
300 635 16 19 0.020189673 
584 223 10 13 0.020173028 
609 569 15 19 0.020160954 
740 233 18 23 0.020159928 
598 249 12 16 0.020147242 
833 143 7 10 0.020146081 
726 349 9 11 0.020105684 
884 599 13 16 0.020101653 
96 605 24 28 0.020097433 
975 166 7 9 0.02006843 
35 659 14 14 0.020061014 
