2_Demonstration_Protesters_2_91
71
961 209 34 41 0.99950814 
342 241 23 30 0.97972476 
785 241 19 25 0.96703553 
396 243 16 22 0.9183391 
591 257 13 18 0.7283587 
631 250 13 18 0.6778547 
658 273 15 19 0.5607568 
314 309 17 20 0.5102501 
588 309 26 31 0.2667206 
813 248 21 26 0.25527978 
538 243 15 17 0.17404503 
757 460 52 51 0.16253601 
922 224 15 17 0.15855506 
535 256 14 19 0.13601913 
727 467 36 46 0.11625708 
538 264 14 18 0.10765602 
341 236 17 23 0.1024348 
897 263 28 38 0.08640668 
539 250 15 19 0.07958116 
908 249 14 17 0.074894026 
601 233 11 16 0.07369617 
730 256 16 19 0.06630325 
828 360 16 22 0.061948627 
826 251 17 22 0.06088824 
526 249 12 19 0.05881136 
902 246 14 18 0.049018905 
900 248 24 30 0.048815165 
547 249 11 17 0.04512208 
667 274 11 16 0.045003194 
624 259 11 16 0.040299118 
520 247 12 17 0.040208966 
623 267 11 13 0.039651368 
736 198 10 13 0.03925377 
772 426 29 32 0.0383882 
349 210 12 14 0.03822454 
799 214 24 26 0.038125902 
455 -41 461 493 0.03809566 
860 229 16 22 0.034213234 
447 249 14 20 0.034068655 
604 320 13 18 0.03311575 
807 457 41 48 0.032458726 
293 198 13 15 0.03066826 
609 191 9 10 0.030440705 
257 182 8 11 0.030059993 
808 251 14 19 0.029443443 
732 217 25 30 0.029320493 
604 261 9 13 0.028248291 
583 252 11 17 0.027259754 
746 223 15 20 0.026688898 
-15 62 208 305 0.02615254 
535 322 10 11 0.026067283 
-45 9 369 491 0.02578303 
844 332 12 15 0.025629736 
615 253 10 13 0.024770984 
784 460 32 42 0.024702933 
576 306 41 51 0.024384877 
647 273 14 19 0.024272047 
925 368 19 20 0.024024861 
532 273 13 17 0.02386508 
315 313 24 26 0.023705192 
586 257 11 18 0.023214014 
735 189 11 14 0.02314112 
622 245 12 15 0.02304215 
719 261 11 15 0.022694837 
615 267 11 14 0.022626368 
751 196 11 14 0.022313792 
336 234 15 22 0.022199668 
581 246 10 14 0.021828318 
819 213 17 20 0.021556841 
382 243 22 29 0.021216743 
621 276 12 16 0.021122592 
