2_Demonstration_Demonstrators_2_414
276
686 52 23 29 0.9743167 
202 41 18 22 0.97209585 
399 33 21 24 0.9503995 
597 38 23 27 0.9230983 
485 28 22 26 0.91519314 
134 41 22 26 0.8870101 
764 47 18 22 0.8651701 
928 43 29 35 0.79938674 
18 34 26 30 0.7312402 
531 0 15 18 0.6609779 
93 61 21 25 0.6532383 
170 44 26 36 0.61242545 
821 47 23 27 0.5900166 
306 39 32 35 0.58826005 
249 51 19 22 0.51455146 
290 1 29 28 0.48829025 
863 64 14 19 0.3481218 
226 43 21 29 0.3234384 
115 67 18 23 0.29399762 
104 61 21 28 0.2602467 
9 38 26 33 0.23166275 
529 125 15 19 0.231364 
537 57 24 29 0.22139113 
46 50 15 20 0.2001857 
740 49 14 18 0.18789017 
401 63 27 33 0.17766666 
942 78 29 35 0.17668541 
705 51 25 30 0.1730289 
54 115 29 33 0.17254777 
247 123 14 16 0.17010312 
921 24 44 58 0.16567592 
5 93 14 17 0.16448684 
492 100 23 28 0.15057828 
799 58 13 16 0.14408295 
439 19 13 17 0.1398619 
814 54 17 21 0.13371241 
844 110 15 17 0.13039657 
11 95 22 28 0.12967196 
502 0 16 13 0.1239187 
474 62 19 24 0.12114794 
159 130 28 33 0.11366315 
450 123 15 19 0.11155334 
119 99 28 32 0.110331036 
488 131 22 27 0.10573738 
61 120 18 21 0.10447595 
174 62 26 34 0.104389064 
244 56 27 36 0.100901656 
106 22 16 22 0.100888595 
383 46 12 16 0.098628536 
34 34 16 23 0.097337075 
718 143 11 15 0.09357203 
594 100 17 20 0.090886205 
948 38 25 32 0.088900454 
531 47 23 28 0.088708214 
53 123 14 16 0.08814726 
351 17 15 19 0.087092526 
86 64 17 22 0.082027726 
803 52 19 25 0.08175031 
772 77 16 21 0.08131502 
422 30 13 18 0.08119744 
778 102 14 17 0.080086336 
236 119 24 27 0.07921613 
42 36 12 19 0.07824338 
174 261 24 34 0.07754985 
350 6 15 17 0.07723768 
950 117 14 17 0.07597861 
230 38 13 19 0.07577896 
478 31 17 22 0.07540522 
470 35 13 18 0.07510456 
856 66 13 16 0.07492893 
455 35 14 18 0.069829546 
909 53 12 16 0.06911129 
867 23 12 15 0.06893238 
722 59 16 19 0.06892931 
575 58 15 19 0.067349285 
0 50 11 20 0.06532561 
400 75 19 25 0.064127125 
317 3 17 19 0.06348603 
584 0 15 17 0.062364347 
805 65 12 16 0.061925076 
1 42 22 33 0.060260564 
323 201 13 16 0.059959468 
1007 0 14 16 0.05927749 
719 169 11 16 0.059092358 
9 249 45 66 0.05898047 
200 213 9 13 0.056534808 
278 44 21 29 0.055699516 
712 134 8 11 0.054414824 
410 101 27 30 0.054085813 
229 56 25 35 0.053104367 
161 55 25 34 0.052892484 
917 48 26 32 0.05282858 
460 38 19 24 0.052732896 
128 59 25 33 0.052561007 
595 104 23 27 0.05056342 
42 42 15 21 0.04968568 
372 226 13 16 0.04941423 
269 99 16 21 0.048922434 
395 30 36 45 0.048855886 
740 16 16 22 0.048703317 
929 84 27 35 0.047765642 
791 95 12 15 0.046826087 
956 37 15 19 0.04654605 
811 64 15 18 0.045949254 
602 98 16 18 0.045673348 
352 32 14 19 0.04558979 
123 99 16 18 0.045005776 
683 109 13 16 0.04499842 
822 91 15 19 0.0448401 
367 39 10 13 0.044473276 
183 293 73 61 0.043808978 
864 55 22 29 0.04369927 
216 198 50 65 0.043696817 
290 93 14 16 0.04342261 
854 99 14 17 0.043369282 
526 43 14 20 0.043270525 
14 35 18 22 0.042742502 
867 125 14 21 0.042508908 
158 292 59 59 0.042210992 
850 107 17 20 0.04218114 
195 93 14 17 0.04197915 
418 57 17 19 0.041688394 
21 249 26 42 0.041189503 
589 105 18 21 0.040861577 
432 17 22 26 0.040632397 
261 44 24 31 0.03957975 
236 194 14 16 0.03947514 
84 6 18 24 0.038979106 
413 99 15 20 0.038895305 
202 92 16 18 0.038692385 
995 133 11 15 0.038287945 
766 73 15 19 0.037970696 
261 261 23 31 0.037507374 
803 133 12 15 0.037227113 
48 59 26 30 0.036247388 
182 44 34 44 0.03614938 
397 76 41 49 0.035866246 
531 35 17 21 0.03581191 
410 59 19 22 0.035805196 
669 50 24 31 0.035567995 
732 42 23 28 0.035492387 
903 13 78 100 0.03507093 
972 178 14 19 0.034804277 
78 65 14 20 0.033716325 
101 49 21 30 0.033094782 
193 34 37 43 0.03257234 
840 111 23 26 0.03229734 
391 201 22 26 0.032072343 
303 227 14 18 0.03179487 
489 126 17 20 0.03140765 
274 269 28 36 0.031361893 
294 47 32 39 0.031335704 
289 88 26 30 0.031208904 
671 64 13 19 0.031000169 
382 36 13 18 0.030946894 
797 46 13 15 0.030941455 
836 46 22 29 0.030844677 
364 0 15 14 0.030527294 
196 95 25 29 0.030256392 
833 45 16 21 0.030215643 
724 50 25 29 0.030006597 
300 206 15 19 0.029636797 
440 118 24 28 0.029532209 
353 53 11 14 0.029306266 
186 68 17 24 0.029090298 
846 65 13 18 0.029033951 
712 147 12 14 0.028847625 
783 149 12 15 0.02883084 
4 84 40 46 0.028481355 
381 0 14 12 0.028474018 
283 35 23 29 0.028372006 
319 52 21 24 0.028045008 
114 81 25 32 0.027876744 
484 22 17 21 0.027807951 
547 51 16 19 0.027560944 
342 127 12 14 0.027413156 
355 145 17 26 0.027378121 
909 49 21 29 0.027274024 
178 315 46 41 0.027265543 
0 88 23 31 0.027051155 
577 47 22 29 0.027018424 
127 93 27 29 0.026906775 
688 42 37 47 0.02685228 
774 35 13 17 0.026819315 
798 176 9 11 0.026662799 
486 60 22 28 0.026624046 
770 40 21 29 0.026405936 
800 181 10 13 0.026396694 
852 54 11 15 0.026276913 
220 56 23 32 0.026205676 
371 37 12 16 0.025888275 
827 86 22 27 0.025755666 
90 15 15 22 0.025493257 
303 6 20 22 0.025285944 
779 102 24 25 0.025144644 
213 185 120 132 0.025070323 
489 151 24 32 0.024813222 
812 76 12 14 0.024813203 
518 58 14 18 0.024734657 
425 26 19 24 0.024629401 
88 164 13 16 0.02459048 
846 57 12 18 0.024461158 
673 61 26 33 0.02445786 
637 129 12 15 0.02435935 
63 54 23 29 0.024309395 
307 60 30 36 0.024132602 
513 2 18 18 0.024126185 
343 137 25 36 0.024110135 
371 0 16 13 0.023916492 
460 147 11 15 0.023823343 
365 68 12 14 0.023765538 
800 127 12 14 0.023761438 
388 0 15 13 0.023696773 
472 43 25 34 0.023630861 
702 35 40 50 0.023611818 
792 58 13 16 0.02344302 
254 79 27 36 0.023199063 
58 64 35 43 0.023196362 
731 57 14 18 0.023150586 
427 89 26 31 0.023099747 
963 41 14 21 0.022810139 
458 47 17 23 0.022742957 
926 42 17 23 0.022718953 
170 137 15 20 0.022712618 
448 164 10 13 0.022686135 
937 36 19 24 0.022653291 
445 57 13 16 0.0226513 
287 28 12 16 0.022646677 
239 72 29 38 0.02253681 
716 46 13 15 0.022322204 
958 45 25 34 0.022303045 
787 113 13 15 0.022297546 
630 127 13 16 0.022212174 
201 85 26 30 0.022092475 
352 42 13 17 0.021965407 
547 67 18 24 0.021880558 
504 105 16 19 0.02186677 
316 171 18 19 0.021834198 
844 72 14 18 0.021622553 
261 273 29 36 0.021604268 
238 120 12 15 0.021585794 
587 -43 422 468 0.02154591 
595 89 17 21 0.021538163 
945 56 34 48 0.021504862 
800 62 23 28 0.02147666 
679 113 13 16 0.021416971 
396 0 15 14 0.021361874 
196 63 27 33 0.021352058 
793 27 12 16 0.02127594 
11 85 18 22 0.021272842 
618 42 21 31 0.021239584 
526 119 13 17 0.021220567 
268 266 13 19 0.021212114 
19 51 18 23 0.021146258 
763 87 22 29 0.021085111 
843 60 23 28 0.021077644 
298 85 14 16 0.021068018 
499 67 17 21 0.021016175 
926 66 43 58 0.020980239 
776 29 12 15 0.020935936 
790 47 21 29 0.020928713 
420 37 21 28 0.020927425 
17 94 43 49 0.020873357 
251 47 37 47 0.020824369 
793 175 9 11 0.020744659 
305 0 17 16 0.020681994 
261 236 9 12 0.020648582 
305 77 26 31 0.020564912 
297 35 27 33 0.020553175 
724 165 11 16 0.020436207 
75 123 15 19 0.020436013 
869 53 14 18 0.020418156 
385 245 12 16 0.020403259 
273 256 27 32 0.02035576 
183 55 19 25 0.020292656 
412 1 13 16 0.020276729 
