2_Demonstration_Political_Rally_2_90
137
539 270 53 75 0.9980615 
789 380 20 27 0.95009995 
300 364 10 13 0.4716888 
876 379 10 13 0.38469005 
921 378 12 16 0.3670709 
196 334 11 14 0.3628474 
236 379 14 17 0.3524526 
155 359 15 19 0.3422645 
5 327 13 18 0.31865513 
342 382 9 12 0.27433443 
40 371 13 16 0.24874721 
202 356 10 14 0.21854444 
24 316 10 13 0.20934507 
112 360 13 16 0.20587215 
170 387 15 20 0.18485107 
63 321 12 15 0.10683934 
318 371 13 15 0.105176575 
408 421 7 10 0.09974256 
1009 385 15 26 0.098179914 
302 298 15 18 0.097995944 
45 326 10 12 0.09167376 
325 367 11 14 0.08664945 
154 312 13 17 0.08401422 
745 458 17 19 0.0832028 
876 428 17 20 0.082882285 
289 390 9 11 0.07793531 
151 390 10 13 0.075556606 
73 297 13 17 0.06766904 
41 327 9 12 0.06701789 
303 382 8 10 0.06516512 
261 357 10 13 0.064910136 
201 350 21 27 0.0626921 
875 386 15 22 0.061557997 
40 348 9 11 0.0599737 
209 345 25 29 0.05724488 
11 325 11 15 0.054929666 
101 380 15 21 0.053817395 
313 372 10 12 0.05229296 
846 393 15 17 0.051945213 
249 301 11 14 0.051913124 
325 333 8 10 0.051637575 
230 372 15 20 0.05065271 
872 402 14 18 0.05045119 
29 408 14 18 0.05014634 
322 327 8 10 0.049648058 
22 323 12 16 0.049220823 
326 357 10 13 0.047733966 
294 383 8 11 0.047049288 
212 354 15 19 0.046276405 
235 348 13 17 0.04577798 
215 387 13 15 0.04570157 
28 312 10 12 0.045235734 
256 391 10 11 0.044517014 
297 370 9 13 0.04179005 
223 341 24 28 0.03917937 
162 360 14 18 0.0383135 
100 388 24 30 0.037870694 
259 380 11 14 0.037838448 
274 392 8 10 0.037098903 
356 310 12 16 0.03523311 
106 401 18 21 0.03434957 
221 382 12 15 0.03421021 
950 423 33 43 0.03415418 
43 375 15 17 0.03399144 
278 392 8 10 0.033589613 
80 374 10 12 0.032410327 
352 315 10 13 0.03226613 
0 404 11 16 0.031741045 
917 332 11 14 0.031246 
217 375 22 27 0.030809177 
235 363 14 16 0.030473137 
155 347 17 22 0.030406756 
255 342 8 12 0.030217163 
935 463 34 38 0.02975607 
282 308 12 15 0.029342381 
279 398 8 11 0.029146815 
334 374 8 12 0.0289007 
22 409 13 19 0.028506229 
229 353 15 20 0.028247938 
268 357 9 13 0.028188065 
226 356 23 31 0.027783874 
28 331 10 14 0.027283018 
335 302 11 14 0.027014576 
330 404 9 12 0.026586665 
175 285 10 14 0.026456464 
181 393 12 15 0.026256293 
218 337 16 19 0.026183955 
263 309 10 13 0.025631826 
256 351 11 15 0.025123984 
940 406 12 15 0.025080893 
736 439 22 31 0.02495947 
344 326 8 11 0.024926249 
992 453 31 53 0.02467453 
6 321 12 15 0.024663577 
327 350 10 13 0.024625381 
203 369 13 17 0.024582606 
727 428 22 31 0.024487844 
147 300 23 31 0.024404474 
193 330 18 23 0.024343064 
392 357 10 15 0.024318263 
95 340 12 13 0.024114208 
103 376 11 14 0.023961771 
335 307 13 16 0.023805236 
784 408 16 20 0.023707742 
263 344 9 10 0.0236089 
280 318 11 12 0.023511728 
306 442 13 16 0.023462445 
823 374 11 15 0.023410317 
820 379 14 20 0.023313938 
284 356 11 14 0.023163475 
949 459 14 18 0.022888357 
802 381 13 18 0.022766197 
915 365 14 17 0.022731487 
403 422 9 10 0.022704285 
954 326 9 14 0.022690026 
1 335 12 19 0.022433769 
111 352 13 16 0.022255225 
191 390 9 13 0.022048792 
247 340 10 14 0.022029923 
324 377 12 15 0.021929184 
943 447 31 41 0.021840572 
44 342 10 13 0.021692107 
261 362 11 14 0.02167948 
256 372 12 15 0.02154932 
309 406 9 9 0.021289274 
912 397 11 15 0.020877352 
80 379 11 14 0.020851523 
838 387 14 18 0.020848285 
94 384 16 21 0.020664634 
94 366 38 47 0.020626927 
37 419 12 16 0.02060472 
297 299 13 17 0.020479891 
50 381 12 14 0.0203785 
328 398 10 12 0.02020378 
373 371 10 13 0.020170214 
159 343 12 15 0.020064352 
247 333 10 14 0.020052278 
