2_Demonstration_Political_Rally_2_341
148
565 329 24 30 0.9944951 
129 343 18 24 0.96914166 
62 368 14 17 0.9646612 
206 361 15 19 0.9506874 
506 345 15 26 0.90845644 
182 355 17 19 0.82335943 
471 354 16 20 0.7566743 
870 339 13 19 0.70788604 
409 361 18 21 0.5519485 
796 338 17 20 0.25868717 
231 366 10 13 0.25314194 
153 354 21 24 0.24536116 
102 356 11 14 0.22666277 
569 455 28 41 0.22362602 
108 349 13 18 0.1903072 
200 322 12 16 0.16976292 
231 369 14 17 0.15507363 
44 395 12 13 0.12372925 
401 361 11 15 0.11407172 
220 333 9 12 0.101370536 
225 358 10 13 0.10050993 
223 350 10 12 0.09636199 
184 378 13 16 0.086285345 
606 427 12 15 0.081120186 
496 347 21 28 0.078845896 
202 294 9 12 0.07484678 
235 388 14 17 0.07426572 
41 373 11 13 0.06697074 
821 384 14 21 0.060524676 
860 334 20 24 0.060147543 
788 342 19 21 0.057609096 
49 344 9 11 0.056037094 
407 398 10 12 0.054142024 
57 310 8 10 0.053962424 
857 355 15 17 0.05054446 
234 378 14 17 0.04973997 
117 348 13 18 0.04890287 
54 343 8 11 0.04873436 
479 352 20 26 0.04670603 
150 338 16 19 0.045569576 
830 344 13 20 0.044980656 
855 340 20 24 0.044876464 
193 325 11 15 0.0444498 
74 342 8 11 0.043465298 
8 343 8 11 0.043141615 
120 389 22 29 0.042824227 
993 378 16 19 0.042768653 
77 341 11 14 0.04269676 
836 345 14 19 0.042695053 
412 373 15 20 0.04236722 
51 395 12 14 0.04205781 
80 349 9 11 0.04114262 
918 361 35 40 0.040995833 
494 357 15 21 0.040426865 
62 326 7 9 0.03894181 
922 412 16 19 0.038810644 
262 388 9 11 0.038640495 
36 411 12 15 0.037507743 
96 323 11 13 0.035300843 
793 347 20 23 0.03511132 
920 320 9 12 0.03502689 
216 327 11 14 0.034544278 
893 421 12 14 0.033954278 
78 329 9 11 0.033854295 
393 363 8 13 0.0329442 
97 352 10 13 0.032425404 
16 399 11 13 0.032411914 
840 340 23 28 0.03239227 
585 410 18 20 0.0320889 
852 333 18 20 0.031631786 
221 340 11 15 0.031596255 
579 415 22 25 0.031071667 
866 326 47 57 0.030517299 
926 283 107 145 0.030237386 
918 415 25 27 0.030103367 
411 398 11 13 0.02984339 
807 337 16 21 0.029653195 
400 405 11 14 0.029507073 
23 327 8 10 0.029178483 
41 390 12 15 0.029147731 
47 368 9 13 0.028433582 
786 345 34 38 0.028096018 
920 440 27 39 0.02807258 
536 286 9 11 0.027707608 
575 -45 416 507 0.027642008 
50 327 7 9 0.027530864 
891 341 12 15 0.02749769 
224 371 10 14 0.027397344 
86 376 16 19 0.027255457 
831 331 13 17 0.02717019 
877 334 22 27 0.027107583 
961 340 15 17 0.026951404 
126 310 10 13 0.026853736 
222 380 11 13 0.026849573 
243 395 10 13 0.026697883 
74 333 10 13 0.026517535 
64 349 8 10 0.0265055 
86 350 8 11 0.026407879 
168 310 10 11 0.026212825 
849 354 26 29 0.025865046 
234 418 15 19 0.025741786 
14 344 7 10 0.025716187 
923 318 12 14 0.025282836 
257 383 9 12 0.02527323 
925 304 13 15 0.025260018 
55 336 8 10 0.025223449 
239 447 10 11 0.025063483 
42 401 16 18 0.025037304 
427 148 101 135 0.024784477 
0 413 9 14 0.024714995 
257 388 10 13 0.02416344 
62 344 9 11 0.02405117 
874 333 16 20 0.023880603 
405 402 11 15 0.023833731 
22 404 10 12 0.023616185 
466 367 16 20 0.023561463 
572 401 17 20 0.023462147 
384 366 10 12 0.023462003 
175 414 24 30 0.023412758 
280 400 9 10 0.023169553 
30 406 10 14 0.023160316 
791 334 15 18 0.023158982 
181 367 20 24 0.022682626 
508 348 22 32 0.022639317 
157 320 12 13 0.02237629 
597 425 14 18 0.022044823 
148 332 15 18 0.022013234 
485 345 21 28 0.021917343 
95 361 12 15 0.021743035 
575 326 24 36 0.021712532 
55 326 8 10 0.021627266 
77 393 14 19 0.021561246 
589 416 20 26 0.021552678 
777 323 10 13 0.02131009 
986 346 13 16 0.02123793 
148 385 13 18 0.021208504 
69 359 12 14 0.021115633 
52 388 23 28 0.021088313 
149 345 18 22 0.021079417 
552 450 37 50 0.021065254 
72 349 8 10 0.021029284 
18 327 8 10 0.020896798 
145 325 10 14 0.02083819 
80 381 21 27 0.02072753 
88 357 10 12 0.02069992 
848 334 50 59 0.020519257 
57 428 13 14 0.020225473 
32 411 10 14 0.020125968 
