2_Demonstration_Demonstration_Or_Protest_2_644
186
146 181 26 33 0.999076 
101 237 29 41 0.99839646 
232 65 25 32 0.99714583 
821 278 23 29 0.9930883 
878 309 28 36 0.9885156 
767 287 25 34 0.9838313 
331 89 21 30 0.9810751 
931 275 22 28 0.9737316 
175 173 21 28 0.9456949 
852 272 19 24 0.93813246 
20 32 19 22 0.93135107 
834 141 18 24 0.903164 
644 238 19 23 0.845497 
403 240 21 26 0.8446518 
489 315 18 24 0.7811002 
655 274 27 33 0.7211983 
369 247 22 27 0.714895 
427 230 22 31 0.6668387 
966 263 31 37 0.66392493 
653 293 25 36 0.60745794 
295 236 13 19 0.58458984 
715 246 22 34 0.5559702 
560 278 24 31 0.47622147 
571 122 14 19 0.45708376 
237 219 14 20 0.39556056 
519 274 21 27 0.39365023 
540 195 16 19 0.36380106 
203 55 24 37 0.297183 
475 294 16 21 0.28773725 
418 236 22 30 0.25320232 
211 49 14 18 0.23608585 
270 285 20 31 0.23343168 
553 244 16 20 0.21038246 
700 259 25 36 0.20585968 
523 266 16 20 0.19602302 
513 247 16 19 0.17264988 
594 273 14 21 0.16825257 
315 154 17 23 0.15629184 
445 283 17 22 0.14341381 
503 197 12 15 0.14013286 
474 161 15 18 0.13822629 
384 246 17 22 0.13315848 
562 152 46 64 0.122133695 
525 150 17 21 0.104808316 
478 276 15 17 0.10391515 
478 305 22 26 0.10193903 
164 175 21 29 0.10046896 
865 432 37 35 0.096753165 
171 292 16 18 0.093396686 
470 209 13 16 0.08539439 
478 187 13 16 0.08150941 
354 248 24 30 0.08010399 
475 283 17 21 0.07811796 
214 63 27 33 0.07658858 
640 114 11 15 0.07374732 
867 351 27 34 0.07347878 
436 229 14 21 0.071511164 
504 227 11 17 0.07149822 
342 315 12 15 0.07134073 
317 91 26 33 0.06900804 
502 267 11 16 0.06241386 
732 96 15 18 0.06121535 
644 112 14 17 0.05889738 
498 243 13 19 0.056675922 
658 268 21 24 0.055448696 
710 245 17 27 0.055350784 
542 268 15 21 0.05513922 
223 170 14 19 0.054509986 
535 111 86 127 0.052451998 
538 152 15 21 0.048475917 
461 231 15 20 0.048419103 
805 177 13 16 0.048240967 
159 293 29 30 0.047547605 
494 248 13 18 0.04650683 
440 234 13 19 0.046478968 
655 308 32 40 0.04470477 
953 267 29 34 0.044634108 
196 718 26 33 0.0430046 
944 230 12 15 0.042343844 
592 148 12 17 0.041251387 
160 280 27 31 0.039871253 
515 258 17 21 0.03922195 
531 261 14 18 0.039168064 
556 137 12 17 0.03793236 
96 177 15 19 0.037788678 
451 284 22 28 0.03771513 
144 290 52 49 0.03756482 
471 274 13 19 0.03717286 
429 284 13 19 0.036796838 
484 182 12 15 0.036670584 
477 182 12 15 0.036296133 
644 282 27 35 0.035432667 
32 107 40 50 0.03537023 
830 150 14 22 0.034434248 
426 323 27 29 0.03440077 
549 250 23 31 0.03366928 
211 727 14 21 0.03344602 
577 271 23 33 0.033371557 
174 166 15 19 0.032956295 
558 229 12 14 0.032768846 
590 254 12 17 0.032268826 
20 190 35 42 0.03207948 
439 257 12 17 0.032030888 
510 163 12 19 0.03143895 
984 269 18 24 0.030980168 
435 279 21 28 0.030969173 
431 6 29 35 0.030877937 
533 157 16 22 0.030291429 
641 297 29 38 0.030244049 
0 224 20 32 0.030219829 
530 272 15 21 0.02985266 
222 703 16 20 0.029281396 
144 256 45 48 0.029259568 
149 303 32 31 0.029244151 
202 140 26 28 0.02899451 
483 268 15 19 0.028976342 
830 163 12 19 0.0287882 
85 247 25 33 0.028679824 
271 276 12 18 0.028641496 
507 221 12 16 0.028366847 
411 294 25 31 0.02831968 
198 69 15 21 0.02821428 
500 168 15 18 0.02785869 
775 297 28 35 0.027854351 
458 122 15 18 0.027733263 
78 2 25 28 0.027567534 
339 201 15 21 0.027412012 
260 617 14 17 0.02716898 
460 297 15 20 0.027104879 
32 91 33 40 0.027013807 
550 265 24 33 0.027001878 
869 322 28 36 0.026909258 
495 264 13 19 0.02633442 
-2 341 34 46 0.026334291 
409 210 14 18 0.026267312 
864 336 25 32 0.02586256 
496 237 12 16 0.02564839 
566 163 27 38 0.025593137 
466 227 14 19 0.025345782 
515 239 14 17 0.025302067 
471 185 13 18 0.025274238 
632 115 11 15 0.024971655 
518 154 15 19 0.024967223 
32 32 15 20 0.024861176 
486 251 13 17 0.024812896 
409 310 17 24 0.02478511 
301 232 20 26 0.024722014 
473 203 15 19 0.024694888 
490 297 16 22 0.024440538 
33 246 16 21 0.024189675 
495 194 13 17 0.024093367 
550 139 12 17 0.02408615 
525 280 22 29 0.02342061 
455 228 14 19 0.023291532 
401 194 23 27 0.023244862 
470 169 14 19 0.023223767 
580 256 23 31 0.023081752 
565 265 25 37 0.02291923 
581 253 15 19 0.022363035 
425 279 22 30 0.022273656 
269 299 16 26 0.022258954 
594 286 16 22 0.02215172 
588 186 13 19 0.02211591 
533 169 13 17 0.02202871 
350 248 17 23 0.022000447 
434 316 17 18 0.021996416 
611 259 14 18 0.021863915 
508 266 14 19 0.02173558 
482 163 13 17 0.021075165 
260 278 35 50 0.020930972 
503 208 13 17 0.02091526 
718 254 32 39 0.020861471 
595 142 14 17 0.020780586 
327 263 12 16 0.020684572 
523 252 14 17 0.020664707 
141 309 28 31 0.020575456 
463 210 13 16 0.020473672 
286 213 10 13 0.020384535 
562 236 13 17 0.020344025 
443 167 16 19 0.020277044 
273 271 9 13 0.020189457 
532 170 52 63 0.020177037 
605 259 14 17 0.020117957 
542 141 13 18 0.02003807 
498 310 25 34 0.020037187 
437 274 15 22 0.020001259 
