2_Demonstration_Demonstration_Or_Protest_2_117
358
661 414 27 37 0.9991997 
15 525 26 32 0.9985405 
626 410 23 31 0.9967662 
697 448 33 47 0.99659306 
935 471 33 38 0.9963805 
607 454 32 39 0.996259 
512 436 29 37 0.9957573 
371 419 24 32 0.9945732 
437 428 27 30 0.9945437 
163 418 22 29 0.99407816 
972 432 25 30 0.992141 
912 606 34 47 0.99121827 
777 528 28 31 0.98528624 
803 458 29 32 0.9772798 
596 431 23 31 0.9750405 
281 438 23 30 0.97217137 
226 414 22 26 0.9700388 
173 385 19 24 0.96391433 
371 367 14 17 0.9445519 
129 427 21 27 0.90996534 
61 413 21 29 0.9026724 
364 347 11 14 0.89230156 
199 363 16 20 0.7866734 
992 265 17 22 0.76918083 
882 492 34 44 0.7422824 
183 340 14 19 0.73318607 
136 344 13 17 0.65336436 
435 332 10 14 0.6171378 
405 362 15 19 0.58431214 
25 414 23 27 0.5808256 
748 277 11 14 0.53457665 
182 330 16 18 0.533571 
779 303 15 19 0.49773937 
277 335 13 16 0.49228412 
446 350 10 12 0.48678005 
835 473 29 39 0.47503784 
306 215 16 21 0.47015938 
344 331 11 15 0.44576928 
336 406 17 23 0.40976003 
490 356 11 14 0.40813842 
541 373 17 22 0.3156856 
659 263 16 18 0.3142538 
431 407 23 27 0.31191653 
496 327 10 14 0.31185192 
60 330 12 16 0.30112767 
226 358 12 15 0.28236333 
383 331 10 11 0.27832004 
420 334 9 12 0.27478144 
684 301 10 11 0.25116837 
716 372 13 19 0.24081126 
648 315 12 16 0.22855207 
102 316 9 13 0.21685623 
855 223 12 15 0.20921728 
942 222 15 21 0.20702112 
480 328 12 16 0.19971867 
757 294 10 14 0.18560262 
572 256 24 31 0.17875029 
295 347 14 18 0.16443376 
420 339 10 13 0.16169584 
3 405 15 18 0.15906745 
607 308 11 14 0.15635972 
96 309 10 14 0.15425928 
145 369 14 17 0.14820834 
666 326 12 15 0.14343473 
232 421 21 28 0.14216064 
704 351 11 14 0.14174102 
202 331 15 20 0.13282533 
531 376 15 20 0.12506539 
113 349 9 12 0.124550276 
669 311 9 12 0.12343386 
732 395 15 19 0.1157218 
981 208 13 18 0.11498179 
891 243 11 17 0.11250372 
157 350 11 15 0.10953294 
782 291 14 17 0.10779271 
117 417 14 19 0.10553878 
764 252 12 15 0.105009735 
420 269 11 13 0.09578358 
46 239 11 13 0.0949644 
815 258 10 12 0.09456448 
409 356 14 17 0.09178032 
441 351 10 12 0.08681363 
174 330 13 15 0.08681214 
680 296 11 13 0.08661799 
118 169 22 34 0.08565355 
1013 165 9 13 0.08500978 
763 345 13 18 0.08457649 
492 456 23 29 0.08376034 
939 209 22 32 0.08172976 
777 291 11 14 0.07673332 
957 173 9 12 0.07419479 
413 352 10 12 0.07140747 
931 242 12 16 0.07097972 
484 326 13 16 0.07034238 
895 263 10 14 0.070099734 
680 264 10 12 0.06999844 
708 324 11 14 0.06957727 
601 307 12 15 0.0691288 
512 307 12 15 0.06911721 
81 399 20 28 0.06898934 
533 390 24 30 0.068657726 
470 315 8 11 0.0671516 
826 277 10 13 0.06668498 
801 124 14 16 0.066377066 
72 401 22 31 0.06566783 
669 362 10 15 0.06519871 
776 286 10 13 0.06488841 
512 300 12 15 0.06435957 
645 285 9 11 0.063919954 
737 255 9 12 0.06375975 
56 321 15 21 0.062502846 
829 488 26 34 0.06223131 
788 286 11 14 0.06213763 
30 458 13 17 0.061868537 
559 246 10 13 0.061830226 
944 212 12 18 0.06090772 
151 341 9 14 0.06037196 
887 236 19 29 0.059955526 
489 319 8 11 0.059624694 
38 309 9 12 0.058168318 
843 211 12 14 0.0568959 
85 380 12 15 0.0566189 
774 284 24 29 0.056463163 
822 255 8 12 0.056100976 
399 368 15 19 0.054407023 
978 204 12 16 0.053903617 
119 385 14 20 0.05365046 
277 226 14 18 0.052828394 
834 480 19 24 0.052761175 
91 403 16 21 0.05244278 
661 271 14 17 0.05236585 
881 498 21 25 0.051671967 
230 404 15 17 0.05105585 
408 319 7 11 0.05046786 
46 402 16 19 0.04995625 
116 344 9 11 0.04954064 
118 429 22 28 0.04924274 
95 305 9 12 0.04887958 
619 232 15 22 0.048524152 
103 321 11 13 0.048213016 
766 310 11 14 0.047804642 
760 318 11 14 0.047226023 
31 447 13 20 0.047195423 
11 410 14 16 0.04664845 
866 596 14 18 0.046540264 
286 272 13 17 0.044578318 
906 596 27 41 0.04447043 
564 262 18 23 0.044389706 
671 285 9 11 0.044136092 
503 302 9 10 0.04378575 
281 338 14 18 0.04350065 
527 371 14 20 0.043416142 
144 430 16 23 0.043185186 
415 308 9 11 0.04309653 
256 290 12 16 0.042987246 
377 369 14 18 0.042857 
81 383 10 13 0.042401757 
665 266 14 17 0.04185672 
496 442 26 33 0.041838277 
847 481 19 23 0.041810047 
231 307 11 15 0.04177796 
482 437 17 22 0.04170801 
551 246 9 12 0.040993392 
719 348 11 14 0.040952004 
571 251 18 21 0.040847976 
92 597 13 17 0.04009347 
825 283 10 12 0.039957818 
128 448 16 20 0.039759744 
792 521 27 35 0.03974 
651 313 10 11 0.039729174 
680 325 10 13 0.039370492 
123 419 14 23 0.039359536 
421 328 10 13 0.039052397 
775 279 9 12 0.03881194 
151 348 10 14 0.038497806 
21 413 17 21 0.038435817 
1001 266 15 18 0.038423534 
594 435 37 50 0.038387436 
228 214 11 13 0.03812239 
450 348 12 15 0.03777143 
816 366 9 12 0.03755589 
151 355 12 17 0.037530877 
65 404 18 23 0.036989067 
255 324 13 18 0.03694144 
615 222 24 38 0.03657161 
162 355 12 16 0.036462117 
606 201 42 55 0.03621368 
109 432 16 21 0.03621303 
685 319 9 12 0.03526077 
846 572 39 51 0.034993507 
746 272 17 23 0.034868773 
696 435 25 30 0.034820437 
153 352 19 25 0.034678746 
739 258 12 13 0.034510143 
371 348 11 15 0.03430969 
683 355 16 19 0.034174018 
993 422 22 31 0.033971604 
93 353 11 14 0.033802632 
743 205 41 53 0.033579726 
815 299 11 16 0.033114396 
155 340 12 16 0.03295849 
648 349 11 13 0.032580815 
719 370 22 28 0.032417495 
382 188 30 36 0.0324097 
449 324 9 12 0.032259125 
465 311 9 12 0.032245778 
588 248 15 21 0.03213621 
490 326 20 24 0.031857938 
416 328 9 11 0.03175828 
901 262 11 13 0.03159924 
579 249 16 22 0.031291153 
832 489 14 20 0.031221272 
745 271 11 13 0.030699175 
661 294 10 13 0.030664872 
382 292 12 14 0.030593773 
737 398 17 22 0.030397246 
727 229 12 15 0.030189998 
432 351 10 12 0.030159168 
574 244 16 18 0.0299259 
152 336 9 13 0.029900756 
665 316 11 14 0.029868174 
211 324 13 16 0.029843628 
250 355 15 21 0.029595407 
406 337 10 14 0.02958023 
921 201 39 54 0.029544981 
346 401 18 23 0.02949139 
388 328 9 12 0.029460462 
149 377 12 17 0.02926401 
388 372 12 16 0.029253209 
751 289 19 25 0.028915333 
829 291 9 13 0.02883132 
759 259 11 14 0.028516967 
204 207 10 14 0.028485868 
843 464 28 37 0.028481314 
134 364 12 15 0.028446637 
665 283 10 13 0.028220689 
809 294 9 10 0.028028646 
678 361 15 18 0.027922682 
46 313 25 34 0.027807029 
434 397 17 19 0.027798522 
117 439 14 20 0.027688412 
273 337 21 28 0.027639568 
486 347 18 24 0.027580345 
814 294 9 12 0.02751766 
730 374 23 29 0.027479544 
854 478 36 47 0.027454507 
25 406 17 18 0.02741048 
565 253 15 18 0.027325734 
367 300 10 11 0.027317155 
842 490 19 27 0.027307313 
378 332 11 12 0.027201276 
346 337 12 16 0.026942402 
284 344 14 20 0.026923021 
640 302 8 11 0.026748458 
450 355 12 15 0.026533674 
725 347 11 13 0.026431274 
715 324 12 14 0.026276583 
416 328 17 22 0.026256287 
79 253 11 13 0.026193613 
112 352 12 17 0.026189175 
766 292 12 15 0.026183559 
93 306 18 23 0.026090046 
636 257 12 14 0.026009828 
744 550 21 29 0.025877515 
224 352 11 15 0.025735224 
27 436 22 29 0.025402518 
748 254 13 15 0.02531021 
746 346 16 19 0.025277834 
809 288 7 9 0.02524445 
35 458 15 19 0.025093988 
860 592 24 28 0.025031835 
416 273 14 16 0.0249813 
431 328 17 23 0.024784649 
587 260 16 24 0.02461903 
282 263 24 29 0.024584051 
934 218 20 30 0.02458237 
717 331 11 14 0.0245767 
815 287 9 10 0.024372676 
895 273 11 13 0.024369862 
334 394 22 29 0.024310756 
14 417 15 19 0.02420871 
28 424 24 30 0.023917545 
557 376 13 19 0.023874374 
756 286 9 13 0.023774529 
83 385 15 20 0.023676142 
527 382 16 21 0.02356764 
815 307 12 16 0.023556968 
869 515 46 58 0.023539256 
784 298 15 21 0.023477674 
660 350 11 12 0.02347546 
908 212 11 13 0.023383947 
133 353 14 19 0.023295213 
42 417 13 18 0.023231458 
100 610 17 23 0.023220826 
702 216 8 12 0.023208521 
915 165 13 15 0.023177626 
760 287 22 29 0.022970537 
684 263 9 11 0.022889147 
493 319 10 13 0.022888998 
797 285 9 11 0.022765685 
127 358 11 16 0.022731641 
4 441 14 21 0.022730153 
798 462 20 23 0.022676898 
650 355 15 17 0.022618735 
848 220 13 17 0.022586128 
660 255 15 18 0.022561068 
663 358 11 15 0.022546034 
118 362 10 15 0.022412356 
716 319 10 12 0.022357067 
860 474 14 19 0.022273773 
370 358 15 19 0.022187771 
80 282 11 17 0.022094624 
502 270 8 9 0.02209105 
765 302 22 28 0.022032695 
789 328 14 17 0.02201452 
748 334 13 14 0.021976013 
129 345 12 17 0.021967772 
528 285 12 15 0.021898849 
1 407 22 29 0.02177569 
809 259 10 13 0.021709053 
376 394 14 19 0.021684803 
901 492 15 19 0.021560414 
702 345 18 23 0.021550251 
552 252 38 47 0.021541178 
679 319 10 13 0.02150002 
674 419 26 35 0.021356286 
631 259 13 15 0.02134981 
12 419 23 30 0.02133401 
496 271 9 9 0.021313187 
19 426 22 30 0.021299742 
961 609 26 39 0.021281352 
677 295 19 23 0.021255497 
388 340 13 18 0.021192653 
927 230 19 28 0.021108171 
603 303 19 24 0.021096813 
377 341 21 27 0.021047907 
527 394 14 19 0.021021856 
509 301 19 26 0.020951517 
564 373 14 18 0.020936077 
617 204 12 16 0.02091689 
685 306 11 14 0.020734208 
776 388 13 17 0.020713076 
57 417 15 20 0.020638123 
757 268 10 14 0.020612253 
910 262 11 12 0.02060423 
732 342 13 15 0.020596195 
230 457 15 20 0.020586023 
818 293 20 28 0.020573495 
677 284 12 14 0.020519122 
90 308 11 14 0.020439873 
379 399 17 21 0.020427417 
693 355 12 16 0.020286022 
673 262 21 26 0.020228922 
101 486 13 15 0.020157643 
928 280 8 11 0.020041844 
36 407 23 29 0.020038577 
611 303 11 14 0.020036038 
102 434 14 18 0.020008756 
