2_Demonstration_Protesters_2_163
479
50 177 18 21 0.9907774 
220 120 34 42 0.9807097 
368 153 14 18 0.977444 
157 184 16 22 0.93873286 
961 12 26 31 0.926756 
102 195 15 17 0.91256595 
690 150 10 12 0.7259529 
590 124 10 13 0.72320694 
499 124 12 14 0.70396864 
429 132 9 12 0.6898242 
751 158 9 11 0.68629235 
865 70 11 12 0.63367665 
616 110 9 11 0.6296969 
523 116 11 14 0.48931924 
309 163 11 13 0.46823186 
680 162 12 14 0.46220782 
124 198 17 20 0.45234847 
82 209 22 27 0.42643076 
538 124 9 12 0.4057647 
509 266 17 20 0.40430605 
901 129 10 11 0.38337818 
599 108 9 11 0.3721495 
664 179 17 22 0.369126 
531 181 12 15 0.36686018 
685 155 13 16 0.35724384 
559 123 10 12 0.3442466 
808 118 9 11 0.3227866 
785 150 9 12 0.31241527 
478 194 11 13 0.28451538 
304 165 10 12 0.27246997 
648 320 59 58 0.26924992 
390 133 9 11 0.2676252 
545 525 51 48 0.2579443 
486 140 9 12 0.25496045 
540 118 9 12 0.247857 
278 163 12 15 0.22805662 
528 186 13 16 0.22422482 
641 111 8 11 0.223987 
773 93 9 12 0.2212473 
644 118 9 11 0.218977 
14 205 11 14 0.21828797 
573 117 10 12 0.21365975 
282 159 12 14 0.20872556 
415 136 9 11 0.19214854 
455 125 11 14 0.1902482 
524 313 55 69 0.18706173 
135 167 13 19 0.18567704 
521 112 9 11 0.18049563 
926 54 10 13 0.1729227 
327 158 9 11 0.17197897 
590 131 9 12 0.17082787 
895 77 14 16 0.17054313 
863 64 10 11 0.16123588 
895 85 11 13 0.15565042 
799 144 10 13 0.1552019 
368 174 10 13 0.14271672 
416 167 10 12 0.12921835 
563 410 64 64 0.12497015 
512 150 7 9 0.124545634 
922 56 10 12 0.12285451 
90 202 18 24 0.12027584 
576 125 9 12 0.11849219 
766 124 8 11 0.11815625 
768 120 8 11 0.11762805 
357 141 9 13 0.11396991 
1011 130 12 19 0.11382163 
61 236 12 14 0.11358722 
296 166 11 14 0.11327773 
403 143 7 10 0.109854825 
497 121 10 12 0.105921194 
752 162 10 11 0.100333 
444 119 9 11 0.09865703 
421 138 12 14 0.09783165 
425 710 34 36 0.095881514 
613 126 8 10 0.095529094 
552 118 8 11 0.091618344 
339 177 16 21 0.09056725 
319 166 8 11 0.0898867 
758 112 7 10 0.089736074 
372 174 11 13 0.08901782 
34 179 14 18 0.0890173 
790 144 9 11 0.088542156 
382 173 10 13 0.0874481 
482 141 9 11 0.08743531 
117 218 16 20 0.08672466 
140 159 9 12 0.08642011 
568 117 9 12 0.08627419 
460 141 10 12 0.08509448 
470 133 9 11 0.0850558 
159 162 15 19 0.08491542 
561 183 11 13 0.083502784 
774 117 7 11 0.083355 
964 24 27 34 0.08309262 
356 689 50 52 0.08007426 
543 112 8 10 0.07991835 
667 188 22 28 0.07920993 
785 117 9 10 0.078590125 
460 131 12 14 0.07838154 
501 264 30 35 0.077201 
91 222 15 19 0.07546776 
759 140 11 13 0.07475424 
784 113 8 11 0.07450829 
633 326 39 35 0.07425154 
45 252 12 18 0.073538415 
408 136 8 11 0.07248114 
406 142 8 11 0.071298935 
332 158 9 12 0.07053343 
550 434 71 64 0.07043835 
487 295 10 12 0.06866447 
342 135 9 11 0.06819496 
21 241 16 21 0.066748075 
775 113 8 11 0.06591019 
547 330 39 49 0.06588392 
447 123 11 14 0.06570789 
485 191 10 12 0.06565254 
415 159 10 12 0.065023296 
352 141 10 12 0.0642552 
848 77 8 9 0.06381141 
553 124 10 12 0.06374967 
535 103 8 9 0.06352644 
900 71 13 15 0.06333055 
849 133 9 11 0.06166015 
753 119 8 10 0.061183836 
524 236 13 14 0.060957797 
760 119 8 10 0.06092338 
401 149 9 11 0.060222987 
0 205 10 16 0.06006573 
259 174 16 21 0.059884857 
78 203 16 20 0.05950839 
714 398 60 64 0.05949697 
493 269 10 13 0.059490886 
273 165 11 15 0.059474573 
20 229 25 29 0.059402984 
736 190 9 11 0.059010886 
6 204 12 16 0.05784437 
552 104 7 9 0.056576937 
520 135 9 12 0.05652685 
541 132 10 12 0.056407694 
996 22 24 31 0.05628948 
849 149 8 10 0.05614445 
130 205 16 21 0.05494946 
538 140 8 11 0.054716166 
613 315 57 61 0.05456074 
419 171 10 12 0.054360136 
929 95 11 14 0.05381477 
526 135 8 10 0.05380939 
424 129 10 11 0.053333994 
352 156 9 11 0.053070363 
327 164 8 12 0.05295094 
564 196 12 14 0.052689746 
901 60 12 13 0.05245781 
520 144 8 10 0.05130277 
399 135 8 11 0.051178165 
572 454 55 59 0.050679557 
117 210 14 18 0.050674822 
141 255 12 14 0.05042332 
260 167 11 14 0.04864795 
334 164 10 13 0.048553683 
155 166 22 29 0.048496462 
645 123 10 12 0.047823496 
519 148 8 10 0.047351655 
822 135 7 10 0.047344778 
1004 30 14 18 0.04729839 
1005 20 13 18 0.04649863 
512 257 25 33 0.046474256 
41 300 17 20 0.04625415 
522 258 14 21 0.045680176 
561 188 14 16 0.045676056 
570 112 8 11 0.04555923 
243 163 12 14 0.045483425 
858 61 8 10 0.04526453 
756 164 9 11 0.04442489 
134 190 12 16 0.044342015 
287 227 13 18 0.044225972 
511 157 9 12 0.04420119 
518 500 44 55 0.04415033 
556 326 57 61 0.04378162 
528 177 11 12 0.04357917 
860 56 9 11 0.043486997 
676 333 37 46 0.04321845 
1003 109 10 14 0.042985283 
520 105 7 8 0.042551495 
99 225 11 16 0.042455193 
398 118 9 10 0.04226012 
417 151 9 12 0.042171378 
607 486 54 51 0.042125028 
505 323 51 72 0.04189015 
990 80 15 18 0.041501053 
749 372 63 63 0.04120095 
16 169 15 18 0.040701658 
321 158 42 51 0.04056777 
160 179 22 31 0.040414196 
585 140 10 11 0.040368073 
4 152 13 16 0.04010236 
528 104 7 8 0.03998437 
750 126 9 11 0.03995758 
480 136 9 11 0.039916843 
693 417 82 105 0.03946519 
572 203 14 16 0.039367553 
341 166 11 13 0.03919194 
408 700 60 59 0.038950995 
663 151 9 13 0.038820338 
719 139 10 12 0.03852184 
632 104 8 10 0.03836178 
335 173 14 17 0.038356323 
863 133 9 11 0.038061284 
428 150 11 13 0.03782022 
890 80 22 28 0.037741467 
270 171 13 18 0.036699418 
786 145 9 12 0.036678597 
605 204 27 28 0.036649395 
393 119 8 10 0.036645968 
437 133 9 13 0.03658557 
893 112 9 12 0.036393818 
125 192 13 16 0.036321122 
557 149 9 12 0.036204763 
421 149 12 13 0.036098257 
599 116 9 11 0.036088403 
750 143 11 13 0.036052193 
565 204 13 15 0.036036447 
671 148 12 15 0.035910763 
552 143 9 12 0.035901286 
558 112 8 9 0.035845593 
350 137 8 10 0.035428595 
853 132 10 12 0.035355877 
641 122 9 12 0.03510311 
328 173 9 11 0.034858003 
792 135 8 10 0.034704823 
551 111 7 10 0.03444883 
357 174 13 17 0.03441069 
830 455 42 39 0.034385942 
452 122 19 22 0.03428512 
598 180 13 15 0.034120265 
673 165 21 26 0.03399727 
535 95 8 10 0.03389311 
77 189 13 16 0.03383824 
804 146 11 13 0.03383674 
608 120 9 10 0.033810087 
688 132 10 12 0.033494316 
785 95 7 10 0.033419657 
427 136 12 14 0.033358935 
13 175 15 19 0.033209406 
736 149 9 11 0.033183746 
760 134 11 13 0.03291782 
368 136 8 9 0.03249282 
385 129 8 11 0.032190967 
323 189 31 42 0.032133456 
784 101 8 10 0.03213274 
321 158 10 13 0.03210346 
255 158 14 16 0.031705026 
309 168 13 15 0.0316821 
440 158 9 11 0.031460475 
815 71 7 8 0.031388782 
743 367 113 95 0.031358685 
720 110 8 9 0.03130395 
737 166 10 13 0.030962747 
0 157 10 14 0.03085172 
14 242 13 18 0.030845335 
455 165 8 10 0.030818606 
608 96 7 9 0.030728769 
694 133 9 11 0.030630855 
585 120 9 11 0.030365292 
672 201 14 18 0.03035214 
28 235 24 30 0.030283406 
802 102 7 9 0.03011454 
606 104 8 9 0.029918347 
559 165 11 14 0.02975931 
601 141 9 11 0.029693844 
250 161 23 27 0.029674027 
664 214 11 15 0.029655179 
487 264 9 12 0.029637314 
569 103 7 9 0.029624807 
3 209 13 18 0.029607197 
832 149 8 10 0.029540136 
1012 18 11 17 0.029465495 
900 91 11 15 0.02935131 
148 160 21 28 0.02908607 
591 443 61 68 0.029076856 
634 109 8 11 0.029028585 
57 231 20 24 0.02900834 
469 128 9 11 0.028831348 
613 105 18 22 0.02878594 
473 192 10 11 0.028772114 
991 33 27 34 0.028744847 
17 216 23 29 0.028725898 
12 200 19 23 0.028667485 
150 150 10 13 0.028606972 
31 174 12 16 0.028548438 
587 134 9 12 0.02852996 
447 158 7 10 0.028474934 
201 111 34 38 0.028390791 
817 135 9 11 0.028177768 
867 64 10 13 0.028163401 
751 133 10 11 0.028089328 
352 150 11 13 0.027949953 
163 146 15 18 0.027923817 
441 113 9 10 0.027850665 
622 104 8 10 0.027745156 
822 127 9 12 0.027641116 
832 113 8 10 0.027622059 
555 348 66 69 0.027604284 
822 140 8 10 0.027522344 
746 125 8 11 0.027505198 
542 150 9 12 0.027290916 
479 276 10 11 0.02727136 
326 171 27 32 0.027241604 
385 688 98 95 0.027120681 
284 168 12 15 0.027048426 
997 41 13 16 0.026884304 
686 145 17 21 0.02681441 
582 198 10 12 0.026697673 
416 129 8 10 0.026675142 
879 87 9 11 0.026663933 
1002 121 18 27 0.026631746 
816 104 7 8 0.026620315 
863 66 17 21 0.02651422 
872 142 10 11 0.026510878 
591 315 30 42 0.026474051 
768 101 9 11 0.026284857 
328 178 11 15 0.0262013 
995 111 20 29 0.026135549 
513 110 8 10 0.026089786 
822 88 8 9 0.026076889 
50 249 15 22 0.026059704 
491 141 11 13 0.026042834 
-1 216 10 17 0.025999205 
129 166 11 15 0.02597315 
303 159 19 22 0.025899066 
807 135 9 10 0.025805362 
690 331 53 56 0.0256855 
565 166 11 13 0.025656208 
790 112 7 10 0.025652084 
446 130 11 16 0.02561178 
626 348 56 63 0.025506474 
144 151 9 12 0.02538353 
501 317 15 19 0.025379436 
504 104 7 9 0.025306437 
607 133 10 12 0.025296446 
496 112 7 9 0.025261749 
78 223 14 19 0.025247049 
595 109 9 11 0.025205657 
525 141 8 10 0.025165701 
5 242 15 18 0.024980852 
462 111 9 10 0.024954094 
561 192 21 23 0.02495313 
16 251 25 33 0.024893466 
550 132 10 12 0.024869686 
375 128 8 9 0.024861407 
444 119 19 24 0.024851521 
360 128 8 9 0.024820797 
151 155 11 15 0.024791729 
150 156 43 53 0.024728734 
36 174 20 26 0.024723288 
454 121 10 13 0.024722425 
334 151 9 11 0.024685483 
421 155 10 13 0.024521954 
263 151 9 11 0.02448531 
653 132 10 12 0.024436785 
785 124 9 12 0.024409255 
494 223 7 11 0.024369521 
100 206 15 21 0.024347141 
433 695 58 55 0.024217164 
817 87 7 10 0.02419913 
746 151 10 13 0.024161493 
417 134 20 22 0.024124108 
473 102 8 10 0.024047492 
456 189 9 11 0.02403717 
140 188 12 18 0.023987416 
457 111 8 9 0.02391029 
800 128 7 10 0.02390385 
41 255 21 28 0.02387967 
588 169 15 17 0.02384513 
799 134 8 10 0.023809072 
66 235 14 17 0.023678126 
275 162 21 25 0.023673616 
559 104 7 9 0.023466267 
454 160 8 10 0.023435572 
477 198 14 19 0.023427121 
587 179 16 18 0.023416476 
18 347 447 462 0.023404747 
814 152 8 9 0.023397401 
512 163 9 12 0.02328835 
162 159 21 29 0.023260815 
852 144 10 11 0.023184892 
692 144 10 13 0.02308106 
294 159 10 13 0.023028871 
518 435 68 63 0.023013184 
806 96 6 9 0.022965416 
683 165 15 20 0.022944925 
586 119 19 23 0.022907421 
10 211 23 28 0.022899382 
801 96 8 9 0.022891603 
424 112 8 10 0.022739492 
338 141 9 12 0.022717198 
807 114 9 11 0.022659024 
543 198 12 14 0.022652194 
440 124 9 13 0.022648148 
757 148 11 13 0.022604093 
54 241 14 20 0.02258128 
478 181 12 13 0.02257151 
599 134 8 11 0.022555893 
567 140 11 14 0.022493772 
839 60 9 10 0.022491382 
703 150 9 12 0.022470549 
576 393 39 43 0.022462372 
348 173 14 19 0.022407176 
671 196 25 30 0.022320274 
840 55 8 10 0.022298304 
711 120 7 9 0.022252489 
629 190 13 16 0.022228427 
895 98 11 14 0.022208218 
511 239 10 12 0.022122044 
13 186 12 15 0.022070568 
803 117 9 11 0.022042222 
461 147 10 12 0.022031832 
470 117 9 12 0.021980332 
832 159 8 10 0.021941468 
441 286 9 10 0.021933049 
564 172 12 14 0.021910485 
341 -33 216 217 0.021888547 
574 196 13 15 0.021807564 
814 124 9 12 0.02171678 
580 226 14 20 0.021716435 
302 169 45 56 0.02165604 
431 262 9 11 0.021650141 
523 324 14 18 0.021630283 
507 197 12 12 0.021612644 
575 132 9 11 0.021601835 
493 261 23 28 0.021521704 
489 119 8 12 0.021483038 
455 184 9 12 0.021449035 
709 125 8 10 0.021448078 
39 241 22 27 0.021445544 
906 69 12 14 0.02138362 
566 123 10 12 0.02135587 
593 118 99 113 0.021333745 
430 164 10 12 0.021321863 
527 121 10 13 0.021225821 
0 164 8 13 0.021222834 
534 113 19 23 0.02116943 
477 270 10 11 0.021164738 
90 230 17 21 0.02113381 
495 238 8 12 0.021100739 
447 511 9 11 0.021098083 
541 188 10 12 0.021086298 
790 127 9 10 0.02108275 
825 112 7 9 0.021066476 
383 141 10 12 0.021063415 
603 220 23 28 0.021053836 
573 227 15 19 0.020988593 
511 245 11 13 0.020932859 
134 177 13 17 0.020907167 
620 197 14 17 0.020883992 
416 112 8 9 0.020816358 
520 232 11 13 0.020809812 
746 151 20 23 0.020806039 
629 415 59 62 0.020775057 
309 180 13 16 0.020771362 
481 127 8 11 0.020733822 
559 157 9 12 0.020729192 
857 96 8 10 0.02071261 
544 104 7 10 0.020686243 
399 111 9 11 0.020637203 
505 262 12 15 0.020623764 
144 259 12 15 0.02056176 
158 140 12 15 0.020523975 
559 176 19 24 0.020514976 
640 87 9 10 0.020402253 
756 557 107 132 0.020379664 
772 165 10 12 0.02033345 
120 191 12 15 0.020302309 
50 266 13 18 0.020282116 
360 137 8 10 0.020267073 
102 157 11 13 0.020253526 
469 164 9 12 0.020230396 
752 95 8 9 0.020147655 
784 88 8 9 0.020146854 
930 52 12 14 0.02006108 
575 189 11 14 0.020028027 
