2_Demonstration_Protesters_2_156
91
432 322 44 62 0.99795663 
250 314 41 56 0.9964156 
739 439 54 53 0.9938981 
612 340 47 53 0.9926709 
137 324 37 45 0.9922699 
57 290 35 42 0.98959494 
987 -3 39 50 0.955926 
-1 315 21 32 0.26658565 
353 121 15 18 0.22879294 
704 148 11 14 0.21243913 
779 131 16 19 0.12731557 
97 140 15 17 0.11152018 
58 134 27 29 0.10857992 
553 119 23 30 0.10107709 
685 144 9 12 0.100371145 
512 502 28 34 0.09113794 
38 406 32 41 0.09064513 
695 160 10 13 0.08725316 
659 207 15 20 0.08502991 
754 376 13 17 0.0754335 
702 154 11 15 0.07447447 
672 134 9 11 0.07252269 
711 134 9 11 0.07196513 
671 165 10 13 0.0681529 
101 165 12 14 0.064937875 
686 118 9 11 0.06305845 
680 119 8 11 0.0608721 
679 142 10 13 0.058611713 
754 156 14 16 0.052875683 
673 139 9 12 0.05286762 
678 125 8 11 0.052602176 
240 166 10 13 0.047110472 
708 141 10 13 0.044745974 
679 110 8 11 0.04261542 
759 141 9 11 0.04236101 
756 151 12 14 0.04160348 
797 148 9 12 0.040708035 
721 120 8 11 0.03922043 
776 117 9 12 0.038926397 
719 134 11 14 0.038478922 
703 128 8 10 0.037250098 
673 109 8 10 0.036249526 
836 157 9 11 0.03482788 
701 176 9 12 0.03422973 
681 265 21 31 0.033469427 
686 112 10 12 0.032983106 
688 124 8 11 0.03281828 
710 128 9 11 0.03253101 
669 159 11 14 0.032215327 
673 126 9 12 0.03119757 
703 134 10 12 0.031126438 
735 151 8 10 0.031044247 
774 337 29 39 0.030625634 
628 120 14 15 0.030474816 
774 167 9 12 0.03035622 
293 207 32 40 0.030160548 
744 152 8 11 0.029882975 
689 157 9 13 0.029618718 
695 127 8 11 0.028503299 
475 317 15 23 0.028198358 
665 157 11 15 0.027586179 
70 317 29 32 0.027159158 
725 130 14 18 0.027093992 
665 152 9 12 0.026275601 
273 174 10 12 0.025987888 
708 395 44 50 0.02581784 
133 500 37 38 0.025812116 
720 125 10 13 0.025456535 
667 92 11 14 0.02496955 
701 139 19 24 0.024562974 
792 392 43 48 0.024535855 
696 132 8 11 0.024493767 
838 96 40 53 0.024465712 
462 416 90 119 0.024227533 
808 115 13 17 0.02397714 
734 449 34 38 0.02371522 
766 149 11 13 0.023519991 
764 142 11 13 0.023127683 
759 116 11 14 0.023096878 
672 119 9 12 0.022863472 
349 126 15 19 0.022675863 
702 189 9 11 0.022457756 
307 566 13 18 0.02207648 
677 158 10 13 0.021916946 
766 156 9 13 0.021842193 
831 158 9 11 0.021589015 
502 335 13 19 0.021529237 
269 480 34 35 0.021257205 
815 149 10 11 0.020372596 
54 131 17 19 0.020267999 
662 112 9 11 0.020121364 
