2_Demonstration_Political_Rally_2_406
60
261 593 92 119 0.9990651 
624 616 132 160 0.9990441 
508 697 59 75 0.9988142 
490 580 25 33 0.99875915 
124 589 23 29 0.9976132 
559 612 37 51 0.99125516 
746 337 14 17 0.983255 
801 610 164 175 0.98162544 
138 559 23 27 0.97961825 
252 547 21 25 0.97587365 
69 553 21 26 0.93327916 
378 615 48 75 0.65093184 
165 650 25 48 0.6240567 
210 629 20 23 0.5502657 
0 583 18 24 0.17666675 
13 656 54 96 0.15578929 
755 573 69 64 0.14146028 
809 360 9 11 0.11786331 
199 631 23 30 0.11431744 
327 545 16 24 0.080343954 
789 318 13 16 0.07915297 
106 662 27 44 0.069268204 
694 160 10 11 0.06775123 
69 665 16 21 0.05603534 
247 611 32 47 0.05241938 
710 613 150 167 0.049686775 
175 638 35 51 0.04592055 
812 363 9 11 0.04192853 
1012 125 10 15 0.037233893 
95 652 29 47 0.03672193 
28 584 16 18 0.036692306 
990 131 12 13 0.03482684 
13 610 24 37 0.03434063 
251 601 60 85 0.03413729 
343 588 82 114 0.03371604 
24 640 48 73 0.032569837 
10 583 14 21 0.03130744 
200 682 31 35 0.03080167 
60 657 26 34 0.030376764 
164 602 16 22 0.026831258 
771 21 58 73 0.025961686 
749 557 109 119 0.025467478 
688 160 9 10 0.025397312 
607 247 10 12 0.025141224 
905 628 112 149 0.025128145 
100 617 15 19 0.024718821 
805 389 10 12 0.024391899 
40 629 31 43 0.02386876 
792 -1 55 54 0.023500357 
67 565 18 21 0.023473868 
33 677 34 58 0.023302438 
198 632 39 58 0.02317813 
806 431 10 15 0.023173695 
676 184 27 31 0.022848088 
39 605 25 32 0.02272068 
197 627 16 22 0.022456707 
818 311 9 11 0.022221226 
796 322 12 15 0.022167975 
224 631 17 22 0.021181766 
734 358 11 13 0.020814052 
