2_Demonstration_Demonstrators_2_488
28
509 1 139 142 0.9999105 
228 40 117 155 0.9998578 
0 75 35 46 0.99075866 
981 134 44 88 0.89980257 
385 0 43 31 0.89873105 
151 28 80 107 0.802948 
432 10 59 52 0.56044483 
945 165 34 48 0.39866164 
184 31 95 127 0.23779497 
166 44 38 49 0.1804974 
155 166 28 35 0.117974706 
956 152 45 76 0.08960296 
146 14 61 82 0.084869765 
446 94 72 119 0.081973545 
396 0 61 54 0.07403304 
181 18 67 83 0.069243744 
485 49 116 129 0.063776806 
471 86 94 121 0.060547043 
143 154 42 60 0.05779374 
270 -2 51 37 0.047098584 
133 72 51 66 0.03300795 
91 122 26 33 0.032087136 
471 4 115 114 0.03181827 
971 96 45 103 0.031660993 
424 13 95 97 0.029248364 
65 170 36 39 0.026472041 
16 69 32 42 0.02269925 
436 43 107 141 0.020688217 
