2_Demonstration_Protesters_2_508
130
949 175 33 38 0.9972807 
868 140 26 39 0.99329126 
987 146 25 32 0.9895169 
314 180 32 38 0.9879226 
956 111 23 30 0.97940344 
716 167 40 43 0.9759797 
95 175 22 32 0.95093626 
236 181 26 37 0.92116386 
788 139 23 28 0.9100466 
935 151 23 32 0.89912164 
182 203 25 29 0.8652604 
654 155 28 33 0.849992 
441 203 34 39 0.5583174 
266 179 25 31 0.44472468 
175 88 10 13 0.3619506 
541 162 26 41 0.28481326 
271 72 17 20 0.23581071 
966 115 21 29 0.21720126 
29 185 25 32 0.21098769 
254 179 25 34 0.16008818 
643 152 25 31 0.15943934 
190 177 23 31 0.15125918 
782 146 18 22 0.14809954 
635 151 14 21 0.12741534 
980 122 15 20 0.12325519 
671 157 19 24 0.11976158 
699 180 34 45 0.117825516 
182 216 28 34 0.11143238 
561 235 41 43 0.10952736 
259 197 23 30 0.09686746 
219 249 40 58 0.09546963 
430 191 26 34 0.09052076 
637 159 16 23 0.08398755 
186 187 27 37 0.083987445 
455 201 19 24 0.079906926 
750 366 14 16 0.072776556 
580 161 26 38 0.06825084 
866 123 13 17 0.06535687 
37 170 43 51 0.06345568 
309 132 14 16 0.06328069 
360 168 24 34 0.06122948 
499 199 17 21 0.05984949 
178 192 19 28 0.055876233 
96 148 26 30 0.05302308 
775 136 38 44 0.051067114 
22 163 29 37 0.04875534 
71 169 37 46 0.048426498 
749 212 15 19 0.04818982 
451 196 18 21 0.047402292 
286 178 33 47 0.046895638 
659 132 26 33 0.045844704 
301 181 28 39 0.045356527 
548 180 33 37 0.04496118 
684 156 13 19 0.042899486 
364 180 15 21 0.03939431 
493 204 15 18 0.03718075 
797 175 24 30 0.03690875 
15 192 27 34 0.036744326 
949 411 13 19 0.03648488 
975 395 11 14 0.035345398 
589 145 15 18 0.034500577 
988 98 15 19 0.03423425 
765 175 16 21 0.03335827 
855 140 12 18 0.033273324 
873 229 28 34 0.03300471 
673 145 17 23 0.032916002 
746 214 26 31 0.032585807 
116 228 15 17 0.031970028 
23 186 14 20 0.031711504 
435 110 11 13 0.031614613 
611 191 26 38 0.03144553 
378 156 35 49 0.031282455 
496 184 27 32 0.03123083 
487 205 24 31 0.030927375 
967 147 40 49 0.030756254 
867 130 16 23 0.030345403 
615 189 39 57 0.030205904 
706 202 19 27 0.030002363 
506 193 15 21 0.02932975 
439 120 11 16 0.02894965 
361 226 30 34 0.028332507 
531 169 27 42 0.027778788 
235 34 12 15 0.027745117 
453 202 44 52 0.02772489 
35 160 31 34 0.027423048 
830 294 16 21 0.026865989 
724 190 46 56 0.026302144 
58 170 34 40 0.02627823 
507 189 26 35 0.026077779 
180 178 25 37 0.025904791 
187 232 18 20 0.025830539 
558 189 34 38 0.025737675 
692 176 26 39 0.025704624 
369 84 15 17 0.025671452 
449 214 20 23 0.025448285 
370 175 14 22 0.025392314 
195 172 17 23 0.024562722 
709 193 36 42 0.024409195 
429 190 16 25 0.024129283 
307 133 22 26 0.02406662 
156 354 27 32 0.024004472 
181 157 24 30 0.023565905 
638 144 11 14 0.023373868 
103 184 19 26 0.02318729 
357 146 27 36 0.022921441 
371 168 26 36 0.022625504 
982 128 21 26 0.022416815 
84 177 40 50 0.022287391 
772 163 14 18 0.022138236 
441 203 23 22 0.021976374 
417 254 30 34 0.02187601 
205 62 9 11 0.021718767 
68 157 32 39 0.02162361 
577 543 27 31 0.021589894 
551 161 32 40 0.021344928 
345 152 29 42 0.02122838 
47 157 31 35 0.021211997 
508 159 24 34 0.021197556 
854 137 22 30 0.02101168 
914 142 22 38 0.020948406 
828 165 15 20 0.020820664 
556 248 35 43 0.02073491 
21 180 47 52 0.020651748 
342 196 27 33 0.020577226 
265 204 28 32 0.0205162 
642 148 15 20 0.020486379 
1012 202 11 17 0.020429594 
564 174 33 38 0.02038395 
225 289 34 51 0.020237638 
998 149 18 25 0.020024069 
