2_Demonstration_Demonstration_Or_Protest_2_617
53
55 416 52 64 0.9989085 
734 82 69 83 0.99347246 
591 486 60 70 0.99144053 
7 400 38 46 0.9893 
154 392 50 64 0.9852099 
540 440 40 47 0.96778315 
804 506 136 156 0.96341693 
647 461 40 43 0.95685977 
415 454 37 39 0.881304 
264 459 56 73 0.85276777 
316 441 42 56 0.8460981 
368 433 22 30 0.76087534 
183 182 29 38 0.3315546 
290 446 46 65 0.27876157 
196 448 48 66 0.08863015 
138 217 15 20 0.060857262 
148 191 14 20 0.060088802 
93 314 17 19 0.05741253 
486 423 10 13 0.053788852 
83 176 23 31 0.049539674 
145 183 27 35 0.048123665 
360 333 18 20 0.04695582 
13 12 26 29 0.044171803 
624 340 15 19 0.043237302 
0 388 11 17 0.042761367 
598 522 44 45 0.038510844 
164 411 58 69 0.038183622 
2 318 29 37 0.036646094 
472 448 28 34 0.034271907 
470 98 216 297 0.033918772 
506 414 27 31 0.033338245 
142 246 27 37 0.03200354 
306 301 41 42 0.029241072 
13 263 29 32 0.027680913 
32 35 41 58 0.02716766 
98 307 20 23 0.026997864 
103 275 29 36 0.02620516 
0 420 25 39 0.02505297 
192 171 30 38 0.02495874 
418 458 21 24 0.024413798 
439 413 12 14 0.023757348 
652 510 29 38 0.02366563 
430 461 39 43 0.023202108 
293 442 31 41 0.022986375 
171 131 24 31 0.022949636 
289 433 28 32 0.022679295 
135 204 23 31 0.02242564 
178 490 81 79 0.02174065 
131 494 137 140 0.021478977 
637 508 35 48 0.021131966 
213 107 34 42 0.020952119 
404 459 32 38 0.02088079 
223 448 61 74 0.020093437 
