2_Demonstration_Protesters_2_1033
27
109 38 94 118 0.9995252 
314 200 53 76 0.99894124 
414 312 30 39 0.99734396 
358 267 33 44 0.9631052 
495 344 25 35 0.9609425 
834 423 10 14 0.23626941 
548 416 10 12 0.18379273 
484 329 41 53 0.11819103 
800 467 10 12 0.102480054 
44 342 101 99 0.06931477 
809 430 8 11 0.052013367 
428 402 17 22 0.045632385 
562 428 10 12 0.044565056 
559 423 9 12 0.042997308 
428 482 59 73 0.04022025 
481 367 17 20 0.03701722 
448 384 9 11 0.035517488 
407 388 40 51 0.032598283 
479 342 26 33 0.030932637 
544 410 18 23 0.026833808 
336 210 53 71 0.026156446 
555 412 12 14 0.02466076 
484 359 17 21 0.024306975 
20 218 183 202 0.024059353 
84 286 100 115 0.023764608 
269 409 51 54 0.022564663 
563 510 15 21 0.020984892 
