2_Demonstration_Demonstrators_2_567
30
535 51 69 83 0.99893767 
699 60 56 79 0.99799985 
431 122 45 55 0.9918577 
900 39 47 99 0.9201567 
75 94 37 49 0.7691305 
245 94 48 55 0.17584689 
857 303 172 236 0.14788699 
197 75 40 56 0.1270779 
90 486 16 21 0.076880865 
20 115 25 31 0.071653314 
925 48 59 91 0.07115065 
250 112 49 65 0.061947558 
97 92 16 20 0.060213994 
233 120 49 68 0.058632374 
953 61 61 90 0.05619926 
212 81 48 63 0.051802475 
68 102 29 34 0.051374875 
630 122 47 57 0.04857509 
62 107 15 20 0.048538644 
91 96 18 23 0.041510273 
273 101 40 47 0.036006227 
742 709 33 32 0.031848606 
196 305 13 17 0.031428162 
54 64 71 98 0.027217714 
28 152 41 60 0.025492072 
115 32 16 18 0.023539122 
12 546 21 35 0.023062596 
98 18 15 19 0.02171525 
275 123 36 46 0.02049347 
728 762 58 49 0.020138869 
