2_Demonstration_Demonstration_Or_Protest_2_402
417
476 125 45 52 0.99469143 
797 124 57 66 0.9904612 
313 150 62 71 0.9860896 
386 111 57 63 0.9837166 
187 151 56 65 0.97912323 
672 140 61 66 0.92818683 
609 112 51 57 0.921541 
916 9 18 23 0.7352213 
484 70 15 20 0.67393744 
970 73 13 16 0.4430493 
521 29 9 13 0.34609902 
497 14 9 11 0.338508 
154 157 17 22 0.33436477 
480 55 11 14 0.31621453 
393 69 10 13 0.28096882 
478 37 10 12 0.27680588 
443 68 14 18 0.2752855 
309 16 10 13 0.26892862 
253 250 13 16 0.24615647 
328 59 9 11 0.2396763 
388 443 23 27 0.23249763 
444 63 10 13 0.22499903 
414 44 10 12 0.22228964 
844 28 15 19 0.21133877 
153 103 17 21 0.2051048 
977 16 11 14 0.19450442 
974 106 14 19 0.1908395 
445 23 8 10 0.19046223 
549 12 11 14 0.18925586 
499 21 9 12 0.18858573 
971 179 12 16 0.18320765 
519 61 9 12 0.17597969 
319 56 9 12 0.16967435 
486 14 10 12 0.15938549 
370 491 18 21 0.15752542 
532 46 10 12 0.15738551 
518 54 8 11 0.1505788 
454 54 9 12 0.14847451 
91 221 12 15 0.14437321 
503 104 25 30 0.14201804 
333 56 8 11 0.14038964 
840 62 28 32 0.1374776 
486 20 10 12 0.13743731 
479 43 10 13 0.13706836 
519 22 10 13 0.1368044 
446 30 9 12 0.13675871 
518 15 8 11 0.1345501 
212 253 16 19 0.13333398 
463 12 11 13 0.13082069 
314 56 8 11 0.12603204 
496 43 10 12 0.12547602 
431 32 9 12 0.123315826 
983 35 9 12 0.11976587 
683 92 11 13 0.11894743 
397 47 8 11 0.118752904 
320 38 8 11 0.11814838 
360 62 7 10 0.11579096 
319 33 7 9 0.11565714 
726 88 11 14 0.11203928 
463 44 9 11 0.1116742 
647 66 14 15 0.10916618 
595 28 13 17 0.10209007 
312 61 9 11 0.101817675 
981 204 10 13 0.10163707 
992 125 13 16 0.10115585 
433 37 8 10 0.10068735 
373 20 8 11 0.098869935 
974 59 13 17 0.09843231 
397 31 8 12 0.09741318 
176 93 15 19 0.09716493 
400 52 7 10 0.0968114 
978 284 13 14 0.09632484 
346 54 8 10 0.09610014 
351 54 8 11 0.09564846 
420 38 9 11 0.09454593 
393 38 9 10 0.093658775 
415 29 10 13 0.090420626 
473 37 10 12 0.09013557 
404 69 11 12 0.08884658 
313 72 9 12 0.087646395 
93 213 11 13 0.08699483 
480 75 21 28 0.08636906 
839 14 26 31 0.08446207 
410 46 9 11 0.08421197 
533 68 10 12 0.08282327 
156 10 25 29 0.08029184 
520 67 9 13 0.08012636 
519 34 10 12 0.0798434 
706 11 10 12 0.0791331 
918 226 12 15 0.07886107 
421 31 10 12 0.077707775 
593 83 11 13 0.07682836 
369 17 8 10 0.07635413 
352 28 9 11 0.07582237 
455 47 9 11 0.07581001 
1014 355 9 13 0.07525813 
358 56 8 11 0.07475997 
357 78 8 11 0.074311934 
374 39 8 10 0.073205955 
164 70 16 19 0.07314235 
527 15 9 10 0.07265102 
327 40 10 11 0.07240002 
310 45 8 11 0.07204778 
527 23 10 12 0.07167793 
617 28 14 18 0.07131513 
448 56 10 12 0.06971108 
238 194 22 30 0.06884122 
160 105 23 30 0.066924736 
432 61 9 11 0.06685387 
358 22 8 11 0.06642487 
286 45 9 12 0.06411036 
301 452 22 25 0.06407835 
357 30 8 11 0.060791776 
172 97 22 27 0.06026032 
163 125 15 19 0.059095435 
993 221 10 13 0.059031293 
333 38 9 11 0.05862053 
159 52 26 33 0.058267124 
414 63 9 11 0.057367597 
995 115 12 17 0.057131704 
413 68 9 10 0.05641669 
500 7 9 12 0.05532232 
424 61 8 11 0.055266324 
438 35 9 12 0.054855105 
607 70 10 14 0.05430063 
368 38 8 11 0.053769358 
361 37 8 11 0.053451937 
863 243 14 17 0.053392366 
532 100 13 16 0.053286023 
517 47 10 13 0.05288329 
1010 213 12 16 0.05273327 
408 64 9 12 0.05253779 
440 30 10 13 0.05250063 
471 73 11 14 0.05242255 
385 77 9 11 0.051635243 
383 425 13 16 0.051408213 
525 63 11 13 0.05108718 
534 40 10 12 0.051051196 
391 32 10 12 0.05103651 
414 52 11 12 0.050665364 
1000 310 11 12 0.050591454 
397 72 13 15 0.050512984 
83 196 10 13 0.049849913 
414 285 11 13 0.04922807 
319 15 9 12 0.048678428 
154 5 15 17 0.048630774 
334 86 8 10 0.04853373 
550 18 12 13 0.048486143 
305 18 10 13 0.048160896 
329 544 9 10 0.04801363 
325 23 8 10 0.047636457 
857 52 14 17 0.04760802 
579 45 10 12 0.04751804 
95 208 11 12 0.047394067 
754 271 11 14 0.04725186 
392 0 10 10 0.047208324 
338 14 8 10 0.047156725 
311 7 8 10 0.046481144 
384 8 9 11 0.045900654 
925 237 13 16 0.04548035 
398 65 9 12 0.044938445 
367 512 14 18 0.044770513 
430 56 9 12 0.044666138 
175 367 11 14 0.044665013 
542 39 10 13 0.04431328 
835 18 14 18 0.044266686 
335 33 8 10 0.044161133 
312 39 9 12 0.043987993 
575 15 9 11 0.04367007 
390 15 10 13 0.04360259 
411 39 10 12 0.043259177 
440 15 9 12 0.042953838 
343 22 10 11 0.042942774 
457 14 10 11 0.042688183 
772 10 18 23 0.042498033 
176 43 16 17 0.042192657 
689 30 11 14 0.042072807 
481 13 10 12 0.04205341 
252 327 10 14 0.041960165 
391 52 10 12 0.041858744 
527 39 11 12 0.041455757 
375 45 7 9 0.041444227 
539 127 10 13 0.041200772 
102 213 9 12 0.041056577 
285 28 10 12 0.040896773 
444 15 10 12 0.040518787 
691 34 12 15 0.039919987 
352 90 10 13 0.039854117 
487 9 9 11 0.03981901 
447 34 10 13 0.039622597 
500 40 9 12 0.039591793 
980 341 9 12 0.03945386 
847 260 12 16 0.039025772 
409 28 10 13 0.038832165 
318 432 13 16 0.03882552 
284 319 10 13 0.038587287 
528 52 11 13 0.038157545 
640 29 11 13 0.037691858 
857 5 13 14 0.037458014 
844 78 17 19 0.037434332 
315 31 8 10 0.03722116 
983 302 10 12 0.03693651 
413 22 12 15 0.036628976 
438 0 10 9 0.03656314 
515 102 22 27 0.03651664 
154 208 15 18 0.036445364 
454 30 11 13 0.036194015 
592 62 10 13 0.036168873 
281 292 10 12 0.03607102 
977 205 10 15 0.03566599 
967 322 11 15 0.035598546 
336 79 8 11 0.035586644 
407 54 9 10 0.035584453 
349 48 9 11 0.03554076 
484 38 10 12 0.035437286 
613 69 10 13 0.035397176 
990 91 12 16 0.035369083 
579 22 9 11 0.035345197 
974 212 14 20 0.035295725 
764 86 10 13 0.035186175 
384 55 8 10 0.03513013 
289 220 12 17 0.034765717 
288 232 13 16 0.034732804 
980 0 13 12 0.03461441 
990 301 10 13 0.03446205 
1002 205 10 13 0.034456223 
327 32 9 11 0.034417212 
973 10 21 26 0.034402825 
339 469 10 13 0.03427066 
726 12 10 13 0.034244955 
630 111 35 40 0.03406831 
386 71 9 12 0.033948954 
93 145 11 15 0.03379213 
448 72 14 18 0.033674262 
353 72 9 11 0.033456326 
235 2 14 15 0.033337455 
998 303 9 10 0.032780427 
922 103 13 16 0.03264668 
100 220 11 15 0.031971637 
485 28 11 13 0.031453673 
343 78 9 12 0.031442415 
155 158 25 34 0.031392112 
630 66 11 14 0.031333186 
534 95 10 14 0.031318326 
913 47 10 12 0.031221056 
432 46 9 10 0.031084634 
974 118 12 16 0.030962093 
569 36 9 12 0.030920547 
386 31 9 11 0.03088888 
353 60 9 12 0.03086477 
1000 37 11 13 0.03064477 
918 157 11 14 0.030601481 
461 18 13 14 0.030600378 
985 322 11 14 0.030450657 
421 21 10 14 0.030394379 
975 50 13 16 0.030301698 
342 39 9 10 0.030148257 
153 120 26 32 0.030080644 
913 220 11 16 0.030011918 
772 95 22 26 0.029849939 
330 86 8 10 0.029682167 
397 21 9 12 0.029604783 
360 17 9 11 0.029498583 
445 345 39 48 0.029496456 
173 110 15 19 0.029481018 
285 51 10 12 0.02941251 
414 429 14 17 0.02938621 
693 24 11 13 0.029375112 
369 44 9 10 0.029179966 
329 79 8 11 0.02912916 
385 37 9 11 0.029084103 
214 248 13 14 0.02905639 
968 79 14 18 0.028804587 
414 14 11 13 0.028682796 
1010 357 9 12 0.028521582 
597 68 11 14 0.028513217 
349 104 11 13 0.028322969 
358 69 8 11 0.028294424 
485 45 11 13 0.028002204 
373 32 9 11 0.027980879 
335 71 8 10 0.027962886 
970 63 20 25 0.027817247 
419 44 10 12 0.027789876 
333 542 9 11 0.027763387 
316 76 9 12 0.027716318 
472 473 11 12 0.027682103 
501 27 9 11 0.027651474 
977 27 10 14 0.027650885 
550 44 10 12 0.027631558 
609 263 9 12 0.027564107 
365 62 9 11 0.027553078 
240 169 42 53 0.027477598 
628 36 10 13 0.027343998 
284 99 11 16 0.0270942 
154 150 15 19 0.027079865 
384 13 9 12 0.027074818 
460 28 11 14 0.026998263 
767 152 13 18 0.026946053 
593 35 11 13 0.02690404 
591 56 11 13 0.02686568 
725 22 11 14 0.026727088 
771 147 13 17 0.02665633 
484 61 12 14 0.026528837 
319 21 8 11 0.02647354 
521 175 24 30 0.026460173 
622 68 10 12 0.026453262 
718 373 12 15 0.026446052 
991 338 12 13 0.026364459 
534 29 10 11 0.026261436 
975 38 10 14 0.026207784 
326 14 8 10 0.026118424 
493 52 12 15 0.026087787 
974 201 40 61 0.025989579 
268 318 9 12 0.025982978 
334 95 9 10 0.025801256 
638 62 10 13 0.025747877 
555 21 12 14 0.025724826 
454 37 10 13 0.025593858 
180 88 11 14 0.025591392 
472 43 9 12 0.025474427 
343 72 8 11 0.025444673 
275 460 12 18 0.025390135 
439 56 11 13 0.025207521 
384 46 8 11 0.024985565 
386 21 9 11 0.024871908 
312 96 8 10 0.024842696 
1011 84 11 18 0.024835609 
367 31 9 11 0.024769176 
513 19 11 14 0.024758281 
616 46 11 13 0.024744641 
557 113 11 15 0.024690617 
937 21 10 13 0.024685323 
164 178 12 18 0.02458277 
979 217 23 31 0.024549428 
45 191 9 12 0.024547009 
568 100 10 13 0.024506513 
357 527 10 13 0.024451565 
175 317 11 15 0.0244129 
332 44 10 12 0.024347613 
581 40 10 12 0.024305327 
343 60 9 11 0.024231179 
144 281 14 16 0.024223965 
432 21 9 11 0.02410512 
561 83 10 13 0.024027007 
210 162 48 59 0.023916405 
478 0 9 9 0.02390077 
541 31 11 12 0.023844196 
916 25 12 16 0.023781866 
520 74 10 13 0.023671666 
918 78 11 13 0.023642821 
327 492 14 18 0.023484245 
155 47 12 15 0.023453632 
991 390 10 12 0.023446102 
584 125 11 14 0.023361087 
495 27 9 12 0.023282394 
990 235 14 17 0.02327555 
356 85 10 15 0.02323462 
903 208 10 13 0.023163844 
21 120 9 11 0.02316151 
147 374 12 16 0.023043895 
513 28 11 14 0.022957249 
566 55 8 11 0.022953916 
344 28 9 12 0.0229126 
1003 208 19 27 0.022846613 
532 13 9 12 0.022837028 
76 168 13 18 0.022760896 
1005 220 19 34 0.02264255 
982 93 12 16 0.022624508 
761 137 24 35 0.022566767 
677 87 19 24 0.022332106 
935 71 10 12 0.022109259 
486 89 22 30 0.022030985 
977 246 10 13 0.02201388 
998 141 12 14 0.021850038 
87 93 11 15 0.021794312 
981 226 13 18 0.021745143 
438 45 9 11 0.021740463 
1006 304 9 11 0.021648431 
626 396 13 18 0.021486642 
997 340 10 12 0.02147259 
473 54 11 12 0.021464365 
970 174 22 27 0.021460194 
588 139 11 17 0.021380123 
990 220 22 31 0.021365266 
365 56 10 11 0.021346817 
338 20 9 12 0.021315662 
581 14 8 11 0.021279363 
325 49 20 25 0.021195006 
108 102 13 17 0.021131475 
459 53 11 14 0.021118378 
376 9 8 10 0.021064488 
639 67 12 14 0.021059444 
523 63 18 23 0.021030655 
991 47 9 13 0.020892387 
256 158 32 49 0.020855516 
621 15 13 16 0.020842893 
345 48 8 10 0.020771783 
582 54 10 13 0.020760627 
87 215 19 25 0.020718282 
566 84 10 12 0.02066094 
150 84 12 16 0.020626588 
595 76 12 16 0.020509886 
152 36 10 12 0.020499451 
415 8 9 10 0.020473067 
396 15 9 12 0.02046454 
995 86 15 21 0.020338234 
424 475 10 12 0.020321082 
974 201 22 28 0.020299569 
456 22 9 11 0.020250197 
472 0 10 9 0.020239403 
408 22 11 14 0.020236846 
461 111 29 36 0.0201755 
973 279 20 24 0.020163765 
479 8 10 12 0.020153707 
777 77 10 12 0.020038625 
921 145 10 12 0.020026209 
162 169 15 21 0.02002187 
