2_Demonstration_Protesters_2_345
56
680 87 65 75 0.999529 
437 63 60 85 0.99948895 
250 45 64 73 0.9983266 
825 114 42 59 0.45568085 
498 520 9 11 0.25484943 
233 9 39 42 0.25433695 
417 511 9 11 0.24360715 
599 161 30 49 0.24169354 
436 515 11 13 0.184928 
479 519 9 11 0.17308968 
607 151 28 41 0.10984956 
520 520 8 10 0.08964642 
917 124 10 13 0.084348306 
548 170 31 49 0.07400108 
239 13 54 64 0.059605137 
167 41 9 11 0.057728503 
419 516 11 13 0.057579122 
378 107 40 61 0.05283276 
447 512 10 11 0.050070606 
389 509 9 11 0.04472648 
484 519 9 11 0.044543266 
751 684 74 72 0.044529628 
174 44 9 11 0.044262916 
455 517 9 10 0.03938121 
837 133 52 66 0.03910655 
620 140 14 19 0.038529463 
270 355 30 39 0.03797173 
609 137 28 33 0.03751631 
557 190 15 24 0.037007622 
239 351 26 32 0.036744647 
194 67 31 43 0.03245232 
539 521 8 9 0.03174019 
631 132 13 18 0.030789198 
525 520 8 10 0.029855175 
548 208 12 16 0.0293453 
198 312 416 437 0.02859795 
630 129 23 33 0.028253075 
546 191 23 36 0.028171806 
527 184 47 61 0.02808267 
126 3 12 11 0.02724056 
486 524 9 11 0.026981533 
452 513 10 11 0.02652374 
767 384 34 35 0.026140472 
190 40 8 11 0.025113089 
148 29 10 12 0.02461319 
183 43 12 13 0.024298089 
555 183 45 52 0.0237221 
517 193 34 46 0.022770146 
372 509 9 11 0.022371098 
431 510 19 23 0.021817122 
216 297 28 39 0.021489196 
591 135 49 52 0.02146782 
583 197 33 37 0.0213757 
546 158 25 34 0.021178009 
541 162 15 22 0.021146027 
812 124 31 45 0.020996537 
