2_Demonstration_Political_Rally_2_18
240
166 331 21 28 0.9913224 
864 447 18 23 0.9841763 
453 295 15 21 0.9823799 
317 437 20 26 0.9796704 
66 337 18 23 0.97724426 
148 384 18 24 0.97464776 
243 421 18 26 0.9686327 
133 295 19 24 0.9656007 
363 428 17 22 0.9639585 
41 448 20 26 0.9639052 
12 353 19 24 0.96141243 
486 360 17 23 0.95578015 
480 402 18 22 0.9545753 
622 455 20 24 0.9544189 
271 394 21 27 0.9542602 
379 436 19 24 0.9540361 
314 261 18 24 0.9511273 
530 396 17 23 0.9505473 
27 310 17 23 0.94753546 
171 450 20 27 0.9470656 
767 419 18 23 0.94699234 
103 239 16 23 0.94548386 
353 342 20 27 0.9409158 
96 447 21 24 0.93914074 
222 274 20 25 0.93793505 
442 458 20 28 0.9378392 
501 448 19 24 0.934127 
185 306 18 22 0.934019 
24 258 16 20 0.91946447 
238 310 18 22 0.91926426 
157 408 19 23 0.9169963 
914 435 16 19 0.90339595 
169 259 18 24 0.8971329 
263 202 20 27 0.896176 
422 426 19 22 0.89372337 
87 264 19 23 0.8908057 
298 331 19 27 0.8687703 
21 460 20 25 0.86363727 
40 425 20 23 0.846882 
81 288 19 22 0.83964175 
41 239 16 21 0.8253927 
228 362 21 28 0.8076461 
398 390 13 19 0.7535849 
228 252 16 19 0.750323 
546 435 14 17 0.7088062 
57 259 12 17 0.696315 
76 319 15 20 0.6954865 
186 225 17 22 0.61839634 
299 318 19 26 0.59950626 
438 413 15 19 0.5607131 
154 302 18 22 0.52793336 
370 304 14 19 0.47064865 
343 276 11 15 0.449421 
461 488 17 22 0.42707157 
39 336 14 19 0.4247553 
372 375 13 17 0.39327928 
428 363 14 18 0.3595325 
371 430 18 24 0.33592036 
0 469 11 16 0.33449328 
340 394 14 17 0.31924936 
299 444 16 22 0.31784105 
0 211 11 17 0.31000945 
382 395 15 19 0.28365165 
304 241 14 21 0.2717302 
123 248 14 18 0.26847494 
1 258 10 15 0.26837498 
421 364 13 17 0.2668755 
74 425 21 22 0.26005355 
279 267 15 19 0.25699812 
445 370 12 14 0.2524482 
26 300 16 22 0.24257219 
3 326 15 20 0.21687801 
99 312 12 16 0.21107 
252 351 13 17 0.20950356 
130 431 15 21 0.20388117 
22 432 15 20 0.20249742 
368 345 15 20 0.1828922 
143 296 19 25 0.16667785 
382 362 14 17 0.1656304 
912 9 108 149 0.16493563 
333 201 15 21 0.14792705 
70 330 18 24 0.14760056 
435 365 14 17 0.131106 
401 472 18 21 0.12553406 
754 487 14 15 0.12236315 
459 476 19 26 0.121653154 
46 282 13 17 0.11711254 
106 282 15 20 0.11428099 
165 219 14 17 0.11235238 
233 377 20 28 0.10946957 
83 425 20 24 0.10561646 
172 255 14 17 0.10529054 
391 291 14 18 0.10217687 
87 387 14 16 0.09329826 
186 281 14 17 0.09279353 
443 311 15 17 0.073187396 
213 363 15 18 0.07078395 
27 425 21 27 0.070757456 
352 454 18 23 0.06716035 
335 402 14 18 0.06324645 
387 287 23 28 0.062319838 
375 294 21 26 0.06138037 
149 318 16 21 0.060767926 
151 309 19 26 0.05720029 
372 276 12 16 0.056849007 
505 567 28 33 0.056739327 
386 355 15 21 0.05648278 
510 489 19 28 0.055258404 
396 296 13 16 0.054091986 
182 275 14 18 0.05322431 
413 358 16 19 0.052718524 
324 577 45 54 0.05214365 
845 490 10 13 0.049658857 
247 339 21 25 0.049514804 
339 380 16 23 0.0483368 
474 564 15 18 0.047850557 
895 554 14 19 0.04689958 
423 387 12 17 0.04573491 
67 427 20 23 0.045041595 
309 359 14 20 0.044641398 
301 435 16 22 0.043702036 
183 379 15 19 0.043604996 
67 249 14 17 0.043463185 
41 414 18 21 0.04343859 
30 335 14 19 0.04222427 
106 453 16 20 0.04217039 
85 338 13 19 0.041868724 
68 392 19 22 0.041436397 
518 565 13 18 0.03975716 
29 376 16 22 0.039268553 
415 367 14 17 0.03903516 
27 273 16 21 0.038575698 
524 567 34 41 0.036513194 
386 345 15 21 0.035859253 
188 371 16 20 0.034839015 
446 300 19 24 0.034808677 
448 451 17 23 0.034606252 
0 366 8 13 0.03458531 
349 365 15 21 0.034567915 
246 194 10 15 0.034530286 
50 445 22 27 0.0343513 
229 428 13 18 0.03332842 
68 469 13 16 0.032966614 
116 245 14 18 0.032962732 
246 174 11 15 0.03294445 
408 363 13 16 0.032805715 
460 313 13 16 0.032509577 
0 273 9 18 0.03237094 
450 373 11 14 0.032045987 
34 276 14 18 0.03203893 
684 439 15 19 0.032002382 
23 422 12 16 0.031935424 
774 486 10 11 0.031805836 
895 467 12 14 0.031734526 
631 483 13 16 0.031701993 
364 267 22 28 0.0316397 
346 385 14 19 0.031359605 
389 389 17 22 0.030650238 
313 354 16 21 0.03047333 
359 483 18 22 0.030060891 
387 428 14 19 0.029912274 
533 558 44 52 0.029507088 
766 486 10 13 0.029424017 
-2 468 17 27 0.029136583 
116 397 14 18 0.028772552 
493 386 13 16 0.028414726 
333 171 14 17 0.028092446 
453 463 19 27 0.027577354 
91 390 15 19 0.027501907 
393 270 22 28 0.027281104 
194 232 15 20 0.027120514 
99 273 14 21 0.026868599 
172 224 12 18 0.026809849 
544 323 408 430 0.02678079 
274 454 16 21 0.026540365 
73 386 17 19 0.026525423 
132 514 15 19 0.026485883 
326 355 12 17 0.026252512 
411 274 12 19 0.025268123 
437 518 15 20 0.02509641 
910 420 26 31 0.025036331 
396 283 13 18 0.024968773 
329 217 12 17 0.024862643 
395 282 23 30 0.02482013 
346 270 14 19 0.024738861 
63 426 15 18 0.024720157 
326 182 23 30 0.024539223 
499 388 13 17 0.024521995 
839 485 13 17 0.024374736 
0 255 16 25 0.024336122 
382 292 14 17 0.024243804 
895 531 44 52 0.02420832 
948 550 17 20 0.024152998 
523 436 15 18 0.024150355 
60 498 15 22 0.024019599 
-1 404 9 16 0.023995923 
281 447 19 26 0.023801912 
323 158 25 29 0.023728479 
223 362 17 22 0.023711119 
433 357 14 18 0.023558274 
341 368 14 21 0.023427559 
223 245 16 20 0.023057954 
159 225 14 17 0.023053154 
80 476 18 21 0.023031373 
129 244 15 17 0.02277775 
197 468 15 20 0.022756474 
637 491 26 36 0.022745304 
716 475 12 17 0.022539807 
412 288 13 19 0.022501271 
394 410 14 19 0.022342218 
367 280 13 17 0.022181323 
454 312 13 17 0.021812437 
51 274 13 18 0.021810535 
346 278 15 20 0.02177911 
373 383 20 25 0.021736532 
605 495 24 33 0.02172785 
111 395 14 17 0.021710005 
283 243 15 21 0.02165689 
391 419 13 17 0.021655735 
51 250 17 23 0.021627087 
232 423 23 28 0.021558275 
282 569 29 39 0.02148616 
49 237 13 18 0.021446718 
115 465 14 17 0.021405071 
359 297 23 28 0.021240056 
377 343 18 25 0.021038847 
353 268 21 28 0.02096997 
554 441 15 20 0.020916373 
351 251 11 15 0.020866372 
79 270 24 28 0.020852258 
594 554 24 35 0.02071329 
114 458 13 17 0.02070794 
552 436 14 17 0.02061436 
9 198 21 28 0.020599034 
233 358 15 19 0.020554416 
191 357 22 27 0.020270873 
405 289 14 19 0.02015874 
405 269 14 20 0.02009261 
829 483 14 19 0.020069359 
-1 417 8 15 0.020053828 
