2_Demonstration_Demonstration_Or_Protest_2_120
756
819 511 32 39 0.9994748 
901 507 40 48 0.99859136 
995 480 32 36 0.9982864 
5 486 76 85 0.99743867 
661 444 28 30 0.9971877 
936 471 28 33 0.9854058 
980 369 15 18 0.9839749 
748 377 15 18 0.9839033 
717 428 21 28 0.9832372 
966 581 48 53 0.9795069 
483 293 20 26 0.978893 
838 385 15 18 0.9710433 
816 393 18 21 0.957396 
958 397 17 18 0.9550451 
469 255 19 22 0.9521416 
889 393 21 23 0.9476658 
395 259 12 19 0.94661367 
1002 371 13 16 0.9359815 
964 349 12 16 0.9281756 
359 282 16 18 0.91982275 
204 413 23 36 0.91915536 
119 293 13 17 0.9041385 
982 420 23 24 0.9031173 
504 266 18 23 0.8945724 
758 326 11 14 0.8906303 
797 381 13 15 0.88079244 
909 372 16 18 0.87318176 
988 342 13 16 0.86601293 
884 357 10 14 0.8643748 
859 417 24 25 0.8511879 
558 326 12 15 0.84327406 
807 327 9 11 0.83863497 
918 394 15 17 0.8137325 
291 300 12 14 0.8094747 
857 350 10 13 0.777666 
935 426 21 22 0.7658034 
774 364 13 15 0.74752504 
721 560 41 38 0.7376948 
724 338 10 13 0.6781345 
919 343 12 14 0.6612113 
692 361 12 16 0.63543874 
836 468 23 30 0.62617254 
868 390 14 16 0.6229183 
723 396 17 19 0.6129259 
221 270 10 13 0.6128624 
29 285 15 18 0.60933137 
776 338 12 14 0.5994653 
276 291 10 13 0.58314514 
747 362 13 14 0.49197978 
891 471 22 30 0.48916057 
854 308 8 10 0.44217387 
838 303 7 9 0.4403448 
830 319 7 9 0.42701113 
524 277 10 13 0.42296636 
619 531 21 34 0.40947965 
771 406 15 19 0.38367066 
716 355 11 13 0.37403572 
709 320 9 12 0.3718445 
742 303 7 10 0.35768497 
567 288 9 12 0.35578942 
791 302 8 10 0.3453663 
248 409 35 37 0.33483094 
1013 350 9 14 0.3148062 
846 327 9 11 0.29213005 
923 477 32 32 0.2851815 
710 371 14 16 0.2784089 
103 326 11 15 0.27777305 
167 271 8 10 0.27637583 
143 268 8 10 0.27163202 
174 299 10 14 0.26702014 
848 334 8 11 0.25148037 
822 372 12 16 0.2470262 
137 308 11 14 0.24632773 
815 309 8 9 0.24182451 
80 287 9 11 0.23789303 
322 270 7 10 0.23216768 
812 349 10 13 0.22630933 
205 284 11 13 0.22432972 
871 311 7 9 0.22285314 
738 304 7 10 0.21677744 
871 352 8 11 0.21501751 
559 307 12 14 0.21275577 
855 304 7 10 0.21242219 
326 278 8 11 0.21221045 
582 304 9 12 0.21131265 
542 269 10 13 0.20925772 
746 318 8 11 0.20607656 
895 328 9 11 0.2017561 
721 336 10 12 0.20002891 
216 274 11 15 0.19371162 
169 300 10 12 0.19321728 
144 326 9 12 0.19112393 
556 349 10 15 0.18810509 
881 478 28 35 0.18721302 
574 288 8 11 0.18704319 
345 292 11 15 0.18607304 
330 358 26 28 0.18552713 
781 312 9 10 0.1773978 
197 348 15 18 0.17612147 
935 333 10 12 0.16871113 
848 341 8 10 0.16708185 
757 309 8 10 0.166834 
107 323 11 16 0.1657136 
580 360 23 30 0.1655159 
844 366 11 13 0.1626355 
898 466 22 28 0.16158812 
302 272 8 10 0.1593847 
928 332 9 11 0.15814123 
149 296 8 11 0.15811814 
815 365 12 14 0.15548377 
764 356 11 13 0.15180233 
549 288 9 11 0.14897177 
711 302 9 10 0.14835039 
905 475 25 30 0.14818916 
1000 389 12 16 0.14790095 
297 273 8 9 0.14708683 
253 264 8 10 0.14447622 
906 354 13 15 0.14370531 
737 326 8 10 0.14287731 
749 317 8 10 0.14156216 
861 337 9 10 0.14047393 
260 278 8 11 0.14016655 
548 268 11 14 0.13790235 
422 267 11 15 0.13731723 
592 311 10 12 0.13724059 
903 351 11 13 0.13686982 
567 272 8 10 0.13574167 
702 334 8 11 0.13546929 
158 309 8 10 0.13421528 
69 285 8 11 0.13410349 
896 343 9 11 0.13392116 
104 269 7 9 0.12976526 
199 278 10 12 0.12921831 
65 286 9 11 0.12499991 
885 352 12 14 0.12492703 
940 334 10 13 0.12364758 
286 261 8 10 0.1229946 
202 292 9 13 0.12273268 
302 301 9 12 0.12255523 
753 311 8 10 0.122209124 
321 287 9 12 0.122157864 
1006 403 13 16 0.12116784 
776 310 10 11 0.12067388 
694 311 8 10 0.11981278 
593 294 8 10 0.119002 
112 264 8 10 0.11758188 
796 575 44 54 0.11618778 
758 349 11 13 0.11453138 
577 270 8 11 0.114342205 
558 316 15 20 0.11336356 
759 303 8 10 0.113065846 
778 304 8 9 0.1114104 
138 265 8 9 0.11076154 
597 311 8 10 0.11011304 
581 326 11 12 0.1100415 
761 295 7 9 0.109929085 
518 273 13 17 0.10754107 
114 279 8 11 0.106723726 
318 291 9 11 0.10539612 
935 329 8 10 0.10521687 
248 279 7 10 0.10452811 
861 342 10 12 0.10351039 
123 321 13 16 0.10298451 
213 283 10 12 0.102267765 
726 320 8 11 0.102191344 
953 295 8 9 0.10173189 
163 271 7 9 0.10151722 
775 316 9 11 0.10138879 
0 302 10 13 0.098790124 
199 270 9 11 0.09838964 
120 289 9 11 0.09681845 
926 365 13 15 0.09480166 
869 382 13 16 0.094766095 
784 304 8 9 0.094759226 
718 301 7 10 0.094165646 
543 288 11 14 0.09388249 
79 315 14 20 0.09321357 
887 312 8 10 0.09263181 
96 271 8 9 0.09134738 
936 338 11 14 0.0900457 
581 269 10 13 0.089944325 
584 334 12 14 0.08980835 
15 290 10 12 0.0894423 
143 287 9 11 0.0888575 
813 356 12 14 0.08879251 
151 279 8 10 0.08869386 
827 318 7 10 0.08771881 
241 353 24 28 0.08734035 
141 301 11 14 0.08710801 
326 284 10 13 0.08437362 
814 303 9 11 0.084262766 
811 326 10 11 0.084173486 
756 343 10 13 0.08312962 
808 321 10 12 0.08299187 
562 292 11 13 0.08294216 
840 320 9 10 0.079871856 
582 288 8 11 0.07939952 
833 334 9 11 0.07939151 
230 271 9 10 0.07909198 
104 292 11 13 0.07880616 
815 296 7 9 0.0787196 
97 329 12 16 0.07816919 
884 476 17 21 0.07728152 
179 301 10 13 0.07721309 
8 120 11 15 0.077170126 
712 351 12 14 0.077056855 
705 286 7 9 0.07691913 
345 287 10 12 0.07689017 
708 303 7 9 0.07663927 
854 333 9 12 0.076073706 
576 325 10 12 0.07539264 
365 238 8 10 0.07531483 
1013 301 8 12 0.07513998 
798 357 9 12 0.074428596 
321 265 7 10 0.07439748 
742 324 9 11 0.074352175 
70 280 8 11 0.0740215 
728 295 6 9 0.07327449 
128 270 7 9 0.07316624 
694 296 7 10 0.073147394 
720 320 8 11 0.07247759 
137 303 9 13 0.072334714 
537 262 9 13 0.07197888 
845 370 12 15 0.07135507 
977 340 9 13 0.070505 
797 318 9 11 0.07038433 
118 263 7 9 0.07033856 
536 278 10 13 0.06977861 
255 270 8 11 0.0697351 
566 276 8 12 0.06898799 
640 350 12 15 0.06866847 
248 284 8 10 0.06819897 
144 293 10 12 0.06814493 
535 285 11 14 0.06715094 
111 269 8 10 0.0671462 
81 292 9 11 0.066797875 
814 345 9 11 0.0664154 
401 261 15 17 0.06627398 
342 269 8 10 0.066046715 
942 286 8 10 0.06601492 
134 294 9 10 0.065878175 
94 248 8 10 0.06540976 
135 288 9 12 0.06500547 
712 296 7 10 0.06479248 
591 289 9 10 0.06442951 
846 320 8 10 0.06425336 
446 282 14 19 0.06400169 
239 271 7 9 0.063870855 
853 329 8 10 0.06361148 
240 278 8 11 0.063600026 
768 362 13 16 0.06355759 
25 286 12 16 0.06341733 
924 369 11 15 0.063069895 
128 264 7 9 0.06214392 
560 271 9 11 0.061724298 
855 345 11 13 0.061602402 
203 354 11 17 0.061601732 
457 244 11 15 0.061543588 
760 321 9 11 0.061478894 
853 420 19 22 0.061306696 
865 318 8 10 0.061132904 
987 350 15 19 0.0603972 
713 271 7 9 0.060231887 
689 349 10 13 0.060191568 
809 296 7 9 0.060157083 
822 310 7 9 0.059600394 
885 519 29 38 0.05957266 
561 276 10 11 0.05954472 
693 302 7 9 0.059490725 
981 336 13 15 0.059281155 
825 452 25 29 0.058891375 
704 326 8 10 0.05861223 
144 331 10 14 0.05802861 
230 238 7 9 0.05763506 
120 240 7 8 0.05755201 
842 325 9 11 0.05751972 
757 322 18 22 0.057005998 
133 320 12 17 0.056431536 
789 341 8 11 0.056425378 
183 272 8 10 0.056295466 
809 345 10 11 0.055810522 
810 309 8 10 0.055620242 
957 379 13 16 0.055516317 
249 271 7 9 0.055391338 
46 278 9 11 0.055363026 
939 294 8 11 0.055008285 
759 404 16 19 0.054868158 
141 339 12 15 0.054792915 
801 385 13 17 0.054785926 
838 359 10 13 0.05476553 
1012 342 9 14 0.054363992 
701 549 26 31 0.05433991 
950 287 9 11 0.053525776 
632 511 27 31 0.053400762 
182 277 9 11 0.0528493 
553 470 23 31 0.052550867 
791 298 7 9 0.052506987 
92 309 10 13 0.0516681 
875 393 12 16 0.051535413 
813 319 8 10 0.051528122 
582 264 9 11 0.05141033 
169 254 8 11 0.051241945 
530 245 10 13 0.051186476 
752 304 8 11 0.05105771 
639 361 12 16 0.05089339 
259 354 15 21 0.05066222 
440 292 12 15 0.050545987 
93 254 9 10 0.050529767 
1003 395 13 17 0.05042272 
774 327 9 10 0.050419252 
704 370 12 16 0.050208326 
809 303 9 11 0.0497676 
600 325 9 12 0.049732514 
51 155 24 25 0.049671415 
148 326 9 11 0.049594674 
592 276 9 12 0.049445413 
881 302 6 8 0.0493781 
175 254 8 10 0.049125824 
563 302 11 14 0.048882674 
336 309 11 14 0.048466012 
634 403 10 14 0.04812769 
920 302 9 10 0.04793437 
340 307 14 18 0.047712293 
700 365 12 14 0.04747527 
1012 293 8 12 0.04740332 
137 245 8 9 0.047344573 
622 519 25 36 0.047284264 
828 366 11 14 0.04713516 
911 331 10 12 0.046948947 
767 318 9 10 0.046531785 
231 406 40 49 0.046508588 
149 272 7 8 0.04650613 
711 308 9 10 0.04648835 
791 309 9 10 0.046078976 
605 443 15 20 0.045845736 
82 338 12 15 0.045721818 
747 572 28 40 0.045645982 
821 304 8 10 0.04554538 
706 281 7 9 0.045467377 
822 358 9 12 0.045368798 
537 290 11 15 0.045247283 
632 94 10 13 0.045058724 
507 276 15 20 0.044868164 
953 302 9 11 0.044595826 
656 329 10 11 0.044416696 
577 252 9 11 0.044265192 
441 250 9 13 0.044141997 
125 289 10 12 0.04403529 
126 247 7 9 0.043974947 
596 362 13 19 0.043888446 
949 279 7 9 0.043786027 
113 285 9 11 0.04347945 
0 260 9 13 0.043450817 
112 293 9 12 0.043276276 
190 346 16 19 0.0430304 
582 354 16 18 0.042993974 
41 260 9 12 0.04259937 
136 240 9 10 0.042558055 
135 279 9 10 0.04252904 
643 352 14 18 0.042303972 
96 264 7 9 0.042221308 
950 535 36 41 0.042216353 
808 353 12 15 0.0421181 
592 301 10 12 0.04202984 
462 238 11 14 0.04199012 
932 358 12 15 0.04191773 
230 275 10 12 0.04186105 
109 309 12 14 0.04175693 
121 246 8 10 0.041734826 
79 329 14 19 0.041598022 
167 275 8 10 0.04138716 
995 341 10 14 0.04123719 
805 254 8 10 0.04112986 
793 326 10 11 0.040804964 
174 319 11 13 0.040750194 
719 297 8 9 0.04073697 
89 270 8 10 0.040643573 
366 231 7 10 0.040617276 
697 328 8 10 0.04054627 
697 332 10 12 0.040439572 
652 350 10 13 0.04008668 
801 326 9 12 0.040040664 
752 347 11 13 0.04002216 
710 287 7 9 0.039956532 
184 247 8 10 0.039868735 
218 418 30 36 0.039774846 
264 417 19 23 0.03976195 
744 309 8 11 0.039534505 
887 343 10 12 0.039456233 
330 239 8 9 0.039173737 
860 354 11 12 0.03910192 
838 308 7 9 0.038974892 
733 373 10 14 0.0387533 
840 246 8 9 0.038553007 
231 263 8 10 0.03836616 
313 288 8 11 0.03836577 
289 276 9 11 0.038320478 
159 305 8 10 0.03826644 
792 335 9 11 0.03818885 
308 302 9 12 0.03809682 
71 263 7 9 0.03806291 
1006 355 13 15 0.038008 
120 255 8 11 0.03798005 
102 287 10 11 0.037910685 
911 394 14 17 0.037850223 
705 296 7 9 0.037782144 
119 319 12 15 0.037720982 
700 560 16 21 0.037575737 
103 353 27 28 0.037501056 
598 271 8 11 0.037440073 
922 295 8 10 0.03726361 
2 383 8 12 0.037097998 
65 264 7 9 0.037006907 
754 332 9 11 0.036968183 
136 341 12 13 0.036937166 
725 372 12 15 0.036448825 
63 290 11 13 0.036287166 
695 317 7 9 0.036224052 
574 319 10 13 0.036192164 
959 460 23 29 0.0361536 
937 300 9 11 0.036109332 
582 254 9 10 0.035789143 
35 277 15 18 0.035719242 
350 287 12 14 0.03564125 
1013 306 9 13 0.035628773 
923 611 46 53 0.03555115 
278 297 11 14 0.035506986 
597 317 9 11 0.035505418 
894 347 10 13 0.03549313 
96 279 8 10 0.035456512 
803 375 14 16 0.0353065 
533 254 10 12 0.035303894 
273 340 43 48 0.03505879 
282 261 8 10 0.035040587 
662 332 9 11 0.03488495 
940 328 10 12 0.034752313 
96 286 9 11 0.034642752 
833 313 7 9 0.034540694 
604 84 12 16 0.03446675 
132 304 19 25 0.034138218 
65 270 9 10 0.034125954 
149 358 12 15 0.034036484 
230 302 10 13 0.034020215 
148 284 10 13 0.034015592 
272 339 12 15 0.034005776 
80 266 7 8 0.03393304 
199 264 10 12 0.033912856 
779 358 11 14 0.03368894 
839 264 7 9 0.03367609 
783 378 13 17 0.033664998 
240 255 8 9 0.033579305 
735 333 9 12 0.03348828 
914 313 8 10 0.033395357 
959 345 13 15 0.03335872 
568 263 8 11 0.03332938 
714 362 15 18 0.033305515 
207 263 6 9 0.03329106 
416 265 11 16 0.033253763 
273 263 6 9 0.033251252 
737 248 8 9 0.03316296 
852 373 12 16 0.033110913 
848 295 8 9 0.033031914 
175 263 8 10 0.032965876 
916 480 19 22 0.032912638 
792 355 11 15 0.03275771 
6 387 8 11 0.032739446 
279 279 9 12 0.032617226 
701 339 11 14 0.032616936 
833 295 8 10 0.032585192 
261 350 24 31 0.03254213 
180 345 15 20 0.0325244 
776 295 8 9 0.032431103 
411 250 11 15 0.032426607 
760 288 7 9 0.032295253 
888 303 6 9 0.032252956 
696 342 9 13 0.032139994 
780 385 13 16 0.03207269 
321 364 39 49 0.03202773 
70 270 8 10 0.031907532 
550 275 11 13 0.03188836 
936 347 10 13 0.031831283 
96 293 11 12 0.031803127 
271 255 7 9 0.031621017 
951 340 9 12 0.03160595 
798 312 8 10 0.031188248 
808 365 12 14 0.031143058 
700 559 47 43 0.031117871 
169 323 10 12 0.031098753 
80 270 7 9 0.031070046 
840 334 9 11 0.031043287 
756 361 13 16 0.031039376 
552 214 9 12 0.030957608 
313 264 7 10 0.030950164 
89 264 6 9 0.030759238 
1007 307 10 12 0.030744758 
879 332 9 11 0.030692393 
71 254 8 9 0.030574543 
409 247 10 12 0.030502632 
766 333 10 13 0.03047874 
304 265 8 9 0.030376371 
907 489 38 44 0.030242518 
583 317 10 12 0.030133938 
805 321 18 22 0.030126154 
824 442 23 26 0.03003923 
328 256 7 10 0.02998811 
799 333 9 12 0.029935632 
826 311 19 25 0.029871725 
776 288 8 10 0.029839985 
855 297 7 9 0.029790916 
551 196 7 10 0.029761817 
571 347 37 48 0.029563468 
693 369 11 15 0.029454228 
168 264 8 10 0.029429505 
813 379 13 16 0.029420579 
597 303 9 11 0.029385258 
653 361 11 17 0.029352281 
950 379 14 17 0.029349402 
263 296 8 10 0.029195562 
729 309 8 10 0.029116722 
917 311 9 10 0.029091807 
254 283 8 11 0.029067185 
337 269 9 10 0.029060563 
831 357 10 13 0.028995046 
111 247 8 10 0.028968979 
950 387 15 19 0.02895558 
736 321 8 10 0.028951097 
863 373 10 14 0.02890989 
971 349 10 13 0.028890086 
702 357 11 15 0.028871838 
838 371 13 17 0.028868407 
1000 400 14 18 0.028767608 
943 457 26 35 0.028756967 
841 241 8 10 0.028672477 
656 512 22 29 0.028638909 
914 367 20 24 0.02855104 
54 272 8 10 0.028356656 
202 393 38 50 0.028341236 
862 271 7 9 0.028287333 
527 252 10 13 0.028229294 
962 455 17 21 0.028226402 
600 331 9 12 0.028161054 
112 255 8 11 0.028150488 
56 285 9 11 0.028063081 
601 264 8 10 0.028033234 
552 345 17 24 0.028022518 
729 302 7 10 0.028018486 
216 265 9 10 0.027922273 
191 415 28 35 0.027911494 
755 373 14 17 0.027881285 
863 379 13 15 0.02780061 
468 234 13 16 0.027783927 
839 297 7 10 0.027759053 
854 346 18 22 0.027583217 
556 341 12 17 0.02751523 
631 362 12 17 0.027479386 
967 332 12 14 0.027419334 
117 351 11 13 0.027362578 
766 302 7 9 0.027336497 
60 145 16 18 0.027328447 
624 315 10 13 0.027266674 
743 297 7 9 0.026962472 
84 286 10 11 0.026935766 
205 271 10 11 0.026921257 
345 279 8 12 0.026886657 
183 285 10 12 0.026872491 
831 326 8 11 0.026782315 
192 263 8 10 0.026687795 
362 255 8 11 0.026684828 
754 327 10 12 0.026651097 
555 306 20 24 0.02655099 
882 317 8 10 0.026540268 
879 351 10 13 0.026502116 
775 348 11 13 0.026325807 
241 249 7 9 0.02630991 
834 255 7 9 0.026272904 
780 371 13 17 0.026251914 
273 286 18 22 0.026213702 
361 244 9 10 0.026177378 
689 316 8 11 0.026143331 
47 272 8 11 0.026137225 
244 342 44 50 0.02607574 
764 399 16 19 0.026009101 
420 262 19 24 0.02598959 
766 296 7 10 0.025927415 
194 270 7 10 0.025896665 
742 332 9 12 0.02588971 
1008 287 10 13 0.025880001 
290 315 14 14 0.02583117 
240 262 8 9 0.02579034 
261 272 8 10 0.02567973 
692 411 11 15 0.025639893 
790 375 12 16 0.025468178 
1010 344 17 25 0.025444748 
728 265 8 10 0.025253808 
799 480 28 35 0.025077721 
326 263 7 10 0.02505446 
88 279 8 11 0.02503526 
582 274 10 13 0.024971861 
577 364 14 17 0.02492794 
138 255 8 9 0.024886413 
322 256 7 9 0.024883732 
180 295 11 13 0.024875129 
694 279 7 9 0.024854722 
713 332 9 12 0.024847517 
336 263 8 11 0.024806917 
53 279 9 11 0.024740316 
877 492 26 35 0.024729418 
909 464 25 31 0.024723558 
1014 327 9 13 0.024627848 
90 249 8 10 0.024606042 
217 267 17 21 0.024508554 
599 277 8 10 0.024494646 
945 280 9 11 0.02448793 
625 332 9 10 0.024454456 
902 363 12 16 0.024385711 
840 341 9 11 0.024363184 
963 378 13 16 0.024333412 
833 340 9 12 0.024280932 
576 302 11 13 0.02419895 
347 324 16 20 0.02417184 
453 221 12 15 0.024140889 
182 254 8 10 0.024025941 
831 349 9 11 0.024010077 
79 382 10 13 0.024001613 
162 265 7 9 0.023959465 
580 247 9 11 0.023952648 
612 542 31 35 0.023894334 
139 316 12 16 0.023859354 
1003 335 20 26 0.023853345 
766 371 12 16 0.023749785 
697 287 7 9 0.023727046 
324 290 11 13 0.023709374 
480 228 11 14 0.023660121 
224 293 9 11 0.02362833 
561 196 8 10 0.023621071 
605 279 9 10 0.023614708 
576 332 12 15 0.023584707 
696 359 19 24 0.023572518 
797 303 8 9 0.023559049 
1013 364 11 15 0.023503115 
787 496 32 42 0.023497522 
0 106 8 12 0.023483096 
824 325 8 11 0.023461483 
365 243 9 11 0.023460533 
934 573 46 50 0.023451155 
694 272 7 9 0.023369683 
299 345 15 20 0.023322556 
859 270 7 9 0.023306169 
174 271 8 10 0.023301428 
118 269 8 10 0.023290103 
870 422 17 21 0.023257466 
777 405 14 17 0.023195807 
920 287 8 9 0.023184076 
93 302 12 13 0.023157854 
849 303 9 10 0.023140436 
247 299 11 13 0.02307635 
913 617 31 37 0.023037162 
489 469 47 54 0.023013864 
1003 401 21 26 0.023013318 
918 318 8 9 0.022963693 
864 311 7 9 0.022923516 
272 269 7 10 0.022886885 
247 293 11 13 0.022853255 
331 284 11 13 0.022830704 
881 312 8 10 0.022823943 
109 351 14 16 0.022819744 
632 537 17 21 0.02274549 
937 279 8 10 0.02273474 
903 304 8 9 0.02271493 
825 394 14 18 0.022694206 
413 207 9 11 0.022691993 
162 360 17 19 0.022667479 
250 232 6 8 0.022666613 
847 289 7 8 0.022585506 
849 302 19 25 0.022545746 
834 441 17 21 0.022440864 
713 373 16 20 0.02243436 
678 307 11 13 0.022427982 
309 347 13 19 0.022421323 
158 357 13 17 0.022376284 
79 281 9 11 0.022375297 
92 315 12 15 0.022362078 
719 270 8 10 0.022267641 
597 448 23 30 0.02222506 
614 550 16 21 0.022170179 
908 572 42 47 0.02213007 
954 567 46 53 0.022081984 
-22 171 198 209 0.022064272 
125 254 9 11 0.022049194 
167 306 11 12 0.022003546 
1014 332 10 15 0.02197924 
333 279 9 12 0.02194015 
103 309 11 13 0.021871993 
142 246 6 9 0.02182212 
790 350 11 13 0.021761686 
796 363 13 16 0.02175291 
940 435 24 28 0.021743966 
894 318 8 9 0.02173634 
13 278 9 11 0.021723611 
901 327 9 12 0.021717064 
920 213 9 12 0.021691917 
690 309 8 11 0.021618903 
589 355 23 31 0.021584501 
721 335 17 21 0.021541314 
154 308 9 12 0.021530801 
79 301 11 12 0.021530014 
870 343 8 12 0.021505235 
919 326 9 12 0.021484135 
925 301 8 10 0.021460442 
633 355 12 17 0.02137593 
181 320 10 12 0.021356989 
110 273 20 24 0.021353286 
222 286 9 12 0.021306146 
579 335 20 23 0.021299057 
624 389 10 12 0.021206219 
127 240 7 9 0.021163002 
590 256 8 10 0.021147147 
103 297 12 15 0.021142641 
520 254 10 13 0.02111622 
362 260 9 12 0.02110657 
870 317 8 10 0.021090059 
991 323 11 14 0.02106318 
914 285 8 10 0.02104328 
230 284 10 13 0.020988584 
833 296 19 24 0.020907437 
784 295 8 10 0.020885836 
537 268 18 24 0.02087203 
589 324 12 14 0.020804888 
733 341 9 12 0.020771721 
205 359 12 18 0.020752303 
726 346 10 13 0.020742936 
798 391 14 18 0.020667981 
826 475 28 34 0.020665668 
839 269 8 10 0.020660793 
342 264 8 11 0.02062237 
213 291 11 14 0.020620167 
305 7 56 69 0.020574637 
176 249 8 11 0.020493163 
289 272 7 9 0.020450896 
800 296 7 9 0.020421198 
601 419 11 16 0.020419355 
920 199 8 10 0.020369707 
743 276 9 10 0.020304859 
183 373 42 52 0.020289686 
528 205 9 11 0.020264383 
798 341 9 12 0.020251088 
176 277 8 11 0.020220635 
112 240 8 9 0.020217264 
29 124 13 16 0.020197269 
85 312 22 26 0.020154705 
1001 308 10 12 0.020143058 
878 481 19 22 0.020132372 
941 301 9 11 0.020077229 
650 525 17 22 0.020058906 
255 294 9 12 0.020027943 
814 331 10 12 0.020004792 
