2_Demonstration_Political_Rally_2_117
184
586 194 35 44 0.99791056 
382 213 28 34 0.9939412 
284 194 24 31 0.9876323 
839 203 26 34 0.9838578 
791 212 22 26 0.96645355 
66 198 16 23 0.96434075 
731 218 28 35 0.95125157 
24 205 19 22 0.9180285 
879 194 25 37 0.88147926 
142 208 15 21 0.8453303 
453 197 12 16 0.8198674 
413 206 18 24 0.81955343 
806 190 11 14 0.8037492 
636 203 21 27 0.63991505 
954 189 24 30 0.59761935 
476 191 11 15 0.50479203 
780 201 14 18 0.496818 
407 152 8 10 0.45365456 
730 181 9 13 0.36361507 
537 188 11 14 0.32231036 
471 172 9 11 0.28017125 
541 226 15 19 0.26275826 
762 183 9 11 0.257831 
416 170 9 13 0.25352934 
247 191 13 21 0.25195467 
116 212 15 19 0.2384858 
123 218 14 22 0.236626 
541 185 9 11 0.21526656 
628 194 17 21 0.21461947 
486 175 8 10 0.19520031 
745 192 8 10 0.19343273 
695 201 14 20 0.18760984 
175 198 9 12 0.18542157 
372 183 9 11 0.15579835 
406 184 8 11 0.14819829 
398 188 8 12 0.14511225 
527 189 8 12 0.12027874 
359 197 12 15 0.11735183 
83 230 13 15 0.11628823 
430 144 7 10 0.10586041 
760 187 11 14 0.10158759 
21 156 11 14 0.09867821 
263 216 15 21 0.09000862 
999 259 12 15 0.08975178 
788 195 15 20 0.08945513 
684 230 14 18 0.08520199 
622 196 14 19 0.0809987 
12 176 8 10 0.079529546 
481 174 8 11 0.07928148 
783 201 20 25 0.07743113 
513 191 8 11 0.07317856 
741 228 27 30 0.0718867 
763 206 12 15 0.0712493 
823 177 11 15 0.06964283 
801 191 11 14 0.06910759 
497 204 14 16 0.0686306 
526 184 8 10 0.067988195 
186 227 25 28 0.066673025 
5 204 10 14 0.06571208 
259 194 14 18 0.061331674 
744 194 11 15 0.059888754 
494 198 13 15 0.0594176 
534 193 11 14 0.059340186 
250 190 19 27 0.057627115 
459 201 13 17 0.05642821 
551 183 7 10 0.056002785 
792 181 8 10 0.05579058 
128 210 19 26 0.05284805 
642 138 11 13 0.05006036 
728 176 9 12 0.049960945 
241 195 11 16 0.047958907 
709 166 9 11 0.047635444 
4 146 13 17 0.047587816 
495 172 10 12 0.047350004 
412 150 8 12 0.046511356 
421 168 9 12 0.046221536 
877 185 15 25 0.045820702 
521 183 8 12 0.04550224 
401 186 8 11 0.04532315 
759 194 13 16 0.04524486 
792 192 11 14 0.044911433 
867 201 24 35 0.04446397 
484 179 11 14 0.044424932 
809 191 14 19 0.044218954 
857 208 15 20 0.044143528 
914 135 9 11 0.04357569 
520 189 9 12 0.04335829 
480 182 11 13 0.04291093 
371 187 11 13 0.04257706 
472 179 10 13 0.041319426 
11 180 10 13 0.04102043 
690 207 21 32 0.040198203 
698 201 22 29 0.039911706 
403 155 8 11 0.039517056 
721 169 8 11 0.038686514 
628 193 34 44 0.037845418 
880 181 11 16 0.03763892 
963 656 44 54 0.037439708 
447 151 9 11 0.03683299 
511 172 10 12 0.03585761 
869 187 11 16 0.035640806 
680 227 25 29 0.035537664 
110 215 16 20 0.03544772 
439 149 9 11 0.035274364 
241 278 13 16 0.035229012 
707 148 8 12 0.03489191 
424 209 14 18 0.034669682 
483 189 11 15 0.034467004 
193 221 18 19 0.0341698 
687 190 9 11 0.034169488 
680 189 11 14 0.034086965 
886 202 29 34 0.03398763 
979 119 40 51 0.03345926 
693 191 10 12 0.033403926 
713 183 9 10 0.03321442 
345 190 9 11 0.03313899 
113 220 26 30 0.032847907 
677 195 14 18 0.03241769 
527 175 8 11 0.03173751 
733 186 10 12 0.030792052 
684 202 16 21 0.029817129 
430 199 12 15 0.029755985 
469 202 11 15 0.029705193 
500 198 12 15 0.029027611 
732 178 11 13 0.0289491 
969 192 14 19 0.028931411 
202 227 15 20 0.028711196 
719 182 10 12 0.028584853 
57 134 9 11 0.027895054 
367 220 12 17 0.027855888 
659 188 14 17 0.027805546 
501 172 10 13 0.0277792 
784 93 8 9 0.027528929 
781 192 13 17 0.027203105 
93 228 11 15 0.027196571 
437 144 8 11 0.026913168 
11 187 12 15 0.026845254 
63 278 10 14 0.026348257 
783 203 35 43 0.026158595 
8 197 11 16 0.026157089 
330 10 10 13 0.025945654 
393 185 8 11 0.025601666 
142 197 13 16 0.024998393 
950 166 10 12 0.024210969 
683 212 21 31 0.023927141 
795 192 19 24 0.02333523 
327 135 8 12 0.023280954 
963 181 16 22 0.023146225 
477 200 12 15 0.023042481 
487 169 8 11 0.022988709 
759 206 22 25 0.022883916 
685 195 13 18 0.022757098 
890 187 28 36 0.022709234 
956 202 18 24 0.02264206 
200 193 10 11 0.022587685 
448 192 12 16 0.022363165 
529 195 9 12 0.022322105 
535 182 18 23 0.022205815 
425 148 11 14 0.022084858 
813 180 11 15 0.021998324 
425 155 9 12 0.02192908 
468 210 12 16 0.021861061 
821 330 185 277 0.0218097 
757 182 19 23 0.02176244 
790 488 24 28 0.021722835 
545 220 16 19 0.021666355 
898 159 9 11 0.021469932 
681 183 9 12 0.021445926 
942 193 11 19 0.02142942 
485 128 8 10 0.02130906 
641 196 16 21 0.021300212 
827 174 12 14 0.021264862 
421 183 10 11 0.021147326 
255 202 20 31 0.02107991 
642 77 9 11 0.021071598 
864 183 11 14 0.020983277 
943 169 9 11 0.020809295 
136 196 11 15 0.020798905 
817 176 8 11 0.02075727 
264 198 22 29 0.020746982 
789 92 9 10 0.020697102 
266 209 22 31 0.02040809 
717 186 11 14 0.020360589 
400 172 8 11 0.020090772 
