2_Demonstration_Demonstration_Or_Protest_2_395
114
874 338 53 78 0.99430907 
809 493 96 107 0.9708571 
975 298 47 78 0.71758157 
564 222 23 28 0.61059135 
966 250 30 39 0.27799374 
750 342 41 57 0.20201899 
477 127 32 38 0.19605358 
891 241 25 31 0.1526043 
972 244 15 19 0.12541053 
831 320 24 30 0.10774785 
916 285 28 41 0.10575774 
895 235 16 20 0.10265158 
691 465 51 69 0.09019597 
940 248 15 18 0.08993048 
77 17 47 74 0.08836626 
181 69 17 21 0.087509915 
978 260 27 33 0.08150947 
858 221 30 37 0.079332486 
966 270 48 74 0.07909978 
1007 257 11 16 0.077926286 
703 530 34 39 0.0764226 
258 102 12 16 0.07172003 
311 166 88 126 0.07080375 
971 269 27 34 0.069443226 
338 88 13 17 0.06763656 
904 292 29 35 0.065803386 
1007 274 14 20 0.06484024 
1012 269 11 19 0.06388107 
891 256 23 29 0.06376134 
800 264 41 54 0.059941873 
848 347 43 66 0.05805006 
971 254 19 24 0.055137258 
887 235 40 54 0.0537074 
610 206 16 20 0.050848044 
956 254 24 32 0.05002167 
327 558 50 68 0.048768464 
991 267 26 33 0.045923654 
981 -7 46 60 0.045519818 
780 257 46 60 0.043005243 
136 26 53 64 0.042469475 
588 99 75 116 0.0415606 
923 275 24 32 0.040632658 
967 248 17 24 0.040407564 
298 111 17 19 0.03973903 
839 317 28 33 0.039546415 
910 197 15 20 0.03633751 
229 0 13 11 0.03611842 
936 170 18 21 0.035899937 
213 76 13 15 0.03583462 
896 256 41 54 0.035062186 
995 264 16 24 0.033672784 
896 272 17 21 0.032858722 
194 94 29 36 0.032120418 
693 174 40 36 0.031976536 
894 301 53 66 0.031850506 
980 274 32 41 0.03174916 
247 384 45 68 0.031471346 
923 256 13 17 0.030910065 
917 302 31 39 0.030608581 
0 0 39 79 0.030534586 
894 284 24 35 0.029407278 
536 259 24 31 0.029276848 
818 277 18 28 0.028906612 
752 255 50 57 0.028869776 
554 204 17 19 0.02867103 
132 17 100 112 0.028514264 
826 274 25 37 0.028325876 
865 271 40 54 0.028065313 
859 230 18 23 0.027887437 
496 135 19 24 0.027816541 
486 209 17 20 0.027147824 
784 455 174 172 0.026492557 
461 136 48 62 0.026434422 
908 281 15 20 0.026280364 
256 11 12 15 0.026139999 
159 40 52 61 0.025711935 
481 148 19 22 0.025675215 
105 9 48 70 0.02557366 
219 77 11 14 0.025497833 
828 266 16 23 0.024553014 
933 253 47 60 0.024432408 
167 62 51 61 0.024322018 
466 122 30 41 0.024245936 
234 1 12 14 0.024136415 
731 326 74 101 0.024072127 
385 36 11 14 0.02390438 
678 212 50 57 0.023705645 
842 279 15 22 0.023654634 
951 266 14 21 0.023377726 
202 105 17 23 0.023331568 
825 334 30 41 0.023329841 
666 239 26 30 0.023257984 
1006 251 18 28 0.022933746 
885 271 25 35 0.022803582 
659 379 15 24 0.02250379 
913 188 12 15 0.022439977 
915 255 16 19 0.022315957 
436 231 38 43 0.021979759 
985 277 18 24 0.021851458 
485 233 29 36 0.021613505 
998 280 26 35 0.02157427 
962 321 49 71 0.021381713 
709 484 24 31 0.021363644 
272 113 26 32 0.021336107 
223 92 24 29 0.021258224 
139 96 25 28 0.021092804 
535 212 43 54 0.021001818 
901 271 25 34 0.020909762 
554 95 49 69 0.02089233 
681 492 52 74 0.020658493 
574 232 19 23 0.020394374 
270 90 11 14 0.02035057 
433 112 98 134 0.020225827 
963 380 40 60 0.020078007 
