2_Demonstration_Protesters_2_57
83
385 234 37 47 0.99951756 
711 190 31 42 0.9989484 
223 229 39 43 0.9986327 
29 238 34 44 0.99735874 
514 261 32 36 0.99578625 
71 224 39 45 0.9921829 
933 264 22 33 0.6698493 
150 284 32 46 0.6450324 
653 241 22 29 0.5466879 
362 262 23 30 0.54439664 
945 271 29 44 0.49788457 
888 225 26 40 0.40428093 
469 267 22 31 0.37560034 
488 268 23 32 0.24006407 
987 269 24 44 0.22336139 
500 272 15 21 0.18829527 
503 251 13 17 0.12785558 
571 295 23 26 0.11220675 
584 223 9 9 0.106856674 
340 184 21 29 0.10175252 
505 245 12 16 0.08854424 
497 339 11 14 0.082388595 
478 378 11 14 0.07425864 
928 272 15 21 0.06546574 
570 222 8 10 0.06430229 
162 300 19 26 0.06260002 
577 306 23 32 0.05951577 
607 251 12 17 0.058074623 
879 205 32 48 0.05701853 
454 273 13 20 0.054471076 
435 275 24 28 0.051486008 
359 266 16 21 0.048960656 
461 383 9 13 0.04841084 
868 220 40 53 0.046946045 
833 173 12 17 0.04464604 
981 279 17 26 0.04409255 
968 277 25 33 0.043298803 
100 231 29 36 0.042506143 
499 258 22 29 0.040765442 
995 254 28 54 0.040729962 
482 271 19 25 0.040645607 
461 267 16 25 0.03941175 
652 325 12 15 0.037647616 
89 153 26 31 0.03692202 
685 551 8 10 0.036593106 
164 289 30 41 0.036085352 
87 222 33 39 0.035421334 
598 252 11 15 0.034843042 
900 229 13 20 0.034791186 
587 315 18 25 0.03303867 
449 222 10 13 0.032826222 
370 252 28 37 0.032792583 
583 218 9 10 0.032572147 
1 334 40 85 0.032452893 
610 203 9 13 0.030988054 
710 433 13 15 0.027709702 
131 269 45 64 0.026700249 
506 267 28 35 0.02658097 
361 347 31 38 0.026548626 
990 266 14 24 0.026243282 
445 268 14 18 0.02565526 
462 294 24 32 0.02540568 
447 273 24 30 0.025229556 
593 254 11 14 0.025138777 
512 365 10 12 0.02481357 
-1 287 8 14 0.02478174 
621 226 12 16 0.024646198 
1002 204 20 32 0.024297511 
410 538 13 16 0.024117108 
585 297 15 19 0.023877658 
575 217 8 10 0.023755357 
569 227 10 12 0.023188831 
606 246 20 31 0.02293528 
901 180 10 14 0.022668276 
637 242 22 32 0.022624876 
63 251 12 17 0.021611 
567 291 16 18 0.021548575 
614 226 12 17 0.021344103 
486 67 27 33 0.021314295 
822 250 12 18 0.021282548 
348 269 26 31 0.020493833 
557 283 11 15 0.020144783 
659 229 15 18 0.020078894 
