2_Demonstration_Political_Rally_2_171
69
850 652 57 92 0.9941049 
124 568 17 23 0.9912198 
619 665 53 91 0.9890751 
407 707 47 58 0.9801609 
150 706 31 57 0.957145 
103 628 42 53 0.951742 
47 711 39 55 0.9266943 
449 655 23 41 0.9141998 
553 659 23 41 0.8898787 
947 621 18 21 0.8032432 
424 665 31 37 0.80009246 
437 660 27 39 0.7963447 
304 649 34 37 0.7220046 
1003 625 20 25 0.70667654 
730 726 51 41 0.63319707 
48 645 32 45 0.267878 
331 701 36 52 0.1817912 
300 633 35 40 0.15316767 
996 715 15 18 0.14273085 
417 680 30 41 0.11438973 
917 692 46 66 0.08203217 
302 620 34 35 0.08044085 
208 712 49 52 0.074710526 
297 661 32 45 0.073695466 
266 -46 390 487 0.06981806 
695 653 46 73 0.058445387 
677 657 76 116 0.054978363 
418 594 24 36 0.052671444 
185 675 51 61 0.04956979 
377 730 44 42 0.048696723 
965 707 13 18 0.045651317 
187 715 49 52 0.045357507 
160 713 52 55 0.044797536 
266 670 42 66 0.043140393 
246 712 50 55 0.040642943 
145 683 17 21 0.03902394 
204 657 37 34 0.038769256 
150 604 15 21 0.03852221 
631 657 81 108 0.03820157 
449 600 24 34 0.03790626 
288 192 8 10 0.0362947 
421 690 37 51 0.03530482 
346 701 45 56 0.034580566 
306 656 22 24 0.033114266 
322 650 19 23 0.032498207 
973 701 10 16 0.031329628 
768 199 12 14 0.03114144 
702 688 65 74 0.029215084 
57 631 29 45 0.029125674 
984 715 12 17 0.02890099 
316 520 14 18 0.028749682 
54 666 33 39 0.02823479 
892 684 53 73 0.027625218 
753 199 12 15 0.02655097 
989 716 16 20 0.026086552 
48 665 22 28 0.025965177 
190 661 35 38 0.02585486 
185 651 29 34 0.025546096 
824 692 53 75 0.024682878 
784 199 11 13 0.023983536 
613 688 30 52 0.023404997 
668 497 26 36 0.023331162 
346 670 43 52 0.022602694 
121 678 44 63 0.021687835 
535 550 27 34 0.021131106 
411 653 34 42 0.020951563 
203 698 36 54 0.020416783 
970 637 16 19 0.020337576 
955 707 24 32 0.020259254 
