2_Demonstration_Demonstrators_2_231
63
494 412 116 172 0.99969435 
40 460 56 71 0.99954224 
924 425 46 57 0.99821705 
227 459 48 63 0.99660563 
980 418 16 21 0.9758168 
267 478 39 49 0.8566754 
138 466 18 22 0.74683815 
95 467 15 20 0.53473103 
874 290 15 20 0.17342727 
748 258 10 14 0.16181771 
903 437 12 17 0.16133806 
748 318 14 17 0.1527135 
1012 431 12 23 0.13114429 
745 226 11 14 0.10327874 
24 760 9 11 0.09655058 
873 324 11 13 0.08407261 
339 438 132 237 0.07372691 
969 259 10 12 0.05799344 
873 395 11 13 0.05573487 
683 77 21 27 0.055585224 
747 291 13 16 0.052740026 
382 346 25 34 0.05081747 
984 217 28 35 0.049201924 
8 757 8 10 0.047579255 
886 184 10 14 0.046116002 
821 186 12 14 0.04498546 
126 462 20 27 0.042371146 
97 483 28 36 0.042241424 
779 237 19 26 0.041907184 
857 204 10 15 0.039600052 
117 468 11 16 0.03897166 
358 459 13 19 0.038086 
393 271 68 77 0.03727789 
157 470 11 14 0.036613062 
357 451 24 39 0.03629427 
777 16 17 24 0.03394983 
879 173 10 12 0.03256041 
90 472 25 33 0.032389507 
24 839 11 13 0.032218985 
995 232 15 19 0.032089807 
184 619 45 63 0.031951584 
111 468 10 14 0.031695668 
640 445 10 13 0.030429954 
344 418 15 21 0.029175619 
782 471 9 11 0.029153032 
23 753 8 10 0.027446836 
974 198 46 58 0.02690112 
879 180 12 15 0.02619534 
872 422 12 15 0.025947787 
871 357 14 16 0.025476765 
830 366 9 11 0.02490467 
828 2 15 17 0.02472695 
896 442 11 15 0.024188211 
358 445 43 71 0.023336964 
343 256 94 115 0.022432996 
350 419 91 162 0.02235654 
127 458 38 47 0.022262342 
665 437 8 10 0.02198126 
276 5 16 20 0.021242267 
893 451 11 16 0.02105164 
7 835 8 12 0.020746738 
133 479 16 21 0.020190218 
107 491 15 21 0.020001236 
