2_Demonstration_Demonstration_Or_Protest_2_306
32
825 209 102 144 0.9998276 
668 212 60 85 0.99803203 
184 154 114 165 0.9767404 
357 182 54 64 0.9755921 
311 191 51 67 0.95643836 
585 234 49 59 0.8854239 
332 185 54 64 0.8208985 
619 201 33 43 0.82028455 
341 323 73 84 0.665756 
3 266 47 65 0.39228457 
748 248 42 75 0.2641171 
400 164 30 43 0.12056733 
790 232 95 133 0.08196156 
994 253 14 17 0.06317714 
444 205 56 61 0.061809033 
278 169 80 107 0.061111018 
25 262 60 67 0.05315864 
597 214 48 56 0.051488213 
444 288 47 62 0.041414164 
-8 271 362 488 0.033469528 
756 245 75 110 0.033085074 
41 117 54 82 0.03160144 
456 303 27 38 0.030624395 
628 212 32 44 0.02853758 
709 218 62 104 0.027551597 
740 264 33 49 0.027256425 
409 297 79 93 0.025143916 
230 178 76 110 0.024505878 
374 303 85 107 0.023878714 
409 271 51 68 0.02364378 
59 471 276 244 0.022817016 
383 174 40 52 0.021530434 
