2_Demonstration_Demonstrators_2_314
180
68 325 32 46 0.9869718 
415 254 27 34 0.98425716 
204 267 28 36 0.9168084 
3 320 22 28 0.9038565 
607 360 37 67 0.898779 
257 269 26 30 0.82558554 
483 301 26 39 0.797316 
507 255 28 32 0.7512711 
20 390 40 55 0.6135394 
113 263 25 28 0.3898271 
526 313 30 37 0.29834905 
334 294 16 20 0.29198727 
382 279 22 32 0.28893656 
236 395 33 45 0.27847782 
695 374 58 102 0.26388296 
896 386 50 53 0.26018202 
221 578 30 32 0.24182689 
81 496 42 53 0.23547775 
213 699 77 71 0.2091741 
573 310 29 34 0.20667197 
141 262 16 23 0.19976453 
402 249 31 37 0.19460079 
63 228 29 35 0.19208024 
547 262 14 19 0.18845719 
659 253 51 60 0.18567471 
128 262 23 27 0.17006536 
225 311 28 36 0.15715654 
281 294 32 41 0.15379845 
1 275 11 18 0.15216216 
245 263 26 34 0.15204927 
57 295 29 34 0.13759635 
362 416 50 57 0.13245921 
468 306 32 37 0.12278714 
531 253 15 21 0.11636804 
653 290 17 22 0.115339145 
522 256 17 21 0.10384913 
596 255 18 21 0.102214634 
540 255 19 24 0.101697184 
321 367 37 43 0.097959556 
565 276 22 27 0.09363029 
376 401 50 57 0.08847144 
743 353 24 41 0.08554945 
130 301 31 36 0.08458614 
91 303 28 34 0.08265488 
642 262 47 57 0.08156829 
65 309 31 42 0.07002755 
503 266 28 35 0.067164764 
45 391 41 54 0.065367594 
665 267 30 35 0.06536369 
389 268 24 33 0.06419214 
271 272 17 23 0.06418082 
178 243 17 20 0.062093295 
183 322 58 61 0.06085415 
80 310 30 41 0.059681356 
247 390 41 54 0.058279254 
604 644 89 90 0.058034617 
651 280 27 36 0.057960995 
412 92 29 29 0.0567245 
759 296 51 60 0.054853093 
216 273 19 24 0.05415195 
468 449 43 57 0.052797507 
45 298 44 52 0.052713066 
519 307 25 37 0.052596413 
494 298 26 38 0.052412603 
636 278 30 34 0.052374467 
583 272 45 53 0.051959153 
51 489 54 62 0.051832553 
611 261 15 21 0.051762037 
7 472 45 71 0.05032102 
118 306 31 34 0.047967855 
50 328 29 35 0.04706192 
671 384 47 77 0.046507705 
582 267 11 16 0.045910075 
272 278 27 33 0.044932604 
0 395 49 70 0.044357505 
500 304 34 45 0.04273045 
60 282 29 34 0.04254548 
269 301 26 37 0.04240739 
432 264 16 21 0.041977037 
628 228 86 97 0.04105159 
877 441 53 65 0.040568568 
447 311 40 48 0.039731044 
235 263 24 35 0.039700206 
172 339 54 61 0.039396804 
575 290 43 51 0.038247325 
637 44 12 14 0.037967477 
159 269 31 31 0.037257176 
502 282 25 38 0.03691166 
603 263 17 20 0.036200427 
589 266 14 17 0.036052395 
19 478 26 45 0.03587197 
151 723 62 50 0.034764763 
763 302 17 22 0.03392324 
3 257 16 21 0.033309594 
531 398 43 48 0.033112902 
863 401 46 55 0.03284315 
197 272 19 26 0.031315353 
292 445 59 62 0.03111699 
641 290 32 37 0.030909969 
449 473 52 64 0.030810468 
534 321 33 36 0.030736582 
406 394 31 43 0.030470567 
709 328 49 64 0.030136857 
249 252 27 32 0.029796712 
203 357 51 63 0.029355038 
130 245 16 17 0.028979946 
881 404 58 64 0.028824633 
732 296 16 18 0.028726565 
147 294 29 37 0.028670035 
394 281 13 20 0.028605444 
258 418 31 42 0.028605036 
657 262 10 13 0.02804783 
53 295 18 22 0.027970614 
102 257 26 33 0.027965441 
314 345 35 46 0.027777359 
84 348 32 44 0.02763519 
119 251 27 31 0.026643021 
172 260 28 35 0.02649368 
595 263 28 32 0.026222669 
154 283 25 33 0.026124563 
533 234 12 15 0.026043892 
435 332 42 51 0.025966708 
591 257 14 20 0.025512585 
280 274 16 20 0.02548628 
189 323 35 37 0.025332483 
985 690 39 83 0.025121337 
573 270 14 16 0.025104642 
554 286 26 34 0.025088996 
579 273 14 19 0.02506991 
170 249 25 31 0.024992336 
660 265 15 20 0.024671286 
553 528 40 34 0.02460149 
265 258 19 24 0.024265053 
486 350 39 51 0.024016585 
281 459 33 44 0.02401091 
270 306 16 23 0.023821076 
0 272 18 28 0.023682933 
43 211 42 45 0.023569873 
730 362 51 67 0.023568844 
609 343 30 41 0.0235265 
32 329 24 30 0.023287645 
542 298 29 37 0.02326986 
506 486 33 33 0.023166593 
234 297 41 50 0.023024391 
667 265 17 24 0.022858964 
659 274 15 21 0.022814078 
227 306 19 25 0.022678811 
1 254 11 16 0.022664685 
533 491 59 52 0.02262258 
404 358 19 20 0.022477489 
11 326 23 31 0.022376152 
388 331 28 34 0.022363767 
234 414 34 44 0.022331998 
793 72 29 30 0.022301827 
236 450 39 42 0.022291334 
223 318 18 23 0.02205696 
182 256 25 29 0.021908116 
32 191 30 40 0.021797858 
398 262 17 23 0.02179286 
169 239 20 28 0.021644738 
729 292 25 33 0.021587297 
763 297 29 36 0.02153622 
743 317 51 65 0.021341713 
160 301 55 59 0.021338006 
585 254 9 13 0.021206753 
252 438 28 39 0.021181647 
-1 334 12 24 0.021051807 
654 277 12 16 0.021022357 
185 248 17 19 0.020846797 
1 262 23 29 0.020809911 
210 284 40 49 0.02068322 
43 437 11 16 0.020639896 
196 329 18 20 0.0203853 
565 46 12 14 0.020349218 
340 404 55 60 0.020345438 
552 306 40 44 0.0202997 
266 407 35 46 0.020257108 
26 401 55 74 0.020136718 
186 264 26 33 0.020119436 
518 410 47 50 0.020095037 
