2_Demonstration_Demonstrators_2_244
226
721 154 60 83 0.99796677 
425 115 48 58 0.9916181 
203 170 16 18 0.99033254 
252 175 27 31 0.97216123 
843 138 24 31 0.8312363 
613 132 17 21 0.6694713 
359 169 13 17 0.48585874 
450 153 51 54 0.42770395 
712 181 29 46 0.40892094 
337 173 9 12 0.38190728 
938 122 19 22 0.31125975 
204 141 12 15 0.24831596 
536 138 22 27 0.22117223 
112 244 12 17 0.16715853 
590 29 11 14 0.16465223 
201 195 16 19 0.16402493 
183 112 7 10 0.16322093 
167 182 11 15 0.124141775 
264 178 16 20 0.121151835 
123 210 27 32 0.116160996 
391 141 30 35 0.11549112 
300 186 17 20 0.11545725 
333 178 13 20 0.11248008 
654 153 13 16 0.09494743 
280 163 12 16 0.09184174 
60 150 10 13 0.09168187 
327 183 14 21 0.088202715 
29 191 7 9 0.08727306 
101 170 14 17 0.08426188 
615 137 22 27 0.08396174 
117 200 43 51 0.08357303 
545 135 22 29 0.08302435 
143 144 8 11 0.08120175 
783 173 63 77 0.07890648 
948 144 17 20 0.078161314 
660 170 12 15 0.074578814 
945 131 23 29 0.073460795 
944 194 35 41 0.073292464 
1013 121 11 16 0.072381444 
302 164 12 15 0.07228157 
183 186 11 13 0.071444646 
81 213 10 13 0.06975937 
127 218 15 18 0.06929953 
166 205 13 14 0.06916182 
143 121 8 10 0.06638244 
907 157 22 30 0.065708056 
135 125 10 11 0.06564066 
682 138 17 22 0.06555954 
661 153 13 17 0.06340443 
353 170 11 16 0.061353408 
184 172 11 13 0.061079312 
529 144 22 31 0.060438775 
339 167 12 15 0.059383474 
171 187 12 14 0.058338705 
969 90 13 20 0.05812402 
619 151 17 21 0.05650851 
309 174 21 28 0.05581447 
391 189 12 16 0.055356413 
612 196 17 18 0.053991165 
197 197 24 29 0.053589385 
329 181 21 29 0.0530344 
224 162 14 16 0.052526608 
110 239 22 26 0.0522565 
302 171 13 16 0.05218331 
308 172 13 16 0.049553663 
754 164 62 82 0.04875433 
156 172 12 15 0.048068497 
223 188 15 18 0.047181875 
48 184 8 11 0.047124 
73 151 10 13 0.04644454 
188 172 11 15 0.04565321 
93 171 24 28 0.045317646 
918 169 25 31 0.04530521 
78 172 9 12 0.04387066 
694 106 12 14 0.043623276 
106 162 16 20 0.043416202 
362 189 13 15 0.04272165 
442 120 55 65 0.041768707 
138 215 14 19 0.040965162 
598 170 21 27 0.040920693 
312 142 10 12 0.039967146 
29 198 8 10 0.039883737 
137 141 9 12 0.039822437 
668 148 13 18 0.03928898 
24 214 8 9 0.039058454 
904 29 11 14 0.038466174 
680 133 13 16 0.038195208 
382 172 12 15 0.03813197 
30 206 8 11 0.037727293 
73 171 10 13 0.037090026 
374 170 10 14 0.03707642 
303 157 12 14 0.037045687 
136 164 9 14 0.036460944 
116 224 29 33 0.03632692 
640 157 12 15 0.03629957 
663 55 8 10 0.035923574 
636 166 23 27 0.035590015 
157 180 13 17 0.03558843 
284 131 11 14 0.034610376 
166 117 9 9 0.034203827 
200 127 9 11 0.033852816 
74 155 13 16 0.03377737 
955 116 12 15 0.03360774 
151 218 11 16 0.0332712 
948 117 16 19 0.033261444 
228 245 12 16 0.033065096 
167 143 8 9 0.03303927 
152 164 11 14 0.032767754 
690 140 18 22 0.03276699 
677 144 16 21 0.032218028 
528 146 12 17 0.03202725 
676 108 11 16 0.032008123 
159 205 11 14 0.03193986 
171 196 12 15 0.031931292 
299 170 22 28 0.0316505 
763 387 105 148 0.031647712 
532 155 28 32 0.031623717 
87 173 10 14 0.031353816 
210 140 11 15 0.030838378 
6 175 8 10 0.03082628 
204 186 14 18 0.030825198 
94 177 13 17 0.030259987 
79 187 10 14 0.030074954 
168 103 8 9 0.029905036 
84 167 39 46 0.029879007 
157 159 10 12 0.029736381 
363 176 13 17 0.029473066 
304 151 10 12 0.029307727 
903 167 27 34 0.029186709 
166 87 8 10 0.029155716 
823 131 43 60 0.029086664 
285 211 15 17 0.028753495 
631 171 15 19 0.028632835 
328 173 10 15 0.0285001 
151 171 12 15 0.028461404 
954 121 14 21 0.028288605 
940 146 16 18 0.028192025 
317 184 14 21 0.028032718 
651 160 20 26 0.02793431 
316 174 11 14 0.027675545 
178 113 7 9 0.027615612 
993 153 11 16 0.027604394 
638 163 13 17 0.0273779 
200 135 11 12 0.027363162 
658 45 9 11 0.027128825 
703 117 10 13 0.02688809 
869 163 11 13 0.026843322 
159 135 8 10 0.02666003 
166 175 10 14 0.026611013 
118 218 16 18 0.026555255 
941 32 15 20 0.026544604 
875 142 15 21 0.026457971 
161 112 7 10 0.026440762 
227 170 15 19 0.026352942 
246 142 11 13 0.026188653 
351 109 11 12 0.026097309 
533 135 14 18 0.025966343 
72 163 12 15 0.025948668 
402 112 48 58 0.025891144 
6 70 10 13 0.025733529 
662 40 8 10 0.025557654 
406 167 29 34 0.025478866 
642 152 22 27 0.025362069 
100 177 26 31 0.025314953 
694 170 13 14 0.025219617 
80 179 23 30 0.025059946 
1008 118 12 16 0.0249364 
951 142 25 31 0.024810098 
31 211 8 10 0.024701566 
207 175 16 19 0.024447165 
142 102 9 11 0.023826187 
594 165 16 19 0.023773722 
926 176 42 54 0.023615181 
164 236 11 15 0.023484355 
26 206 8 11 0.023447398 
7 207 9 12 0.023439355 
-8 82 95 123 0.023137257 
145 221 29 35 0.022998672 
167 111 8 11 0.022966832 
162 117 7 10 0.022856174 
161 142 9 10 0.022846475 
169 208 15 19 0.02284611 
913 158 41 50 0.022806207 
49 231 9 11 0.022669753 
247 187 26 32 0.02260051 
939 136 17 21 0.022535974 
192 191 22 26 0.0225357 
151 135 8 10 0.022469409 
293 191 17 19 0.02239311 
115 163 14 17 0.022381566 
9 198 8 11 0.022278275 
59 269 14 17 0.022243062 
222 179 14 18 0.02223701 
963 154 15 20 0.022227058 
209 199 17 22 0.0221331 
81 219 10 13 0.022055393 
531 159 16 21 0.022002432 
103 244 13 17 0.022000408 
95 132 11 13 0.02189738 
934 144 15 21 0.021896418 
102 236 11 15 0.021624865 
996 145 24 30 0.02158863 
527 154 13 18 0.021441422 
150 118 8 10 0.02135254 
112 246 30 30 0.02123805 
175 243 13 14 0.021203576 
961 120 20 30 0.020995852 
213 146 11 13 0.020847615 
153 112 7 9 0.020742975 
30 227 11 13 0.020712325 
350 187 11 15 0.020706963 
13 198 8 11 0.020701475 
246 202 14 19 0.02069053 
931 165 25 33 0.020627443 
135 133 9 12 0.020569924 
142 134 9 11 0.02046085 
175 136 9 11 0.020458806 
801 25 90 125 0.020441866 
388 183 21 26 0.020429961 
159 200 22 25 0.020393454 
282 110 8 11 0.020354468 
237 158 11 14 0.02033247 
584 24 20 25 0.02030284 
162 183 19 23 0.020288704 
150 143 8 10 0.020166999 
142 211 26 31 0.02015325 
