2_Demonstration_Demonstration_Or_Protest_2_176
59
542 291 31 40 0.99863666 
66 298 32 42 0.99562067 
752 278 31 44 0.9944337 
356 301 29 34 0.91266155 
569 292 29 37 0.8549652 
476 318 22 28 0.609933 
816 321 18 22 0.5524313 
631 307 26 28 0.49421284 
133 329 15 19 0.4254507 
938 324 16 19 0.16115649 
255 326 11 14 0.15549003 
609 495 15 18 0.123176865 
142 314 13 19 0.10379231 
10 314 14 23 0.1032798 
459 333 12 15 0.09502822 
936 317 13 14 0.06725506 
192 334 11 14 0.06149543 
137 320 17 23 0.059441 
871 514 13 16 0.055507965 
447 184 10 11 0.052584473 
225 375 7 9 0.051831175 
433 195 13 17 0.05134789 
396 317 16 23 0.039030205 
625 315 35 42 0.03820336 
592 491 10 11 0.037437145 
201 375 8 10 0.037303794 
583 293 27 37 0.03593116 
194 337 13 16 0.03499713 
424 386 8 9 0.03216453 
441 248 9 11 0.031680215 
377 189 11 14 0.031253792 
919 359 9 10 0.031027133 
574 283 16 19 0.030970022 
874 326 13 16 0.030756297 
488 322 15 19 0.030261442 
375 4 12 14 0.028857822 
269 322 11 15 0.028276734 
471 329 13 16 0.028014649 
989 22 15 22 0.026178408 
695 297 41 48 0.024873286 
442 253 9 11 0.02448618 
279 379 8 12 0.02389428 
46 309 13 18 0.023862064 
555 296 34 40 0.023733962 
822 132 14 17 0.023692764 
376 203 10 13 0.023129119 
545 126 10 12 0.023029683 
596 492 11 13 0.022996753 
828 316 13 17 0.022888795 
154 288 18 21 0.022550207 
347 289 46 56 0.02254386 
230 332 13 15 0.02159302 
448 196 12 15 0.021568134 
915 311 13 17 0.02113045 
254 319 18 25 0.021087943 
429 263 9 11 0.020953096 
647 304 18 22 0.020909037 
492 317 12 16 0.020722458 
-2 359 25 43 0.020147895 
