2_Demonstration_Political_Rally_2_114
1025
648 317 27 36 0.9979265 
949 340 30 50 0.9783691 
501 244 12 15 0.8243625 
95 319 27 48 0.73107046 
458 311 25 41 0.70404255 
429 195 13 15 0.6576281 
950 211 8 11 0.62909615 
826 276 14 18 0.577748 
69 212 10 12 0.57313913 
831 247 9 12 0.55576235 
597 283 15 20 0.5405644 
443 412 55 71 0.53583103 
880 245 9 11 0.5262622 
574 247 20 28 0.506677 
791 281 14 22 0.46628916 
92 269 13 15 0.4201285 
272 175 10 12 0.34576485 
86 96 8 11 0.34390283 
839 237 10 12 0.31139207 
607 262 9 12 0.30931678 
783 242 11 15 0.30382243 
751 165 8 10 0.29405043 
727 234 10 15 0.29265463 
521 229 9 12 0.28832495 
963 257 12 17 0.2806255 
515 283 14 21 0.2756628 
703 158 8 10 0.26634774 
113 265 22 31 0.2609435 
948 288 14 21 0.25201502 
909 200 8 11 0.24027032 
233 166 9 12 0.23819773 
44 254 22 31 0.2290552 
558 217 9 10 0.22844437 
649 216 7 9 0.22475326 
792 165 7 11 0.22079453 
996 255 9 12 0.2195974 
310 226 10 15 0.21936318 
389 264 13 15 0.21824023 
678 233 9 12 0.21700223 
977 239 7 10 0.20613319 
511 208 8 10 0.19962192 
958 174 9 11 0.19726166 
863 188 8 10 0.19107942 
687 198 9 11 0.18879156 
452 267 16 20 0.18852541 
624 215 6 9 0.1847046 
709 488 48 64 0.1842015 
686 267 14 17 0.18237142 
719 160 8 10 0.18184471 
642 166 7 9 0.1798946 
292 165 9 13 0.17422085 
888 183 8 10 0.17258541 
48 195 9 12 0.1715043 
260 278 26 31 0.16969287 
805 179 10 12 0.16697101 
865 213 9 12 0.16412951 
424 220 8 11 0.16362365 
80 239 8 11 0.16198856 
774 167 7 9 0.16179337 
862 220 9 12 0.15854165 
474 248 8 10 0.15354924 
340 238 11 15 0.15110072 
5 350 28 51 0.14882857 
803 283 14 18 0.14826357 
880 223 9 11 0.14747748 
508 324 24 35 0.1460415 
865 208 10 12 0.14482386 
102 211 8 11 0.14205109 
649 231 8 10 0.14175957 
98 206 10 12 0.14118063 
77 214 8 11 0.14065644 
793 183 8 10 0.13979043 
416 273 13 20 0.13854016 
941 286 15 20 0.1363195 
549 251 8 12 0.13615592 
470 214 9 11 0.13279885 
25 176 8 9 0.13227043 
929 214 7 10 0.13056639 
792 190 8 10 0.12683462 
800 181 9 11 0.1259715 
993 259 10 12 0.12539092 
426 174 8 10 0.12232311 
718 165 8 9 0.12117877 
606 237 9 12 0.1204581 
30 169 9 10 0.11960742 
399 236 11 13 0.11930033 
641 278 9 14 0.11864104 
985 209 7 9 0.11763513 
821 197 8 10 0.11654148 
999 237 9 11 0.11625054 
566 232 9 11 0.11613507 
481 207 8 9 0.115773104 
325 242 11 14 0.115215056 
507 206 7 10 0.11446327 
295 254 9 13 0.1132423 
946 209 8 10 0.112805195 
48 172 8 10 0.11169401 
623 222 8 10 0.10990022 
257 172 8 11 0.10896487 
766 192 8 10 0.10894725 
568 251 11 15 0.10740776 
777 199 7 9 0.10538702 
109 266 16 23 0.10529236 
422 216 8 11 0.10355205 
715 165 7 9 0.1035169 
641 160 7 10 0.1031108 
934 220 8 11 0.10230055 
122 209 7 9 0.101790406 
120 213 9 10 0.1014964 
822 268 13 19 0.10124418 
706 192 6 8 0.10071565 
959 197 8 10 0.10016311 
445 268 12 18 0.098786145 
443 354 14 18 0.09851693 
760 229 10 13 0.0983365 
133 253 12 16 0.09788016 
529 212 11 13 0.09760485 
770 166 7 10 0.09754622 
486 294 23 31 0.09748003 
926 207 8 10 0.09694667 
295 219 8 11 0.09444898 
973 293 22 27 0.094163805 
365 167 8 10 0.093493596 
454 197 8 12 0.093476206 
823 181 7 9 0.09239802 
737 144 7 9 0.09204494 
836 242 11 15 0.091701575 
446 230 8 10 0.091326006 
687 235 9 12 0.09108705 
693 236 8 11 0.090024464 
791 197 9 11 0.089225054 
584 239 8 11 0.0892006 
420 402 51 73 0.0883867 
884 221 10 11 0.08808864 
290 160 8 11 0.08800322 
143 239 11 13 0.08764388 
837 183 9 11 0.0875033 
413 232 9 12 0.086747855 
213 278 15 20 0.08567465 
508 240 11 14 0.08506508 
854 199 9 11 0.084702335 
592 207 8 10 0.084502384 
912 247 9 12 0.084466204 
832 239 10 12 0.08414748 
653 214 7 10 0.08412798 
1015 205 8 11 0.08360654 
276 156 10 12 0.08291429 
704 220 8 10 0.0829009 
600 237 10 12 0.08285276 
507 272 18 26 0.08265438 
722 238 8 12 0.082319126 
632 237 10 13 0.08231475 
1014 169 7 9 0.08201339 
776 239 10 14 0.081957415 
906 221 8 11 0.08159696 
634 199 7 10 0.08147353 
753 161 8 10 0.08092139 
922 206 9 12 0.08016496 
276 198 12 15 0.08004876 
480 220 9 11 0.079704404 
24 220 10 13 0.07942748 
848 214 8 10 0.07917871 
22 256 24 27 0.078945346 
336 241 12 15 0.077689074 
592 230 8 10 0.0775286 
430 246 9 12 0.0767716 
777 364 37 44 0.07661296 
263 174 10 12 0.076587945 
17 176 8 10 0.0765712 
788 238 10 14 0.07543408 
528 208 10 11 0.074872926 
968 272 12 18 0.07473321 
762 225 8 10 0.07453912 
94 223 8 12 0.07439242 
889 188 9 12 0.07422436 
417 214 8 10 0.0740917 
893 189 9 11 0.074026436 
576 220 8 10 0.07371398 
980 238 9 11 0.073565975 
838 221 8 11 0.073446766 
478 182 8 9 0.07337792 
644 283 10 14 0.07337452 
959 216 7 10 0.07304459 
497 216 7 10 0.07289341 
125 209 8 10 0.07283333 
848 205 8 10 0.07263114 
430 181 8 10 0.07234434 
308 235 12 16 0.07206739 
713 161 7 9 0.07184665 
508 268 12 17 0.071591645 
294 149 8 10 0.0712786 
752 209 8 11 0.07127648 
430 229 8 10 0.071212225 
856 240 8 12 0.070993476 
653 237 8 10 0.07074062 
437 272 14 20 0.07061279 
1000 207 9 10 0.07056683 
952 244 10 11 0.06924733 
727 222 10 11 0.06884496 
344 214 9 11 0.068623595 
775 160 7 8 0.06860498 
435 356 29 35 0.06858378 
64 218 10 13 0.06852106 
465 207 8 11 0.06840753 
335 80 8 11 0.06838381 
793 162 7 9 0.06817404 
254 212 10 12 0.067882545 
477 250 9 12 0.06778464 
677 182 8 11 0.06777801 
457 243 10 13 0.06750345 
359 183 9 12 0.06746943 
863 167 7 9 0.06720041 
206 264 11 14 0.06686987 
543 216 9 11 0.06680909 
288 171 9 12 0.066605434 
873 169 7 8 0.06659453 
823 177 7 9 0.06629886 
631 262 9 11 0.06614998 
761 192 8 11 0.06613453 
479 214 10 12 0.065931745 
861 239 9 11 0.065902635 
277 167 10 12 0.06590166 
290 252 9 13 0.065855466 
818 197 8 11 0.06562061 
782 198 9 11 0.065590374 
623 244 9 11 0.06554395 
311 143 8 10 0.06511384 
342 227 12 15 0.064945824 
29 285 30 34 0.064860724 
355 263 14 15 0.064257815 
481 199 8 10 0.063739434 
999 232 10 11 0.06317339 
849 200 8 11 0.063167356 
545 247 11 14 0.06250168 
442 230 8 11 0.062300727 
609 209 6 9 0.062288996 
425 167 9 12 0.061888862 
833 281 13 16 0.061480477 
882 294 17 25 0.061264656 
990 208 7 10 0.061167937 
66 95 7 10 0.061148036 
609 213 7 10 0.061009828 
733 213 10 12 0.060749292 
879 228 9 12 0.06037139 
889 197 9 12 0.060346432 
785 192 7 9 0.060020372 
66 210 8 11 0.059873704 
711 215 9 12 0.059711713 
552 219 10 13 0.05944131 
543 234 12 14 0.05939092 
806 237 10 12 0.059371926 
142 208 8 10 0.059367392 
471 167 7 10 0.059248913 
610 191 8 10 0.059206415 
520 226 9 10 0.059137274 
736 191 8 11 0.05907668 
984 168 6 7 0.05893961 
633 255 9 11 0.058785424 
679 277 11 16 0.058528423 
719 222 7 10 0.058480762 
305 143 8 10 0.05815422 
156 260 16 20 0.058027826 
139 259 11 15 0.057482194 
933 216 8 10 0.05745407 
910 251 9 12 0.057353947 
704 197 8 10 0.05718199 
586 284 26 33 0.056971405 
692 263 12 18 0.05696696 
683 254 12 14 0.05664452 
975 215 8 10 0.05661197 
480 191 7 9 0.056456618 
148 274 13 16 0.056298938 
798 165 8 10 0.05618476 
377 114 10 12 0.05617397 
600 260 12 16 0.055997897 
487 238 9 13 0.055622432 
405 237 9 11 0.05559325 
272 168 10 13 0.055399466 
121 251 10 14 0.055015326 
993 237 9 11 0.054784603 
615 197 7 9 0.05470208 
758 160 7 10 0.054661494 
1000 222 10 10 0.05453323 
517 259 11 15 0.054529104 
90 266 21 25 0.05396266 
768 173 8 11 0.053834658 
669 280 15 17 0.053590328 
9 150 9 11 0.0535886 
568 207 7 9 0.05277313 
767 197 7 10 0.05263569 
759 143 7 9 0.052586846 
751 181 7 10 0.05235928 
98 211 8 12 0.05211303 
382 97 8 9 0.051536195 
70 231 8 10 0.051436886 
85 324 28 35 0.051316995 
582 335 32 53 0.05116761 
802 176 8 11 0.051141497 
406 253 10 13 0.051053736 
13 212 12 15 0.050928842 
447 246 9 12 0.05082684 
526 223 10 11 0.05078244 
954 283 12 18 0.050612967 
120 260 24 29 0.05052142 
712 177 8 9 0.05047053 
466 212 9 12 0.050469864 
953 260 11 14 0.050463375 
643 222 7 9 0.050297234 
88 223 10 12 0.05021575 
435 191 10 12 0.04976569 
884 239 9 11 0.049674645 
419 358 27 31 0.04965471 
454 177 8 11 0.049517125 
689 166 7 10 0.04945249 
833 215 9 11 0.04944525 
320 236 11 15 0.049432397 
259 236 25 30 0.049316872 
872 172 10 11 0.049296957 
953 295 14 19 0.04928432 
777 203 9 12 0.049071476 
927 262 12 14 0.048746813 
673 236 11 14 0.048710722 
64 229 10 11 0.048707698 
474 182 8 10 0.04844353 
672 242 10 13 0.048344713 
719 242 10 15 0.04827051 
680 259 12 15 0.04817091 
265 179 10 13 0.048163082 
682 197 8 11 0.047846995 
561 231 9 11 0.047824778 
629 174 9 11 0.047811273 
630 245 9 11 0.047807887 
809 282 15 20 0.047724467 
249 174 8 10 0.047522023 
167 192 8 9 0.047292665 
931 268 11 14 0.04724408 
845 238 8 11 0.047235083 
470 207 8 11 0.047197133 
426 272 17 22 0.047196485 
987 283 16 19 0.04705156 
177 185 7 8 0.046778806 
62 242 12 18 0.046706315 
523 289 14 19 0.046673827 
913 306 19 23 0.046379905 
32 198 9 11 0.04628525 
-1 198 7 13 0.046096742 
362 297 13 18 0.04598972 
80 220 9 11 0.045844853 
96 199 9 12 0.045841448 
968 215 7 10 0.04581279 
365 27 20 25 0.045705862 
746 174 8 9 0.045626994 
775 144 8 10 0.045606468 
742 142 7 10 0.045496136 
253 285 24 33 0.04548092 
489 244 8 12 0.0452663 
247 426 59 68 0.045172352 
534 256 9 13 0.04507957 
628 267 11 15 0.045076657 
528 189 8 11 0.044858646 
697 152 7 10 0.044773184 
703 153 7 10 0.04475463 
817 207 8 11 0.044737976 
129 190 8 11 0.04470766 
712 221 9 11 0.04469627 
1000 187 8 11 0.044251658 
13 207 11 13 0.04422175 
295 144 8 11 0.0441743 
653 232 8 10 0.0441464 
338 64 8 11 0.044136446 
364 292 12 15 0.04407943 
999 169 7 8 0.0440641 
382 101 7 10 0.043967757 
916 244 10 12 0.043890163 
696 167 8 10 0.04384696 
70 131 10 12 0.043763418 
504 126 9 10 0.043710392 
307 94 7 9 0.043663595 
735 208 9 11 0.04365724 
729 175 7 10 0.043526392 
23 180 8 10 0.043431997 
465 166 8 10 0.043427642 
759 166 7 9 0.04342337 
910 229 8 12 0.043378904 
119 245 10 14 0.043328725 
261 206 10 13 0.043269977 
422 339 46 45 0.043152146 
68 242 12 16 0.04314948 
277 177 10 13 0.043111123 
886 216 9 11 0.04310083 
821 263 10 13 0.043005295 
968 244 9 13 0.0428896 
960 220 8 9 0.0428383 
966 197 7 10 0.042826604 
515 330 26 38 0.042820223 
719 142 7 9 0.04275119 
729 214 9 12 0.042730197 
807 243 10 13 0.04265132 
497 220 8 10 0.042642813 
448 176 8 11 0.042615227 
945 469 32 38 0.042518817 
311 188 10 13 0.042501464 
698 158 7 9 0.04244914 
559 246 11 14 0.04239947 
227 290 12 16 0.042324457 
470 150 8 10 0.04222063 
744 182 7 10 0.042209703 
944 267 9 14 0.041925985 
353 189 9 11 0.04184062 
113 239 9 12 0.04172358 
112 221 8 11 0.04168518 
459 239 10 13 0.041666713 
639 231 8 11 0.041544423 
646 221 7 9 0.041301712 
391 254 11 13 0.041235264 
111 216 9 10 0.041210335 
703 165 8 10 0.0411306 
815 212 9 11 0.04089095 
36 204 10 14 0.040785193 
977 153 6 9 0.04053614 
497 175 8 11 0.04029601 
118 239 9 11 0.040221732 
473 175 7 9 0.040182255 
84 238 9 11 0.040177308 
586 252 12 17 0.040175945 
678 190 8 10 0.040076625 
501 222 7 10 0.040033318 
995 282 15 18 0.040032312 
639 152 7 9 0.039992332 
25 192 9 10 0.0399744 
985 290 18 21 0.039923422 
29 219 10 13 0.03987284 
306 229 10 13 0.039810404 
485 206 8 10 0.039715055 
798 161 8 10 0.039628305 
358 96 7 10 0.039484184 
343 93 7 10 0.039417047 
454 251 12 17 0.03939581 
759 208 9 11 0.039085258 
776 151 8 9 0.038986903 
526 255 12 15 0.038974334 
720 137 7 9 0.03894079 
893 183 8 10 0.038931843 
750 174 7 10 0.038865913 
776 127 7 9 0.038770664 
161 191 8 10 0.038736198 
504 201 8 10 0.038733497 
905 252 9 12 0.038669206 
671 254 11 15 0.03848741 
132 244 14 17 0.03846843 
517 208 9 11 0.038314175 
975 242 9 13 0.038180113 
959 244 8 11 0.038032424 
217 179 9 12 0.03800832 
807 187 10 13 0.037998907 
1006 246 9 11 0.037893124 
478 167 7 10 0.03779145 
679 274 23 29 0.037790425 
617 222 8 10 0.037718415 
478 176 8 10 0.0376578 
233 161 9 12 0.0375924 
735 150 8 9 0.03759 
752 191 7 10 0.03749609 
1009 200 7 9 0.037472803 
856 183 9 11 0.037446704 
260 167 10 12 0.037431743 
601 276 15 20 0.037426446 
840 206 7 10 0.03735548 
310 216 9 12 0.037319385 
51 320 21 32 0.037220508 
906 204 8 10 0.037136804 
426 192 10 12 0.037095256 
649 200 8 10 0.036910933 
334 102 8 10 0.0368691 
877 167 8 10 0.036865376 
625 181 10 12 0.03682676 
511 261 12 17 0.036821138 
249 166 8 11 0.036802784 
471 140 9 10 0.036637492 
999 246 10 12 0.036458757 
673 182 8 10 0.036347643 
225 167 9 10 0.0363408 
126 251 11 15 0.036275733 
445 317 26 38 0.036224075 
516 365 23 35 0.036207158 
52 196 9 12 0.036186762 
731 231 12 15 0.036127713 
648 174 8 10 0.036009084 
361 173 10 12 0.035992753 
408 231 8 12 0.035967678 
503 214 8 10 0.035948984 
622 153 8 10 0.035934445 
617 214 7 10 0.035913356 
497 250 10 13 0.035896584 
509 250 12 15 0.035811167 
1005 182 9 13 0.0357989 
289 219 10 12 0.035781775 
429 223 8 11 0.035729602 
9 145 8 10 0.03569348 
879 197 8 10 0.03566973 
653 176 8 11 0.0356421 
638 200 7 9 0.03551507 
445 361 30 37 0.035502076 
926 229 9 11 0.035459112 
1006 206 8 10 0.035367686 
21 212 13 17 0.035363078 
289 150 8 11 0.035284936 
51 243 21 33 0.0352524 
976 158 7 9 0.035145655 
421 97 8 10 0.035083774 
79 184 7 9 0.03504459 
688 159 7 9 0.03496069 
648 246 9 12 0.034911383 
968 238 10 12 0.0348911 
1009 173 7 9 0.034857504 
838 216 7 9 0.034807123 
920 200 8 10 0.03476227 
112 243 11 15 0.034749325 
470 200 8 10 0.03463608 
881 182 9 12 0.034599196 
302 206 8 11 0.034590404 
464 159 8 11 0.034549933 
470 316 18 28 0.034549218 
367 39 13 16 0.03450544 
616 209 7 9 0.034472223 
776 193 8 9 0.034458943 
689 269 17 22 0.03443149 
729 191 9 11 0.034320075 
797 290 24 31 0.034310862 
617 150 8 10 0.034237128 
693 198 8 10 0.034206793 
505 175 8 11 0.034146238 
392 181 9 12 0.034093123 
145 183 7 9 0.03407865 
324 312 34 55 0.034025908 
672 175 7 9 0.033999242 
786 166 7 10 0.03399031 
342 87 8 11 0.033986397 
441 224 9 11 0.033976153 
358 302 12 18 0.033848215 
69 95 8 9 0.03381114 
545 125 11 14 0.03378205 
14 198 8 10 0.03364458 
373 270 10 13 0.033616763 
333 237 19 24 0.033562064 
118 134 8 10 0.033527546 
31 211 11 15 0.03349345 
234 284 14 18 0.0334642 
925 297 15 20 0.033439856 
533 221 9 10 0.033303853 
425 229 9 12 0.03323889 
830 166 8 9 0.03319317 
415 252 9 13 0.033159073 
932 275 10 13 0.033105098 
631 168 8 10 0.032991774 
322 234 19 24 0.032977156 
827 244 19 23 0.03290019 
529 184 7 10 0.03289892 
593 225 7 10 0.032878626 
572 306 16 20 0.032813083 
880 189 9 11 0.032784827 
800 205 7 10 0.032741074 
143 268 12 16 0.032696214 
526 234 10 13 0.032683533 
743 207 9 11 0.032681365 
54 242 14 21 0.03266767 
549 231 9 12 0.032634456 
391 246 10 13 0.032547075 
440 236 8 10 0.032504797 
474 188 8 11 0.0324493 
459 270 14 20 0.032444943 
64 207 19 23 0.032360986 
770 161 6 9 0.03234454 
962 261 18 26 0.032304335 
840 200 8 10 0.032231987 
920 223 8 10 0.032200925 
569 339 28 41 0.03213078 
305 112 7 9 0.032112222 
255 248 39 51 0.032091744 
1000 214 10 11 0.03209152 
472 219 9 11 0.03206705 
954 191 8 10 0.03206042 
624 209 7 9 0.032045316 
79 159 6 8 0.031856596 
59 256 15 24 0.031769283 
427 179 8 11 0.031754654 
325 213 8 10 0.031741258 
427 368 35 42 0.031725414 
997 269 11 14 0.03160531 
397 301 12 15 0.03159728 
363 284 12 16 0.03155223 
422 359 13 17 0.031456858 
450 192 7 10 0.03144854 
403 315 26 36 0.031428743 
747 167 8 10 0.031211741 
846 244 9 12 0.031167924 
616 245 9 11 0.031107599 
501 269 15 22 0.031084392 
838 188 8 11 0.031081187 
1010 170 7 8 0.031054277 
495 192 7 9 0.031028202 
719 252 11 14 0.031018745 
87 263 14 17 0.0309197 
446 252 10 14 0.0308945 
465 200 7 10 0.030892594 
441 165 8 10 0.03084291 
720 230 9 12 0.03071778 
416 394 36 46 0.030548913 
857 189 8 11 0.03053189 
178 303 39 50 0.030523421 
14 190 7 10 0.030425334 
487 230 9 12 0.030416258 
884 229 10 12 0.030370709 
480 239 8 12 0.03034909 
303 214 9 12 0.03023772 
181 184 8 9 0.03022809 
941 476 45 52 0.030207459 
469 159 8 10 0.030201372 
733 219 11 13 0.030117366 
816 165 8 10 0.030073328 
688 223 8 10 0.030030714 
232 183 8 10 0.029946856 
496 160 10 12 0.029934952 
107 340 32 42 0.029908732 
494 287 22 31 0.02988428 
856 222 11 13 0.029858807 
83 100 9 11 0.029821148 
673 231 9 12 0.029783199 
917 276 12 16 0.029726818 
539 274 16 20 0.029635781 
821 207 9 11 0.029548557 
814 281 24 28 0.029533861 
304 328 27 38 0.029428005 
24 148 7 11 0.029415343 
123 241 20 26 0.029376928 
838 175 8 10 0.029368319 
922 283 13 17 0.02935296 
533 207 9 10 0.029326847 
180 305 18 22 0.029312463 
350 260 22 26 0.02922714 
980 244 11 13 0.029163526 
496 127 8 10 0.029051753 
316 227 11 16 0.029048478 
138 208 8 10 0.029030776 
496 206 7 10 0.028923469 
464 153 8 10 0.028880302 
499 316 24 36 0.028857782 
633 233 8 10 0.02879798 
221 279 21 27 0.028773898 
71 169 7 9 0.028765017 
320 213 8 11 0.028713547 
694 173 9 11 0.028690875 
350 222 9 13 0.028632531 
728 152 8 10 0.028621817 
602 257 19 23 0.028616063 
926 236 9 12 0.028550843 
957 277 12 17 0.028548762 
576 192 7 10 0.028533101 
629 273 13 19 0.028495658 
56 215 9 12 0.028494967 
337 94 8 10 0.028493516 
402 430 53 77 0.028491903 
287 257 12 15 0.028387818 
591 235 9 13 0.028347153 
29 269 31 34 0.028325582 
449 434 68 84 0.028324032 
944 261 9 13 0.028322326 
673 231 19 24 0.028286366 
796 302 15 24 0.028272616 
176 189 8 10 0.028268537 
740 229 11 15 0.028231837 
664 230 9 10 0.028231345 
495 238 12 18 0.028222 
935 206 7 9 0.028211102 
465 174 7 10 0.028200438 
125 257 15 20 0.028199995 
816 268 11 14 0.028124588 
888 206 9 10 0.02810953 
12 158 9 11 0.028054342 
388 261 19 25 0.028053302 
440 262 11 16 0.028048636 
741 190 8 11 0.028033098 
630 215 7 8 0.028007807 
710 190 7 10 0.027952105 
67 258 12 19 0.027949935 
486 191 7 9 0.0279277 
126 228 11 13 0.02790578 
191 277 10 14 0.027861752 
41 183 8 10 0.027854955 
663 261 10 13 0.027841726 
127 249 21 25 0.027831849 
398 242 12 15 0.027801512 
1014 200 9 12 0.027724294 
406 244 10 14 0.027702723 
455 204 8 12 0.027699497 
215 248 9 11 0.027675819 
1005 221 8 9 0.02766412 
911 193 8 9 0.027657727 
514 223 8 10 0.027655674 
935 288 16 21 0.027620172 
694 324 15 19 0.027579885 
676 242 14 16 0.027565291 
38 198 10 13 0.027563302 
353 293 22 30 0.027544586 
997 275 13 16 0.027531182 
552 205 8 9 0.02750669 
907 274 15 20 0.027474687 
504 119 10 11 0.027441718 
430 238 9 11 0.027420545 
1015 246 9 12 0.027311878 
768 242 11 15 0.027262587 
429 356 15 18 0.027259326 
990 212 7 10 0.027231133 
335 229 12 15 0.027167317 
16 180 8 10 0.027128238 
970 259 12 17 0.027051488 
757 233 11 14 0.027043529 
145 190 8 10 0.027026864 
764 272 15 21 0.027001984 
982 232 8 10 0.026981799 
798 199 8 10 0.026947519 
790 231 10 13 0.026913522 
484 222 9 10 0.026827948 
513 229 10 12 0.026811577 
9 284 15 19 0.026763573 
117 260 12 19 0.026713645 
529 291 17 19 0.026708644 
239 434 36 50 0.026706276 
117 358 29 38 0.026554799 
566 312 25 30 0.026553221 
94 87 8 9 0.026521236 
439 246 9 13 0.02647917 
93 168 9 11 0.026459616 
893 259 13 16 0.026432581 
977 208 7 10 0.026423924 
771 154 212 222 0.026416585 
288 94 7 10 0.026385041 
753 274 25 31 0.02636234 
222 126 7 10 0.026359012 
677 250 21 27 0.026327487 
467 266 13 17 0.0262892 
1016 211 9 12 0.026273984 
231 117 8 10 0.0262734 
807 150 8 9 0.026260423 
306 222 19 24 0.026227374 
650 208 7 9 0.02614502 
504 369 26 39 0.026125828 
441 160 8 10 0.026097253 
104 230 8 9 0.026054455 
598 208 7 9 0.026044684 
299 253 10 12 0.026018122 
122 276 16 23 0.025959248 
960 169 7 10 0.025857542 
125 236 12 15 0.025851125 
726 157 7 10 0.025832666 
792 143 7 10 0.025801038 
192 175 8 11 0.02575451 
14 362 30 44 0.025700387 
958 262 14 20 0.025615618 
448 205 10 12 0.025539948 
832 233 10 12 0.025532566 
798 188 9 12 0.025531214 
444 379 34 47 0.025530437 
173 310 25 33 0.025512727 
202 262 10 14 0.025477506 
288 247 9 14 0.025455687 
894 206 8 10 0.025448197 
328 151 9 10 0.025432402 
29 192 8 10 0.025425892 
233 151 9 10 0.025371812 
496 197 8 11 0.025278704 
807 215 8 11 0.025250863 
984 159 7 9 0.025245078 
151 253 13 17 0.025239663 
374 134 9 11 0.025153365 
688 174 9 10 0.025119368 
250 213 10 13 0.02508948 
207 274 16 21 0.025088308 
927 256 10 12 0.025082953 
116 78 9 11 0.02504199 
238 172 8 11 0.025028309 
103 223 9 11 0.025017401 
848 191 7 9 0.024986157 
641 170 9 12 0.024980964 
789 288 20 33 0.024935639 
23 143 8 10 0.024896817 
9 204 10 13 0.024871156 
885 284 13 18 0.024814263 
895 237 9 11 0.024791831 
80 110 9 10 0.024771515 
655 199 6 9 0.024760054 
951 265 11 15 0.02471816 
415 246 9 12 0.024634639 
718 215 9 12 0.024597948 
814 245 9 12 0.02456841 
122 168 9 10 0.024565235 
655 207 7 10 0.024564954 
408 381 31 47 0.024402149 
888 177 8 10 0.024362586 
509 175 8 9 0.024349503 
712 228 9 11 0.024336088 
222 175 9 11 0.024328256 
447 237 8 11 0.024278391 
327 182 8 11 0.024249418 
405 258 12 17 0.024235206 
72 237 20 25 0.024233323 
271 192 19 26 0.024188885 
831 175 9 10 0.02413217 
598 232 9 11 0.02412478 
398 252 11 14 0.0241168 
303 189 9 12 0.024114499 
277 192 10 13 0.024073359 
753 196 7 9 0.024071421 
992 246 10 12 0.02403878 
407 150 8 10 0.024032723 
925 273 14 17 0.024029577 
154 270 18 21 0.023976818 
799 214 9 13 0.023976069 
703 205 9 10 0.02396519 
474 302 24 32 0.023934092 
589 110 12 15 0.023933904 
484 284 13 19 0.023898426 
824 165 8 10 0.023898117 
146 242 13 15 0.023859505 
713 237 10 12 0.023851532 
120 229 11 14 0.023845082 
294 189 10 14 0.02379688 
704 136 8 9 0.023761334 
13 282 28 35 0.023759581 
753 235 10 13 0.023756087 
792 175 8 10 0.023732841 
824 250 11 15 0.02371511 
609 282 15 19 0.023698395 
159 174 8 10 0.023664197 
675 92 203 229 0.023598975 
87 216 9 11 0.023598267 
632 205 8 11 0.023590878 
807 207 7 9 0.023551865 
524 275 14 20 0.02354237 
902 183 9 11 0.023526832 
225 240 9 10 0.023462702 
414 368 16 20 0.0234433 
871 290 22 30 0.023413545 
624 264 9 12 0.023410568 
725 252 10 14 0.023340136 
725 260 12 15 0.023338541 
385 134 201 206 0.023305552 
423 206 8 11 0.023252666 
485 215 8 10 0.023248311 
503 158 10 12 0.0232034 
1015 262 10 13 0.023143848 
241 231 8 11 0.023126746 
558 143 10 12 0.023108874 
436 383 17 21 0.02307837 
977 174 7 9 0.023044005 
735 166 8 9 0.023035612 
826 237 9 11 0.023023704 
492 372 27 42 0.023015168 
280 96 8 10 0.023014398 
520 191 8 10 0.02301074 
847 183 8 11 0.022977654 
273 152 11 13 0.022971785 
877 174 9 11 0.022961589 
134 191 7 11 0.022954002 
615 176 8 10 0.022894416 
366 268 11 15 0.022880672 
338 215 9 11 0.022864051 
972 283 13 18 0.022855865 
485 199 7 10 0.022848578 
653 246 9 11 0.02283772 
70 218 10 13 0.022836555 
770 149 7 10 0.022835627 
200 267 12 16 0.022812953 
991 267 12 15 0.022795733 
138 212 8 11 0.022785846 
905 228 9 12 0.022784038 
324 231 12 15 0.022744419 
334 143 8 10 0.022694997 
975 220 8 10 0.022665294 
269 169 19 22 0.022660492 
913 238 8 12 0.022605425 
262 247 15 20 0.022598328 
280 251 24 28 0.022593344 
295 229 9 11 0.022592962 
854 204 9 12 0.022584148 
245 231 10 13 0.022558438 
600 199 6 8 0.022547001 
994 295 17 22 0.02252505 
623 157 9 10 0.022522353 
958 180 8 9 0.022478482 
92 94 8 10 0.022432152 
128 183 8 10 0.022412473 
113 135 7 10 0.022370527 
166 293 15 19 0.022360178 
43 269 19 23 0.022355884 
442 175 7 10 0.022351759 
559 123 11 14 0.022316204 
967 168 6 8 0.022312341 
487 111 8 11 0.022309355 
267 242 27 33 0.02228713 
800 149 8 10 0.022282302 
728 180 8 10 0.022282196 
833 188 9 11 0.022262925 
58 238 21 28 0.022262655 
575 208 7 9 0.022197125 
37 101 199 238 0.022195278 
764 289 23 32 0.022190435 
630 191 7 10 0.022139866 
918 239 9 13 0.022116425 
557 318 32 36 0.022076296 
357 274 13 17 0.022054676 
7 279 12 15 0.02203657 
989 276 15 17 0.022033313 
136 236 11 15 0.022026788 
415 208 9 11 0.021997852 
614 255 9 11 0.021971453 
945 244 8 11 0.021935679 
642 217 8 9 0.021867292 
967 232 8 11 0.021857318 
317 187 11 13 0.021852577 
736 158 8 10 0.021822428 
783 144 7 9 0.021820394 
464 135 10 12 0.02180262 
308 251 11 13 0.0218013 
271 189 10 13 0.021753017 
133 229 9 12 0.021733997 
342 293 11 15 0.021681983 
792 203 9 11 0.021667872 
742 151 8 8 0.021622377 
593 200 6 8 0.02161446 
589 275 14 22 0.021606933 
207 253 10 12 0.021592963 
1015 284 10 14 0.021584889 
640 127 7 10 0.021556238 
918 269 13 15 0.021545965 
464 221 9 11 0.021541202 
263 187 11 14 0.021527743 
73 189 9 11 0.021520112 
204 278 23 32 0.021502309 
334 149 8 10 0.021489918 
688 193 10 12 0.02146646 
74 185 6 8 0.021441933 
137 128 9 11 0.02141079 
614 229 8 11 0.021399442 
687 181 9 10 0.021364829 
526 244 10 13 0.021356735 
945 206 18 23 0.021347234 
192 271 10 13 0.021334184 
393 236 10 15 0.021297585 
983 173 7 8 0.021293093 
277 261 11 14 0.021284804 
955 197 8 10 0.021281397 
854 228 10 13 0.02126506 
980 274 14 18 0.021256825 
135 349 11 14 0.02122533 
168 185 7 9 0.021224022 
347 357 12 16 0.021204578 
399 256 21 28 0.021200448 
590 122 12 15 0.021197213 
368 128 9 12 0.021186177 
766 215 8 10 0.021183992 
72 254 22 29 0.021182874 
903 306 15 19 0.021163095 
130 195 8 11 0.021146966 
697 142 8 10 0.021130724 
223 296 13 16 0.02108998 
537 198 10 12 0.0210452 
909 310 28 33 0.021018168 
415 260 11 17 0.020976292 
703 175 8 10 0.020954028 
877 241 19 24 0.020895358 
349 294 12 16 0.020895083 
695 192 8 10 0.020879304 
887 275 14 21 0.020856483 
364 263 12 15 0.020853885 
330 86 8 10 0.020853553 
61 272 13 20 0.020823754 
188 298 16 23 0.020794885 
15 339 26 41 0.020726375 
935 200 8 11 0.02068563 
208 181 8 10 0.02066695 
972 268 12 18 0.02066562 
256 179 10 13 0.020634405 
255 243 12 15 0.020619608 
380 111 9 12 0.02061576 
830 160 7 9 0.020615535 
726 240 11 16 0.02060874 
728 209 9 10 0.020600174 
267 235 16 18 0.02058521 
248 160 9 10 0.020552656 
76 249 13 18 0.020543344 
209 267 15 18 0.020529743 
895 231 9 10 0.020526236 
378 102 9 10 0.020439567 
252 291 14 20 0.020437859 
295 194 11 16 0.020431044 
104 133 9 11 0.020403706 
563 116 11 15 0.020379677 
244 295 20 29 0.020378822 
50 113 7 9 0.02036766 
599 255 10 14 0.020354904 
741 274 12 17 0.020335497 
484 131 191 205 0.020328166 
472 239 9 12 0.020308975 
237 302 12 17 0.020260215 
703 228 9 12 0.020248579 
769 144 7 10 0.020235198 
958 334 33 46 0.02023393 
496 181 7 8 0.02022309 
583 108 23 28 0.020219771 
761 175 8 9 0.020216554 
317 328 26 42 0.020180553 
512 101 41 56 0.020136755 
117 221 11 12 0.020132128 
873 228 9 11 0.020096488 
794 150 6 9 0.020089583 
303 243 11 14 0.0200531 
44 271 27 35 0.020033583 
460 250 12 15 0.020028783 
968 208 7 8 0.02002404 
456 135 8 11 0.020023834 
247 134 8 10 0.020019755 
994 189 9 11 0.02001166 
0 167 6 10 0.020006025 
993 168 7 8 0.020005334 
