2_Demonstration_Protesters_2_901
197
582 171 34 45 0.9821545 
523 645 69 98 0.95986676 
446 340 59 65 0.946532 
684 338 39 49 0.92358756 
896 683 75 108 0.91031903 
789 350 54 59 0.88434935 
411 354 38 55 0.82817423 
280 353 58 65 0.7588972 
534 450 34 50 0.73030645 
491 334 34 52 0.6013462 
-10 654 99 162 0.5972085 
668 348 36 41 0.5501193 
537 193 31 39 0.5284528 
388 349 45 58 0.5266322 
835 99 39 49 0.5069077 
118 405 34 42 0.47374046 
364 344 47 66 0.4577856 
14 332 63 79 0.3701225 
580 369 32 38 0.36734277 
298 672 54 60 0.34450853 
139 343 49 59 0.2838897 
956 640 33 46 0.27455834 
859 81 42 61 0.26906738 
602 369 42 50 0.26238343 
86 617 46 57 0.23172286 
444 487 44 53 0.22783841 
623 381 45 56 0.17886324 
922 508 33 37 0.17217776 
362 335 28 41 0.13517343 
752 533 48 61 0.133919 
121 75 17 19 0.13290244 
115 343 54 64 0.1236766 
828 648 56 75 0.119983 
1 293 96 131 0.11367403 
232 735 61 78 0.110911 
557 484 55 68 0.10338685 
243 119 26 29 0.09879564 
963 522 54 74 0.09849005 
648 246 30 47 0.096701875 
932 662 56 76 0.09105437 
120 331 79 99 0.087268084 
426 358 41 45 0.085426316 
282 605 34 40 0.0844926 
953 702 51 80 0.08416735 
285 667 80 103 0.08325754 
891 -2 35 26 0.08227191 
825 109 31 38 0.07604326 
748 380 28 35 0.07280958 
319 723 54 78 0.069646 
468 659 52 75 0.0679828 
300 370 62 74 0.067363076 
749 123 43 61 0.06536246 
37 348 39 48 0.06487405 
116 605 32 43 0.064800784 
158 339 54 66 0.064170025 
334 340 67 96 0.06388073 
377 332 33 41 0.062464975 
136 345 32 41 0.062335916 
814 128 15 22 0.06176876 
511 455 48 57 0.060448855 
562 464 87 107 0.060186166 
0 568 30 53 0.06008098 
55 318 99 113 0.05953842 
2 188 28 39 0.058918346 
722 200 49 59 0.058776096 
321 669 50 68 0.05757705 
228 118 23 29 0.05756934 
830 733 60 59 0.057482973 
270 678 38 42 0.057481382 
648 757 69 65 0.054906126 
627 245 39 55 0.053115822 
830 759 63 61 0.050625186 
937 499 25 41 0.050243206 
816 122 24 31 0.04916106 
845 671 56 75 0.048814874 
767 128 32 40 0.048680678 
123 344 28 39 0.04837063 
644 387 28 36 0.047064874 
37 603 40 60 0.046635147 
570 359 31 44 0.044567943 
422 667 55 65 0.043541525 
73 606 81 108 0.043148555 
614 353 34 50 0.04299201 
269 616 29 40 0.042892203 
400 659 52 68 0.042825516 
783 127 29 35 0.04129339 
637 524 38 45 0.04113844 
908 510 29 39 0.041051 
348 672 28 49 0.040920302 
797 124 23 30 0.04022809 
274 360 34 44 0.03979507 
28 645 118 163 0.03967962 
338 754 29 42 0.039555192 
626 367 32 46 0.03896462 
16 586 44 71 0.03895606 
186 672 47 65 0.037727818 
488 447 47 60 0.03745105 
51 610 46 65 0.036798283 
86 286 100 122 0.036436804 
759 385 30 35 0.03643285 
343 743 42 59 0.036242817 
537 730 36 44 0.035767402 
603 381 83 95 0.03518953 
446 676 59 70 0.035180956 
608 252 39 55 0.034949183 
231 587 50 73 0.034864023 
211 241 51 68 0.034850392 
454 494 51 65 0.03406586 
0 342 50 77 0.03365484 
478 474 49 62 0.033568747 
249 616 30 51 0.03334066 
695 209 22 30 0.0328785 
728 177 19 22 0.032601055 
105 363 55 74 0.032600734 
416 752 58 64 0.031999327 
301 686 94 120 0.03173584 
23 345 37 40 0.03097714 
666 250 33 45 0.03072178 
769 370 54 57 0.030681882 
548 456 34 43 0.030641353 
896 535 45 62 0.03043982 
245 481 29 36 0.029896136 
-2 358 30 50 0.029587908 
631 411 34 38 0.029134722 
3 715 57 112 0.028832475 
945 659 38 50 0.028303333 
369 661 49 65 0.028292142 
988 704 15 20 0.028224101 
478 636 50 73 0.027950952 
746 367 27 34 0.027339477 
580 346 54 67 0.027280891 
921 303 96 140 0.027181467 
725 185 29 42 0.026536671 
596 559 55 61 0.026456822 
229 35 14 19 0.026387943 
138 346 18 23 0.026351022 
865 662 81 110 0.026344875 
743 381 48 59 0.02599472 
725 304 43 59 0.025839917 
253 689 64 72 0.02546315 
702 305 44 58 0.02535521 
343 666 52 69 0.025200268 
726 105 76 109 0.025149856 
965 718 32 49 0.025135925 
41 641 62 85 0.025130987 
962 639 46 63 0.02496827 
746 328 48 57 0.024947597 
684 392 27 35 0.02483421 
551 190 29 38 0.024684217 
682 205 26 30 0.024646778 
953 499 41 53 0.024487432 
747 513 81 108 0.024353832 
575 386 28 39 0.02432422 
792 632 85 107 0.024321841 
872 69 32 47 0.02369754 
81 666 98 139 0.0236658 
191 454 23 32 0.023497775 
474 517 56 68 0.02338481 
975 582 45 73 0.023227004 
363 375 38 52 0.023182742 
700 617 114 162 0.02314574 
775 125 46 57 0.022964722 
399 726 97 106 0.022946632 
609 488 55 70 0.022808751 
526 582 54 56 0.022714507 
747 297 33 46 0.022571241 
43 343 68 84 0.022473596 
342 546 46 64 0.022446485 
958 598 50 79 0.022399416 
223 118 49 49 0.02234559 
34 203 20 23 0.022337124 
932 627 57 75 0.022335429 
519 440 81 100 0.022123646 
842 709 100 112 0.021905167 
181 238 88 112 0.021869373 
564 426 25 32 0.021828197 
255 619 49 69 0.021767136 
648 364 30 36 0.021606047 
771 536 50 62 0.02158063 
550 486 35 43 0.021560714 
684 195 14 18 0.02143732 
150 365 32 43 0.02141779 
347 766 17 24 0.021321176 
892 538 31 42 0.021186477 
514 331 37 53 0.02118502 
122 270 97 116 0.021184796 
280 324 88 109 0.02102184 
875 66 60 80 0.020930381 
744 348 83 97 0.02087424 
559 350 28 40 0.020543164 
673 358 22 25 0.02031381 
248 698 90 110 0.02029613 
755 350 48 55 0.020206572 
666 206 26 29 0.020151965 
473 656 96 121 0.020060522 
208 552 85 121 0.020046597 
612 402 32 40 0.020024452 
