2_Demonstration_Demonstrators_2_307
1988
702 78 9 12 0.86793435 
256 93 13 16 0.83740455 
922 238 11 14 0.81647897 
436 72 8 11 0.81415075 
385 6 9 11 0.79361117 
587 91 11 14 0.7928997 
752 166 11 14 0.77999794 
1007 349 13 16 0.7755907 
908 215 10 14 0.7631465 
998 245 10 13 0.7631445 
823 301 12 15 0.7630147 
797 7 9 11 0.75310504 
118 181 13 17 0.74550086 
617 103 10 12 0.74181557 
855 16 10 13 0.73805445 
244 66 11 15 0.7365188 
741 62 10 12 0.73081225 
880 232 9 12 0.7258912 
240 31 10 13 0.7184365 
649 117 10 13 0.7059858 
112 255 11 14 0.69424224 
204 452 11 15 0.69182897 
872 269 10 13 0.6756742 
681 94 11 13 0.6747437 
430 105 8 11 0.6715766 
645 87 10 13 0.66498595 
153 21 10 11 0.6569066 
846 211 8 10 0.6565977 
892 163 12 14 0.65282583 
724 21 9 12 0.65261465 
916 259 10 14 0.6428783 
388 395 14 17 0.63903457 
191 383 10 13 0.6353716 
89 118 8 10 0.6349524 
745 117 8 10 0.6191635 
267 147 14 17 0.6175373 
847 322 11 14 0.61712825 
196 86 12 15 0.61065805 
135 4 8 11 0.6072721 
800 213 8 11 0.6032876 
927 198 9 12 0.56871265 
558 345 23 30 0.5676346 
728 55 8 10 0.54714537 
936 109 13 16 0.5295233 
487 539 12 17 0.51438445 
404 72 8 10 0.5119316 
33 156 13 17 0.47623277 
848 5 9 11 0.47314677 
708 11 10 13 0.4693304 
431 526 12 16 0.46908173 
297 190 9 12 0.4645343 
524 411 12 16 0.4609141 
356 124 10 12 0.45591992 
49 128 8 11 0.42946014 
534 504 11 14 0.42861718 
609 59 10 13 0.42316824 
180 157 11 15 0.40835488 
394 196 11 14 0.40816495 
976 18 10 13 0.40119943 
553 30 11 14 0.39918122 
619 32 10 13 0.39508513 
523 70 12 14 0.3912054 
469 83 7 11 0.3860927 
352 7 10 14 0.38266423 
982 21 9 12 0.38042533 
366 6 8 11 0.37838423 
173 233 11 15 0.3741972 
742 21 9 11 0.37350735 
692 59 9 12 0.37199846 
984 86 10 13 0.36923695 
428 336 15 17 0.36695537 
767 158 12 15 0.3636471 
410 172 12 15 0.3629772 
618 168 9 11 0.36104172 
77 431 12 15 0.36100093 
875 45 10 13 0.35306266 
260 23 10 13 0.34657308 
498 44 9 11 0.33886832 
330 157 9 12 0.33325294 
146 80 7 9 0.33140945 
317 139 10 13 0.33126038 
678 119 11 13 0.31990436 
393 86 8 11 0.31837988 
1012 79 8 12 0.3177626 
208 21 8 11 0.31656766 
66 23 8 9 0.31555742 
720 174 12 15 0.31387725 
936 94 11 14 0.3117322 
796 189 10 13 0.3081175 
249 166 11 14 0.30692703 
472 356 16 18 0.3048396 
861 527 15 17 0.30422613 
554 538 17 22 0.29685652 
348 38 9 11 0.29609275 
554 58 12 16 0.29506755 
861 307 11 12 0.289569 
380 94 8 10 0.28765228 
110 300 14 19 0.28658527 
937 252 9 12 0.2858854 
113 31 8 10 0.28554955 
532 314 13 17 0.28145233 
751 46 9 12 0.27831686 
647 43 9 12 0.2704754 
189 54 10 12 0.2680536 
343 46 9 12 0.26259655 
239 201 11 15 0.26220176 
527 32 8 11 0.26071054 
893 5 8 10 0.2574037 
689 56 9 11 0.25702578 
833 239 9 10 0.25327063 
101 504 10 13 0.25176227 
884 481 15 16 0.24785042 
935 54 8 11 0.24744551 
913 478 10 13 0.24657284 
631 19 10 13 0.24619399 
95 81 9 11 0.24489835 
818 220 10 12 0.2436571 
101 39 8 10 0.24257022 
125 48 7 10 0.24106093 
32 100 9 12 0.24095732 
711 55 9 11 0.23997693 
55 197 10 13 0.23859887 
372 165 9 11 0.23660858 
405 76 8 11 0.23386866 
606 144 10 13 0.2321506 
943 179 11 14 0.22897893 
714 134 9 11 0.2284281 
102 103 8 11 0.22771326 
952 220 9 12 0.22670624 
356 219 10 15 0.22522211 
30 110 10 12 0.22306617 
119 284 11 16 0.2227802 
180 152 10 13 0.22054988 
543 134 7 9 0.21957183 
829 92 11 13 0.21853718 
321 14 9 12 0.2168843 
974 391 9 11 0.21519603 
991 375 9 11 0.21492966 
473 22 8 10 0.21410516 
878 75 9 12 0.21156548 
73 85 7 10 0.20899135 
279 45 12 15 0.20874582 
845 50 10 13 0.20679492 
390 62 9 10 0.20573318 
685 39 8 12 0.20533367 
482 47 8 11 0.20431946 
741 195 9 12 0.20427696 
265 6 9 10 0.20389074 
743 220 11 15 0.2006275 
391 173 9 12 0.19980925 
918 288 10 13 0.1997229 
191 3 9 11 0.19942927 
580 20 10 13 0.19862099 
883 491 14 16 0.19743955 
712 60 9 11 0.19737099 
472 15 9 11 0.19623502 
688 21 7 10 0.19581723 
862 121 11 16 0.19310963 
820 214 11 14 0.19308855 
101 57 7 10 0.19199347 
149 301 9 12 0.19195183 
453 524 16 19 0.19164892 
573 134 9 10 0.19160187 
770 162 13 16 0.19105092 
97 55 8 11 0.19071314 
751 160 11 13 0.18992724 
504 6 8 10 0.1898343 
149 358 11 13 0.18952824 
960 0 10 9 0.18922156 
740 15 9 11 0.18846335 
219 10 13 16 0.18816066 
472 0 9 10 0.1878069 
753 12 9 12 0.18772744 
392 168 9 11 0.1869753 
888 16 8 11 0.18629424 
195 593 14 18 0.18564883 
758 12 9 11 0.18520015 
668 67 11 13 0.18508084 
969 317 10 13 0.18445133 
718 102 10 15 0.18369646 
449 142 9 10 0.18345948 
671 13 9 11 0.1811247 
280 17 8 11 0.17968383 
509 519 14 18 0.17914301 
344 221 10 13 0.1768176 
295 141 11 14 0.17520845 
599 78 11 15 0.17356616 
960 24 8 10 0.17356011 
1005 53 12 18 0.17325075 
797 39 9 12 0.17244537 
983 1 12 14 0.16952948 
672 49 8 10 0.16825226 
97 104 9 11 0.16708936 
749 150 8 11 0.16565055 
220 4 13 15 0.16387232 
79 94 8 11 0.16379221 
348 157 9 11 0.1612923 
450 149 10 13 0.16006488 
935 166 8 11 0.15961607 
479 128 8 10 0.15794137 
304 105 11 15 0.15751521 
943 156 10 13 0.15728535 
332 197 10 12 0.15649012 
633 8 9 10 0.15591371 
462 589 11 15 0.15458447 
882 462 12 14 0.15443137 
353 143 9 12 0.15342346 
322 102 9 12 0.1526484 
152 29 11 13 0.15218937 
133 101 9 12 0.15194173 
685 45 8 10 0.15193228 
612 516 16 20 0.15182129 
941 150 10 13 0.1514179 
374 45 8 10 0.15131515 
828 206 9 11 0.14987941 
377 88 8 11 0.14977501 
286 15 9 11 0.14951654 
734 132 12 14 0.14777444 
576 14 10 13 0.14769313 
356 6 11 13 0.14709584 
121 78 9 11 0.14662394 
647 21 11 13 0.14653763 
670 159 12 16 0.14615172 
124 186 12 15 0.14602958 
894 43 11 13 0.14402096 
844 458 12 16 0.14355399 
776 1 8 9 0.14300369 
142 5 8 10 0.14222024 
807 307 12 16 0.14212364 
485 320 12 17 0.14086331 
472 5 10 11 0.14072655 
935 495 11 13 0.14031622 
479 109 9 11 0.13970786 
320 75 11 15 0.13941436 
215 30 10 11 0.1383658 
859 19 9 12 0.13828251 
117 94 8 11 0.13824521 
850 560 26 27 0.13797349 
791 22 9 12 0.13749005 
168 234 11 17 0.13746075 
654 0 7 9 0.13592727 
623 9 8 9 0.13508755 
848 77 9 12 0.13430524 
951 262 11 13 0.13364182 
881 210 11 14 0.13231395 
984 79 9 14 0.1313378 
414 118 10 13 0.1309432 
325 54 8 11 0.13083142 
884 235 9 12 0.12990324 
509 490 16 20 0.12935418 
922 0 8 9 0.12884429 
681 31 8 11 0.12830175 
695 38 8 11 0.12771045 
96 109 8 11 0.12701929 
877 51 9 13 0.12556487 
826 76 12 14 0.12508912 
826 189 9 14 0.12507598 
855 62 9 11 0.12479573 
918 183 9 13 0.12460604 
409 86 9 12 0.12458954 
849 273 11 14 0.12373155 
412 332 14 20 0.12301067 
880 183 8 11 0.12283505 
498 63 8 10 0.12264716 
615 83 10 13 0.12246782 
703 367 10 13 0.1223173 
350 149 9 13 0.12200589 
1 148 11 16 0.12155409 
960 234 11 13 0.12013789 
950 164 10 12 0.119855404 
850 11 10 13 0.119610526 
221 27 9 13 0.11880765 
534 4 9 12 0.11870145 
800 498 12 15 0.118446074 
767 564 12 16 0.11675559 
369 78 9 10 0.11667882 
961 471 10 12 0.11658823 
332 162 9 13 0.11626519 
409 119 10 12 0.11478566 
913 308 11 13 0.114631824 
452 573 10 14 0.11325437 
815 300 11 15 0.11253527 
919 35 10 13 0.11239605 
664 63 9 12 0.110494584 
191 19 9 12 0.11029565 
392 104 8 10 0.11025312 
1008 84 10 12 0.11020575 
240 5 9 11 0.11018648 
536 31 9 12 0.10986653 
422 333 14 18 0.109510966 
975 258 10 12 0.10907955 
520 23 9 11 0.10870356 
371 159 8 11 0.10778787 
791 51 10 13 0.107549004 
502 71 7 10 0.1073514 
176 32 9 11 0.10640162 
219 78 10 12 0.10578649 
400 135 9 11 0.10517988 
961 29 9 11 0.105157845 
713 140 10 12 0.10487671 
481 104 8 11 0.10460999 
297 34 12 15 0.1044899 
205 498 14 19 0.10446827 
113 26 8 9 0.1041876 
327 32 9 11 0.1039862 
348 43 9 12 0.1038518 
966 196 11 13 0.103705786 
332 299 15 20 0.10348723 
794 2 9 10 0.10323438 
367 103 8 11 0.1032318 
904 65 8 11 0.10292931 
840 454 11 14 0.102492444 
270 117 11 14 0.10235248 
441 94 8 10 0.1023115 
639 38 8 11 0.102260396 
488 588 13 16 0.10145205 
293 77 11 15 0.10013871 
969 16 9 11 0.09982459 
1008 475 11 13 0.09980171 
526 520 14 18 0.09930467 
608 46 9 11 0.09891404 
165 567 12 18 0.09851845 
462 583 10 13 0.09820045 
941 195 11 15 0.098141536 
827 306 11 14 0.097313 
207 38 13 15 0.097020105 
853 86 10 12 0.09696882 
144 411 13 17 0.09657451 
89 79 8 10 0.09594717 
1010 147 12 17 0.09543231 
117 137 10 15 0.09495661 
245 5 9 11 0.09478363 
750 0 9 8 0.09448029 
810 152 9 12 0.09429734 
585 112 9 10 0.093908414 
801 136 8 10 0.09310752 
986 334 10 13 0.09305503 
188 299 11 12 0.09301873 
387 237 12 15 0.09291443 
447 5 10 11 0.09280045 
701 579 14 18 0.092670836 
574 8 8 9 0.09262672 
784 515 11 16 0.092521854 
649 576 16 18 0.092241384 
135 96 7 9 0.09221342 
550 23 12 14 0.091933206 
852 77 11 12 0.091786176 
324 71 9 13 0.09178077 
349 33 9 11 0.091365494 
614 47 9 11 0.09126999 
87 95 7 9 0.09113823 
861 70 10 12 0.09103204 
77 87 8 10 0.09062143 
519 47 9 12 0.090537325 
631 579 13 16 0.090225905 
966 31 8 11 0.0901806 
774 97 9 11 0.090001315 
577 29 9 12 0.08980848 
888 2 9 9 0.08938873 
990 167 11 14 0.08930061 
445 95 7 10 0.08925226 
1001 92 11 14 0.08910932 
887 64 8 11 0.08874586 
876 40 10 13 0.08836477 
259 468 15 20 0.08830866 
936 21 9 12 0.088284686 
610 54 11 14 0.088204265 
649 1 9 9 0.0879219 
308 87 10 13 0.08750837 
356 148 10 13 0.08739624 
190 128 14 16 0.08713812 
645 190 8 10 0.08710942 
256 134 10 14 0.08642181 
112 134 11 14 0.0861777 
340 70 10 12 0.086070225 
521 128 9 10 0.08592265 
327 152 10 13 0.08582668 
984 198 9 11 0.085685365 
748 118 9 10 0.08538108 
550 339 21 29 0.08448938 
90 306 15 20 0.08430476 
990 24 9 11 0.08395494 
432 134 8 10 0.08393752 
816 514 12 17 0.08384599 
257 16 9 11 0.08319982 
792 194 9 13 0.08313281 
125 22 8 10 0.083093144 
637 67 13 17 0.082764715 
166 318 11 15 0.08262346 
929 54 10 12 0.08245878 
744 28 9 12 0.08235513 
144 102 9 11 0.0823032 
5 172 10 14 0.08206646 
447 136 10 11 0.08199529 
445 88 8 10 0.08185127 
541 44 9 12 0.0817746 
925 131 10 13 0.08176449 
126 52 7 10 0.08165981 
789 523 13 17 0.08165713 
146 84 8 10 0.08139236 
774 78 11 14 0.081111215 
807 526 10 13 0.08105437 
334 191 10 12 0.08095798 
148 443 13 16 0.08038682 
221 22 10 12 0.080293454 
794 214 9 13 0.07988843 
439 168 8 10 0.07975198 
487 22 9 11 0.079137184 
835 491 16 20 0.07908672 
320 125 9 12 0.07907872 
102 80 8 11 0.07899028 
145 120 9 11 0.07892067 
935 125 11 13 0.07890608 
581 27 10 12 0.07847753 
943 263 10 14 0.07843431 
991 198 9 11 0.07842347 
759 594 14 18 0.07835892 
100 558 20 31 0.07832983 
736 9 8 9 0.07813386 
1009 142 11 14 0.07792758 
842 209 9 11 0.07792258 
646 51 11 14 0.0778336 
668 134 11 14 0.07768074 
689 18 7 10 0.077358104 
535 37 10 12 0.07733511 
760 22 8 11 0.077139094 
1000 523 13 18 0.07701406 
974 220 10 13 0.07696696 
673 118 10 12 0.07694938 
661 93 10 12 0.07691972 
381 117 9 11 0.07686313 
706 53 9 11 0.076645866 
586 0 9 9 0.0765546 
344 109 9 12 0.0765536 
434 231 14 19 0.07654728 
941 14 9 11 0.075942874 
306 15 9 11 0.07589041 
895 276 9 11 0.075852394 
847 72 9 12 0.07562115 
415 105 7 9 0.075568765 
672 125 10 12 0.075543486 
184 75 10 14 0.075400755 
608 157 8 10 0.07535153 
937 261 10 14 0.07534931 
976 481 11 15 0.07474152 
604 95 10 11 0.07466841 
148 386 12 15 0.07466185 
992 37 11 14 0.07457844 
556 517 13 18 0.07441742 
198 16 8 10 0.07438422 
415 137 8 10 0.074263245 
391 108 9 11 0.0742431 
373 172 8 12 0.07415673 
567 31 8 12 0.07377587 
503 487 15 18 0.07368174 
190 48 9 12 0.07363455 
64 96 8 10 0.07329948 
964 0 10 11 0.07328497 
754 170 12 14 0.07324077 
606 82 11 14 0.073199235 
914 15 9 12 0.073196515 
522 30 9 11 0.072828546 
835 514 12 17 0.07249899 
73 126 8 11 0.07223106 
172 301 10 12 0.072149545 
542 30 9 11 0.07203189 
38 38 9 11 0.07197115 
847 143 11 15 0.071966216 
406 140 9 10 0.07195781 
429 7 10 13 0.07153814 
799 308 11 15 0.07152204 
978 206 9 12 0.07147414 
323 213 10 12 0.07138022 
233 94 9 12 0.071347795 
386 180 10 13 0.071232766 
734 55 9 11 0.07122991 
616 1 9 10 0.07122848 
229 63 10 12 0.071196236 
154 264 9 12 0.07117394 
826 83 12 15 0.07110567 
904 134 12 15 0.071050696 
855 70 10 13 0.0709972 
568 66 11 15 0.070963316 
311 45 9 13 0.07094953 
946 220 9 11 0.07089342 
154 53 8 10 0.07080576 
685 88 10 13 0.070525534 
792 207 9 12 0.07035613 
914 181 10 13 0.070337564 
261 14 10 12 0.07028633 
376 112 9 11 0.07009188 
573 128 9 11 0.06997852 
78 303 13 19 0.069956295 
693 597 14 22 0.06992387 
382 149 10 13 0.069891036 
826 211 11 13 0.0696197 
646 540 10 13 0.06958535 
440 88 8 10 0.06950442 
47 173 13 16 0.069485016 
657 55 9 12 0.069423385 
275 560 13 16 0.06910821 
262 132 10 14 0.06900171 
150 86 9 11 0.06887173 
265 124 9 14 0.06885727 
672 8 9 11 0.06872345 
528 53 9 11 0.06860037 
835 468 13 17 0.06839567 
79 112 7 10 0.06798345 
114 56 7 10 0.067799576 
991 29 10 12 0.067317106 
510 396 14 20 0.0672508 
586 117 9 11 0.06718418 
348 165 10 13 0.067021735 
150 92 9 11 0.06681092 
836 349 13 15 0.066801846 
939 247 10 12 0.06677051 
806 26 10 13 0.066736825 
795 296 10 12 0.06665031 
430 53 8 10 0.06661071 
472 94 8 10 0.066389024 
445 523 16 18 0.06621124 
278 37 12 14 0.06609477 
98 47 8 10 0.06602678 
830 174 9 13 0.06583672 
148 234 11 15 0.06567435 
135 86 7 9 0.06566218 
413 109 9 10 0.06543807 
186 59 10 12 0.065244034 
510 475 13 18 0.06522606 
481 52 9 11 0.06517528 
618 5 7 10 0.06512219 
358 62 8 10 0.06503421 
119 61 7 10 0.06498589 
954 134 8 11 0.06461215 
708 528 22 30 0.06453081 
718 156 11 12 0.06452331 
781 63 10 13 0.06447459 
272 30 9 12 0.06442847 
446 101 7 10 0.064277016 
435 210 11 14 0.064274065 
444 548 12 16 0.0641993 
916 480 11 16 0.06417297 
426 103 9 11 0.06408076 
36 152 11 14 0.063742585 
384 62 8 10 0.063619636 
543 129 9 11 0.063548476 
485 109 8 10 0.0635176 
631 541 11 14 0.06329286 
391 158 8 10 0.06326838 
825 195 10 14 0.06313225 
410 109 8 9 0.062450692 
157 15 9 11 0.0623151 
645 69 10 14 0.06230084 
185 14 8 11 0.062288728 
246 119 12 15 0.06227095 
945 326 11 13 0.062201727 
232 316 10 13 0.062139615 
929 20 9 11 0.06211388 
622 95 9 12 0.062084764 
813 93 9 11 0.061768927 
880 61 9 12 0.06176072 
380 141 9 13 0.0617101 
711 0 8 8 0.061674334 
276 31 11 13 0.061066218 
645 77 12 17 0.060848698 
97 134 10 12 0.06058948 
462 32 8 9 0.060555916 
789 309 11 16 0.0604657 
222 70 9 12 0.060360964 
494 32 8 10 0.06016402 
320 47 10 12 0.060058042 
298 135 12 14 0.060007565 
200 109 11 13 0.059793565 
552 16 9 10 0.05977305 
844 462 15 20 0.059698988 
956 216 11 14 0.059607893 
477 23 8 11 0.059599698 
365 2 8 9 0.059574477 
757 135 9 11 0.05951493 
616 134 11 14 0.059495613 
271 22 9 11 0.05947336 
726 76 10 12 0.05943702 
910 71 9 11 0.059407942 
109 6 8 11 0.05935892 
804 208 10 12 0.059235305 
889 45 11 13 0.059222016 
359 56 8 11 0.059080813 
933 197 11 14 0.059021313 
522 37 8 11 0.058860883 
390 152 9 12 0.058781177 
462 112 8 9 0.058766942 
793 299 9 12 0.058746725 
606 67 10 13 0.058453206 
260 406 12 14 0.058416225 
492 504 11 14 0.0584162 
538 501 12 15 0.05831597 
142 380 15 17 0.058287103 
889 445 10 12 0.05822806 
119 84 9 11 0.058189295 
917 47 8 11 0.058163688 
478 28 8 10 0.058148816 
317 218 14 18 0.05813511 
120 112 8 10 0.058132563 
941 143 10 14 0.058060445 
445 444 14 17 0.05804981 
307 101 11 14 0.057905328 
798 22 11 14 0.057802428 
712 148 11 14 0.05774801 
946 350 9 11 0.057257287 
229 3 10 12 0.057215445 
984 168 11 14 0.0570725 
96 126 9 11 0.056991614 
503 451 14 19 0.056982316 
183 38 8 11 0.05685031 
590 40 8 11 0.05682617 
153 48 9 11 0.056780886 
396 167 9 11 0.056744955 
578 54 9 11 0.056725148 
573 78 10 13 0.056702424 
55 133 9 12 0.056677036 
188 430 16 24 0.05661208 
188 482 36 47 0.05654221 
199 21 9 11 0.056295153 
186 470 22 28 0.056294266 
409 105 7 9 0.056238607 
455 548 11 14 0.056230437 
390 56 8 11 0.05605177 
423 0 9 8 0.055971824 
836 483 15 18 0.055904213 
936 173 9 12 0.05545924 
392 596 12 15 0.055455588 
856 206 10 13 0.05544298 
208 30 10 12 0.055390816 
791 184 12 16 0.05537875 
320 169 11 16 0.05536715 
61 134 10 12 0.055245586 
781 308 14 16 0.055245504 
121 54 8 10 0.055242486 
454 52 8 11 0.05505254 
717 150 10 12 0.05502832 
149 119 10 11 0.054918956 
174 60 9 11 0.05487632 
397 24 10 11 0.05485841 
600 71 11 13 0.05484444 
750 144 9 11 0.054527573 
407 158 9 10 0.05451929 
529 501 19 23 0.054428414 
90 6 8 10 0.054308414 
488 544 15 18 0.054155424 
705 48 9 12 0.054052427 
101 45 8 10 0.05400322 
759 159 11 14 0.053783674 
574 597 11 14 0.05376167 
880 23 9 11 0.05373521 
982 246 8 11 0.05369529 
671 110 9 11 0.053632885 
838 293 12 16 0.053605422 
105 34 8 10 0.05357427 
145 94 9 11 0.053456504 
767 476 13 14 0.05345383 
86 29 8 10 0.05335118 
876 299 11 14 0.053280436 
539 388 14 20 0.053150218 
862 491 9 11 0.053041387 
602 45 8 12 0.05291896 
997 170 10 14 0.052695636 
998 380 9 10 0.052623473 
937 190 10 13 0.052555688 
728 140 9 12 0.05249608 
120 23 8 10 0.05249055 
823 503 9 12 0.052484933 
263 38 8 11 0.052379377 
835 243 12 16 0.05210629 
696 32 9 11 0.05210283 
324 107 10 12 0.052065074 
870 300 10 13 0.051962033 
977 85 13 16 0.051944137 
421 413 12 14 0.051897127 
168 48 8 10 0.051765457 
822 111 11 14 0.0517573 
158 73 9 11 0.051380977 
449 53 9 11 0.0513368 
382 101 9 10 0.051316854 
828 99 10 12 0.051315 
773 153 10 12 0.05130668 
542 338 14 23 0.05123278 
181 402 13 18 0.051217414 
632 1 10 9 0.051201455 
425 94 8 9 0.051081195 
309 52 9 13 0.051073052 
587 522 15 20 0.051009886 
926 191 9 13 0.050837852 
746 45 10 12 0.050658505 
111 72 8 9 0.05065175 
402 140 9 11 0.05058367 
878 1 9 10 0.050421827 
326 127 9 11 0.050330494 
381 214 10 14 0.050166015 
464 54 8 9 0.050066773 
761 28 10 12 0.04983639 
829 40 8 11 0.049774487 
637 32 8 10 0.049740776 
541 39 9 11 0.049723364 
892 22 9 11 0.04971307 
508 4 9 11 0.04964116 
462 38 8 11 0.049587205 
635 13 10 13 0.04954972 
717 60 9 12 0.049506024 
475 111 7 10 0.049483538 
813 87 9 11 0.049399737 
791 111 8 11 0.04931247 
599 94 9 12 0.04925475 
980 454 8 12 0.049246877 
285 549 15 17 0.049032673 
856 492 11 13 0.049027283 
234 307 13 17 0.048951272 
166 134 12 15 0.048936684 
73 94 8 11 0.048905574 
573 62 9 12 0.04885871 
120 73 8 10 0.04884329 
412 484 16 21 0.04883298 
426 86 8 11 0.048830245 
77 39 9 10 0.04874122 
526 24 8 10 0.048629347 
319 208 11 12 0.04843155 
699 95 11 13 0.048353773 
423 11 11 12 0.048280496 
824 182 11 14 0.048278045 
486 4 9 11 0.0480823 
951 225 12 15 0.048078995 
928 369 12 15 0.04804922 
352 132 10 12 0.048046377 
36 109 9 11 0.04797108 
984 191 10 13 0.047904216 
196 496 17 21 0.047846995 
294 3 10 12 0.047669373 
805 55 10 12 0.04766197 
768 154 10 12 0.04766141 
532 53 10 12 0.04765236 
477 4 10 12 0.04763821 
118 36 7 10 0.047625512 
846 160 13 18 0.0475885 
74 111 8 11 0.047547173 
641 44 10 11 0.047523424 
310 20 9 11 0.04745246 
488 95 9 10 0.047419086 
412 376 23 34 0.04735902 
166 240 11 15 0.047319014 
881 477 13 16 0.046936847 
928 493 11 15 0.046900284 
924 232 11 15 0.046627108 
473 27 9 12 0.046616312 
940 20 11 14 0.046604127 
393 23 9 11 0.04657964 
423 79 7 10 0.04656718 
158 53 8 10 0.046476346 
942 202 11 13 0.046375208 
587 505 15 19 0.04629973 
277 165 12 16 0.046253305 
637 541 11 14 0.046238016 
721 77 9 11 0.046219237 
749 229 10 12 0.04616128 
663 0 7 9 0.046056397 
912 30 8 12 0.046016056 
425 125 8 11 0.045936223 
336 182 10 12 0.04590408 
320 8 10 12 0.045810916 
151 6 8 9 0.045804467 
680 76 11 13 0.045671515 
128 63 7 9 0.045543704 
695 95 10 12 0.045534626 
593 55 9 11 0.04545382 
272 15 8 11 0.0454141 
488 16 9 11 0.045372855 
765 236 9 11 0.04535411 
614 68 10 14 0.04531288 
1011 57 10 16 0.045290813 
238 94 9 11 0.045249104 
836 92 10 12 0.04519929 
632 29 10 12 0.045169916 
993 379 9 10 0.04504974 
863 254 10 14 0.045010727 
242 34 11 14 0.044989504 
291 61 12 15 0.044937026 
169 341 10 14 0.04489929 
936 1 8 9 0.044862 
82 23 8 10 0.04474361 
765 231 8 10 0.04474149 
925 182 10 13 0.04451295 
831 111 10 14 0.04445203 
853 1 9 9 0.044420946 
773 472 10 12 0.044381615 
135 46 10 11 0.044357203 
327 60 9 12 0.044209067 
189 553 17 19 0.044204693 
535 45 9 11 0.044192467 
169 60 9 11 0.04418485 
430 87 8 11 0.044171304 
369 83 9 12 0.043989334 
817 116 9 12 0.043977354 
557 85 9 12 0.0439504 
996 450 10 13 0.04392789 
101 128 9 11 0.04390486 
422 120 8 10 0.04384199 
799 55 10 12 0.04378841 
967 36 9 12 0.043780994 
516 402 16 19 0.043675095 
396 172 10 14 0.043635685 
185 386 12 14 0.043629818 
168 334 10 14 0.043573264 
710 86 11 13 0.043546803 
556 77 10 14 0.043531556 
928 220 11 14 0.043518454 
366 220 11 14 0.04328044 
965 229 10 14 0.043191068 
238 294 10 12 0.043183934 
885 68 10 13 0.043143347 
655 4 8 10 0.043058693 
984 471 9 11 0.042962547 
300 197 12 17 0.042960737 
485 127 7 9 0.042939756 
105 259 12 16 0.04293177 
833 231 9 11 0.042864043 
290 189 11 14 0.042861048 
168 294 9 12 0.042856686 
424 150 8 11 0.04281713 
720 17 10 11 0.04277807 
783 111 10 12 0.042769417 
416 158 8 11 0.042764142 
256 2 8 9 0.04274173 
530 511 15 21 0.04260196 
966 475 10 13 0.042524174 
886 26 12 14 0.04238164 
478 318 13 17 0.042356707 
597 321 16 21 0.042032953 
180 347 11 13 0.042024285 
568 75 10 15 0.042016484 
769 118 8 10 0.042016257 
236 189 15 19 0.041965116 
388 10 10 12 0.04194608 
79 80 7 10 0.04184253 
694 365 11 13 0.04183013 
719 55 8 10 0.04180771 
369 41 9 10 0.041806407 
916 330 11 15 0.041765656 
665 125 9 11 0.041659746 
880 28 10 12 0.04157081 
382 111 9 11 0.041561384 
895 181 11 14 0.04152043 
216 22 10 12 0.04145456 
145 15 7 10 0.041454475 
952 256 10 13 0.041433837 
900 39 9 12 0.041215047 
68 483 10 14 0.0411844 
528 47 9 11 0.0411776 
680 53 8 11 0.041152436 
381 294 12 16 0.040930867 
378 62 9 10 0.04088149 
217 71 11 13 0.040872343 
127 15 8 9 0.04083261 
783 164 9 12 0.040802665 
489 30 8 10 0.040791925 
147 372 13 15 0.04078067 
384 32 7 10 0.04066193 
248 99 10 13 0.040660612 
840 62 9 11 0.040655408 
1013 542 10 15 0.040647108 
113 283 13 16 0.040636797 
944 161 11 14 0.040586278 
49 105 8 10 0.04051034 
792 219 10 13 0.040500294 
431 128 8 10 0.040486474 
206 171 16 18 0.04043537 
894 29 9 11 0.040426563 
353 62 9 11 0.040405784 
569 339 18 24 0.040352553 
234 100 9 13 0.04034434 
799 104 9 12 0.040322334 
264 568 24 34 0.040314175 
847 190 8 11 0.040271673 
615 23 9 11 0.04025791 
436 461 11 14 0.040252235 
751 77 10 12 0.040203173 
95 141 9 12 0.040147506 
78 63 7 10 0.040096223 
137 30 7 9 0.040075615 
711 31 9 10 0.04006431 
652 112 11 14 0.039929513 
93 153 11 16 0.039752502 
418 514 13 16 0.039750226 
799 140 10 13 0.039696056 
550 55 20 27 0.03966553 
960 400 11 13 0.039550733 
600 135 8 10 0.039544832 
501 54 8 10 0.039519843 
917 471 12 15 0.039470658 
989 53 10 14 0.039322045 
975 212 11 15 0.039264917 
997 232 9 12 0.039240554 
429 48 8 11 0.03919552 
451 612 13 18 0.03912061 
696 0 9 9 0.039096538 
806 220 9 11 0.039084937 
895 64 9 11 0.03903473 
202 84 11 14 0.03901553 
926 484 11 13 0.039003674 
887 188 9 12 0.03893957 
670 369 46 56 0.038896706 
734 587 11 13 0.03887386 
383 218 12 15 0.03883881 
393 92 9 10 0.038823448 
557 393 13 18 0.038798228 
445 111 8 10 0.038780753 
843 291 12 16 0.03869562 
844 355 12 15 0.038685016 
326 206 10 12 0.038672328 
536 87 9 11 0.038619842 
439 135 8 10 0.03857721 
1007 506 12 16 0.038515978 
586 172 7 10 0.038467128 
884 140 11 15 0.038465172 
367 73 9 12 0.038456593 
199 31 9 11 0.03840421 
542 61 11 16 0.03831166 
418 53 8 10 0.038261745 
472 339 11 14 0.03825601 
952 15 7 10 0.03814392 
130 166 8 10 0.038130432 
454 567 11 15 0.03805242 
940 469 11 14 0.038032196 
608 102 9 11 0.037991412 
398 103 7 10 0.037982605 
502 520 16 19 0.037970223 
294 253 15 17 0.037962597 
239 332 9 12 0.037960045 
638 570 12 18 0.037951436 
324 20 9 12 0.03791501 
808 85 9 12 0.03791324 
359 70 9 11 0.0378945 
896 69 10 13 0.03781973 
568 85 9 12 0.03781469 
384 156 9 11 0.037721507 
23 53 7 10 0.037656575 
666 14 8 11 0.03763144 
712 172 13 15 0.037593726 
764 13 9 11 0.037413325 
292 67 13 17 0.03741086 
583 552 15 20 0.037250083 
934 509 14 16 0.037233055 
398 159 9 11 0.037153427 
525 63 12 15 0.037150275 
584 507 22 28 0.0371341 
647 584 15 19 0.037124477 
81 30 8 11 0.037091058 
739 271 12 14 0.037088323 
973 165 11 14 0.037087943 
613 139 11 15 0.03704475 
727 0 10 9 0.037034974 
773 412 16 20 0.036983963 
169 54 8 11 0.036978558 
791 165 9 10 0.036969896 
273 46 11 13 0.03695771 
48 316 13 16 0.03694012 
450 578 10 14 0.03692905 
534 76 11 14 0.03690212 
549 334 13 19 0.036890402 
845 225 13 15 0.036858708 
842 70 9 12 0.03683202 
762 506 14 18 0.036827788 
985 375 10 12 0.03680574 
473 101 9 12 0.03676598 
478 96 7 10 0.036722556 
913 7 7 9 0.03671301 
809 167 9 11 0.036651928 
790 125 9 11 0.036651738 
270 555 24 28 0.03662672 
457 95 9 11 0.03650315 
143 2 9 10 0.036487047 
725 149 9 12 0.03647365 
791 173 9 12 0.03647332 
746 0 8 8 0.03647124 
600 99 10 12 0.036468424 
238 102 10 12 0.036451932 
540 513 13 18 0.036441155 
318 147 11 16 0.036438797 
683 629 10 12 0.03640625 
263 140 13 18 0.03628416 
367 9 10 12 0.03627331 
112 287 18 25 0.036213215 
497 6 9 11 0.036176488 
685 31 8 10 0.036122933 
918 53 9 12 0.036115646 
566 493 11 14 0.036112376 
376 100 10 12 0.03610249 
1000 488 11 13 0.0360795 
889 488 16 18 0.03604878 
321 29 9 11 0.03604621 
289 5 10 12 0.03597576 
104 12 9 12 0.0359226 
696 81 11 14 0.03591873 
535 23 9 11 0.035900667 
79 70 7 10 0.035898063 
757 111 8 10 0.03587575 
144 229 10 14 0.03579892 
217 2 11 12 0.035798285 
90 55 8 11 0.035772365 
532 68 10 14 0.03572885 
1005 99 13 15 0.035720855 
526 395 21 29 0.035705008 
589 604 12 14 0.035670858 
167 213 8 11 0.035638895 
815 504 10 12 0.035615236 
840 189 10 13 0.035614952 
513 496 23 27 0.03556106 
992 203 8 11 0.03550152 
936 469 10 13 0.035500307 
431 63 8 11 0.035498142 
735 69 11 13 0.03549003 
136 160 9 11 0.03543331 
204 496 25 34 0.03542692 
664 224 11 13 0.035395954 
726 27 9 11 0.03536437 
383 124 9 11 0.035363473 
261 453 13 18 0.03533652 
462 47 7 9 0.03531966 
775 115 9 12 0.03531347 
391 81 8 10 0.035286684 
734 77 10 12 0.03525271 
145 364 11 13 0.035248395 
88 73 8 9 0.035193983 
452 136 10 11 0.035189 
773 509 23 29 0.035181053 
735 38 9 11 0.035163116 
256 54 10 13 0.035141338 
375 214 11 14 0.035101704 
144 38 9 11 0.035072654 
303 5 9 11 0.035069894 
663 119 9 11 0.03505601 
430 94 8 10 0.034966677 
776 62 10 13 0.034949385 
862 212 8 10 0.03492313 
893 51 10 12 0.03491618 
265 117 11 16 0.03486813 
749 180 11 13 0.03478985 
750 125 8 11 0.034789506 
929 108 13 15 0.034768615 
645 185 9 10 0.03475592 
415 94 8 10 0.03462303 
151 1 7 8 0.03457244 
804 5 10 12 0.034450352 
457 32 9 11 0.034449443 
333 151 8 11 0.034438785 
397 212 12 15 0.03443017 
234 196 19 24 0.034413885 
916 339 11 14 0.034409303 
311 199 10 12 0.034367725 
893 203 12 15 0.03435225 
936 79 10 11 0.03434452 
951 470 12 15 0.03432576 
458 37 8 11 0.034303803 
110 103 8 10 0.034270253 
591 21 9 12 0.034242667 
990 192 10 13 0.034129605 
814 315 10 14 0.034109205 
477 14 8 10 0.034101464 
376 123 9 12 0.03404678 
952 0 9 9 0.034043122 
471 143 7 9 0.034026586 
14 147 12 15 0.033994805 
598 22 8 11 0.03398201 
960 493 10 14 0.033979293 
744 37 8 11 0.033894107 
135 39 9 10 0.033891365 
313 39 8 11 0.033862345 
406 65 8 10 0.03384911 
923 507 13 18 0.033846922 
608 185 8 10 0.03382513 
351 1 9 10 0.033737935 
359 156 9 11 0.033708986 
487 39 9 12 0.033701457 
848 38 9 12 0.03367778 
73 54 7 9 0.033627838 
111 162 9 12 0.03361755 
870 197 8 11 0.033608954 
271 515 21 27 0.033545688 
764 498 13 18 0.033545356 
663 158 11 15 0.033544037 
782 102 9 12 0.033471223 
440 142 8 10 0.03346483 
339 243 13 14 0.03345988 
407 196 11 14 0.0334253 
79 100 7 9 0.033370905 
375 181 9 13 0.033342995 
685 77 10 13 0.033321444 
592 13 10 13 0.033293594 
368 153 8 11 0.033284847 
183 309 13 15 0.033276826 
938 157 11 14 0.033275723 
558 508 12 15 0.033236105 
504 558 12 16 0.033219136 
130 96 7 10 0.03319213 
511 388 11 16 0.033180602 
337 221 9 14 0.033171758 
104 70 8 9 0.033140708 
475 132 8 11 0.033116058 
174 140 9 11 0.03308575 
254 61 10 13 0.033063114 
87 281 12 18 0.033030175 
40 54 9 11 0.033027407 
222 341 9 12 0.033024468 
923 497 21 26 0.032990616 
683 117 11 13 0.032963477 
106 557 14 19 0.03293226 
160 133 9 14 0.032928035 
328 321 26 42 0.03292006 
750 111 10 12 0.032893796 
102 215 9 12 0.03285518 
448 356 11 14 0.032842692 
393 388 14 19 0.03281319 
702 630 10 13 0.032800402 
462 118 8 9 0.032792117 
166 167 12 14 0.032750826 
878 143 13 17 0.032712914 
735 0 8 9 0.032684226 
156 163 10 13 0.032626152 
185 0 9 9 0.03256427 
511 374 9 12 0.032533284 
807 109 10 12 0.032526612 
911 435 10 12 0.03251191 
701 31 9 12 0.032469153 
488 315 14 20 0.03244496 
494 14 9 11 0.032423463 
913 36 9 12 0.03240283 
629 92 10 13 0.032387752 
360 2 9 9 0.032385353 
90 317 16 20 0.03237333 
749 21 10 12 0.03235856 
433 309 9 12 0.032352615 
796 524 13 17 0.03234287 
811 518 15 19 0.03231448 
159 7 8 10 0.032312784 
74 38 8 10 0.03230114 
502 76 9 11 0.032293484 
518 17 9 10 0.032259494 
911 387 11 14 0.032245867 
704 0 8 9 0.03221254 
935 517 11 15 0.03213209 
432 142 9 11 0.032117054 
760 563 12 17 0.03210942 
1008 124 10 15 0.032106414 
967 382 8 11 0.03209142 
676 7 10 11 0.03209062 
457 594 12 15 0.032065555 
782 304 11 13 0.032051332 
320 95 10 12 0.03205095 
557 569 11 17 0.032044206 
717 165 14 17 0.03202952 
980 253 9 14 0.031996254 
514 482 17 20 0.031933997 
528 2 9 9 0.031876046 
34 541 10 12 0.031836897 
437 520 11 15 0.031805836 
132 332 12 16 0.031767882 
737 56 19 23 0.031761188 
784 285 10 13 0.031730607 
872 214 9 12 0.031722147 
145 31 8 10 0.03170877 
96 31 9 11 0.031641938 
725 157 10 14 0.031639088 
382 134 9 12 0.031609185 
766 258 10 14 0.03159807 
836 172 11 14 0.03159079 
141 158 8 11 0.031566326 
569 7 8 11 0.031564385 
326 6 10 12 0.0315541 
344 143 10 12 0.031538755 
898 162 12 15 0.03144297 
84 300 15 22 0.031383734 
829 142 9 13 0.031344265 
359 180 9 12 0.03133602 
60 477 13 16 0.03129454 
886 244 10 15 0.031267732 
240 109 10 13 0.031257182 
47 47 8 10 0.03124833 
941 475 12 13 0.031123854 
257 38 9 11 0.031034451 
175 415 41 55 0.03101579 
77 45 8 11 0.030963782 
766 23 8 11 0.030952537 
855 190 9 12 0.03092229 
744 181 11 13 0.030918658 
913 175 9 12 0.030879559 
32 44 9 13 0.030760016 
180 595 11 15 0.030738298 
968 221 9 12 0.03072674 
736 84 9 12 0.030710494 
961 192 10 12 0.03068788 
766 483 13 16 0.030687291 
71 29 8 9 0.030686544 
325 133 9 12 0.030685853 
850 318 12 15 0.030623496 
627 533 12 16 0.030592725 
302 571 15 22 0.030580312 
176 12 10 12 0.030559469 
617 14 9 12 0.030549787 
973 38 9 11 0.030549575 
290 132 10 13 0.030548692 
231 152 9 11 0.030545909 
729 134 10 13 0.030522507 
694 435 47 57 0.03052193 
694 15 8 11 0.030520573 
534 390 24 32 0.030468695 
830 501 22 28 0.030446757 
629 67 14 18 0.030434774 
69 16 9 11 0.030419735 
115 62 7 9 0.030415367 
510 78 8 11 0.03034664 
712 129 9 13 0.030330395 
470 55 8 10 0.030313823 
257 202 11 14 0.030297833 
498 76 9 12 0.030277666 
534 62 11 14 0.03025754 
550 588 10 14 0.030229596 
407 277 10 12 0.030193664 
639 53 12 13 0.030155806 
860 206 10 12 0.03014735 
158 36 8 10 0.030136427 
122 16 7 9 0.030041814 
290 140 10 14 0.030041328 
133 164 10 13 0.029977882 
101 141 9 12 0.02997149 
727 48 9 12 0.029954864 
999 15 10 12 0.029924612 
64 17 10 12 0.029884161 
309 61 10 14 0.02987187 
828 179 11 14 0.029865824 
718 70 9 12 0.029862147 
623 186 9 10 0.029837046 
965 416 14 18 0.029834796 
692 22 8 10 0.029832117 
74 118 9 11 0.029798537 
440 22 8 10 0.029796286 
895 139 11 15 0.029791186 
246 54 8 11 0.029773576 
964 270 10 12 0.029769257 
1005 152 14 19 0.029752446 
853 55 9 12 0.029732816 
234 29 10 12 0.029726585 
957 50 10 13 0.029721301 
123 288 11 16 0.029720062 
973 190 11 14 0.029700084 
952 28 9 12 0.029696302 
848 61 10 12 0.029662227 
969 157 9 14 0.029658973 
880 464 18 24 0.02964231 
720 38 9 12 0.029641468 
541 470 16 21 0.02963226 
186 162 12 15 0.029620396 
980 479 11 13 0.029599851 
691 358 12 13 0.029593345 
142 45 9 11 0.029545162 
960 16 8 10 0.029538833 
431 458 12 15 0.029530803 
269 1 10 11 0.029506028 
241 53 8 10 0.029461594 
819 510 11 15 0.029455587 
716 497 26 35 0.02944571 
292 135 19 23 0.029445145 
31 170 13 17 0.029374817 
945 355 9 12 0.029361794 
252 69 10 13 0.029353965 
376 53 9 11 0.029319849 
372 219 11 14 0.029312273 
303 44 10 13 0.029294139 
134 339 12 17 0.029291388 
281 342 12 17 0.029248517 
785 126 9 12 0.029212458 
145 205 9 13 0.029195348 
368 108 9 12 0.02917917 
277 548 27 29 0.029141732 
792 77 11 14 0.029139485 
187 68 11 15 0.029136302 
503 12 9 11 0.029128717 
861 63 11 13 0.029121332 
828 295 15 17 0.029094832 
776 515 13 18 0.029063161 
714 98 18 24 0.02905848 
376 149 9 12 0.029045021 
532 337 17 23 0.029024467 
157 563 22 28 0.028995112 
396 201 12 16 0.028967347 
879 330 11 13 0.028964143 
374 188 10 13 0.028941348 
997 20 11 13 0.02893436 
983 26 10 12 0.028921597 
549 501 12 14 0.028908273 
663 100 10 13 0.028887939 
2 178 13 18 0.028887542 
604 510 21 28 0.02888341 
136 54 8 10 0.02887386 
463 555 11 15 0.028831067 
230 323 10 12 0.028801482 
774 23 9 11 0.028798215 
424 52 9 11 0.028768675 
765 7 10 11 0.028765518 
644 565 13 17 0.028760139 
942 62 9 11 0.028754747 
268 432 13 18 0.028743131 
454 155 9 12 0.028733887 
913 19 8 12 0.02872589 
542 458 14 20 0.028703742 
1012 471 11 16 0.028686259 
93 1 9 8 0.028639901 
734 46 10 11 0.028600348 
585 38 10 13 0.028594231 
342 65 10 11 0.02859367 
797 83 10 14 0.028572181 
652 39 9 12 0.02857189 
738 618 15 19 0.028571391 
884 451 15 18 0.0285538 
846 416 10 13 0.028552141 
232 304 10 14 0.028532393 
145 108 9 11 0.028515378 
114 180 12 15 0.028502796 
461 548 11 13 0.028485544 
174 308 9 13 0.028482359 
6 79 9 12 0.02840577 
662 86 11 14 0.028401341 
688 363 11 13 0.02839392 
902 1 9 9 0.02838783 
941 6 10 12 0.028386075 
186 5 9 12 0.028371809 
48 85 9 12 0.028344788 
312 134 13 16 0.028334888 
249 93 11 14 0.02831214 
862 503 13 16 0.028299311 
134 383 22 27 0.02829747 
502 394 13 19 0.028238123 
686 69 10 13 0.028217273 
213 124 10 14 0.028180445 
645 59 11 16 0.02817186 
863 190 9 11 0.028142838 
343 115 10 14 0.028123373 
621 45 9 11 0.02810972 
1012 90 11 16 0.02809351 
713 505 14 18 0.028093258 
632 38 9 10 0.028088357 
567 92 9 12 0.028062094 
37 537 10 11 0.02804342 
977 1 10 10 0.028041724 
425 63 8 10 0.028038496 
937 6 9 10 0.028031006 
382 2 17 22 0.028022634 
428 98 17 23 0.027997267 
220 489 16 23 0.027994933 
483 355 13 16 0.027964547 
188 394 11 16 0.027962927 
871 71 10 13 0.027957924 
457 100 9 11 0.02795691 
928 90 15 17 0.02793721 
900 286 12 15 0.027904306 
649 552 24 28 0.027880039 
549 508 12 15 0.027868189 
319 268 12 15 0.027849443 
430 160 9 11 0.027841803 
6 10 14 21 0.027828963 
125 79 8 11 0.027821438 
302 124 11 14 0.027788147 
940 55 9 11 0.02778525 
208 389 10 14 0.027782327 
494 387 14 19 0.027761908 
24 69 8 10 0.027759716 
863 5 10 12 0.027759457 
600 39 9 11 0.027754318 
556 577 12 16 0.027750315 
622 54 9 12 0.027724138 
568 21 9 12 0.027696397 
1000 156 11 15 0.0276479 
614 98 17 22 0.02764527 
142 367 21 26 0.027644867 
682 25 8 9 0.02763141 
780 1 9 10 0.027626153 
782 478 11 13 0.027598735 
974 228 10 12 0.02759872 
311 6 9 11 0.027598293 
391 126 8 10 0.027588276 
936 180 12 14 0.027582608 
157 93 8 11 0.027563678 
587 559 14 20 0.02755417 
868 393 13 16 0.027533278 
149 464 13 19 0.027524292 
559 501 12 15 0.027435908 
335 62 10 11 0.027405549 
720 45 8 12 0.027397435 
839 182 10 12 0.027383199 
557 46 11 13 0.027377605 
873 0 9 10 0.02733925 
105 21 8 10 0.02731917 
589 594 14 17 0.027310494 
176 147 18 23 0.027305033 
512 15 8 11 0.027303195 
891 13 10 12 0.0273006 
442 280 14 21 0.027283547 
743 122 11 15 0.02727751 
785 222 8 11 0.027254207 
56 31 8 10 0.027247796 
589 6 9 11 0.0272217 
871 294 11 14 0.027214184 
756 505 22 30 0.027196312 
337 292 14 19 0.02717684 
247 1 9 11 0.027158296 
272 35 9 13 0.027140915 
136 119 9 11 0.027133776 
782 215 9 11 0.027131323 
878 495 14 18 0.027125757 
276 67 11 15 0.02711977 
224 405 11 14 0.027113203 
37 61 10 12 0.027094945 
487 88 10 12 0.027073788 
678 140 10 13 0.027060851 
429 1 8 8 0.027035573 
350 223 13 18 0.027012797 
182 425 16 22 0.026977157 
4 133 12 15 0.026957896 
761 555 21 27 0.026943833 
815 110 10 14 0.026932929 
337 53 9 11 0.026910165 
694 116 10 13 0.02688412 
189 377 17 22 0.026866201 
671 21 8 10 0.026851222 
884 453 22 28 0.026836144 
958 126 10 12 0.026829842 
42 131 11 14 0.026795795 
187 400 11 17 0.026773302 
465 143 9 10 0.02677298 
1007 72 18 26 0.026756464 
911 264 12 15 0.026746672 
77 55 7 10 0.026737235 
196 449 20 25 0.026727084 
753 236 9 11 0.026723184 
772 569 13 15 0.026720809 
175 346 10 14 0.026706727 
861 245 9 12 0.026702406 
841 162 10 16 0.026659029 
783 134 9 10 0.02665035 
945 342 11 15 0.02661807 
797 166 8 11 0.026607845 
92 266 11 15 0.02660441 
454 466 14 19 0.026603812 
112 119 8 10 0.026602946 
98 367 16 21 0.026600892 
894 169 11 15 0.026595423 
717 94 11 14 0.026592035 
924 261 11 13 0.026590047 
68 492 10 14 0.026585143 
783 470 9 11 0.026581299 
212 52 11 13 0.02658028 
261 69 9 12 0.02657386 
743 8 8 10 0.026558347 
839 222 11 13 0.026556399 
215 142 8 10 0.026533445 
840 208 19 24 0.02653236 
132 189 10 13 0.026531301 
902 158 11 14 0.026527809 
266 133 13 15 0.026510458 
830 316 9 12 0.02651028 
287 126 11 15 0.026503433 
770 110 9 12 0.026494944 
261 44 9 11 0.026454529 
531 330 16 20 0.026453007 
757 180 11 13 0.026431091 
38 80 7 10 0.026430631 
296 565 25 37 0.026421838 
677 370 11 13 0.026382174 
854 198 10 13 0.026378268 
842 498 13 16 0.026370807 
878 226 17 23 0.02637077 
1001 506 21 28 0.026366454 
905 211 16 22 0.026366355 
392 499 12 17 0.026341459 
470 38 10 11 0.026318647 
574 140 9 11 0.026317487 
817 510 19 25 0.026302358 
134 63 7 10 0.026291078 
1005 3 11 13 0.02628947 
173 316 10 15 0.026279792 
359 166 10 12 0.026266344 
737 31 9 11 0.0262449 
666 139 10 13 0.026205828 
151 174 9 12 0.02620507 
718 85 10 13 0.026165847 
841 626 12 14 0.02616225 
919 494 9 14 0.026157752 
710 68 10 13 0.026149474 
760 238 9 11 0.02614041 
784 230 8 11 0.026130429 
1005 83 21 28 0.026124496 
623 68 11 16 0.026099758 
152 160 10 13 0.026087174 
759 1 9 8 0.026039038 
799 159 8 11 0.02603661 
533 532 11 15 0.026025496 
89 2 9 9 0.026013236 
156 377 14 19 0.02599445 
630 85 10 13 0.025986727 
293 185 18 24 0.025972769 
523 382 40 50 0.0259308 
678 89 17 22 0.02592821 
318 37 10 12 0.025901765 
187 487 19 25 0.025859652 
554 549 16 20 0.025854109 
933 215 10 13 0.025850357 
950 332 10 12 0.025830144 
794 13 9 12 0.025810482 
557 23 9 12 0.025804996 
741 96 13 16 0.02580485 
981 78 18 24 0.025782721 
127 212 10 11 0.025774399 
952 21 9 12 0.025770728 
271 509 13 18 0.025726778 
570 13 9 12 0.025698345 
920 205 10 12 0.025652261 
140 340 12 16 0.025639448 
433 65 17 23 0.025638394 
838 521 11 16 0.02563045 
860 238 10 14 0.02557516 
984 59 9 12 0.025565024 
663 109 9 12 0.025559869 
845 29 11 13 0.025539346 
601 30 8 10 0.025516236 
779 76 12 16 0.025499204 
142 222 9 12 0.025479661 
868 175 9 10 0.025472553 
841 148 10 13 0.02545321 
982 71 10 13 0.025448706 
516 387 12 16 0.025441676 
698 73 19 22 0.025432587 
111 78 8 10 0.025389295 
199 62 8 11 0.02537818 
924 31 11 13 0.025362995 
285 52 11 14 0.025347581 
182 170 10 14 0.025338579 
989 368 11 14 0.025315683 
833 6 9 11 0.02530265 
949 341 12 14 0.025300149 
717 6 9 11 0.025295287 
453 412 11 15 0.025295218 
764 589 12 16 0.02529145 
461 563 11 15 0.025287764 
385 56 7 10 0.025253778 
856 117 13 19 0.025235133 
127 70 8 10 0.025216358 
842 318 18 24 0.025208566 
472 315 12 16 0.025195466 
568 344 25 33 0.02518788 
934 487 12 13 0.025182407 
751 70 10 13 0.025176058 
594 388 28 37 0.025109904 
241 114 13 17 0.025102658 
984 380 9 10 0.025089975 
374 588 11 13 0.025088016 
376 70 9 11 0.025068814 
758 70 10 12 0.025047729 
622 61 11 15 0.02504586 
433 166 8 11 0.025018658 
275 74 12 17 0.025017088 
423 158 9 12 0.025005404 
847 92 11 14 0.02499916 
1001 238 14 16 0.02498633 
790 117 9 11 0.024981715 
89 101 8 11 0.024976783 
929 310 10 11 0.024974868 
341 181 8 12 0.02496449 
360 205 10 13 0.024962692 
847 123 11 13 0.024930665 
223 139 9 11 0.024925241 
391 133 10 13 0.024923548 
857 242 10 13 0.024921022 
515 469 14 18 0.024911229 
441 119 8 9 0.024862934 
853 15 17 21 0.024858806 
513 46 9 12 0.024851317 
960 35 11 14 0.024835225 
421 385 23 34 0.02483011 
559 494 11 14 0.024819179 
214 339 11 14 0.024803208 
743 78 11 13 0.024801776 
225 64 9 12 0.024791783 
886 38 11 14 0.0247854 
739 413 10 14 0.024757119 
260 87 11 16 0.024746496 
849 196 10 12 0.024742013 
679 71 10 12 0.024741288 
319 117 10 14 0.024737246 
344 171 10 13 0.02470769 
904 432 10 12 0.024707569 
93 74 18 23 0.024687171 
1001 475 12 14 0.024673847 
947 173 13 16 0.024643341 
782 172 10 13 0.024639362 
118 101 8 10 0.024627265 
448 373 13 16 0.024595864 
40 43 9 13 0.024589162 
731 127 19 24 0.024549965 
31 80 8 10 0.024533369 
886 135 9 13 0.024523666 
211 166 15 17 0.024519153 
875 263 11 14 0.024500513 
936 38 9 12 0.024483997 
399 65 18 23 0.024468109 
573 35 10 13 0.024465939 
398 487 21 29 0.024455389 
614 162 18 23 0.024444675 
415 79 9 11 0.024440736 
88 143 9 11 0.024422888 
831 249 12 17 0.024373444 
544 52 11 15 0.024350595 
174 408 15 18 0.024341738 
665 149 8 11 0.024332013 
190 505 27 37 0.024294864 
790 58 12 14 0.024280034 
481 41 8 10 0.024279587 
22 63 9 12 0.024271168 
872 40 17 23 0.024258303 
994 249 10 14 0.02425326 
900 491 12 14 0.024252072 
830 498 14 17 0.024248907 
130 0 20 23 0.024247557 
150 112 9 10 0.024234958 
974 98 13 16 0.024210177 
704 4 19 22 0.024194492 
145 353 19 22 0.024174407 
919 513 12 16 0.024171354 
263 564 39 54 0.024159955 
310 166 11 14 0.02415326 
196 5 9 11 0.024147063 
275 121 13 17 0.02413253 
634 70 19 23 0.024123784 
834 114 14 17 0.02410502 
351 54 9 11 0.024100402 
150 206 11 15 0.024091087 
421 426 11 15 0.02406195 
7 518 8 11 0.024055472 
439 110 9 11 0.024047349 
919 5 9 10 0.024041496 
101 155 10 16 0.024029186 
476 332 12 15 0.023970367 
720 16 18 23 0.023963746 
839 220 22 25 0.023946736 
534 495 13 18 0.02393617 
391 29 9 11 0.023919452 
398 466 11 14 0.02390538 
413 344 13 16 0.023851331 
526 316 21 27 0.02381795 
902 270 11 13 0.023801813 
263 179 12 17 0.02378645 
943 0 9 9 0.023780817 
871 4 10 12 0.023737306 
693 44 9 12 0.023724033 
974 197 10 12 0.023701213 
381 88 9 11 0.023652097 
73 47 7 10 0.02364542 
210 552 29 38 0.023636494 
422 173 10 12 0.023624593 
474 117 7 9 0.023603866 
73 63 8 10 0.02359053 
940 77 11 13 0.023586147 
132 513 21 26 0.023575628 
607 126 8 11 0.02354741 
770 95 9 13 0.023537831 
457 110 9 11 0.023525931 
390 118 9 11 0.023519324 
925 514 14 17 0.023509553 
757 100 10 14 0.023500828 
884 249 13 18 0.023447629 
653 45 9 11 0.02344222 
89 148 12 17 0.02344132 
25 78 9 12 0.023436483 
975 458 10 13 0.023422163 
126 313 12 16 0.023411809 
608 117 10 12 0.023370853 
177 162 11 14 0.023354828 
345 104 9 12 0.023352636 
840 26 11 15 0.02333956 
134 69 8 11 0.023335766 
73 100 8 10 0.023333455 
256 375 11 14 0.023332112 
619 523 13 15 0.023329187 
616 128 9 11 0.02328237 
34 33 9 11 0.023277583 
495 112 7 10 0.023264322 
374 205 11 14 0.023253646 
166 288 8 9 0.023243235 
854 499 14 17 0.023235464 
998 334 11 13 0.023211014 
65 72 7 9 0.023204226 
425 181 11 13 0.02318615 
860 530 24 26 0.023184326 
197 260 10 13 0.023179265 
607 39 8 11 0.023176022 
869 264 18 23 0.02317332 
188 156 13 17 0.023157574 
169 29 9 12 0.023143426 
85 112 19 24 0.02314028 
291 14 10 12 0.023138609 
392 186 18 23 0.02311506 
399 119 8 10 0.02310622 
490 582 14 17 0.023098499 
192 584 24 28 0.023082444 
56 39 9 10 0.023072837 
359 425 14 19 0.02307208 
832 344 10 13 0.023067044 
136 228 9 13 0.0230569 
758 251 12 15 0.023033252 
766 62 9 12 0.023024002 
963 498 13 18 0.02301729 
427 403 12 17 0.02300969 
388 2 10 10 0.023006776 
938 498 14 17 0.023006763 
742 142 10 13 0.022998607 
518 376 10 12 0.022998145 
949 215 20 25 0.022986257 
184 434 23 33 0.022982515 
145 22 8 10 0.022980327 
93 6 9 11 0.022973265 
841 5 9 11 0.022908479 
790 70 12 15 0.022896139 
564 499 13 17 0.022874087 
888 171 10 13 0.02285808 
417 151 8 11 0.022825237 
147 473 16 25 0.022815684 
912 465 19 25 0.022794696 
871 493 10 12 0.022775931 
112 47 9 10 0.022773903 
279 562 29 34 0.022764556 
671 1 9 9 0.02276404 
311 67 10 14 0.022756949 
879 487 22 27 0.022738859 
251 113 13 19 0.022726154 
853 262 11 14 0.022712264 
706 20 8 10 0.022691835 
575 84 9 12 0.022689456 
982 261 9 12 0.022677748 
492 356 11 14 0.022675613 
794 1 18 22 0.022668486 
350 108 9 13 0.02262299 
447 420 10 12 0.022612195 
939 522 13 16 0.022600358 
461 539 12 17 0.022592023 
384 77 8 11 0.022552986 
799 76 10 13 0.022549618 
117 163 11 13 0.022542639 
806 1 10 11 0.022539867 
100 300 19 25 0.022534603 
646 113 17 23 0.022502739 
855 182 9 12 0.022459038 
130 1 10 11 0.022402648 
575 588 13 18 0.022387672 
390 47 9 11 0.022363149 
772 507 13 18 0.022348111 
134 380 13 16 0.022340605 
544 24 10 13 0.02231945 
540 94 10 11 0.022314735 
359 173 10 13 0.022302307 
695 109 11 14 0.022284627 
839 288 10 13 0.022273427 
407 151 9 11 0.022208115 
824 132 10 14 0.022182243 
65 79 8 10 0.022173401 
141 388 23 28 0.022163473 
732 158 11 14 0.02216312 
687 54 18 23 0.022151183 
151 190 9 12 0.022134623 
728 5 10 11 0.022109248 
383 37 8 10 0.022089714 
804 76 10 13 0.022071362 
805 36 11 13 0.022017896 
583 6 10 11 0.022011707 
695 71 10 12 0.021997998 
770 76 10 14 0.021993184 
135 24 8 10 0.021990456 
187 453 23 30 0.021978611 
544 48 20 27 0.021977855 
334 172 10 14 0.021973481 
903 30 9 11 0.02197302 
334 38 8 10 0.021949176 
669 148 11 13 0.021940436 
319 81 13 16 0.021938875 
160 293 9 13 0.021911046 
895 479 22 25 0.021908585 
665 129 19 23 0.021889616 
462 94 9 11 0.02187685 
397 178 12 15 0.02187637 
166 309 12 15 0.021863569 
925 193 19 23 0.021860821 
437 541 13 17 0.021832976 
89 85 8 10 0.02183266 
943 40 9 11 0.021814644 
957 267 13 16 0.021812709 
831 223 10 11 0.021812696 
931 97 19 23 0.021803072 
174 48 8 10 0.021790395 
19 148 13 15 0.021779917 
269 160 14 18 0.021772385 
494 117 8 11 0.021770671 
867 307 12 14 0.021763673 
261 59 10 13 0.021751324 
125 174 10 13 0.02174418 
198 113 11 14 0.021734353 
580 596 12 15 0.021719264 
112 127 8 11 0.021716831 
275 155 12 17 0.02170717 
302 116 12 15 0.021701979 
857 514 23 31 0.021699574 
44 163 14 20 0.021684479 
757 491 15 18 0.021676691 
160 184 9 13 0.021675942 
423 144 8 11 0.021672271 
119 117 8 11 0.021671453 
452 481 16 19 0.021667788 
740 200 13 16 0.02166588 
1 139 14 20 0.02164076 
72 151 9 12 0.021629393 
372 197 11 14 0.021628238 
864 167 9 13 0.02162553 
385 166 9 12 0.021623414 
980 95 13 17 0.021612696 
623 21 10 13 0.02160398 
147 428 13 18 0.021588849 
137 223 8 12 0.021584034 
36 96 8 11 0.021583976 
510 95 9 10 0.021565754 
958 487 10 14 0.021556871 
950 321 12 14 0.021554116 
951 486 11 13 0.021551743 
48 79 8 10 0.021529753 
48 122 9 11 0.021528227 
186 19 9 12 0.021509375 
611 108 10 13 0.021495657 
886 326 11 15 0.021487633 
510 385 23 30 0.021484502 
974 182 10 12 0.021473622 
424 189 11 14 0.021448517 
953 127 10 12 0.021443514 
558 104 9 12 0.02139757 
909 456 13 16 0.02139491 
128 340 12 16 0.02136721 
598 52 10 13 0.021351947 
422 523 13 16 0.02133035 
1006 136 18 27 0.021317275 
839 262 9 11 0.021260526 
869 190 10 12 0.021255951 
143 188 10 13 0.021240411 
971 14 18 22 0.021219272 
558 93 8 10 0.021216504 
359 197 10 13 0.021194786 
511 62 9 10 0.02119068 
950 39 9 12 0.021178743 
749 157 18 22 0.021176377 
925 477 11 14 0.021153782 
553 521 19 25 0.021148233 
795 303 19 24 0.02114204 
210 448 14 19 0.021125987 
603 325 15 19 0.021118991 
542 156 9 11 0.021108162 
547 392 16 21 0.021081293 
606 30 9 11 0.021052789 
133 365 10 13 0.02104716 
268 93 10 14 0.021027764 
839 196 10 12 0.021022117 
756 539 12 17 0.021016216 
445 169 9 10 0.021002818 
395 588 11 15 0.021000259 
940 485 12 14 0.020987928 
959 78 11 15 0.020986743 
852 146 10 13 0.020985411 
816 207 10 12 0.020985043 
463 355 13 17 0.020974716 
438 14 8 11 0.020972133 
96 14 8 11 0.020964986 
748 386 31 38 0.02096019 
534 382 14 17 0.02091841 
174 70 10 12 0.020915138 
479 117 7 10 0.020914258 
220 171 11 15 0.02089473 
535 538 10 14 0.020892028 
863 197 10 12 0.020888714 
382 207 9 12 0.020887487 
935 58 10 13 0.020882051 
157 229 11 15 0.020874476 
958 203 14 16 0.020868387 
15 109 11 13 0.020850467 
786 188 11 14 0.020839328 
539 341 22 32 0.0208189 
889 276 10 12 0.020817386 
166 13 10 11 0.020815702 
367 54 8 11 0.020810882 
377 0 9 10 0.020805735 
939 462 11 15 0.020800905 
654 69 11 14 0.020798052 
830 471 20 24 0.020791477 
880 177 9 12 0.02077696 
226 10 12 15 0.020776307 
100 149 10 15 0.020773118 
89 60 8 10 0.020754918 
919 60 9 13 0.02075189 
977 69 10 13 0.020751275 
748 492 26 33 0.02073799 
333 103 9 12 0.020737028 
911 528 12 17 0.020727627 
333 31 9 12 0.020720989 
244 188 13 18 0.02071915 
391 214 11 14 0.02071005 
795 500 22 25 0.020692093 
149 15 19 23 0.020691883 
768 132 11 14 0.020631686 
990 263 10 11 0.020612895 
844 531 12 16 0.020603033 
669 102 10 12 0.020600077 
422 164 11 13 0.020579347 
223 151 10 13 0.020570336 
180 357 10 14 0.020555938 
910 158 10 14 0.02055531 
765 163 22 24 0.020549852 
761 61 10 12 0.020544358 
923 290 11 15 0.020535614 
720 29 9 11 0.020527793 
756 74 11 14 0.020516915 
869 252 13 16 0.02050683 
655 92 10 13 0.02050008 
414 404 23 29 0.020498633 
878 198 10 12 0.020497922 
144 74 8 10 0.020496365 
646 559 12 15 0.020485405 
847 265 10 12 0.020461699 
954 224 20 24 0.020458816 
199 44 10 13 0.020456119 
291 554 13 16 0.020446204 
798 148 10 13 0.020445574 
254 123 11 15 0.020403726 
786 22 9 11 0.020402988 
1014 69 10 16 0.020400537 
736 93 11 15 0.020394716 
240 44 9 12 0.020389196 
804 139 9 12 0.020373683 
853 221 11 16 0.0203727 
515 448 16 20 0.0203523 
864 375 9 11 0.020347139 
824 29 10 12 0.020327862 
177 157 19 23 0.020326085 
798 174 8 10 0.020323655 
584 44 10 12 0.020321803 
258 129 19 24 0.020319954 
542 84 9 13 0.020313147 
7 141 21 26 0.020305179 
925 461 11 15 0.020304596 
627 527 11 13 0.020276526 
77 151 10 13 0.020275969 
353 268 11 14 0.020266626 
495 0 9 9 0.020263504 
663 7 8 10 0.020242328 
513 53 9 12 0.020232536 
183 296 20 24 0.020232333 
986 89 12 17 0.020232333 
241 166 10 12 0.020229606 
71 458 13 16 0.020209078 
431 173 10 11 0.020200104 
998 77 10 13 0.020193782 
958 505 11 15 0.020189947 
137 80 7 10 0.020176705 
55 120 8 10 0.020175245 
573 577 13 16 0.020168824 
245 161 18 23 0.020162748 
966 179 11 13 0.02016052 
865 45 9 12 0.020158341 
0 19 10 15 0.020156993 
415 522 13 15 0.020142298 
382 70 9 11 0.020138953 
534 12 9 12 0.020134667 
882 16 8 10 0.020122949 
109 12 8 11 0.02012244 
263 162 13 15 0.020120485 
791 32 20 25 0.020105395 
88 264 10 13 0.020091407 
727 623 12 13 0.020083936 
299 182 13 17 0.020063033 
701 37 9 11 0.020013371 
290 71 19 25 0.020005431 
