2_Demonstration_Protesters_2_460
119
884 201 28 39 0.99962854 
787 67 31 40 0.99957985 
841 67 29 37 0.99944097 
34 66 27 32 0.9992976 
483 238 33 41 0.99909365 
484 97 35 44 0.99834836 
804 176 38 50 0.9968087 
75 89 25 33 0.9960174 
163 82 17 22 0.9927573 
272 232 42 53 0.9925679 
641 57 39 51 0.9917385 
133 74 16 19 0.99010324 
954 93 22 34 0.9839728 
434 73 23 26 0.95936257 
707 64 22 30 0.93707395 
283 75 12 16 0.8679081 
996 88 14 17 0.74083525 
749 92 13 15 0.51531 
146 192 23 25 0.32612702 
1011 196 12 15 0.18386327 
681 18 29 33 0.11373604 
1012 58 10 18 0.11009735 
255 146 9 12 0.08814087 
0 69 11 18 0.08802641 
264 143 10 12 0.07477856 
200 105 13 17 0.06812756 
695 67 25 29 0.06794788 
68 132 32 39 0.06659764 
208 131 12 16 0.061163034 
162 148 11 15 0.057613235 
328 177 9 12 0.057155002 
1001 85 13 17 0.0571335 
183 75 14 18 0.05675182 
223 121 10 11 0.05603594 
990 116 13 18 0.055598956 
237 142 8 11 0.05508236 
974 74 12 15 0.053293083 
630 287 13 15 0.052338537 
291 195 11 12 0.052115902 
1 69 19 29 0.051879555 
925 274 16 19 0.051758926 
456 264 18 22 0.05125073 
221 228 15 17 0.05066276 
742 83 20 27 0.050077256 
151 203 24 27 0.04709833 
244 190 12 15 0.045556184 
326 207 8 10 0.044901643 
430 58 34 48 0.044214927 
679 66 13 17 0.04270095 
950 106 15 23 0.042007912 
508 242 28 33 0.04178963 
212 127 10 13 0.039705947 
246 119 7 11 0.038735364 
969 77 9 13 0.035904273 
245 125 8 10 0.034937862 
142 188 16 22 0.03468445 
280 62 9 12 0.03440168 
103 107 21 27 0.034186285 
968 64 9 10 0.03387961 
328 191 8 12 0.03366007 
67 75 14 19 0.033518996 
239 136 8 10 0.032631095 
963 89 32 47 0.03254616 
997 61 10 14 0.031898666 
336 199 8 10 0.03169628 
162 211 17 20 0.031416595 
446 77 24 34 0.031215003 
997 123 12 16 0.030298477 
203 187 13 17 0.029677471 
721 73 14 20 0.029315393 
231 119 8 11 0.028297039 
955 84 16 23 0.027722718 
239 192 14 18 0.027487021 
1004 50 20 29 0.027365692 
680 239 26 30 0.027174992 
160 194 16 20 0.027146732 
1007 203 12 14 0.027096922 
964 85 12 19 0.026991852 
908 68 11 14 0.026685093 
977 219 15 18 0.026285516 
521 247 18 23 0.026215004 
935 205 14 18 0.025696889 
278 158 12 16 0.025533779 
1001 219 10 15 0.024831843 
115 152 25 31 0.024441397 
109 170 15 21 0.024318185 
327 213 8 10 0.024258777 
332 175 10 11 0.024171852 
907 216 15 20 0.024035696 
269 148 9 12 0.023999842 
239 118 9 12 0.023582842 
147 182 17 21 0.023434328 
180 82 14 18 0.023348061 
225 235 32 41 0.02322909 
972 68 21 28 0.023168579 
224 157 9 11 0.02304043 
1003 213 12 15 0.022995966 
670 61 26 33 0.02244464 
248 148 11 14 0.022141961 
1003 128 12 17 0.022138843 
262 65 13 17 0.022022795 
46 71 18 22 0.021987626 
215 174 9 12 0.021838307 
334 168 8 10 0.021764806 
70 89 19 26 0.021733664 
3 63 16 20 0.021572964 
219 225 25 31 0.021560693 
186 89 13 17 0.021468703 
969 69 11 15 0.02141458 
586 316 18 22 0.021152366 
237 146 10 14 0.021056943 
980 101 24 34 0.020941958 
-1 77 13 23 0.020940347 
306 151 8 11 0.020856367 
326 196 9 12 0.020540947 
206 182 11 15 0.020244548 
919 69 12 14 0.020216849 
215 179 10 13 0.020041058 
198 191 14 17 0.020006888 
