2_Demonstration_Demonstrators_2_196
1575
182 723 11 15 0.92970324 
87 717 12 13 0.86064297 
150 723 13 17 0.7514166 
208 694 12 15 0.6857396 
35 735 12 14 0.66246665 
107 666 13 17 0.6304588 
156 744 13 16 0.6304433 
739 621 10 13 0.62991273 
295 462 9 12 0.6115286 
444 309 12 17 0.504674 
414 613 8 11 0.47558793 
445 607 10 13 0.4509881 
374 709 13 17 0.4398981 
478 606 10 12 0.43848643 
832 679 9 12 0.42198578 
133 695 17 21 0.39371002 
278 581 10 13 0.38488662 
622 204 13 15 0.37590152 
642 630 9 12 0.36080128 
942 658 11 14 0.3507661 
926 630 10 11 0.34183896 
63 366 8 10 0.32894287 
64 484 11 13 0.3236191 
510 581 10 13 0.31837958 
637 669 10 15 0.30994007 
406 316 11 15 0.3050943 
93 499 10 13 0.30393425 
302 300 9 11 0.29638505 
503 688 12 16 0.2873383 
491 587 11 14 0.28468654 
175 471 8 10 0.2807337 
273 462 8 11 0.27931306 
477 643 11 14 0.27228984 
436 532 9 11 0.27036518 
721 502 9 12 0.2645254 
347 722 12 16 0.26314464 
25 486 9 11 0.26235455 
192 464 7 9 0.2602286 
198 499 9 12 0.2593924 
369 441 8 11 0.24541754 
148 639 9 12 0.24324995 
125 648 12 17 0.23862468 
191 374 8 10 0.23295175 
108 350 9 12 0.22889636 
599 324 13 15 0.22849335 
180 359 8 11 0.22694694 
185 295 9 12 0.22552274 
807 653 12 15 0.22534029 
69 480 9 11 0.22362119 
581 400 16 18 0.22072767 
311 270 8 11 0.21733716 
250 342 8 11 0.21290675 
142 361 8 10 0.21273907 
80 545 10 12 0.21146606 
159 359 11 12 0.20951134 
32 571 8 11 0.20933563 
236 509 9 13 0.2092444 
134 511 10 13 0.20710966 
408 322 11 15 0.20507185 
386 488 8 11 0.20434159 
83 748 12 15 0.20106512 
257 472 9 12 0.20104653 
522 606 10 13 0.20016089 
585 552 9 10 0.19987695 
319 310 9 12 0.19906332 
56 669 10 11 0.19768122 
349 632 13 18 0.19638282 
583 390 9 11 0.19597949 
222 470 8 10 0.1898758 
684 716 11 13 0.18951783 
193 697 9 13 0.18746583 
466 473 9 11 0.18667859 
20 233 14 20 0.18507484 
144 494 11 13 0.18426093 
711 632 13 17 0.17897925 
943 648 9 11 0.17779899 
249 723 13 17 0.17765014 
524 524 9 12 0.1774639 
341 509 8 10 0.17728744 
67 532 11 14 0.17454372 
337 340 10 12 0.17396519 
824 654 9 12 0.1739438 
628 422 10 12 0.17277129 
460 376 10 12 0.17119387 
826 697 15 18 0.16813606 
752 527 10 12 0.16778818 
586 587 12 17 0.167045 
161 493 9 12 0.16575338 
373 279 10 13 0.16373068 
342 332 9 13 0.16282779 
63 361 7 10 0.16275068 
302 514 10 15 0.16214265 
520 38 8 11 0.16211814 
903 636 8 10 0.16185261 
431 291 10 12 0.16138466 
232 685 11 15 0.15960237 
273 254 7 8 0.15774031 
393 563 10 12 0.15768407 
767 647 11 15 0.15754406 
357 536 8 11 0.15717272 
674 694 16 21 0.15635376 
762 733 11 14 0.15331207 
360 608 10 13 0.15221004 
0 504 7 12 0.1511333 
175 478 9 11 0.15007374 
239 605 9 12 0.14985281 
645 635 9 12 0.14767809 
112 375 9 12 0.14612404 
735 626 12 16 0.14598197 
206 309 8 10 0.1459412 
756 615 15 18 0.14538774 
150 343 8 10 0.14336954 
297 351 7 9 0.14320058 
325 343 8 12 0.14237478 
405 262 10 13 0.14190981 
628 611 10 14 0.14001882 
230 431 7 9 0.13980025 
340 556 9 12 0.13957572 
161 446 9 11 0.13882902 
177 363 9 12 0.13540787 
478 582 12 14 0.13497776 
278 486 9 11 0.13484755 
343 328 9 12 0.13481523 
126 733 14 19 0.13420203 
147 475 12 14 0.13413864 
318 709 10 13 0.13284986 
446 584 8 11 0.13283148 
343 296 8 10 0.13244471 
125 711 10 14 0.13191849 
599 438 9 12 0.13147965 
64 371 8 10 0.13049471 
751 610 15 17 0.12447648 
807 693 11 14 0.12359428 
88 375 9 11 0.12338484 
161 452 10 13 0.123214416 
486 579 13 17 0.12282462 
57 498 10 13 0.12266766 
223 439 8 11 0.12250689 
483 568 10 12 0.12233144 
242 495 7 10 0.122093745 
484 319 13 18 0.12173612 
435 267 12 15 0.121631816 
310 423 9 11 0.12129096 
523 519 9 12 0.12093856 
145 220 8 10 0.12020974 
632 662 10 13 0.12011859 
486 573 10 14 0.11981482 
531 340 12 17 0.11961067 
91 446 8 10 0.11875532 
113 214 7 10 0.11804371 
784 614 12 14 0.118006095 
767 711 14 19 0.117195696 
44 550 9 12 0.115755886 
445 598 10 12 0.11545478 
167 461 8 10 0.114813425 
105 518 10 13 0.11363287 
346 660 12 16 0.11359842 
231 445 9 11 0.11354944 
687 740 14 20 0.112782635 
423 659 11 14 0.11120171 
370 365 8 12 0.11064 
410 556 10 11 0.10976028 
755 591 13 16 0.10949592 
163 748 14 16 0.10947318 
79 501 9 12 0.10892167 
445 589 9 11 0.10845285 
405 332 11 15 0.10839849 
357 303 7 10 0.10688312 
675 446 11 14 0.10538396 
416 635 12 14 0.10503936 
257 295 8 11 0.10497917 
389 252 11 13 0.10471034 
433 528 10 13 0.10429254 
623 533 25 36 0.10387409 
102 711 12 17 0.10362773 
85 525 8 12 0.102118894 
924 661 9 12 0.10200932 
228 485 9 11 0.100752465 
742 616 12 15 0.100403845 
181 351 7 11 0.10024742 
746 714 14 19 0.099315695 
880 388 12 15 0.09888399 
630 518 11 15 0.09860274 
112 296 8 11 0.098226376 
620 440 10 13 0.09811932 
456 379 12 15 0.09779909 
295 312 8 11 0.09769972 
24 567 8 10 0.097372964 
277 454 8 12 0.09719167 
246 652 9 11 0.095900975 
190 581 10 13 0.09587704 
226 431 7 10 0.09548211 
707 668 12 16 0.09531144 
300 681 16 20 0.09528314 
1005 329 15 20 0.09478365 
294 316 8 11 0.094742976 
128 206 8 11 0.094654344 
234 188 9 11 0.094255276 
441 583 9 10 0.0939873 
366 738 14 17 0.09356081 
561 647 10 12 0.09255922 
855 711 10 13 0.09226115 
296 343 7 9 0.09190175 
87 311 9 11 0.09180521 
926 568 9 11 0.091197334 
238 457 9 10 0.0897779 
254 510 8 11 0.08938398 
81 471 7 10 0.088624835 
8 574 9 12 0.08861665 
344 540 9 11 0.0884365 
29 623 8 10 0.08810391 
200 672 9 11 0.08807036 
407 623 10 13 0.08800961 
110 748 13 18 0.08796974 
2 563 9 13 0.0877708 
110 356 8 10 0.087650456 
831 164 9 11 0.08758497 
597 660 12 16 0.08738852 
894 645 8 12 0.08686492 
103 573 8 9 0.08441242 
919 637 11 13 0.08434883 
73 445 7 9 0.084097706 
218 320 7 9 0.08303041 
576 577 10 15 0.08269108 
454 604 9 13 0.08266733 
757 688 14 18 0.08262016 
170 750 14 16 0.08254028 
756 625 12 16 0.08253161 
914 731 14 19 0.08199796 
93 336 8 11 0.08175122 
512 585 10 14 0.08171345 
23 480 8 11 0.08147647 
557 470 10 12 0.08140201 
195 496 8 11 0.08070167 
143 247 8 10 0.08038182 
231 438 10 13 0.08035533 
120 247 8 10 0.08022205 
125 366 8 11 0.07993053 
419 629 11 13 0.07990038 
919 653 12 14 0.07985889 
504 601 9 11 0.079421476 
254 501 9 12 0.07920882 
126 357 7 10 0.07904622 
780 713 14 18 0.078480214 
217 445 7 10 0.07833715 
336 493 8 10 0.07828138 
188 301 9 11 0.07803338 
430 415 8 10 0.077697836 
968 654 11 15 0.07753278 
101 465 8 10 0.07720935 
295 415 8 9 0.07712722 
265 381 8 10 0.077114254 
182 215 7 9 0.076891355 
300 463 8 11 0.07680472 
349 223 9 12 0.07659836 
399 642 10 14 0.07636465 
327 396 8 12 0.07585407 
525 533 9 12 0.07553588 
56 477 9 12 0.07519361 
223 478 10 12 0.07513914 
300 734 17 23 0.07484475 
128 744 16 19 0.07466278 
159 333 7 10 0.07465989 
150 348 8 9 0.07461081 
17 751 8 10 0.07460685 
518 373 10 11 0.07454491 
24 663 8 11 0.07445672 
95 295 7 10 0.07428716 
200 684 10 14 0.073874004 
754 566 10 13 0.073576555 
61 492 11 13 0.0735405 
143 729 14 18 0.073345035 
533 472 9 12 0.07276204 
159 441 8 10 0.07259817 
205 677 9 12 0.07208908 
436 554 14 17 0.07208646 
14 709 11 13 0.07205175 
437 478 8 11 0.07122087 
923 163 12 15 0.07089781 
670 453 14 18 0.07086805 
237 319 7 10 0.07052021 
66 528 9 11 0.070460185 
755 603 16 19 0.07016785 
93 748 12 15 0.07008262 
464 743 10 11 0.07005615 
714 748 12 13 0.06993989 
206 687 11 14 0.069877476 
334 535 8 12 0.069711134 
54 181 9 10 0.06956739 
15 589 10 12 0.068973735 
286 295 7 10 0.06895376 
605 663 12 14 0.06892013 
232 455 8 10 0.068783164 
257 301 8 10 0.06845622 
111 447 9 11 0.06829215 
319 305 7 9 0.06825766 
200 676 10 14 0.06815099 
89 496 10 12 0.06811856 
61 718 9 12 0.06768624 
463 322 11 13 0.06756558 
409 575 9 10 0.06722422 
422 427 12 14 0.066602714 
503 427 10 13 0.06659392 
461 543 12 14 0.06635118 
636 674 14 20 0.06608904 
403 338 12 16 0.065452896 
178 215 7 10 0.06519912 
353 535 8 11 0.06519642 
125 351 10 11 0.064899616 
29 492 9 12 0.06463003 
90 722 14 17 0.06459019 
302 351 6 9 0.06438395 
532 740 12 15 0.06433868 
363 646 12 14 0.06431722 
269 428 9 11 0.06427811 
199 694 9 13 0.06423833 
613 500 11 13 0.06423421 
296 430 8 10 0.064112626 
897 638 9 11 0.06384854 
265 423 9 12 0.0637626 
22 742 10 12 0.06374452 
41 544 8 11 0.06372601 
526 546 14 17 0.06330572 
78 478 9 12 0.06318966 
125 335 10 13 0.06300191 
487 596 10 12 0.062953785 
371 725 15 18 0.06290579 
288 388 9 11 0.062868044 
229 471 8 10 0.06280801 
486 626 11 14 0.06272318 
201 365 9 10 0.06271117 
158 651 10 14 0.062691405 
173 399 10 12 0.062539235 
90 709 14 18 0.062515475 
713 740 14 15 0.062298108 
230 679 9 12 0.062295794 
272 686 10 12 0.06217515 
543 419 12 16 0.0620645 
658 638 8 11 0.06195439 
160 215 8 10 0.061950978 
838 161 8 10 0.061939873 
130 185 7 9 0.061906215 
417 424 10 13 0.061458383 
304 410 7 9 0.061200403 
181 640 10 11 0.06116699 
527 450 9 12 0.061118346 
321 346 9 12 0.06090489 
0 190 9 13 0.060749914 
96 463 9 10 0.060581215 
15 543 9 12 0.06045126 
115 744 15 19 0.06033322 
822 647 9 13 0.060270656 
248 423 8 10 0.060186382 
56 717 11 14 0.060000148 
582 580 12 17 0.059954662 
838 670 11 14 0.05982682 
222 326 7 10 0.059682067 
113 233 9 11 0.059638176 
335 488 9 10 0.059502836 
182 415 9 12 0.059426483 
431 102 8 12 0.05937121 
301 643 9 13 0.05933807 
338 518 9 12 0.059276156 
335 540 8 12 0.05906657 
133 686 13 17 0.059054393 
46 204 13 15 0.058952503 
114 471 9 11 0.058783162 
162 384 8 10 0.058708373 
237 439 9 11 0.058649957 
748 634 12 14 0.058638193 
848 727 11 14 0.058588173 
233 311 7 10 0.058543965 
144 641 12 15 0.05850105 
25 623 8 12 0.058402114 
0 516 9 12 0.058295745 
729 628 12 15 0.058181897 
486 312 12 15 0.058141667 
461 605 9 11 0.05804854 
218 440 7 10 0.058018878 
660 572 15 18 0.057991292 
184 326 7 9 0.057947088 
7 591 9 12 0.057767536 
521 530 10 13 0.057737123 
750 629 12 15 0.057716597 
111 328 7 8 0.05750806 
583 445 10 13 0.05744672 
224 312 7 9 0.05713872 
517 588 9 11 0.056954727 
350 496 7 9 0.056696296 
89 455 8 11 0.056692146 
146 240 8 9 0.0566816 
694 695 12 15 0.056656323 
554 439 15 18 0.056586634 
343 494 7 10 0.05655444 
236 184 9 11 0.05651145 
947 714 17 20 0.056416266 
216 327 8 9 0.05637415 
128 200 7 10 0.05623802 
343 627 14 19 0.05622202 
87 742 12 16 0.05620267 
959 662 10 13 0.055669952 
486 614 10 13 0.05562901 
488 350 7 10 0.055522017 
144 485 12 14 0.055185907 
364 727 21 26 0.05508004 
302 533 8 11 0.05504798 
214 717 11 14 0.054966755 
144 375 10 12 0.05491333 
665 447 23 31 0.05472926 
576 398 12 16 0.054686327 
553 504 9 11 0.054666433 
84 713 18 22 0.054576717 
312 275 8 11 0.054390736 
111 487 8 10 0.05436571 
222 319 7 9 0.05429808 
89 336 9 11 0.05422902 
200 345 7 10 0.05421162 
294 422 9 11 0.054167107 
0 469 7 12 0.054114606 
121 198 8 10 0.05388774 
958 744 14 18 0.05364967 
76 392 8 10 0.05323976 
70 232 11 14 0.053214204 
353 301 8 12 0.05299948 
794 750 15 16 0.052930012 
280 432 8 11 0.052886084 
256 310 7 9 0.052885316 
9 683 13 16 0.05282471 
191 647 9 11 0.052713733 
589 656 13 18 0.05267251 
773 604 10 13 0.052557897 
409 606 10 13 0.05244812 
13 573 8 10 0.052261055 
565 589 10 14 0.052238315 
206 304 9 11 0.05219622 
166 384 8 9 0.052172936 
257 526 9 11 0.052138016 
912 651 11 14 0.052136164 
480 601 9 12 0.05211132 
623 414 9 13 0.05207565 
295 408 7 9 0.051817533 
365 607 9 12 0.051690865 
692 620 13 18 0.051473822 
524 38 10 11 0.051311582 
175 639 11 13 0.051275454 
813 636 10 13 0.051213585 
150 221 8 10 0.051178373 
161 238 9 11 0.05106625 
519 559 13 17 0.050994363 
130 645 12 16 0.05098747 
333 612 10 12 0.050911378 
621 653 10 13 0.050755333 
235 687 13 18 0.05074649 
33 454 9 11 0.050402477 
23 473 9 11 0.05036931 
161 459 10 12 0.05030894 
583 409 14 17 0.049765497 
131 541 12 16 0.04967679 
56 473 8 10 0.049646247 
0 704 7 12 0.04958549 
518 581 9 13 0.04954984 
257 462 9 11 0.0495245 
84 694 13 15 0.049379647 
191 586 11 15 0.049347267 
3 246 11 14 0.049300905 
474 606 10 12 0.049106814 
242 653 9 11 0.048888236 
119 486 10 11 0.04882425 
478 739 13 15 0.048822053 
23 372 9 12 0.048773523 
388 534 10 12 0.048649248 
436 291 10 12 0.048509207 
443 554 10 15 0.048435044 
422 548 10 13 0.048433073 
344 622 11 14 0.0484091 
344 614 10 11 0.048279252 
337 502 8 12 0.048102062 
249 272 7 9 0.048095297 
150 591 11 13 0.04809173 
719 662 13 17 0.048078172 
479 550 10 13 0.047985207 
305 422 9 12 0.04798149 
240 295 7 10 0.047949202 
344 227 10 12 0.047838677 
525 610 9 12 0.047754254 
313 469 7 10 0.04769524 
154 728 15 18 0.047637194 
484 581 20 25 0.047591932 
135 231 8 10 0.047576725 
138 249 8 10 0.0475702 
238 501 10 14 0.047499344 
1012 179 10 14 0.047434155 
727 648 10 12 0.04733851 
955 670 16 20 0.047267243 
360 344 8 11 0.04721492 
89 304 7 9 0.047201138 
520 369 11 12 0.046758827 
349 600 10 13 0.046583686 
168 502 9 12 0.046435148 
717 522 15 19 0.046389617 
938 654 20 24 0.04637667 
342 597 10 12 0.04634022 
235 515 11 15 0.046308007 
386 375 7 10 0.04614149 
451 348 11 14 0.04609576 
261 296 7 10 0.046058573 
414 553 10 11 0.04603562 
88 460 8 11 0.045982037 
337 327 8 12 0.045970704 
416 80 8 10 0.045953352 
134 185 8 9 0.045935847 
111 639 9 11 0.045934916 
184 190 7 9 0.04590987 
290 421 8 10 0.0458986 
301 469 9 10 0.045896586 
327 659 13 16 0.04570081 
104 343 9 11 0.045696005 
597 635 10 12 0.04556381 
120 254 8 10 0.045416206 
625 520 22 31 0.045217447 
329 288 6 9 0.045154575 
96 252 9 11 0.04507834 
754 531 12 14 0.045073587 
70 716 9 13 0.04501435 
150 239 8 10 0.044996385 
159 222 7 9 0.044991355 
360 237 7 10 0.044950496 
702 583 10 13 0.044822607 
702 635 13 19 0.044748843 
224 305 8 9 0.044597108 
13 492 10 12 0.044588108 
430 751 11 12 0.04455974 
200 334 8 9 0.04453709 
70 174 9 11 0.044524204 
250 278 7 10 0.044335287 
381 30 9 11 0.04432325 
408 454 11 13 0.044246364 
175 557 12 15 0.044220023 
639 484 10 14 0.044195447 
494 693 11 14 0.044193912 
749 581 11 14 0.044080194 
214 453 9 12 0.04406013 
65 175 9 11 0.044041775 
169 478 9 12 0.0440385 
529 54 9 11 0.044025965 
119 479 9 10 0.043969944 
208 349 7 10 0.04393274 
281 265 6 9 0.043850124 
43 236 14 17 0.04380301 
732 533 10 12 0.04373524 
260 475 9 12 0.043697298 
694 555 13 16 0.04368506 
143 198 8 10 0.04361239 
672 700 21 27 0.04360386 
580 638 13 17 0.043589883 
789 630 14 17 0.043522887 
553 643 23 28 0.04350516 
623 604 14 18 0.043496795 
351 604 10 14 0.043364376 
121 367 9 11 0.0432028 
664 707 25 31 0.043168884 
30 711 8 11 0.04312898 
202 304 7 10 0.043122124 
25 183 9 12 0.043111324 
337 552 9 13 0.043058064 
910 401 17 19 0.043032862 
297 286 7 9 0.043027952 
181 558 10 13 0.04297763 
46 554 9 12 0.04291975 
281 303 8 9 0.042903066 
37 502 9 11 0.042724013 
39 525 9 12 0.042632096 
298 295 8 11 0.042547945 
158 328 7 10 0.042440537 
843 669 12 14 0.042348407 
193 369 7 10 0.04228806 
166 237 9 12 0.042225264 
15 568 9 11 0.042160664 
145 349 8 10 0.04214841 
392 -66 430 486 0.04212198 
392 366 8 11 0.042031925 
152 335 8 11 0.042005226 
205 360 8 11 0.041996676 
7 579 8 12 0.041980624 
308 678 14 19 0.041908193 
80 732 10 14 0.04190136 
118 215 7 10 0.041837476 
166 388 8 9 0.041764956 
284 286 9 11 0.041760974 
382 514 14 18 0.041741863 
0 276 11 18 0.041724756 
763 721 15 18 0.041642033 
103 558 10 12 0.041634955 
405 638 10 13 0.041539747 
94 311 8 10 0.04148314 
233 625 9 12 0.04138119 
323 699 12 16 0.04125367 
191 240 8 10 0.041198988 
702 619 11 16 0.041177396 
165 487 9 12 0.041085187 
233 366 9 10 0.041037347 
145 422 9 11 0.041026287 
442 714 15 20 0.04098722 
499 751 15 15 0.040946417 
174 255 8 10 0.040934432 
452 285 13 16 0.04089892 
104 513 9 11 0.040787492 
255 397 9 11 0.040640716 
853 724 10 13 0.0406136 
612 148 15 20 0.040594973 
1008 181 10 13 0.040550526 
901 671 12 14 0.040535897 
101 750 13 17 0.040497974 
253 336 8 10 0.04048232 
216 190 7 9 0.040414024 
104 673 12 15 0.040390406 
958 733 13 16 0.040373724 
312 463 8 11 0.040351164 
808 751 12 14 0.040296085 
523 553 15 20 0.04024389 
233 382 10 12 0.04024231 
347 333 9 11 0.040241662 
909 163 10 12 0.040217616 
304 414 8 10 0.040174786 
897 632 9 11 0.040158276 
118 735 19 26 0.040108338 
297 355 8 11 0.040080808 
484 605 10 12 0.040049195 
229 478 9 12 0.040039577 
249 510 9 13 0.039990276 
917 643 12 15 0.03998197 
270 541 9 12 0.039921373 
295 324 8 11 0.039857168 
351 612 9 13 0.039797775 
701 547 15 20 0.039712846 
293 383 8 11 0.039594937 
144 472 11 13 0.039589122 
479 556 11 13 0.03954865 
582 418 15 20 0.039535973 
103 248 7 11 0.039367553 
302 309 8 11 0.039357446 
86 729 13 16 0.039318066 
366 628 12 16 0.0393133 
848 716 11 13 0.0392586 
164 532 11 15 0.039203398 
553 489 8 11 0.039144956 
170 375 7 9 0.039093874 
652 590 12 16 0.03908057 
69 180 9 11 0.039049044 
430 596 9 12 0.039036203 
537 642 12 19 0.039001867 
217 475 9 12 0.03899778 
715 733 13 16 0.03894274 
432 275 11 13 0.038824752 
376 608 9 11 0.038822543 
150 216 8 10 0.03878022 
89 296 8 10 0.03875077 
21 543 9 12 0.038718335 
431 580 9 10 0.038675994 
201 319 7 9 0.038653597 
44 738 11 14 0.038581092 
776 749 12 14 0.038556967 
634 545 13 17 0.038463883 
97 568 8 10 0.038408685 
290 415 8 11 0.03840386 
600 503 9 11 0.03839536 
423 624 9 12 0.038348995 
133 206 8 10 0.03828215 
254 496 9 11 0.0382243 
641 134 7 10 0.038164876 
916 630 21 25 0.038108457 
154 718 13 16 0.0380736 
885 654 12 14 0.038072623 
340 239 10 12 0.03805207 
319 689 13 18 0.038035206 
285 578 12 16 0.038002145 
652 410 50 69 0.037888255 
224 465 8 10 0.03781931 
825 684 11 13 0.03774972 
310 511 10 13 0.03770731 
476 617 13 17 0.0376741 
160 209 8 10 0.037538953 
4 658 12 15 0.037525777 
441 597 10 12 0.037501447 
246 573 9 14 0.037458085 
78 741 12 16 0.037444685 
582 486 8 10 0.037364207 
158 677 10 13 0.03727754 
706 675 12 15 0.037255105 
160 255 7 9 0.03723979 
286 302 8 10 0.03723794 
254 573 14 18 0.03717749 
144 429 8 11 0.037142325 
105 368 8 10 0.037123725 
615 452 12 16 0.037069008 
85 582 9 12 0.037038956 
186 374 8 11 0.037033122 
48 707 9 12 0.036980025 
119 684 12 16 0.036942706 
48 471 8 10 0.036889207 
217 335 7 9 0.036886565 
824 160 9 11 0.03686338 
349 384 7 9 0.036836192 
783 734 11 13 0.036829446 
190 652 10 12 0.036806505 
474 583 10 14 0.036757383 
154 327 8 10 0.036725193 
70 538 12 15 0.03667067 
558 488 8 10 0.03665914 
943 691 11 15 0.036614038 
329 612 9 12 0.03661049 
200 328 8 10 0.03660764 
837 684 10 13 0.03646015 
81 583 9 12 0.03632031 
207 486 8 11 0.036265805 
989 732 12 15 0.036222022 
77 168 9 10 0.03620155 
138 367 9 10 0.036189158 
285 366 9 11 0.03618195 
693 602 12 16 0.03613724 
145 463 8 10 0.0361336 
339 596 9 12 0.03608026 
371 705 22 27 0.036059212 
566 594 14 18 0.036039762 
145 414 9 11 0.035960484 
287 454 10 14 0.035960056 
278 481 10 11 0.035947975 
97 279 8 10 0.035909478 
232 397 10 11 0.035894703 
59 664 11 12 0.035884 
232 522 12 16 0.035871144 
110 523 11 15 0.035849337 
643 668 13 17 0.035829198 
234 359 8 10 0.035745136 
1 230 9 14 0.035733175 
608 126 8 10 0.035712346 
514 376 9 11 0.035653926 
185 209 6 8 0.035488978 
70 461 8 10 0.03548777 
911 637 10 12 0.035481058 
474 612 11 15 0.035479657 
912 645 12 14 0.035460036 
433 492 10 13 0.035451617 
47 512 9 11 0.035445683 
36 653 11 13 0.035433628 
106 381 8 11 0.03542439 
239 572 11 14 0.035414785 
899 598 17 22 0.035383675 
147 381 10 13 0.035350285 
289 406 8 11 0.035320006 
222 350 7 9 0.035312857 
175 465 7 10 0.03531203 
95 398 7 10 0.035149597 
15 487 9 11 0.035143286 
94 360 8 10 0.035057276 
237 627 9 13 0.03504721 
230 549 9 12 0.035009757 
428 652 10 14 0.034889013 
183 644 9 11 0.034859397 
142 398 7 9 0.03485552 
436 539 11 13 0.034828138 
763 618 11 14 0.034704484 
230 425 8 10 0.034677997 
24 571 10 11 0.034673903 
185 321 8 10 0.034662902 
52 206 11 12 0.034656975 
38 462 8 10 0.034638353 
113 221 8 10 0.034606062 
946 653 12 16 0.034596544 
308 743 15 20 0.034554165 
182 654 11 12 0.03453325 
120 222 8 10 0.034519244 
296 279 8 10 0.034512307 
116 375 9 11 0.03450321 
415 642 13 16 0.034404337 
20 725 11 14 0.034399584 
143 271 9 10 0.03438815 
272 535 9 11 0.03437787 
254 516 9 12 0.034362767 
377 31 9 11 0.03431406 
238 324 7 10 0.034309678 
392 360 7 11 0.034306977 
232 388 11 13 0.0343015 
79 724 11 15 0.03424631 
247 658 11 15 0.0341913 
988 707 13 17 0.034157522 
92 699 13 16 0.034151364 
390 272 8 11 0.034112368 
196 589 11 13 0.03410347 
916 586 17 22 0.033981077 
68 374 9 10 0.033969197 
363 130 23 30 0.03394219 
199 558 9 11 0.033927627 
695 614 20 27 0.033912357 
168 686 10 13 0.03373911 
921 160 9 12 0.03368245 
838 694 11 14 0.033611625 
350 296 8 10 0.033455685 
104 271 8 10 0.03340478 
176 550 10 12 0.033403702 
238 414 10 10 0.033336516 
208 345 7 9 0.033304647 
669 645 12 16 0.033216722 
470 741 11 13 0.033212665 
112 209 8 10 0.033168923 
174 373 8 10 0.03314994 
708 621 11 14 0.03314762 
510 650 10 14 0.03310618 
39 614 9 13 0.033098076 
216 343 8 9 0.033096336 
463 334 12 15 0.033086628 
581 572 12 16 0.033079803 
304 334 7 9 0.033070706 
544 366 8 12 0.033041228 
78 174 8 10 0.03296036 
545 492 8 10 0.032928195 
207 253 7 10 0.032923717 
527 346 12 15 0.032891423 
314 683 14 19 0.032869708 
862 718 9 12 0.032861333 
892 651 10 14 0.03282604 
101 568 9 11 0.032759946 
349 341 9 11 0.032713518 
128 190 8 9 0.032706186 
109 559 10 12 0.032705847 
225 426 8 9 0.032687657 
633 377 27 38 0.0326247 
109 334 8 10 0.03261453 
369 714 12 16 0.032611683 
5 230 9 11 0.032601893 
839 751 14 15 0.032589763 
216 350 7 10 0.032574583 
278 468 9 11 0.032562878 
808 731 11 13 0.032554578 
505 109 8 10 0.032525387 
769 661 10 14 0.032521203 
392 677 11 13 0.03251801 
925 689 15 20 0.032496545 
60 723 10 12 0.03248442 
297 639 10 13 0.03247292 
33 392 8 10 0.03247128 
279 406 8 10 0.032435864 
342 524 9 12 0.032435555 
492 462 11 15 0.032434672 
142 446 7 10 0.032367844 
703 534 10 12 0.03235317 
104 238 8 10 0.032316282 
439 561 12 16 0.032268472 
877 174 11 14 0.03224821 
9 596 10 12 0.03222859 
41 591 10 13 0.032222297 
372 373 8 11 0.03221828 
281 436 8 11 0.032178823 
103 279 7 9 0.032107644 
682 692 14 19 0.032038987 
352 540 8 11 0.032034602 
247 488 7 9 0.032026228 
117 232 8 10 0.031981744 
96 287 8 10 0.031979587 
185 700 10 12 0.031970605 
991 175 8 10 0.031871594 
185 382 7 10 0.031854473 
192 509 10 13 0.031851977 
413 620 11 15 0.03178991 
183 334 7 10 0.031747926 
126 223 8 9 0.031733844 
249 295 8 10 0.031699795 
86 191 9 11 0.03169621 
368 380 8 10 0.03165752 
634 522 14 18 0.03164145 
437 484 10 13 0.031567853 
743 603 11 15 0.03155536 
963 651 20 28 0.03151092 
254 347 8 11 0.031468004 
740 632 14 17 0.031392638 
487 104 7 9 0.03134785 
740 597 12 16 0.03129305 
413 448 10 12 0.031262044 
356 628 12 17 0.031242179 
137 253 8 10 0.03124125 
277 255 6 8 0.031239985 
391 372 7 11 0.031201642 
925 644 11 14 0.0310514 
708 660 13 18 0.031029986 
676 710 22 25 0.030988516 
150 677 12 15 0.030979006 
678 733 12 16 0.030937111 
237 312 8 10 0.030924695 
110 644 10 12 0.030886402 
254 287 7 9 0.030870104 
569 476 8 10 0.030844944 
310 595 13 16 0.030804439 
317 539 9 12 0.030670328 
246 580 10 13 0.030657988 
793 95 8 10 0.030618707 
448 286 10 13 0.030604472 
94 692 12 16 0.030592471 
846 661 11 13 0.030591007 
776 677 9 12 0.030535335 
595 324 11 14 0.030533724 
224 684 10 14 0.030532392 
295 533 10 13 0.030477699 
383 277 9 13 0.030474992 
29 604 10 12 0.030458484 
190 320 7 9 0.030448109 
290 311 8 10 0.03037991 
141 480 20 25 0.030376012 
5 517 9 11 0.030353727 
750 700 11 14 0.03028057 
215 303 8 10 0.030279135 
160 231 8 10 0.030260451 
256 455 10 13 0.030226732 
822 743 12 14 0.030217843 
585 501 10 13 0.03021044 
342 349 9 10 0.030206386 
599 496 10 11 0.030180292 
32 747 10 13 0.03017611 
33 459 10 13 0.030152123 
931 635 12 15 0.030112296 
125 247 8 9 0.030102592 
587 424 13 16 0.030095382 
627 210 13 15 0.0300945 
636 555 11 15 0.030089997 
1 590 9 12 0.03005649 
185 246 8 10 0.03001966 
312 541 10 11 0.029990848 
414 630 18 24 0.029968314 
326 358 8 10 0.029934011 
984 735 23 27 0.02990705 
302 477 9 10 0.02989231 
191 207 7 9 0.029860064 
772 629 11 14 0.029842505 
15 150 7 9 0.029837286 
271 639 10 12 0.029797759 
772 636 12 15 0.029777355 
693 732 12 18 0.029763 
327 293 7 9 0.029740872 
128 383 8 11 0.029732192 
263 462 8 10 0.029732144 
492 612 11 14 0.029717192 
330 540 8 12 0.029700521 
598 584 12 18 0.02969475 
474 639 19 24 0.029667793 
136 430 8 10 0.02966675 
32 655 10 12 0.02964657 
638 623 11 14 0.029576883 
254 701 9 12 0.029571677 
297 511 11 15 0.029571561 
384 533 9 12 0.02953259 
457 546 13 16 0.02951516 
117 238 9 12 0.029500222 
630 512 10 13 0.02947819 
343 564 10 13 0.029464465 
200 488 8 10 0.029405555 
32 728 10 13 0.02940493 
535 533 10 13 0.029389706 
135 485 9 12 0.029385237 
144 231 8 9 0.029384993 
771 644 13 17 0.029382713 
149 632 11 13 0.02935946 
545 373 9 11 0.029344097 
757 714 13 17 0.029338198 
430 605 9 13 0.029289486 
533 79 11 12 0.029281693 
462 491 12 17 0.02926863 
252 655 9 11 0.029268514 
124 636 12 17 0.029248735 
70 415 7 9 0.029235482 
121 207 7 10 0.02923453 
510 412 9 12 0.029208982 
862 723 10 13 0.029199302 
248 711 11 13 0.029192602 
102 312 8 10 0.029156715 
491 576 11 13 0.02906462 
421 666 12 15 0.029048014 
198 223 7 10 0.029024957 
32 616 9 12 0.02899416 
392 384 9 11 0.028952302 
397 254 11 14 0.02894808 
454 343 10 14 0.028931694 
803 620 13 15 0.028909076 
880 632 9 11 0.028903708 
565 582 11 14 0.028900562 
692 636 15 18 0.028845755 
505 576 10 14 0.028832989 
127 501 10 12 0.028796334 
99 691 12 16 0.02878752 
14 669 10 12 0.028770713 
206 319 8 9 0.028770484 
509 603 10 14 0.028760104 
372 245 10 11 0.02874955 
921 623 10 13 0.028745621 
179 479 9 12 0.02872387 
57 484 10 13 0.028712649 
167 208 7 10 0.028703516 
119 492 11 14 0.028649205 
303 328 8 10 0.028643435 
327 643 12 14 0.02863826 
501 609 12 15 0.028617071 
73 749 10 14 0.02859117 
336 523 9 13 0.028587619 
239 566 10 13 0.028564502 
623 597 11 14 0.0285482 
828 750 10 13 0.02854076 
693 726 10 14 0.028518816 
65 165 9 11 0.028517151 
128 213 8 10 0.028493216 
86 230 8 11 0.028478345 
95 654 11 14 0.028445559 
87 428 8 10 0.028385134 
116 689 15 19 0.028379442 
895 622 10 12 0.028345946 
829 743 10 12 0.028322183 
54 709 11 15 0.028273506 
525 577 12 15 0.028238004 
551 385 11 15 0.028197221 
53 189 10 12 0.028192567 
628 199 13 17 0.028192323 
885 684 10 14 0.028176619 
46 722 11 14 0.028122984 
89 441 8 11 0.028088994 
984 706 25 32 0.02807073 
134 199 8 10 0.028051531 
185 579 10 13 0.028029038 
386 541 9 11 0.028026056 
460 477 21 29 0.028024165 
533 637 23 30 0.028005276 
232 336 8 9 0.027977662 
645 347 11 14 0.02797644 
260 547 13 15 0.027961455 
947 684 13 18 0.0279262 
119 262 8 10 0.027922776 
166 506 12 15 0.027920147 
231 305 7 8 0.027912747 
286 437 8 10 0.027873803 
258 532 9 11 0.02785503 
318 429 8 10 0.02784969 
231 503 18 24 0.027772361 
21 221 14 17 0.027763814 
165 677 10 13 0.0277553 
615 345 10 13 0.027740471 
312 535 9 11 0.02770666 
246 462 10 12 0.027665017 
1 581 9 13 0.02766294 
387 508 12 16 0.027657757 
387 522 12 16 0.02763196 
636 204 12 13 0.027588353 
877 537 9 11 0.02756645 
614 325 8 12 0.027517421 
198 382 8 10 0.027488837 
160 270 8 10 0.027462272 
110 368 9 11 0.02741802 
441 603 17 21 0.027392212 
160 352 7 9 0.027381733 
709 651 12 15 0.027378168 
239 540 10 14 0.02730967 
27 221 11 14 0.027302042 
780 677 10 12 0.027296469 
1 195 10 14 0.027289309 
193 629 9 11 0.027260138 
167 215 7 9 0.027251057 
726 530 13 16 0.027243733 
567 504 11 12 0.027240861 
495 414 9 12 0.027209379 
253 279 8 10 0.027205346 
145 262 8 10 0.027182385 
40 519 8 12 0.027127597 
530 164 9 11 0.027025696 
106 708 13 18 0.027015671 
430 314 13 15 0.02700164 
764 603 13 16 0.026995089 
543 488 8 11 0.026994606 
820 505 28 37 0.026968865 
174 667 14 16 0.026966726 
937 653 12 16 0.026919989 
508 525 12 15 0.026909152 
29 187 9 11 0.026904132 
45 545 10 12 0.02690384 
782 740 11 13 0.026903326 
86 520 9 12 0.026880292 
339 295 8 10 0.02687743 
373 260 10 12 0.026840629 
121 192 7 9 0.026801942 
106 374 9 11 0.026800854 
281 281 8 10 0.026799902 
668 719 15 18 0.026779521 
9 707 10 14 0.026759334 
520 600 10 14 0.026744323 
884 613 9 12 0.026673086 
232 375 9 11 0.026663259 
430 406 10 14 0.026660778 
766 700 13 17 0.026659893 
264 279 7 10 0.026604397 
328 638 10 13 0.026599085 
296 436 8 10 0.026582427 
805 599 14 19 0.026487751 
357 308 9 10 0.026443105 
248 428 8 10 0.026435018 
276 575 19 24 0.026420122 
702 653 11 15 0.026372539 
695 653 12 15 0.026347982 
751 741 11 15 0.026345726 
278 564 10 14 0.026315782 
635 530 14 18 0.026296526 
724 725 11 14 0.026281433 
93 302 8 10 0.026267618 
88 494 19 24 0.02626629 
124 703 20 24 0.026224537 
311 328 8 9 0.026223417 
208 453 9 11 0.026208388 
677 437 12 14 0.0262082 
576 642 11 16 0.026206618 
207 556 12 16 0.026197175 
772 717 14 19 0.02618983 
1008 175 11 14 0.026165275 
9 534 9 11 0.026126375 
413 341 11 16 0.02611801 
115 718 21 29 0.026111895 
560 580 11 13 0.026079731 
509 710 32 36 0.02597582 
600 508 10 12 0.02597165 
9 487 9 11 0.02595414 
158 638 9 12 0.025950545 
958 689 13 16 0.025949966 
72 723 10 13 0.025941338 
889 646 10 13 0.025935028 
325 316 9 11 0.025905171 
433 471 9 12 0.025897719 
468 323 11 15 0.025890367 
104 295 8 10 0.025885882 
948 661 19 26 0.025883302 
798 660 13 16 0.025874944 
150 388 9 11 0.02586322 
80 496 8 10 0.025862867 
581 648 22 29 0.025849601 
314 310 9 11 0.02582289 
546 672 26 30 0.025817124 
932 690 15 21 0.025816021 
903 180 9 13 0.025803976 
206 461 9 12 0.025768194 
61 565 9 11 0.025735883 
422 543 10 12 0.025704728 
271 527 8 10 0.0257033 
645 436 41 55 0.025680058 
750 537 16 20 0.025675477 
515 38 8 11 0.025663953 
180 483 10 13 0.025646944 
396 276 10 13 0.025635978 
296 606 8 9 0.025623878 
102 158 9 10 0.025617562 
887 632 8 10 0.025598358 
281 269 7 8 0.025597543 
290 317 8 11 0.025588594 
302 524 10 14 0.025568563 
527 679 9 12 0.025555963 
219 691 13 16 0.025536453 
182 221 7 10 0.025530858 
23 639 11 13 0.025492366 
397 524 12 16 0.025474098 
654 667 11 14 0.025458865 
185 718 15 18 0.025438193 
385 271 10 13 0.025430607 
496 606 9 12 0.025423417 
148 556 13 16 0.025404347 
65 160 8 11 0.025386456 
231 406 11 13 0.025378784 
111 739 13 18 0.025364162 
839 662 11 14 0.025361527 
78 235 10 12 0.025339942 
150 245 8 10 0.0253219 
197 390 9 11 0.025314676 
590 577 22 29 0.025312904 
462 553 11 13 0.025276095 
215 495 8 10 0.02526474 
365 349 9 11 0.025262684 
40 532 8 11 0.025257802 
272 303 7 10 0.0252548 
193 349 8 11 0.025201652 
198 515 10 12 0.025158977 
159 539 12 15 0.025153728 
31 715 8 12 0.025088055 
296 600 7 10 0.025079526 
411 284 13 15 0.025077976 
806 626 13 16 0.025053808 
70 166 10 12 0.025015658 
115 674 14 18 0.025012238 
588 444 10 14 0.024995888 
24 692 10 14 0.024989381 
335 287 7 9 0.024984764 
349 422 8 11 0.024933815 
397 247 8 11 0.02492466 
81 182 8 10 0.024921522 
197 507 11 14 0.024917083 
249 469 9 12 0.02491317 
812 727 11 13 0.024908094 
206 374 9 10 0.024902811 
45 607 11 13 0.024900986 
691 40 230 282 0.024899261 
79 454 8 11 0.024879934 
493 566 10 12 0.024835298 
174 492 10 12 0.024817696 
852 661 10 13 0.024813242 
336 222 9 11 0.024810975 
14 510 10 12 0.024799522 
570 644 24 33 0.024799267 
77 447 7 9 0.024783174 
625 572 10 13 0.024762321 
859 750 14 16 0.024761062 
687 557 12 16 0.024759272 
104 328 8 9 0.02474664 
739 577 14 18 0.024736466 
846 655 11 13 0.024728294 
563 654 14 21 0.024727814 
302 287 7 10 0.024727372 
24 238 16 20 0.024701193 
190 639 10 12 0.02469698 
308 148 9 11 0.024688918 
634 479 9 14 0.02464741 
782 607 11 14 0.024600586 
70 519 10 11 0.024597999 
301 114 42 49 0.02455763 
70 189 8 11 0.024556028 
144 388 8 12 0.024537612 
96 328 7 9 0.02452594 
357 219 10 13 0.024513448 
368 692 24 30 0.024512626 
287 431 8 11 0.024502628 
411 697 13 17 0.024501786 
399 365 9 12 0.024474116 
233 504 10 13 0.024420457 
190 309 8 10 0.02440997 
254 422 8 10 0.024407009 
1006 692 12 16 0.024405578 
360 323 9 12 0.024373129 
489 321 14 18 0.024366613 
113 501 8 11 0.024353405 
249 318 8 11 0.02434874 
923 623 21 26 0.024329137 
135 214 9 11 0.024312155 
380 739 12 17 0.024306763 
113 182 8 10 0.024277508 
252 646 9 12 0.024246914 
480 351 8 11 0.024229776 
651 748 14 18 0.02422706 
374 360 9 12 0.02422414 
4 280 12 17 0.024208527 
112 255 7 9 0.024159111 
925 668 11 13 0.024147445 
47 751 10 12 0.024124457 
750 137 8 11 0.02410884 
161 264 8 10 0.024091866 
428 622 10 12 0.024090443 
387 121 14 16 0.024053935 
637 445 10 15 0.023992773 
102 205 8 10 0.023989463 
352 527 7 10 0.023971707 
94 215 7 10 0.023943618 
77 507 10 12 0.023938444 
392 659 13 17 0.023930628 
814 645 10 13 0.02390335 
17 240 11 16 0.023902854 
335 481 7 9 0.023865785 
241 302 8 10 0.023847125 
137 445 8 10 0.02383876 
807 167 8 9 0.023816431 
378 610 12 15 0.023776697 
622 666 11 14 0.02377486 
132 535 10 12 0.023740776 
681 157 9 12 0.023726933 
467 540 11 13 0.023726365 
152 207 7 10 0.023707192 
113 245 8 11 0.02370464 
138 373 8 10 0.023698969 
521 730 29 31 0.023686184 
483 554 12 15 0.023669144 
78 531 10 14 0.023663877 
672 406 25 36 0.023641748 
185 239 8 10 0.023618115 
617 407 10 13 0.023601843 
588 220 10 12 0.023565626 
176 208 7 9 0.023558777 
827 677 11 15 0.023538426 
916 645 21 26 0.023501156 
626 681 27 37 0.023500614 
246 494 8 11 0.023495521 
483 104 7 9 0.023490429 
208 327 7 10 0.02345427 
998 183 11 14 0.023433393 
820 648 19 26 0.02340589 
130 509 10 12 0.023385696 
677 601 13 18 0.02338517 
310 265 10 13 0.02337746 
36 572 9 13 0.023362147 
627 655 11 14 0.023351522 
1002 617 16 19 0.023349846 
0 166 7 10 0.023328315 
142 659 11 14 0.023319699 
82 716 12 15 0.023310393 
32 500 9 12 0.02330201 
764 748 12 15 0.02327788 
312 441 9 11 0.023255378 
222 541 11 15 0.023246452 
73 548 11 14 0.023244275 
36 727 12 16 0.023234794 
22 175 8 10 0.023214376 
272 574 10 14 0.02318043 
515 378 12 16 0.02316502 
224 548 10 14 0.023164324 
47 211 11 14 0.023134029 
112 493 9 13 0.02312955 
174 247 8 11 0.023116231 
897 675 11 14 0.023091435 
362 445 10 12 0.023087185 
661 715 16 20 0.02308564 
106 447 9 11 0.023069428 
265 700 13 15 0.023066396 
225 375 8 11 0.023061886 
370 283 11 13 0.023040101 
74 396 8 10 0.023017297 
271 564 11 14 0.02300608 
558 504 8 11 0.022993637 
86 531 9 12 0.022981191 
630 468 10 12 0.022969598 
173 277 9 11 0.022963421 
567 486 8 10 0.022954293 
80 697 13 17 0.022912055 
588 643 12 16 0.022900226 
100 684 13 16 0.02286494 
19 710 12 13 0.022864204 
681 596 22 30 0.02285664 
130 722 21 26 0.022848977 
167 638 10 13 0.022827769 
801 168 8 10 0.022822183 
292 388 10 11 0.022777714 
486 31 8 11 0.02276651 
282 293 8 10 0.022761775 
137 223 8 9 0.022744996 
284 573 21 27 0.022734592 
368 359 9 13 0.022731587 
111 288 7 9 0.022712862 
237 359 9 10 0.022709688 
378 515 11 16 0.022704678 
116 300 8 11 0.022692543 
142 253 9 11 0.022669166 
628 617 12 15 0.022626245 
47 191 12 13 0.02261873 
323 311 9 12 0.022608608 
120 278 9 10 0.022588268 
828 721 14 15 0.022573877 
310 415 7 10 0.0225592 
509 111 7 9 0.02255861 
481 312 11 15 0.022552004 
520 347 11 14 0.022532262 
1014 100 9 13 0.02252571 
177 414 9 12 0.022524042 
154 557 12 14 0.022515155 
53 220 10 13 0.0225124 
62 509 8 11 0.022497622 
93 505 12 13 0.02247384 
544 380 11 15 0.022461597 
274 586 11 14 0.022457011 
352 216 9 11 0.022453506 
62 518 9 11 0.022419848 
16 370 11 14 0.022408579 
293 399 9 11 0.022397967 
204 501 8 12 0.022360623 
116 296 9 10 0.022338025 
415 346 12 16 0.022315847 
718 494 20 25 0.022271447 
708 640 14 17 0.022242527 
58 674 13 16 0.022231352 
123 339 9 12 0.022228252 
143 184 7 9 0.022220377 
387 247 9 11 0.02221351 
267 546 12 15 0.022195559 
955 657 21 28 0.022189412 
886 636 10 13 0.022188708 
541 679 16 20 0.022161087 
24 447 8 11 0.022145793 
835 697 12 16 0.0221409 
62 559 9 12 0.022137005 
25 229 13 18 0.022131898 
775 743 10 13 0.022129834 
175 311 8 10 0.02210431 
256 612 11 15 0.022096448 
225 390 8 10 0.022075005 
656 580 12 16 0.022063326 
767 637 11 15 0.022012629 
304 446 9 11 0.022009837 
550 366 9 11 0.02200547 
652 579 23 27 0.021991186 
87 367 10 13 0.021981413 
639 626 17 22 0.021963721 
555 385 13 17 0.02195987 
430 611 10 13 0.021947188 
120 574 9 11 0.021936309 
708 206 11 12 0.021926083 
159 671 10 12 0.02192493 
177 335 8 10 0.021898046 
249 667 12 15 0.02187444 
111 190 8 9 0.021860827 
328 437 9 11 0.02182808 
252 659 13 16 0.021811562 
216 358 9 10 0.021809954 
102 200 8 10 0.021802234 
669 394 53 73 0.021774976 
56 384 9 11 0.021769522 
280 372 9 11 0.021766396 
47 533 9 11 0.021756109 
69 491 10 12 0.021752784 
242 343 8 10 0.021747798 
1 182 9 14 0.021746468 
189 421 9 10 0.021725763 
687 654 11 14 0.021723883 
419 649 19 23 0.021709863 
104 582 10 12 0.021687178 
393 612 10 14 0.021672912 
362 408 8 9 0.021662708 
126 328 8 8 0.021648072 
237 375 9 11 0.021592908 
357 586 13 16 0.021591254 
309 295 8 10 0.02155137 
16 124 107 137 0.021546954 
101 654 10 13 0.021520836 
953 731 22 30 0.021512661 
200 230 7 10 0.021507816 
272 479 9 12 0.021490242 
55 390 9 12 0.021487694 
533 614 10 14 0.021473663 
516 166 10 12 0.021444038 
33 159 7 10 0.021429045 
335 627 11 15 0.021412577 
242 540 13 15 0.021396039 
832 673 12 14 0.021391395 
239 420 10 12 0.02136649 
169 254 8 10 0.021363541 
78 676 12 16 0.021361904 
262 415 9 11 0.021360084 
801 653 11 15 0.021358982 
839 655 10 12 0.021358361 
573 478 8 9 0.021349432 
329 94 11 12 0.02133051 
250 326 7 10 0.021312749 
226 677 10 14 0.02131137 
577 389 11 14 0.021310233 
200 208 7 9 0.021309372 
161 197 8 10 0.021309294 
247 379 9 12 0.021292765 
544 400 9 11 0.021285245 
350 350 9 10 0.021279218 
479 626 12 16 0.021279046 
89 222 8 11 0.021269733 
431 592 8 11 0.021262946 
93 380 8 11 0.021261139 
342 655 14 17 0.021227147 
166 232 9 12 0.021226216 
663 539 11 13 0.021211296 
277 637 9 12 0.021206388 
430 550 14 15 0.021198323 
709 614 11 14 0.021196513 
135 389 10 13 0.021190448 
358 320 9 10 0.02116584 
177 654 10 13 0.021135446 
81 196 9 11 0.021128852 
254 391 10 12 0.0211268 
65 189 9 11 0.021124303 
183 232 7 9 0.021115875 
429 533 22 24 0.021111531 
135 478 10 12 0.021103352 
742 540 12 15 0.021094626 
93 366 9 12 0.021064695 
372 230 9 10 0.021064684 
338 243 9 12 0.02106026 
503 413 10 13 0.021056358 
311 334 8 9 0.021040956 
782 596 11 14 0.02103931 
373 381 8 10 0.021034773 
304 428 8 11 0.021034537 
565 621 13 15 0.021000512 
327 205 11 12 0.020983161 
751 589 20 25 0.020981854 
349 682 11 17 0.020954164 
244 566 9 12 0.020925969 
341 592 10 12 0.020916035 
550 464 11 12 0.020913139 
396 515 11 15 0.020912057 
285 566 11 14 0.020894961 
334 700 11 16 0.020887902 
417 660 12 15 0.020885952 
76 737 20 27 0.020832356 
780 643 12 16 0.020831253 
338 301 9 11 0.020829644 
326 627 11 15 0.020829305 
78 484 9 11 0.02082657 
468 518 12 16 0.020820407 
156 683 12 15 0.020819819 
21 732 12 15 0.020818356 
330 492 9 12 0.020817056 
82 191 9 11 0.020815624 
126 279 8 10 0.020806812 
301 606 10 11 0.020777725 
464 524 12 14 0.020763913 
104 286 8 10 0.020742754 
134 502 9 12 0.020742197 
760 652 10 13 0.020741822 
70 659 12 14 0.020741235 
178 190 7 9 0.020726644 
436 402 13 15 0.020695005 
257 248 7 9 0.020679748 
293 686 16 22 0.020666875 
5 509 9 13 0.020657701 
217 432 8 10 0.020644037 
401 310 11 14 0.02063738 
470 349 9 13 0.020612411 
629 444 12 16 0.020597346 
172 502 10 12 0.020590177 
815 742 12 14 0.020583056 
453 143 10 11 0.020580327 
505 694 24 30 0.020578718 
812 754 13 13 0.020572333 
703 713 12 16 0.02056298 
119 710 21 25 0.020538928 
558 632 23 29 0.020538326 
790 665 13 16 0.020530296 
350 518 10 13 0.020507863 
105 487 8 10 0.0204742 
97 467 9 12 0.020473348 
925 706 13 17 0.020463854 
96 559 9 11 0.020460658 
169 271 7 10 0.02045292 
440 573 9 11 0.020444812 
343 682 11 17 0.02043042 
369 461 11 14 0.02042472 
461 450 15 19 0.020415436 
152 319 7 10 0.020413486 
329 327 8 11 0.02040641 
872 622 9 12 0.020389033 
757 680 12 13 0.020367935 
687 608 21 32 0.020331195 
656 642 11 14 0.020328524 
307 270 7 10 0.020321466 
350 564 12 16 0.020320578 
774 621 11 13 0.020317134 
635 419 12 16 0.020292722 
223 490 10 14 0.020292176 
607 149 13 17 0.020286253 
136 263 7 9 0.020285284 
190 558 9 11 0.02027459 
185 255 8 9 0.020261817 
695 547 14 18 0.020245656 
614 659 14 17 0.020239323 
125 494 10 13 0.020225093 
446 388 11 15 0.02019438 
33 517 9 12 0.020192344 
87 742 20 25 0.020167056 
182 343 7 10 0.020162685 
311 302 8 10 0.02014674 
48 219 11 13 0.020133993 
570 588 20 27 0.020131702 
174 674 14 17 0.020130442 
237 366 9 10 0.020111661 
6 502 9 13 0.020106032 
37 494 11 13 0.020101925 
14 557 9 11 0.020095455 
172 692 11 13 0.020082498 
470 549 10 12 0.020073907 
809 657 13 16 0.020041374 
436 301 21 27 0.020033408 
269 692 11 14 0.020032926 
350 500 8 10 0.020031929 
95 685 11 14 0.020024216 
565 572 13 16 0.020020474 
174 231 8 10 0.020018537 
710 743 20 23 0.020008603 
615 444 20 27 0.020008393 
