2_Demonstration_Political_Rally_2_609
742
156 145 29 38 0.9992507 
636 392 14 18 0.9919218 
965 450 14 17 0.9760296 
749 371 12 16 0.97011113 
809 544 22 27 0.96778786 
127 251 80 138 0.9628655 
941 375 14 18 0.95792824 
997 350 15 18 0.9559763 
510 340 12 15 0.9290035 
757 449 14 18 0.9188534 
888 457 16 20 0.91716605 
691 412 14 17 0.90188277 
790 437 14 18 0.89573437 
909 431 15 19 0.8946598 
676 403 13 16 0.89036125 
982 489 17 20 0.8790538 
765 564 25 31 0.87588066 
712 405 11 16 0.86714303 
461 365 12 16 0.85944825 
589 388 13 17 0.8454063 
852 520 15 19 0.8166107 
758 323 12 15 0.8127793 
848 557 21 26 0.8086258 
995 376 15 20 0.8064297 
731 516 17 21 0.7923337 
967 347 15 18 0.78628826 
939 575 14 19 0.7830161 
555 364 12 16 0.7713162 
772 494 16 19 0.7625344 
851 395 13 16 0.7601228 
608 327 12 14 0.7512082 
993 467 13 17 0.7475329 
783 465 14 18 0.7418277 
722 425 13 17 0.722222 
755 506 12 16 0.71942776 
644 429 14 16 0.70952296 
448 343 11 14 0.6992022 
739 401 12 16 0.69438225 
923 491 16 20 0.66401017 
664 319 13 15 0.6440213 
384 399 12 15 0.63167673 
903 475 14 18 0.6238866 
811 451 14 19 0.62154454 
648 327 10 13 0.6132802 
820 405 13 16 0.60051644 
772 409 12 16 0.5997844 
477 409 12 17 0.5966965 
391 363 11 14 0.59500283 
643 348 11 15 0.5876587 
878 362 13 16 0.5550896 
491 389 13 16 0.52791506 
413 439 11 13 0.52675235 
940 464 13 18 0.520432 
420 390 12 15 0.5035057 
851 485 16 21 0.5007753 
844 425 13 16 0.47027597 
322 372 13 16 0.4630488 
771 526 12 16 0.46098638 
536 341 9 12 0.46044028 
967 410 14 18 0.45013413 
484 408 12 14 0.4490892 
620 429 10 13 0.44585547 
865 475 16 20 0.43040147 
891 551 15 20 0.42092255 
470 342 12 15 0.4086032 
743 475 14 19 0.39240763 
749 539 15 20 0.39239776 
597 320 9 12 0.3887059 
442 406 13 16 0.38145489 
806 280 10 13 0.37195706 
226 402 41 47 0.35794434 
743 615 28 32 0.35481083 
823 355 13 17 0.3465609 
533 400 13 16 0.34570298 
455 388 11 14 0.33961284 
719 458 14 17 0.33852825 
414 357 11 13 0.33582664 
707 386 13 16 0.33579674 
491 341 11 14 0.33205247 
965 620 13 17 0.33152774 
908 510 17 20 0.33039558 
812 324 15 18 0.314739 
700 285 12 16 0.31027785 
696 355 12 15 0.3088988 
670 351 10 13 0.30436158 
597 342 12 14 0.30110374 
819 458 13 17 0.29756445 
800 299 10 12 0.29315642 
718 300 10 13 0.29099357 
884 392 13 16 0.28888953 
806 358 13 16 0.27562714 
438 431 11 13 0.27124912 
941 522 15 18 0.26374862 
357 382 11 14 0.24706341 
408 418 12 14 0.23502846 
555 346 11 14 0.23093103 
557 323 11 14 0.22642553 
389 445 11 13 0.21919031 
912 330 14 18 0.21671143 
796 405 13 15 0.20967625 
860 617 14 18 0.1975491 
605 470 18 22 0.19117394 
769 595 28 35 0.1874298 
830 476 13 16 0.18101345 
612 366 10 14 0.17439546 
581 440 13 17 0.17294708 
717 478 11 15 0.17278689 
573 442 13 16 0.16230628 
891 540 19 23 0.16032672 
591 416 11 15 0.15877828 
946 507 14 18 0.15817238 
428 291 11 13 0.15783612 
496 306 10 14 0.15602578 
824 433 12 15 0.15488164 
478 324 10 12 0.15442199 
366 311 8 11 0.15402918 
734 428 11 14 0.15339424 
869 417 13 16 0.14976172 
752 278 12 14 0.14969985 
393 334 10 12 0.14901564 
989 567 14 16 0.14263439 
817 295 9 11 0.14232576 
687 496 13 15 0.14078489 
564 443 16 19 0.13932233 
857 480 18 23 0.13525918 
956 528 16 19 0.13476384 
866 523 15 19 0.13329974 
344 359 11 14 0.13324055 
850 610 14 20 0.1310602 
835 478 12 15 0.12933734 
507 515 38 45 0.12853973 
576 394 12 14 0.1264747 
756 570 25 34 0.122000776 
575 411 10 12 0.12074065 
668 299 11 13 0.117905706 
554 442 18 19 0.11663902 
826 578 18 22 0.11380547 
958 478 11 15 0.1123356 
723 550 19 22 0.111377686 
812 357 12 16 0.11005514 
901 357 11 14 0.1088273 
790 526 15 18 0.10838759 
708 315 11 13 0.105975516 
672 372 11 14 0.10380588 
417 304 9 12 0.1036125 
472 271 11 12 0.102684505 
439 333 11 13 0.10145488 
460 307 12 14 0.10061286 
742 287 10 13 0.10060518 
709 428 10 13 0.097826146 
381 461 8 10 0.09772094 
772 295 11 14 0.09740876 
70 489 208 213 0.09603848 
901 601 13 18 0.09551867 
354 325 9 11 0.09488992 
383 348 11 12 0.09345363 
352 429 11 16 0.0934095 
125 237 53 91 0.09280387 
904 513 13 17 0.09047744 
304 362 11 13 0.089877024 
550 322 12 15 0.08975774 
916 496 18 20 0.0896929 
517 316 10 13 0.089455806 
790 386 12 15 0.089096874 
710 436 12 15 0.087903045 
452 481 14 16 0.08779409 
1013 478 11 17 0.0875212 
476 526 14 18 0.0875019 
422 534 46 59 0.087307915 
727 316 12 16 0.08486705 
438 278 9 10 0.084651165 
599 322 11 14 0.08399115 
994 331 13 15 0.083255626 
620 342 13 15 0.0831203 
454 446 11 15 0.08195661 
726 311 10 12 0.08113768 
429 393 11 14 0.08072532 
704 428 10 14 0.08054445 
629 334 9 11 0.08049683 
467 372 12 16 0.08027287 
603 347 12 14 0.07986556 
622 423 12 16 0.07981093 
790 410 14 16 0.07975131 
587 436 12 17 0.07899246 
930 654 12 15 0.07896363 
621 451 15 19 0.0786978 
471 406 14 17 0.078469686 
549 436 14 18 0.07834512 
456 422 10 13 0.07697033 
909 576 14 19 0.07371394 
1010 181 10 14 0.07318335 
709 398 13 17 0.07294096 
618 469 16 19 0.072808996 
719 262 10 12 0.072744496 
648 432 16 19 0.072380066 
333 356 10 13 0.071525246 
566 364 11 14 0.07112699 
665 295 10 13 0.07100658 
500 365 10 14 0.070942596 
543 319 11 14 0.06901432 
878 118 10 10 0.06757753 
724 499 10 13 0.06718334 
652 307 11 14 0.06661959 
432 435 10 13 0.06642853 
846 390 14 17 0.06635671 
614 300 13 14 0.06469214 
615 345 12 15 0.06459441 
969 624 13 18 0.0638798 
651 330 12 15 0.063384205 
386 439 10 12 0.06302338 
844 431 15 19 0.062314205 
845 443 12 17 0.06222488 
620 298 12 15 0.061871286 
309 441 10 13 0.060928237 
616 396 11 14 0.06088235 
832 237 10 13 0.060491495 
597 412 12 16 0.06036378 
516 299 10 12 0.05999826 
549 423 12 16 0.05961659 
399 347 10 13 0.059198383 
945 514 16 20 0.058838494 
652 406 11 14 0.058554493 
703 313 10 12 0.058360085 
854 371 13 16 0.058355026 
757 302 9 12 0.05826211 
790 531 21 27 0.057723414 
804 294 10 13 0.057632536 
932 636 10 12 0.057555947 
35 235 91 135 0.05743531 
742 544 17 19 0.05685787 
582 356 11 14 0.056610562 
1008 295 11 13 0.05613236 
748 611 18 21 0.056018494 
681 404 14 17 0.0559992 
341 307 10 14 0.055444673 
391 293 9 11 0.055395402 
472 336 11 13 0.055121873 
398 278 9 11 0.054846004 
621 397 11 14 0.05467361 
717 465 14 18 0.05460031 
352 376 9 12 0.054558385 
666 507 14 19 0.05425791 
766 318 10 14 0.05422895 
1000 191 9 10 0.053847943 
128 241 30 37 0.05380906 
572 371 11 14 0.05369144 
614 389 11 13 0.053581562 
785 570 13 18 0.05357853 
517 397 11 14 0.05333971 
375 280 8 10 0.053272996 
860 365 12 15 0.053159893 
422 438 9 12 0.053094067 
672 459 12 16 0.052710425 
919 404 13 17 0.05247796 
789 316 16 19 0.05203051 
753 584 26 33 0.05199123 
958 135 8 10 0.05188676 
646 362 9 13 0.051739752 
812 278 9 12 0.051540725 
739 429 9 12 0.051466983 
603 409 12 16 0.051340573 
535 316 9 12 0.05124536 
997 144 9 12 0.051012907 
978 190 13 16 0.05062209 
397 341 9 13 0.050504223 
436 390 11 13 0.050477955 
862 347 11 14 0.049980264 
544 279 9 11 0.049960084 
475 333 12 14 0.049873043 
699 360 13 16 0.049698703 
481 389 12 14 0.049263082 
470 378 11 14 0.04909761 
773 316 10 13 0.048914246 
352 342 10 12 0.04882972 
948 526 16 20 0.04879432 
851 551 13 17 0.04858956 
360 399 9 12 0.048468817 
374 286 10 12 0.048419334 
430 483 12 16 0.048336346 
993 111 8 11 0.04820222 
391 339 11 14 0.04787668 
993 147 9 12 0.047866117 
417 382 10 11 0.04740244 
957 142 9 11 0.047215424 
718 561 14 21 0.04716461 
676 367 11 13 0.046958443 
702 281 10 13 0.046582967 
512 295 10 12 0.04654751 
883 443 13 17 0.046053622 
490 404 12 15 0.046030644 
434 278 9 11 0.045860026 
746 575 26 33 0.045575045 
359 484 10 13 0.045492236 
390 368 14 17 0.04535191 
1004 205 10 11 0.04506053 
425 230 9 11 0.045014504 
719 560 24 31 0.044842236 
838 386 12 16 0.044686105 
919 118 9 11 0.04466882 
605 358 12 14 0.04441346 
445 481 14 16 0.044219702 
494 294 8 11 0.044067375 
480 428 11 13 0.043943442 
829 215 8 10 0.043942906 
215 152 9 11 0.043765057 
572 365 10 12 0.04366583 
582 393 13 16 0.043390468 
441 339 10 13 0.0432468 
512 316 11 14 0.042982917 
598 472 15 20 0.042600982 
551 303 10 12 0.042476565 
712 330 12 14 0.04237596 
671 454 11 14 0.04234456 
528 253 9 11 0.041970022 
807 426 12 16 0.041677717 
459 491 14 17 0.041635383 
976 310 12 15 0.041471574 
782 311 9 12 0.04117233 
955 541 16 21 0.041164406 
840 213 9 10 0.04112085 
650 442 15 18 0.04108678 
382 317 9 11 0.040997453 
758 604 44 50 0.04091847 
82 242 94 133 0.0404332 
409 478 24 26 0.04041351 
906 660 13 16 0.04029825 
853 478 13 17 0.040060338 
845 297 13 16 0.040058594 
611 458 17 21 0.039845362 
787 498 14 17 0.039807066 
407 295 9 11 0.03971284 
372 366 10 12 0.03970262 
501 359 10 12 0.03953007 
455 278 10 12 0.039468963 
783 315 12 16 0.038984265 
427 373 12 13 0.038866475 
436 397 12 15 0.038718525 
1008 414 11 14 0.0384841 
248 395 40 42 0.038302418 
909 501 15 17 0.03815098 
782 526 20 25 0.037790976 
981 428 11 15 0.037721742 
788 417 14 17 0.037598424 
879 340 11 15 0.037590224 
445 335 11 13 0.03758409 
550 284 10 12 0.0372902 
775 311 10 13 0.037262198 
1013 120 8 12 0.0372376 
471 319 10 13 0.03723194 
994 481 12 19 0.03722031 
494 260 9 11 0.03720846 
375 292 10 12 0.037066694 
975 139 9 12 0.037034106 
812 428 12 15 0.036942557 
822 584 22 29 0.03694174 
648 411 12 15 0.036872946 
815 131 12 13 0.036839534 
878 438 13 16 0.036811296 
352 404 10 12 0.036732495 
853 443 13 18 0.03667728 
502 370 11 15 0.0365867 
730 321 13 16 0.036543667 
311 393 11 13 0.03617796 
359 348 10 12 0.036099404 
1007 475 13 18 0.03609241 
868 547 14 19 0.036085505 
754 365 14 17 0.036032315 
454 284 11 12 0.03592682 
648 304 11 12 0.03585807 
808 447 12 16 0.035825133 
274 398 13 14 0.035720628 
851 625 15 17 0.03566675 
532 448 13 18 0.035572298 
776 467 12 16 0.03548423 
381 312 10 11 0.035432756 
421 302 9 13 0.035290822 
949 650 12 14 0.035270844 
261 369 13 15 0.035256147 
639 492 12 16 0.03518547 
384 263 10 12 0.034687433 
405 349 10 14 0.034600932 
608 301 11 13 0.034533314 
487 293 10 12 0.034531258 
489 261 9 11 0.034362223 
794 430 14 17 0.034197103 
820 444 13 17 0.03411433 
756 376 12 14 0.034098916 
581 412 11 14 0.034083065 
461 428 9 12 0.034022983 
781 205 8 10 0.03399487 
393 288 9 12 0.033898413 
802 315 21 27 0.033896852 
319 388 9 12 0.033889275 
388 348 12 14 0.03387887 
798 347 11 13 0.033878654 
485 372 10 13 0.03381903 
873 363 12 16 0.033801123 
437 482 15 17 0.033605404 
548 424 19 27 0.03352563 
359 454 8 11 0.033493172 
485 318 11 14 0.033373583 
375 372 10 14 0.033299856 
958 396 12 15 0.03328517 
552 359 13 16 0.033204008 
820 308 11 13 0.033052754 
370 286 9 12 0.032794446 
984 570 14 17 0.032726165 
956 329 13 16 0.032617565 
976 348 14 16 0.032524675 
456 303 12 15 0.032431677 
600 356 11 14 0.032396387 
761 618 16 21 0.032357227 
751 260 10 12 0.032330282 
898 532 15 18 0.032324698 
574 358 11 13 0.03230102 
712 470 10 14 0.03225317 
982 477 21 26 0.03223161 
718 266 10 13 0.032201093 
904 572 13 17 0.032094996 
818 300 11 14 0.032027945 
935 181 12 14 0.031882647 
459 442 12 17 0.03186235 
840 208 9 10 0.031727538 
492 434 16 19 0.03168788 
826 457 14 18 0.031686027 
355 334 11 13 0.03167877 
718 325 10 15 0.03159379 
383 294 9 11 0.03147039 
391 328 10 12 0.031390652 
815 272 9 11 0.031359795 
475 275 11 12 0.03131562 
455 439 11 13 0.031287786 
650 450 15 20 0.031077068 
380 286 9 12 0.03104637 
725 330 14 18 0.030908588 
995 357 17 21 0.030771267 
933 394 13 15 0.030627755 
772 579 28 39 0.03037769 
567 341 11 14 0.030350845 
464 404 10 15 0.030337334 
372 358 11 13 0.030227318 
781 412 11 15 0.030115228 
724 261 10 12 0.030065361 
419 307 10 14 0.029836321 
702 421 11 15 0.029805398 
686 379 12 15 0.029734232 
512 276 9 11 0.029688872 
757 414 10 13 0.029651633 
1013 185 9 14 0.029617257 
825 274 10 14 0.029379504 
971 529 16 19 0.029333385 
506 215 7 10 0.029225793 
376 457 10 12 0.02914863 
819 316 12 15 0.02913622 
573 342 10 13 0.029061517 
720 307 10 13 0.029054103 
718 506 13 16 0.02901232 
510 365 13 16 0.029010044 
559 288 8 10 0.028945172 
494 221 9 11 0.028914155 
773 371 12 16 0.028892547 
395 357 11 14 0.028875165 
364 350 10 12 0.028782561 
614 286 9 11 0.028608415 
852 468 11 16 0.028591182 
412 431 12 14 0.02858999 
334 407 9 12 0.028563708 
576 277 9 11 0.028545938 
751 255 9 11 0.028482147 
532 362 13 17 0.028334823 
367 357 10 12 0.028286071 
960 128 8 9 0.028218593 
424 430 9 13 0.028154891 
478 373 12 15 0.028151032 
455 327 10 12 0.02807099 
750 215 8 11 0.028031986 
261 288 10 12 0.027995098 
750 271 12 14 0.027953874 
784 322 12 16 0.027890392 
322 532 30 39 0.027876323 
950 535 17 21 0.027849175 
1005 165 9 12 0.027827596 
450 451 12 14 0.027735755 
367 421 9 12 0.027727975 
862 355 12 16 0.02762824 
957 532 20 26 0.027594943 
692 506 13 16 0.027537027 
720 315 10 15 0.02750897 
897 216 9 11 0.027484605 
431 351 10 12 0.02741979 
829 271 10 13 0.027400622 
358 420 10 14 0.027347518 
802 403 12 16 0.02734347 
820 128 11 12 0.027321838 
570 412 10 13 0.027305275 
845 475 14 18 0.02729113 
448 284 9 12 0.027214974 
359 318 10 13 0.027170202 
694 425 12 17 0.027095437 
354 386 10 13 0.026923606 
763 371 13 16 0.026907498 
884 340 12 15 0.026862925 
795 648 16 21 0.026848145 
385 356 11 14 0.026814127 
453 271 10 11 0.02677997 
424 324 10 13 0.026772685 
327 335 10 11 0.026649458 
838 434 14 18 0.02652086 
448 270 9 11 0.026480442 
893 596 16 21 0.026140451 
741 510 12 16 0.026132237 
351 424 10 13 0.025989825 
516 365 12 15 0.025955822 
382 455 10 11 0.025814647 
446 479 23 24 0.02579304 
921 504 15 20 0.025710719 
789 270 9 11 0.025676064 
325 386 10 13 0.025661549 
391 377 12 15 0.025614439 
93 203 150 220 0.025598269 
376 301 9 11 0.025559 
680 498 12 16 0.025503518 
449 387 12 14 0.025423592 
407 303 10 12 0.025409697 
416 376 9 12 0.025360588 
941 180 13 16 0.025358398 
488 308 10 13 0.025336545 
579 406 12 14 0.025291258 
960 346 13 18 0.025239058 
805 476 12 15 0.025141077 
485 286 10 13 0.02510171 
812 286 10 13 0.025036717 
822 464 14 18 0.024984704 
35 383 17 22 0.024944559 
360 238 8 10 0.024933668 
591 261 9 11 0.024921985 
736 287 11 13 0.02491954 
393 278 9 11 0.02491706 
470 263 9 11 0.024903053 
1007 187 11 13 0.024895106 
1007 174 10 13 0.024865638 
807 309 9 12 0.02482368 
437 284 10 12 0.024807878 
342 415 9 11 0.024755277 
559 292 10 13 0.02473445 
903 655 12 14 0.024733607 
415 278 9 11 0.024732932 
748 574 44 51 0.024727039 
461 278 9 12 0.024718307 
944 571 16 20 0.02466976 
360 413 9 12 0.02466717 
423 422 8 11 0.024611557 
429 231 9 11 0.024610685 
365 245 9 10 0.024571607 
790 393 14 17 0.024494918 
910 179 11 14 0.024484785 
950 512 21 27 0.024442945 
598 312 9 12 0.024437059 
785 270 9 11 0.024337346 
776 253 9 11 0.02433494 
510 214 8 9 0.024329511 
1000 373 15 19 0.024324877 
675 463 14 18 0.024285225 
956 506 15 19 0.024228249 
909 348 14 16 0.024190733 
370 291 8 12 0.024160584 
714 443 13 15 0.024140233 
627 420 12 16 0.02411904 
582 364 10 13 0.024074025 
847 255 9 11 0.024072623 
733 308 12 15 0.024048528 
699 351 12 15 0.02402903 
795 419 13 16 0.02401876 
980 200 13 17 0.023972945 
545 426 12 17 0.023968004 
976 485 16 20 0.023943173 
948 181 12 15 0.023813989 
502 403 11 14 0.023812594 
734 445 12 14 0.023779288 
884 259 11 15 0.023731617 
741 555 44 52 0.023719972 
941 331 13 17 0.023657372 
996 559 14 17 0.023548707 
923 331 12 17 0.023521496 
887 557 17 22 0.023492096 
676 377 13 17 0.023478823 
342 214 8 10 0.023471376 
685 300 10 13 0.023452198 
345 428 12 16 0.023413023 
568 487 10 14 0.023365809 
388 392 10 13 0.023346925 
907 353 14 17 0.02334032 
423 477 24 27 0.023315864 
753 446 13 17 0.02327334 
903 499 13 16 0.023240833 
711 293 11 14 0.023225227 
534 221 9 10 0.0232089 
959 417 14 18 0.023136562 
778 625 35 42 0.023110075 
502 260 9 12 0.023097863 
725 568 26 33 0.02304545 
765 599 18 22 0.023039926 
959 120 7 8 0.023030214 
517 276 10 12 0.023011426 
846 642 15 17 0.022995858 
798 537 24 31 0.022937736 
647 244 10 12 0.022915669 
825 409 14 17 0.022903003 
356 376 11 14 0.022856845 
334 293 8 10 0.022812657 
829 442 13 17 0.022770315 
29 191 9 10 0.022719746 
713 459 10 15 0.022659667 
863 596 24 28 0.022652859 
896 221 10 13 0.022650447 
865 611 17 22 0.022631785 
751 511 13 16 0.022610055 
720 257 9 11 0.02258555 
527 311 10 13 0.02258197 
627 235 11 15 0.02257995 
653 284 11 12 0.022574598 
790 312 12 13 0.022570185 
684 373 12 15 0.022557827 
527 355 11 13 0.022541907 
532 253 10 12 0.022541389 
462 293 9 12 0.022527967 
784 599 18 23 0.022480054 
383 334 10 11 0.022441052 
814 397 14 18 0.022438157 
358 270 10 12 0.022413654 
771 516 15 19 0.022371095 
772 436 14 17 0.022361826 
766 557 15 19 0.022342714 
674 508 13 16 0.022322329 
610 502 21 30 0.022280628 
1000 285 9 12 0.02224116 
358 254 9 10 0.022218814 
406 414 19 23 0.022218 
593 380 13 17 0.022201885 
276 417 23 31 0.022163806 
478 286 11 13 0.022145554 
415 296 9 10 0.022117272 
381 279 9 10 0.022066904 
358 276 10 12 0.022028638 
566 333 9 12 0.022008458 
436 356 11 14 0.022001104 
880 221 10 13 0.021998294 
750 291 10 13 0.021936774 
870 356 13 16 0.021882165 
665 350 10 14 0.02187987 
585 381 13 17 0.021863362 
406 255 10 12 0.021860713 
685 529 14 21 0.021860538 
758 359 10 13 0.021858888 
814 308 12 15 0.021844104 
532 354 13 15 0.02175995 
597 277 9 12 0.021752764 
466 346 11 14 0.021750836 
593 277 9 10 0.02171675 
52 195 12 15 0.021649018 
318 279 10 11 0.021631459 
622 412 13 17 0.02162061 
924 346 13 16 0.021573676 
745 367 13 16 0.021483218 
455 254 9 11 0.021425633 
801 361 13 16 0.02142085 
433 412 9 12 0.02140924 
677 519 23 35 0.021397296 
956 487 14 19 0.021385074 
608 308 10 12 0.021381436 
951 394 11 14 0.021375012 
478 358 11 13 0.021374194 
1000 183 10 12 0.02137272 
457 483 15 18 0.021329746 
599 335 11 13 0.021319587 
445 399 13 15 0.021311864 
700 605 13 16 0.02128919 
436 444 12 14 0.02125616 
510 323 12 14 0.021234315 
417 245 8 10 0.021218812 
452 485 23 28 0.02118114 
605 451 16 19 0.021177616 
489 301 10 13 0.021174705 
845 363 12 15 0.02116642 
832 386 12 17 0.021161608 
675 348 11 15 0.021129915 
447 308 12 14 0.021108294 
451 456 15 18 0.02110655 
558 301 10 12 0.021098308 
671 408 13 16 0.021092955 
713 267 10 12 0.0210625 
511 311 10 12 0.021059036 
564 456 13 17 0.021057384 
591 475 12 17 0.021054476 
342 396 10 13 0.0210463 
589 375 12 15 0.021034066 
761 207 8 9 0.021026146 
460 285 10 12 0.020999571 
887 492 12 16 0.020992592 
583 272 9 11 0.02098586 
454 333 10 12 0.020972932 
479 310 10 12 0.020918824 
591 335 10 12 0.020853758 
659 508 24 33 0.020789294 
628 299 10 13 0.020783158 
1006 160 9 12 0.020780273 
647 404 11 15 0.020744983 
545 232 9 10 0.020720989 
768 248 9 10 0.020665534 
351 286 8 9 0.020655042 
751 413 11 15 0.020634433 
672 398 13 17 0.020633295 
863 127 7 9 0.02061123 
453 358 12 14 0.020594604 
493 336 11 14 0.020557655 
853 378 14 18 0.020539949 
407 308 10 13 0.020525768 
868 348 12 15 0.02051622 
526 364 12 16 0.020501165 
827 219 11 13 0.020470783 
446 328 10 12 0.020448105 
838 442 14 18 0.020429222 
434 425 19 23 0.020416057 
700 298 12 14 0.02038823 
685 342 11 13 0.020378843 
877 348 13 17 0.020356562 
422 269 9 12 0.02035457 
816 408 14 18 0.02032871 
407 427 13 15 0.0203164 
390 270 9 11 0.020256069 
723 302 10 13 0.020206423 
737 528 20 24 0.020173814 
729 553 30 35 0.020169968 
376 231 10 11 0.020139722 
792 231 9 9 0.020122081 
845 192 9 11 0.020083567 
326 303 8 10 0.020064285 
735 237 9 11 0.020062936 
901 214 10 12 0.02004503 
740 444 12 15 0.020030392 
886 603 15 19 0.020017773 
549 414 12 15 0.020008624 
