2_Demonstration_Protesters_2_577
32
809 546 25 31 0.99904627 
477 446 19 24 0.98082435 
608 559 18 22 0.96986604 
163 466 21 26 0.9493001 
101 453 15 18 0.21195354 
202 454 25 29 0.08976912 
327 378 16 21 0.078127205 
565 628 31 33 0.07522415 
93 457 22 26 0.05964483 
164 442 15 17 0.05375296 
85 460 16 18 0.051248338 
135 451 12 16 0.045490567 
344 539 12 15 0.030855631 
116 484 11 13 0.030034062 
855 526 10 12 0.029751351 
395 529 13 15 0.029740052 
218 445 13 17 0.02852239 
787 566 14 17 0.027786091 
781 548 12 17 0.027755 
906 531 14 16 0.027607778 
570 637 33 37 0.025519753 
454 448 12 16 0.025366984 
1 408 13 22 0.024755681 
235 378 112 128 0.024353957 
655 542 13 14 0.023038741 
332 539 12 16 0.022055516 
723 740 31 28 0.02191603 
194 443 26 32 0.02160776 
871 534 11 13 0.020859936 
209 449 19 22 0.020244764 
443 712 25 32 0.020174468 
107 447 12 16 0.020029843 
