2_Demonstration_Demonstrators_2_456
47
1 275 104 130 0.9978073 
905 487 77 88 0.99358374 
632 425 76 105 0.9924124 
348 37 91 111 0.98139554 
461 348 67 93 0.98111695 
171 212 74 92 0.96774846 
227 467 50 66 0.91549563 
850 234 107 118 0.68657845 
54 96 28 40 0.23507617 
37 112 35 33 0.19826299 
62 84 27 45 0.19784057 
185 261 61 79 0.15670782 
217 317 39 49 0.097087845 
204 288 51 68 0.09520565 
21 339 68 86 0.082714334 
919 -3 47 33 0.0823692 
873 417 38 51 0.061225176 
550 2 113 95 0.060467307 
131 422 50 55 0.046315882 
67 530 25 29 0.04355665 
846 21 57 66 0.043360732 
348 5 72 86 0.042311344 
66 411 43 54 0.040996794 
44 425 43 52 0.036670238 
29 86 53 59 0.036073647 
322 265 91 151 0.032644093 
835 1 91 110 0.032473434 
780 160 51 63 0.031121818 
833 38 49 61 0.030959817 
558 38 71 72 0.030072257 
826 202 155 208 0.029638356 
49 122 19 25 0.029567664 
296 58 109 116 0.027286498 
763 183 48 54 0.026150554 
747 438 58 60 0.025697282 
862 279 78 94 0.025210239 
946 35 85 123 0.023539905 
833 54 27 32 0.022533657 
659 249 107 130 0.022524467 
82 401 48 58 0.022248916 
228 319 46 59 0.021568311 
554 131 25 36 0.021527689 
768 430 43 36 0.02144979 
53 172 15 17 0.021269646 
244 330 47 60 0.021051057 
310 283 57 75 0.021046204 
72 89 41 53 0.020885635 
