2_Demonstration_Political_Rally_2_135
151
147 543 76 101 0.96326625 
936 637 79 96 0.9469975 
519 452 85 84 0.6241322 
45 672 51 68 0.50296974 
508 347 85 65 0.4796206 
339 683 11 15 0.19540964 
45 712 14 23 0.1898296 
984 10 25 40 0.16167375 
377 662 10 12 0.16016647 
245 344 18 21 0.1410406 
22 1115 59 82 0.13611786 
218 621 30 37 0.12011016 
524 1290 13 15 0.11496236 
0 1034 26 44 0.11386631 
90 680 25 37 0.11314579 
813 364 14 17 0.11141567 
830 786 9 12 0.10995103 
266 326 25 30 0.10703515 
208 638 50 67 0.10558055 
12 641 15 18 0.102258034 
395 670 11 14 0.08962463 
444 698 12 15 0.08906828 
1 714 20 30 0.086230494 
73 679 33 44 0.08300039 
884 786 24 32 0.08253399 
402 695 17 18 0.08247801 
521 1294 11 13 0.07441002 
395 676 12 16 0.07278337 
152 371 37 43 0.07256696 
340 523 15 20 0.06543406 
374 687 16 23 0.064107455 
66 324 28 32 0.06410576 
789 361 15 18 0.06302493 
231 307 26 32 0.06278555 
427 685 12 14 0.060768038 
12 663 15 19 0.05794669 
848 365 11 14 0.057676192 
268 320 20 22 0.056068115 
872 777 30 37 0.05599512 
99 292 18 22 0.05578003 
255 332 26 31 0.052387483 
864 769 24 33 0.049481444 
144 281 30 38 0.047807597 
783 364 13 16 0.047121238 
125 235 11 13 0.04674199 
313 -47 463 501 0.046661917 
419 645 12 15 0.04653695 
415 649 14 17 0.04646438 
810 260 14 20 0.046452604 
426 691 14 17 0.044515807 
411 691 15 19 0.04421926 
306 333 18 23 0.043912686 
98 677 13 17 0.04345322 
292 296 16 19 0.04213522 
884 349 13 17 0.042094044 
874 775 16 22 0.041640513 
896 794 14 18 0.04159646 
856 776 24 35 0.041052174 
86 365 27 28 0.040793546 
904 901 26 33 0.039575957 
228 282 16 19 0.039563287 
412 669 13 16 0.039489325 
340 696 12 17 0.03878118 
32 636 12 17 0.037459392 
417 771 23 29 0.035057 
80 674 52 64 0.03473376 
326 687 23 34 0.03467956 
439 672 15 17 0.03453454 
469 309 15 17 0.03314481 
444 675 15 17 0.032968853 
906 725 24 34 0.03289721 
172 579 85 110 0.032867257 
392 664 10 13 0.032712415 
45 665 90 103 0.032223947 
339 346 38 50 0.03218562 
237 329 24 29 0.031947397 
324 321 16 21 0.03190744 
211 609 48 65 0.03185889 
17 779 17 19 0.031770915 
797 393 14 18 0.031440172 
438 694 15 17 0.031422287 
147 274 18 21 0.03131278 
319 305 15 18 0.031122558 
172 579 466 474 0.030919824 
452 298 133 113 0.030838074 
391 697 13 16 0.030189302 
772 356 13 16 0.030017342 
545 425 87 101 0.029944004 
299 681 38 58 0.029859064 
452 674 14 18 0.028869262 
7 664 22 31 0.02848532 
350 532 11 14 0.02802189 
422 640 9 12 0.028008845 
607 377 55 78 0.027767109 
38 257 13 14 0.027569478 
421 667 12 16 0.027443558 
25 1048 28 30 0.02727385 
312 705 25 42 0.02719243 
390 680 14 20 0.027166143 
381 538 13 16 0.02648389 
316 688 27 44 0.026385318 
156 888 16 21 0.026375808 
915 867 12 15 0.02631371 
942 681 60 80 0.026153153 
158 357 29 32 0.026063163 
328 346 26 31 0.026013527 
935 612 60 80 0.02595952 
1008 849 13 19 0.025800956 
337 566 38 49 0.025632117 
21 637 14 18 0.025114246 
505 1293 8 12 0.02479672 
7 769 27 35 0.02456896 
182 641 84 97 0.024500147 
543 335 40 36 0.024368988 
110 239 11 13 0.024209572 
227 311 19 23 0.024202723 
45 695 25 42 0.023999926 
1010 737 14 23 0.023887184 
725 346 26 31 0.023847647 
264 522 37 56 0.023610812 
44 672 13 19 0.023496538 
578 410 88 119 0.023164846 
376 678 10 12 0.022758955 
177 341 25 32 0.022752795 
844 772 24 33 0.022732291 
385 1092 387 429 0.022712475 
915 1469 15 16 0.02270691 
52 663 26 34 0.022696236 
314 322 21 27 0.022439035 
32 1139 59 90 0.022357333 
7 640 24 32 0.022173703 
51 76 422 477 0.021692708 
262 341 30 31 0.021421975 
179 275 15 18 0.021413393 
325 379 11 15 0.02115148 
43 1152 38 45 0.021018162 
779 417 16 21 0.020913722 
318 670 9 13 0.020840337 
418 603 10 12 0.020791998 
893 886 44 57 0.020700892 
307 287 432 546 0.02047198 
531 329 76 55 0.020383805 
355 336 41 56 0.02036578 
328 572 11 16 0.020363767 
293 326 25 32 0.020278985 
139 358 31 38 0.020271285 
234 347 26 32 0.020228498 
105 288 25 30 0.020197747 
487 355 109 126 0.020178704 
379 664 12 16 0.020149592 
435 677 24 24 0.020032931 
