2_Demonstration_Demonstration_Or_Protest_2_578
502
941 320 29 37 0.9997311 
667 295 29 36 0.99944097 
568 307 26 32 0.99927825 
322 320 24 30 0.9983724 
852 336 28 32 0.9964192 
749 252 15 21 0.99385744 
503 304 21 28 0.99334466 
810 232 15 19 0.993204 
255 334 22 28 0.9917291 
68 309 22 27 0.98804456 
148 322 20 27 0.9860787 
704 211 11 14 0.9748385 
579 276 18 23 0.9695673 
780 349 25 29 0.9658759 
881 247 16 20 0.96517175 
423 308 21 25 0.9483801 
961 225 14 17 0.9146351 
230 270 14 18 0.8967439 
93 268 12 15 0.88158137 
293 219 12 14 0.87802815 
0 311 19 23 0.819897 
611 221 12 15 0.80912644 
212 354 22 28 0.80417544 
984 233 13 17 0.7089244 
548 221 11 15 0.7012464 
808 206 10 12 0.6711896 
385 249 13 19 0.6312252 
905 223 12 14 0.5691997 
586 250 13 17 0.5296461 
496 258 15 19 0.5196697 
698 248 15 19 0.44718477 
669 189 8 12 0.44017744 
575 216 10 13 0.42049083 
627 182 9 12 0.35711005 
383 226 11 14 0.32079294 
550 199 9 12 0.3144225 
495 275 14 17 0.30329672 
748 183 8 10 0.28659862 
316 222 9 11 0.28129506 
742 199 9 12 0.28031656 
323 166 13 16 0.27949968 
959 203 10 12 0.27347523 
885 207 9 11 0.27217796 
303 247 12 15 0.26440662 
749 226 12 15 0.26429415 
469 327 20 27 0.2634448 
289 222 11 13 0.2384606 
713 229 12 14 0.23693545 
543 203 9 11 0.23557201 
871 165 9 11 0.23466033 
812 209 10 13 0.23262897 
733 184 8 11 0.22735387 
829 141 9 11 0.2172856 
710 175 9 11 0.2122146 
671 206 8 11 0.21117975 
629 188 8 10 0.20630157 
49 305 15 21 0.19711736 
730 189 8 11 0.18459247 
661 222 8 12 0.18278614 
800 201 10 13 0.18248016 
661 205 9 12 0.17443992 
657 212 9 12 0.14632341 
29 198 10 13 0.14487958 
745 221 9 14 0.13976812 
745 188 9 11 0.13422626 
743 215 8 11 0.13406618 
639 141 8 11 0.13174428 
789 173 9 11 0.12736528 
0 231 13 24 0.12593874 
281 223 9 11 0.1255114 
789 168 8 11 0.12187376 
558 183 8 11 0.12149289 
743 135 9 11 0.12094426 
389 229 11 13 0.11941562 
398 235 11 15 0.11869899 
749 167 9 11 0.11297067 
836 267 10 13 0.10764278 
520 183 8 10 0.105747245 
715 234 11 15 0.10498003 
805 200 11 14 0.10346416 
769 136 8 10 0.10325856 
522 190 8 11 0.100483224 
552 167 6 8 0.09738176 
863 157 10 12 0.09734828 
808 131 10 12 0.09617719 
582 173 7 9 0.0959713 
537 204 9 11 0.09499209 
705 174 8 10 0.09118341 
299 284 19 23 0.089594096 
877 167 8 10 0.089510895 
845 190 10 12 0.08888599 
206 247 12 15 0.08862381 
5 201 11 15 0.088107616 
611 157 8 10 0.08687513 
749 173 8 10 0.08677317 
495 200 7 10 0.086680606 
1 217 18 31 0.08578595 
768 193 8 10 0.08542459 
487 187 7 10 0.08481252 
478 297 14 19 0.084810376 
1014 207 8 11 0.08478952 
713 167 8 10 0.0829874 
744 167 9 11 0.08205313 
268 194 13 15 0.08183462 
557 188 9 11 0.07991801 
813 174 9 10 0.07704958 
679 148 9 11 0.076825954 
985 241 13 16 0.076720946 
864 152 9 12 0.075988926 
738 203 9 12 0.07539776 
641 137 8 11 0.07460723 
745 139 9 12 0.074519455 
768 140 8 10 0.07387971 
793 197 10 12 0.07271753 
360 250 13 18 0.07222862 
714 160 7 9 0.07213237 
128 308 22 27 0.07134705 
168 236 9 12 0.06999732 
864 163 11 12 0.06934224 
998 196 9 10 0.06881781 
520 197 8 11 0.06783638 
665 185 9 12 0.06761631 
767 176 9 11 0.067214735 
734 166 9 11 0.067142576 
791 210 10 14 0.06700367 
583 151 7 10 0.066403404 
708 221 12 14 0.06561647 
831 149 8 10 0.06531613 
151 230 10 13 0.06474979 
286 174 9 11 0.06417274 
751 158 8 11 0.06342288 
560 204 10 12 0.06334727 
708 250 13 16 0.06310684 
631 206 8 10 0.062746204 
813 191 9 12 0.062418353 
816 151 8 10 0.062321186 
760 234 10 16 0.06135 
833 157 8 11 0.061300393 
583 169 6 9 0.061280288 
625 176 9 11 0.06061907 
358 236 13 17 0.059622902 
796 261 11 15 0.059381202 
662 199 9 12 0.059007972 
312 216 10 12 0.058841366 
505 151 8 9 0.058814317 
45 220 10 12 0.057486173 
289 215 20 23 0.057086166 
756 230 11 14 0.055587348 
76 253 13 15 0.055140056 
586 188 9 12 0.05418811 
329 251 12 17 0.053948183 
713 152 7 8 0.05389349 
689 165 9 11 0.05359303 
645 136 9 11 0.052940156 
839 158 9 11 0.052345544 
286 226 10 12 0.051905148 
734 161 9 9 0.051260013 
729 166 9 10 0.05119816 
671 198 9 12 0.050591506 
117 367 15 19 0.050126474 
212 266 12 17 0.049850695 
353 229 10 13 0.049777888 
917 600 15 18 0.049632527 
854 141 9 10 0.049625512 
964 199 9 11 0.049531016 
748 198 9 12 0.049259864 
239 221 11 14 0.049121868 
585 184 9 11 0.04907585 
438 228 10 13 0.048960675 
704 168 8 10 0.048605856 
592 213 10 13 0.04832733 
695 158 7 9 0.047140103 
441 211 10 13 0.046955146 
715 245 13 16 0.046903353 
579 220 9 11 0.046826523 
882 212 10 12 0.04673511 
896 152 7 10 0.046600804 
826 136 9 11 0.046453796 
1 204 10 15 0.046291165 
527 198 8 11 0.04583682 
1013 212 9 12 0.045835048 
557 198 11 13 0.04577087 
617 356 14 19 0.045634743 
823 151 8 10 0.045460343 
329 187 11 14 0.04498875 
690 160 8 9 0.04490923 
869 160 9 11 0.044820018 
138 218 12 16 0.044791877 
272 223 9 11 0.044580434 
511 232 8 11 0.04443698 
454 239 10 13 0.04406788 
56 228 11 15 0.04386642 
660 226 10 15 0.04368117 
620 220 11 14 0.043601234 
597 184 9 11 0.043295275 
646 159 8 11 0.04327676 
886 201 10 13 0.043020405 
222 290 15 23 0.043009393 
119 273 13 15 0.04260521 
591 184 8 12 0.042366687 
757 274 12 16 0.042268276 
514 200 7 10 0.0422519 
739 272 13 16 0.04213442 
365 230 10 12 0.041980796 
812 197 12 15 0.0412328 
469 230 8 11 0.040902343 
477 303 20 29 0.040638242 
851 235 13 15 0.040631425 
553 175 8 10 0.04059347 
521 143 7 10 0.040557582 
362 244 12 16 0.040488746 
1016 197 8 12 0.040462747 
162 194 16 20 0.039989196 
577 174 8 10 0.039984237 
846 182 9 12 0.039894514 
582 158 8 9 0.039711457 
625 197 9 12 0.039581317 
773 135 8 10 0.039333764 
745 158 8 11 0.039131917 
656 184 8 10 0.038772453 
697 174 7 10 0.038759243 
598 126 7 10 0.038749233 
975 192 8 10 0.038598135 
886 184 10 11 0.038094964 
529 168 7 9 0.03802467 
609 165 9 10 0.037955828 
790 158 8 9 0.037952293 
733 148 9 11 0.037894756 
570 215 9 12 0.037795372 
629 198 9 11 0.037668537 
699 238 14 16 0.037612986 
801 144 8 10 0.03759127 
706 180 8 10 0.037285175 
839 182 9 11 0.037055872 
565 200 9 11 0.036946077 
825 120 10 12 0.036535878 
806 142 9 10 0.036535304 
763 273 14 17 0.03646586 
818 230 12 16 0.036368042 
147 393 29 30 0.036340762 
859 157 8 11 0.036325805 
397 242 13 17 0.03591517 
896 157 8 11 0.035844516 
627 252 11 13 0.0357141 
0 213 11 22 0.035606332 
716 224 10 13 0.035132542 
767 205 10 12 0.03498245 
839 175 10 11 0.03493913 
831 181 8 11 0.034920815 
571 219 10 13 0.034881625 
445 207 10 14 0.034740347 
1002 258 16 21 0.03452171 
552 259 12 16 0.03451631 
868 150 9 12 0.03432292 
303 204 11 13 0.0342442 
903 165 7 9 0.034018606 
887 168 8 9 0.03382008 
742 126 9 11 0.033523936 
460 321 22 28 0.03347731 
759 135 8 10 0.033308193 
509 216 9 12 0.033292323 
301 214 10 14 0.03317474 
864 95 10 12 0.033083018 
847 104 9 10 0.032878935 
743 118 11 13 0.032773986 
182 243 13 17 0.03274117 
26 202 11 14 0.032707706 
635 142 9 11 0.03264144 
520 204 9 10 0.032561358 
199 396 27 35 0.03249388 
465 92 11 15 0.032297563 
790 152 9 10 0.032284092 
769 158 8 10 0.03225985 
19 181 10 14 0.032253925 
767 150 8 11 0.032029152 
624 204 9 12 0.032013535 
847 174 9 11 0.031925518 
746 151 7 9 0.031705346 
745 112 9 11 0.03159934 
869 125 9 12 0.031542804 
968 191 8 10 0.031413477 
357 230 12 15 0.03140251 
584 119 10 12 0.03137218 
454 213 8 11 0.03122273 
76 348 12 16 0.031215686 
961 192 8 10 0.03118737 
772 259 13 16 0.031101543 
718 166 7 10 0.030903095 
934 182 8 11 0.030808292 
300 227 12 14 0.030634226 
774 190 8 11 0.030225726 
895 237 10 14 0.030184994 
829 100 10 12 0.030159423 
806 201 17 22 0.030106254 
719 135 7 9 0.03000807 
600 203 10 15 0.0299585 
614 164 8 11 0.029867854 
36 180 11 13 0.029790621 
813 225 12 14 0.029690169 
33 175 11 13 0.029556252 
982 190 8 10 0.02940294 
685 207 9 12 0.029177772 
269 200 13 16 0.029068321 
238 195 10 13 0.029035978 
750 152 8 9 0.029017892 
455 325 12 15 0.02900395 
623 226 11 15 0.028882122 
211 245 10 14 0.028880948 
836 275 12 16 0.028719557 
474 316 23 30 0.02861144 
904 142 8 9 0.028599594 
968 176 8 10 0.028589686 
728 195 10 13 0.028486816 
968 181 8 9 0.028402248 
528 173 8 10 0.02837635 
520 176 8 10 0.0282768 
22 415 15 21 0.028180448 
472 136 9 11 0.028095642 
695 153 8 9 0.028084952 
567 231 10 12 0.02803556 
976 175 8 12 0.027953845 
958 210 12 14 0.027945226 
400 321 13 19 0.027742496 
599 175 7 9 0.027717922 
953 356 17 22 0.027677022 
926 236 11 14 0.027458636 
483 188 9 11 0.027437584 
317 243 10 14 0.027370613 
865 322 16 19 0.027365545 
641 123 8 11 0.027290601 
294 270 26 32 0.0271876 
879 184 8 10 0.027180422 
767 212 10 13 0.027137075 
568 175 7 9 0.027119583 
599 218 11 15 0.02711284 
462 325 11 15 0.02709134 
641 164 7 10 0.027032051 
891 353 16 18 0.02702323 
858 55 8 11 0.026979411 
489 199 8 11 0.026978541 
645 119 11 13 0.026924506 
171 231 10 13 0.02687309 
506 232 8 11 0.026813624 
808 189 11 13 0.026763314 
478 152 8 10 0.02664364 
849 141 9 11 0.026527286 
739 212 9 12 0.02649946 
377 224 10 13 0.02648625 
703 269 11 14 0.026395543 
656 151 8 9 0.026261281 
212 398 13 17 0.026218217 
993 190 10 12 0.026119601 
861 237 11 13 0.026007878 
695 166 8 11 0.025953235 
717 175 9 11 0.025939364 
821 223 10 13 0.025853768 
92 229 11 13 0.025656626 
21 190 10 14 0.025622938 
589 206 10 14 0.025461173 
892 563 52 56 0.025343794 
905 137 7 9 0.02531781 
311 226 11 14 0.025313048 
775 141 7 10 0.025161583 
522 149 7 10 0.02501068 
325 277 11 14 0.024970736 
954 205 9 10 0.024919948 
861 54 8 10 0.02486876 
902 243 10 13 0.0247953 
361 267 11 16 0.02474372 
896 165 8 10 0.024720378 
944 205 9 10 0.024671804 
206 239 11 14 0.024650425 
16 189 10 13 0.024640607 
454 189 12 15 0.024609752 
53 221 11 14 0.024607021 
764 292 12 15 0.024603428 
712 145 7 8 0.02456237 
958 572 15 19 0.024560792 
808 181 10 12 0.02454744 
380 223 18 23 0.024524149 
109 229 9 12 0.024433922 
729 161 8 10 0.024377707 
872 182 9 11 0.024337776 
848 136 9 12 0.024299195 
609 151 10 12 0.024263563 
687 213 9 12 0.024236836 
647 165 8 9 0.024232691 
871 133 8 11 0.024213232 
449 252 12 15 0.02411569 
169 200 16 18 0.024046212 
717 160 8 10 0.023978578 
750 135 9 12 0.023935545 
839 152 9 11 0.023918334 
589 195 10 12 0.02390342 
696 230 10 13 0.02386193 
830 187 9 12 0.02382495 
790 54 11 14 0.023818292 
738 135 8 10 0.023790933 
983 247 12 15 0.0237903 
390 234 14 18 0.023773268 
366 224 9 11 0.023748025 
0 201 20 33 0.023743792 
770 165 8 10 0.023690345 
919 238 10 13 0.023540348 
332 252 16 22 0.023529349 
583 145 8 10 0.023411527 
125 285 23 27 0.02336917 
745 222 18 24 0.023298072 
825 181 9 12 0.023257183 
48 176 9 12 0.023223303 
123 260 16 19 0.023205083 
394 232 20 24 0.023197629 
190 262 13 18 0.023174169 
639 148 9 11 0.023162223 
309 236 11 14 0.02314211 
683 6 93 123 0.023137981 
812 167 11 13 0.023117254 
969 167 7 9 0.023055477 
672 143 9 10 0.022959998 
572 211 18 22 0.02295353 
480 165 7 10 0.02295288 
200 250 13 16 0.022935774 
505 215 9 12 0.022929693 
695 181 8 10 0.022907738 
210 251 13 17 0.022855375 
551 161 7 9 0.022852477 
1012 571 13 20 0.022768606 
278 215 11 14 0.02271465 
729 144 9 11 0.022708442 
8 317 16 22 0.022705274 
829 235 10 15 0.022699164 
325 230 10 12 0.022672461 
761 191 9 12 0.02267058 
131 322 14 20 0.02263584 
434 223 10 13 0.02253764 
766 252 11 15 0.022347393 
654 124 9 11 0.022324963 
856 164 9 12 0.022202276 
678 251 10 14 0.02219397 
126 223 10 12 0.02217364 
783 144 7 9 0.022103269 
105 229 9 12 0.022098621 
960 175 8 10 0.022061288 
513 142 7 10 0.02200411 
440 262 11 15 0.02198408 
22 192 19 24 0.02197077 
699 212 10 14 0.021950476 
742 176 19 23 0.021920895 
604 535 32 34 0.021914972 
535 213 9 13 0.021800552 
933 237 10 12 0.021782171 
814 182 8 11 0.021659186 
539 307 15 21 0.02162535 
665 175 8 10 0.021613566 
403 236 11 14 0.02157744 
319 275 11 15 0.021552235 
1009 208 10 11 0.021489851 
159 236 11 13 0.02148521 
471 295 15 21 0.02145106 
728 174 8 10 0.021434356 
207 255 21 27 0.021378461 
734 172 10 12 0.02130925 
854 174 10 13 0.021286692 
926 262 10 13 0.021282857 
607 214 13 18 0.021184515 
678 206 9 11 0.021150934 
920 181 8 10 0.021144133 
623 177 17 23 0.021138864 
66 174 8 10 0.021105664 
264 228 10 14 0.021101732 
511 204 8 10 0.021098822 
592 168 7 9 0.021038359 
814 143 8 10 0.021015923 
720 182 9 10 0.020992069 
787 28 14 18 0.02099074 
381 234 14 19 0.020966247 
111 223 9 12 0.020906102 
815 156 9 11 0.020879313 
766 340 13 17 0.02081323 
806 150 8 10 0.020802895 
857 152 9 11 0.02071767 
792 237 9 13 0.020713627 
625 245 12 16 0.020712268 
773 175 8 10 0.020696962 
944 229 9 12 0.020694185 
488 151 8 10 0.020653838 
547 167 7 9 0.020553058 
699 250 22 26 0.020552553 
132 277 14 16 0.020547645 
558 228 9 13 0.020541657 
45 283 21 28 0.020498298 
887 221 9 12 0.020452041 
718 198 9 12 0.020375548 
317 370 16 17 0.020370143 
1 190 9 13 0.020325102 
761 206 9 11 0.020254755 
599 151 8 10 0.02023671 
281 179 10 13 0.020227494 
792 192 9 12 0.020221183 
1012 250 12 20 0.020195566 
664 151 7 9 0.020181695 
156 395 17 20 0.0201719 
