2_Demonstration_Demonstrators_2_700
190
254 149 89 111 0.99827576 
639 53 11 12 0.19994561 
534 171 10 13 0.17992613 
551 104 10 12 0.16300842 
568 92 10 13 0.14995413 
536 55 9 11 0.14411592 
560 140 9 11 0.13230167 
416 233 394 526 0.12684432 
525 69 9 11 0.11378972 
510 72 8 11 0.102100395 
583 28 9 11 0.09674359 
544 102 8 12 0.09485816 
259 473 14 18 0.09102297 
569 70 9 12 0.0905744 
1004 336 13 18 0.08813063 
644 49 9 11 0.085682146 
197 1 14 16 0.07680603 
527 78 9 11 0.06717353 
535 80 8 11 0.06355029 
78 37 11 15 0.0589837 
524 62 11 13 0.05388231 
638 69 12 14 0.05199787 
482 343 235 346 0.051759828 
504 6 10 11 0.051508427 
177 40 15 19 0.051449396 
529 37 9 12 0.051282965 
542 47 9 12 0.050342873 
633 91 10 12 0.05000966 
527 103 7 10 0.04913407 
516 203 13 16 0.048937015 
519 26 10 13 0.048683506 
544 95 8 10 0.046824332 
435 511 64 58 0.04657543 
584 68 8 11 0.04625038 
552 87 9 11 0.046166047 
623 47 10 11 0.045889225 
560 60 9 11 0.045230944 
536 47 9 11 0.045140848 
527 56 8 10 0.045078874 
654 95 9 11 0.045066122 
622 86 9 12 0.04490006 
607 79 9 11 0.04415447 
553 52 9 12 0.0440916 
542 53 8 11 0.044001278 
573 152 9 11 0.04399155 
363 557 22 29 0.043837443 
704 45 11 14 0.043431826 
469 178 12 15 0.043115303 
244 467 11 14 0.04300865 
593 62 9 13 0.042649128 
955 381 13 18 0.04233688 
508 14 10 11 0.04165907 
585 92 9 11 0.041597042 
510 53 8 11 0.041133832 
557 54 10 11 0.041068844 
532 235 13 16 0.039577823 
567 63 7 10 0.03872006 
493 156 11 14 0.037447423 
518 47 8 9 0.037351646 
519 4 9 11 0.036734004 
519 94 8 10 0.036727622 
544 107 9 12 0.03643715 
179 50 16 20 0.036256973 
593 57 8 10 0.036234725 
506 -47 433 475 0.035929512 
537 102 8 10 0.03582848 
455 102 12 15 0.035619363 
583 36 12 15 0.035410073 
552 153 8 10 0.035044346 
687 6 9 12 0.034682624 
493 267 14 18 0.034502354 
524 291 12 16 0.034309015 
184 8 12 16 0.03378915 
511 40 9 11 0.033651818 
534 13 10 12 0.033617657 
568 38 9 11 0.03328275 
558 86 9 12 0.0332558 
551 92 8 11 0.03312835 
537 119 7 9 0.033020843 
988 366 9 12 0.032968804 
567 21 11 13 0.032755453 
517 183 11 13 0.032717172 
633 54 10 11 0.032666225 
486 181 11 14 0.032551233 
189 4 14 16 0.032431487 
652 79 10 13 0.032365758 
617 85 9 12 0.032006778 
525 29 10 13 0.031922914 
521 77 7 11 0.031726807 
504 54 9 10 0.031697374 
720 0 12 10 0.030565249 
506 72 8 10 0.030408373 
503 93 9 10 0.030059328 
543 79 9 10 0.02989698 
574 88 9 12 0.029809438 
521 55 8 9 0.029759102 
943 400 12 16 0.02928172 
543 39 10 11 0.029123813 
108 5 12 14 0.028643556 
945 344 9 11 0.02854925 
119 46 14 18 0.028514879 
652 85 11 12 0.028258191 
505 39 8 10 0.027953118 
650 96 10 11 0.02785677 
590 85 11 14 0.027829373 
379 64 411 472 0.027412366 
536 95 7 10 0.027302792 
518 87 8 10 0.02721425 
512 46 8 11 0.026852852 
700 66 11 12 0.02667196 
623 105 10 12 0.026497616 
305 462 9 11 0.026257752 
590 93 9 11 0.026171207 
616 64 10 12 0.026070332 
534 31 9 12 0.025918188 
565 142 9 11 0.025777293 
99 38 13 16 0.025666205 
582 63 9 12 0.025528565 
621 78 11 13 0.02545761 
542 119 7 10 0.025407188 
510 198 14 16 0.025348783 
572 14 10 13 0.024899092 
617 103 9 11 0.024852226 
561 79 8 10 0.024722822 
631 22 9 10 0.02471542 
151 72 14 17 0.024702094 
182 260 10 13 0.02467154 
497 47 8 10 0.024653286 
264 9 13 18 0.024649693 
109 131 15 18 0.024570264 
573 39 10 12 0.024484087 
653 7 11 13 0.024425045 
606 85 8 11 0.024371995 
578 55 8 10 0.024224663 
561 159 7 9 0.024158008 
559 37 9 10 0.02402658 
545 191 9 11 0.023891276 
573 21 10 12 0.023723971 
148 382 16 21 0.02368849 
598 55 8 11 0.023684533 
661 37 10 13 0.023647195 
549 77 9 11 0.023584718 
583 43 10 12 0.023395305 
621 65 10 11 0.023319354 
995 412 12 16 0.023240112 
513 172 9 11 0.0231781 
599 85 10 12 0.023083573 
926 367 9 10 0.023030883 
222 469 11 15 0.023004867 
566 29 9 11 0.022989545 
518 39 9 11 0.022838458 
1007 366 8 11 0.022694595 
687 1 10 10 0.022639738 
293 591 24 28 0.02256237 
529 167 10 12 0.022483118 
599 68 8 11 0.02232851 
582 1 9 9 0.022295885 
531 84 8 11 0.022157505 
591 13 9 11 0.022144524 
606 71 9 11 0.022122148 
509 103 9 11 0.022053583 
953 368 8 11 0.022045482 
285 467 14 18 0.021935709 
513 28 9 11 0.021890236 
631 76 10 13 0.021634713 
633 69 10 13 0.021618448 
618 46 9 12 0.021549065 
529 150 8 10 0.021516537 
623 37 10 13 0.021495707 
550 70 9 12 0.021460263 
512 143 9 11 0.021434914 
511 22 9 12 0.021408072 
984 384 13 18 0.021172386 
552 62 9 10 0.021125967 
614 79 10 12 0.020891443 
537 127 8 10 0.02085154 
338 506 15 20 0.020762572 
606 53 9 11 0.020644778 
535 252 11 14 0.020609334 
926 351 9 10 0.020606343 
565 136 9 11 0.02057143 
484 8 9 10 0.020538673 
576 1 8 9 0.0205124 
507 230 12 14 0.020473957 
30 287 9 12 0.02038618 
526 127 8 10 0.020322695 
556 47 11 13 0.020302394 
637 59 12 15 0.020248843 
538 134 8 10 0.020218046 
140 52 11 14 0.020032082 
