2_Demonstration_Demonstrators_2_713
185
363 388 25 37 0.9704524 
93 379 52 68 0.60898846 
462 382 26 34 0.59543526 
547 366 27 33 0.5625405 
518 329 25 41 0.5580386 
557 343 24 32 0.44457278 
401 310 21 28 0.35891703 
669 413 12 18 0.21348052 
860 314 15 18 0.19868138 
935 279 9 12 0.17738427 
300 300 11 14 0.1674166 
685 331 16 19 0.15485623 
558 272 9 11 0.15061107 
140 280 25 34 0.14804678 
524 259 11 13 0.1464306 
846 326 11 13 0.13127999 
575 264 9 12 0.13062617 
350 395 27 33 0.11579762 
540 310 27 29 0.09264257 
575 285 8 10 0.084066935 
293 315 14 17 0.083089456 
864 381 10 11 0.08215811 
461 291 11 13 0.0821214 
441 301 10 12 0.07836544 
288 318 11 15 0.078245796 
555 314 15 19 0.07590466 
601 269 10 12 0.07425392 
837 337 13 15 0.07327301 
445 270 9 11 0.07260627 
339 293 15 19 0.07179948 
390 310 23 29 0.07029292 
893 308 11 14 0.06909692 
573 426 15 19 0.068565205 
501 279 14 21 0.067711405 
13 350 48 64 0.06730036 
1005 245 9 12 0.06515114 
419 282 12 14 0.06484863 
551 292 12 15 0.058932014 
844 330 12 15 0.05822373 
275 339 14 19 0.057587292 
369 240 10 12 0.05697627 
382 323 13 17 0.056278042 
372 244 9 11 0.055469777 
285 261 8 11 0.0544004 
385 373 27 39 0.052705437 
276 420 12 18 0.052424185 
350 239 12 15 0.05175806 
1001 245 9 11 0.051504444 
375 307 12 17 0.049087 
458 263 8 10 0.04908618 
427 261 9 11 0.047778398 
526 320 27 41 0.046988863 
851 323 13 14 0.046920054 
535 260 9 12 0.046428174 
444 296 10 11 0.046156768 
144 275 39 53 0.046014108 
54 235 10 12 0.044135492 
299 306 13 15 0.043890275 
425 441 39 55 0.04352212 
479 309 12 17 0.041873094 
345 405 29 41 0.041680396 
889 301 10 15 0.041128095 
625 317 9 13 0.04018643 
36 320 19 23 0.039349966 
679 338 13 17 0.038579594 
275 362 13 17 0.038449425 
410 307 16 22 0.03828093 
536 278 10 13 0.038127318 
569 264 10 12 0.037994646 
285 330 12 15 0.037168052 
466 372 29 33 0.03712772 
265 239 8 9 0.03685613 
129 278 25 33 0.03664404 
381 317 24 28 0.036370244 
382 271 10 13 0.035935175 
482 255 9 11 0.03506885 
547 425 15 18 0.03504317 
494 273 15 21 0.033470217 
332 389 21 33 0.033127025 
852 308 17 21 0.033034123 
72 342 80 116 0.032971274 
456 287 11 13 0.03290272 
961 271 8 10 0.03284533 
49 207 8 11 0.032102637 
500 260 11 15 0.03193216 
518 268 11 14 0.031451333 
608 303 7 9 0.031107938 
272 251 9 11 0.03091636 
592 260 9 11 0.030861204 
535 373 31 35 0.030641746 
905 280 8 11 0.03049379 
906 284 9 13 0.030477121 
119 279 21 31 0.030455414 
629 318 11 15 0.030413384 
560 263 10 12 0.030336116 
540 277 10 13 0.029772338 
847 318 11 16 0.029539222 
664 384 27 34 0.029360052 
495 265 13 18 0.02905567 
519 374 26 36 0.028993394 
461 262 9 11 0.028638992 
873 349 10 12 0.02863838 
542 261 9 12 0.028397072 
540 374 17 22 0.028374845 
539 345 15 19 0.028347574 
903 323 11 17 0.027721506 
30 341 11 15 0.027680602 
598 294 8 10 0.0275567 
283 347 14 16 0.027337499 
376 324 11 16 0.027228704 
517 391 28 35 0.027211322 
365 354 16 20 0.027177105 
415 291 11 13 0.026991189 
278 368 13 19 0.026817866 
532 378 15 19 0.02676176 
270 246 9 11 0.026653066 
473 357 27 32 0.026626265 
295 295 19 23 0.026547506 
492 243 11 13 0.026452173 
671 393 16 20 0.026446745 
417 278 10 13 0.026395444 
867 308 14 19 0.026311828 
843 336 12 16 0.026004907 
49 237 10 12 0.025878701 
599 276 9 10 0.025759548 
284 355 14 18 0.025517423 
814 302 12 14 0.02550271 
374 350 24 28 0.02540704 
369 330 395 403 0.025279991 
88 304 18 22 0.02526037 
888 294 9 12 0.025218645 
374 331 14 18 0.025152357 
18 357 14 19 0.025144035 
870 261 9 11 0.024873395 
388 329 26 31 0.02475057 
930 282 11 15 0.02464099 
387 352 15 21 0.02453186 
335 387 13 22 0.024353033 
507 276 15 20 0.024247406 
901 318 11 15 0.024073448 
355 236 12 16 0.023980254 
309 309 9 13 0.023940405 
326 239 10 12 0.023920182 
601 311 7 10 0.023758022 
560 377 14 19 0.023633534 
-6 314 73 112 0.023514649 
411 310 24 35 0.02341495 
373 331 26 30 0.023229407 
590 300 10 11 0.023178007 
279 255 8 10 0.023139318 
309 317 10 14 0.023110548 
530 342 16 23 0.023095885 
848 307 11 17 0.022992512 
373 307 21 29 0.022895167 
986 284 10 13 0.022860052 
383 339 25 30 0.022800786 
935 273 10 12 0.022635698 
895 313 10 16 0.022590654 
275 288 16 22 0.02253927 
-1 369 41 64 0.022252424 
414 271 8 10 0.022201201 
515 275 15 19 0.021878125 
327 413 29 35 0.021835823 
214 260 13 15 0.02163594 
624 302 8 9 0.021607332 
911 269 8 10 0.021444455 
389 338 15 18 0.021341044 
510 262 11 13 0.0212851 
291 330 13 15 0.0212563 
895 270 8 9 0.02118145 
329 333 11 14 0.02108852 
546 290 21 26 0.020952681 
605 288 8 10 0.020948093 
464 254 9 11 0.020856328 
581 263 9 12 0.020686263 
398 270 9 11 0.020620108 
837 327 22 24 0.020529188 
306 301 11 14 0.02050391 
462 377 18 26 0.020418756 
282 340 13 17 0.020399543 
100 330 57 84 0.020353477 
593 280 7 9 0.020265698 
484 322 12 17 0.020252565 
108 275 23 35 0.020155493 
273 351 19 26 0.02003567 
