2_Demonstration_Demonstrators_2_781
106
254 167 51 72 0.99922884 
392 195 25 34 0.9989133 
545 140 58 82 0.99831676 
464 203 40 49 0.9969676 
692 223 46 54 0.98942405 
535 214 32 41 0.989167 
932 230 25 31 0.98854584 
238 131 33 52 0.95258975 
927 272 35 41 0.91256106 
817 231 17 19 0.73808014 
859 245 15 18 0.62474775 
704 17 53 67 0.5517574 
942 272 32 34 0.5093458 
755 247 25 33 0.4042311 
762 225 18 21 0.33998528 
791 239 11 13 0.33041844 
209 137 30 42 0.32278687 
532 188 21 31 0.29620203 
128 217 13 18 0.28458953 
218 129 39 53 0.23722892 
109 228 14 18 0.21806628 
889 243 15 18 0.2178475 
978 251 14 20 0.2166503 
997 239 17 21 0.21285482 
920 229 27 29 0.1866677 
534 191 13 18 0.14792764 
125 225 14 19 0.12534942 
440 224 9 12 0.11496339 
416 188 13 17 0.11137427 
1012 248 12 22 0.107763276 
140 293 16 22 0.10230965 
117 228 13 18 0.09478275 
987 238 22 26 0.09323838 
846 357 38 48 0.09170347 
939 236 27 32 0.083639815 
71 223 12 15 0.077738464 
496 209 25 34 0.07270309 
764 183 16 19 0.062743805 
848 248 15 18 0.062467296 
79 214 10 13 0.06100746 
210 121 22 32 0.05977971 
42 200 8 10 0.05579063 
957 274 21 25 0.055277064 
975 245 13 20 0.054248717 
1004 243 17 25 0.05383038 
86 209 10 11 0.053714782 
747 221 25 30 0.053675123 
866 248 13 17 0.05323145 
667 163 16 22 0.052871346 
898 218 15 17 0.051880557 
980 251 22 26 0.050737917 
756 242 20 24 0.048897147 
47 198 9 12 0.048859295 
769 231 17 22 0.048848268 
845 291 27 30 0.048242938 
70 204 10 12 0.0460108 
153 172 11 15 0.044410605 
889 240 11 14 0.04051226 
782 237 11 16 0.03793591 
749 250 16 20 0.03774571 
917 230 17 21 0.035952922 
66 220 22 25 0.03463081 
943 226 17 24 0.03364911 
121 269 11 14 0.03325957 
786 234 19 24 0.032720674 
42 205 8 11 0.031845838 
80 207 10 12 0.031739663 
116 243 12 13 0.031379633 
9 238 9 11 0.0313349 
290 648 31 33 0.03100526 
858 251 19 22 0.030659752 
230 145 49 69 0.02863537 
2 221 8 11 0.02851752 
138 172 12 15 0.028289218 
49 193 10 13 0.02749372 
664 168 12 17 0.026997507 
61 241 13 15 0.026972745 
715 153 19 20 0.02683715 
84 227 11 15 0.026663778 
922 244 42 52 0.026455434 
960 601 17 20 0.026214505 
355 205 14 19 0.025870249 
132 230 12 16 0.025285741 
340 205 25 32 0.02527547 
851 253 17 20 0.025171295 
741 225 15 21 0.024910888 
833 334 80 103 0.024851864 
501 222 26 30 0.024759302 
619 637 61 57 0.024480406 
72 215 11 13 0.024426091 
325 171 13 20 0.024069736 
895 219 23 26 0.023486748 
248 128 18 30 0.02330455 
75 231 13 16 0.022922317 
55 244 12 13 0.022754172 
1011 550 12 23 0.022106908 
36 245 10 13 0.022070646 
146 318 433 416 0.021587538 
64 229 14 15 0.021454532 
151 168 19 24 0.020705627 
782 334 15 20 0.020624265 
767 254 17 23 0.020422561 
6 221 8 9 0.020285314 
61 228 23 25 0.020284647 
778 232 19 27 0.020210128 
409 190 20 27 0.020064611 
