2_Demonstration_Political_Rally_2_267
55
747 307 31 35 0.9959372 
196 364 20 26 0.65911114 
451 326 20 28 0.41500956 
198 432 22 29 0.3880185 
142 363 23 32 0.29987144 
100 402 22 27 0.29847482 
338 270 27 42 0.28833523 
458 320 17 28 0.2067428 
0 363 34 64 0.18277317 
443 333 22 27 0.17714673 
808 357 24 44 0.1193099 
706 393 25 33 0.093637206 
467 373 38 62 0.08374022 
770 401 29 36 0.077126056 
544 291 34 40 0.07485281 
146 354 18 23 0.06858423 
16 460 26 34 0.06678508 
857 372 29 37 0.05952053 
463 442 14 19 0.057679266 
286 350 32 41 0.056875397 
556 301 45 59 0.055348452 
462 463 15 20 0.053427108 
626 384 26 32 0.051198002 
208 431 19 25 0.04979747 
570 287 35 43 0.044476397 
319 272 31 42 0.04438498 
817 352 29 47 0.043771073 
431 334 25 31 0.04213472 
452 317 17 21 0.04173408 
35 440 17 20 0.036896717 
13 301 39 55 0.035186734 
759 381 44 51 0.03326509 
494 317 83 127 0.031539198 
91 408 26 28 0.030119129 
95 404 16 20 0.029175114 
830 344 36 52 0.028964438 
369 377 416 485 0.027629701 
466 340 77 129 0.027128605 
956 525 60 77 0.027074313 
143 349 15 20 0.025434352 
695 399 41 47 0.02542381 
752 377 26 36 0.0253689 
530 306 81 108 0.025304444 
114 445 18 23 0.024239993 
75 392 17 21 0.023905504 
584 296 32 48 0.023888802 
-2 333 45 76 0.023490775 
307 269 28 45 0.023006592 
789 365 40 51 0.022477297 
89 426 18 20 0.021182649 
78 448 23 28 0.021090118 
217 477 44 66 0.020804504 
702 400 17 21 0.020255959 
846 332 39 52 0.020225823 
189 437 25 32 0.020170597 
