2_Demonstration_Demonstration_Or_Protest_2_619
483
990 195 15 20 0.9715433 
907 117 16 22 0.9535581 
526 125 12 15 0.94808483 
678 96 12 16 0.90534 
807 86 12 15 0.8925212 
429 87 15 19 0.8754493 
432 174 25 30 0.8576034 
648 178 18 23 0.83445686 
854 102 14 17 0.8265489 
250 230 18 21 0.8235799 
647 138 13 18 0.8083875 
203 149 15 19 0.8034978 
781 149 13 15 0.7997253 
945 223 16 19 0.787796 
494 132 13 17 0.7835971 
500 113 11 15 0.7792476 
413 399 24 34 0.7460246 
620 114 13 15 0.7225799 
868 260 16 19 0.70301497 
760 117 9 12 0.6941771 
736 137 11 14 0.6808895 
294 173 13 19 0.6422614 
459 204 16 20 0.62512475 
550 195 16 19 0.5526863 
417 114 11 15 0.5504287 
572 130 12 15 0.54529524 
900 187 15 19 0.5393119 
705 206 22 27 0.51622903 
555 110 12 15 0.5089295 
201 228 15 22 0.48016223 
593 26 10 14 0.45414698 
390 125 15 19 0.45250732 
817 138 14 19 0.43505535 
469 121 15 19 0.43397978 
872 364 14 17 0.43175757 
241 192 16 20 0.3711774 
788 183 14 19 0.3261899 
614 172 13 16 0.32481164 
982 256 14 21 0.32426772 
895 267 14 16 0.32197222 
255 129 14 18 0.31701794 
784 180 12 18 0.31313652 
452 114 14 17 0.3062518 
496 177 21 27 0.29556543 
203 199 12 17 0.29219446 
553 84 12 16 0.28340334 
491 213 17 21 0.28156337 
283 258 22 26 0.2721583 
530 255 17 20 0.27035922 
474 545 19 21 0.26528788 
580 152 13 18 0.26386446 
797 114 11 14 0.2611236 
518 237 15 23 0.25369236 
734 50 11 14 0.2528227 
789 347 16 22 0.25191975 
320 307 27 39 0.25130108 
395 181 16 19 0.2470392 
428 180 18 22 0.24644405 
652 266 18 23 0.2448993 
736 119 10 13 0.24452734 
542 141 12 14 0.22604531 
826 327 16 19 0.22357999 
572 137 14 18 0.22250433 
600 92 11 14 0.2171308 
419 394 15 19 0.21634932 
550 20 9 12 0.19001654 
572 145 15 20 0.18727817 
341 107 16 19 0.18514872 
105 149 16 20 0.17046936 
933 283 14 17 0.16553985 
660 197 22 27 0.1641556 
308 355 22 27 0.1544173 
814 300 13 16 0.14767207 
548 231 15 19 0.14714503 
357 147 17 20 0.14582647 
433 288 17 22 0.14065486 
499 137 14 17 0.13844475 
766 103 9 12 0.13770424 
418 264 17 19 0.13762757 
849 251 14 19 0.13661137 
838 159 11 15 0.135156 
599 170 11 15 0.13178639 
349 84 13 16 0.12983371 
462 121 15 21 0.12819797 
188 266 15 19 0.12720233 
443 175 20 25 0.12651552 
795 186 12 16 0.12599635 
629 131 13 16 0.1220246 
212 264 16 22 0.12163422 
868 129 14 17 0.11931433 
819 151 13 18 0.11777367 
157 198 12 15 0.11720369 
204 266 14 22 0.1142087 
888 187 12 18 0.11290959 
507 139 12 16 0.10936318 
343 101 13 15 0.10935641 
195 267 15 20 0.107390165 
736 58 10 13 0.10578313 
500 144 16 20 0.10497608 
986 289 11 17 0.098390594 
787 297 14 19 0.097820505 
981 259 42 59 0.09777916 
415 292 29 40 0.09664196 
759 171 14 19 0.0957583 
881 147 15 19 0.09371881 
764 109 12 15 0.093685776 
603 215 16 22 0.09129741 
805 107 10 13 0.08811239 
156 203 15 19 0.086735845 
209 151 16 20 0.084837675 
484 175 24 29 0.08379431 
293 132 17 21 0.080962785 
845 168 13 18 0.07900399 
830 157 12 14 0.078074835 
588 233 13 19 0.07732325 
524 240 21 27 0.07162545 
758 166 12 15 0.07093483 
985 280 23 31 0.07046559 
293 122 15 17 0.06939163 
189 201 15 20 0.069022484 
425 395 15 17 0.06891458 
766 125 10 12 0.06878225 
140 354 15 18 0.06866886 
932 202 14 19 0.06825475 
555 191 15 18 0.068120725 
138 431 15 20 0.06791841 
753 164 10 13 0.06779674 
605 170 13 17 0.06778217 
596 212 16 22 0.06766144 
246 262 15 21 0.0670545 
876 139 14 19 0.06700195 
338 131 15 19 0.06682086 
761 102 10 12 0.066345416 
500 235 17 21 0.06593811 
212 168 17 20 0.06494007 
613 137 13 18 0.064855345 
925 200 14 20 0.06435286 
526 111 10 12 0.063327275 
975 321 13 18 0.063108765 
386 343 14 21 0.0626218 
775 143 14 18 0.06233832 
212 198 20 25 0.061362855 
973 265 13 18 0.0611374 
749 246 15 21 0.060950667 
755 117 10 13 0.06048096 
471 540 16 20 0.060077883 
793 111 11 15 0.059507485 
510 238 15 21 0.059339434 
475 170 17 23 0.05919113 
356 178 13 19 0.058727298 
590 217 15 21 0.05815391 
284 132 13 17 0.057948068 
442 286 15 22 0.05781105 
563 195 12 17 0.05775678 
519 119 13 16 0.057696886 
93 258 13 17 0.057314187 
893 180 14 21 0.057216007 
404 186 14 17 0.05692636 
212 377 17 22 0.056822386 
250 258 13 18 0.05681168 
459 116 14 19 0.056464538 
614 145 14 18 0.05642978 
648 187 22 26 0.055788346 
807 102 11 14 0.055380516 
276 163 13 18 0.05451651 
823 91 10 13 0.0541097 
751 189 11 15 0.053736422 
338 114 22 30 0.052923568 
922 188 14 16 0.05201423 
548 144 12 16 0.051247023 
343 86 12 15 0.050894905 
668 168 16 22 0.050536886 
650 201 19 21 0.049967013 
371 149 12 16 0.048928116 
946 213 17 20 0.047931638 
230 157 13 18 0.047913086 
999 195 15 19 0.047476005 
366 98 14 19 0.047261167 
863 227 12 18 0.046759 
788 153 12 14 0.04674597 
268 122 12 16 0.046707004 
489 201 25 30 0.046634022 
219 205 18 22 0.046596374 
906 180 15 20 0.04646365 
544 170 13 16 0.04605904 
963 208 15 21 0.045604326 
208 156 22 27 0.045450997 
696 211 28 35 0.044592313 
805 297 23 27 0.044563655 
247 131 13 19 0.044542585 
410 195 14 18 0.04446159 
788 173 13 19 0.044454966 
342 92 13 16 0.044409312 
873 357 17 19 0.04440273 
540 230 20 27 0.044042755 
532 131 12 15 0.043906737 
976 260 12 18 0.043289162 
657 259 22 30 0.042805042 
674 201 13 21 0.042783964 
403 297 31 41 0.042577296 
786 196 17 23 0.042447746 
266 283 15 18 0.04239589 
850 253 21 24 0.04231703 
182 202 15 21 0.0422724 
156 250 17 24 0.04197444 
788 144 12 15 0.04180036 
876 346 15 17 0.041476995 
144 252 22 27 0.041291673 
124 424 20 27 0.04109622 
426 162 26 32 0.041044742 
151 202 13 16 0.04067417 
334 111 16 20 0.040571444 
722 209 14 19 0.04045899 
888 315 12 15 0.04011856 
273 373 15 19 0.039670065 
868 233 14 19 0.03965912 
219 351 16 21 0.039389532 
236 375 15 20 0.03926424 
565 286 27 27 0.038968958 
813 318 25 31 0.038923483 
565 222 13 16 0.038352143 
498 121 15 19 0.038002066 
333 124 14 20 0.037753392 
776 185 12 17 0.037692465 
874 252 13 18 0.03731711 
414 93 11 14 0.03725292 
219 212 21 26 0.03661737 
8 133 26 32 0.036362465 
853 170 12 16 0.036205627 
790 165 13 17 0.036107667 
506 169 16 23 0.036066018 
421 280 25 31 0.03594454 
870 135 15 20 0.03582398 
508 160 16 21 0.03577393 
364 143 13 17 0.035645444 
626 110 11 13 0.035558034 
795 306 14 18 0.035314556 
867 242 15 20 0.035287034 
583 181 11 13 0.035024673 
139 257 17 21 0.03494876 
556 140 11 15 0.034773014 
682 212 22 30 0.034706026 
161 212 14 17 0.034689594 
223 370 23 32 0.034563232 
350 285 25 31 0.034269508 
132 418 16 20 0.034252077 
342 132 23 30 0.034035306 
838 209 11 17 0.033840995 
882 340 15 18 0.033823416 
508 116 11 15 0.033814717 
858 113 15 19 0.03365521 
860 241 15 20 0.033392556 
786 299 22 28 0.033188157 
550 26 10 14 0.03318716 
417 269 23 28 0.0330831 
846 301 24 28 0.033074323 
476 552 21 22 0.033038456 
117 421 16 27 0.03295548 
898 55 15 19 0.03288677 
284 163 13 19 0.032836337 
158 217 15 18 0.032722466 
619 176 13 17 0.032682598 
679 242 26 36 0.03264933 
852 244 15 20 0.032513022 
591 32 10 14 0.032469362 
311 212 13 15 0.03243802 
211 226 13 19 0.032394454 
416 553 18 19 0.032142777 
812 100 12 15 0.03209674 
317 359 21 30 0.032038663 
806 163 12 16 0.032006692 
289 176 13 17 0.031922337 
667 188 16 21 0.031919774 
485 137 15 17 0.031883277 
860 251 15 19 0.03187163 
123 275 14 19 0.031725314 
260 256 15 18 0.031717073 
390 391 45 59 0.03159152 
286 212 13 16 0.03155807 
460 109 12 17 0.031517014 
242 306 25 32 0.031455014 
426 262 13 17 0.031430718 
960 240 76 100 0.03133494 
627 233 15 21 0.031312004 
281 119 21 27 0.031042885 
251 138 22 30 0.030974915 
833 325 14 17 0.030936526 
599 177 13 16 0.030895269 
571 196 13 17 0.030807523 
596 204 14 17 0.030691927 
227 349 13 18 0.030668441 
119 268 13 17 0.030483944 
929 353 19 23 0.030472176 
775 335 20 29 0.030441316 
455 127 15 19 0.030389385 
342 85 22 25 0.030380119 
104 143 11 16 0.030273005 
843 158 12 16 0.030074628 
948 309 13 15 0.029981846 
818 293 13 17 0.02991769 
994 204 16 19 0.029908655 
557 211 12 15 0.029764451 
807 308 26 31 0.029634302 
937 287 17 18 0.029539974 
545 195 13 19 0.029492524 
552 80 11 14 0.02929904 
190 232 16 20 0.0292967 
620 137 12 18 0.029283416 
927 207 15 21 0.029051356 
350 182 15 20 0.029011557 
405 199 22 27 0.028995795 
479 237 13 17 0.028864076 
343 106 26 31 0.02875568 
595 223 15 22 0.028650634 
363 178 12 18 0.028398205 
287 148 13 16 0.02837104 
885 374 11 14 0.02834823 
172 234 15 18 0.02825384 
291 144 16 19 0.028232032 
510 123 12 15 0.028211927 
474 534 18 19 0.02810667 
289 268 19 22 0.027985267 
755 184 14 18 0.027919732 
692 257 16 23 0.02788965 
362 265 22 26 0.027781626 
357 337 24 31 0.027575655 
616 122 12 14 0.027574528 
354 489 16 21 0.02741734 
919 200 14 19 0.027341334 
939 201 14 18 0.02728472 
947 282 15 18 0.027111249 
271 221 13 16 0.027079629 
257 240 16 19 0.027055293 
862 124 13 17 0.027039511 
419 118 14 18 0.026940826 
79 194 15 19 0.026825054 
656 169 20 25 0.02682268 
271 201 13 16 0.026757384 
569 225 15 19 0.026661798 
898 105 20 27 0.026595019 
130 258 21 27 0.026588961 
205 194 19 26 0.026580712 
348 123 26 32 0.026511714 
411 380 22 33 0.026479932 
794 169 15 20 0.026176432 
782 116 11 14 0.026029902 
479 152 24 28 0.02600043 
326 210 13 17 0.025990194 
519 109 11 13 0.025944425 
335 99 15 19 0.025825009 
937 131 99 120 0.025788058 
595 234 14 21 0.025769345 
603 240 15 20 0.025763042 
460 239 15 21 0.02570417 
157 222 23 25 0.025636822 
520 104 8 10 0.025595153 
758 113 17 22 0.025533767 
596 76 10 12 0.025490543 
696 164 11 13 0.025451092 
556 180 13 17 0.025294464 
991 287 30 38 0.025284203 
426 301 19 24 0.025200833 
350 146 16 21 0.025200678 
566 103 10 13 0.025162451 
329 132 11 15 0.025113255 
563 108 11 13 0.025087986 
269 153 15 20 0.025048703 
474 161 16 21 0.024942689 
730 45 12 15 0.02489199 
140 418 14 20 0.024859894 
729 123 12 16 0.02476268 
206 482 21 34 0.024742639 
185 465 26 41 0.024630291 
326 264 16 24 0.024535626 
958 203 14 21 0.024530271 
237 137 13 18 0.024427012 
239 403 14 19 0.024355555 
183 321 28 33 0.02428439 
780 206 14 22 0.0242663 
729 134 11 15 0.024238441 
355 89 13 17 0.02422152 
241 494 17 22 0.024218213 
794 147 12 14 0.02419402 
451 190 22 28 0.024184946 
592 87 9 12 0.024119718 
425 408 17 20 0.024094628 
926 279 15 18 0.024075694 
598 36 11 12 0.02407176 
798 103 11 13 0.024052965 
139 439 17 21 0.024016554 
435 394 14 16 0.024001803 
471 521 15 18 0.023974728 
984 197 15 20 0.023964662 
717 221 24 31 0.023937201 
169 200 23 29 0.023914794 
193 188 23 31 0.0238569 
876 236 12 16 0.023833642 
447 111 14 18 0.023784164 
565 231 14 19 0.023780817 
987 293 16 23 0.023757618 
179 260 18 24 0.023703735 
869 107 11 15 0.023516627 
121 402 24 31 0.02347144 
150 192 12 14 0.023432283 
895 91 14 15 0.02334518 
842 283 15 18 0.023328895 
675 228 25 37 0.023304401 
435 154 17 21 0.023254022 
774 109 10 13 0.023182802 
677 207 14 21 0.023105761 
985 255 26 36 0.023060715 
349 96 21 26 0.022998933 
62 139 14 18 0.02290504 
843 203 15 20 0.022820812 
887 267 14 17 0.02279331 
827 194 16 21 0.022666167 
610 212 15 21 0.022627417 
734 81 12 14 0.022593772 
217 381 18 23 0.022583282 
198 143 15 19 0.022570042 
374 410 32 43 0.02241914 
730 201 16 18 0.022387536 
516 140 13 17 0.022367885 
606 218 22 29 0.022302648 
413 98 13 17 0.022196734 
542 79 8 11 0.022153765 
893 381 11 12 0.022137163 
297 131 23 27 0.022114342 
170 256 16 23 0.022084642 
940 212 14 19 0.02205558 
947 313 25 33 0.02204449 
954 218 15 21 0.021891553 
277 136 15 18 0.021845741 
592 92 10 14 0.021844333 
763 184 14 17 0.021765273 
261 124 21 26 0.021735672 
232 378 23 31 0.021728534 
455 556 14 17 0.02170859 
910 37 11 13 0.021641104 
347 138 14 18 0.021640498 
492 152 16 19 0.021586567 
942 306 14 17 0.021560157 
715 198 15 18 0.021522108 
773 133 12 14 0.021474613 
122 419 16 21 0.021448035 
760 324 28 37 0.021421527 
878 192 15 19 0.021406675 
481 146 16 19 0.021376546 
424 164 11 17 0.021274181 
369 341 22 29 0.021248974 
551 104 11 14 0.021217855 
563 213 12 15 0.021204496 
542 102 9 12 0.02118931 
152 209 14 18 0.021187432 
406 216 23 30 0.02116355 
340 192 14 17 0.021145197 
975 242 23 35 0.021100117 
828 185 15 20 0.021014586 
753 254 16 20 0.020820133 
590 239 13 19 0.020807588 
394 184 24 30 0.020800404 
449 287 15 21 0.020775327 
381 349 17 25 0.020766174 
105 216 16 18 0.020759847 
402 261 26 26 0.020740785 
195 279 17 22 0.020595277 
433 79 17 19 0.02058864 
309 170 14 20 0.020518655 
558 132 11 15 0.02049048 
771 341 15 20 0.020430526 
724 197 14 19 0.020415347 
258 161 14 18 0.020379212 
411 227 21 28 0.020361846 
513 154 14 18 0.020350445 
906 132 16 21 0.02034227 
83 367 24 33 0.020293878 
661 215 16 17 0.020271474 
441 161 17 22 0.020253763 
492 234 18 21 0.02015771 
893 255 15 19 0.020156967 
562 274 26 30 0.020083956 
812 80 12 14 0.02004986 
437 388 13 16 0.020008046 
