2_Demonstration_Demonstration_Or_Protest_2_98
1734
361 490 32 41 0.99940276 
558 482 32 42 0.9993729 
378 420 22 31 0.9958144 
411 506 26 32 0.9833066 
193 505 29 35 0.98119843 
605 577 39 47 0.97590965 
285 566 38 43 0.97049004 
514 525 33 41 0.9620492 
329 567 41 50 0.9584252 
277 526 27 35 0.9482515 
865 605 29 34 0.9207419 
443 462 24 28 0.9016805 
513 481 21 29 0.8751693 
104 295 9 12 0.86372966 
889 327 12 16 0.8384296 
351 301 10 13 0.83376306 
5 479 19 22 0.8258689 
325 474 19 29 0.8144392 
997 55 8 11 0.81364167 
300 69 9 12 0.81149286 
26 461 16 24 0.80278224 
76 276 10 12 0.77482706 
26 239 8 12 0.74850607 
139 515 21 28 0.7435242 
69 298 9 12 0.7420072 
187 285 11 14 0.73891824 
527 233 8 11 0.73424536 
527 60 8 10 0.7068003 
77 236 8 10 0.6711169 
418 294 9 11 0.64681745 
589 192 10 12 0.6392648 
791 56 8 10 0.6300257 
564 84 11 15 0.6256484 
668 243 11 14 0.62501353 
1 431 17 21 0.61725146 
55 277 10 12 0.61147535 
148 269 9 13 0.61018777 
133 299 10 12 0.60802513 
556 253 9 12 0.60719275 
836 281 12 16 0.6025218 
53 302 8 10 0.594912 
637 128 9 12 0.5910946 
408 259 11 13 0.5880807 
580 254 10 14 0.5794628 
588 475 24 31 0.577783 
960 215 9 12 0.5741063 
495 72 9 12 0.56358254 
662 606 29 40 0.5577555 
446 418 16 21 0.5556999 
725 166 8 11 0.55453503 
388 79 8 11 0.54153585 
590 282 11 14 0.53580064 
276 84 9 11 0.5068772 
764 79 9 12 0.49914193 
893 230 8 11 0.49732053 
159 293 12 15 0.48812255 
577 154 11 14 0.48700458 
312 302 10 12 0.46474123 
123 488 20 27 0.45900914 
933 206 9 12 0.45715094 
75 182 7 10 0.44992542 
548 139 10 13 0.44397724 
579 125 9 13 0.43391967 
360 39 7 9 0.43115768 
32 261 8 11 0.4304952 
885 38 8 11 0.430375 
756 144 9 12 0.4274698 
173 172 9 11 0.42466658 
198 85 8 11 0.42004457 
518 295 11 14 0.40757832 
977 252 9 12 0.40336058 
516 126 11 14 0.40294066 
353 272 9 11 0.4006933 
751 182 9 11 0.3988225 
336 288 9 11 0.3954278 
724 41 9 11 0.3918684 
590 461 20 30 0.38919342 
743 85 8 11 0.38882014 
33 295 9 12 0.3864179 
118 256 8 10 0.38531914 
190 410 15 18 0.38372797 
528 251 11 12 0.38339302 
839 621 32 30 0.3806275 
31 117 8 9 0.3768075 
193 228 8 10 0.37651977 
253 305 8 11 0.37487668 
200 93 9 12 0.3730273 
640 78 8 11 0.37289497 
226 224 8 10 0.37066332 
555 36 8 11 0.36407444 
222 551 30 45 0.35887164 
457 319 9 11 0.35702544 
677 60 8 11 0.3569103 
247 79 11 14 0.3568969 
492 230 9 11 0.35677046 
216 94 10 12 0.35643783 
481 111 9 11 0.3557009 
1001 333 13 17 0.35338628 
213 114 10 13 0.34960368 
871 176 10 13 0.34450427 
615 117 12 16 0.34050542 
518 77 9 11 0.3400127 
18 174 8 11 0.33012623 
784 222 8 11 0.32291245 
832 159 9 12 0.32144308 
276 78 11 13 0.3184782 
960 296 12 15 0.31802288 
980 199 8 12 0.3174213 
119 111 8 10 0.31696305 
753 7 9 12 0.31477457 
415 210 10 12 0.3136684 
417 195 10 12 0.31333572 
590 85 8 10 0.31258366 
641 54 9 10 0.30998802 
167 256 8 11 0.3066697 
40 518 22 26 0.30589607 
511 124 12 15 0.30504653 
106 511 18 21 0.30177155 
723 187 11 14 0.30150822 
2 260 8 12 0.30060682 
1002 112 8 10 0.29773545 
0 527 12 22 0.2906476 
209 224 9 10 0.28847432 
942 133 9 11 0.28688106 
966 389 10 12 0.28391075 
909 109 8 10 0.28284553 
980 221 8 11 0.28185153 
164 577 22 29 0.28057364 
449 452 22 30 0.2747201 
57 316 8 10 0.2726943 
695 137 8 10 0.27260917 
439 125 9 10 0.2704511 
589 81 7 9 0.27015188 
674 124 8 11 0.2697112 
388 263 8 10 0.26909074 
804 131 11 12 0.26551458 
357 56 9 12 0.26425576 
104 263 9 11 0.26394278 
592 92 9 11 0.26280835 
79 68 7 10 0.26254252 
296 284 9 12 0.26182958 
936 325 11 13 0.25945967 
291 112 8 10 0.2590717 
399 167 11 12 0.25526983 
61 317 8 10 0.25076663 
479 268 7 10 0.24888772 
16 465 20 28 0.24878612 
56 159 8 10 0.24535674 
420 176 8 11 0.24495904 
167 78 9 12 0.2443998 
780 94 9 11 0.2418636 
253 84 8 11 0.24026674 
84 503 15 19 0.2389094 
48 48 7 9 0.23889963 
743 257 8 10 0.23749246 
985 103 8 10 0.23323473 
848 329 14 17 0.23096015 
485 100 9 12 0.23027839 
12 109 9 11 0.22916016 
325 447 14 18 0.22881013 
721 43 9 11 0.22793339 
7 78 10 13 0.22704676 
622 179 8 12 0.22202784 
628 163 10 13 0.22180468 
406 44 9 11 0.22173294 
173 238 8 11 0.22072443 
441 271 8 11 0.22017527 
3 503 16 22 0.22000574 
127 263 8 11 0.21638273 
531 458 13 16 0.21576516 
166 215 8 9 0.21438038 
926 229 9 11 0.21360174 
431 232 9 11 0.21211597 
229 604 27 39 0.21043673 
508 274 12 15 0.20766191 
292 222 16 18 0.20697984 
610 70 8 11 0.20680857 
174 183 8 11 0.20652546 
401 229 8 12 0.20528865 
926 256 14 18 0.20495205 
413 232 9 11 0.20469737 
314 59 9 12 0.20464854 
216 88 8 10 0.19829081 
754 56 7 10 0.19799127 
166 223 8 10 0.19713661 
58 239 7 10 0.19697213 
851 614 31 31 0.19654402 
196 79 10 13 0.19570881 
782 134 8 10 0.1956918 
311 45 8 9 0.1949906 
864 93 8 9 0.19459853 
761 133 9 12 0.19303517 
990 234 9 12 0.19280228 
871 253 7 9 0.1920617 
685 248 11 13 0.18906258 
421 275 9 11 0.1889619 
807 236 9 12 0.18679646 
896 30 7 10 0.186188 
781 278 7 10 0.1851904 
873 284 11 14 0.18331662 
480 291 10 12 0.18126222 
592 510 24 29 0.18109494 
634 627 28 30 0.1807911 
223 280 10 11 0.18057631 
442 276 8 11 0.1798085 
926 224 9 10 0.17859831 
207 285 9 11 0.17821796 
712 126 11 12 0.17758144 
151 172 7 11 0.1764751 
129 268 9 11 0.17582981 
546 99 9 12 0.17562628 
975 229 9 11 0.17170557 
392 182 9 11 0.17053106 
165 286 11 13 0.16995522 
704 60 8 11 0.16985345 
115 64 7 9 0.16895504 
955 45 8 10 0.16850884 
710 94 9 11 0.16764677 
710 62 7 10 0.16695657 
893 136 9 11 0.16668718 
154 119 7 9 0.16667011 
698 180 9 11 0.16659902 
121 548 14 17 0.16613656 
623 54 7 10 0.1660747 
520 73 8 10 0.16508958 
263 103 8 10 0.16504966 
458 165 9 11 0.16467774 
485 623 47 39 0.16462728 
119 294 9 12 0.16364796 
111 241 8 10 0.16235822 
144 183 7 9 0.16203703 
561 207 8 11 0.1618792 
301 285 8 11 0.16144505 
736 108 10 11 0.1602128 
970 143 8 10 0.15980344 
198 437 24 27 0.15977088 
525 165 9 12 0.15974663 
114 112 8 10 0.15971512 
727 318 10 11 0.15900545 
466 70 7 9 0.1585163 
957 40 7 10 0.15781434 
704 57 7 9 0.15759288 
635 148 11 16 0.1574242 
818 78 7 10 0.15690751 
49 54 7 10 0.15661165 
616 55 8 11 0.15650186 
181 118 8 12 0.15542011 
1008 201 9 11 0.15508112 
56 181 8 10 0.15432538 
73 272 9 11 0.15418185 
1013 102 8 11 0.1540501 
936 169 11 12 0.1525309 
710 101 9 12 0.15092856 
738 71 7 9 0.1506553 
250 113 8 10 0.1505965 
34 566 14 17 0.14951544 
248 278 8 10 0.14900705 
597 101 9 13 0.1487245 
802 102 7 10 0.14870816 
631 157 12 15 0.14830735 
614 147 10 13 0.14828795 
281 248 9 12 0.1481716 
861 260 9 11 0.14753969 
354 60 10 14 0.14683144 
56 282 10 12 0.14538616 
127 198 7 9 0.14505884 
487 293 10 12 0.14405067 
7 256 9 12 0.14352855 
479 164 9 11 0.14343406 
862 255 8 11 0.14335479 
614 111 9 12 0.14315291 
562 388 11 13 0.14303283 
497 167 8 10 0.14288242 
576 413 11 14 0.14232314 
439 109 7 9 0.14203572 
275 56 8 11 0.14135714 
861 151 12 14 0.14100425 
719 85 8 10 0.13926627 
550 232 9 12 0.13890831 
905 103 10 12 0.13760978 
80 315 9 11 0.13737823 
295 367 11 14 0.13609827 
629 175 9 11 0.1355636 
62 232 8 10 0.13482484 
581 319 13 16 0.13480932 
494 294 11 14 0.13393673 
412 256 10 13 0.13387294 
624 553 25 29 0.13320759 
5 238 8 11 0.13278623 
277 60 8 11 0.13275522 
71 133 7 10 0.13057876 
385 267 9 12 0.13025188 
813 236 8 11 0.12996967 
407 231 10 13 0.12992296 
952 59 10 12 0.12931389 
276 71 10 13 0.12893489 
64 246 8 10 0.12711488 
9 73 9 9 0.1266651 
309 410 10 13 0.12653446 
672 67 9 11 0.1261432 
122 103 8 10 0.12533948 
675 313 13 18 0.1251898 
637 142 11 13 0.12474314 
107 486 15 17 0.12425312 
401 44 9 11 0.123136446 
431 87 7 9 0.12277151 
495 237 8 11 0.12236207 
582 143 10 11 0.121961646 
66 96 8 10 0.121419415 
984 108 9 11 0.12087387 
665 238 11 15 0.12084051 
320 441 15 19 0.11942985 
464 298 12 14 0.11908082 
220 308 10 12 0.11776981 
830 62 7 9 0.11769119 
950 283 9 12 0.11684681 
172 488 24 27 0.116651766 
97 62 7 9 0.11620986 
180 66 13 14 0.11607609 
839 260 10 13 0.11527871 
69 101 8 11 0.114711404 
642 551 23 32 0.11391584 
208 293 10 13 0.113225065 
728 126 8 11 0.11168953 
5 261 9 11 0.111223884 
61 176 8 9 0.11058352 
169 184 9 11 0.10963859 
215 300 10 14 0.108418584 
108 443 13 17 0.10831909 
526 172 8 11 0.10811633 
150 223 8 9 0.10763671 
491 465 17 20 0.10697907 
420 193 10 11 0.10673012 
454 93 8 10 0.105682544 
769 55 8 9 0.10479839 
23 453 16 20 0.104568146 
805 256 8 10 0.10355101 
496 485 27 34 0.10329091 
114 256 8 10 0.102528684 
662 182 7 10 0.102243245 
213 229 8 10 0.101738416 
94 160 8 10 0.10169943 
703 316 13 14 0.10145642 
500 295 11 13 0.101212576 
942 100 9 11 0.100670904 
935 150 10 14 0.10060721 
897 59 9 12 0.10045334 
162 225 7 10 0.09982264 
998 207 9 11 0.0996227 
817 310 11 15 0.09922612 
313 296 10 12 0.09898154 
207 280 9 11 0.09887519 
938 330 12 15 0.09796111 
455 277 10 13 0.09789598 
520 164 10 12 0.0978292 
270 315 10 13 0.09780265 
516 109 9 11 0.09757234 
737 78 7 10 0.09660319 
671 86 10 12 0.09656593 
857 474 10 13 0.09650311 
535 215 8 11 0.09645879 
451 78 7 10 0.09613658 
78 176 8 10 0.09595465 
737 64 8 10 0.09591503 
111 261 9 11 0.095196724 
742 81 8 10 0.09519583 
88 62 7 9 0.09486325 
600 271 11 13 0.09466437 
609 77 9 11 0.09461618 
345 278 8 11 0.09445439 
174 278 11 13 0.093948945 
976 46 9 12 0.09357051 
2 232 8 11 0.0925877 
524 158 11 13 0.09248487 
289 280 8 11 0.0913804 
762 128 9 12 0.09084444 
96 191 8 12 0.0907968 
535 402 12 15 0.08990063 
671 78 10 12 0.089429125 
302 103 8 9 0.088721976 
207 94 8 11 0.0878673 
220 98 9 12 0.08776009 
133 63 7 10 0.08757135 
548 53 10 11 0.087500036 
130 295 10 14 0.08734957 
785 227 8 10 0.0873036 
532 249 10 11 0.08720763 
8 269 9 11 0.08672244 
153 632 19 19 0.08649092 
14 104 8 10 0.08632346 
132 505 13 17 0.08597326 
586 84 9 12 0.08589046 
184 280 11 14 0.085713044 
769 270 9 11 0.08542428 
841 365 11 13 0.08520508 
391 164 10 13 0.085074194 
536 88 7 10 0.08456865 
926 61 6 10 0.08436761 
410 104 8 10 0.08411706 
857 189 10 12 0.08408131 
802 126 11 13 0.083640866 
10 106 9 10 0.08361099 
976 217 10 12 0.083411425 
140 294 9 12 0.08324482 
242 56 8 11 0.08305054 
162 77 8 11 0.08285545 
857 54 7 8 0.08243504 
166 200 9 11 0.08235717 
631 78 8 10 0.08186527 
56 263 8 10 0.081695125 
170 572 14 20 0.08123573 
55 56 7 9 0.0811421 
489 247 7 10 0.081067204 
513 300 8 11 0.080555856 
440 133 9 11 0.08054867 
493 56 8 9 0.08050018 
552 261 10 13 0.08050011 
505 121 8 11 0.08045443 
425 100 8 12 0.0800225 
456 117 8 9 0.07974075 
104 158 9 10 0.0796613 
149 515 21 31 0.07947828 
101 506 17 20 0.07906919 
525 138 11 14 0.078898616 
185 158 9 12 0.07873998 
245 60 8 11 0.07871835 
671 249 10 14 0.0786884 
360 44 8 11 0.07860892 
550 63 10 11 0.07786347 
672 101 11 14 0.077830195 
585 277 12 14 0.07761984 
72 129 8 9 0.07755289 
241 71 10 11 0.07742539 
166 207 8 10 0.07736434 
78 282 10 11 0.077099495 
168 229 8 10 0.07707833 
142 286 10 11 0.07707413 
495 245 8 10 0.07697507 
144 96 9 11 0.07687067 
311 263 9 11 0.076703414 
454 87 8 10 0.07669614 
584 93 8 10 0.076673366 
903 539 13 17 0.07659104 
135 197 9 11 0.07659056 
28 242 8 12 0.07625418 
883 149 12 14 0.07579286 
662 197 9 12 0.07541967 
430 55 7 9 0.075415015 
296 103 9 11 0.075188234 
474 457 17 20 0.07509433 
194 200 8 11 0.07506179 
14 71 7 9 0.07497052 
249 307 9 11 0.0748039 
317 294 9 12 0.074779645 
328 415 11 14 0.07471035 
781 100 8 11 0.074671045 
595 94 10 13 0.07440139 
471 83 9 11 0.074366406 
54 297 10 12 0.07421676 
559 211 9 12 0.0740813 
431 103 8 10 0.07403702 
425 55 8 11 0.07381526 
922 86 9 10 0.07380282 
117 69 8 10 0.07373798 
862 280 9 12 0.07360642 
624 78 9 11 0.073517404 
434 63 7 10 0.073392004 
613 85 9 12 0.073124506 
1005 111 8 10 0.07289693 
31 268 8 10 0.07273429 
726 80 9 11 0.07261214 
887 141 11 12 0.07257872 
942 638 14 17 0.072454534 
160 199 7 11 0.072338484 
977 52 9 11 0.07186763 
120 151 10 12 0.071466796 
188 262 10 13 0.07145934 
822 144 9 10 0.07141812 
678 167 9 11 0.0712366 
149 265 9 12 0.0711334 
145 276 10 11 0.071010575 
340 286 9 12 0.0709403 
697 62 8 9 0.07086088 
138 192 8 10 0.07085661 
496 172 10 12 0.07078963 
433 70 8 9 0.07043864 
985 237 8 12 0.07042307 
197 294 10 13 0.07022289 
425 87 6 9 0.070193104 
167 148 8 11 0.07017659 
596 275 12 15 0.07017514 
516 333 9 12 0.070078194 
559 80 11 13 0.069721125 
513 105 9 11 0.06968779 
153 229 8 9 0.069664374 
999 278 9 11 0.06962397 
162 205 8 11 0.06953532 
357 86 9 11 0.06934911 
216 324 10 13 0.06927305 
765 247 10 13 0.06925369 
401 72 9 11 0.06892459 
927 234 10 12 0.068870366 
22 342 10 13 0.06853118 
910 501 11 14 0.06832692 
597 24 14 17 0.06817067 
256 102 8 11 0.0681555 
984 70 7 9 0.068033904 
677 275 15 16 0.067943364 
120 97 8 10 0.067883246 
1008 103 8 10 0.06773205 
181 45 8 10 0.067422435 
124 108 8 11 0.0673556 
12 254 10 12 0.067262776 
548 187 10 13 0.06720048 
739 84 8 11 0.06713924 
208 136 9 10 0.066671304 
491 61 7 9 0.06654203 
651 549 23 37 0.066228464 
609 84 9 13 0.06612284 
558 68 9 11 0.06608552 
417 88 6 9 0.06574086 
465 78 9 11 0.06543713 
170 168 9 11 0.06495267 
74 150 8 10 0.06491623 
1009 309 10 14 0.06485989 
40 270 8 10 0.06481692 
149 216 8 11 0.06457573 
296 311 8 12 0.06442142 
437 143 10 12 0.064142995 
376 285 9 12 0.06365378 
294 360 9 11 0.063509755 
200 99 9 11 0.06332574 
482 454 22 25 0.06310018 
644 78 8 10 0.06305869 
658 195 9 12 0.0629435 
821 187 10 13 0.06294261 
292 215 14 15 0.06290982 
1014 245 9 14 0.06287856 
362 318 9 11 0.06287234 
88 501 22 24 0.06277083 
475 269 8 10 0.062767886 
523 294 11 13 0.0627565 
941 150 12 14 0.06268748 
861 471 10 13 0.06266471 
252 371 9 11 0.062384505 
655 215 9 11 0.062336832 
293 549 33 44 0.062259622 
709 311 10 13 0.06200808 
256 246 8 11 0.061853316 
709 106 10 13 0.061794434 
357 276 9 12 0.061689354 
856 551 27 31 0.061639424 
622 102 9 11 0.061498642 
433 110 8 9 0.06135329 
423 96 9 10 0.061078876 
929 213 10 11 0.060997423 
96 422 12 16 0.06096895 
48 514 19 24 0.060861453 
208 166 9 11 0.060846694 
494 63 7 9 0.060817692 
81 343 8 11 0.06080675 
58 112 8 11 0.0607774 
999 127 9 10 0.060774826 
418 71 8 10 0.060764514 
17 95 7 10 0.06073283 
229 279 9 11 0.06065455 
47 246 7 10 0.06050255 
548 96 9 11 0.06035157 
75 69 8 10 0.060198512 
876 164 12 14 0.060143877 
568 270 9 11 0.060041346 
617 176 11 13 0.059910122 
576 120 10 13 0.059906617 
485 287 9 12 0.059901137 
144 221 8 11 0.059810616 
7 165 7 10 0.05898033 
386 83 11 12 0.058848944 
17 170 8 10 0.05884847 
399 110 7 8 0.058839425 
368 238 7 9 0.05878538 
361 286 8 11 0.05869547 
979 245 10 14 0.058670755 
513 264 8 11 0.058667067 
544 236 10 12 0.058586955 
154 197 8 10 0.0585163 
316 54 9 12 0.058491413 
296 379 11 13 0.05840078 
868 554 15 19 0.057983167 
550 46 10 12 0.057966862 
409 212 10 12 0.05774932 
62 111 9 11 0.05772832 
783 374 7 10 0.05765135 
111 152 7 11 0.057592817 
455 312 10 13 0.05752481 
582 120 10 13 0.057506237 
496 343 9 11 0.057435166 
104 276 9 11 0.0574243 
983 230 10 12 0.05740526 
471 136 7 9 0.057372082 
565 205 8 11 0.057251617 
552 268 10 11 0.057185628 
613 78 9 11 0.05711619 
334 297 10 13 0.05701738 
490 225 8 11 0.0568546 
103 80 8 10 0.05678531 
214 277 8 11 0.0566122 
542 87 8 11 0.05657012 
462 310 11 13 0.056468997 
956 54 9 11 0.056441676 
90 159 8 11 0.056187723 
198 198 8 12 0.056104854 
375 279 10 12 0.05596008 
591 99 12 15 0.055936147 
800 96 8 10 0.055776514 
127 276 9 11 0.055619888 
78 189 9 13 0.055489443 
766 223 10 12 0.05535517 
72 143 8 10 0.05523748 
1 309 8 12 0.055235583 
675 57 8 10 0.05510978 
10 63 8 10 0.055107422 
7 221 8 10 0.054859232 
253 110 8 11 0.05481183 
878 155 14 15 0.05460293 
833 535 9 12 0.05457361 
119 288 9 12 0.054364484 
737 278 11 13 0.054184116 
245 72 10 12 0.05400165 
422 72 7 9 0.053945735 
145 117 8 10 0.05392025 
310 92 9 12 0.05388143 
197 224 8 11 0.053527147 
909 96 9 11 0.053315345 
871 137 9 11 0.05331236 
551 68 10 11 0.05303982 
175 243 9 10 0.05303618 
750 216 8 10 0.052943885 
586 197 10 11 0.05280058 
525 151 11 13 0.052740306 
798 196 10 13 0.052501258 
784 217 9 12 0.052415874 
482 97 9 11 0.052392762 
936 128 8 12 0.052356873 
520 136 12 15 0.052266464 
613 60 9 11 0.05219236 
526 463 15 20 0.05218628 
560 62 9 12 0.05208948 
387 426 21 28 0.051931255 
308 540 29 38 0.051921517 
415 57 9 11 0.051903207 
833 38 10 13 0.051751766 
717 311 9 11 0.05174485 
775 272 8 11 0.051740907 
377 294 9 10 0.051579624 
352 201 9 11 0.051543362 
830 174 9 11 0.05151833 
59 117 8 10 0.051483627 
0 437 12 20 0.051406883 
181 73 12 15 0.05138859 
496 125 8 10 0.051097233 
780 88 9 11 0.050879538 
446 272 9 12 0.05078463 
736 247 8 10 0.050719716 
141 190 8 11 0.05062202 
335 271 8 10 0.050390687 
625 70 9 11 0.050306205 
877 281 9 12 0.050294522 
609 62 9 11 0.050120868 
125 119 8 10 0.049854454 
738 254 9 11 0.049689177 
0 203 8 11 0.049479306 
422 78 8 10 0.049454354 
542 279 9 12 0.04938393 
40 278 10 11 0.049322784 
581 131 10 13 0.04921771 
161 150 8 11 0.049007405 
114 231 7 9 0.04888713 
183 112 10 12 0.048678473 
161 71 8 12 0.04864781 
221 331 10 12 0.048646443 
224 567 39 53 0.048571706 
303 109 8 10 0.04850575 
450 93 9 11 0.048445225 
276 91 10 12 0.048297312 
557 258 10 13 0.04817297 
61 180 8 11 0.048010312 
450 87 8 10 0.047941938 
254 277 7 10 0.0479083 
462 284 10 12 0.047676627 
241 76 12 15 0.04767539 
25 78 8 10 0.04766709 
8 142 8 11 0.047447283 
51 184 7 10 0.047388986 
75 157 8 10 0.047225762 
920 236 9 12 0.047177643 
165 514 25 33 0.047063023 
288 94 8 9 0.046957415 
1014 106 9 12 0.04681397 
440 319 8 10 0.046755936 
81 506 21 27 0.046725444 
205 141 11 13 0.046703104 
297 63 10 12 0.046667647 
442 285 8 11 0.04664845 
73 177 9 11 0.04656554 
757 62 9 10 0.046431106 
672 143 10 12 0.046400126 
776 253 7 10 0.04636448 
961 231 9 10 0.04631757 
38 286 9 10 0.04629383 
200 316 11 13 0.04619472 
471 278 8 11 0.046143144 
162 253 9 13 0.046122942 
609 212 9 12 0.046113294 
312 67 9 12 0.046077956 
545 48 9 11 0.046004754 
468 308 9 12 0.04596004 
566 575 24 41 0.045945697 
713 47 8 9 0.04587504 
669 271 26 27 0.045862924 
293 116 9 10 0.04570561 
176 475 28 31 0.045688406 
837 43 11 13 0.045647267 
27 594 50 47 0.04562409 
173 85 8 10 0.045496587 
305 96 8 9 0.045481585 
560 54 9 11 0.045468044 
993 212 11 13 0.04545409 
439 167 10 12 0.045444913 
975 77 7 10 0.0453422 
966 394 12 16 0.04528809 
405 287 10 12 0.045081563 
155 294 8 11 0.044940148 
432 119 9 11 0.044732165 
61 495 20 27 0.044543523 
968 467 10 13 0.044538062 
776 128 9 11 0.04453587 
128 497 22 29 0.044419896 
110 157 7 10 0.044377793 
517 263 10 12 0.044338256 
526 259 11 13 0.044246025 
502 220 12 15 0.044230286 
975 94 8 11 0.04413855 
60 159 8 10 0.043966513 
821 78 8 10 0.04394058 
177 61 12 15 0.04381003 
946 278 10 13 0.043782562 
26 111 7 9 0.043731984 
124 143 9 11 0.043723136 
134 204 9 11 0.043669224 
768 60 10 12 0.043370172 
491 453 15 19 0.043098845 
676 120 9 11 0.043077603 
23 142 8 11 0.043070063 
622 48 9 12 0.04305448 
525 451 22 26 0.042985063 
854 558 13 15 0.04296108 
719 317 9 10 0.04291746 
173 506 27 37 0.042868305 
461 279 10 12 0.04281348 
464 95 7 9 0.042608242 
894 179 9 11 0.04256357 
141 508 14 19 0.04253868 
830 69 8 10 0.04248639 
799 295 9 12 0.042405523 
798 86 8 10 0.04237905 
270 103 9 12 0.042339776 
437 64 8 10 0.042239185 
848 47 8 10 0.042238105 
209 112 10 13 0.042231403 
683 314 14 17 0.042213734 
400 63 8 10 0.042178407 
394 340 9 12 0.042148266 
640 73 8 10 0.042068202 
902 325 12 15 0.042041615 
49 59 9 10 0.042003702 
207 216 10 12 0.04197667 
662 85 9 12 0.041933298 
312 316 12 14 0.04189183 
37 263 8 10 0.041851383 
974 137 7 10 0.041836444 
490 235 9 13 0.041836206 
544 166 9 11 0.04178686 
257 253 8 11 0.0417781 
462 244 10 12 0.04176085 
857 48 7 11 0.041700523 
262 254 9 12 0.041688967 
172 77 11 14 0.041633613 
317 309 10 13 0.041583084 
625 159 10 14 0.04156888 
393 309 9 12 0.04152282 
554 249 9 11 0.041445408 
392 173 10 13 0.041399594 
237 105 8 9 0.041387342 
727 627 13 18 0.041310083 
821 148 8 11 0.04126529 
163 101 8 11 0.041260444 
167 267 10 12 0.041118406 
584 107 10 12 0.041055214 
848 214 9 11 0.040989056 
678 245 12 16 0.04086169 
484 115 9 11 0.040852986 
762 250 10 13 0.04082392 
129 67 9 10 0.04078771 
950 151 9 11 0.040718604 
697 55 7 10 0.040716935 
968 230 9 11 0.04070143 
605 222 9 12 0.040673096 
239 374 8 11 0.040642686 
888 34 8 11 0.040595286 
167 412 10 15 0.04058624 
901 535 21 30 0.04051577 
695 315 13 15 0.040471908 
766 214 8 10 0.040465064 
175 271 9 11 0.04044184 
737 260 10 12 0.04036082 
95 247 7 9 0.040347148 
312 89 9 11 0.040330444 
825 165 9 12 0.040313706 
562 198 9 11 0.040258072 
589 231 9 11 0.040240854 
214 135 9 12 0.040144045 
359 80 9 12 0.040138885 
562 395 12 17 0.040113047 
119 238 7 9 0.03999555 
784 295 8 10 0.039933473 
518 82 9 12 0.039839625 
1002 104 8 10 0.039832156 
835 557 10 13 0.039814726 
546 61 9 12 0.039764766 
575 277 9 11 0.039750844 
687 77 9 12 0.03970395 
816 149 10 12 0.039676324 
33 457 16 25 0.039494686 
212 437 25 29 0.039474275 
712 88 8 10 0.03940231 
826 70 7 10 0.03939434 
32 71 7 10 0.039378528 
740 103 8 12 0.03935871 
841 469 12 15 0.039319552 
422 263 9 11 0.039217062 
466 65 7 9 0.039205313 
0 135 7 11 0.03919982 
391 187 9 12 0.039199274 
307 44 8 11 0.039088946 
1012 198 9 13 0.039061714 
535 221 8 10 0.039055005 
430 311 9 10 0.038980786 
961 237 10 11 0.038965844 
637 206 8 10 0.038952522 
868 149 12 14 0.03894185 
491 71 8 11 0.038832884 
445 294 9 12 0.03882684 
690 135 9 11 0.03879116 
792 296 8 11 0.03873855 
50 188 8 11 0.038629383 
206 315 10 14 0.03856583 
15 143 7 10 0.03848756 
390 256 8 11 0.03844345 
23 234 17 23 0.038420275 
630 71 8 11 0.038233846 
863 542 27 32 0.038146526 
759 103 9 12 0.03813157 
977 192 9 11 0.03808244 
1007 151 8 10 0.03800661 
581 521 27 30 0.03798972 
38 254 9 12 0.037888423 
392 240 8 10 0.03783536 
76 521 18 23 0.037744015 
347 349 8 11 0.037707794 
409 349 8 10 0.037665494 
800 108 8 11 0.037612587 
805 138 10 13 0.037582032 
214 318 10 12 0.037559047 
576 248 11 13 0.037545804 
178 124 10 11 0.03745174 
232 104 8 11 0.037373144 
120 233 6 9 0.03735652 
606 230 9 11 0.037352752 
971 341 16 19 0.037349753 
719 277 11 13 0.037338488 
430 466 28 30 0.037334803 
288 443 12 14 0.037327163 
800 327 10 12 0.037248664 
781 273 8 10 0.037189644 
885 583 15 21 0.037141286 
152 192 8 11 0.03704871 
576 92 9 11 0.03703665 
416 94 7 9 0.037028078 
928 331 12 15 0.036993977 
78 150 8 11 0.03693189 
408 13 12 14 0.03686294 
871 259 9 12 0.036703218 
582 269 10 12 0.036665272 
161 64 7 10 0.036657535 
577 452 14 18 0.03660401 
575 191 8 10 0.036576122 
317 69 9 13 0.036562532 
968 73 8 10 0.036424294 
434 123 9 12 0.036409825 
697 189 9 12 0.036312617 
7 90 10 13 0.03618565 
755 181 11 12 0.036100984 
470 64 7 9 0.03603672 
213 165 9 11 0.03603579 
248 127 10 12 0.03602175 
7 303 9 12 0.03597441 
413 102 8 11 0.03594624 
464 85 8 10 0.035940737 
692 117 10 13 0.035885412 
80 195 10 12 0.035770074 
683 270 16 18 0.0357683 
254 272 8 10 0.035761822 
302 247 9 11 0.035692327 
588 222 9 10 0.03569193 
104 256 7 10 0.035672385 
534 270 10 11 0.03564513 
276 102 10 13 0.035637785 
66 490 15 19 0.035615116 
158 411 11 15 0.03558671 
786 60 8 10 0.03552274 
522 236 11 13 0.03544773 
262 247 8 10 0.03536894 
609 236 9 11 0.03536701 
62 286 9 11 0.035356548 
406 256 17 21 0.03530204 
291 364 19 24 0.03523667 
357 65 10 13 0.03520063 
110 435 22 29 0.035150044 
41 247 8 10 0.03502316 
617 104 8 11 0.035011087 
950 271 8 11 0.03499433 
440 264 9 12 0.03494987 
453 328 12 16 0.03494817 
174 292 10 12 0.034936924 
876 549 11 15 0.034851447 
57 342 9 11 0.034834657 
336 280 10 12 0.034742925 
806 119 9 11 0.0346778 
867 156 12 14 0.034676712 
400 235 9 12 0.03467528 
920 259 12 16 0.034643173 
352 92 10 12 0.03458499 
404 171 9 12 0.03458432 
310 208 11 13 0.03454976 
209 237 10 12 0.034548048 
73 165 9 10 0.03453735 
532 115 12 14 0.034522414 
710 56 8 9 0.034408916 
839 328 22 27 0.034403473 
896 364 10 13 0.03440041 
1014 378 10 14 0.03439383 
445 260 10 13 0.034370486 
294 210 23 25 0.03435374 
826 57 7 9 0.034333084 
357 200 8 11 0.034329195 
726 312 11 12 0.034318592 
896 192 9 12 0.03431464 
746 215 7 10 0.034265812 
106 247 8 9 0.0342253 
834 606 54 48 0.0341969 
691 140 9 13 0.03417161 
424 318 9 12 0.03415564 
119 247 8 10 0.03414682 
56 257 8 10 0.034106813 
250 103 8 11 0.03410612 
916 507 13 15 0.034081705 
725 276 10 11 0.034069244 
711 68 8 11 0.0340611 
607 363 9 12 0.034034524 
257 392 10 13 0.034023277 
5 126 10 12 0.034011785 
224 456 27 36 0.033988915 
535 278 10 12 0.033983808 
567 140 10 13 0.033946484 
185 150 9 11 0.033846483 
552 78 9 11 0.0338174 
581 249 10 13 0.03379758 
503 215 10 12 0.033711564 
804 181 10 12 0.033710666 
100 517 20 22 0.033686046 
248 272 8 12 0.03368458 
673 167 8 11 0.033661462 
418 211 11 14 0.03364801 
599 33 12 15 0.033641897 
262 96 8 10 0.033641305 
240 254 9 12 0.033627044 
807 77 8 11 0.033625714 
40 55 7 9 0.033569653 
0 139 8 13 0.033557467 
111 455 14 20 0.033551805 
889 179 9 12 0.03354842 
996 182 9 12 0.033512782 
167 71 9 13 0.03345038 
863 181 9 12 0.033350825 
966 221 8 11 0.03334802 
581 310 13 16 0.033339754 
489 214 9 11 0.03333361 
445 254 10 12 0.033327244 
757 56 7 9 0.033313084 
288 530 30 36 0.033267897 
238 109 9 11 0.033244364 
182 189 9 10 0.033194102 
184 183 8 11 0.033104215 
957 150 10 12 0.03309524 
831 140 9 11 0.032865863 
726 630 24 25 0.03285687 
55 72 8 10 0.032838684 
126 246 9 10 0.032823298 
278 539 30 40 0.032805264 
250 133 9 12 0.032748133 
546 261 8 11 0.03270154 
405 224 10 11 0.032680783 
286 132 9 11 0.032678757 
173 504 15 20 0.032661743 
419 158 11 14 0.032657046 
366 262 10 11 0.032647084 
22 180 8 9 0.03263342 
255 94 9 12 0.03259254 
790 263 9 11 0.03250663 
929 151 9 13 0.032479 
5 308 9 13 0.032430854 
744 310 9 12 0.03236168 
268 506 39 48 0.032352403 
896 48 9 11 0.032335754 
104 289 10 12 0.032301575 
418 78 8 11 0.032278296 
678 69 8 12 0.03224079 
662 93 9 11 0.03221653 
800 78 9 11 0.0321621 
418 205 11 14 0.03214281 
503 86 7 10 0.031962346 
991 111 8 10 0.031948715 
143 395 24 29 0.031929627 
49 72 7 10 0.03190154 
935 143 9 11 0.031901352 
544 69 9 11 0.031864326 
852 211 10 11 0.031813666 
2 163 8 12 0.03181344 
197 204 9 12 0.03180998 
154 616 25 32 0.03174623 
992 246 9 11 0.03173473 
61 271 8 11 0.031720478 
532 231 9 11 0.031704642 
528 117 10 12 0.031693656 
869 468 11 13 0.03169207 
199 286 9 12 0.031624667 
115 425 22 31 0.03160553 
386 355 13 15 0.03160509 
34 55 7 9 0.031596992 
583 331 11 14 0.03152189 
783 140 9 12 0.0314573 
646 71 8 11 0.031431302 
102 290 17 22 0.03134618 
573 479 27 37 0.0313434 
945 270 10 11 0.03134316 
844 255 9 12 0.031341363 
64 252 9 11 0.031196268 
688 116 10 13 0.031179575 
702 135 8 10 0.031173248 
239 247 8 11 0.031158611 
366 140 8 11 0.031121362 
503 206 8 10 0.03109992 
202 279 9 10 0.0309149 
773 165 9 12 0.030841062 
490 76 10 11 0.030820899 
494 496 18 22 0.030724017 
271 296 8 11 0.030692069 
173 261 9 11 0.030619975 
215 122 10 14 0.03057385 
137 183 8 10 0.030560782 
185 141 9 12 0.030496161 
985 115 9 11 0.030461228 
81 333 9 11 0.030448448 
737 94 9 11 0.0304269 
389 286 10 12 0.030391464 
85 344 9 12 0.030390622 
523 56 8 10 0.030382441 
135 287 10 13 0.030366344 
162 261 9 11 0.030252866 
283 464 16 21 0.030239873 
167 491 15 20 0.030204438 
415 269 11 14 0.030195842 
611 520 27 32 0.030186467 
831 78 9 11 0.030131215 
242 118 9 11 0.03012553 
8 295 8 11 0.030124571 
287 87 9 11 0.030119112 
970 77 8 10 0.030118994 
367 427 14 19 0.030112727 
529 215 9 11 0.030089267 
238 296 8 10 0.03007224 
976 72 7 11 0.030055892 
447 318 9 12 0.030035319 
639 120 10 13 0.030028693 
431 318 8 11 0.029958785 
806 108 8 10 0.029936254 
0 513 12 22 0.02993104 
663 80 8 11 0.029902833 
103 104 7 10 0.02988921 
135 278 8 10 0.029882394 
399 161 9 11 0.029862653 
25 270 8 10 0.029859511 
759 108 9 13 0.029859455 
993 116 8 11 0.029856259 
72 188 9 11 0.02982328 
382 277 9 12 0.02982124 
62 56 6 9 0.029790863 
236 348 12 18 0.02969181 
760 72 10 12 0.02959825 
409 87 8 9 0.029587252 
885 44 9 11 0.029568575 
970 94 8 11 0.029554056 
927 247 12 14 0.029521894 
610 56 8 12 0.029491238 
304 308 9 12 0.029442782 
690 275 13 15 0.029413017 
991 96 9 10 0.029404562 
944 62 8 10 0.029379303 
926 104 9 11 0.029357214 
47 271 8 10 0.029341502 
657 93 9 13 0.0293327 
799 332 12 15 0.029317414 
999 132 8 11 0.029306073 
917 512 15 19 0.02930088 
649 613 26 33 0.029269198 
149 181 8 10 0.0292688 
553 248 16 22 0.029225087 
116 483 15 22 0.029219013 
223 272 9 12 0.02912361 
448 236 8 11 0.029122328 
231 229 9 11 0.02906117 
55 60 8 9 0.029025469 
807 73 7 9 0.0290189 
437 230 10 13 0.029007755 
178 399 24 27 0.028988037 
837 268 11 15 0.028977197 
272 151 9 11 0.028969198 
106 240 7 10 0.028947078 
0 303 8 13 0.028895905 
118 77 9 11 0.028886829 
870 281 18 22 0.028883899 
500 239 9 11 0.02884509 
57 243 8 11 0.028841883 
742 119 9 10 0.028836101 
574 269 10 11 0.028820587 
736 239 8 11 0.028788824 
66 197 9 11 0.028738474 
598 355 11 14 0.028726604 
469 316 10 12 0.028722944 
434 147 10 13 0.028698396 
543 171 10 12 0.028680645 
573 86 9 12 0.028666416 
974 148 8 10 0.02864543 
699 310 22 25 0.028642384 
420 299 10 12 0.028641565 
123 154 11 14 0.028629467 
90 57 7 9 0.028613146 
197 323 11 13 0.028541073 
8 245 8 11 0.028518116 
580 531 15 20 0.028512873 
290 357 9 12 0.028504295 
588 141 9 12 0.028474178 
47 136 8 11 0.02847388 
241 276 8 12 0.02844962 
784 261 9 11 0.028432714 
624 189 8 11 0.028427985 
398 247 9 11 0.028293733 
1016 78 8 11 0.028283326 
1000 200 9 11 0.028282685 
608 142 10 13 0.028271213 
471 139 10 12 0.02826065 
765 118 8 10 0.028259747 
801 72 8 9 0.028252337 
290 103 8 12 0.028251236 
405 77 9 11 0.028219262 
653 289 12 17 0.028209317 
542 206 10 12 0.028208803 
824 158 9 12 0.028187083 
239 309 10 12 0.028157908 
857 184 10 12 0.028144294 
317 46 8 10 0.028111985 
645 308 15 21 0.028029468 
1014 469 10 15 0.028028507 
449 324 10 12 0.028020194 
589 215 9 12 0.027975375 
767 208 8 10 0.027957818 
577 198 9 11 0.027945383 
625 61 8 10 0.02792666 
14 116 8 10 0.0279154 
40 153 7 9 0.027871925 
48 278 9 10 0.027832596 
101 64 7 9 0.027823327 
877 269 9 11 0.027785214 
774 247 8 11 0.027780749 
727 368 9 11 0.027753655 
550 108 9 11 0.027741175 
845 115 11 14 0.027708456 
147 175 8 11 0.027701842 
718 119 10 13 0.027696984 
646 101 9 12 0.027675314 
831 136 8 10 0.027670428 
669 214 9 12 0.027653899 
749 311 9 11 0.027626988 
176 63 21 24 0.02760187 
853 590 53 56 0.027598014 
89 224 8 10 0.027587483 
470 103 8 10 0.027565397 
196 445 17 21 0.0275532 
218 483 26 37 0.027497526 
774 60 8 11 0.02747226 
140 197 9 11 0.027471608 
846 220 9 11 0.027423631 
585 340 9 13 0.027406156 
21 95 8 10 0.027396582 
137 224 8 11 0.027380927 
597 191 9 11 0.02736301 
272 364 10 13 0.027336115 
39 230 9 11 0.027332751 
430 80 9 10 0.02732178 
461 160 9 11 0.02726116 
64 191 8 10 0.02722199 
949 617 15 17 0.027163839 
135 246 9 10 0.027094832 
961 372 10 15 0.027084403 
153 123 9 11 0.02707248 
440 292 11 13 0.027050246 
981 190 10 13 0.02701023 
356 37 8 11 0.026997462 
293 87 9 11 0.026947048 
160 248 8 11 0.026921336 
97 254 7 10 0.026898028 
975 431 10 12 0.02688638 
237 343 10 13 0.026848692 
573 221 8 11 0.026848512 
977 39 8 11 0.026815489 
212 285 9 12 0.026794909 
80 214 8 10 0.026757235 
40 157 8 10 0.026727686 
221 110 9 11 0.026697287 
180 55 12 13 0.02668183 
233 108 9 12 0.026681582 
904 127 9 11 0.026641462 
300 233 13 15 0.026586788 
954 214 10 12 0.026585136 
222 443 25 31 0.026583107 
27 116 8 11 0.026572289 
231 83 10 13 0.026552288 
474 164 8 11 0.026518065 
425 14 8 11 0.026515124 
62 166 8 10 0.026493784 
160 84 9 11 0.026457522 
890 224 8 11 0.026433982 
982 452 13 17 0.0264096 
383 284 9 12 0.026402656 
1012 312 11 17 0.02640195 
637 101 11 14 0.026399536 
1 221 7 11 0.026386168 
651 625 14 20 0.026384272 
862 560 15 18 0.02634175 
309 351 9 11 0.026317362 
646 288 14 18 0.026304701 
664 251 12 14 0.026295183 
97 68 8 10 0.02625512 
972 332 13 16 0.026254095 
350 117 8 10 0.02622106 
159 269 9 11 0.026110936 
932 334 15 19 0.026108814 
590 107 10 12 0.02609322 
608 556 33 36 0.026077364 
156 493 14 19 0.026057236 
862 301 10 13 0.026019523 
679 200 8 11 0.025963277 
341 293 10 13 0.02592258 
49 158 8 11 0.025918983 
513 165 8 10 0.025911234 
834 527 8 10 0.025895411 
544 255 8 11 0.025895122 
308 228 11 14 0.02589246 
22 224 9 10 0.02586811 
743 268 10 13 0.02586017 
997 188 10 11 0.025851589 
185 257 8 10 0.025847921 
559 334 9 13 0.025838071 
440 95 7 8 0.025822291 
127 239 7 9 0.025820492 
983 151 8 10 0.025797108 
682 258 16 18 0.025721515 
857 229 10 13 0.0257113 
718 231 8 10 0.025708154 
782 128 9 11 0.02570082 
761 278 7 9 0.025676688 
612 533 27 36 0.02567123 
567 254 11 13 0.02562976 
408 53 9 11 0.025622698 
72 271 19 22 0.025618678 
734 270 11 12 0.025612228 
41 87 7 9 0.025528058 
500 71 9 11 0.025499951 
782 256 8 9 0.025425667 
710 166 9 12 0.025417572 
454 273 10 12 0.025413629 
494 215 9 10 0.025374314 
88 230 8 11 0.025357472 
503 311 8 10 0.025322495 
951 494 9 11 0.0253222 
781 117 9 11 0.02531312 
50 504 24 28 0.025301138 
305 303 10 12 0.025283499 
385 258 8 10 0.025280243 
450 73 7 9 0.025269743 
431 268 9 12 0.025225908 
470 284 9 13 0.025223354 
526 68 9 11 0.025216674 
17 231 7 10 0.025191836 
240 271 8 11 0.02517425 
88 79 8 10 0.025159704 
452 446 14 19 0.025132425 
831 561 12 16 0.02511566 
796 55 8 10 0.025110142 
46 87 7 9 0.025095727 
513 72 8 10 0.025081368 
496 161 9 11 0.025076928 
238 301 9 12 0.025072271 
942 345 13 17 0.02505806 
48 296 10 11 0.025000751 
599 517 26 35 0.024976611 
424 49 8 10 0.024950756 
378 493 27 35 0.024941849 
30 276 10 12 0.024935521 
127 193 7 9 0.024927141 
664 203 9 12 0.024839247 
161 96 9 11 0.024838692 
271 426 12 15 0.024803257 
711 119 12 14 0.024787134 
77 127 7 9 0.024762068 
568 222 10 11 0.024729164 
627 601 45 48 0.024720686 
933 320 18 23 0.024708869 
774 71 8 10 0.024693722 
833 261 10 14 0.024689203 
56 153 9 11 0.024682635 
830 472 12 16 0.024640337 
144 111 9 12 0.02463698 
163 299 11 12 0.024632819 
942 556 12 14 0.02461221 
759 72 17 24 0.02459289 
545 231 10 12 0.024584154 
273 136 9 11 0.024575321 
486 470 17 21 0.024566058 
930 126 9 12 0.02456585 
446 232 8 10 0.02456177 
637 277 13 15 0.02455844 
95 239 7 9 0.024542075 
457 223 8 11 0.024522029 
232 543 29 39 0.02451945 
533 235 9 12 0.024512323 
635 306 14 18 0.024501286 
296 303 9 11 0.02449977 
564 100 11 13 0.024437193 
192 324 10 12 0.024436397 
57 349 9 11 0.024436342 
138 300 11 12 0.024364097 
815 198 8 10 0.024326013 
316 322 11 13 0.024318792 
134 403 14 17 0.024318546 
868 93 8 10 0.024314238 
62 485 15 20 0.024299331 
780 110 9 11 0.024299022 
290 371 10 14 0.024298595 
793 94 8 11 0.024291895 
287 295 9 11 0.02427298 
329 286 8 11 0.024270656 
1006 269 10 12 0.024252903 
391 92 8 10 0.02425149 
778 140 9 12 0.024238784 
905 86 8 9 0.024219394 
462 183 9 11 0.024210958 
511 256 9 11 0.024186611 
648 280 21 26 0.024159797 
462 118 8 10 0.024149379 
909 132 10 11 0.024131041 
407 344 9 11 0.024119953 
67 506 15 21 0.024119617 
999 309 10 14 0.024103647 
318 448 22 31 0.02409033 
116 462 16 21 0.024031041 
231 139 12 14 0.024019191 
395 45 8 11 0.024015311 
415 163 12 16 0.023990523 
864 389 10 13 0.023934817 
625 548 18 22 0.0239333 
710 323 10 12 0.023923494 
406 614 16 21 0.023923067 
447 102 8 10 0.023912251 
298 73 10 13 0.023905925 
294 55 10 12 0.023885895 
727 120 8 11 0.023881929 
995 278 9 11 0.02388188 
147 167 8 12 0.023862008 
950 356 10 13 0.02385524 
577 206 9 11 0.023853866 
710 279 12 14 0.023853498 
1005 116 8 10 0.02384405 
134 324 9 10 0.023840055 
835 30 12 14 0.02382382 
904 498 13 17 0.023787912 
910 224 8 9 0.023767877 
910 230 9 11 0.023759173 
845 124 11 13 0.02374813 
193 407 25 27 0.023704648 
925 79 9 11 0.023679707 
179 488 30 33 0.023589265 
878 262 8 10 0.023576735 
960 366 10 13 0.023565387 
573 405 19 25 0.023564182 
414 246 9 12 0.023552708 
932 247 10 12 0.023537822 
657 277 23 28 0.023528887 
240 327 9 12 0.023525383 
361 139 9 12 0.023520833 
172 256 9 11 0.023515875 
496 254 8 10 0.023515131 
876 587 25 35 0.023503635 
655 230 9 13 0.02348931 
470 325 11 13 0.023488184 
848 617 19 23 0.023475707 
401 286 9 13 0.02347424 
828 332 15 18 0.023461573 
765 332 10 14 0.023458017 
534 55 7 10 0.023454705 
190 69 10 13 0.023452101 
677 246 21 24 0.023447806 
395 180 11 12 0.023430405 
663 234 18 24 0.023425858 
162 592 19 23 0.023411822 
878 255 7 10 0.02340017 
849 53 9 10 0.023396628 
37 112 8 10 0.023363313 
279 126 9 10 0.023347052 
221 436 14 20 0.023342405 
88 85 8 11 0.023328308 
350 110 9 13 0.023280716 
566 334 9 12 0.023264974 
859 150 9 12 0.0232625 
55 221 8 10 0.023259608 
768 275 9 11 0.023255453 
864 132 9 12 0.02323766 
225 443 16 19 0.023228528 
682 626 13 17 0.023226904 
66 134 8 10 0.023208555 
124 255 9 11 0.023165494 
129 295 19 21 0.023162672 
352 31 8 11 0.023143277 
193 299 10 12 0.023135526 
762 230 8 10 0.023127813 
353 231 8 10 0.023126012 
465 102 8 10 0.023120122 
559 191 10 12 0.023107324 
69 326 9 11 0.023106834 
246 255 11 13 0.023073653 
732 126 10 11 0.023069171 
536 79 8 10 0.023025872 
718 110 9 12 0.023020148 
552 85 9 12 0.023009002 
279 135 10 11 0.023000585 
862 268 9 13 0.022974953 
577 108 9 12 0.022955865 
348 296 18 23 0.02293732 
484 332 11 13 0.022935968 
858 95 7 9 0.022914028 
189 445 28 32 0.022909574 
121 192 8 10 0.022897936 
509 215 9 11 0.022894027 
469 462 16 19 0.022883218 
496 261 9 11 0.022882111 
848 236 8 11 0.022872858 
165 403 11 16 0.02286612 
167 280 12 14 0.02286398 
366 270 9 11 0.022825561 
800 230 11 13 0.022811478 
387 158 9 13 0.022777714 
832 127 8 10 0.022746446 
109 299 9 11 0.022739591 
856 235 10 12 0.022738375 
190 135 10 11 0.022645984 
536 423 10 12 0.022624675 
26 293 9 12 0.02261601 
270 322 10 13 0.022604348 
230 271 10 12 0.022598637 
939 338 14 18 0.022593766 
673 257 24 28 0.022592548 
164 395 23 29 0.022558242 
733 310 10 12 0.022548767 
671 172 9 11 0.02254449 
663 176 9 11 0.022540843 
952 165 10 13 0.022540236 
132 264 9 11 0.022532945 
766 71 9 12 0.02251737 
585 187 18 22 0.02251514 
127 125 8 10 0.022507407 
489 298 10 13 0.022486886 
386 190 9 12 0.022480335 
848 524 8 12 0.022474421 
816 306 19 24 0.022419754 
237 231 9 11 0.022380974 
567 228 10 12 0.022363504 
952 602 12 17 0.022342952 
688 85 8 11 0.022322282 
674 617 15 20 0.02232155 
-1 278 8 12 0.022317404 
143 136 9 10 0.022315264 
616 300 9 12 0.022293428 
614 155 10 13 0.022269404 
166 517 14 20 0.022260072 
128 356 10 13 0.022257239 
992 220 10 13 0.022236232 
845 462 12 16 0.02222968 
658 633 16 20 0.022228617 
52 272 19 23 0.022225557 
385 197 9 13 0.022214979 
817 83 9 10 0.022204416 
774 78 8 11 0.022203382 
974 216 18 23 0.022202825 
368 233 7 9 0.02220002 
91 246 7 10 0.022195525 
695 146 9 13 0.022189526 
129 204 8 11 0.022165388 
421 498 25 32 0.022159789 
971 462 11 12 0.022144873 
911 524 11 14 0.022121921 
309 296 18 23 0.022112558 
437 69 8 10 0.022104599 
999 142 8 10 0.022102723 
687 93 9 11 0.02209357 
271 155 9 13 0.022085825 
158 156 10 12 0.022040544 
72 230 18 24 0.022034362 
221 399 14 16 0.022029279 
503 159 8 11 0.0220149 
39 239 8 10 0.021971775 
587 279 19 22 0.021966176 
760 214 8 11 0.02196459 
902 47 8 10 0.021959284 
351 254 9 12 0.021938477 
349 345 9 12 0.02193798 
585 316 13 16 0.021927623 
542 80 9 11 0.021915289 
721 159 11 14 0.021891894 
886 542 11 14 0.021891117 
30 78 7 10 0.02187561 
63 224 8 10 0.021852287 
353 126 8 11 0.021839496 
681 214 9 11 0.021826051 
833 255 8 11 0.021825941 
788 49 18 25 0.021824798 
223 427 14 16 0.021824129 
203 147 12 13 0.02181136 
774 160 9 12 0.021796742 
750 93 9 11 0.021757452 
277 358 9 11 0.021745406 
751 239 7 10 0.02173626 
311 287 8 10 0.021692006 
221 135 10 12 0.021688059 
933 201 11 13 0.021679267 
294 94 8 10 0.021678299 
132 513 18 23 0.021657743 
578 317 22 26 0.021655047 
240 621 17 24 0.0216431 
717 94 9 11 0.021643082 
653 134 11 12 0.021639436 
550 461 13 16 0.021635696 
485 280 9 10 0.02162315 
24 384 9 12 0.021619974 
874 575 106 100 0.021614544 
191 419 25 31 0.021612229 
183 164 10 12 0.021610856 
801 118 10 11 0.021570776 
48 41 7 10 0.021550315 
918 206 10 12 0.021533119 
398 278 9 11 0.021516869 
376 263 8 10 0.021500953 
319 207 9 12 0.021480182 
512 327 9 12 0.021460615 
935 118 7 10 0.02145644 
926 56 7 10 0.021452205 
85 311 8 11 0.021438764 
30 311 10 12 0.02143537 
814 255 8 9 0.021428002 
851 516 43 56 0.021406032 
508 282 11 14 0.021372845 
790 402 13 19 0.02136156 
721 34 17 23 0.021360623 
519 457 14 18 0.021355588 
958 348 10 15 0.021353312 
9 275 9 12 0.021349607 
956 275 11 15 0.021345327 
56 78 8 9 0.021338329 
193 360 25 28 0.021327216 
208 124 11 13 0.021300007 
48 239 209 222 0.021273602 
750 126 8 11 0.021271516 
248 282 9 12 0.021269405 
718 142 10 11 0.021261388 
959 400 13 18 0.021242393 
182 510 30 41 0.021239167 
817 183 10 13 0.021235544 
927 167 10 13 0.021228757 
568 20 9 11 0.021228688 
861 52 9 11 0.021224596 
448 300 8 12 0.021224285 
455 124 9 11 0.021208365 
806 350 10 13 0.0212046 
277 140 11 12 0.02120222 
904 498 24 30 0.021196257 
57 94 9 11 0.021184076 
840 125 8 11 0.021171069 
524 227 17 22 0.02116812 
493 67 17 23 0.021166489 
196 377 13 17 0.021145567 
575 142 13 16 0.021135084 
400 118 7 10 0.021131147 
319 288 8 10 0.021103116 
327 279 9 11 0.021102829 
920 214 9 12 0.021099737 
999 96 9 11 0.021096854 
815 155 11 13 0.021071896 
588 88 19 24 0.021068078 
997 246 9 12 0.021067215 
113 517 15 21 0.021059956 
144 263 17 23 0.02105974 
788 229 9 12 0.021059219 
62 88 8 9 0.021042502 
85 272 9 10 0.021032639 
735 231 8 10 0.02102427 
600 247 10 13 0.021020344 
688 112 8 10 0.021018315 
676 259 14 17 0.020993292 
395 161 18 23 0.020991985 
1000 150 9 11 0.020985661 
721 270 10 13 0.020974537 
519 437 12 15 0.02095747 
948 348 11 15 0.020952314 
24 85 8 10 0.020951644 
622 83 10 12 0.020921431 
310 111 8 10 0.02091966 
471 126 7 10 0.020902194 
630 63 8 10 0.020876646 
396 336 10 12 0.02086223 
689 305 24 29 0.020856816 
415 381 13 17 0.02085407 
842 535 44 54 0.020848481 
943 140 10 13 0.020834439 
332 530 14 19 0.020830978 
921 80 9 11 0.020815361 
990 103 7 10 0.020813018 
404 159 10 13 0.02081062 
504 102 9 12 0.020806598 
613 263 10 12 0.020794937 
358 222 8 10 0.020789945 
41 459 14 20 0.020788971 
153 79 8 10 0.020780267 
64 324 8 11 0.020767184 
270 358 12 14 0.020763857 
263 240 8 11 0.020763371 
997 236 9 12 0.020761898 
95 286 9 11 0.020761138 
487 253 8 10 0.020745432 
366 293 9 10 0.020737939 
630 190 8 10 0.02073764 
192 450 13 18 0.020715773 
895 539 14 17 0.020713791 
535 71 8 11 0.020703968 
304 292 9 11 0.020692937 
293 232 14 16 0.020688407 
2 84 10 14 0.020683968 
802 237 10 12 0.020683913 
472 111 8 9 0.020653684 
102 125 8 9 0.020653203 
801 247 9 10 0.020653166 
385 352 9 13 0.020650426 
617 48 9 11 0.020607477 
166 96 9 11 0.020578982 
451 404 14 19 0.020561565 
647 252 9 13 0.02055489 
113 249 19 24 0.020547966 
103 448 14 19 0.020531941 
174 149 9 12 0.020530866 
749 254 8 11 0.02051733 
928 133 9 11 0.020491645 
202 164 8 11 0.020484746 
640 251 11 14 0.020462265 
366 286 9 12 0.020432977 
248 90 10 14 0.020428305 
631 538 27 33 0.020425009 
982 85 8 10 0.02041212 
848 561 13 16 0.020403625 
286 158 14 18 0.020400783 
71 120 9 10 0.02035574 
525 286 11 13 0.020350149 
335 254 9 11 0.020334737 
47 78 7 9 0.020332323 
321 465 32 44 0.0203287 
695 606 9 12 0.020324683 
497 85 8 11 0.020323956 
558 238 8 10 0.0203105 
1007 261 10 15 0.020296514 
530 87 8 11 0.020247003 
297 65 16 21 0.02024551 
33 508 23 30 0.020237058 
33 123 9 11 0.020230066 
393 109 8 10 0.020214513 
976 493 9 12 0.020213814 
720 252 10 12 0.020187154 
663 214 9 12 0.020178873 
414 190 19 23 0.020174474 
776 373 9 12 0.02015183 
669 189 10 12 0.020146618 
187 61 11 15 0.020145444 
42 48 7 10 0.0201364 
793 86 8 11 0.020107811 
519 221 9 12 0.020100527 
136 240 8 10 0.020085465 
678 76 10 12 0.020081561 
716 133 9 11 0.020081455 
792 279 9 10 0.020071102 
550 159 8 9 0.020062467 
1012 221 11 16 0.020060433 
15 285 7 10 0.020058531 
546 183 9 13 0.020046256 
184 205 7 10 0.020033805 
899 54 10 12 0.020015443 
847 95 8 10 0.0200052 
955 612 12 16 0.02000447 
1013 214 10 14 0.020004021 
