2_Demonstration_Demonstration_Or_Protest_2_914
282
258 29 41 53 0.9913755 
606 302 13 18 0.9756824 
49 336 16 20 0.9689242 
376 317 13 18 0.96849257 
833 352 15 20 0.95604116 
637 315 10 14 0.95181185 
165 53 22 36 0.9240108 
907 346 21 28 0.9056871 
720 363 11 14 0.7911602 
186 342 10 14 0.75824153 
901 107 14 18 0.72271264 
779 358 13 16 0.6744208 
103 363 11 14 0.5517983 
855 121 12 20 0.5019537 
388 302 9 12 0.4693925 
165 335 13 16 0.4545096 
77 72 22 26 0.44364542 
513 329 10 13 0.4363613 
233 61 23 28 0.393378 
250 343 9 10 0.3860774 
409 103 16 18 0.3617048 
293 313 12 16 0.32757574 
313 340 11 14 0.32465026 
392 151 12 15 0.2964541 
99 29 12 14 0.2645873 
44 52 13 17 0.26097253 
508 314 10 12 0.25146034 
546 319 9 12 0.23388562 
596 133 11 13 0.2189267 
86 56 13 16 0.20582916 
574 316 11 12 0.18631874 
290 333 14 17 0.17416395 
119 340 12 17 0.15240338 
631 424 18 22 0.14480697 
759 389 10 13 0.14386879 
254 319 14 18 0.1351695 
465 312 9 10 0.1321569 
549 335 10 10 0.12644541 
302 316 13 16 0.11854265 
544 324 11 14 0.10912936 
479 340 9 11 0.107238024 
374 128 11 14 0.106633306 
488 315 9 13 0.10505139 
545 333 9 11 0.10164217 
290 311 9 13 0.09697961 
138 98 13 15 0.09618629 
575 324 13 16 0.09349513 
470 139 9 11 0.091036305 
419 109 14 17 0.08955013 
321 322 11 14 0.089330666 
304 303 10 12 0.08914127 
125 77 8 12 0.08858779 
851 107 26 33 0.08599275 
500 177 13 16 0.08561085 
895 348 24 30 0.08261657 
504 132 8 9 0.08121078 
763 380 12 16 0.07922243 
784 275 12 14 0.0782387 
487 137 8 10 0.076425076 
165 327 13 16 0.07478829 
315 334 13 17 0.070734546 
285 160 26 31 0.06857926 
234 334 9 12 0.06741509 
781 128 8 10 0.06628594 
205 73 20 31 0.06317126 
576 134 10 13 0.062066693 
278 341 8 12 0.061094437 
231 66 15 19 0.059849925 
815 367 11 13 0.05887725 
958 394 16 21 0.05830889 
231 350 8 10 0.05794626 
735 151 8 9 0.05602028 
557 327 12 14 0.054694537 
81 268 9 11 0.054403745 
502 352 10 11 0.05335584 
519 294 9 12 0.053176932 
433 335 9 11 0.052890535 
476 111 10 12 0.05233609 
419 119 15 18 0.052079167 
123 335 11 15 0.05178456 
480 139 9 11 0.05169341 
845 150 9 13 0.051496945 
140 317 11 14 0.05132197 
171 65 26 34 0.05026088 
38 47 13 15 0.0500593 
381 126 10 13 0.048767406 
241 269 10 11 0.048135046 
308 303 11 14 0.047357503 
247 346 11 13 0.046932198 
248 324 12 15 0.04681269 
418 324 8 11 0.04594522 
729 120 8 10 0.045146145 
792 391 8 10 0.04464884 
368 163 13 18 0.044527404 
438 341 8 10 0.043993626 
530 157 9 12 0.04377188 
471 99 11 13 0.043272745 
592 127 10 12 0.043046653 
213 343 9 11 0.042753197 
101 53 12 18 0.042129513 
246 285 9 12 0.042096555 
495 295 9 11 0.042059958 
39 40 9 12 0.04086935 
425 350 10 13 0.040374435 
429 180 15 17 0.038757082 
48 31 9 12 0.038508434 
235 299 12 15 0.038429104 
776 277 9 11 0.038307734 
839 155 13 18 0.038066376 
644 324 12 14 0.037863877 
405 142 10 12 0.037842464 
229 99 14 18 0.037488095 
645 332 11 13 0.03727435 
404 341 10 13 0.03649999 
400 105 13 17 0.03623486 
397 426 25 29 0.03611258 
171 339 12 15 0.03596916 
890 329 43 53 0.035699863 
56 339 14 17 0.035666347 
495 135 8 9 0.035450473 
806 112 10 11 0.03531291 
594 137 9 13 0.035161667 
183 337 17 22 0.035006475 
752 387 13 17 0.03497704 
422 325 9 11 0.03481333 
182 132 28 33 0.03463086 
579 309 11 16 0.03454058 
579 317 12 14 0.034213074 
825 165 16 21 0.034039047 
244 267 12 14 0.033824228 
501 292 10 13 0.033763908 
493 311 10 14 0.033401024 
734 125 8 11 0.033247903 
819 373 12 14 0.03322143 
370 122 20 26 0.033128228 
568 324 11 14 0.03303045 
189 73 25 30 0.032689396 
470 334 12 13 0.032469895 
371 169 13 17 0.0324208 
99 45 11 15 0.032399446 
798 314 11 13 0.03222857 
537 327 9 12 0.03206123 
471 150 10 12 0.031972326 
239 279 10 12 0.031908132 
639 336 11 13 0.03172797 
136 87 10 14 0.031670142 
135 322 15 17 0.031608433 
524 300 11 15 0.031455915 
392 144 11 13 0.031365417 
447 320 9 11 0.03125862 
816 146 9 13 0.030979179 
306 318 14 18 0.030968433 
33 287 7 10 0.030836586 
446 139 9 12 0.030740907 
603 132 11 14 0.030730423 
638 345 14 16 0.030461174 
750 380 13 16 0.030407509 
871 69 117 154 0.030107938 
843 191 15 19 0.02998939 
220 286 9 11 0.02992443 
778 127 8 10 0.029816814 
93 23 19 24 0.029811563 
569 316 12 14 0.029551657 
390 323 11 14 0.029453041 
380 310 11 16 0.029445969 
247 358 11 14 0.029338531 
832 151 8 11 0.029322665 
487 126 8 11 0.029116815 
71 291 9 11 0.029099274 
513 293 10 12 0.029090216 
556 275 13 16 0.02883759 
86 268 10 12 0.028776588 
765 374 12 16 0.028753841 
855 299 12 15 0.028582258 
252 333 13 16 0.028544113 
387 92 12 13 0.028525393 
125 84 10 13 0.028446713 
775 270 10 13 0.028399775 
144 310 11 13 0.028381914 
830 155 25 34 0.028381847 
241 284 9 13 0.02818966 
912 148 9 11 0.02790461 
304 372 10 12 0.027864728 
216 270 9 12 0.027778003 
798 396 10 11 0.027736345 
141 87 11 14 0.027667213 
899 333 12 15 0.027623817 
837 370 12 14 0.027481904 
619 342 12 14 0.027208254 
759 119 7 9 0.027167259 
560 415 31 44 0.027125606 
221 271 10 12 0.027063854 
638 397 8 10 0.027051194 
432 340 9 11 0.026994934 
788 362 11 14 0.026879009 
358 358 8 11 0.026851058 
297 304 9 11 0.02664136 
733 163 11 13 0.026457764 
239 342 8 10 0.026282964 
399 366 10 13 0.026200715 
234 342 7 10 0.026191594 
614 119 13 15 0.025988191 
496 127 9 11 0.02592833 
545 313 9 13 0.025916027 
511 301 12 14 0.025906395 
431 326 10 12 0.025893813 
491 417 12 15 0.025892513 
454 324 10 13 0.025874589 
591 120 9 11 0.02564541 
884 342 11 14 0.025644207 
167 319 12 14 0.025592266 
206 270 10 11 0.025574481 
316 320 19 25 0.025538476 
931 317 12 13 0.025403768 
471 126 8 12 0.02525253 
583 127 10 11 0.025017366 
845 306 10 14 0.024994813 
91 81 12 16 0.0249397 
439 334 8 12 0.024881339 
315 344 13 15 0.024785854 
281 144 40 44 0.02464327 
188 336 10 14 0.024447884 
178 269 9 11 0.024419928 
398 144 10 12 0.024405152 
247 335 12 14 0.024322832 
121 70 10 14 0.024321793 
486 174 9 12 0.024315763 
891 89 29 34 0.024313342 
358 151 8 12 0.024172537 
895 350 15 19 0.024130372 
167 103 39 48 0.024115382 
246 335 19 24 0.024073856 
272 286 9 13 0.024028907 
792 396 9 12 0.023958733 
462 351 11 13 0.02380773 
518 315 10 13 0.023792816 
788 284 11 13 0.023717647 
248 365 12 15 0.023561416 
482 316 10 13 0.023445848 
117 337 21 26 0.023416046 
490 294 9 13 0.023159992 
495 142 8 10 0.023131646 
861 212 13 17 0.02310319 
389 125 10 13 0.02299505 
374 138 10 13 0.022986686 
547 338 12 13 0.022727007 
260 92 17 23 0.022721369 
317 308 10 13 0.022634538 
356 309 11 13 0.022609495 
426 110 11 15 0.02254065 
94 270 9 11 0.022501806 
616 131 12 15 0.022463571 
500 301 13 15 0.022425411 
189 285 10 13 0.022265313 
185 390 8 11 0.022230532 
439 326 10 12 0.022188997 
559 144 8 10 0.022117272 
629 111 13 15 0.022061732 
199 270 11 12 0.022014722 
830 158 12 15 0.021902906 
502 310 19 23 0.02179858 
397 323 11 13 0.021795085 
225 93 25 31 0.021771256 
735 374 10 14 0.021675369 
225 351 9 10 0.021570493 
621 317 11 14 0.021564007 
544 326 21 25 0.021541223 
790 291 11 12 0.021538815 
509 128 8 10 0.021135174 
462 165 9 12 0.021099672 
397 74 11 14 0.020838138 
952 398 22 29 0.020803217 
936 342 11 15 0.020652028 
139 337 14 17 0.020601423 
524 294 10 14 0.020466823 
509 323 17 22 0.02045323 
237 327 10 12 0.020422554 
769 363 11 15 0.020363195 
384 295 17 23 0.020286476 
744 142 10 11 0.020151015 
288 346 12 15 0.020071384 
383 86 13 15 0.020028176 
