2_Demonstration_Demonstrators_2_100
24
408 134 259 356 0.99966276 
698 357 99 146 0.8298255 
914 350 48 67 0.7028022 
269 35 92 132 0.15456365 
727 298 90 120 0.14793338 
882 250 57 73 0.13281162 
391 635 198 244 0.10766036 
425 726 119 125 0.10070871 
765 304 68 77 0.0913502 
390 732 242 237 0.066831045 
711 337 71 95 0.06400144 
951 286 45 56 0.061127134 
755 373 97 136 0.055377163 
73 21 188 215 0.04947823 
704 310 155 241 0.032545984 
833 360 51 66 0.029414784 
404 452 240 268 0.027237525 
48 876 350 490 0.026868809 
365 717 398 388 0.025689939 
296 359 403 404 0.02208799 
119 190 220 253 0.020634374 
207 52 115 144 0.020488478 
399 761 114 134 0.020350758 
412 689 98 122 0.020292712 
