2_Demonstration_Demonstration_Or_Protest_2_79
183
902 623 29 36 0.9713757 
702 538 11 13 0.7018903 
641 575 12 15 0.65852964 
605 565 11 14 0.56822544 
535 598 10 13 0.51145595 
691 509 9 12 0.48301896 
636 622 14 16 0.41991287 
816 519 13 16 0.40042207 
663 571 9 11 0.39258817 
553 591 10 14 0.38508293 
571 587 11 16 0.37676814 
649 523 9 11 0.2269164 
704 568 8 10 0.22435069 
761 566 10 13 0.20736322 
868 571 10 15 0.18791895 
596 581 11 15 0.15458943 
962 618 55 71 0.14802337 
739 555 12 15 0.138916 
613 557 11 13 0.13337828 
686 559 8 9 0.1303544 
730 551 8 11 0.12633584 
951 590 30 45 0.12237065 
687 565 9 12 0.116180465 
675 565 11 13 0.11110782 
657 615 10 12 0.1087404 
671 549 9 12 0.10873655 
734 551 10 13 0.10326024 
570 634 15 18 0.10186495 
939 585 50 73 0.09083148 
718 632 9 11 0.08386339 
868 578 11 15 0.083825015 
530 598 10 14 0.08208336 
598 123 19 25 0.080272056 
611 563 11 14 0.075015984 
758 520 8 10 0.071876295 
535 594 9 11 0.06670035 
743 542 8 11 0.066028 
637 549 11 16 0.065897726 
641 586 10 12 0.06559303 
717 615 8 11 0.063441485 
531 598 19 22 0.062067553 
753 498 9 13 0.06065166 
863 575 12 18 0.05812149 
653 557 11 12 0.05752584 
646 549 13 16 0.057370488 
689 588 9 12 0.05689521 
743 51 52 63 0.056557834 
678 558 9 11 0.056141067 
638 248 11 15 0.055520177 
962 620 34 39 0.05541171 
664 599 10 14 0.054948665 
976 643 36 38 0.053936962 
672 569 10 13 0.053854626 
586 326 10 12 0.052985724 
767 510 7 9 0.05276257 
610 593 21 29 0.051606033 
691 582 12 14 0.04982706 
658 566 11 12 0.04954504 
673 556 10 14 0.048923634 
662 579 9 12 0.048129518 
764 560 11 13 0.0480039 
669 600 10 14 0.047963202 
548 301 11 13 0.04790061 
653 579 11 14 0.047021616 
680 605 10 13 0.045589905 
613 582 11 13 0.04545575 
612 571 10 12 0.045165956 
705 587 11 13 0.044213437 
682 228 15 17 0.043172587 
652 520 9 12 0.0427974 
40 467 93 123 0.042775944 
736 535 9 11 0.04235634 
590 318 10 12 0.04221427 
899 612 46 58 0.04174091 
609 594 12 18 0.041334126 
851 565 24 33 0.040770132 
732 576 10 11 0.0407378 
568 630 13 15 0.0407367 
592 309 11 13 0.040333938 
558 555 10 12 0.040257495 
841 585 17 22 0.03987091 
548 329 14 18 0.03933405 
751 613 10 12 0.03918203 
662 534 8 10 0.03881696 
665 548 9 13 0.037804145 
702 561 9 10 0.037213273 
648 531 10 12 0.03653947 
656 572 11 12 0.036187634 
600 572 12 15 0.035765044 
561 357 16 20 0.035272904 
618 595 14 19 0.034847435 
696 547 9 11 0.034786295 
654 532 9 11 0.034511894 
740 562 11 13 0.03445708 
745 613 10 12 0.034312792 
788 441 13 17 0.033556756 
837 549 12 16 0.033162184 
783 423 11 15 0.033125397 
811 427 15 18 0.032616124 
918 569 84 114 0.03256817 
728 604 10 15 0.03252734 
744 371 104 148 0.03240253 
749 549 11 14 0.032383133 
737 542 9 11 0.032239616 
607 603 13 20 0.031159192 
698 535 11 14 0.03088259 
686 552 8 10 0.030694423 
694 573 10 11 0.030616803 
608 588 12 17 0.030613987 
732 607 11 14 0.030321319 
688 570 10 12 0.029923186 
713 619 9 12 0.029345816 
547 319 15 17 0.02919844 
677 581 9 12 0.029070342 
549 589 18 23 0.028949244 
718 652 10 12 0.028859494 
726 598 10 13 0.028473219 
607 582 10 13 0.027803654 
603 556 18 22 0.027593505 
595 301 11 14 0.02748351 
644 569 11 13 0.027475666 
568 586 19 26 0.02734577 
757 560 20 24 0.027213957 
633 554 12 16 0.026810806 
591 584 13 16 0.026384505 
530 593 9 11 0.025477162 
941 591 28 37 0.02529189 
678 599 10 14 0.02516382 
678 551 9 12 0.02483644 
708 567 9 12 0.024381192 
970 630 19 22 0.024374727 
476 626 29 36 0.024211232 
691 503 11 14 0.024196045 
676 222 24 27 0.02400234 
556 602 11 15 0.023964066 
600 612 10 14 0.023755733 
656 596 10 15 0.023458086 
555 330 13 17 0.02336489 
552 620 10 15 0.023306575 
837 571 26 32 0.02330323 
695 567 8 11 0.02324128 
670 613 12 14 0.023013065 
598 317 11 14 0.022963962 
619 608 13 18 0.022808664 
836 591 17 21 0.022650937 
874 574 9 12 0.022620417 
773 613 30 31 0.022611242 
574 320 10 12 0.022465838 
837 582 14 16 0.022336936 
824 583 11 14 0.022320416 
875 581 9 12 0.022305936 
551 585 10 13 0.022271205 
734 550 20 24 0.02223094 
574 324 11 14 0.022210268 
835 542 12 16 0.022118038 
637 596 14 18 0.022088403 
759 542 9 12 0.021996006 
578 587 13 17 0.021911317 
678 611 12 14 0.02176066 
548 305 13 15 0.021745611 
691 644 11 14 0.021680944 
886 644 27 33 0.02154671 
600 332 10 13 0.021307081 
869 29 74 72 0.021270964 
657 604 10 15 0.021238854 
670 560 18 23 0.02106516 
567 635 24 29 0.021060938 
588 330 11 14 0.02105736 
733 590 10 12 0.021026516 
672 620 10 12 0.021010956 
586 320 8 10 0.020989595 
859 575 21 29 0.02093342 
904 512 8 10 0.02090315 
856 476 12 14 0.020832723 
592 621 10 11 0.02077757 
963 556 13 18 0.02071099 
630 586 10 14 0.02065847 
688 639 11 13 0.020477695 
714 629 9 13 0.020467924 
743 590 9 12 0.020242346 
816 557 11 15 0.020174414 
809 565 9 13 0.020117778 
683 611 13 16 0.020048484 
