2_Demonstration_Protesters_2_748
31
749 248 23 33 0.99473464 
299 234 23 29 0.9939028 
433 170 52 69 0.76108366 
125 195 23 28 0.48224422 
130 266 17 19 0.110600844 
635 179 101 145 0.096733436 
206 271 11 15 0.087645 
628 486 65 68 0.07874423 
509 255 33 39 0.07323159 
513 4 486 497 0.0697367 
448 161 43 54 0.067759715 
136 200 16 22 0.043013833 
633 195 60 99 0.04045601 
349 208 14 16 0.040109936 
910 326 8 11 0.03823107 
495 233 51 67 0.031823255 
157 260 16 19 0.027747804 
362 203 13 16 0.027436595 
404 160 35 41 0.026509438 
855 297 61 81 0.02524242 
904 324 10 12 0.025235418 
331 189 15 19 0.025181416 
343 202 14 17 0.024022577 
257 287 471 502 0.022453804 
736 445 14 15 0.022335423 
408 198 58 66 0.022240797 
732 451 15 16 0.022172978 
145 258 24 29 0.021512803 
411 156 49 64 0.021167003 
277 258 16 20 0.020817688 
812 191 214 255 0.020289717 
