2_Demonstration_Demonstration_Or_Protest_2_242
47
167 521 63 89 0.9597228 
19 488 27 34 0.9531744 
262 508 30 38 0.80458933 
808 343 51 83 0.7919944 
779 307 14 20 0.30012843 
277 502 29 37 0.23452465 
467 74 13 15 0.22414207 
270 503 100 115 0.15610395 
196 509 91 123 0.15170193 
223 470 22 29 0.1145651 
260 594 35 39 0.11128132 
763 452 14 18 0.100220025 
423 552 27 42 0.089685716 
748 429 10 13 0.07820755 
260 514 19 22 0.056257132 
19 174 9 12 0.055405956 
0 556 20 37 0.05513797 
487 69 14 16 0.05376766 
463 81 11 14 0.045951203 
755 457 22 28 0.04591164 
213 469 16 19 0.044835147 
289 504 19 23 0.04168827 
8 182 8 11 0.039279263 
1 500 9 14 0.038850244 
60 465 14 21 0.03785036 
836 253 11 16 0.03527423 
791 172 14 19 0.035219576 
796 452 15 20 0.034642573 
765 368 17 22 0.034254443 
302 536 94 111 0.032674205 
281 517 19 25 0.032591004 
276 500 55 66 0.030109499 
866 372 112 153 0.029986138 
10 197 8 11 0.02917085 
15 506 12 17 0.02803747 
891 341 56 77 0.02803222 
390 319 12 14 0.026884807 
984 432 23 34 0.026679909 
251 514 31 37 0.026153639 
834 338 88 111 0.02462225 
4 493 11 18 0.023251025 
488 63 12 15 0.022221534 
9 191 8 11 0.022083443 
476 73 14 16 0.021852078 
0 542 24 37 0.020440977 
100 631 25 27 0.020388564 
0 608 25 42 0.020258883 
