2_Demonstration_Demonstrators_2_689
55
350 319 74 84 0.99683785 
185 261 33 52 0.99396646 
122 312 41 53 0.9763499 
256 227 20 25 0.91855985 
2 248 17 23 0.83470225 
297 250 31 42 0.81421834 
51 260 15 20 0.732962 
148 235 15 21 0.7132851 
173 232 17 20 0.6659992 
314 208 20 23 0.54880184 
218 213 16 21 0.5333516 
350 194 17 20 0.499223 
86 235 16 19 0.45886722 
929 225 36 66 0.42972288 
38 237 14 16 0.41316205 
509 568 54 52 0.30612144 
316 220 26 31 0.26777378 
4 361 78 101 0.19173297 
163 230 20 26 0.1340352 
333 251 27 39 0.09956012 
42 210 13 16 0.0948118 
938 206 31 63 0.08822329 
875 206 42 75 0.08458931 
307 234 34 45 0.0835939 
212 206 17 20 0.077981666 
301 228 27 36 0.07540014 
293 234 24 34 0.07180451 
304 247 46 52 0.06689414 
94 274 30 37 0.06329778 
343 193 16 20 0.05516438 
442 345 41 64 0.049766794 
348 200 22 27 0.04357466 
47 219 10 13 0.04328862 
91 244 15 20 0.04126054 
402 327 52 77 0.03851876 
68 216 10 12 0.038237344 
45 229 13 16 0.036230743 
804 335 194 284 0.03553576 
320 205 24 30 0.034506395 
46 250 38 47 0.034293838 
45 296 17 22 0.03397361 
153 228 17 23 0.03262765 
475 548 108 96 0.03098817 
78 269 24 29 0.03029054 
78 229 14 18 0.03023582 
344 256 18 27 0.029489422 
34 237 11 14 0.02824076 
514 564 32 34 0.027784744 
366 21 145 182 0.024467666 
36 258 25 31 0.02362866 
224 210 16 21 0.02330868 
96 240 15 19 0.022155786 
410 488 220 216 0.020908633 
214 221 18 22 0.020757565 
78 272 37 46 0.020173304 
