2_Demonstration_Demonstration_Or_Protest_2_314
22
138 335 193 265 0.99980074 
557 273 151 206 0.99827933 
842 552 32 40 0.9916453 
884 531 41 48 0.33049604 
792 543 48 66 0.13071965 
746 512 87 126 0.07186367 
488 -7 374 489 0.041961234 
873 544 37 47 0.039299242 
360 190 220 285 0.034824956 
228 141 340 447 0.031774256 
614 1133 125 184 0.030081302 
824 556 26 40 0.029776543 
858 556 30 38 0.029440442 
367 452 138 110 0.025758412 
0 461 23 36 0.02441833 
92 542 341 512 0.022562012 
424 1210 116 119 0.02177692 
28 882 410 538 0.021570548 
715 -7 58 63 0.020440456 
976 1093 13 17 0.02032039 
819 550 46 66 0.020059347 
300 11 377 486 0.020015292 
