25_Soldier_Patrol_Soldier_Patrol_25_912
19
332 273 32 37 0.99807596 
1000 22 14 20 0.20266055 
968 384 18 21 0.15135066 
290 324 37 46 0.07406221 
847 526 14 18 0.053938363 
963 377 40 54 0.042288877 
125 482 51 56 0.041042075 
856 464 24 33 0.035866152 
998 10 21 30 0.033888444 
958 91 53 89 0.031809665 
608 519 164 217 0.031167459 
1000 29 19 22 0.024387226 
639 272 44 55 0.022469576 
899 360 17 21 0.022417376 
843 351 18 21 0.022096662 
453 187 21 30 0.022080703 
364 345 30 38 0.021232462 
761 299 9 14 0.021026686 
166 -36 200 243 0.020076994 
