25_Soldier_Patrol_Soldier_Patrol_25_734
62
544 391 25 35 0.9613191 
37 439 26 30 0.7412881 
154 441 17 24 0.71035516 
690 559 25 28 0.568295 
383 397 26 32 0.55755615 
279 382 26 35 0.44006872 
530 228 33 35 0.43699992 
300 397 24 32 0.35930985 
731 230 15 19 0.34782106 
367 237 25 33 0.2522068 
285 390 28 37 0.14560767 
275 413 37 35 0.11753588 
158 438 26 31 0.09983813 
751 266 11 15 0.0946565 
608 271 44 57 0.091590755 
183 304 11 13 0.08891861 
572 355 34 38 0.07445733 
946 462 27 33 0.072927155 
806 664 24 31 0.062789336 
571 467 27 33 0.059097327 
750 675 16 20 0.056236852 
712 236 12 16 0.05488542 
28 441 17 22 0.053914037 
739 232 13 18 0.053150795 
21 442 15 21 0.046745893 
306 403 29 41 0.044219945 
349 421 12 16 0.042700335 
545 224 27 34 0.042055216 
270 425 31 31 0.03669024 
1 495 22 38 0.03589319 
366 410 24 33 0.035772905 
185 416 11 13 0.033539675 
683 230 12 12 0.033526078 
213 562 30 40 0.03278842 
643 357 11 14 0.032191012 
751 280 14 19 0.031916708 
174 439 25 31 0.03183154 
715 232 20 25 0.03032824 
168 315 10 14 0.030210542 
53 432 22 36 0.029814446 
387 254 28 30 0.027825609 
173 407 9 11 0.027762726 
174 414 10 12 0.027632736 
698 572 19 22 0.02717447 
586 475 29 36 0.026921561 
350 416 22 29 0.026910068 
713 233 9 11 0.02649513 
707 352 190 251 0.023866974 
161 364 26 31 0.02377404 
174 308 12 17 0.023766939 
737 672 24 27 0.02347482 
187 475 14 18 0.023171892 
259 414 62 52 0.022761848 
717 231 10 13 0.022198252 
660 246 10 13 0.022079214 
1011 523 11 18 0.021188375 
177 301 21 25 0.02100879 
1012 547 11 22 0.020962842 
26 429 27 33 0.020939954 
693 245 12 15 0.020738315 
694 252 12 15 0.020616729 
684 253 12 14 0.02052878 
