25_Soldier_Patrol_Soldier_Patrol_25_882
19
801 499 133 109 0.85328186 
802 521 38 40 0.08772242 
215 209 15 20 0.07408609 
730 514 15 20 0.055705726 
-21 2 154 238 0.05173555 
522 483 93 109 0.03513375 
404 527 68 61 0.033322986 
679 464 27 29 0.029336303 
407 499 97 109 0.027055971 
726 146 12 16 0.026781918 
795 520 83 71 0.025598263 
903 518 8 12 0.02443592 
812 510 14 14 0.022355562 
776 517 23 34 0.02153557 
829 486 13 16 0.02118361 
855 516 72 69 0.02104048 
899 531 31 37 0.020872885 
795 514 29 35 0.020636994 
786 385 206 257 0.020123523 
