25_Soldier_Patrol_Soldier_Patrol_25_174
132
110 32 29 37 0.9978599 
637 200 37 48 0.9911856 
394 162 34 38 0.97252876 
293 92 22 28 0.9619256 
371 82 24 28 0.93117136 
203 161 23 27 0.9194871 
341 139 24 33 0.45430097 
253 128 11 14 0.39489895 
338 104 15 18 0.36532012 
301 226 25 31 0.2631694 
146 180 24 27 0.15433933 
284 158 22 26 0.13495734 
247 101 11 13 0.13360912 
613 204 34 39 0.103645116 
552 267 12 16 0.10245126 
270 119 16 20 0.09471834 
165 130 11 15 0.08908054 
58 156 31 36 0.088426456 
250 131 17 22 0.085753866 
251 160 15 17 0.08561579 
345 104 16 19 0.081468515 
223 140 14 18 0.08068095 
164 161 13 16 0.077539004 
271 159 11 15 0.05476901 
688 249 24 29 0.05351327 
220 110 11 12 0.05253399 
238 158 11 16 0.05169552 
215 161 19 24 0.049878787 
533 156 13 16 0.048892487 
307 182 16 21 0.04867878 
357 176 15 20 0.048520014 
102 152 25 27 0.048424385 
227 135 12 15 0.045983113 
553 295 27 34 0.04583928 
318 92 10 14 0.045667715 
262 197 24 30 0.044200927 
251 171 15 17 0.043131005 
3 272 13 15 0.04130713 
603 237 12 16 0.041179635 
613 328 27 29 0.039980084 
186 153 14 18 0.03973957 
317 150 13 18 0.03929385 
259 156 13 17 0.037622284 
255 85 10 12 0.03707549 
576 248 23 29 0.036987916 
296 177 43 48 0.036724113 
421 65 13 16 0.0359918 
253 120 19 25 0.035934396 
550 261 22 26 0.035689432 
324 159 15 21 0.035095293 
997 230 8 11 0.034789458 
237 118 9 12 0.0336722 
246 144 24 29 0.033238694 
341 256 18 19 0.03297218 
275 92 13 17 0.03295404 
174 146 14 18 0.03255795 
556 255 11 13 0.030944318 
356 89 13 18 0.030934546 
565 244 10 13 0.0303976 
317 157 16 20 0.030084223 
216 146 23 30 0.030008975 
226 95 9 11 0.029892847 
641 376 30 34 0.029539544 
176 129 24 29 0.02928622 
190 157 22 27 0.029082328 
101 65 440 510 0.028798308 
321 209 14 18 0.02862578 
154 174 15 17 0.028545449 
277 158 13 16 0.02834349 
60 162 16 19 0.02818087 
294 58 13 15 0.028142253 
243 167 23 29 0.028038828 
307 211 27 33 0.02791761 
564 250 13 18 0.027844224 
206 109 9 13 0.027808983 
401 178 22 24 0.027807146 
275 154 23 27 0.027295409 
206 86 10 12 0.026562799 
245 191 16 23 0.026435133 
508 207 11 13 0.026410282 
253 288 40 50 0.02627712 
235 156 23 29 0.026247792 
217 115 11 13 0.026228469 
170 154 16 18 0.025994148 
282 169 24 30 0.02580985 
502 175 9 13 0.0258055 
356 165 23 34 0.025759924 
435 233 19 21 0.025619496 
252 191 23 30 0.025512697 
339 94 16 20 0.02521705 
886 48 8 10 0.02513021 
373 99 18 22 0.02509946 
208 92 9 11 0.024792224 
600 232 21 27 0.024376597 
244 179 17 22 0.024027817 
172 106 16 22 0.023762072 
560 248 24 31 0.023581117 
613 220 28 36 0.023398317 
262 85 10 13 0.0233582 
999 1 11 10 0.023066081 
177 154 24 28 0.022906892 
180 147 16 20 0.02282028 
238 110 10 12 0.02280234 
72 210 12 16 0.02277282 
438 299 24 29 0.022666167 
248 80 9 12 0.022613065 
604 220 24 30 0.022609727 
663 370 12 15 0.022424322 
545 268 11 16 0.02228883 
342 215 14 19 0.022093609 
565 239 9 11 0.021982266 
348 91 16 19 0.021822786 
579 243 16 19 0.02177952 
772 77 11 15 0.021603558 
263 117 11 14 0.021542076 
334 72 11 14 0.02153762 
47 188 12 17 0.021312134 
618 214 20 23 0.021285757 
159 157 13 17 0.021236822 
846 77 10 12 0.021165203 
180 179 15 17 0.020925257 
292 183 26 33 0.020903993 
531 150 21 27 0.020857764 
385 87 15 20 0.02077757 
190 94 9 10 0.020708626 
272 98 13 16 0.020644395 
229 110 10 12 0.02058821 
223 102 10 12 0.020565689 
163 184 15 18 0.020413637 
39 167 37 49 0.020379089 
161 123 20 26 0.0202556 
253 93 11 14 0.020157134 
