25_Soldier_Patrol_Soldier_Patrol_25_1046
29
254 397 24 33 0.98738235 
746 390 33 45 0.97664046 
856 339 42 68 0.8261643 
788 391 19 27 0.1855911 
674 396 17 23 0.0601394 
739 405 28 36 0.044975597 
531 34 165 222 0.04199793 
771 388 16 20 0.040459644 
888 336 50 64 0.038188696 
863 287 55 67 0.034512177 
727 422 21 29 0.031706177 
675 960 26 33 0.028839735 
896 233 41 53 0.027649341 
841 408 16 24 0.026852323 
779 394 16 21 0.026599517 
749 387 15 20 0.026108764 
850 371 30 45 0.025435014 
99 593 32 33 0.02532425 
872 250 51 65 0.02378011 
718 428 22 28 0.023515131 
52 667 13 16 0.02280526 
780 379 13 18 0.022304667 
833 326 71 114 0.022009848 
918 246 39 52 0.021746695 
839 543 24 30 0.021177407 
848 308 12 15 0.020411957 
953 411 15 19 0.020277906 
221 395 20 30 0.020087073 
761 392 26 33 0.020065686 
