25_Soldier_Patrol_Soldier_Patrol_25_1029
70
555 328 30 39 0.9990539 
119 436 64 82 0.9989361 
511 381 41 68 0.9986098 
581 142 30 41 0.99815136 
154 200 50 57 0.99772507 
255 361 56 69 0.99712485 
609 298 38 43 0.9965969 
660 311 36 40 0.9965569 
499 184 33 43 0.99513876 
456 182 44 54 0.98518014 
872 171 41 45 0.9795147 
249 183 40 49 0.97851014 
736 145 56 72 0.9756707 
656 195 27 36 0.950775 
716 186 33 44 0.90229446 
727 170 44 59 0.5106253 
385 183 9 11 0.3473274 
406 184 9 12 0.18673457 
982 243 41 65 0.16199376 
405 165 10 14 0.16004974 
746 331 24 32 0.15016851 
435 163 8 10 0.13789067 
969 530 55 113 0.12610339 
400 186 10 13 0.11364046 
678 400 37 44 0.1007112 
755 123 58 78 0.094013385 
216 329 40 51 0.081870995 
655 198 16 25 0.07982004 
625 226 16 20 0.07942988 
412 204 9 13 0.075420134 
850 88 26 32 0.07268352 
388 185 10 14 0.06697071 
422 175 9 11 0.056962516 
412 199 9 12 0.055516794 
945 304 61 74 0.05428036 
958 284 58 67 0.051191434 
541 168 14 16 0.047841154 
667 201 29 33 0.046788376 
596 222 24 27 0.04413357 
736 337 38 51 0.042647764 
259 618 15 18 0.042108245 
701 185 12 19 0.03983463 
534 389 46 61 0.037961572 
548 164 11 15 0.03516763 
378 183 10 11 0.03428749 
126 585 29 31 0.033821885 
733 356 28 38 0.03149223 
284 46 18 20 0.03102645 
609 138 24 30 0.031001477 
472 404 33 47 0.03005225 
567 396 29 36 0.0300317 
537 158 21 28 0.028400648 
149 197 32 42 0.028149314 
259 96 13 17 0.027220454 
645 315 27 33 0.026185768 
415 183 9 11 0.024770962 
384 178 9 12 0.022290133 
400 110 9 11 0.021623693 
594 140 28 37 0.021444848 
717 337 39 54 0.021424951 
750 207 31 38 0.021378348 
101 417 53 71 0.021307489 
652 178 27 36 0.021104934 
679 210 28 34 0.021085367 
740 361 17 23 0.020955952 
195 205 25 36 0.020907274 
90 427 29 44 0.020722859 
877 80 26 31 0.02019238 
842 184 45 53 0.02013572 
381 182 19 24 0.020069774 
