25_Soldier_Patrol_Soldier_Patrol_25_585
52
555 132 98 133 0.99930763 
375 658 59 93 0.37585536 
659 355 91 109 0.28408366 
487 570 193 233 0.23846662 
565 968 18 21 0.17762603 
659 1322 14 18 0.15164952 
570 977 15 18 0.09164028 
310 52 227 329 0.08350647 
674 1165 14 17 0.071142524 
535 1207 12 15 0.07085301 
528 1007 18 21 0.06446491 
-12 594 100 202 0.050425325 
557 1170 15 18 0.04982317 
621 1176 23 27 0.046996783 
566 985 14 17 0.04562272 
162 734 193 221 0.0445445 
545 1248 16 19 0.03877137 
693 1094 10 14 0.037795693 
534 614 119 148 0.035964772 
502 1163 92 111 0.035679124 
436 377 48 61 0.03531273 
644 1093 12 12 0.03507331 
666 1323 12 17 0.03214176 
19 437 184 291 0.03171148 
683 1170 12 16 0.031693436 
471 222 396 414 0.03144502 
589 1032 13 17 0.031262852 
531 1084 15 17 0.030404411 
131 790 149 173 0.028789846 
538 1212 26 29 0.027536482 
363 640 96 149 0.026600877 
768 232 57 51 0.026182268 
534 1050 25 28 0.026134517 
589 1017 16 24 0.024612166 
545 977 15 18 0.024609001 
694 1228 12 15 0.024490532 
521 1191 54 62 0.024385849 
613 287 186 236 0.023917077 
526 466 27 35 0.023392053 
569 840 44 46 0.023113605 
542 1217 15 18 0.023013463 
662 349 59 66 0.022828044 
643 1098 16 17 0.022766177 
674 418 17 21 0.022395799 
646 1034 14 18 0.022333197 
554 1107 16 21 0.021600625 
620 1247 18 21 0.021113263 
614 918 10 11 0.020900091 
545 1230 18 20 0.020849435 
597 1057 16 21 0.020835316 
505 956 11 14 0.020545868 
636 1207 14 19 0.020381946 
