25_Soldier_Patrol_Soldier_Patrol_25_374
29
228 282 47 60 0.9990625 
51 287 51 68 0.99900407 
494 77 45 59 0.9919361 
374 288 31 39 0.4089755 
913 247 67 79 0.21140498 
811 314 16 20 0.06876928 
717 371 26 32 0.06602643 
917 665 24 30 0.065167755 
921 293 55 64 0.060055576 
461 103 14 19 0.04483062 
694 363 46 52 0.04396084 
747 346 16 18 0.04123461 
445 107 12 15 0.03982177 
558 195 15 20 0.038264576 
892 250 57 72 0.032784235 
353 156 62 53 0.030962363 
771 311 28 32 0.02737875 
285 688 24 26 0.026785765 
920 322 43 42 0.02657994 
12 683 11 14 0.026325526 
742 701 29 32 0.026047898 
146 486 26 31 0.024748532 
651 270 179 233 0.023997044 
756 379 16 20 0.023953434 
454 104 15 19 0.022585725 
377 214 18 19 0.022584533 
221 105 53 51 0.02200092 
339 345 15 19 0.020681627 
788 316 27 32 0.020491917 
