25_Soldier_Patrol_Soldier_Patrol_25_121
389
683 87 64 74 0.99874336 
190 84 9 12 0.5436429 
228 194 14 17 0.39211738 
123 157 14 17 0.35766637 
251 142 12 16 0.2752565 
158 72 9 11 0.22978175 
309 92 11 12 0.2200214 
205 208 13 16 0.20049138 
254 115 10 14 0.18546687 
292 35 10 13 0.17878291 
113 179 16 18 0.17733558 
142 71 9 11 0.16840008 
158 93 9 10 0.1649854 
238 60 8 10 0.16181517 
239 13 8 10 0.16073868 
173 222 15 20 0.13407315 
265 95 8 12 0.13370372 
233 56 9 11 0.12895906 
303 14 10 12 0.12633684 
199 86 9 11 0.124578185 
113 102 10 12 0.11873818 
292 78 9 12 0.117712505 
229 165 10 13 0.11686844 
201 190 12 15 0.1163575 
173 84 9 11 0.116279624 
191 171 12 15 0.11561138 
249 109 9 13 0.10896514 
152 86 9 11 0.10644572 
216 69 10 12 0.105439335 
141 94 9 11 0.10476715 
161 111 10 12 0.10382049 
223 31 8 9 0.10198787 
216 77 10 13 0.10122064 
126 187 12 16 0.099436395 
165 103 9 12 0.096820794 
168 78 10 12 0.09678905 
256 71 9 11 0.095254265 
232 93 9 12 0.09117007 
136 197 13 15 0.09065391 
288 30 10 13 0.09020303 
172 210 22 27 0.08958262 
143 102 10 12 0.08880988 
173 79 8 11 0.08761578 
242 31 7 9 0.08433903 
257 13 8 10 0.0840669 
191 63 8 10 0.08214143 
100 139 15 19 0.07946762 
293 7 10 10 0.078695886 
568 264 61 59 0.07837775 
263 87 8 11 0.07807504 
209 16 7 10 0.0776102 
148 251 17 21 0.07730869 
646 390 17 21 0.07704181 
302 19 8 11 0.0769417 
183 186 14 16 0.07682924 
220 63 10 12 0.0763104 
223 94 9 12 0.07536563 
221 135 9 11 0.075238705 
193 31 8 10 0.0750204 
220 69 10 12 0.074959025 
215 46 9 11 0.073373556 
351 319 8 10 0.07232378 
192 53 8 10 0.0720192 
216 39 8 10 0.07156587 
198 31 8 10 0.0706403 
129 61 8 10 0.070476815 
258 45 9 11 0.07022432 
204 86 9 11 0.070102625 
246 127 10 12 0.06995545 
135 88 9 10 0.06948068 
132 125 13 16 0.06910636 
304 6 10 12 0.06827335 
216 8 8 9 0.06684954 
246 31 7 10 0.066493794 
177 205 16 20 0.06638974 
258 38 8 11 0.0657809 
238 8 9 10 0.06549853 
288 70 8 9 0.06536949 
245 38 8 10 0.06481654 
198 0 8 8 0.064751826 
117 95 8 10 0.0646818 
224 14 7 9 0.06457129 
290 8 8 9 0.06378911 
248 134 10 13 0.06355052 
357 81 11 12 0.06351256 
53 125 27 30 0.061929014 
207 64 9 11 0.061391253 
233 15 8 9 0.060422648 
7 267 25 32 0.060291205 
185 81 9 12 0.060026683 
149 109 10 12 0.05997878 
222 100 9 12 0.05973119 
177 45 9 11 0.05939082 
302 0 9 9 0.058988318 
120 72 9 11 0.058808975 
92 122 11 15 0.058618475 
656 98 35 42 0.058545977 
165 45 8 11 0.05823353 
216 23 7 9 0.05803821 
171 169 11 15 0.05799192 
296 15 10 11 0.057989772 
222 87 10 12 0.057835735 
268 101 10 11 0.057505865 
279 16 9 11 0.05731293 
308 13 9 11 0.05721679 
181 39 9 11 0.057156265 
167 225 14 18 0.056806162 
256 6 10 12 0.056517467 
14 446 11 14 0.05483133 
306 87 10 13 0.054661177 
167 72 8 10 0.054554105 
286 22 9 11 0.0545364 
609 466 30 34 0.05430153 
127 104 7 9 0.054168794 
154 30 7 9 0.053734772 
128 85 9 12 0.053302124 
160 39 8 9 0.0528111 
217 31 8 10 0.052575305 
195 79 14 15 0.052410867 
238 164 9 12 0.05217791 
238 127 8 11 0.052051727 
200 91 10 12 0.051286664 
167 22 6 9 0.05126947 
149 119 10 12 0.051255394 
209 68 10 12 0.051110618 
153 70 9 11 0.05075474 
146 194 15 18 0.050465066 
283 141 11 15 0.050388206 
344 0 12 11 0.05035566 
352 272 9 10 0.050119366 
298 20 8 11 0.04943459 
125 71 9 10 0.04937083 
223 191 13 16 0.049169574 
247 55 7 10 0.04904214 
113 88 8 11 0.0482803 
165 40 8 10 0.04813557 
139 147 11 14 0.04806601 
138 93 8 10 0.04795313 
280 302 9 11 0.04771941 
261 2 10 10 0.04755536 
208 21 7 10 0.047447927 
207 163 10 12 0.04737506 
160 23 8 10 0.047313746 
178 31 8 10 0.04715878 
253 181 10 12 0.047001056 
74 194 13 18 0.04677083 
142 88 8 10 0.046695173 
95 145 15 18 0.046399184 
133 56 8 10 0.046335272 
197 134 10 13 0.046333045 
223 37 8 9 0.046157073 
236 101 10 14 0.04606985 
138 72 8 10 0.045967557 
153 255 17 21 0.0458759 
112 192 13 18 0.04557976 
230 159 11 14 0.045308836 
153 92 10 12 0.04527411 
104 134 13 17 0.044547684 
270 37 7 10 0.044307847 
235 95 10 12 0.0441214 
190 69 11 12 0.043982316 
27 597 20 23 0.043801554 
223 24 7 9 0.043068066 
279 65 9 11 0.04301764 
230 88 10 12 0.04301181 
216 15 7 9 0.042926412 
246 153 14 17 0.04225548 
213 183 9 11 0.042197075 
234 126 9 11 0.042121008 
129 155 14 17 0.04196571 
216 143 9 12 0.041876405 
373 283 12 14 0.041794013 
222 8 8 10 0.04136713 
126 78 9 11 0.04116436 
247 6 8 10 0.040831503 
173 70 9 11 0.039893895 
142 124 11 13 0.039672308 
287 13 9 11 0.0393139 
240 143 9 11 0.039300118 
204 195 12 13 0.03929167 
794 122 39 48 0.038841035 
200 23 8 10 0.038806744 
155 149 11 14 0.038620293 
342 84 11 15 0.038473215 
269 95 10 12 0.038459904 
196 167 11 13 0.038200792 
102 38 9 12 0.037286628 
130 189 13 16 0.037133083 
707 43 13 15 0.037050407 
257 1 9 10 0.036972106 
166 116 10 12 0.03695431 
184 24 8 10 0.036804203 
199 48 7 10 0.03680265 
224 107 11 14 0.036800157 
209 7 7 8 0.03624363 
254 64 9 11 0.03615285 
320 0 11 9 0.036042765 
255 30 9 12 0.035737775 
88 38 7 9 0.035640623 
183 63 9 10 0.03534899 
131 176 14 18 0.035314977 
256 24 7 10 0.035209104 
94 78 13 14 0.035196524 
191 24 8 9 0.035188943 
6 114 14 19 0.035153646 
203 116 12 13 0.035077915 
220 140 10 12 0.03503614 
234 8 9 10 0.034847435 
237 133 10 12 0.03472558 
101 204 14 19 0.034722243 
252 136 12 14 0.0342994 
262 153 13 17 0.034292813 
209 149 8 11 0.03424845 
119 88 8 10 0.034056664 
304 167 8 12 0.034006357 
182 31 9 10 0.033793945 
215 148 9 12 0.033495456 
319 279 8 9 0.032943346 
247 24 7 9 0.03289102 
211 272 25 33 0.032811783 
240 70 8 10 0.032526728 
726 242 23 30 0.032349616 
10 109 13 16 0.032329183 
93 191 11 15 0.031971015 
213 189 10 13 0.031733543 
184 54 7 9 0.03163461 
277 174 11 14 0.031554453 
15 524 11 14 0.031522024 
278 294 12 13 0.03147897 
200 62 8 11 0.03137785 
261 70 8 11 0.03135383 
138 277 13 16 0.031298354 
247 70 9 11 0.031256363 
278 136 12 14 0.031171385 
135 77 9 11 0.030917786 
350 84 15 16 0.030811584 
143 40 7 8 0.030794974 
644 424 25 33 0.030521352 
104 180 13 16 0.030483482 
231 79 9 11 0.030482763 
148 200 16 19 0.030467946 
234 384 16 20 0.030386688 
86 117 13 17 0.030386465 
186 177 15 18 0.030312574 
247 86 11 13 0.03017503 
239 45 9 11 0.030076379 
19 317 16 20 0.029989945 
209 47 8 10 0.029927159 
147 103 11 14 0.029841768 
153 77 9 11 0.029778302 
231 150 9 11 0.029704528 
224 170 12 14 0.02959784 
230 368 26 32 0.029527945 
198 53 7 9 0.029445915 
181 45 9 12 0.029359141 
620 433 28 36 0.02921012 
180 194 14 16 0.02915637 
158 31 7 9 0.02899257 
207 184 11 13 0.0289892 
366 235 11 12 0.028464135 
356 271 9 11 0.028330132 
168 138 11 15 0.028324796 
218 95 9 12 0.028230393 
38 248 15 18 0.028198462 
133 110 9 11 0.028142603 
129 109 9 11 0.028016627 
288 181 8 12 0.027889319 
209 39 6 9 0.027716681 
96 22 8 10 0.027532326 
2 607 49 71 0.027289603 
593 244 57 55 0.02722471 
190 246 25 31 0.027223933 
246 62 8 11 0.02717348 
156 631 29 37 0.027148157 
262 37 10 12 0.027093614 
174 118 11 14 0.026976952 
175 64 10 11 0.02695658 
121 39 7 9 0.026935384 
151 14 8 10 0.026920648 
177 53 8 9 0.026895175 
263 167 10 13 0.026873535 
173 92 10 12 0.026774773 
273 21 8 11 0.026756203 
199 36 7 10 0.026578266 
152 64 8 10 0.02654333 
49 264 25 33 0.026506834 
232 119 9 12 0.026387515 
131 118 12 14 0.026328435 
117 107 8 12 0.026327828 
165 94 10 12 0.026233507 
282 29 9 11 0.026168361 
-1 574 79 113 0.026123198 
127 40 7 8 0.026111323 
281 7 7 9 0.025911054 
105 176 21 25 0.025844822 
155 204 15 18 0.02581884 
274 15 8 11 0.025815295 
193 1 9 9 0.02577598 
139 232 26 31 0.025709491 
192 140 11 15 0.02561832 
304 100 11 13 0.025546096 
183 167 11 14 0.025541028 
780 188 32 37 0.025389655 
222 55 9 11 0.025378764 
231 23 7 9 0.025283294 
156 189 11 14 0.02503659 
121 437 11 14 0.025036553 
136 49 8 9 0.02499271 
168 31 6 9 0.024795657 
154 23 7 10 0.024770802 
142 47 8 10 0.024678508 
178 24 7 9 0.024645725 
259 139 12 16 0.024586674 
255 203 9 12 0.024541596 
286 382 8 10 0.024447836 
237 104 13 16 0.024362743 
59 270 13 19 0.024337834 
342 80 9 12 0.024138335 
317 95 11 13 0.0240335 
140 198 15 19 0.023942227 
644 382 17 20 0.023912085 
126 92 9 12 0.023878757 
198 69 11 12 0.02375999 
174 217 26 32 0.023756817 
0 505 14 22 0.023743581 
186 76 18 23 0.023650255 
222 158 11 14 0.023617452 
111 77 9 10 0.023576232 
178 403 10 13 0.02352936 
240 23 7 9 0.023411477 
254 86 9 12 0.023411453 
271 367 8 11 0.023332747 
244 163 11 14 0.023303598 
245 15 8 10 0.023301711 
232 394 11 14 0.023188498 
221 148 11 12 0.023174606 
152 47 7 9 0.023150029 
289 0 22 24 0.023117924 
241 147 10 13 0.023066396 
159 124 9 11 0.023063306 
278 94 11 13 0.02297395 
268 149 13 17 0.022824958 
111 57 7 8 0.02281074 
262 24 8 9 0.022489129 
164 204 14 18 0.022442402 
231 70 8 10 0.022442048 
143 164 12 14 0.022386169 
271 292 10 11 0.022378147 
233 142 9 12 0.022314124 
359 326 10 12 0.022302637 
668 421 31 39 0.0222074 
141 211 15 20 0.022036083 
247 77 9 11 0.022009654 
239 78 8 10 0.021999726 
29 523 14 17 0.021966703 
163 223 23 30 0.021729933 
112 46 7 10 0.021667773 
180 244 15 18 0.021561246 
246 46 8 11 0.021559872 
223 0 8 8 0.02150155 
154 245 17 21 0.02146684 
116 233 14 18 0.02142991 
270 4 8 10 0.02137646 
133 493 14 16 0.021331167 
214 159 11 13 0.02122743 
37 157 12 14 0.021205824 
270 47 8 11 0.021180743 
231 48 8 10 0.021135833 
153 55 7 9 0.02111982 
96 62 8 10 0.021096813 
221 46 10 12 0.021085896 
184 91 10 12 0.02104479 
198 6 8 9 0.021007182 
279 78 10 11 0.02100222 
192 16 7 9 0.02098064 
20 523 14 18 0.020792507 
271 64 9 11 0.020738993 
270 52 9 11 0.0206809 
294 91 10 12 0.020616787 
193 6 9 10 0.020580918 
123 169 16 19 0.020532748 
239 1 8 9 0.020514669 
52 154 13 17 0.020497436 
128 130 11 14 0.020475777 
126 408 13 14 0.020354789 
323 99 11 13 0.02034733 
200 241 26 29 0.020252232 
242 375 14 18 0.020218244 
245 102 11 16 0.020075457 
