25_Soldier_Patrol_Soldier_Patrol_25_436
86
522 51 25 29 0.4391446 
361 115 48 57 0.41693664 
650 186 25 29 0.15495726 
855 156 39 47 0.123143844 
688 149 27 36 0.11018263 
252 238 14 19 0.106422365 
515 29 15 18 0.09724743 
446 372 53 63 0.0916709 
505 39 45 50 0.0803777 
362 81 47 61 0.07887127 
246 212 15 18 0.07493362 
251 226 14 18 0.074220896 
260 215 15 20 0.070835434 
357 124 34 35 0.068869546 
246 233 15 20 0.0680679 
292 144 16 20 0.065644346 
253 214 16 21 0.060260087 
553 213 61 65 0.059633058 
615 167 27 32 0.05577029 
939 50 65 92 0.055155363 
161 37 11 14 0.05400298 
529 16 30 32 0.05186486 
432 393 70 70 0.050452918 
232 229 9 12 0.05045256 
64 71 39 48 0.050376758 
356 190 41 40 0.049961172 
237 217 12 16 0.047471352 
289 147 24 32 0.043906618 
243 221 23 30 0.041345518 
233 220 10 13 0.03782498 
129 241 22 32 0.037438214 
848 110 33 40 0.036215894 
970 309 51 93 0.03567963 
636 170 44 48 0.03477753 
353 105 88 93 0.03405057 
261 241 12 16 0.03365822 
414 399 122 128 0.033574153 
357 166 57 56 0.0334397 
286 248 15 19 0.033028215 
518 22 26 30 0.032768644 
268 212 14 20 0.03209613 
231 238 10 12 0.03138116 
199 156 13 16 0.031094303 
236 211 21 27 0.030797943 
223 238 9 11 0.030711195 
891 74 16 21 0.03043673 
290 160 25 32 0.029923713 
312 177 14 19 0.029688787 
496 158 31 34 0.029163342 
140 61 14 17 0.028724143 
827 173 36 47 0.027904047 
348 170 36 40 0.027836623 
570 197 55 64 0.027787397 
538 18 18 20 0.026132915 
741 24 31 37 0.025546208 
509 29 24 31 0.02549806 
383 116 36 45 0.025311984 
638 -1 50 37 0.024296572 
150 47 10 12 0.024236137 
104 14 9 13 0.023801755 
535 58 16 18 0.023701098 
187 266 13 16 0.023375355 
838 149 13 17 0.023348313 
214 226 14 17 0.023318145 
194 124 14 16 0.023073286 
378 75 33 43 0.022949716 
903 64 34 37 0.022882503 
308 133 12 15 0.02276696 
1 363 155 121 0.02232592 
239 235 12 16 0.022266049 
118 26 11 12 0.022172604 
694 144 16 22 0.02188293 
496 12 96 107 0.021618316 
265 141 10 13 0.02143002 
870 75 29 31 0.021373801 
308 167 23 33 0.021234704 
841 162 38 49 0.021234544 
600 -37 208 204 0.020922212 
115 10 17 19 0.020809999 
430 371 37 43 0.020791365 
104 47 9 9 0.020775272 
497 143 31 32 0.020724753 
84 28 11 14 0.0205511 
160 70 10 13 0.02049392 
199 141 9 11 0.020447267 
94 4 11 13 0.020306269 
