25_Soldier_Patrol_Soldier_Patrol_25_513
34
509 264 196 248 0.99983346 
127 109 173 224 0.9950655 
972 884 50 66 0.20986484 
345 8 24 29 0.14037369 
107 925 27 32 0.06457589 
372 0 17 18 0.06373492 
32 1006 39 43 0.061979398 
60 1275 107 116 0.05598833 
954 174 17 21 0.05525637 
146 933 26 33 0.043958742 
48 680 369 493 0.041633394 
2 651 27 38 0.040977888 
918 944 93 102 0.03835707 
957 14 27 32 0.034728054 
358 137 15 19 0.03412668 
397 0 19 19 0.033224173 
956 909 62 77 0.028635737 
211 560 425 543 0.028301626 
694 1256 9 12 0.025705975 
109 919 39 53 0.023614362 
110 977 34 41 0.022704318 
107 908 15 18 0.02233141 
711 1254 9 11 0.022167323 
702 1285 9 11 0.022085877 
648 1229 10 11 0.022027632 
830 536 26 34 0.021471763 
131 923 37 50 0.020913616 
41 1085 36 46 0.020904869 
195 988 16 22 0.020588383 
15 55 94 125 0.02042847 
702 1278 10 13 0.020393342 
473 354 33 46 0.020337824 
704 1254 9 11 0.020138329 
872 906 60 65 0.02012413 
