25_Soldier_Patrol_Soldier_Patrol_25_873
112
489 134 41 46 0.9927786 
412 142 32 34 0.9904855 
746 109 26 27 0.98841304 
231 190 22 23 0.85124326 
104 206 13 15 0.52718866 
452 201 28 32 0.35515574 
38 450 132 104 0.3157296 
66 214 9 12 0.30669045 
329 180 15 17 0.2949353 
388 178 22 28 0.17201564 
781 -1 181 131 0.16873488 
142 220 13 17 0.16053239 
46 230 10 12 0.15689127 
570 140 31 37 0.14151458 
92 191 9 11 0.13589281 
479 82 17 22 0.11178741 
408 228 27 31 0.09317429 
87 240 8 10 0.086845525 
464 306 16 20 0.07861623 
438 210 28 35 0.074361004 
74 476 149 98 0.071179114 
549 143 24 30 0.06974401 
326 242 12 14 0.064356424 
292 169 11 16 0.06362131 
741 211 14 18 0.062082835 
226 200 24 27 0.062014967 
473 238 16 25 0.061817914 
221 197 11 15 0.05651108 
515 253 17 22 0.04914953 
288 162 14 19 0.048268076 
727 3 57 61 0.048112024 
823 201 12 15 0.047479652 
212 292 17 20 0.045074265 
217 193 8 11 0.04501879 
698 113 21 27 0.043033503 
457 23 90 132 0.04284107 
451 325 11 14 0.042695194 
468 75 26 34 0.04256783 
750 199 11 14 0.041973855 
107 220 11 13 0.04152125 
78 213 9 11 0.040154062 
68 218 11 13 0.040030666 
343 194 16 19 0.039217327 
280 198 9 11 0.039116126 
459 244 27 32 0.036637526 
125 226 9 12 0.036566485 
539 111 15 21 0.036267526 
117 206 10 13 0.035949215 
356 201 16 18 0.035944935 
217 206 24 28 0.0345108 
47 295 11 14 0.034391172 
52 230 9 12 0.033218354 
954 223 48 63 0.033003177 
78 223 9 11 0.03239773 
20 199 12 13 0.03227395 
229 175 10 12 0.03223436 
252 193 10 16 0.03206787 
108 200 12 14 0.03143435 
4 524 37 42 0.031034123 
228 548 34 26 0.03086608 
207 220 10 13 0.02972953 
79 207 9 12 0.029707998 
481 284 27 34 0.02935243 
126 282 14 16 0.029267384 
418 158 28 33 0.02890317 
197 236 13 16 0.028752565 
527 102 27 35 0.02837739 
713 188 16 20 0.027733723 
468 173 18 22 0.027650502 
145 214 14 16 0.027246863 
773 212 11 15 0.027153358 
346 192 22 26 0.026959758 
79 229 8 9 0.026894746 
676 83 15 20 0.026802955 
285 143 10 12 0.026776029 
958 234 27 39 0.026450349 
751 239 12 14 0.026214134 
286 148 12 13 0.025928775 
420 222 27 32 0.025790308 
138 221 10 14 0.025557492 
288 262 11 16 0.025007553 
215 203 14 16 0.024807997 
395 175 14 17 0.024796097 
599 258 15 21 0.024573585 
459 214 31 36 0.024461865 
526 276 14 17 0.024302328 
96 223 10 12 0.024095846 
781 197 11 14 0.024093406 
64 210 9 11 0.023290118 
488 93 52 70 0.023182353 
62 209 17 22 0.022857523 
100 477 14 16 0.022829277 
25 252 8 12 0.022604194 
242 182 15 19 0.022447154 
142 233 11 15 0.02240962 
71 278 8 11 0.022186846 
363 198 16 18 0.022168009 
463 64 52 68 0.022096943 
445 309 11 14 0.022016905 
45 246 9 10 0.021898173 
220 221 17 21 0.021699272 
82 239 9 10 0.02168033 
830 17 94 61 0.021613326 
493 39 62 83 0.021485329 
213 212 14 19 0.021254765 
325 174 16 19 0.021087361 
112 189 9 11 0.02106421 
372 259 16 18 0.021057596 
157 501 33 34 0.021025792 
33 262 9 11 0.020599103 
480 240 16 21 0.020343948 
787 278 14 14 0.020157192 
