25_Soldier_Patrol_Soldier_Patrol_25_173
67
275 110 109 141 0.9414495 
453 136 11 13 0.2678247 
517 141 11 13 0.24267621 
469 147 14 18 0.23579228 
558 159 12 16 0.19429816 
311 134 117 147 0.17801447 
580 185 21 35 0.15543312 
580 151 10 13 0.14040154 
476 147 13 17 0.11842054 
374 216 58 71 0.09573862 
520 207 12 13 0.09443651 
565 155 12 16 0.08786449 
484 148 12 15 0.08777716 
120 258 64 79 0.08648998 
430 117 11 14 0.08198377 
347 187 92 114 0.08123406 
597 157 12 16 0.079797 
552 159 12 15 0.07953959 
573 150 15 19 0.071372725 
465 141 10 14 0.07009123 
579 184 39 57 0.06900306 
469 159 12 16 0.06277548 
521 209 17 20 0.062006317 
439 143 11 16 0.060083993 
447 139 11 15 0.05909898 
245 76 171 228 0.05735651 
223 107 104 124 0.05354448 
429 186 11 13 0.053079523 
592 156 11 15 0.051952973 
455 148 10 16 0.05189574 
513 143 15 20 0.049139906 
558 212 13 17 0.042175863 
258 147 38 49 0.042055365 
544 340 34 35 0.04191973 
533 153 11 14 0.039470892 
603 158 13 16 0.038282964 
295 303 35 36 0.036262598 
368 43 10 12 0.035923485 
526 149 11 16 0.03316358 
514 217 18 21 0.032289177 
494 208 12 15 0.031583473 
595 155 21 26 0.03143686 
606 196 14 20 0.030130582 
381 57 41 55 0.0295847 
555 207 28 34 0.029200891 
614 157 11 14 0.029152773 
465 152 14 19 0.027519748 
597 190 29 37 0.026960442 
394 238 35 43 0.026295414 
501 281 42 49 0.02619193 
609 157 46 57 0.026024336 
444 146 12 17 0.025168994 
598 153 10 12 0.02444683 
508 223 16 19 0.024309011 
426 114 20 25 0.023138888 
627 156 22 31 0.022855211 
492 152 13 17 0.022538124 
616 160 24 33 0.022458835 
566 199 30 39 0.022268778 
453 140 21 29 0.022169264 
542 155 12 15 0.022141017 
560 152 11 13 0.022101691 
637 161 13 17 0.021758648 
543 319 11 15 0.020580541 
611 169 17 22 0.020468224 
460 136 11 14 0.020459155 
398 47 12 14 0.020184796 
