25_Soldier_Patrol_Soldier_Patrol_25_469
66
913 168 66 77 0.9979773 
266 103 72 94 0.9965546 
609 184 50 62 0.9748249 
401 327 30 38 0.47423756 
805 552 103 96 0.2861359 
644 245 44 56 0.278033 
610 551 42 42 0.19033216 
755 204 14 19 0.12618953 
20 320 18 22 0.11776565 
747 644 24 30 0.10869058 
395 -3 34 40 0.10445241 
789 323 27 35 0.0861795 
355 462 62 70 0.08018381 
240 1 62 59 0.07388515 
526 300 21 27 0.07048742 
619 200 52 70 0.06737845 
686 294 34 42 0.06495528 
759 569 121 106 0.06009673 
443 533 49 61 0.057582952 
402 321 20 22 0.054680694 
460 258 26 32 0.054664146 
775 349 31 37 0.052493162 
727 317 41 50 0.043941453 
865 279 27 32 0.04253036 
721 682 28 29 0.04232358 
736 632 28 34 0.041966055 
51 334 17 20 0.0414977 
0 322 13 20 0.040822208 
835 279 23 33 0.03840303 
698 295 49 54 0.036907133 
620 561 54 55 0.03688372 
644 197 54 62 0.03618044 
722 2 15 16 0.03536192 
611 608 17 19 0.03397441 
51 345 16 20 0.033893622 
763 679 24 26 0.033669684 
719 1 12 11 0.03364352 
168 316 33 48 0.032211445 
756 599 70 65 0.030120656 
949 403 47 58 0.029799052 
318 470 61 65 0.029428389 
176 45 27 38 0.029060153 
719 596 122 111 0.028312827 
1 273 11 16 0.02746015 
845 585 38 38 0.026841965 
677 647 55 50 0.026108097 
868 85 22 33 0.025824914 
395 16 33 39 0.025291514 
722 623 30 33 0.02518123 
757 529 93 102 0.024890285 
35 315 21 27 0.024760732 
684 628 56 51 0.024616664 
325 477 30 39 0.024039656 
594 2 44 50 0.023611626 
750 541 49 55 0.023485525 
0 234 12 22 0.023474274 
693 672 15 18 0.022464642 
776 615 36 40 0.022398772 
699 272 33 40 0.021852855 
510 339 12 16 0.021835782 
935 348 31 35 0.021709295 
987 360 28 35 0.021297695 
0 224 12 20 0.021085756 
12 291 12 14 0.020631222 
680 664 29 34 0.020472256 
929 362 34 39 0.02016833 
