25_Soldier_Patrol_Soldier_Patrol_25_869
28
671 178 120 169 0.9987601 
316 241 33 36 0.99744797 
218 223 22 27 0.65956897 
33 214 25 30 0.2534246 
164 215 15 19 0.25146794 
744 185 103 157 0.17975841 
591 460 14 16 0.10494506 
394 327 16 21 0.07376559 
143 266 27 34 0.073030196 
28 214 19 23 0.072573505 
801 224 62 105 0.06292904 
622 486 13 18 0.060869053 
151 209 22 28 0.046048816 
39 222 27 33 0.042614937 
136 158 11 13 0.039761573 
534 548 9 13 0.037478317 
465 305 16 18 0.036707018 
166 245 15 18 0.031711698 
49 225 16 22 0.027003111 
19 293 16 18 0.025216019 
902 448 57 64 0.023379158 
976 320 27 33 0.022956105 
181 238 12 15 0.02288806 
128 198 16 23 0.02284039 
27 205 17 22 0.021619761 
562 464 22 30 0.02099572 
80 88 23 28 0.020952774 
3 254 12 16 0.02089597 
