25_Soldier_Patrol_Soldier_Patrol_25_728
30
605 92 120 153 0.9995559 
164 281 14 19 0.10220678 
144 237 11 13 0.04293002 
102 271 506 506 0.03690006 
815 398 45 45 0.03637405 
165 227 11 13 0.032909513 
997 334 10 12 0.03254883 
101 495 15 18 0.03217606 
147 231 11 14 0.031903524 
1001 335 24 33 0.03013503 
269 499 12 14 0.02999526 
260 477 14 17 0.029632384 
311 383 16 22 0.029090043 
167 235 14 17 0.028711211 
431 346 14 15 0.028497443 
481 328 7 9 0.027822271 
197 510 10 12 0.027629483 
779 383 26 29 0.026568472 
278 492 12 15 0.02556703 
334 288 13 17 0.023958458 
318 360 14 18 0.023856867 
160 271 24 32 0.02382829 
518 271 11 12 0.023514561 
161 222 11 14 0.022868872 
282 485 14 16 0.022334306 
354 475 13 16 0.021333726 
159 277 15 19 0.021333424 
673 382 45 53 0.021095896 
256 526 10 12 0.020199442 
384 448 35 40 0.020004408 
