25_Soldier_Patrol_Soldier_Patrol_25_761
76
686 90 46 52 0.9918194 
800 88 54 64 0.9890176 
312 69 44 49 0.9864429 
492 104 42 47 0.97824186 
165 66 42 48 0.9683031 
158 145 38 46 0.3832487 
327 181 29 33 0.20264882 
436 596 11 13 0.10577794 
407 622 8 11 0.09368185 
838 161 60 76 0.09201299 
264 494 27 26 0.0875821 
990 348 35 45 0.07258479 
872 387 30 31 0.069375515 
332 190 36 35 0.06760414 
970 348 38 51 0.05223225 
446 591 9 12 0.05037832 
996 397 29 49 0.048658922 
432 603 10 13 0.048306767 
418 190 24 29 0.04755903 
985 111 9 12 0.045939635 
762 186 35 41 0.044617504 
420 598 11 13 0.04420755 
393 87 10 12 0.04270442 
431 625 11 13 0.04263303 
364 530 22 26 0.042178478 
316 610 25 30 0.041161735 
835 87 49 59 0.040557947 
743 232 27 32 0.04045475 
20 581 17 21 0.039078254 
849 374 44 47 0.038862582 
413 623 9 11 0.038356945 
439 606 10 13 0.03770236 
390 614 9 10 0.036354356 
958 79 8 11 0.03565928 
416 629 9 11 0.034896415 
399 629 10 11 0.034329116 
275 210 12 17 0.03310218 
433 593 10 12 0.032793485 
432 613 11 13 0.03207727 
990 111 11 14 0.031930078 
1000 74 19 29 0.03185608 
391 336 13 19 0.031847168 
441 121 8 10 0.031589076 
401 623 10 13 0.031084545 
438 624 11 13 0.030799389 
404 119 9 12 0.03064415 
415 613 10 13 0.030382503 
417 170 27 31 0.030237425 
828 1 24 28 0.02983723 
326 619 26 27 0.02966322 
421 612 11 13 0.029468209 
864 93 42 53 0.029068483 
5 503 12 19 0.02894248 
786 66 47 68 0.028604457 
445 607 9 12 0.027682321 
844 123 55 69 0.027030371 
420 592 10 11 0.026746111 
388 661 11 14 0.02577244 
257 120 8 10 0.02572332 
423 629 11 12 0.0253486 
143 129 34 56 0.025215613 
298 505 14 18 0.024995124 
348 162 42 50 0.024787877 
381 621 11 13 0.024693027 
994 104 25 31 0.024525382 
384 614 10 13 0.024251252 
422 187 13 16 0.02384964 
248 88 9 10 0.023744522 
907 416 31 38 0.023153352 
928 80 8 11 0.022709988 
403 203 11 14 0.022584341 
958 4 13 13 0.022025637 
299 576 24 32 0.021116138 
432 589 20 24 0.021015707 
308 170 42 57 0.020608133 
0 496 21 32 0.02029165 
