25_Soldier_Patrol_Soldier_Patrol_25_936
19
470 212 480 527 0.9938245 
209 105 55 64 0.98709315 
219 300 343 483 0.80458987 
228 485 68 81 0.37001112 
360 317 401 505 0.30551526 
144 370 210 335 0.24001122 
202 475 112 141 0.1976695 
40 209 381 498 0.107990645 
633 19 324 477 0.07755783 
108 146 22 26 0.0750731 
272 448 135 165 0.037908986 
105 154 19 23 0.037677597 
222 495 32 49 0.033724736 
120 146 18 21 0.033268448 
236 454 114 130 0.028347896 
18 344 61 90 0.026894977 
464 361 117 174 0.02280525 
695 268 310 374 0.022181714 
70 217 92 117 0.020554997 
